Elem	xi[0]	xi[1]	xi[2]	Y[0]	Y[1]	Y[2]	y[0]	y[1]	y[2]	Index
1	0.0	0.0	0.0	0.36984638	2.592769335	-0.213607145	0.289367766107	2.17749570635	0.0753723849136	1
1	0.0	0.25	0.0	-0.200969533618	2.46870281306	-0.226010336661	-0.293658965123	1.97793632926	0.131382433685	2
1	0.0	0.5	0.0	-0.749561932055	2.24343033945	-0.285737968059	-0.847838988025	1.7467640653	0.216587028893	3
1	0.0	0.75	0.0	-1.32382101946	1.95755290362	-0.365439214428	-1.39866682539	1.50912881903	0.327857212756	4
1	0.0	1.0	0.0	-1.971637	1.651671495	-0.437763251	-1.971637	1.29018049505	0.46206402749	5
1	0.25	0.0	0.0	0.350155870997	2.48882805073	-0.424242726788	0.291377429406	2.16564278037	-0.265620211202	6
1	0.25	0.25	0.0	-0.204278654922	2.3840687262	-0.447956375	-0.291633177305	1.96343320766	-0.224869946079	7
1	0.25	0.5	0.0	-0.738718546114	2.17159860178	-0.528853009726	-0.841813988987	1.74041438006	-0.164380034591	8
1	0.25	0.75	0.0	-1.3091694465	1.90793709222	-0.608471375825	-1.39115269882	1.51749239914	-0.0587108068859	9
1	0.25	1.0	0.0	-1.971637	1.64960361228	-0.628350218159	-1.971637	1.31557336642	0.117577406889	10
1	0.5	0.0	0.0	0.311078018065	2.26861295899	-0.639175175479	0.278101371714	2.06731121956	-0.668400566021	11
1	0.5	0.25	0.0	-0.213976445235	2.16082205654	-0.700771013462	-0.285716729507	1.85746571753	-0.661337796324	12
1	0.5	0.5	0.0	-0.742140166209	1.97190013718	-0.807996528761	-0.838683976482	1.64974284298	-0.622133305912	13
1	0.5	0.75	0.0	-1.31437354956	1.74485780486	-0.904514699587	-1.39569314229	1.45449140582	-0.540346745241	14
1	0.5	1.0	0.0	-1.971637	1.52270566351	-0.933988504152	-1.971637	1.28206021592	-0.405537764766	15
1	0.75	0.0	0.0	0.271680920351	2.0063446325	-0.84295448768	0.258865377073	1.93085752569	-1.06374752996	16
1	0.75	0.25	0.0	-0.230128370234	1.88284443122	-0.945730617141	-0.284426476879	1.70687362508	-1.09238429822	17
1	0.75	0.5	0.0	-0.763325411873	1.72192873082	-1.07415741963	-0.84608618773	1.51522780243	-1.06207514779	18
1	0.75	0.75	0.0	-1.33984876749	1.53271377488	-1.18731299099	-1.41289571045	1.34880615954	-1.00487902577	19
1	0.75	1.0	0.0	-1.971637	1.32431580698	-1.24427542707	-1.971637	1.20049479823	-0.952854879283	20
1	1.0	0.0	0.0	0.251032677	1.776243644	-1.02013066	0.242995229524	1.80463820054	-1.38243995343	21
1	1.0	0.25	0.0	-0.252799895598	1.63401747737	-1.14411155113	-0.29627927457	1.5584966965	-1.43237263295	22
1	1.0	0.5	0.0	-0.805772902637	1.49927816785	-1.27832457681	-0.871657859957	1.37734760677	-1.38960792293	23
1	1.0	0.75	0.0	-1.38601053911	1.33590373566	-1.39061005533	-1.44336795798	1.2291169808	-1.34013607193	24
1	1.0	1.0	0.0	-1.971637	1.107772201	-1.448808305	-1.971637	1.08173086802	-1.36994732847	25
2	0.0	0.0	0.0	0.251032677	1.776243644	-1.02013066	0.242995229524	1.80463820054	-1.38243995343	26
2	0.0	0.25	0.0	-0.252799895598	1.63401747737	-1.14411155113	-0.29627927457	1.5584966965	-1.43237263295	27
2	0.0	0.5	0.0	-0.805772902637	1.49927816785	-1.27832457681	-0.871657859957	1.37734760677	-1.38960792293	28
2	0.0	0.75	0.0	-1.38601053911	1.33590373566	-1.39061005533	-1.44336795798	1.2291169808	-1.34013607193	29
2	0.0	1.0	0.0	-1.971637	1.107772201	-1.448808305	-1.971637	1.08173086802	-1.36994732847	30
2	0.25	0.0	0.0	0.224538009242	1.5258791019	-1.19798082618	0.217112598499	1.64435265044	-1.68658075279	31
2	0.25	0.25	0.0	-0.287230113165	1.37760227309	-1.32164222049	-0.313826469186	1.38464205671	-1.73156101963	32
2	0.25	0.5	0.0	-0.849141423181	1.25553974122	-1.46098968828	-0.891158207124	1.20462273224	-1.68935136851	33
2	0.25	0.75	0.0	-1.4232567693	1.10190207464	-1.56520649135	-1.46154194188	1.06039864783	-1.64562253575	34
2	0.25	1.0	0.0	-1.971637	0.858899841718	-1.58347589151	-1.971637	0.908073774249	-1.68604525771	35
2	0.5	0.0	0.0	0.174882251566	1.2330888809	-1.37394374328	0.177600021294	1.42605096857	-1.99534963676	36
2	0.5	0.25	0.0	-0.327760903773	1.09518911186	-1.49448769267	-0.323275095486	1.17499992414	-2.01994293146	37
2	0.5	0.5	0.0	-0.873062615599	0.959472917558	-1.65625132713	-0.884060205396	0.983665537664	-2.02376540416	38
2	0.5	0.75	0.0	-1.43102170673	0.794470336949	-1.76887983136	-1.45132445728	0.829211227634	-2.01508871955	39
2	0.5	1.0	0.0	-1.971637	0.568711408971	-1.74201839008	-1.971637	0.688800412542	-2.00218454231	40
2	0.75	0.0	0.0	0.129858797357	0.932990797208	-1.55867706749	0.143478346371	1.18174415256	-2.29001266358	41
2	0.75	0.25	0.0	-0.362731820913	0.81244893447	-1.67279090034	-0.32858841223	0.948895559543	-2.2910232174	42
2	0.75	0.5	0.0	-0.886633395456	0.656344844002	-1.84734294462	-0.868099998351	0.743908750841	-2.33801405674	43
2	0.75	0.75	0.0	-1.42766282293	0.47656031027	-1.96493961769	-1.4306012487	0.579061481099	-2.36123811865	44
2	0.75	1.0	0.0	-1.971637	0.284977117739	-1.90818733686	-1.971637	0.466631504957	-2.29094834016	45
2	1.0	0.0	0.0	0.11726104	0.660702667	-1.762838455	0.133768422191	0.943443200029	-2.55183589147	46
2	1.0	0.25	0.0	-0.380482418077	0.555052681717	-1.86669477619	-0.333729678176	0.725654223674	-2.53830672645	47
2	1.0	0.5	0.0	-0.898950678318	0.391422667684	-2.01749799205	-0.861013729566	0.51478509959	-2.5772613531	48
2	1.0	0.75	0.0	-1.4315375894	0.211123782309	-2.11669539263	-1.41725806063	0.353456169106	-2.59677422835	49
2	1.0	1.0	0.0	-1.971637	0.055467183	-2.065734268	-1.971637	0.284287773554	-2.52491980912	50
5	0.0	0.0	0.0	0.11726104	0.660702667	-1.762838455	0.133768422191	0.943443200029	-2.55183589147	51
5	0.0	0.25	0.0	-0.380482418077	0.555052681717	-1.86669477619	-0.333729678176	0.725654223674	-2.53830672645	52
5	0.0	0.5	0.0	-0.898950678318	0.391422667684	-2.01749799205	-0.861013729566	0.51478509959	-2.5772613531	53
5	0.0	0.75	0.0	-1.4315375894	0.211123782309	-2.11669539263	-1.41725806063	0.353456169106	-2.59677422835	54
5	0.0	1.0	0.0	-1.971637	0.055467183	-2.065734268	-1.971637	0.284287773554	-2.52491980912	55
5	0.25	0.0	0.0	0.133740006583	0.0178407126888	-2.11701286416	0.182397419128	0.294037462803	-2.93744152489	56
5	0.25	0.25	0.0	-0.384077659575	-0.0498406473896	-2.17353472192	-0.311472065869	0.122035017155	-2.89765581796	57
5	0.25	0.5	0.0	-0.91534014845	-0.158833689427	-2.21411868086	-0.835520762167	-0.0351382607339	-2.84617375915	58
5	0.25	0.75	0.0	-1.44840681145	-0.280250980937	-2.22004255597	-1.3891189726	-0.132304661694	-2.7939943009	59
5	0.25	1.0	0.0	-1.971637	-0.385205089433	-2.17258416223	-1.971637	-0.124286476555	-2.75211639563	60
5	0.5	0.0	0.0	0.138445249884	-0.750195773717	-2.27200674184	0.266399140437	-0.545783373954	-3.08529280637	61
5	0.5	0.25	0.0	-0.374245719836	-0.782915672876	-2.26265699759	-0.244023933589	-0.662237925265	-3.01058267583	62
5	0.5	0.5	0.0	-0.91028512361	-0.828615177386	-2.21704661197	-0.77122254791	-0.747127610872	-2.92040886929	63
5	0.5	0.75	0.0	-1.44947990311	-0.887068565645	-2.14324929096	-1.33911935317	-0.776679575803	-2.83785536631	64
5	0.5	1.0	0.0	-1.971637	-0.958050116054	-2.04933874051	-1.971637	-0.727120965087	-2.78600614642	65
5	0.75	0.0	0.0	0.148857931493	-1.52248528051	-2.29435200211	0.350972273628	-1.38853044859	-3.0524704652	66
5	0.75	0.25	0.0	-0.349606966793	-1.52413188381	-2.22370622213	-0.175589660543	-1.45347979142	-2.94680414804	67
5	0.75	0.5	0.0	-0.885925476435	-1.51221340289	-2.11520073206	-0.716735365391	-1.47560335847	-2.8471360993	68
5	0.75	0.75	0.0	-1.43497601499	-1.5057007037	-1.97531588262	-1.30467956914	-1.45007508536	-2.76130598529	69
5	0.75	1.0	0.0	-1.971637	-1.52356465215	-1.81053202453	-1.971637	-1.3720689077	-2.69715347231	70
5	1.0	0.0	0.0	0.182459213	-2.178106296	-2.250580559	0.401315506215	-2.04671489944	-2.89605523066	71
5	1.0	0.25	0.0	-0.308781768382	-2.15344876925	-2.14632701447	-0.150373625937	-2.07800576913	-2.77603708256	72
5	1.0	0.5	0.0	-0.844401079561	-2.10391997265	-1.99749998778	-0.720675493212	-2.07498591116	-2.67352486496	73
5	1.0	0.75	0.0	-1.40511429771	-2.03251912697	-1.80524261596	-1.32321998733	-2.0228977025	-2.59729471857	74
5	1.0	1.0	0.0	-1.971637	-1.942245453	-1.570698036	-1.971637	-1.90698352006	-2.55612278412	75
6	0.0	0.0	0.0	0.182459213	-2.178106296	-2.250580559	0.401315506215	-2.04671489944	-2.89605523066	76
6	0.0	0.25	0.0	-0.308781768382	-2.15344876925	-2.14632701447	-0.150373625937	-2.07800576913	-2.77603708256	77
6	0.0	0.5	0.0	-0.844401079561	-2.10391997265	-1.99749998778	-0.720675493212	-2.07498591116	-2.67352486496	78
6	0.0	0.75	0.0	-1.40511429771	-2.03251912697	-1.80524261596	-1.32321998733	-2.0228977025	-2.59729471857	79
6	0.0	1.0	0.0	-1.971637	-1.942245453	-1.570698036	-1.971637	-1.90698352006	-2.55612278412	80
6	0.25	0.0	0.0	0.230252723417	-2.85283775477	-1.99808361867	0.428048699622	-2.70040004017	-2.47000694255	81
6	0.25	0.25	0.0	-0.265681134457	-2.79585025788	-1.89569138182	-0.152457639201	-2.703789222	-2.3625670965	82
6	0.25	0.5	0.0	-0.802712205142	-2.69450120522	-1.73994037835	-0.7553683238	-2.67372247687	-2.26074496385	83
6	0.25	0.75	0.0	-1.37365461793	-2.55006247358	-1.53680758389	-1.36641329712	-2.59211887701	-2.1892571167	84
6	0.25	1.0	0.0	-1.97132250212	-2.36380593977	-1.29226997409	-1.97132250212	-2.44089749465	-2.17282012714	85
6	0.5	0.0	0.0	0.26477242535	-3.56462360724	-1.46382323599	0.455528867897	-3.44574371882	-1.7388751897	86
6	0.5	0.25	0.0	-0.239162275522	-3.4772900332	-1.38331004154	-0.145830080266	-3.42264802813	-1.66026443595	87
6	0.5	0.5	0.0	-0.778994900957	-3.30881983767	-1.25598523345	-0.770366259836	-3.34303430232	-1.57048011941	88
6	0.5	0.75	0.0	-1.35583655432	-3.0995094805	-1.09441097474	-1.38853667726	-3.2174205661	-1.49748121078	89
6	0.5	1.0	0.0	-1.97079833899	-2.88965542158	-0.911149428411	-1.97079833899	-3.05632484413	-1.46922668081	90
6	0.75	0.0	0.0	0.285607513608	-4.12290664934	-0.808176981563	0.473719835082	-4.06621269582	-0.887318657829	91
6	0.75	0.25	0.0	-0.227346034172	-4.01872757963	-0.758400713421	-0.14375233939	-4.02692034331	-0.840369084902	92
6	0.75	0.5	0.0	-0.771800077215	-3.80192984781	-0.682601766958	-0.781770915877	-3.90570672217	-0.777979098793	93
6	0.75	0.75	0.0	-1.35162557984	-3.54474400507	-0.591107767164	-1.40314745225	-3.74268187886	-0.71804432421	94
6	0.75	1.0	0.0	-1.97069350636	-3.3194006026	-0.49424633903	-1.97069350636	-3.57795585983	-0.67846038586	95
6	1.0	0.0	0.0	0.292347183	-4.337129677	-0.191522426	0.472585425222	-4.34527373161	-0.099996032645	96
6	1.0	0.25	0.0	-0.228353253002	-4.2411223816	-0.17018111729	-0.159485806828	-4.30894432334	-0.0741210273093	97
6	1.0	0.5	0.0	-0.779678644124	-4.02888521348	-0.156757192744	-0.80568390648	-4.18452507105	-0.0584906691671	98
6	1.0	0.75	0.0	-1.36098716743	-3.74964990462	-0.139952939826	-1.42380294659	-4.0117819244	-0.0470237803616	99
6	1.0	1.0	0.0	-1.971637	-3.452648187	-0.108470646	-1.971637	-3.83048083309	-0.0336391830355	100
9	0.0	0.0	0.0	0.292347183	-4.337129677	-0.191522426	0.472585425222	-4.34527373161	-0.099996032645	101
9	0.0	0.25	0.0	-0.228353253002	-4.2411223816	-0.17018111729	-0.159485806828	-4.30894432334	-0.0741210273093	102
9	0.0	0.5	0.0	-0.779678644124	-4.02888521348	-0.156757192744	-0.80568390648	-4.18452507105	-0.0584906691671	103
9	0.0	0.75	0.0	-1.36098716743	-3.74964990462	-0.139952939826	-1.42380294659	-4.0117819244	-0.0470237803616	104
9	0.0	1.0	0.0	-1.971637	-3.452648187	-0.108470646	-1.971637	-3.83048083309	-0.0336391830355	105
9	0.25	0.0	0.0	0.275958542229	-4.13565980137	0.354026043542	0.474080206335	-4.22200418708	0.62629907445	106
9	0.25	0.25	0.0	-0.241039389398	-4.06405227566	0.350224636177	-0.158915566063	-4.1998463145	0.635291291429	107
9	0.25	0.5	0.0	-0.793043913793	-3.88767235637	0.314996767645	-0.809966368993	-4.10612509091	0.609408014845	108
9	0.25	0.75	0.0	-1.37327740801	-3.62555304406	0.274955488013	-1.43125449812	-3.96202001812	0.571096841342	109
9	0.25	1.0	0.0	-1.97496224912	-3.29672733929	0.256713847347	-1.97496224912	-3.78871059792	0.542805367561	110
9	0.5	0.0	0.0	0.239976908244	-3.66766766206	0.948820773242	0.483319554458	-3.86183740207	1.47771250381	111
9	0.5	0.25	0.0	-0.262243735465	-3.6273940496	0.919296884787	-0.134775501246	-3.86042372343	1.46593259114	112
9	0.5	0.5	0.0	-0.806864586867	-3.4897991205	0.853293146031	-0.788734088078	-3.81110009121	1.42284573947	113
9	0.5	0.75	0.0	-1.38318075742	-3.2765487875	0.76930796194	-1.4226175819	-3.72265576395	1.3636975553	114
9	0.5	1.0	0.0	-1.98048735858	-3.00930896332	0.685839737478	-1.98048735858	-3.6038800002	1.30373364511	115
9	0.75	0.0	0.0	0.203021630387	-3.08232467948	1.44388517357	0.470660801839	-3.37331440141	2.26676415808	116
9	0.75	0.25	0.0	-0.283681588786	-3.07795574863	1.39374944308	-0.128001235422	-3.40416287646	2.23443428335	117
9	0.75	0.5	0.0	-0.818760633163	-2.98443973015	1.30540076275	-0.780623867699	-3.40419618962	2.18488399764	118
9	0.75	0.75	0.0	-1.39012240055	-2.83406936114	1.18468427773	-1.42168781286	-3.37885099762	2.11344015205	119
9	0.75	1.0	0.0	-1.98567378876	-2.6591373787	1.03744513312	-1.98567378876	-3.33356395719	2.01542959769	120
9	1.0	0.0	0.0	0.183712058	-2.528802274	1.690242655	0.406461280727	-2.86497620994	2.80597393989	121
9	1.0	0.25	0.0	-0.297068246947	-2.56254541799	1.63029612558	-0.179528391636	-2.94455009989	2.75742777961	122
9	1.0	0.5	0.0	-0.826352022498	-2.52076840961	1.51858843815	-0.824272511818	-2.99015950383	2.69858428229	123
9	1.0	0.75	0.0	-1.3935275223	-2.42954699118	1.36266423115	-1.45226080591	-3.01576755486	2.60298642214	124
9	1.0	1.0	0.0	-1.987983	-2.314956905	1.170068143	-1.987983	-3.03533738614	2.44417717336	125
10	0.0	0.0	0.0	0.183712058	-2.528802274	1.690242655	0.406461280727	-2.86497620994	2.80597393989	126
10	0.0	0.25	0.0	-0.297068246947	-2.56254541799	1.63029612558	-0.179528391636	-2.94455009989	2.75742777961	127
10	0.0	0.5	0.0	-0.826352022498	-2.52076840961	1.51858843815	-0.824272511818	-2.99015950383	2.69858428229	128
10	0.0	0.75	0.0	-1.3935275223	-2.42954699118	1.36266423115	-1.45226080591	-3.01576755486	2.60298642214	129
10	0.0	1.0	0.0	-1.987983	-2.314956905	1.170068143	-1.987983	-3.03533738614	2.44417717336	130
10	0.25	0.0	0.0	0.184970362183	-1.97784601388	1.6932757932	0.328619922136	-2.2883604478	3.03978560501	131
10	0.25	0.25	0.0	-0.298793972022	-2.02084500858	1.6387718108	-0.24982833409	-2.38635308062	3.00391445999	132
10	0.25	0.5	0.0	-0.83073784712	-1.98993851164	1.51708864272	-0.874945876034	-2.43716194337	2.95702360839	133
10	0.25	0.75	0.0	-1.39751505487	-1.91155103276	1.34710306786	-1.47688034619	-2.47360786964	2.86153179616	134
10	0.25	1.0	0.0	-1.98577938704	-1.81210708161	1.1476918651	-1.98577938704	-2.528511693	2.67985776923	135
10	0.5	0.0	0.0	0.203309229424	-1.31628230908	1.58524695488	0.30212786634	-1.56459391056	3.09965528902	136
10	0.5	0.25	0.0	-0.284986796752	-1.35624785115	1.54523342328	-0.263627380277	-1.65622117696	3.08519365132	137
10	0.5	0.5	0.0	-0.827154301103	-1.33213264472	1.4395746762	-0.856871170367	-1.72031259908	3.04100767194	138
10	0.5	0.75	0.0	-1.40009548917	-1.2701405022	1.29187378947	-1.44132555031	-1.77852389235	2.95975611547	139
10	0.5	1.0	0.0	-1.9807125665	-1.19647523599	1.12573383893	-1.9807125665	-1.85251077225	2.83409774648	140
10	0.75	0.0	0.0	0.248280613953	-0.629734689247	1.39825668112	0.350737336012	-0.818188324676	3.0336773456	141
10	0.75	0.25	0.0	-0.246035116991	-0.665744220107	1.37230037454	-0.210146246459	-0.893840017391	3.04314943802	142
10	0.75	0.5	0.0	-0.803594485289	-0.651507433624	1.29871286887	-0.788809456737	-0.965981571305	3.0092230683	143
10	0.75	0.75	0.0	-1.39108507313	-0.608374316545	1.19473888613	-1.37918222032	-1.04057242547	2.95405807928	144
10	0.75	1.0	0.0	-1.97519446271	-0.557694855622	1.07762314829	-1.97519446271	-1.12357201894	2.8998143138	145
10	1.0	0.0	0.0	0.32943647	-0.003826684	1.164405513	0.498200553826	-0.173655416615	2.88994612845	146
10	1.0	0.25	0.0	-0.172327328592	-0.0463243898382	1.14259207613	-0.0786056488984	-0.238895230357	2.9196659045	147
10	1.0	0.5	0.0	-0.748051500517	-0.0522195030938	1.10716955105	-0.689521797066	-0.300538960425	2.9203563928	148
10	1.0	0.75	0.0	-1.36030005468	-0.0293113928026	1.05346084794	-1.32403615824	-0.369810271466	2.90083638679	149
10	1.0	1.0	0.0	-1.971637	0.014600572	0.976788877	-1.971637	-0.457932828132	2.86992467991	150
13	0.0	0.0	0.0	0.32943647	-0.003826684	1.164405513	0.498200553826	-0.173655416615	2.88994612845	151
13	0.0	0.25	0.0	-0.172327328592	-0.0463243898382	1.14259207613	-0.0786056488984	-0.238895230357	2.9196659045	152
13	0.0	0.5	0.0	-0.748051500517	-0.0522195030938	1.10716955105	-0.689521797066	-0.300538960425	2.9203563928	153
13	0.0	0.75	0.0	-1.36030005468	-0.0293113928026	1.05346084794	-1.32403615824	-0.369810271466	2.90083638679	154
13	0.0	1.0	0.0	-1.971637	0.014600572	0.976788877	-1.971637	-0.457932828132	2.86992467991	155
13	0.25	0.0	0.0	0.3867113612	0.388587593232	0.996248837434	0.585007884319	0.202274443907	2.72998053244	156
13	0.25	0.25	0.0	-0.124738946075	0.329015278576	0.972687714791	-0.0107211628185	0.123430132941	2.76281523719	157
13	0.25	0.5	0.0	-0.71096535738	0.297420365113	0.953151622209	-0.650484706915	0.0582849775059	2.77489201755	158
13	0.25	0.75	0.0	-1.33780248822	0.289465281297	0.91653034426	-1.311525165	-0.0138423108489	2.76260302419	159
13	0.25	1.0	0.0	-1.9710849541	0.300812455586	0.841713665511	-1.9710849541	-0.113633020575	2.7223404078	160
13	0.5	0.0	0.0	0.430781707382	0.808703310524	0.830081401506	0.602988964604	0.593932672717	2.4855398195	161
13	0.5	0.25	0.0	-0.0938300018127	0.734018214361	0.80023668127	-0.00714916757357	0.494313883951	2.50948538818	162
13	0.5	0.5	0.0	-0.685749176459	0.683063394497	0.774750649949	-0.654164790186	0.422061281919	2.50457123945	163
13	0.5	0.75	0.0	-1.31988490916	0.638958298209	0.727285746597	-1.31613734969	0.3456744532	2.47611666632	164
13	0.5	1.0	0.0	-1.97114629253	0.584822372775	0.631504410272	-1.97114629253	0.233652984371	2.4294409618	165
13	0.75	0.0	0.0	0.468011803122	1.21690169405	0.696728220825	0.584364490787	0.964288149531	2.18782472697	166
13	0.75	0.25	0.0	-0.067761801694	1.13289164296	0.652990433817	-0.0321125917186	0.845044086828	2.19498820338	167
13	0.75	0.5	0.0	-0.662521889338	1.05655327468	0.605924726172	-0.673778998821	0.755935023224	2.17089196882	168
13	0.75	0.75	0.0	-1.30188132771	0.96870079177	0.533273026683	-1.32532802999	0.665898891061	2.12907637807	169
13	0.75	1.0	0.0	-1.9714529847	0.850148396827	0.412777264148	-1.9714529847	0.543873622682	2.08308178593	170
13	1.0	0.0	0.0	0.504765943	1.57356397	0.627014311	0.561355158973	1.27630975406	1.86803599216	171
13	1.0	0.25	0.0	-0.0346956516069	1.48984278983	0.558700430679	-0.0498343638087	1.14690880573	1.85463552869	172
13	1.0	0.5	0.0	-0.631402427604	1.36973369527	0.480631942786	-0.68254428476	1.02505127183	1.83535211594	173
13	1.0	0.75	0.0	-1.27912575405	1.22822589582	0.38203815625	-1.32655252359	0.903989873113	1.80918122432	174
13	1.0	1.0	0.0	-1.971637	1.080308601	0.25214838	-1.971637	0.776977330333	1.77511832421	175
14	0.0	0.0	0.0	0.504765943	1.57356397	0.627014311	0.561355158973	1.27630975406	1.86803599216	176
14	0.0	0.25	0.0	-0.0346956516069	1.48984278983	0.558700430679	-0.0498343638087	1.14690880573	1.85463552869	177
14	0.0	0.5	0.0	-0.631402427604	1.36973369527	0.480631942786	-0.68254428476	1.02505127183	1.83535211594	178
14	0.0	0.75	0.0	-1.27912575405	1.22822589582	0.38203815625	-1.32655252359	0.903989873113	1.80918122432	179
14	0.0	1.0	0.0	-1.971637	1.080308601	0.25214838	-1.971637	0.776977330333	1.77511832421	180
14	0.25	0.0	0.0	0.502704441854	1.88720616276	0.528341708993	0.509177335565	1.53388083524	1.50147258083	181
14	0.25	0.25	0.0	-0.041350517939	1.79052472787	0.44998255891	-0.0880172301856	1.39132512951	1.48714542188	182
14	0.25	0.5	0.0	-0.635010131172	1.62157656933	0.359033741437	-0.705994124339	1.22907391487	1.49851305367	183
14	0.25	0.75	0.0	-1.27839781836	1.42352096654	0.249449903092	-1.33658887243	1.06569451392	1.51044214509	184
14	0.25	1.0	0.0	-1.971637	1.23951719888	0.115185690392	-1.971637	0.919754249255	1.49779936505	185
14	0.5	0.0	0.0	0.455666787907	2.2288170659	0.316966391479	0.41166003763	1.81171510933	1.00949728768	186
14	0.5	0.25	0.0	-0.099264437493	2.10512689687	0.249400159528	-0.169839652608	1.6467737263	1.01138323194	187
14	0.5	0.5	0.0	-0.68043111333	1.90176395866	0.160329780889	-0.762696930359	1.45131276946	1.04861833541	188
14	0.5	0.75	0.0	-1.30037478553	1.6568543586	0.0466995188838	-1.36419998352	1.2517554478	1.09032639551	189
14	0.5	1.0	0.0	-1.971637	1.40852420404	-0.0945463631665	-1.971637	1.07452497032	1.10563120967	190
14	0.75	0.0	0.0	0.399448820757	2.49760276233	0.0504596697265	0.320993452151	2.04714319386	0.498625444964	191
14	0.75	0.25	0.0	-0.166462434607	2.35680201816	0.00729020388631	-0.252615580959	1.86004674369	0.52643391662	192
14	0.75	0.5	0.0	-0.730877628738	2.13436037733	-0.0698155764222	-0.820647089396	1.6408490736	0.587399235654	193
14	0.75	0.75	0.0	-1.32290105331	1.85820527122	-0.175250889311	-1.3910159401	1.41521833081	0.659307057446	194
14	0.75	1.0	0.0	-1.971637	1.55626413117	-0.303408952891	-1.971637	1.20882266256	0.719943037377	195
14	1.0	0.0	0.0	0.36984638	2.592769335	-0.213607145	0.289367766107	2.17749570635	0.0753723849136	196
14	1.0	0.25	0.0	-0.200969533618	2.46870281306	-0.226010336661	-0.293658965123	1.97793632926	0.131382433685	197
14	1.0	0.5	0.0	-0.749561932055	2.24343033945	-0.285737968059	-0.847838988025	1.7467640653	0.216587028893	198
14	1.0	0.75	0.0	-1.32382101946	1.95755290362	-0.365439214428	-1.39866682539	1.50912881903	0.327857212756	199
14	1.0	1.0	0.0	-1.971637	1.651671495	-0.437763251	-1.971637	1.29018049505	0.46206402749	200
17	0.0	0.0	0.0	4.58532196	1.515235652	-0.339061306	4.9019020371	2.36242518076	0.264887058252	201
17	0.0	0.25	0.0	4.03259046897	1.77657941769	-0.325144489533	4.37181304333	2.51366838561	0.266243226274	202
17	0.0	0.5	0.0	3.56705278995	2.11703004263	-0.281389719616	3.8006235179	2.6036717303	0.279951100447	203
17	0.0	0.75	0.0	3.1341936102	2.40692773925	-0.237334511391	3.22863026355	2.6236117845	0.279343534612	204
17	0.0	1.0	0.0	2.679497617	2.51661272	-0.22251638	2.69613008296	2.56466511785	0.237753382615	205
17	0.25	0.0	0.0	4.58294711116	1.57535156624	-0.518768025786	4.89425596793	2.43539826084	0.0296604761358	206
17	0.25	0.25	0.0	4.0359331884	1.82666262721	-0.505923945461	4.3654480984	2.58927893202	0.0238320760746	207
17	0.25	0.5	0.0	3.5525056593	2.13989309566	-0.470109192209	3.78971169745	2.66108851091	0.0286018253176	208
17	0.25	0.75	0.0	3.10002272965	2.39732293195	-0.429986771687	3.21114832701	2.65698556635	0.0187105034185	209
17	0.25	1.0	0.0	2.64584260523	2.48123209648	-0.404219689548	2.673859549	2.58312866715	-0.0311011100691	210
17	0.5	0.0	0.0	4.59408618062	1.65540339164	-0.737524601219	4.88589440242	2.52793426932	-0.275465816354	211
17	0.5	0.25	0.0	4.04148439511	1.88167662218	-0.727216385766	4.35635702266	2.66613946647	-0.285375408064	212
17	0.5	0.5	0.0	3.51522101607	2.14082773042	-0.692399630056	3.77481095376	2.70316499768	-0.279933845475	213
17	0.5	0.75	0.0	3.01908572993	2.33416584687	-0.64700881839	3.18743112729	2.65830596211	-0.291924389832	214
17	0.5	1.0	0.0	2.55686822309	2.363000102	-0.60497843507	2.64039247483	2.5508574589	-0.354130302379	215
17	0.75	0.0	0.0	4.60174809253	1.72021420622	-0.948621322294	4.8759703845	2.5991232223	-0.581215922339	216
17	0.75	0.25	0.0	4.04281676076	1.91797964432	-0.941383419647	4.34518330959	2.71767962309	-0.595612062444	217
17	0.75	0.5	0.0	3.47602063129	2.11706317518	-0.907553121195	3.76020597689	2.72002163432	-0.587815077231	218
17	0.75	0.75	0.0	2.93828835279	2.24188799383	-0.855526496482	3.16649618647	2.63666801591	-0.598207648846	219
17	0.75	1.0	0.0	2.46654857391	2.21687729527	-0.793699615057	2.60951173842	2.4981375278	-0.667172459437	220
17	1.0	0.0	0.0	4.588941771	1.734607088	-1.105348479	4.86363695811	2.60805513582	-0.818313944941	221
17	1.0	0.25	0.0	4.03350295702	1.91192993534	-1.1007866563	4.33257045266	2.71732903601	-0.841110723369	222
17	1.0	0.5	0.0	3.45572627601	2.06582865818	-1.07486175367	3.75018145688	2.70177886453	-0.837201035248	223
17	1.0	0.75	0.0	2.90453633998	2.14492088268	-1.02266565095	3.15736102662	2.60116677187	-0.84578577733	224
17	1.0	1.0	0.0	2.428857761	2.097824235	-0.939290228	2.59500021776	2.45525490852	-0.906065846367	225
18	0.0	0.0	0.0	2.679497617	2.51661272	-0.22251638	2.69613008296	2.56466511785	0.237753382615	226
18	0.0	0.25	0.0	2.13286081376	2.52466233703	-0.230325232095	2.12645835825	2.47379677521	0.163331939527	227
18	0.0	0.5	0.0	1.5404710555	2.56940288614	-0.232405843883	1.50399813878	2.39714649901	0.100748067992	228
18	0.0	0.75	0.0	0.94018176874	2.60678750593	-0.22731441498	0.875913312192	2.30746317935	0.0660716043425	229
18	0.0	1.0	0.0	0.36984638	2.592769335	-0.213607145	0.289367766107	2.17749570635	0.0753723849136	230
18	0.25	0.0	0.0	2.64584260523	2.48123209648	-0.404219689548	2.673859549	2.58312866715	-0.0311011100691	231
18	0.25	0.25	0.0	2.11211730202	2.46379089108	-0.404324666737	2.110359126	2.48710894161	-0.120118467812	232
18	0.25	0.5	0.0	1.51958185443	2.47832053947	-0.418761876255	1.49802293013	2.40329974843	-0.206713039302	233
18	0.25	0.75	0.0	0.916255098677	2.49620495493	-0.430933751729	0.877984513801	2.30503354291	-0.264131421459	234
18	0.25	1.0	0.0	0.350155870997	2.48882805073	-0.424242726788	0.291377429406	2.16564278037	-0.265620211202	235
18	0.5	0.0	0.0	2.55686822309	2.363000102	-0.60497843507	2.64039247483	2.5508574589	-0.354130302379	236
18	0.5	0.25	0.0	2.04193064644	2.30887055969	-0.586412479262	2.07542323768	2.43563237824	-0.458218883524	237
18	0.5	0.5	0.0	1.45301684378	2.29732593107	-0.594271137395	1.46142097702	2.33777301986	-0.558065174173	238
18	0.5	0.75	0.0	0.854581179516	2.29502160217	-0.616032629468	0.846331689489	2.22556932117	-0.634511594836	239
18	0.5	1.0	0.0	0.311078018065	2.26861295899	-0.639175175479	0.278101371714	2.06731121956	-0.668400566021	240
18	0.75	0.0	0.0	2.46654857391	2.21687729527	-0.793699615057	2.60951173842	2.4981375278	-0.667172459437	241
18	0.75	0.25	0.0	1.96782908894	2.13168726143	-0.752012688192	2.03886855975	2.36415155131	-0.779903509014	242
18	0.75	0.5	0.0	1.38287250523	2.09694554068	-0.750474816438	1.41797161044	2.24970697365	-0.888966881045	243
18	0.75	0.75	0.0	0.791037042468	2.06953653153	-0.782863062149	0.80518313478	2.11765767253	-0.986276809902	244
18	0.75	1.0	0.0	0.271680920351	2.0063446325	-0.84295448768	0.258865377073	1.93085752569	-1.06374752996	245
18	1.0	0.0	0.0	2.428857761	2.097824235	-0.939290228	2.59500021776	2.45525490852	-0.906065846367	246
18	1.0	0.25	0.0	1.93534087146	2.00402691487	-0.876549312055	2.01791295867	2.31745092701	-1.01410654569	247
18	1.0	0.5	0.0	1.35124532047	1.94770584801	-0.878914102522	1.39145416136	2.1882422701	-1.13507670434	248
18	1.0	0.75	0.0	0.761499718746	1.8860488269	-0.931677063728	0.7787671452	2.02988575541	-1.26063496077	249
18	1.0	1.0	0.0	0.251032677	1.776243644	-1.02013066	0.242995229524	1.80463820054	-1.38243995343	250
19	0.0	0.0	0.0	4.588941771	1.734607088	-1.105348479	4.86363695811	2.60805513582	-0.818313944941	251
19	0.0	0.25	0.0	4.03350295702	1.91192993534	-1.1007866563	4.33257045266	2.71732903601	-0.841110723369	252
19	0.0	0.5	0.0	3.45572627601	2.06582865818	-1.07486175367	3.75018145688	2.70177886453	-0.837201035248	253
19	0.0	0.75	0.0	2.90453633998	2.14492088268	-1.02266565095	3.15736102662	2.60116677187	-0.84578577733	254
19	0.0	1.0	0.0	2.428857761	2.097824235	-0.939290228	2.59500021776	2.45525490852	-0.906065846367	255
19	0.25	0.0	0.0	4.53887971247	1.64126806199	-1.27452066565	4.8470339753	2.50282105958	-1.10020271792	256
19	0.25	0.25	0.0	3.99862965259	1.79443100884	-1.27132381598	4.31939281138	2.61514040577	-1.14239138876	257
19	0.25	0.5	0.0	3.43127535868	1.90673904661	-1.25287579287	3.73854730726	2.60343058539	-1.15818767063	258
19	0.25	0.75	0.0	2.88538945709	1.95122969787	-1.20305768477	3.14544071106	2.50933522379	-1.17617161956	259
19	0.25	1.0	0.0	2.40954457419	1.90094048517	-1.10575058014	2.58101627089	2.37449794629	-1.2249232916	260
19	0.5	0.0	0.0	4.47435787137	1.45592205577	-1.46992383741	4.83110385449	2.30873597248	-1.44434566433	261
19	0.5	0.25	0.0	3.94930580997	1.57998091378	-1.46213975295	4.31076532499	2.42813215502	-1.50303571777	262
19	0.5	0.5	0.0	3.38512499636	1.65860986584	-1.42611789106	3.72338613297	2.4347112922	-1.52868404266	263
19	0.5	0.75	0.0	2.83646455333	1.67454480279	-1.3631056818	3.12083199404	2.35784213804	-1.55232036095	264
19	0.5	1.0	0.0	2.35797360368	1.61052161543	-1.27435055523	2.55496862379	2.22689344651	-1.60497439455	265
19	0.75	0.0	0.0	4.41663735309	1.23636233117	-1.64917622322	4.81503319565	2.07435653684	-1.76972201816	266
19	0.75	0.25	0.0	3.90705862442	1.33173524331	-1.64353646075	4.30482788018	2.19872669417	-1.84603760839	267
19	0.75	0.5	0.0	3.34726770987	1.37996849755	-1.59180877895	3.71275560919	2.22259639412	-1.88326024792	268
19	0.75	0.75	0.0	2.79623976836	1.37013706274	-1.5193561229	3.10132675937	2.1615576637	-1.91611545152	269
19	0.75	1.0	0.0	2.31294995882	1.29131590773	-1.4515414377	2.53305170739	2.03120252995	-1.979328734	270
19	1.0	0.0	0.0	4.386979263	1.04038215	-1.769896052	4.79800859874	1.84823941496	-1.99531101338	271
19	1.0	0.25	0.0	3.8934152912	1.11284959056	-1.78581593295	4.29972036365	1.9693464336	-2.09439095864	272
19	1.0	0.5	0.0	3.34769602001	1.1293423234	-1.74716918726	3.7147134111	1.99406130026	-2.15648638294	273
19	1.0	0.75	0.0	2.80319324182	1.09327734304	-1.68835548894	3.10471689084	1.93535194986	-2.2094403413	274
19	1.0	1.0	0.0	2.313278749	1.008071644	-1.643774512	2.53145995258	1.80618631736	-2.28109588875	275
20	0.0	0.0	0.0	2.428857761	2.097824235	-0.939290228	2.59500021776	2.45525490852	-0.906065846367	276
20	0.0	0.25	0.0	1.93534087146	2.00402691487	-0.876549312055	2.01791295867	2.31745092701	-1.01410654569	277
20	0.0	0.5	0.0	1.35124532047	1.94770584801	-0.878914102522	1.39145416136	2.1882422701	-1.13507670434	278
20	0.0	0.75	0.0	0.761499718746	1.8860488269	-0.931677063728	0.7787671452	2.02988575541	-1.26063496077	279
20	0.0	1.0	0.0	0.251032677	1.776243644	-1.02013066	0.242995229524	1.80463820054	-1.38243995343	280
20	0.25	0.0	0.0	2.40954457419	1.90094048517	-1.10575058014	2.58101627089	2.37449794629	-1.2249232916	281
20	0.25	0.25	0.0	1.91197188519	1.81368863027	-1.03166408453	1.9949661891	2.23588345745	-1.31856457002	282
20	0.25	0.5	0.0	1.32793630482	1.74468467823	-1.04223737959	1.36090718528	2.08659882396	-1.4386253364	283
20	0.25	0.75	0.0	0.738453217897	1.66004328384	-1.10762483644	0.745926806156	1.89872742767	-1.56724944567	284
20	0.25	1.0	0.0	0.224538009242	1.5258791019	-1.19798082618	0.217112598499	1.64435265044	-1.68658075279	285
20	0.5	0.0	0.0	2.35797360368	1.61052161543	-1.27435055523	2.55496862379	2.22689344651	-1.60497439455	286
20	0.5	0.25	0.0	1.85631080712	1.51432935653	-1.2200408809	1.95873005843	2.06759547958	-1.70532448414	287
20	0.5	0.5	0.0	1.27602909203	1.43630590541	-1.23997171032	1.31240577781	1.88873686322	-1.82443344136	288
20	0.5	0.75	0.0	0.690946794738	1.35103212568	-1.30199025921	0.693020769565	1.67874591903	-1.93140668573	289
20	0.5	1.0	0.0	0.174882251566	1.2330888809	-1.37394374328	0.177600021294	1.42605096857	-1.99534963676	290
20	0.75	0.0	0.0	2.31294995882	1.29131590773	-1.4515414377	2.53305170739	2.03120252995	-1.979328734	291
20	0.75	0.25	0.0	1.80513898204	1.18396857925	-1.42700710778	1.92698257915	1.84850765632	-2.09029769144	292
20	0.75	0.5	0.0	1.22940108853	1.09873614217	-1.45386245087	1.27123811472	1.64193661288	-2.20590209742	293
20	0.75	0.75	0.0	0.649664839809	1.02021231025	-1.50634119483	0.649007106366	1.41763393362	-2.28589080408	294
20	0.75	1.0	0.0	0.129858797357	0.932990797208	-1.55867706749	0.143478346371	1.18174415256	-2.29001266358	295
20	1.0	0.0	0.0	2.313278749	1.008071644	-1.643774512	2.53145995258	1.80618631736	-2.28109588875	296
20	1.0	0.25	0.0	1.79523775473	0.900625784048	-1.63789017174	1.91750176381	1.61454065059	-2.38939559535	297
20	1.0	0.5	0.0	1.22192970076	0.80814200112	-1.6656549574	1.26269237174	1.39347829791	-2.49643238278	298
20	1.0	0.75	0.0	0.645291743652	0.728780795381	-1.71224550612	0.642843887495	1.16308417562	-2.56348592388	299
20	1.0	1.0	0.0	0.11726104	0.660702667	-1.762838455	0.133768422191	0.943443200029	-2.55183589147	300
25	0.0	0.0	0.0	4.386979263	1.04038215	-1.769896052	4.79800859874	1.84823941496	-1.99531101338	301
25	0.0	0.25	0.0	3.8934152912	1.11284959056	-1.78581593295	4.29972036365	1.9693464336	-2.09439095864	302
25	0.0	0.5	0.0	3.34769602001	1.1293423234	-1.74716918726	3.7147134111	1.99406130026	-2.15648638294	303
25	0.0	0.75	0.0	2.80319324182	1.09327734304	-1.68835548894	3.10471689084	1.93535194986	-2.2094403413	304
25	0.0	1.0	0.0	2.313278749	1.008071644	-1.643774512	2.53145995258	1.80618631736	-2.28109588875	305
25	0.25	0.0	0.0	4.37618012105	0.600233217183	-1.88649034292	4.77932218527	1.29780077235	-2.26410985864	306
25	0.25	0.25	0.0	3.91104378979	0.622523845973	-1.97018254557	4.3025320285	1.37142547677	-2.42340753866	307
25	0.25	0.5	0.0	3.39980906553	0.566798662799	-2.00286899228	3.74654760847	1.34602698865	-2.55612661491	308
25	0.25	0.75	0.0	2.87705618441	0.470081670269	-2.00728813015	3.15874548588	1.24925182302	-2.66260669154	309
25	0.25	1.0	0.0	2.37736538258	0.369396870991	-2.00617840623	2.58650222146	1.1087464949	-2.74318737269	310
25	0.5	0.0	0.0	4.37563349788	0.0391745126083	-1.92225354146	4.79667902777	0.601084358929	-2.43110957679	311
25	0.5	0.25	0.0	3.92605321869	0.002218403757	-2.05362708072	4.33231599786	0.598227973545	-2.64035543216	312
25	0.5	0.5	0.0	3.42732848166	-0.108359742096	-2.13398669118	3.79422129317	0.507541548443	-2.81498826879	313
25	0.5	0.75	0.0	2.91204127841	-0.251002254653	-2.18111993333	3.22750037235	0.36218938703	-2.94768644584	314
25	0.5	1.0	0.0	2.4127736006	-0.384151463613	-2.21281436767	2.67725869404	0.195335792711	-3.03112832248	315
25	0.75	0.0	0.0	4.37966391327	-0.53599942752	-1.89014883253	4.84896221873	-0.0981350916732	-2.46786987973	316
25	0.75	0.25	0.0	3.934830081	-0.636366095887	-2.05009883746	4.39023965432	-0.18283473796	-2.7047850643	317
25	0.75	0.5	0.0	3.43447264776	-0.792750128663	-2.16069015382	3.86133457513	-0.340237388282	-2.8962332756	318
25	0.75	0.75	0.0	2.91789635323	-0.971091163902	-2.23650022066	3.31038418122	-0.533459070046	-3.0371622288	319
25	0.75	1.0	0.0	2.42440593708	-1.13732883966	-2.29210647703	2.78552567266	-0.725615810657	-3.12251963906	320
25	1.0	0.0	0.0	4.382595887	-1.018494067	-1.803139401	4.93505485064	-0.65608284584	-2.34595047936	321
25	1.0	0.25	0.0	3.93376087979	-1.18152901276	-1.97354711486	4.47747038051	-0.804351319636	-2.57624686018	322
25	1.0	0.5	0.0	3.42545994321	-1.38298973428	-2.10314725007	3.95148756428	-1.01615218945	-2.76302356635	323
25	1.0	0.75	0.0	2.90436923827	-1.59130178966	-2.20007831426	3.40679954349	-1.24531726016	-2.90351666503	324
25	1.0	1.0	0.0	2.417164926	-1.774890737	-2.272478815	2.89309945967	-1.44567833664	-2.99496222338	325
26	0.0	0.0	0.0	2.313278749	1.008071644	-1.643774512	2.53145995258	1.80618631736	-2.28109588875	326
26	0.0	0.25	0.0	1.79523775473	0.900625784048	-1.63789017174	1.91750176381	1.61454065059	-2.38939559535	327
26	0.0	0.5	0.0	1.22192970076	0.80814200112	-1.6656549574	1.26269237174	1.39347829791	-2.49643238278	328
26	0.0	0.75	0.0	0.645291743652	0.728780795381	-1.71224550612	0.642843887495	1.16308417562	-2.56348592388	329
26	0.0	1.0	0.0	0.11726104	0.660702667	-1.762838455	0.133768422191	0.943443200029	-2.55183589147	330
26	0.25	0.0	0.0	2.37736538258	0.369396870991	-2.00617840623	2.58650222146	1.1087464949	-2.74318737269	331
26	0.25	0.25	0.0	1.83730584689	0.267564501181	-2.0147343414	1.97289557998	0.920846862922	-2.81973461515	332
26	0.25	0.5	0.0	1.25665300784	0.164428335053	-2.03434731576	1.33289673642	0.702457163823	-2.89150368954	333
26	0.25	0.75	0.0	0.675450012166	0.0758873973193	-2.06758444984	0.718674434804	0.483534872239	-2.93767814355	334
26	0.25	1.0	0.0	0.133740006583	0.0178407126888	-2.11701286416	0.182397419128	0.294037462803	-2.93744152489	335
26	0.5	0.0	0.0	2.4127736006	-0.384151463613	-2.21281436767	2.67725869404	0.195335792711	-3.03112832248	336
26	0.5	0.25	0.0	1.86389890225	-0.504623034878	-2.23770122241	2.08218147343	0.00366127224846	-3.08438146353	337
26	0.5	0.5	0.0	1.26889784988	-0.614672614751	-2.25249744087	1.4482844262	-0.201102740963	-3.11786978427	338
26	0.5	0.75	0.0	0.6772525852	-0.700972696581	-2.26225021628	0.826159624488	-0.392927279003	-3.12152849509	339
26	0.5	1.0	0.0	0.138445249884	-0.750195773717	-2.27200674184	0.266399140437	-0.545783373954	-3.08529280637	340
26	0.75	0.0	0.0	2.42440593708	-1.13732883966	-2.29210647703	2.78552567266	-0.725615810657	-3.12251963906	341
26	0.75	0.25	0.0	1.87855902739	-1.28322314043	-2.33173297529	2.20986551317	-0.919913932705	-3.16479369613	342
26	0.75	0.5	0.0	1.27513547767	-1.40116070797	-2.34473591643	1.57203376151	-1.10935685537	-3.17029863102	343
26	0.75	0.75	0.0	0.677460156255	-1.48347145157	-2.33198551914	0.932309615671	-1.27265791515	-3.13440177646	344
26	0.75	1.0	0.0	0.148857931493	-1.52248528051	-2.29435200211	0.350972273628	-1.38853044859	-3.0524704652	345
26	1.0	0.0	0.0	2.417164926	-1.774890737	-2.272478815	2.89309945967	-1.44567833664	-2.99496222338	346
26	1.0	0.25	0.0	1.88482832888	-1.93552213179	-2.32177176058	2.32045376818	-1.63277656322	-3.04242886861	347
26	1.0	0.5	0.0	1.29183714198	-2.06703580428	-2.33569332614	1.66732306279	-1.8144606183	-3.04355819382	348
26	1.0	0.75	0.0	0.70283341883	-2.15328083288	-2.31253307212	1.00413456747	-1.96201267325	-2.99566278564	349
26	1.0	1.0	0.0	0.182459213	-2.178106296	-2.250580559	0.401315506215	-2.04671489944	-2.89605523066	350
27	0.0	0.0	0.0	4.382595887	-1.018494067	-1.803139401	4.93505485064	-0.65608284584	-2.34595047936	351
27	0.0	0.25	0.0	3.93376087979	-1.18152901276	-1.97354711486	4.47747038051	-0.804351319636	-2.57624686018	352
27	0.0	0.5	0.0	3.42545994321	-1.38298973428	-2.10314725007	3.95148756428	-1.01615218945	-2.76302356635	353
27	0.0	0.75	0.0	2.90436923827	-1.59130178966	-2.20007831426	3.40679954349	-1.24531726016	-2.90351666503	354
27	0.0	1.0	0.0	2.417164926	-1.774890737	-2.272478815	2.89309945967	-1.44567833664	-2.99496222338	355
27	0.25	0.0	0.0	4.45501347829	-1.51877229838	-1.5974349682	5.04231137402	-1.20774153678	-1.93160044713	356
27	0.25	0.25	0.0	3.99197506983	-1.73427990879	-1.74889953974	4.57775414119	-1.40023352726	-2.12523678754	357
27	0.25	0.5	0.0	3.46914967465	-1.96573929468	-1.86660907162	4.04724721078	-1.64177616607	-2.28415828953	358
27	0.25	0.75	0.0	2.93354807129	-2.18797984801	-1.95628892579	3.49579627614	-1.88764630084	-2.41119765058	359
27	0.25	1.0	0.0	2.4321810383	-2.37583096073	-2.02366446421	2.96840703062	-2.09312077918	-2.50918756817	360
27	0.5	0.0	0.0	4.60751504555	-2.05517946366	-1.26046377509	5.13358123522	-1.79705597318	-1.26092118228	361
27	0.5	0.25	0.0	4.12368918074	-2.31402978081	-1.36392896371	4.65646514278	-2.03608865472	-1.40368854596	362
27	0.5	0.5	0.0	3.57966370642	-2.56971922691	-1.42934288792	4.11834474595	-2.30965405933	-1.50896937282	363
27	0.5	0.75	0.0	3.01760091998	-2.80585572494	-1.47160929104	3.5550275147	-2.58169462727	-1.59695393907	364
27	0.5	1.0	0.0	2.47966311876	-3.0060471979	-1.50563191639	3.00232091899	-2.81615279879	-1.68783252092	365
27	0.75	0.0	0.0	4.74456158829	-2.47660082135	-0.856209256438	5.19503651978	-2.24664926609	-0.510871681428	366
27	0.75	0.25	0.0	4.24253102364	-2.76954352548	-0.904587923331	4.70639200929	-2.52941058347	-0.599394896299	367
27	0.75	0.5	0.0	3.67926303826	-3.04346751006	-0.909079373824	4.15801384013	-2.83514784877	-0.650063385906	368
27	0.75	0.75	0.0	3.09225159815	-3.28973920954	-0.894474435421	3.58051956204	-3.13618022662	-0.69474903596	369
27	0.75	1.0	0.0	2.51899066935	-3.49972505836	-0.885563935629	3.00452672477	-3.40482688165	-0.76532373217	370
27	1.0	0.0	0.0	4.770614106	-2.63192163	-0.448654847	5.21284931321	-2.37914452655	0.141589058833	371
27	1.0	0.25	0.0	4.26212840969	-2.94958603945	-0.45682895514	4.72032336475	-2.697693195	0.0998514005951	372
27	1.0	0.5	0.0	3.69020866989	-3.23552212321	-0.42354920417	4.15948816368	-3.03361951394	0.0799531014997	373
27	1.0	0.75	0.0	3.09322391965	-3.48444009086	-0.373319384365	3.56829872106	-3.35982108604	0.061453553248	374
27	1.0	1.0	0.0	2.509543192	-3.691050152	-0.330643286	2.98471004795	-3.64919551397	0.0239121475418	375
28	0.0	0.0	0.0	2.417164926	-1.774890737	-2.272478815	2.89309945967	-1.44567833664	-2.99496222338	376
28	0.0	0.25	0.0	1.88482832888	-1.93552213179	-2.32177176058	2.32045376818	-1.63277656322	-3.04242886861	377
28	0.0	0.5	0.0	1.29183714198	-2.06703580428	-2.33569332614	1.66732306279	-1.8144606183	-3.04355819382	378
28	0.0	0.75	0.0	0.70283341883	-2.15328083288	-2.31253307212	1.00413456747	-1.96201267325	-2.99566278564	379
28	0.0	1.0	0.0	0.182459213	-2.178106296	-2.250580559	0.401315506215	-2.04671489944	-2.89605523066	380
28	0.25	0.0	0.0	2.4321810383	-2.37583096073	-2.02366446421	2.96840703062	-2.09312077918	-2.50918756817	381
28	0.25	0.25	0.0	1.90453702964	-2.5509020147	-2.06800738052	2.38617273604	-2.28364570855	-2.57094979911	382
28	0.25	0.5	0.0	1.3249278542	-2.71517176475	-2.07846273798	1.72081628576	-2.47710874323	-2.58406337432	383
28	0.25	0.75	0.0	0.748463192089	-2.8290228113	-2.05512374717	1.04416562517	-2.63039761114	-2.54994389004	384
28	0.25	1.0	0.0	0.230252723417	-2.85283775477	-1.99808361867	0.428048699622	-2.70040004017	-2.47000694255	385
28	0.5	0.0	0.0	2.47966311876	-3.0060471979	-1.50563191639	3.00232091899	-2.81615279879	-1.68783252092	386
28	0.5	0.25	0.0	1.9396002145	-3.19717453044	-1.52970793349	2.41372807579	-3.02443485284	-1.76234532332	387
28	0.5	0.5	0.0	1.35807378828	-3.38866918821	-1.52946010562	1.74824381895	-3.22591588269	-1.79372384949	388
28	0.5	0.75	0.0	0.783619353943	-3.52849695315	-1.50684601303	1.07310009936	-3.3799131006	-1.78491737856	389
28	0.5	1.0	0.0	0.26477242535	-3.56462360724	-1.46382323599	0.455528867897	-3.44574371882	-1.7388751897	390
28	0.75	0.0	0.0	2.51899066935	-3.49972505836	-0.885563935629	3.00452672477	-3.40482688165	-0.76532373217	391
28	0.75	0.25	0.0	1.965819096	-3.70163726029	-0.881513764881	2.415887099	-3.63389156129	-0.840530252652	392
28	0.75	0.5	0.0	1.38003250972	-3.91194550866	-0.864814639658	1.75742622796	-3.84254027087	-0.887087210562	393
28	0.75	0.75	0.0	0.805379214308	-4.07193892963	-0.839143423904	1.08981388291	-3.99767873938	-0.903261160691	394
28	0.75	1.0	0.0	0.285607513608	-4.12290664934	-0.808176981563	0.473719835082	-4.06621269582	-0.887318657829	395
28	1.0	0.0	0.0	2.509543192	-3.691050152	-0.330643286	2.98471004795	-3.64919551397	0.0239121475418	396
28	1.0	0.25	0.0	1.95899488668	-3.89158778552	-0.298065220056	2.4054171172	-3.89076339912	-0.0294193985051	397
28	1.0	0.5	0.0	1.37956158402	-4.10941816014	-0.260655550694	1.75618407842	-4.10864014199	-0.0787010487576	398
28	1.0	0.75	0.0	0.810820083105	-4.27958441194	-0.223459533985	1.09318286872	-4.27081412526	-0.107653145907	399
28	1.0	1.0	0.0	0.292347183	-4.337129677	-0.191522426	0.472585425222	-4.34527373161	-0.099996032645	400
33	0.0	0.0	0.0	4.770614106	-2.63192163	-0.448654847	5.21284931321	-2.37914452655	0.141589058833	401
33	0.0	0.25	0.0	4.26212840969	-2.94958603945	-0.45682895514	4.72032336475	-2.697693195	0.0998514005951	402
33	0.0	0.5	0.0	3.69020866989	-3.23552212321	-0.42354920417	4.15948816368	-3.03361951394	0.0799531014997	403
33	0.0	0.75	0.0	3.09322391965	-3.48444009086	-0.373319384365	3.56829872106	-3.35982108604	0.061453553248	404
33	0.0	1.0	0.0	2.509543192	-3.691050152	-0.330643286	2.98471004795	-3.64919551397	0.0239121475418	405
33	0.25	0.0	0.0	4.66432728711	-2.47720896476	-0.153476509953	5.1359917895	-2.21085745664	0.607787569481	406
33	0.25	0.25	0.0	4.16462551944	-2.78549760933	-0.115923081751	4.65057683165	-2.53120254403	0.629595346638	407
33	0.25	0.5	0.0	3.59866556246	-3.06845147672	-0.0340805146349	4.09547994051	-2.8762656263	0.661493889169	408
33	0.25	0.75	0.0	3.00754092981	-3.31463704119	0.0643750454145	3.51092377527	-3.2120207257	0.69370769256	409
33	0.25	1.0	0.0	2.43234513512	-3.51262077698	0.151767452415	2.93713099515	-3.50444186444	0.716461252298	410
33	0.5	0.0	0.0	4.48653725837	-2.13133803923	0.108308461335	4.96649940538	-1.9019567914	1.08886210734	411
33	0.5	0.25	0.0	4.00202009312	-2.39551934147	0.213297673249	4.49190558374	-2.19164315232	1.20121657347	412
33	0.5	0.5	0.0	3.4524172156	-2.65894825209	0.36815123911	3.96175270736	-2.52178431621	1.31608587702	413
33	0.5	0.75	0.0	2.87645852498	-2.89837564649	0.538149211668	3.40403959672	-2.85059562894	1.42682257363	414
33	0.5	1.0	0.0	2.31287392046	-3.09055240009	0.688571643675	2.84676507228	-3.13629243638	1.52677921899	415
33	0.75	0.0	0.0	4.30420966719	-1.70539390532	0.316423398205	4.77565542922	-1.54536883728	1.49391952398	416
33	0.75	0.25	0.0	3.82777734314	-1.91425958321	0.482827112458	4.30292308968	-1.7890436325	1.68902880042	417
33	0.75	0.5	0.0	3.29620859653	-2.14677148178	0.700774753576	3.7930117452	-2.08418718529	1.88492052675	418
33	0.75	0.75	0.0	2.74149953252	-2.3710456987	0.930487550232	3.26053936612	-2.38601549631	2.07087134209	419
33	0.75	1.0	0.0	2.19564625632	-2.55519833166	1.1321867311	2.72012392281	-2.6497445662	2.23615788556	420
33	1.0	0.0	0.0	4.184310161	-1.310461615	0.450591632	4.6347431294	-1.23401990071	1.73206667096	421
33	1.0	0.25	0.0	3.69536248193	-1.47632668187	0.644659038472	4.14224281814	-1.4334325972	1.96734574678	422
33	1.0	0.5	0.0	3.17478467248	-1.67168019823	0.881418725277	3.62396233496	-1.67748583518	2.20918930006	423
33	1.0	0.75	0.0	2.6441867798	-1.86803698972	1.12387449694	3.09331626421	-1.92875002832	2.43592714354	424
33	1.0	1.0	0.0	2.125178851	-2.036911882	1.335030158	2.56371919023	-2.14979559029	2.62588908995	425
34	0.0	0.0	0.0	2.509543192	-3.691050152	-0.330643286	2.98471004795	-3.64919551397	0.0239121475418	426
34	0.0	0.25	0.0	1.95899488668	-3.89158778552	-0.298065220056	2.4054171172	-3.89076339912	-0.0294193985051	427
34	0.0	0.5	0.0	1.37956158402	-4.10941816014	-0.260655550694	1.75618407842	-4.10864014199	-0.0787010487576	428
34	0.0	0.75	0.0	0.810820083105	-4.27958441194	-0.223459533985	1.09318286872	-4.27081412526	-0.107653145907	429
34	0.0	1.0	0.0	0.292347183	-4.337129677	-0.191522426	0.472585425222	-4.34527373161	-0.099996032645	430
34	0.25	0.0	0.0	2.43234513512	-3.51262077698	0.151767452415	2.93713099515	-3.50444186444	0.716461252298	431
34	0.25	0.25	0.0	1.89768497273	-3.70018892586	0.216408495229	2.37343165702	-3.7468435624	0.703018314589	432
34	0.25	0.5	0.0	1.33487747007	-3.90854136293	0.275563318697	1.73799606417	-3.97250985357	0.661136435359	433
34	0.25	0.75	0.0	0.781707151704	-4.07469326312	0.323384856805	1.0863652396	-4.14353273084	0.624376420137	434
34	0.25	1.0	0.0	0.275958542229	-4.13565980137	0.354026043542	0.474080206335	-4.22200418708	0.62629907445	435
34	0.5	0.0	0.0	2.31287392046	-3.09055240009	0.688571643675	2.84676507228	-3.13629243638	1.52677921899	436
34	0.5	0.25	0.0	1.79722284659	-3.25946646161	0.793905881135	2.30230085787	-3.37172510381	1.56248042667	437
34	0.5	0.5	0.0	1.2538603396	-3.44459618668	0.877452642767	1.68951366727	-3.59971398776	1.53769790917	438
34	0.5	0.75	0.0	0.721780369987	-3.59698283395	0.931621187244	1.06449079972	-3.77737833744	1.49518936778	439
34	0.5	1.0	0.0	0.239976908244	-3.66766766206	0.948820773242	0.483319554458	-3.86183740207	1.47771250381	440
34	0.75	0.0	0.0	2.19564625632	-2.55519833166	1.1321867311	2.72012392281	-2.6497445662	2.23615788556	441
34	0.75	0.25	0.0	1.70080839896	-2.70472494737	1.27126497995	2.19654936808	-2.86814097028	2.31913145201	442
34	0.75	0.5	0.0	1.17576632251	-2.86315005057	1.37705564431	1.60980388087	-3.09060681361	2.32845873681	443
34	0.75	0.75	0.0	0.662508056475	-2.99938088127	1.43833646268	1.01585263438	-3.27353399204	2.29928716411	444
34	0.75	1.0	0.0	0.203021630387	-3.08232467948	1.44388517357	0.470660801839	-3.37331440141	2.26676415808	445
34	1.0	0.0	0.0	2.125178851	-2.036911882	1.335030158	2.56371919023	-2.14979559029	2.62588908995	446
34	1.0	0.25	0.0	1.65164152059	-2.17126893771	1.48532383396	2.06070183598	-2.33882410871	2.74313590489	447
34	1.0	0.5	0.0	1.13985154869	-2.30977037375	1.60641554612	1.49793369808	-2.54554260017	2.81089428243	448
34	1.0	0.75	0.0	0.635358529689	-2.43481516192	1.68061768848	0.928743828884	-2.7331827416	2.83117127621	449
34	1.0	1.0	0.0	0.183712058	-2.528802274	1.690242655	0.406461280727	-2.86497620994	2.80597393989	450
35	0.0	0.0	0.0	4.184310161	-1.310461615	0.450591632	4.6347431294	-1.23401990071	1.73206667096	451
35	0.0	0.25	0.0	3.69536248193	-1.47632668187	0.644659038472	4.14224281814	-1.4334325972	1.96734574678	452
35	0.0	0.5	0.0	3.17478467248	-1.67168019823	0.881418725277	3.62396233496	-1.67748583518	2.20918930006	453
35	0.0	0.75	0.0	2.6441867798	-1.86803698972	1.12387449694	3.09331626421	-1.92875002832	2.43592714354	454
35	0.0	1.0	0.0	2.125178851	-2.036911882	1.335030158	2.56371919023	-2.14979559029	2.62588908995	455
35	0.25	0.0	0.0	4.13502585638	-0.871218209451	0.571785786745	4.56502175071	-0.852912144822	1.86723144443	456
35	0.25	0.25	0.0	3.63553585764	-1.00114990133	0.748723064189	4.06374297369	-1.01266193705	2.09516397548	457
35	0.25	0.5	0.0	3.12246061021	-1.16729851821	0.942488264723	3.53248081086	-1.20983845326	2.3265265823	458
35	0.25	0.75	0.0	2.61371071899	-1.34047549969	1.1333230999	2.99577908659	-1.41161296884	2.53810197772	459
35	0.25	1.0	0.0	2.1271967889	-1.49149228539	1.30146928129	2.47818162523	-1.58515675917	2.70667287455	460
35	0.5	0.0	0.0	4.12822270872	-0.354239748835	0.710955839325	4.53977066335	-0.32782894159	1.98462921549	461
35	0.5	0.25	0.0	3.64173442473	-0.436447167262	0.845294398782	4.06432240847	-0.446525306823	2.18476994186	462
35	0.5	0.5	0.0	3.13882760732	-0.574195035137	0.963612184368	3.54577957364	-0.60968833931	2.36815617784	463
35	0.5	0.75	0.0	2.64542388465	-0.728710772497	1.06941361144	3.02125541216	-0.780745223737	2.52657292141	464
35	0.5	1.0	0.0	2.18744488489	-0.861221799375	1.16620309536	2.52786317738	-0.923123144789	2.65180517052	465
35	0.75	0.0	0.0	4.16098923695	0.145971551949	0.823770986743	4.53691765681	0.246926770614	2.05415571748	466
35	0.75	0.25	0.0	3.69058631255	0.121258559918	0.907542816849	4.09005907389	0.170414262218	2.21872926751	467
35	0.75	0.5	0.0	3.19843109452	0.0344381623814	0.949128503868	3.59349863938	0.0436006332173	2.34324940122	468
35	0.75	0.75	0.0	2.71869349363	-0.079345804589	0.967649578578	3.09417439595	-0.0994121187946	2.43729739631	469
35	0.75	1.0	0.0	2.28554342069	-0.184949504922	0.982227571756	2.63902438624	-0.224521996221	2.5104545305	470
35	1.0	0.0	0.0	4.23041396	0.534913478	0.865900426	4.53439052059	0.777052053415	2.04570668374	471
35	1.0	0.25	0.0	3.7587196505	0.575444319801	0.908638092987	4.08703092131	0.743593738797	2.17960757404	472
35	1.0	0.5	0.0	3.2758165025	0.585408985744	0.90337524288	3.6052780242	0.670664590855	2.26097756696	473
35	1.0	0.75	0.0	2.81288676275	0.561016407566	0.863534548334	3.13896519298	0.569121020206	2.30623282412	474
35	1.0	1.0	0.0	2.401112678	0.498475517	0.802538682	2.73792579137	0.449819437465	2.33178950714	475
36	0.0	0.0	0.0	2.125178851	-2.036911882	1.335030158	2.56371919023	-2.14979559029	2.62588908995	476
36	0.0	0.25	0.0	1.65164152059	-2.17126893771	1.48532383396	2.06070183598	-2.33882410871	2.74313590489	477
36	0.0	0.5	0.0	1.13985154869	-2.30977037375	1.60641554612	1.49793369808	-2.54554260017	2.81089428243	478
36	0.0	0.75	0.0	0.635358529689	-2.43481516192	1.68061768848	0.928743828884	-2.7331827416	2.83117127621	479
36	0.0	1.0	0.0	0.183712058	-2.528802274	1.690242655	0.406461280727	-2.86497620994	2.80597393989	480
36	0.25	0.0	0.0	2.1271967889	-1.49149228539	1.30146928129	2.47818162523	-1.58515675917	2.70667287455	481
36	0.25	0.25	0.0	1.66146849078	-1.61813267978	1.4396016542	1.97698428825	-1.74713614774	2.83606223693	482
36	0.25	0.5	0.0	1.15003202263	-1.75279844684	1.57010394709	1.41792315139	-1.94299297176	2.95479109378	483
36	0.25	0.75	0.0	0.641621330946	-1.8783995653	1.66424053506	0.85160082567	-2.13573261163	3.03273902364	484
36	0.25	1.0	0.0	0.184970362183	-1.97784601388	1.6932757932	0.328619922136	-2.2883604478	3.03978560501	485
36	0.5	0.0	0.0	2.18744488489	-0.861221799375	1.16620309536	2.52786317738	-0.923123144789	2.65180517052	486
36	0.5	0.25	0.0	1.71094049833	-0.978510484269	1.27912042775	2.0089052702	-1.06817027113	2.77953827553	487
36	0.5	0.5	0.0	1.18690589998	-1.10509025817	1.41758143038	1.42898302488	-1.24939836183	2.92730514906	488
36	0.5	0.75	0.0	0.667106880209	-1.2235009301	1.53511423038	0.84206702805	-1.42785653545	3.04928456294	489
36	0.5	1.0	0.0	0.203309229424	-1.31628230908	1.58524695488	0.30212786634	-1.56459391056	3.09965528902	490
36	0.75	0.0	0.0	2.28554342069	-0.184949504922	0.982227571756	2.63902438624	-0.224521996221	2.5104545305	491
36	0.75	0.25	0.0	1.79484010225	-0.298398205359	1.05478620024	2.11473767283	-0.369255701409	2.62521141764	492
36	0.75	0.5	0.0	1.25439335905	-0.425209814767	1.1957994373	1.51809164556	-0.543006248677	2.78918329858	493
36	0.75	0.75	0.0	0.720205944996	-0.543087565334	1.33403401892	0.90984022607	-0.70593125183	2.94459649925	494
36	0.75	1.0	0.0	0.248280613953	-0.629734689247	1.39825668112	0.350737336012	-0.818188324676	3.0336773456	495
36	1.0	0.0	0.0	2.401112678	0.498475517	0.802538682	2.73792579137	0.449819437465	2.33178950714	496
36	1.0	0.25	0.0	1.90794986151	0.376208302752	0.817505017305	2.25275438714	0.282278338897	2.42472906019	497
36	1.0	0.5	0.0	1.35641457822	0.228278876347	0.951709409159	1.67222734041	0.0979358894137	2.60117239268	498
36	1.0	0.75	0.0	0.809309292827	0.0898722200192	1.10179514518	1.06461820978	-0.0663334995638	2.78246343772	499
36	1.0	1.0	0.0	0.32943647	-0.003826684	1.164405513	0.498200553826	-0.173655416615	2.88994612845	500
41	0.0	0.0	0.0	4.23041396	0.534913478	0.865900426	4.53439052059	0.777052053415	2.04570668374	501
41	0.0	0.25	0.0	3.7587196505	0.575444319801	0.908638092987	4.08703092131	0.743593738797	2.17960757404	502
41	0.0	0.5	0.0	3.2758165025	0.585408985744	0.90337524288	3.6052780242	0.670664590855	2.26097756696	503
41	0.0	0.75	0.0	2.81288676275	0.561016407566	0.863534548334	3.13896519298	0.569121020206	2.30623282412	504
41	0.0	1.0	0.0	2.401112678	0.498475517	0.802538682	2.73792579137	0.449819437465	2.33178950714	505
41	0.25	0.0	0.0	4.31353779496	0.733089244463	0.831630663245	4.57653947787	1.07271036345	1.95050653095	506
41	0.25	0.25	0.0	3.82965616237	0.802836371488	0.871349697576	4.11409863002	1.05915887534	2.07848293605	507
41	0.25	0.5	0.0	3.33957133888	0.857669772976	0.873214286406	3.62518485779	1.00270454134	2.1598604823	508
41	0.25	0.75	0.0	2.87274251205	0.875530089078	0.834613244051	3.15998421719	0.909831112374	2.20531870771	509
41	0.25	1.0	0.0	2.45862886943	0.834357959944	0.752935384823	2.76868276421	0.78702233936	2.22553715032	510
41	0.5	0.0	0.0	4.44044711564	0.974388986937	0.748254451058	4.67763073406	1.41928214553	1.76380144859	511
41	0.5	0.25	0.0	3.93986458881	1.06897768896	0.800504258913	4.19759021055	1.42593779329	1.8908679564	512
41	0.5	0.5	0.0	3.43166959811	1.15073497824	0.831734255393	3.68910828223	1.37068500363	1.98502778636	513
41	0.5	0.75	0.0	2.94711620329	1.19283035551	0.818567589434	3.20379197756	1.27108123312	2.04820977606	514
41	0.5	1.0	0.0	2.51745846409	1.1684333215	0.737627409973	2.79324832498	1.14468393833	2.08234276311	515
41	0.75	0.0	0.0	4.56104752549	1.19358838644	0.632620634093	4.78466490939	1.73952091154	1.54545972176	516
41	0.75	0.25	0.0	4.04206041748	1.31215045366	0.699067111092	4.28672208818	1.76645130609	1.66639157947	517
41	0.75	0.5	0.0	3.51942530047	1.4208132362	0.762695752352	3.75799055816	1.71220480391	1.76802034219	518
41	0.75	0.75	0.0	3.02219465614	1.48727346039	0.783709515931	3.24895665941	1.60764897804	1.84703100994	519
41	0.75	1.0	0.0	2.5794209662	1.47922785255	0.722311359886	2.81010673197	1.48365140157	1.9001085827	520
41	1.0	0.0	0.0	4.625244628	1.325463124	0.501578057	4.84464262408	1.95618017336	1.35534963553	521
41	1.0	0.25	0.0	4.08895913604	1.47063684703	0.570003588203	4.33071068816	2.00322022723	1.45468274962	522
41	1.0	0.5	0.0	3.57015246622	1.62411318149	0.649859379796	3.79277394624	1.96486276837	1.54037901287	523
41	1.0	0.75	0.0	3.0841646903	1.73321565721	0.698350954991	3.27404644808	1.87431194274	1.61390739015	524
41	1.0	1.0	0.0	2.64633588	1.745267804	0.672683837	2.81774224345	1.7647718963	1.6767368463	525
42	0.0	0.0	0.0	2.401112678	0.498475517	0.802538682	2.73792579137	0.449819437465	2.33178950714	526
42	0.0	0.25	0.0	1.90794986151	0.376208302752	0.817505017305	2.25275438714	0.282278338897	2.42472906019	527
42	0.0	0.5	0.0	1.35641457822	0.228278876347	0.951709409159	1.67222734041	0.0979358894137	2.60117239268	528
42	0.0	0.75	0.0	0.809309292827	0.0898722200192	1.10179514518	1.06461820978	-0.0663334995638	2.78246343772	529
42	0.0	1.0	0.0	0.32943647	-0.003826684	1.164405513	0.498200553826	-0.173655416615	2.88994612845	530
42	0.25	0.0	0.0	2.45862886943	0.834357959944	0.752935384823	2.76868276421	0.78702233936	2.22553715032	531
42	0.25	0.25	0.0	1.96908330616	0.726350205609	0.729216086371	2.30610408638	0.622998465056	2.30406969556	532
42	0.25	0.5	0.0	1.4177066674	0.600223797542	0.829746330669	1.74327942236	0.4582077931	2.46461969998	533
42	0.25	0.75	0.0	0.868811752599	0.479721878998	0.952699465197	1.14723770929	0.31163742041	2.6317392751	534
42	0.25	1.0	0.0	0.3867113612	0.388587593232	0.996248837434	0.585007884319	0.202274443907	2.72998053244	535
42	0.5	0.0	0.0	2.51745846409	1.1684333215	0.737627409973	2.79324832498	1.14468393833	2.08234276311	536
42	0.5	0.25	0.0	2.02701853654	1.08501235349	0.68241564986	2.32676246659	0.994613911033	2.15058296441	537
42	0.5	0.5	0.0	1.47093702244	0.991332840416	0.734037287678	1.76089204339	0.848502445881	2.27674325402	538
42	0.5	0.75	0.0	0.91644703999	0.896271065134	0.810567484526	1.16363492089	0.712793910549	2.40650256228	539
42	0.5	1.0	0.0	0.430781707382	0.808703310524	0.830081401506	0.602988964604	0.593932672717	2.4855398195	540
42	0.75	0.0	0.0	2.5794209662	1.47922785255	0.722311359886	2.81010673197	1.48365140157	1.9001085827	541
42	0.75	0.25	0.0	2.08609328304	1.41923957285	0.65644216742	2.32643896698	1.35100473675	1.96363325305	542
42	0.75	0.5	0.0	1.52162077776	1.35798004346	0.668647022821	1.74745974802	1.21925207129	2.05263337755	543
42	0.75	0.75	0.0	0.95819607593	1.29176287899	0.701288261989	1.14336846074	1.08985825796	2.13730014068	544
42	0.75	1.0	0.0	0.468011803122	1.21690169405	0.696728220825	0.584364490787	0.964288149531	2.18782472697	545
42	1.0	0.0	0.0	2.64633588	1.745267804	0.672683837	2.81774224345	1.7647718963	1.6767368463	546
42	1.0	0.25	0.0	2.15064527611	1.69607669011	0.630634098694	2.31684302676	1.64605100214	1.74258494782	547
42	1.0	0.5	0.0	1.5752730678	1.65653944515	0.637640278734	1.72537708079	1.52088889286	1.8073803933	548
42	1.0	0.75	0.0	1.00003978135	1.61844042112	0.650750856407	1.11599694504	1.39555274974	1.85467885175	549
42	1.0	1.0	0.0	0.504765943	1.57356397	0.627014311	0.561355158973	1.27630975406	1.86803599216	550
43	0.0	0.0	0.0	4.625244628	1.325463124	0.501578057	4.84464262408	1.95618017336	1.35534963553	551
43	0.0	0.25	0.0	4.08895913604	1.47063684703	0.570003588203	4.33071068816	2.00322022723	1.45468274962	552
43	0.0	0.5	0.0	3.57015246622	1.62411318149	0.649859379796	3.79277394624	1.96486276837	1.54037901287	553
43	0.0	0.75	0.0	3.0841646903	1.73321565721	0.698350954991	3.27404644808	1.87431194274	1.61390739015	554
43	0.0	1.0	0.0	2.64633588	1.745267804	0.672683837	2.81774224345	1.7647718963	1.6767368463	555
43	0.25	0.0	0.0	4.63159353401	1.38041819327	0.333214778466	4.86446123655	2.07884713886	1.14313576084	556
43	0.25	0.25	0.0	4.08228221298	1.55928643481	0.389514173931	4.34057800934	2.14975606945	1.21322623795	557
43	0.25	0.5	0.0	3.58079273789	1.77596373851	0.469095274276	3.79857668511	2.14865796523	1.27504675363	558
43	0.25	0.75	0.0	3.11830769374	1.94638849433	0.530563869371	3.27420396716	2.0940079513	1.32946591409	559
43	0.25	1.0	0.0	2.68600966551	1.98649909222	0.532525749088	2.80320655874	2.00426115279	1.37735232558	560
43	0.5	0.0	0.0	4.62178393301	1.4290454376	0.10028076472	4.88565443113	2.1941242627	0.836555448069	561
43	0.5	0.25	0.0	4.06269130898	1.64536007165	0.141184457364	4.35627311654	2.29345010903	0.881594820974	562
43	0.5	0.5	0.0	3.57719322301	1.92430568179	0.21890691838	3.80416884278	2.33465992286	0.933651168563	563
43	0.5	0.75	0.0	3.13056414264	2.15512726042	0.286994401713	3.26300417687	2.31751738486	0.976017909413	564
43	0.5	1.0	0.0	2.6880785354	2.22706979993	0.298993161313	2.76644168584	2.24178617571	0.991988462103	565
43	0.75	0.0	0.0	4.6037240125	1.47332465712	-0.142164443637	4.90065657544	2.29199059371	0.516756584707	566
43	0.75	0.25	0.0	4.04214215174	1.72055773884	-0.116522713217	4.36946259834	2.4196412473	0.539397487483	567
43	0.75	0.5	0.0	3.56929841067	2.04578059021	-0.0486174816617	3.80602594509	2.49546554373	0.580512527549	568
43	0.75	0.75	0.0	3.13212809535	2.32133824542	0.0151818440978	3.24597147606	2.5067490578	0.607873681218	569
43	0.75	1.0	0.0	2.67756651184	2.41957573867	0.0285058571307	2.72492405162	2.44077736432	0.589252924807	570
43	1.0	0.0	0.0	4.58532196	1.515235652	-0.339061306	4.9019020371	2.36242518076	0.264887058252	571
43	1.0	0.25	0.0	4.03259046897	1.77657941769	-0.325144489533	4.37181304333	2.51366838561	0.266243226274	572
43	1.0	0.5	0.0	3.56705278995	2.11703004263	-0.281389719616	3.8006235179	2.6036717303	0.279951100447	573
43	1.0	0.75	0.0	3.1341936102	2.40692773925	-0.237334511391	3.22863026355	2.6236117845	0.279343534612	574
43	1.0	1.0	0.0	2.679497617	2.51661272	-0.22251638	2.69613008296	2.56466511785	0.237753382615	575
44	0.0	0.0	0.0	2.64633588	1.745267804	0.672683837	2.81774224345	1.7647718963	1.6767368463	576
44	0.0	0.25	0.0	2.15064527611	1.69607669011	0.630634098694	2.31684302676	1.64605100214	1.74258494782	577
44	0.0	0.5	0.0	1.5752730678	1.65653944515	0.637640278734	1.72537708079	1.52088889286	1.8073803933	578
44	0.0	0.75	0.0	1.00003978135	1.61844042112	0.650750856407	1.11599694504	1.39555274974	1.85467885175	579
44	0.0	1.0	0.0	0.504765943	1.57356397	0.627014311	0.561355158973	1.27630975406	1.86803599216	580
44	0.25	0.0	0.0	2.68600966551	1.98649909222	0.532525749088	2.80320655874	2.00426115279	1.37735232558	581
44	0.25	0.25	0.0	2.17950204423	1.94718167511	0.519048409912	2.2823469181	1.8912526657	1.42885907051	582
44	0.25	0.5	0.0	1.59519458172	1.92915157744	0.539969135599	1.67775859732	1.7700669734	1.47794946577	583
44	0.25	0.75	0.0	1.01046835519	1.9149720048	0.556122158007	1.06238695145	1.64838329141	1.50777135474	584
44	0.25	1.0	0.0	0.502704441854	1.88720616276	0.528341708993	0.509177335565	1.53388083524	1.50147258083	585
44	0.5	0.0	0.0	2.6880785354	2.22706979993	0.298993161313	2.76644168584	2.24178617571	0.991988462103	586
44	0.5	0.25	0.0	2.16116965474	2.21308587948	0.292408904919	2.218325728	2.13558996361	0.997025692069	587
44	0.5	0.5	0.0	1.57327090094	2.23667271891	0.31617743408	1.59649540186	2.03352294657	1.01005846718	588
44	0.5	0.75	0.0	0.984673027501	2.25589491533	0.335847134398	0.970942805662	1.9280697775	1.01843344615	589
44	0.5	1.0	0.0	0.455666787907	2.2288170659	0.316966391479	0.41166003763	1.81171510933	1.00949728768	590
44	0.75	0.0	0.0	2.67756651184	2.41957573867	0.0285058571307	2.72492405162	2.44077736432	0.589252924807	591
44	0.75	0.25	0.0	2.13312896035	2.42763190089	0.0196421641164	2.15596702015	2.34209422406	0.543158689427	592
44	0.75	0.5	0.0	1.54364780052	2.48234308374	0.0356056242327	1.52432831037	2.25972629442	0.514170350327	593
44	0.75	0.75	0.0	0.951596573579	2.52517734997	0.0535076539469	0.892004821349	2.16947535712	0.500066428507	594
44	0.75	1.0	0.0	0.399448820757	2.49760276233	0.0504596697265	0.320993452151	2.04714319386	0.498625444964	595
44	1.0	0.0	0.0	2.679497617	2.51661272	-0.22251638	2.69613008296	2.56466511785	0.237753382615	596
44	1.0	0.25	0.0	2.13286081376	2.52466233703	-0.230325232095	2.12645835825	2.47379677521	0.163331939527	597
44	1.0	0.5	0.0	1.5404710555	2.56940288614	-0.232405843883	1.50399813878	2.39714649901	0.100748067992	598
44	1.0	0.75	0.0	0.94018176874	2.60678750593	-0.22731441498	0.875913312192	2.30746317935	0.0660716043425	599
44	1.0	1.0	0.0	0.36984638	2.592769335	-0.213607145	0.289367766107	2.17749570635	0.0753723849136	600
49	0.0	0.0	0.0	6.649135753	-0.216971	-0.199152	6.80436722767	0.393585777161	0.0718790154684	601
49	0.0	0.25	0.0	6.31385977124	0.347507808106	-0.218424371901	6.46605355071	0.990595851604	0.106889423377	602
49	0.0	0.5	0.0	5.8665008895	0.834562280512	-0.26220437506	6.02707756051	1.55933732206	0.178511600308	603
49	0.0	0.75	0.0	5.29450599126	1.22890177566	-0.309435517188	5.50113010625	2.03741287096	0.245069495515	604
49	0.0	1.0	0.0	4.58532196	1.515235652	-0.339061306	4.9019020371	2.36242518076	0.264887058252	605
49	0.25	0.0	0.0	6.64553949144	-0.221077717848	-0.220060533179	6.8020632479	0.388907805548	0.0408392310883	606
49	0.25	0.25	0.0	6.31083427236	0.364340592137	-0.36051784398	6.46773648594	1.0155073759	-0.0841284049035	607
49	0.25	0.5	0.0	5.85645646979	0.87021709227	-0.450619530381	6.02688820359	1.600314974	-0.0657702302085	608
49	0.25	0.75	0.0	5.28097208297	1.27955350837	-0.500118591333	5.4966756234	2.0910416017	0.0030979863968	609
49	0.25	1.0	0.0	4.58294711116	1.57535156624	-0.518768025786	4.89425596793	2.43539826084	0.0296604761358	610
49	0.5	0.0	0.0	6.637627716	-0.230705001395	-0.239879965188	6.79699449239	0.37802376372	-0.00126895356212	611
49	0.5	0.25	0.0	6.30836944014	0.373892048359	-0.45896450823	6.46967998762	1.01690041786	-0.209661913953	612
49	0.5	0.5	0.0	5.85643042149	0.909652519766	-0.61126098681	6.03201737456	1.6361380338	-0.272694159384	613
49	0.5	0.75	0.0	5.28420466625	1.34676132885	-0.702278113587	5.49906829793	2.16379614111	-0.268563017602	614
49	0.5	1.0	0.0	4.59408618062	1.65540339164	-0.737524601219	4.88589440242	2.52793426932	-0.275465816354	615
49	0.75	0.0	0.0	6.62971594056	-0.241813534245	-0.259493664603	6.79192573689	0.365658472589	-0.0431714056183	616
49	0.75	0.25	0.0	6.30656754579	0.357896567953	-0.550788716745	6.47255137809	0.982105565482	-0.326311969006	617
49	0.75	0.5	0.0	5.85707175854	0.921565064148	-0.763166704495	6.03868002543	1.63522244783	-0.47128352277	618
49	0.75	0.75	0.0	5.28690610028	1.39405119626	-0.895990086722	5.5024426904	2.21192352999	-0.536710147138	619
49	0.75	1.0	0.0	4.60174809253	1.72021420622	-0.948621322294	4.8759703845	2.5991232223	-0.581215922339	620
49	1.0	0.0	0.0	6.626119679	-0.250364	-0.279785	6.78962175711	0.356536753069	-0.0735939922157	621
49	1.0	0.25	0.0	6.30553086053	0.298088542104	-0.673014821618	6.4770179797	0.898453406792	-0.490679435295	622
49	1.0	0.5	0.0	5.84902949487	0.874651226566	-0.925374643585	6.0430911082	1.56598416248	-0.690561655916	623
49	1.0	0.75	0.0	5.27177874427	1.38494906975	-1.06133051351	5.50093336141	2.19167080914	-0.768140032868	624
49	1.0	1.0	0.0	4.588941771	1.734607088	-1.105348479	4.86363695811	2.60805513582	-0.818313944941	625
50	0.0	0.0	0.0	6.626119679	-0.250364	-0.279785	6.78962175711	0.356536753069	-0.0735939922157	626
50	0.0	0.25	0.0	6.30553086053	0.298088542104	-0.673014821618	6.4770179797	0.898453406792	-0.490679435295	627
50	0.0	0.5	0.0	5.84902949487	0.874651226566	-0.925374643585	6.0430911082	1.56598416248	-0.690561655916	628
50	0.0	0.75	0.0	5.27177874427	1.38494906975	-1.06133051351	5.50093336141	2.19167080914	-0.768140032868	629
50	0.0	1.0	0.0	4.588941771	1.734607088	-1.105348479	4.86363695811	2.60805513582	-0.818313944941	630
50	0.25	0.0	0.0	6.62698160197	-0.262586808304	-0.295045145189	6.79447292993	0.337727840849	-0.0937088198577	631
50	0.25	0.25	0.0	6.30000405329	0.208811029464	-0.794438461498	6.48341172936	0.790313899934	-0.667405860044	632
50	0.25	0.5	0.0	5.82073886223	0.7673355353	-1.09298904548	6.0423956964	1.43389037388	-0.936491336527	633
50	0.25	0.75	0.0	5.22256956866	1.28686258691	-1.23743655943	5.49055854154	2.07065888599	-1.03580902919	634
50	0.25	1.0	0.0	4.53887971247	1.64126806199	-1.27452066565	4.8470339753	2.50282105958	-1.10020271792	635
50	0.5	0.0	0.0	6.6288778325	-0.28376540154	-0.302389214158	6.80514551012	0.302059819001	-0.111733190225	636
50	0.5	0.25	0.0	6.29051014497	0.116263715726	-0.863104289919	6.49017222458	0.685741478974	-0.785740026267	637
50	0.5	0.5	0.0	5.7842968821	0.632836234815	-1.21885408661	6.03798949048	1.2784470235	-1.1503450723	638
50	0.5	0.75	0.0	5.16174410415	1.12602980006	-1.40825510289	5.4758743523	1.88462800414	-1.32879729583	639
50	0.5	1.0	0.0	4.47435787137	1.45592205577	-1.46992383741	4.83110385449	2.30873597248	-1.44434566433	640
50	0.75	0.0	0.0	6.63077406303	-0.308395044005	-0.306777676049	6.81581809032	0.262940747922	-0.126801953513	641
50	0.75	0.25	0.0	6.28057183458	0.0171539646031	-0.898958934577	6.4943749761	0.573177624811	-0.866638549927	642
50	0.75	0.5	0.0	5.7501796801	0.482026662255	-1.30485510328	6.0296939966	1.10372430295	-1.32413802839	643
50	0.75	0.75	0.0	5.10655053961	0.93787785057	-1.54731219516	5.4578788403	1.6667331508	-1.59369948558	644
50	0.75	1.0	0.0	4.41663735309	1.23636233117	-1.64917622322	4.81503319565	2.07435653684	-1.76972201816	645
50	1.0	0.0	0.0	6.631635986	-0.330971	-0.313171	6.82066926314	0.233778688012	-0.138049959917	646
50	1.0	0.25	0.0	6.27371182116	-0.0918108601897	-0.921949023169	6.49309549467	0.441063818341	-0.931058046986	647
50	1.0	0.5	0.0	5.72886338187	0.325780154764	-1.35287743179	6.01733072089	0.913792403832	-1.44988536994	648
50	1.0	0.75	0.0	5.0742370639	0.757833879836	-1.62813388751	5.43757005214	1.45012931315	-1.77711025125	649
50	1.0	1.0	0.0	4.386979263	1.04038215	-1.769896052	4.79800859874	1.84823941496	-1.99531101338	650
53	0.0	0.0	0.0	6.631635986	-0.330971	-0.313171	6.82066926314	0.233778688012	-0.138049959917	651
53	0.0	0.25	0.0	6.27371182116	-0.0918108601897	-0.921949023169	6.49309549467	0.441063818341	-0.931058046986	652
53	0.0	0.5	0.0	5.72886338187	0.325780154764	-1.35287743179	6.01733072089	0.913792403832	-1.44988536994	653
53	0.0	0.75	0.0	5.0742370639	0.757833879836	-1.62813388751	5.43757005214	1.45012931315	-1.77711025125	654
53	0.0	1.0	0.0	4.386979263	1.04038215	-1.769896052	4.79800859874	1.84823941496	-1.99531101338	655
53	0.25	0.0	0.0	6.62518750366	-0.352810637952	-0.316918095807	6.82214206915	0.209863815405	-0.147624315838	656
53	0.25	0.25	0.0	6.26044645358	-0.254009245227	-0.92466071906	6.48697919391	0.234061297323	-0.968120726319	657
53	0.25	0.5	0.0	5.70100952011	0.0415913439448	-1.36738397286	5.99402151007	0.557220650837	-1.55753830403	658
53	0.25	0.75	0.0	5.04140973277	0.378251905952	-1.67726734991	5.4044191348	0.978685825869	-1.97112027335	659
53	0.25	1.0	0.0	4.37618012105	0.600233217183	-1.88649034292	4.77932218527	1.29780077235	-2.26410985864	660
53	0.5	0.0	0.0	6.6110008425	-0.37358423516	-0.310125145781	6.82538224236	0.184524701954	-0.153651338065	661
53	0.5	0.25	0.0	6.24253359786	-0.422435297714	-0.88442091463	6.48858671997	0.0215242733063	-0.918604247022	662
53	0.5	0.5	0.0	5.67099934294	-0.277122651555	-1.32773678726	5.98706067963	0.161930723194	-1.55301412506	663
53	0.5	0.75	0.0	5.01062400165	-0.0768511102556	-1.66527893808	5.39751961702	0.417774076705	-2.05710716929	664
53	0.5	1.0	0.0	4.37563349788	0.0391745126083	-1.92225354146	4.79667902777	0.601084358929	-2.43110957679	665
53	0.75	0.0	0.0	6.59681418134	-0.393202964789	-0.296508622865	6.82862241557	0.160340456083	-0.152854787402	666
53	0.75	0.25	0.0	6.2273996507	-0.58206939301	-0.815373637994	6.49714154765	-0.166872701025	-0.808946635651	667
53	0.75	0.5	0.0	5.64815122315	-0.587077590064	-1.24926612071	6.00090673055	-0.209834261002	-1.4579436463	668
53	0.75	0.75	0.0	4.98894670768	-0.530847590164	-1.60518990692	5.42361470676	-0.132327349375	-2.03315000057	669
53	0.75	1.0	0.0	4.37966391327	-0.53599942752	-1.89014883253	4.84896221873	-0.0981350916732	-2.46786987973	670
53	1.0	0.0	0.0	6.590365699	-0.411578	-0.279785	6.83009522158	0.139890186216	-0.141958424652	671
53	1.0	0.25	0.0	6.22247100883	-0.717891906473	-0.731662917265	6.51186715176	-0.301455072986	-0.665585918762	672
53	1.0	0.5	0.0	5.64178353354	-0.844989229915	-1.14730221893	6.0400181638	-0.495831183653	-1.29395768098	673
53	1.0	0.75	0.0	4.98344468798	-0.907109955149	-1.51002151138	5.489447612	-0.5713398674	-1.89732782871	674
53	1.0	1.0	0.0	4.382595887	-1.018494067	-1.803139401	4.93505485064	-0.65608284584	-2.34595047936	675
54	0.0	0.0	0.0	6.590365699	-0.411578	-0.279785	6.83009522158	0.139890186216	-0.141958424652	676
54	0.0	0.25	0.0	6.22247100883	-0.717891906473	-0.731662917265	6.51186715176	-0.301455072986	-0.665585918762	677
54	0.0	0.5	0.0	5.64178353354	-0.844989229915	-1.14730221893	6.0400181638	-0.495831183653	-1.29395768098	678
54	0.0	0.75	0.0	4.98344468798	-0.907109955149	-1.51002151138	5.489447612	-0.5713398674	-1.89732782871	679
54	0.0	1.0	0.0	4.382595887	-1.018494067	-1.803139401	4.93505485064	-0.65608284584	-2.34595047936	680
54	0.25	0.0	0.0	6.59706370681	-0.426479485767	-0.262317991294	6.837420773	0.122789587164	-0.110554348952	681
54	0.25	0.25	0.0	6.24250800393	-0.846126597145	-0.635118356401	6.53688291874	-0.415399174868	-0.496107441584	682
54	0.25	0.5	0.0	5.68671687621	-1.10942623725	-1.00226160049	6.10003327452	-0.77136623046	-1.01958421908	683
54	0.25	0.75	0.0	5.05058660666	-1.30432570476	-1.33321228421	5.5831000298	-1.01288815823	-1.54380758605	684
54	0.25	1.0	0.0	4.45501347829	-1.51877229838	-1.5974349682	5.04231137402	-1.20774153678	-1.93160044713	685
54	0.5	0.0	0.0	6.611799324	-0.436755598079	-0.243158762234	6.85353698611	0.107675425626	-0.0607335725046	686
54	0.5	0.25	0.0	6.28145162369	-0.969522370294	-0.518878643863	6.56650529448	-0.530396055849	-0.297009556607	687
54	0.5	0.5	0.0	5.77488888357	-1.39086853133	-0.801749364428	6.15582994613	-1.06231960323	-0.633769297102	688
54	0.5	0.75	0.0	5.18571029406	-1.73976419214	-1.05965103711	5.66401918005	-1.48542848589	-0.984058077742	689
54	0.5	1.0	0.0	4.60751504555	-2.05517946366	-1.26046377509	5.13358123522	-1.79705597318	-1.26092118228	690
54	0.75	0.0	0.0	6.62653494119	-0.442791161351	-0.222154152058	6.86965319922	0.0968018131267	-0.00906741494046	691
54	0.75	0.25	0.0	6.31576244169	-1.05909650965	-0.385091340813	6.58900844302	-0.610592241762	-0.0805796160241	692
54	0.75	0.5	0.0	5.85214216019	-1.60696553267	-0.564063773026	6.19288078978	-1.2751916365	-0.206426892997	693
54	0.75	0.75	0.0	5.30522493096	-2.08119978503	-0.73059517085	5.7164851714	-1.83965707623	-0.359045497564	694
54	0.75	1.0	0.0	4.74456158829	-2.47660082135	-0.856209256438	5.19503651978	-2.24664926609	-0.510871681428	695
54	1.0	0.0	0.0	6.633232949	-0.444971	-0.199151	6.87697875064	0.0924228611926	0.0278728041117	696
54	1.0	0.25	0.0	6.32190103156	-1.08586629894	-0.235904008413	6.59266652842	-0.620134258439	0.140895027972	697
54	1.0	0.5	0.0	5.86431931062	-1.67536666176	-0.307503088563	6.19665841665	-1.3164826648	0.192529015288	698
54	1.0	0.75	0.0	5.32553969813	-2.1964068512	-0.387302086181	5.72477811252	-1.92627015509	0.190263960697	699
54	1.0	1.0	0.0	4.770614106	-2.63192163	-0.448654847	5.21284931321	-2.37914452655	0.141589058833	700
57	0.0	0.0	0.0	6.633232949	-0.444971	-0.199151	6.87697875064	0.0924228611926	0.0278728041117	701
57	0.0	0.25	0.0	6.32190103156	-1.08586629894	-0.235904008413	6.59266652842	-0.620134258439	0.140895027972	702
57	0.0	0.5	0.0	5.86431931062	-1.67536666176	-0.307503088563	6.19665841665	-1.3164826648	0.192529015288	703
57	0.0	0.75	0.0	5.32553969813	-2.1964068512	-0.387302086181	5.72477811252	-1.92627015509	0.190263960697	704
57	0.0	1.0	0.0	4.770614106	-2.63192163	-0.448654847	5.21284931321	-2.37914452655	0.141589058833	705
57	0.25	0.0	0.0	6.62705603244	-0.443166236584	-0.176316614424	6.87052271702	0.0981980045819	0.0665402239502	706
57	0.25	0.25	0.0	6.28972899336	-1.04749971877	-0.105070164904	6.56540290071	-0.576373254273	0.326380562325	707
57	0.25	0.5	0.0	5.79420984351	-1.59167600167	-0.107016725614	6.1425789403	-1.22005098408	0.487906804473	708
57	0.25	0.75	0.0	5.2244316018	-2.07010808406	-0.137903204611	5.65009413637	-1.78186808486	0.574061592742	709
57	0.25	1.0	0.0	4.66432728711	-2.47720896476	-0.153476509953	5.1359917895	-2.21085745664	0.607787569481	710
57	0.5	0.0	0.0	6.613466816	-0.437001777756	-0.155224109174	6.85631944305	0.113097299352	0.122465404578	711
57	0.5	0.25	0.0	6.23577240587	-0.967182509121	0.00375646052607	6.51529153792	-0.513232133186	0.481088775424	712
57	0.5	0.5	0.0	5.67926200347	-1.42069744473	0.0550358175987	6.03965110383	-1.07244700604	0.748509056568	713
57	0.5	0.75	0.0	5.05812161792	-1.80594861222	0.0670683539122	5.49988982993	-1.54265324889	0.944506687408	714
57	0.5	1.0	0.0	4.48653725837	-2.13133803923	0.108308461335	4.96649940538	-1.9019567914	1.08886210734	715
57	0.75	0.0	0.0	6.59987759956	-0.426475430049	-0.135948299337	6.84211616908	0.132358482999	0.176573889793	716
57	0.75	0.25	0.0	6.183656334	-0.860801814788	0.0946687623239	6.46408228158	-0.433133367697	0.609593925716	717
57	0.75	0.5	0.0	5.56927991324	-1.20260922156	0.183582233575	5.9324520903	-0.89804311224	0.963920044663	718
57	0.75	0.75	0.0	4.89628535256	-1.47607935139	0.225823362756	5.33903875345	-1.26718388923	1.25390949472	719
57	0.75	1.0	0.0	4.30420966719	-1.70539390532	0.316423398205	4.77565542922	-1.54536883728	1.49391952398	720
57	1.0	0.0	0.0	6.593700683	-0.411585	-0.118564	6.83566013546	0.151219293022	0.209791223392	721
57	1.0	0.25	0.0	6.15700584262	-0.744244780573	0.171759634936	6.43352497323	-0.338499430321	0.716470271646	722
57	1.0	0.5	0.0	5.5140676956	-0.97758956275	0.283550214816	5.86555908278	-0.721211684242	1.12372404185	723
57	1.0	0.75	0.0	4.80859841177	-1.1526512173	0.336572595288	5.23241446715	-1.01401824796	1.45458026472	724
57	1.0	1.0	0.0	4.184310161	-1.310461615	0.450591632	4.6347431294	-1.23401990071	1.73206667096	725
58	0.0	0.0	0.0	6.593700683	-0.411585	-0.118564	6.83566013546	0.151219293022	0.209791223392	726
58	0.0	0.25	0.0	6.15700584262	-0.744244780573	0.171759634936	6.43352497323	-0.338499430321	0.716470271646	727
58	0.0	0.5	0.0	5.5140676956	-0.97758956275	0.283550214816	5.86555908278	-0.721211684242	1.12372404185	728
58	0.0	0.75	0.0	4.80859841177	-1.1526512173	0.336572595288	5.23241446715	-1.01401824796	1.45458026472	729
58	0.0	1.0	0.0	4.184310161	-1.310461615	0.450591632	4.6347431294	-1.23401990071	1.73206667096	730
58	0.25	0.0	0.0	6.59693733019	-0.393674134827	-0.102765158988	6.8327600412	0.171875082002	0.22545962877	731
58	0.25	0.25	0.0	6.1571321081	-0.61197492839	0.245033042135	6.42084651572	-0.213004896414	0.812106467843	732
58	0.25	0.5	0.0	5.51181157254	-0.721696116456	0.38548928919	5.83819323978	-0.489795473081	1.25217724359	733
58	0.25	0.75	0.0	4.79357604735	-0.786792332363	0.450456048589	5.18588879192	-0.691947578912	1.58933216584	734
58	0.25	1.0	0.0	4.13502585638	-0.871218209451	0.571785786745	4.56502175071	-0.852912144822	1.86723144443	735
58	0.5	0.0	0.0	6.604057954	-0.373402086356	-0.0893186160762	6.82637983384	0.19818596285	0.238619213288	736
58	0.5	0.25	0.0	6.16752178336	-0.46070634498	0.314897795574	6.41152768522	-0.0523731900034	0.895225470971	737
58	0.5	0.5	0.0	5.5288672795	-0.430523806362	0.496767374412	5.82478205763	-0.180366050591	1.36183914155	738
58	0.5	0.75	0.0	4.80884930156	-0.36698982336	0.585662571857	5.16718302552	-0.250586630568	1.70334534855	739
58	0.5	1.0	0.0	4.12822270872	-0.354239748835	0.710955839325	4.53977066335	-0.32782894159	1.98462921549	740
58	0.75	0.0	0.0	6.61117857781	-0.352067994706	-0.0821465151261	6.81999962647	0.225558886876	0.245504355844	741
58	0.75	0.25	0.0	6.1858198668	-0.3074567225	0.36550353823	6.40884617252	0.122137289848	0.946956838871	742
58	0.75	0.5	0.0	5.56660765758	-0.144082770676	0.589621523151	5.82723500601	0.159077910148	1.43066839144	743
58	0.75	0.75	0.0	4.85713357326	0.0398084557966	0.7043348644	5.17123565731	0.234600989746	1.77396076661	744
58	0.75	1.0	0.0	4.16098923695	0.145971551949	0.823770986743	4.53691765681	0.246926770614	2.05415571748	745
58	1.0	0.0	0.0	6.614415225	-0.330971	-0.085171	6.81709953221	0.24940080539	0.242349435336	746
58	1.0	0.25	0.0	6.20967135681	-0.169243753109	0.380999913081	6.41607966839	0.289268144078	0.948430129382	747
58	1.0	0.5	0.0	5.62640554789	0.0976168523927	0.636288788073	5.84746155455	0.480537736056	1.43662364896	748
58	1.0	0.75	0.0	4.94114426128	0.366654651198	0.768615625528	5.19298517663	0.688151674708	1.77851937382	749
58	1.0	1.0	0.0	4.23041396	0.534913478	0.865900426	4.53439052059	0.777052053415	2.04570668374	750
61	0.0	0.0	0.0	6.614415225	-0.330971	-0.085171	6.81709953221	0.24940080539	0.242349435336	751
61	0.0	0.25	0.0	6.20967135681	-0.169243753109	0.380999913081	6.41607966839	0.289268144078	0.948430129382	752
61	0.0	0.5	0.0	5.62640554789	0.0976168523927	0.636288788073	5.84746155455	0.480537736056	1.43662364896	753
61	0.0	0.75	0.0	4.94114426128	0.366654651198	0.768615625528	5.19298517663	0.688151674708	1.77851937382	754
61	0.0	1.0	0.0	4.23041396	0.534913478	0.865900426	4.53439052059	0.777052053415	2.04570668374	755
61	0.25	0.0	0.0	6.61708164281	-0.308198531676	-0.09158817374	6.81673631	0.274896170162	0.228190804214	756
61	0.25	0.25	0.0	6.22940781101	-0.0696033951982	0.368709486737	6.4281124031	0.408835889023	0.919376450887	757
61	0.25	0.5	0.0	5.67598543454	0.245490023165	0.622102266604	5.87838548609	0.677798296011	1.38693473105	758
61	0.25	0.75	0.0	5.01722520024	0.544061108143	0.749454535544	5.23778477301	0.944763188397	1.70569997947	759
61	0.25	1.0	0.0	4.31353779496	0.733089244463	0.831630663245	4.57653947787	1.07271036345	1.95050653095	760
61	0.5	0.0	0.0	6.622947762	-0.283627088598	-0.0958402955884	6.81593722115	0.305457985429	0.206907476124	761
61	0.5	0.25	0.0	6.25552340272	0.0250866228855	0.344843291398	6.44528685097	0.526445688927	0.874396347088	762
61	0.5	0.5	0.0	5.73992130896	0.402071862063	0.574627213586	5.92799091899	0.884825700925	1.29332386488	763
61	0.5	0.75	0.0	5.12020728013	0.750711644793	0.680201067849	5.32009151632	1.2319778952	1.55826668142	764
61	0.5	1.0	0.0	4.44044711564	0.974388986937	0.748254451058	4.67763073406	1.41928214553	1.76380144859	765
61	0.75	0.0	0.0	6.62881388119	-0.26257435122	-0.103106019643	6.81513813229	0.332501094994	0.182610545829	766
61	0.75	0.25	0.0	6.2819792571	0.116666858565	0.292324760135	6.46348419674	0.642866167939	0.79183543662	767
61	0.75	0.5	0.0	5.80413952125	0.549616639409	0.489351930532	5.98072003621	1.08190396487	1.15721498101	768
61	0.75	0.75	0.0	5.22169537646	0.940511609354	0.574081789275	5.40754661799	1.497995281	1.37600460179	769
61	0.75	1.0	0.0	4.56104752549	1.19358838644	0.632620634093	4.78466490939	1.73952091154	1.54545972176	770
61	1.0	0.0	0.0	6.631480299	-0.250358	-0.118564	6.81477491008	0.347440342663	0.159411108089	771
61	1.0	0.25	0.0	6.30273649934	0.206977869264	0.194077326021	6.47858562516	0.758865950205	0.650039338119	772
61	1.0	0.5	0.0	5.85456642157	0.670378625527	0.361764718952	6.0210150207	1.24931710191	0.980032009944	773
61	1.0	0.75	0.0	5.29329436476	1.06736635003	0.444323266656	5.46779128942	1.69101483167	1.1986988627	774
61	1.0	1.0	0.0	4.625244628	1.325463124	0.501578057	4.84464262408	1.95618017336	1.35534963553	775
62	0.0	0.0	0.0	6.631480299	-0.250358	-0.118564	6.81477491008	0.347440342663	0.159411108089	776
62	0.0	0.25	0.0	6.30273649934	0.206977869264	0.194077326021	6.47858562516	0.758865950205	0.650039338119	777
62	0.0	0.5	0.0	5.85456642157	0.670378625527	0.361764718952	6.0210150207	1.24931710191	0.980032009944	778
62	0.0	0.75	0.0	5.29329436476	1.06736635003	0.444323266656	5.46779128942	1.69101483167	1.1986988627	779
62	0.0	1.0	0.0	4.625244628	1.325463124	0.501578057	4.84464262408	1.95618017336	1.35534963553	780
62	0.25	0.0	0.0	6.63423896369	-0.241862533882	-0.138723664459	6.8131487097	0.357929314172	0.138166429158	781
62	0.25	0.25	0.0	6.31325792688	0.274888768734	0.0944197031292	6.4825440198	0.851371132491	0.514005787854	782
62	0.25	0.5	0.0	5.87961266568	0.7452235677	0.225148808805	6.03735583317	1.36820167024	0.802031350703	783
62	0.25	0.75	0.0	5.32261919607	1.12758549766	0.291926288581	5.49289221651	1.81012548613	1.0093667857	784
62	0.25	1.0	0.0	4.63159353401	1.38041819327	0.333214778466	4.86446123655	2.07884713886	1.14313576084	785
62	0.5	0.0	0.0	6.640308026	-0.230750059141	-0.158453165927	6.80957106888	0.373427500771	0.116049895851	786
62	0.5	0.25	0.0	6.31742410012	0.313244228666	0.0151288952101	6.4770851351	0.914131377212	0.413382635991	787
62	0.5	0.5	0.0	5.88779139237	0.788102987797	0.0859212064656	6.03933303548	1.45598229458	0.624460711367	788
62	0.5	0.75	0.0	5.3297859782	1.16848409764	0.0992098141864	5.50572079312	1.91173000552	0.761459767039	789
62	0.5	1.0	0.0	4.62178393301	1.4290454376	0.10028076472	4.88565443113	2.1941242627	0.836555448069	790
62	0.75	0.0	0.0	6.64637708831	-0.22109480483	-0.178385084432	6.80599342805	0.387468466941	0.0937309455081	791
62	0.75	0.25	0.0	6.31702729095	0.333598993607	-0.0778131217841	6.46924347682	0.957191383779	0.295300356507	792
62	0.75	0.5	0.0	5.88234125065	0.813166140505	-0.071376913134	6.03366686535	1.51793537762	0.42429561891	793
62	0.75	0.75	0.0	5.31900986023	1.19920768022	-0.109389629934	5.50791932208	1.98957644781	0.493764954412	794
62	0.75	1.0	0.0	4.6037240125	1.47332465712	-0.142164443637	4.90065657544	2.29199059371	0.516756584707	795
62	1.0	0.0	0.0	6.649135753	-0.216971	-0.199152	6.80436722767	0.393585777161	0.0718790154684	796
62	1.0	0.25	0.0	6.31385977124	0.347507808106	-0.218424371901	6.46605355071	0.990595851604	0.106889423377	797
62	1.0	0.5	0.0	5.8665008895	0.834562280512	-0.26220437506	6.02707756051	1.55933732206	0.178511600308	798
62	1.0	0.75	0.0	5.29450599126	1.22890177566	-0.309435517188	5.50113010625	2.03741287096	0.245069495515	799
62	1.0	1.0	0.0	4.58532196	1.515235652	-0.339061306	4.9019020371	2.36242518076	0.264887058252	800
