Elem	xi[0]	xi[1]	xi[2]	Y[0]	Y[1]	Y[2]	y[0]	y[1]	y[2]	Index
1	0.0	0.0	0.0	0.36984638	2.592769335	-0.213607145	0.470709015944	1.78187986028	0.121415469044	1
1	0.0	0.25	0.0	-0.200969533618	2.46870281306	-0.226010336661	-0.144111693693	1.61665584207	0.144914502087	2
1	0.0	0.5	0.0	-0.749561932055	2.24343033945	-0.285737968059	-0.758778040665	1.4329812166	0.147139457495	3
1	0.0	0.75	0.0	-1.32382101946	1.95755290362	-0.365439214428	-1.36928736332	1.24366591431	0.150476193681	4
1	0.0	1.0	0.0	-1.971637	1.651671495	-0.437763251	-1.971637	1.06151986565	0.177310569063	5
1	0.25	0.0	0.0	0.350155870997	2.48882805073	-0.424242726788	0.448014877887	1.76429178232	-0.233143822759	6
1	0.25	0.25	0.0	-0.204278654922	2.3840687262	-0.447956375	-0.16099806654	1.60318951156	-0.222925875249	7
1	0.25	0.5	0.0	-0.738718546114	2.17159860178	-0.528853009726	-0.764290921632	1.42572029359	-0.241122516315	8
1	0.25	0.75	0.0	-1.3091694465	1.90793709222	-0.608471375825	-1.36634384644	1.2522638102	-0.242731663626	9
1	0.25	1.0	0.0	-1.971637	1.64960361228	-0.628350218159	-1.971637	1.10319974316	-0.182751234854	10
1	0.5	0.0	0.0	0.311078018065	2.26861295899	-0.639175175479	0.406038732076	1.69705325416	-0.659558689734	11
1	0.5	0.25	0.0	-0.213976445235	2.16082205654	-0.700771013462	-0.188858646849	1.53910513949	-0.686482410003	12
1	0.5	0.5	0.0	-0.742140166209	1.97190013718	-0.807996528761	-0.779381536585	1.37374804738	-0.721951332912	13
1	0.5	0.75	0.0	-1.31437354956	1.74485780486	-0.904514699587	-1.37161322501	1.21555658075	-0.746190173049	14
1	0.5	1.0	0.0	-1.971637	1.52270566351	-0.933988504152	-1.971637	1.07910534249	-0.739423645003	15
1	0.75	0.0	0.0	0.271680920351	2.0063446325	-0.84295448768	0.36984956391	1.60257453995	-1.07640829803	16
1	0.75	0.25	0.0	-0.230128370234	1.88284443122	-0.945730617141	-0.212205283796	1.44330484569	-1.14704978434	17
1	0.75	0.5	0.0	-0.763325411873	1.72192873082	-1.07415741963	-0.79789081014	1.29227788867	-1.19310764091	18
1	0.75	0.75	0.0	-1.33984876749	1.53271377488	-1.18731299099	-1.38507779044	1.14772495364	-1.24201741935	19
1	0.75	1.0	0.0	-1.971637	1.32431580698	-1.24427542707	-1.971637	1.00787732534	-1.32121467127	20
1	1.0	0.0	0.0	0.251032677	1.776243644	-1.02013066	0.364516358787	1.50326590383	-1.4022718138	21
1	1.0	0.25	0.0	-0.252799895598	1.63401747737	-1.14411155113	-0.215549826558	1.33469074997	-1.50592268044	22
1	1.0	0.5	0.0	-0.805772902637	1.49927816785	-1.27832457681	-0.813659666911	1.19652322816	-1.55235208894	23
1	1.0	0.75	0.0	-1.38601053911	1.33590373566	-1.39061005533	-1.40671983411	1.06294965657	-1.6123314873	24
1	1.0	1.0	0.0	-1.971637	1.107772201	-1.448808305	-1.971637	0.908156353422	-1.75663232355	25
2	0.0	0.0	0.0	0.251032677	1.776243644	-1.02013066	0.364516358787	1.50326590383	-1.4022718138	26
2	0.0	0.25	0.0	-0.252799895598	1.63401747737	-1.14411155113	-0.215549826558	1.33469074997	-1.50592268044	27
2	0.0	0.5	0.0	-0.805772902637	1.49927816785	-1.27832457681	-0.813659666911	1.19652322816	-1.55235208894	28
2	0.0	0.75	0.0	-1.38601053911	1.33590373566	-1.39061005533	-1.40671983411	1.06294965657	-1.6123314873	29
2	0.0	1.0	0.0	-1.971637	1.107772201	-1.448808305	-1.971637	0.908156353422	-1.75663232355	30
2	0.25	0.0	0.0	0.224538009242	1.5258791019	-1.19798082618	0.355919032982	1.38676030565	-1.73924320602	31
2	0.25	0.25	0.0	-0.287230113165	1.37760227309	-1.32164222049	-0.218485107607	1.20971445461	-1.85228457129	32
2	0.25	0.5	0.0	-0.849141423181	1.25553974122	-1.46098968828	-0.823483888336	1.07088949163	-1.91219483282	33
2	0.25	0.75	0.0	-1.4232567693	1.10190207464	-1.56520649135	-1.42067021665	0.931969104148	-1.98012968055	34
2	0.25	1.0	0.0	-1.971637	0.858899841718	-1.58347589151	-1.971637	0.754636979631	-2.11724480447	35
2	0.5	0.0	0.0	0.174882251566	1.2330888809	-1.37394374328	0.312547069902	1.24631989155	-2.12849283889	36
2	0.5	0.25	0.0	-0.327760903773	1.09518911186	-1.49448769267	-0.242889754208	1.07019271782	-2.23442052003	37
2	0.5	0.5	0.0	-0.873062615599	0.959472917558	-1.65625132713	-0.830965076341	0.908446167099	-2.34169068784	38
2	0.5	0.75	0.0	-1.43102170673	0.794470336949	-1.76887983136	-1.41833034283	0.738555688875	-2.44106922194	39
2	0.5	1.0	0.0	-1.971637	0.568711408971	-1.74201839008	-1.971637	0.537996732643	-2.52332200192	40
2	0.75	0.0	0.0	0.129858797357	0.932990797208	-1.55867706749	0.27162160672	1.07071766647	-2.51027328056	41
2	0.75	0.25	0.0	-0.362731820913	0.81244893447	-1.67279090034	-0.267505919111	0.897925976525	-2.60166468659	42
2	0.75	0.5	0.0	-0.886633395456	0.656344844002	-1.84734294462	-0.835207456165	0.706200601477	-2.74803527219	43
2	0.75	0.75	0.0	-1.42766282293	0.47656031027	-1.96493961769	-1.41030911346	0.502536789931	-2.87196120769	44
2	0.75	1.0	0.0	-1.971637	0.284977117739	-1.90818733686	-1.971637	0.293929790491	-2.89601866342	45
2	1.0	0.0	0.0	0.11726104	0.660702667	-1.762838455	0.270363780608	0.848726635341	-2.82483709917	46
2	1.0	0.25	0.0	-0.380482418077	0.555052681717	-1.86669477619	-0.27107575507	0.67471466764	-2.90335123094	47
2	1.0	0.5	0.0	-0.898950678318	0.391422667684	-2.01749799205	-0.835315253047	0.461160141663	-3.03842420404	48
2	1.0	0.75	0.0	-1.4315375894	0.211123782309	-2.11669539263	-1.40721542935	0.243739786492	-3.14961673402	49
2	1.0	1.0	0.0	-1.971637	0.055467183	-2.065734268	-1.971637	0.0581303312071	-3.15648953646	50
5	0.0	0.0	0.0	0.11726104	0.660702667	-1.762838455	0.270363780608	0.848726635341	-2.82483709917	51
5	0.0	0.25	0.0	-0.380482418077	0.555052681717	-1.86669477619	-0.27107575507	0.67471466764	-2.90335123094	52
5	0.0	0.5	0.0	-0.898950678318	0.391422667684	-2.01749799205	-0.835315253047	0.461160141663	-3.03842420404	53
5	0.0	0.75	0.0	-1.4315375894	0.211123782309	-2.11669539263	-1.40721542935	0.243739786492	-3.14961673402	54
5	0.0	1.0	0.0	-1.971637	0.055467183	-2.065734268	-1.971637	0.0581303312071	-3.15648953646	55
5	0.25	0.0	0.0	0.133740006583	0.0178407126888	-2.11701286416	0.327722380665	0.116483960615	-3.26236895459	56
5	0.25	0.25	0.0	-0.384077659575	-0.0498406473896	-2.17353472192	-0.23792068719	-0.039667487255	-3.29883289688	57
5	0.25	0.5	0.0	-0.91534014845	-0.158833689427	-2.21411868086	-0.824395357654	-0.216347411698	-3.32211886442	58
5	0.25	0.75	0.0	-1.44840681145	-0.280250980937	-2.22004255597	-1.40965100413	-0.384675351064	-3.32725872517	59
5	0.25	1.0	0.0	-1.971637	-0.385205089433	-2.17258416223	-1.971637	-0.515770843702	-3.3092843471	60
5	0.5	0.0	0.0	0.138445249884	-0.750195773717	-2.27200674184	0.372256448974	-0.849960946913	-3.45216913544	61
5	0.5	0.25	0.0	-0.374245719836	-0.782915672876	-2.26265699759	-0.201574376026	-0.973554800125	-3.43032213509	62
5	0.5	0.5	0.0	-0.91028512361	-0.828615177386	-2.21704661197	-0.806247572709	-1.08539651869	-3.37395148066	63
5	0.5	0.75	0.0	-1.44947990311	-0.887068565645	-2.14324929096	-1.4076421208	-1.19477415306	-3.29612014689	64
5	0.5	1.0	0.0	-1.971637	-0.958050116054	-2.04933874051	-1.971637	-1.31097575371	-3.2098911085	65
5	0.75	0.0	0.0	0.148857931493	-1.52248528051	-2.29435200211	0.416115643669	-1.8398650908	-3.42426397865	66
5	0.75	0.25	0.0	-0.349606966793	-1.52413188381	-2.22370622213	-0.162726314318	-1.92442684165	-3.35015845122	67
5	0.75	0.5	0.0	-0.885925476435	-1.51221340289	-2.11520073206	-0.783175994678	-1.96926772893	-3.2451037948	68
5	0.75	0.75	0.0	-1.43497601499	-1.5057007037	-1.97531588262	-1.40091801678	-2.01387118357	-3.11395586866	69
5	0.75	1.0	0.0	-1.971637	-1.52356465215	-1.81053202453	-1.971637	-2.09772063649	-2.96157053205	70
5	1.0	0.0	0.0	0.182459213	-2.178106296	-2.250580559	0.471449622881	-2.64248547462	-3.20867982114	71
5	1.0	0.25	0.0	-0.308781768382	-2.15344876925	-2.14632701447	-0.122065994808	-2.68976318251	-3.11068135093	72
5	1.0	0.5	0.0	-0.844401079561	-2.10391997265	-1.99749998778	-0.757484720024	-2.69124159205	-2.98675754889	73
5	1.0	0.75	0.0	-1.40511429771	-2.03251912697	-1.80524261596	-1.38920792951	-2.66928100665	-2.83852075997	74
5	1.0	1.0	0.0	-1.971637	-1.942245453	-1.570698036	-1.971637	-2.6462417297	-2.66758332916	75
6	0.0	0.0	0.0	0.182459213	-2.178106296	-2.250580559	0.471449622881	-2.64248547462	-3.20867982114	76
6	0.0	0.25	0.0	-0.308781768382	-2.15344876925	-2.14632701447	-0.122065994808	-2.68976318251	-3.11068135093	77
6	0.0	0.5	0.0	-0.844401079561	-2.10391997265	-1.99749998778	-0.757484720024	-2.69124159205	-2.98675754889	78
6	0.0	0.75	0.0	-1.40511429771	-2.03251912697	-1.80524261596	-1.38920792951	-2.66928100665	-2.83852075997	79
6	0.0	1.0	0.0	-1.971637	-1.942245453	-1.570698036	-1.971637	-2.6462417297	-2.66758332916	80
6	0.25	0.0	0.0	0.230252723417	-2.85283775477	-1.99808361867	0.531033962067	-3.38058809596	-2.6588574855	81
6	0.25	0.25	0.0	-0.265681134457	-2.79585025788	-1.89569138182	-0.0858634254681	-3.38344855167	-2.57200501802	82
6	0.25	0.5	0.0	-0.802712205142	-2.69450120522	-1.73994037835	-0.737676475866	-3.33335700776	-2.45269001509	83
6	0.25	0.75	0.0	-1.37365461793	-2.55006247358	-1.53680758389	-1.38072342334	-3.23681591426	-2.31664931023	84
6	0.25	1.0	0.0	-1.97132250212	-2.36380593977	-1.29226997409	-1.97132250212	-3.10032772123	-2.17961973699	85
6	0.5	0.0	0.0	0.26477242535	-3.56462360724	-1.46382323599	0.573639572932	-4.12121964907	-1.7904066019	86
6	0.5	0.25	0.0	-0.239162275522	-3.4772900332	-1.38331004154	-0.0609155090168	-4.08233135552	-1.73026441397	87
6	0.5	0.5	0.0	-0.778994900957	-3.30881983767	-1.25598523345	-0.727209520875	-3.96605606358	-1.62775240275	88
6	0.5	0.75	0.0	-1.35583655432	-3.0995094805	-1.09441097474	-1.37918846381	-3.80527542032	-1.51549257179	89
6	0.5	1.0	0.0	-1.97079833899	-2.88965542158	-0.911149428411	-1.97079833899	-3.63287107283	-1.42610692462	90
6	0.75	0.0	0.0	0.285607513608	-4.12290664934	-0.808176981563	0.602933059036	-4.69289713973	-0.819024073062	91
6	0.75	0.25	0.0	-0.227346034172	-4.01872757963	-0.758400713421	-0.0412508543511	-4.62961750557	-0.791516646405	92
6	0.75	0.5	0.0	-0.771800077215	-3.80192984781	-0.682601766958	-0.717105555861	-4.46243807145	-0.725045997394	93
6	0.75	0.75	0.0	-1.35162557984	-3.54474400507	-0.591107767164	-1.37634759127	-4.2551195325	-0.654427951634	94
6	0.75	1.0	0.0	-1.97069350636	-3.3194006026	-0.49424633903	-1.97069350636	-4.07142258386	-0.614478334728	95
6	1.0	0.0	0.0	0.292347183	-4.337129677	-0.191522426	0.622581023939	-4.92413757368	0.0395931983195	96
6	1.0	0.25	0.0	-0.228353253002	-4.2411223816	-0.17018111729	-0.0208980703681	-4.86851291332	0.0381811770424	97
6	1.0	0.5	0.0	-0.779678644124	-4.02888521348	-0.156757192744	-0.698386281638	-4.6956023433	0.0423279154526	98
6	1.0	0.75	0.0	-1.36098716743	-3.74964990462	-0.139952939826	-1.3639453461	-4.46680825847	0.0471671432248	99
6	1.0	1.0	0.0	-1.971637	-3.452648187	-0.108470646	-1.971637	-4.24353305363	0.0478325900339	100
9	0.0	0.0	0.0	0.292347183	-4.337129677	-0.191522426	0.622581023939	-4.92413757368	0.0395931983195	101
9	0.0	0.25	0.0	-0.228353253002	-4.2411223816	-0.17018111729	-0.0208980703681	-4.86851291332	0.0381811770424	102
9	0.0	0.5	0.0	-0.779678644124	-4.02888521348	-0.156757192744	-0.698386281638	-4.6956023433	0.0423279154526	103
9	0.0	0.75	0.0	-1.36098716743	-3.74964990462	-0.139952939826	-1.3639453461	-4.46680825847	0.0471671432248	104
9	0.0	1.0	0.0	-1.971637	-3.452648187	-0.108470646	-1.971637	-4.24353305363	0.0478325900339	105
9	0.25	0.0	0.0	0.275958542229	-4.13565980137	0.354026043542	0.619818650013	-4.76325057965	0.803205109404	106
9	0.25	0.25	0.0	-0.241039389398	-4.06405227566	0.350224636177	-0.0144644014795	-4.72930021688	0.773110804655	107
9	0.25	0.5	0.0	-0.793043913793	-3.88767235637	0.314996767645	-0.690680496361	-4.58345907434	0.717020947086	108
9	0.25	0.75	0.0	-1.37327740801	-3.62555304406	0.274955488013	-1.36034224284	-4.37224083247	0.661750304031	109
9	0.25	1.0	0.0	-1.97496224912	-3.29672733929	0.256713847347	-1.97496224912	-4.14215917174	0.634113642825	110
9	0.5	0.0	0.0	0.239976908244	-3.66766766206	0.948820773242	0.593095497766	-4.35164744198	1.69392404083	111
9	0.5	0.25	0.0	-0.262243735465	-3.6273940496	0.919296884787	-0.0274528783462	-4.3410028736	1.63159428574	112
9	0.5	0.5	0.0	-0.806864586867	-3.4897991205	0.853293146031	-0.702100530108	-4.23342886777	1.53946364958	113
9	0.5	0.75	0.0	-1.38318075742	-3.2765487875	0.76930796194	-1.37254588202	-4.07332719804	1.44973873584	114
9	0.5	1.0	0.0	-1.98048735858	-3.00930896332	0.685839737478	-1.98048735858	-3.90509963796	1.39462614802	115
9	0.75	0.0	0.0	0.203021630387	-3.08232467948	1.44388517357	0.556486108795	-3.80595456994	2.51069025724	116
9	0.75	0.25	0.0	-0.283681588786	-3.07795574863	1.39374944308	-0.0500553297665	-3.82949838121	2.42074526281	117
9	0.75	0.5	0.0	-0.818760633163	-2.98443973015	1.30540076275	-0.71877967843	-3.77279792555	2.30810853853	118
9	0.75	0.75	0.0	-1.39012240055	-2.83406936114	1.18468427773	-1.38541110787	-3.67795823529	2.19680676934	119
9	0.75	1.0	0.0	-1.98567378876	-2.6591373787	1.03744513312	-1.98567378876	-3.5870843428	2.11086664014	120
9	1.0	0.0	0.0	0.183712058	-2.528802274	1.690242655	0.524065024696	-3.24279837278	3.05244402326	121
9	1.0	0.25	0.0	-0.297068246947	-2.56254541799	1.63029612558	-0.0724635845385	-3.32066423745	2.94767737837	122
9	1.0	0.5	0.0	-0.826352022498	-2.52076840961	1.51858843815	-0.726851236884	-3.3288524496	2.82140812955	123
9	1.0	0.75	0.0	-1.3935275223	-2.42954699118	1.36266423115	-1.38379276461	-3.29402482433	2.68862873518	124
9	1.0	1.0	0.0	-1.987983	-2.314956905	1.170068143	-1.987983	-3.24284317673	2.56433165367	125
10	0.0	0.0	0.0	0.183712058	-2.528802274	1.690242655	0.524065024696	-3.24279837278	3.05244402326	126
10	0.0	0.25	0.0	-0.297068246947	-2.56254541799	1.63029612558	-0.0724635845385	-3.32066423745	2.94767737837	127
10	0.0	0.5	0.0	-0.826352022498	-2.52076840961	1.51858843815	-0.726851236884	-3.3288524496	2.82140812955	128
10	0.0	0.75	0.0	-1.3935275223	-2.42954699118	1.36266423115	-1.38379276461	-3.29402482433	2.68862873518	129
10	0.0	1.0	0.0	-1.987983	-2.314956905	1.170068143	-1.987983	-3.24284317673	2.56433165367	130
10	0.25	0.0	0.0	0.184970362183	-1.97784601388	1.6932757932	0.509030768965	-2.6053109167	3.30573131547	131
10	0.25	0.25	0.0	-0.298793972022	-2.02084500858	1.6387718108	-0.0830122302259	-2.70666674558	3.22531452794	132
10	0.25	0.5	0.0	-0.83073784712	-1.98993851164	1.51708864272	-0.722188314677	-2.73661886036	3.12032218857	133
10	0.25	0.75	0.0	-1.39751505487	-1.91155103276	1.34710306786	-1.36945739631	-2.71482046812	2.99488581411	134
10	0.25	1.0	0.0	-1.98577938704	-1.81210708161	1.1476918651	-1.98577938704	-2.66092477595	2.85313692128	135
10	0.5	0.0	0.0	0.203309229424	-1.31628230908	1.58524695488	0.515278182344	-1.80473284667	3.41410479172	136
10	0.5	0.25	0.0	-0.284986796752	-1.35624785115	1.54523342328	-0.0794880107257	-1.89727518381	3.37107435886	137
10	0.5	0.5	0.0	-0.827154301103	-1.33213264472	1.4395746762	-0.717836486093	-1.93496129348	3.28438915497	138
10	0.5	0.75	0.0	-1.40009548917	-1.2701405022	1.29187378947	-1.36362531445	-1.93135901418	3.16830112742	139
10	0.5	1.0	0.0	-1.9807125665	-1.19647523599	1.12573383893	-1.9807125665	-1.90003618445	3.03706222357	140
10	0.75	0.0	0.0	0.248280613953	-0.629734689247	1.39825668112	0.546201370598	-0.97794917613	3.36893175592	141
10	0.75	0.25	0.0	-0.246035116991	-0.665744220107	1.37230037454	-0.057082369389	-1.05421499493	3.3582297357	142
10	0.75	0.5	0.0	-0.803594485289	-0.651507433624	1.29871286887	-0.707809953703	-1.09393643382	3.28920917005	143
10	0.75	0.75	0.0	-1.39108507313	-0.608374316545	1.19473888613	-1.36188083419	-1.10765192554	3.18558367224	144
10	0.75	1.0	0.0	-1.97519446271	-0.557694855622	1.07762314829	-1.97519446271	-1.10589990284	3.07106685552	145
10	1.0	0.0	0.0	0.32943647	-0.003826684	1.164405513	0.605194439493	-0.261844918515	3.16157951194	146
10	1.0	0.25	0.0	-0.172327328592	-0.0463243898382	1.14259207613	-0.0109867495667	-0.339211621749	3.160053523	147
10	1.0	0.5	0.0	-0.748051500517	-0.0522195030938	1.10716955105	-0.68612292008	-0.383600966243	3.11038237514	148
10	1.0	0.75	0.0	-1.36030005468	-0.0293113928026	1.05346084794	-1.35980827068	-0.407710665176	3.02344244571	149
10	1.0	1.0	0.0	-1.971637	0.014600572	0.976788877	-1.971637	-0.424238431726	2.91011011209	150
13	0.0	0.0	0.0	0.32943647	-0.003826684	1.164405513	0.605194439493	-0.261844918515	3.16157951194	151
13	0.0	0.25	0.0	-0.172327328592	-0.0463243898382	1.14259207613	-0.0109867495667	-0.339211621749	3.160053523	152
13	0.0	0.5	0.0	-0.748051500517	-0.0522195030938	1.10716955105	-0.68612292008	-0.383600966243	3.11038237514	153
13	0.0	0.75	0.0	-1.36030005468	-0.0293113928026	1.05346084794	-1.35980827068	-0.407710665176	3.02344244571	154
13	0.0	1.0	0.0	-1.971637	0.014600572	0.976788877	-1.971637	-0.424238431726	2.91011011209	155
13	0.25	0.0	0.0	0.3867113612	0.388587593232	0.996248837434	0.630426030739	0.107164802407	2.90822823313	156
13	0.25	0.25	0.0	-0.124738946075	0.329015278576	0.972687714791	0.00748650166048	0.0140838727253	2.89996930754	157
13	0.25	0.5	0.0	-0.71096535738	0.297420365113	0.953151622209	-0.674049860532	-0.0416016026954	2.85344836727	158
13	0.25	0.75	0.0	-1.33780248822	0.289465281297	0.91653034426	-1.3537260233	-0.0782235289706	2.77122057628	159
13	0.25	1.0	0.0	-1.9710849541	0.300812455586	0.841713665511	-1.9710849541	-0.114113811216	2.65584109854	160
13	0.5	0.0	0.0	0.430781707382	0.808703310524	0.830081401506	0.626619666685	0.431477185801	2.56724894352	161
13	0.5	0.25	0.0	-0.0938300018127	0.734018214361	0.80023668127	-0.00028848342189	0.328802850399	2.54571676253	162
13	0.5	0.5	0.0	-0.685749176459	0.683063394497	0.774750649949	-0.672758847507	0.273981154595	2.47977538197	163
13	0.5	0.75	0.0	-1.31988490916	0.638958298209	0.727285746597	-1.3449814443	0.232248882018	2.38253366292	164
13	0.5	1.0	0.0	-1.97114629253	0.584822372775	0.631504410272	-1.97114629253	0.1688428163	2.26710046649	165
13	0.75	0.0	0.0	0.468011803122	1.21690169405	0.696728220825	0.617869795197	0.726042824664	2.20414844681	166
13	0.75	0.25	0.0	-0.067761801694	1.13289164296	0.652990433817	-0.0132395276344	0.616261975585	2.16645496904	167
13	0.75	0.5	0.0	-0.662521889338	1.05655327468	0.605924726172	-0.675583066017	0.554841008192	2.07789122435	168
13	0.75	0.75	0.0	-1.30188132771	0.96870079177	0.533273026683	-1.33853086877	0.500343352124	1.96415343237	169
13	0.75	1.0	0.0	-1.9714529847	0.850148396827	0.412777264148	-1.9714529847	0.41133243702	1.85093781274	170
13	1.0	0.0	0.0	0.504765943	1.57356397	0.627014311	0.628270864138	1.00581231199	1.88443354671	171
13	1.0	0.25	0.0	-0.0346956516069	1.48984278983	0.558700430679	-0.0102944537977	0.887777912596	1.83134300814	172
13	1.0	0.5	0.0	-0.631402427604	1.36973369527	0.480631942786	-0.675855701074	0.792671660663	1.73632369954	173
13	1.0	0.75	0.0	-1.27912575405	1.22822589582	0.38203815625	-1.33933063178	0.702696665681	1.62285161137	174
13	1.0	1.0	0.0	-1.971637	1.080308601	0.25214838	-1.971637	0.60005603714	1.51440273408	175
14	0.0	0.0	0.0	0.504765943	1.57356397	0.627014311	0.628270864138	1.00581231199	1.88443354671	176
14	0.0	0.25	0.0	-0.0346956516069	1.48984278983	0.558700430679	-0.0102944537977	0.887777912596	1.83134300814	177
14	0.0	0.5	0.0	-0.631402427604	1.36973369527	0.480631942786	-0.675855701074	0.792671660663	1.73632369954	178
14	0.0	0.75	0.0	-1.27912575405	1.22822589582	0.38203815625	-1.33933063178	0.702696665681	1.62285161137	179
14	0.0	1.0	0.0	-1.971637	1.080308601	0.25214838	-1.971637	0.60005603714	1.51440273408	180
14	0.25	0.0	0.0	0.502704441854	1.88720616276	0.528341708993	0.617901314122	1.25442677153	1.5443460451	181
14	0.25	0.25	0.0	-0.041350517939	1.79052472787	0.44998255891	-0.0208377751438	1.12211603034	1.49385958982	182
14	0.25	0.5	0.0	-0.635010131172	1.62157656933	0.359033741437	-0.686194543068	0.984560814612	1.41972056042	183
14	0.25	0.75	0.0	-1.27839781836	1.42352096654	0.249449903092	-1.34688796093	0.848905258174	1.32988876373	184
14	0.25	1.0	0.0	-1.971637	1.23951719888	0.115185690392	-1.971637	0.722293494853	1.23232400656	185
14	0.5	0.0	0.0	0.455666787907	2.2288170659	0.316966391479	0.564032193949	1.50117505716	1.06191825574	186
14	0.5	0.25	0.0	-0.099264437493	2.10512689687	0.249400159528	-0.0650231315562	1.35211935762	1.02799067157	187
14	0.5	0.5	0.0	-0.68043111333	1.90176395866	0.160329780889	-0.714254155927	1.18762402364	0.977357556469	188
14	0.5	0.75	0.0	-1.30037478553	1.6568543586	0.0466995188838	-1.35825930385	1.01837439886	0.911582579297	189
14	0.5	1.0	0.0	-1.971637	1.40852420404	-0.0945463631665	-1.971637	0.855055826909	0.832229408913	190
14	0.75	0.0	0.0	0.399448820757	2.49760276233	0.0504596697265	0.502891946821	1.69425885727	0.549993592438	191
14	0.75	0.25	0.0	-0.166462434607	2.35680201816	0.00729020388631	-0.115298459063	1.53217144475	0.542190795092	192
14	0.75	0.5	0.0	-0.730877628738	2.13436037733	-0.0698155764222	-0.743845126257	1.35328844016	0.517181563543	193
14	0.75	0.75	0.0	-1.32290105331	1.85820527122	-0.175250889311	-1.36765549362	1.16524698511	0.480817056481	194
14	0.75	1.0	0.0	-1.971637	1.55626413117	-0.303408952891	-1.971637	0.975684221209	0.438948432595	195
14	1.0	0.0	0.0	0.36984638	2.592769335	-0.213607145	0.470709015944	1.78187986028	0.121415469044	196
14	1.0	0.25	0.0	-0.200969533618	2.46870281306	-0.226010336661	-0.144111693693	1.61665584207	0.144914502087	197
14	1.0	0.5	0.0	-0.749561932055	2.24343033945	-0.285737968059	-0.758778040665	1.4329812166	0.147139457495	198
14	1.0	0.75	0.0	-1.32382101946	1.95755290362	-0.365439214428	-1.36928736332	1.24366591431	0.150476193681	199
14	1.0	1.0	0.0	-1.971637	1.651671495	-0.437763251	-1.971637	1.06151986565	0.177310569063	200
17	0.0	0.0	0.0	4.58532196	1.515235652	-0.339061306	5.21751048748	2.28176407846	0.108855670999	201
17	0.0	0.25	0.0	4.03259046897	1.77657941769	-0.325144489533	4.65929576828	2.3691897069	0.110268489082	202
17	0.0	0.5	0.0	3.56705278995	2.11703004263	-0.281389719616	4.07054872099	2.34211844329	0.11719805231	203
17	0.0	0.75	0.0	3.1341936102	2.40692773925	-0.237334511391	3.48486552323	2.25318917972	0.119652891247	204
17	0.0	1.0	0.0	2.679497617	2.51661272	-0.22251638	2.93584235263	2.15504080831	0.107641536458	205
17	0.25	0.0	0.0	4.58294711116	1.57535156624	-0.518768025786	5.18882260079	2.32629524514	-0.136897192808	206
17	0.25	0.25	0.0	4.0359331884	1.82666262721	-0.505923945461	4.63334258987	2.40913298167	-0.145829199014	207
17	0.25	0.5	0.0	3.5525056593	2.13989309566	-0.470109192209	4.04260516289	2.368194074	-0.148155527669	208
17	0.25	0.75	0.0	3.10002272965	2.39732293195	-0.429986771687	3.45492572548	2.26598139926	-0.152395448033	209
17	0.25	1.0	0.0	2.64584260523	2.48123209648	-0.404219689548	2.90861968327	2.1649978346	-0.16706822937	210
17	0.5	0.0	0.0	4.59408618062	1.65540339164	-0.737524601219	5.15688465504	2.37409691931	-0.455910297692	211
17	0.5	0.25	0.0	4.04148439511	1.88167662218	-0.727216385766	4.6001387278	2.43913859653	-0.465319751649	212
17	0.5	0.5	0.0	3.51522101607	2.14082773042	-0.692399630056	3.99526289738	2.3711280402	-0.464438890833	213
17	0.5	0.75	0.0	3.01908572993	2.33416584687	-0.64700881839	3.39207100899	2.2416128564	-0.468947065188	214
17	0.5	1.0	0.0	2.55686822309	2.363000102	-0.60497843507	2.84037690782	2.12214065124	-0.494523624659	215
17	0.75	0.0	0.0	4.60174809253	1.72021420622	-0.948621322294	5.12610081466	2.40130936527	-0.773404641076	216
17	0.75	0.25	0.0	4.04281676076	1.91797964432	-0.941383419647	4.56690974013	2.44846892895	-0.781591647942	217
17	0.75	0.5	0.0	3.47602063129	2.11706317518	-0.907553121195	3.94922072711	2.35649194212	-0.775404704373	218
17	0.75	0.75	0.0	2.93828835279	2.24188799383	-0.855526496482	3.3315348528	2.20252874098	-0.777668946809	219
17	0.75	1.0	0.0	2.46654857391	2.21687729527	-0.793699615057	2.77235319438	2.06372966173	-0.811209511687	220
17	1.0	0.0	0.0	4.588941771	1.734607088	-1.105348479	5.10087524413	2.38407284735	-1.01460122038	221
17	1.0	0.25	0.0	4.03350295702	1.91192993534	-1.1007866563	4.54088118493	2.42638635637	-1.02803336701	222
17	1.0	0.5	0.0	3.45572627601	2.06582865818	-1.07486175367	3.92517745473	2.32985737998	-1.02480563548	223
17	1.0	0.75	0.0	2.90453633998	2.14492088268	-1.02266565095	3.30855073595	2.17117424282	-1.02622807949	224
17	1.0	1.0	0.0	2.428857761	2.097824235	-0.939290228	2.74578771102	2.02702526954	-1.05361075273	225
18	0.0	0.0	0.0	2.679497617	2.51661272	-0.22251638	2.93584235263	2.15504080831	0.107641536458	226
18	0.0	0.25	0.0	2.13286081376	2.52466233703	-0.230325232095	2.34635734035	2.07191745908	0.0892970811733	227
18	0.0	0.5	0.0	1.5404710555	2.56940288614	-0.232405843883	1.70732449109	1.99231183322	0.0837222889359	228
18	0.0	0.75	0.0	0.94018176874	2.60678750593	-0.22731441498	1.06626723844	1.90078045789	0.093550603606	229
18	0.0	1.0	0.0	0.36984638	2.592769335	-0.213607145	0.470709015944	1.78187986028	0.121415469044	230
18	0.25	0.0	0.0	2.64584260523	2.48123209648	-0.404219689548	2.90861968327	2.1649978346	-0.16706822937	231
18	0.25	0.25	0.0	2.11211730202	2.46379089108	-0.404324666737	2.32695086535	2.08073292578	-0.197086403859	232
18	0.25	0.5	0.0	1.51958185443	2.47832053947	-0.418761876255	1.68952224417	1.98984346002	-0.229386349395	233
18	0.25	0.75	0.0	0.916255098677	2.49620495493	-0.430933751729	1.04649114119	1.88635466847	-0.247046133267	234
18	0.25	1.0	0.0	0.350155870997	2.48882805073	-0.424242726788	0.448014877887	1.76429178232	-0.233143822759	235
18	0.5	0.0	0.0	2.55686822309	2.363000102	-0.60497843507	2.84037690782	2.12214065124	-0.494523624659	236
18	0.5	0.25	0.0	2.04193064644	2.30887055969	-0.586412479262	2.2695223473	2.02968671117	-0.540537589239	237
18	0.5	0.5	0.0	1.45301684378	2.29732593107	-0.594271137395	1.63802634007	1.93243461637	-0.589618873439	238
18	0.5	0.75	0.0	0.854581179516	2.29502160217	-0.616032629468	0.999121072786	1.82376368972	-0.632411299518	239
18	0.5	1.0	0.0	0.311078018065	2.26861295899	-0.639175175479	0.406038732076	1.69705325416	-0.659558689734	240
18	0.75	0.0	0.0	2.46654857391	2.21687729527	-0.793699615057	2.77235319438	2.06372966173	-0.811209511687	241
18	0.75	0.25	0.0	1.96782908894	2.13168726143	-0.752012688192	2.20961928147	1.96093745091	-0.868216355328	242
18	0.75	0.5	0.0	1.38287250523	2.09694554068	-0.750474816438	1.58472466488	1.85686121319	-0.928740287549	243
18	0.75	0.75	0.0	0.791037042468	2.06953653153	-0.782863062149	0.953018405416	1.74093041929	-0.996798528425	244
18	0.75	1.0	0.0	0.271680920351	2.0063446325	-0.84295448768	0.36984956391	1.60257453995	-1.07640829803	245
18	1.0	0.0	0.0	2.428857761	2.097824235	-0.939290228	2.74578771102	2.02702526954	-1.05361075273	246
18	1.0	0.25	0.0	1.93534087146	2.00402691487	-0.876549312055	2.18278916314	1.91664378066	-1.10728258249	247
18	1.0	0.5	0.0	1.35124532047	1.94770584801	-0.878914102522	1.56150510465	1.79989916143	-1.17851559608	248
18	1.0	0.75	0.0	0.761499718746	1.8860488269	-0.931677063728	0.937044511279	1.66577775483	-1.27446145326	249
18	1.0	1.0	0.0	0.251032677	1.776243644	-1.02013066	0.364516358787	1.50326590383	-1.4022718138	250
19	0.0	0.0	0.0	4.588941771	1.734607088	-1.105348479	5.10087524413	2.38407284735	-1.01460122038	251
19	0.0	0.25	0.0	4.03350295702	1.91192993534	-1.1007866563	4.54088118493	2.42638635637	-1.02803336701	252
19	0.0	0.5	0.0	3.45572627601	2.06582865818	-1.07486175367	3.92517745473	2.32985737998	-1.02480563548	253
19	0.0	0.75	0.0	2.90453633998	2.14492088268	-1.02266565095	3.30855073595	2.17117424282	-1.02622807949	254
19	0.0	1.0	0.0	2.428857761	2.097824235	-0.939290228	2.74578771102	2.02702526954	-1.05361075273	255
19	0.25	0.0	0.0	4.53887971247	1.64126806199	-1.27452066565	5.06837677647	2.26457634482	-1.29623745412	256
19	0.25	0.25	0.0	3.99862965259	1.79443100884	-1.27132381598	4.51252863169	2.31672960378	-1.33203029347	257
19	0.25	0.5	0.0	3.43127535868	1.90673904661	-1.25287579287	3.9063517443	2.24274095456	-1.35274288238	258
19	0.25	0.75	0.0	2.88538945709	1.95122969787	-1.20305768477	3.29810040567	2.1078108341	-1.36855600188	259
19	0.25	1.0	0.0	2.40954457419	1.90094048517	-1.10575058014	2.73602890713	1.97713967936	-1.38965043295	260
19	0.5	0.0	0.0	4.47435787137	1.45592205577	-1.46992383741	5.03132981137	2.05867257762	-1.64246688915	261
19	0.5	0.25	0.0	3.94930580997	1.57998091378	-1.46213975295	4.48247583318	2.12279638956	-1.70222775583	262
19	0.5	0.5	0.0	3.38512499636	1.65860986584	-1.42611789106	3.87414592726	2.08141110643	-1.74025245254	263
19	0.5	0.75	0.0	2.83646455333	1.67454480279	-1.3631056818	3.26223133959	1.98137341197	-1.76909349905	264
19	0.5	1.0	0.0	2.35797360368	1.61052161543	-1.27435055523	2.70262331615	1.86953998989	-1.80130341513	265
19	0.75	0.0	0.0	4.41663735309	1.23636233117	-1.64917622322	5.00203413858	1.81810587881	-1.9707119699	266
19	0.75	0.25	0.0	3.90705862442	1.33173524331	-1.64353646075	4.46065683426	1.89076587656	-2.05668291973	267
19	0.75	0.5	0.0	3.34726770987	1.37996849755	-1.59180877895	3.84838131253	1.8752727656	-2.11265391294	268
19	0.75	0.75	0.0	2.79623976836	1.37013706274	-1.5193561229	3.23101273303	1.80364935891	-2.15695766285	269
19	0.75	1.0	0.0	2.31294995882	1.29131590773	-1.4515414377	2.67435625542	1.70791846947	-2.20792688279	270
19	1.0	0.0	0.0	4.386979263	1.04038215	-1.769896052	4.99278954791	1.59462058141	-2.19839514081	271
19	1.0	0.25	0.0	3.8934152912	1.11284959056	-1.78581593295	4.45700567979	1.66681722766	-2.31345295081	272
19	1.0	0.5	0.0	3.34769602001	1.1293423234	-1.74716918726	3.84887920904	1.65373086207	-2.39526683056	273
19	1.0	0.75	0.0	2.80319324182	1.09327734304	-1.68835548894	3.23451378131	1.5864260574	-2.46126558509	274
19	1.0	1.0	0.0	2.313278749	1.008071644	-1.643774512	2.68001304224	1.49596738643	-2.52887801944	275
20	0.0	0.0	0.0	2.428857761	2.097824235	-0.939290228	2.74578771102	2.02702526954	-1.05361075273	276
20	0.0	0.25	0.0	1.93534087146	2.00402691487	-0.876549312055	2.18278916314	1.91664378066	-1.10728258249	277
20	0.0	0.5	0.0	1.35124532047	1.94770584801	-0.878914102522	1.56150510465	1.79989916143	-1.17851559608	278
20	0.0	0.75	0.0	0.761499718746	1.8860488269	-0.931677063728	0.937044511279	1.66577775483	-1.27446145326	279
20	0.0	1.0	0.0	0.251032677	1.776243644	-1.02013066	0.364516358787	1.50326590383	-1.4022718138	280
20	0.25	0.0	0.0	2.40954457419	1.90094048517	-1.10575058014	2.73602890713	1.97713967936	-1.38965043295	281
20	0.25	0.25	0.0	1.91197188519	1.81368863027	-1.03166408453	2.16524605808	1.86148285347	-1.43178693889	282
20	0.25	0.5	0.0	1.32793630482	1.74468467823	-1.04223737959	1.54161877548	1.72694146741	-1.50338104699	283
20	0.25	0.75	0.0	0.738453217897	1.66004328384	-1.10762483644	0.920169090167	1.56990434389	-1.60550804134	284
20	0.25	1.0	0.0	0.224538009242	1.5258791019	-1.19798082618	0.355919032982	1.38676030565	-1.73924320602	285
20	0.5	0.0	0.0	2.35797360368	1.61052161543	-1.27435055523	2.70262331615	1.86953998989	-1.80130341513	286
20	0.5	0.25	0.0	1.85631080712	1.51432935653	-1.2200408809	2.12722102633	1.74755132775	-1.85718335646	287
20	0.5	0.5	0.0	1.27602909203	1.43630590541	-1.23997171032	1.49856599321	1.59729262471	-1.93724814508	288
20	0.5	0.75	0.0	0.690946794738	1.35103212568	-1.30199025921	0.874420560007	1.42735257967	-2.03113792467	289
20	0.5	1.0	0.0	0.174882251566	1.2330888809	-1.37394374328	0.312547069902	1.24631989155	-2.12849283889	290
20	0.75	0.0	0.0	2.31294995882	1.29131590773	-1.4515414377	2.67435625542	1.70791846947	-2.20792688279	291
20	0.75	0.25	0.0	1.80513898204	1.18396857925	-1.42700710778	2.09667158407	1.58069184008	-2.28459017708	292
20	0.75	0.5	0.0	1.22940108853	1.09873614217	-1.45386245087	1.46438664493	1.4177095968	-2.37326749092	293
20	0.75	0.75	0.0	0.649664839809	1.02021231025	-1.50634119483	0.83640284886	1.24053158911	-2.45486110013	294
20	0.75	1.0	0.0	0.129858797357	0.932990797208	-1.55867706749	0.27162160672	1.07071766647	-2.51027328056	295
20	1.0	0.0	0.0	2.313278749	1.008071644	-1.643774512	2.68001304224	1.49596738643	-2.52887801944	296
20	1.0	0.25	0.0	1.79523775473	0.900625784048	-1.63789017174	2.10155524747	1.36674702703	-2.61512574263	297
20	1.0	0.5	0.0	1.22192970076	0.80814200112	-1.6656549574	1.4711206177	1.19494934717	-2.70458968508	298
20	1.0	0.75	0.0	0.645291743652	0.728780795381	-1.71224550612	0.842719884789	1.01185049917	-2.78018756464	299
20	1.0	1.0	0.0	0.11726104	0.660702667	-1.762838455	0.270363780608	0.848726635341	-2.82483709917	300
25	0.0	0.0	0.0	4.386979263	1.04038215	-1.769896052	4.99278954791	1.59462058141	-2.19839514081	301
25	0.0	0.25	0.0	3.8934152912	1.11284959056	-1.78581593295	4.45700567979	1.66681722766	-2.31345295081	302
25	0.0	0.5	0.0	3.34769602001	1.1293423234	-1.74716918726	3.84887920904	1.65373086207	-2.39526683056	303
25	0.0	0.75	0.0	2.80319324182	1.09327734304	-1.68835548894	3.23451378131	1.5864260574	-2.46126558509	304
25	0.0	1.0	0.0	2.313278749	1.008071644	-1.643774512	2.68001304224	1.49596738643	-2.52887801944	305
25	0.25	0.0	0.0	4.37618012105	0.600233217183	-1.88649034292	5.02191684667	1.04561188116	-2.45255438313	306
25	0.25	0.25	0.0	3.91104378979	0.622523845973	-1.97018254557	4.50037143092	1.07930775865	-2.62991687432	307
25	0.25	0.5	0.0	3.39980906553	0.566798662799	-2.00286899228	3.9180896136	1.01628811674	-2.77826617041	308
25	0.25	0.75	0.0	2.87705618441	0.470081670269	-2.00728813015	3.32597474021	0.902631572773	-2.89878202574	309
25	0.25	1.0	0.0	2.37736538258	0.369396870991	-2.00617840623	2.77493015627	0.784416744065	-2.99264419467	310
25	0.5	0.0	0.0	4.37563349788	0.0391745126083	-1.92225354146	5.07599034202	0.325210921947	-2.58451310037	311
25	0.5	0.25	0.0	3.92605321869	0.002218403757	-2.05362708072	4.57290926725	0.291994981095	-2.80661533247	312
25	0.5	0.5	0.0	3.42732848166	-0.108359742096	-2.13398669118	4.01254605492	0.168539405345	-2.99640540589	313
25	0.5	0.75	0.0	2.91204127841	-0.251002254653	-2.18111993333	3.43774689824	0.000914643480923	-3.14863572462	314
25	0.5	1.0	0.0	2.4127736006	-0.384151463613	-2.21281436767	2.89135799042	-0.164808855714	-3.25805869266	315
25	0.75	0.0	0.0	4.37966391327	-0.53599942752	-1.89014883253	5.13559733122	-0.414045875685	-2.586583336	316
25	0.75	0.25	0.0	3.934830081	-0.636366095887	-2.05009883746	4.64563184877	-0.528442531881	-2.83138401398	317
25	0.75	0.5	0.0	3.43447264776	-0.792750128663	-2.16069015382	4.09727518995	-0.717331430508	-3.03809456434	318
25	0.75	0.75	0.0	2.91789635323	-0.971091163902	-2.23650022066	3.5322026972	-0.938551700482	-3.2012141118	319
25	0.75	1.0	0.0	2.42440593708	-1.13732883966	-2.29210647703	2.99208971298	-1.14994247072	-3.31524178107	320
25	1.0	0.0	0.0	4.382595887	-1.018494067	-1.803139401	5.1813251115	-1.01962209119	-2.45107713347	321
25	1.0	0.25	0.0	3.93376087979	-1.18152901276	-1.97354711486	4.68955183552	-1.21532620715	-2.6920586076	322
25	1.0	0.5	0.0	3.42545994321	-1.38298973428	-2.10314725007	4.13730367566	-1.46914054919	-2.8917436731	323
25	1.0	0.75	0.0	2.90436923827	-1.59130178966	-2.20007831426	3.5717145789	-1.73559442912	-3.04690461732	324
25	1.0	1.0	0.0	2.417164926	-1.774890737	-2.272478815	3.03991849225	-1.96921715875	-3.15431372758	325
26	0.0	0.0	0.0	2.313278749	1.008071644	-1.643774512	2.68001304224	1.49596738643	-2.52887801944	326
26	0.0	0.25	0.0	1.79523775473	0.900625784048	-1.63789017174	2.10155524747	1.36674702703	-2.61512574263	327
26	0.0	0.5	0.0	1.22192970076	0.80814200112	-1.6656549574	1.4711206177	1.19494934717	-2.70458968508	328
26	0.0	0.75	0.0	0.645291743652	0.728780795381	-1.71224550612	0.842719884789	1.01185049917	-2.78018756464	329
26	0.0	1.0	0.0	0.11726104	0.660702667	-1.762838455	0.270363780608	0.848726635341	-2.82483709917	330
26	0.25	0.0	0.0	2.37736538258	0.369396870991	-2.00617840623	2.77493015627	0.784416744065	-2.99264419467	331
26	0.25	0.25	0.0	1.83730584689	0.267564501181	-2.0147343414	2.18866073697	0.642912111295	-3.07536908352	332
26	0.25	0.5	0.0	1.25665300784	0.164428335053	-2.03434731576	1.55322036181	0.462984382807	-3.14975087676	333
26	0.25	0.75	0.0	0.675450012166	0.0758873973193	-2.06758444984	0.916832939981	0.276789639085	-3.21301051894	334
26	0.25	1.0	0.0	0.133740006583	0.0178407126888	-2.11701286416	0.327722380665	0.116483960615	-3.26236895459	335
26	0.5	0.0	0.0	2.4127736006	-0.384151463613	-2.21281436767	2.89135799042	-0.164808855714	-3.25805869266	336
26	0.5	0.25	0.0	1.86389890225	-0.504623034878	-2.23770122241	2.29183090311	-0.335886098374	-3.33987680576	337
26	0.5	0.5	0.0	1.26889784988	-0.614672614751	-2.25249744087	1.63171413464	-0.519957915386	-3.40098061267	338
26	0.5	0.75	0.0	0.6772525852	-0.700972696581	-2.26225021628	0.971643908698	-0.697743225362	-3.43915107027	339
26	0.5	1.0	0.0	0.138445249884	-0.750195773717	-2.27200674184	0.372256448974	-0.849960946913	-3.45216913544	340
26	0.75	0.0	0.0	2.42440593708	-1.13732883966	-2.29210647703	2.99208971298	-1.14994247072	-3.31524178107	341
26	0.75	0.25	0.0	1.87855902739	-1.28322314043	-2.33173297529	2.38618115807	-1.3500275115	-3.39515915828	342
26	0.75	0.5	0.0	1.27513547767	-1.40116070797	-2.34473591643	1.70507346678	-1.53759037603	-3.44473814355	343
26	0.75	0.75	0.0	0.677460156255	-1.48347145157	-2.33198551914	1.02348038127	-1.70380994292	-3.45682449697	344
26	0.75	1.0	0.0	0.148857931493	-1.52248528051	-2.29435200211	0.416115643669	-1.8398650908	-3.42426397865	345
26	1.0	0.0	0.0	2.417164926	-1.774890737	-2.272478815	3.03991849225	-1.96921715875	-3.15431372758	346
26	1.0	0.25	0.0	1.88482832888	-1.93552213179	-2.32177176058	2.44682691402	-2.17989203759	-3.22772639001	347
26	1.0	0.5	0.0	1.29183714198	-2.06703580428	-2.33569332614	1.77176988883	-2.37362582772	-3.26748272015	348
26	1.0	0.75	0.0	0.70283341883	-2.15328083288	-2.31253307212	1.08866994801	-2.53347236234	-3.26424607739	349
26	1.0	1.0	0.0	0.182459213	-2.178106296	-2.250580559	0.471449622881	-2.64248547462	-3.20867982114	350
27	0.0	0.0	0.0	4.382595887	-1.018494067	-1.803139401	5.1813251115	-1.01962209119	-2.45107713347	351
27	0.0	0.25	0.0	3.93376087979	-1.18152901276	-1.97354711486	4.68955183552	-1.21532620715	-2.6920586076	352
27	0.0	0.5	0.0	3.42545994321	-1.38298973428	-2.10314725007	4.13730367566	-1.46914054919	-2.8917436731	353
27	0.0	0.75	0.0	2.90436923827	-1.59130178966	-2.20007831426	3.5717145789	-1.73559442912	-3.04690461732	354
27	0.0	1.0	0.0	2.417164926	-1.774890737	-2.272478815	3.03991849225	-1.96921715875	-3.15431372758	355
27	0.25	0.0	0.0	4.45501347829	-1.51877229838	-1.5974349682	5.25407009049	-1.59332894205	-2.04532568066	356
27	0.25	0.25	0.0	3.99197506983	-1.73427990879	-1.74889953974	4.75139968972	-1.85607511723	-2.25007724073	357
27	0.25	0.5	0.0	3.46914967465	-1.96573929468	-1.86660907162	4.18641509831	-2.1516382709	-2.41465561293	358
27	0.25	0.75	0.0	2.93354807129	-2.18797984801	-1.95628892579	3.60917189565	-2.44055802073	-2.54096654051	359
27	0.25	1.0	0.0	2.4321810383	-2.37583096073	-2.02366446421	3.06972566114	-2.68337398438	-2.63091576674	360
27	0.5	0.0	0.0	4.60751504555	-2.05517946366	-1.26046377509	5.36542463695	-2.16587080277	-1.38924513827	361
27	0.5	0.25	0.0	4.12368918074	-2.31402978081	-1.36392896371	4.85503557902	-2.48482533753	-1.53081876236	362
27	0.5	0.5	0.0	3.57966370642	-2.56971922691	-1.42934288792	4.28093577074	-2.81604266422	-1.63016940568	363
27	0.5	0.75	0.0	3.01760091998	-2.80585572494	-1.47160929104	3.68809880786	-3.13059677565	-1.70189897635	364
27	0.5	1.0	0.0	2.47966311876	-3.0060471979	-1.50563191639	3.12149828616	-3.39956166458	-1.76060938246	365
27	0.75	0.0	0.0	4.74456158829	-2.47660082135	-0.856209256438	5.45959238394	-2.5923706149	-0.655555473685	366
27	0.75	0.25	0.0	4.24253102364	-2.76954352548	-0.904587923331	4.9425239529	-2.9558156553	-0.727143012768	367
27	0.75	0.5	0.0	3.67926303826	-3.04346751006	-0.909079373824	4.36277814627	-3.31678751632	-0.756982398313	368
27	0.75	0.75	0.0	3.09225159815	-3.28973920954	-0.894474435421	3.75783521486	-3.65430850086	-0.769471205085	369
27	0.75	1.0	0.0	2.51899066935	-3.49972505836	-0.885563935629	3.16517540951	-3.94740091181	-0.789007007847	370
27	1.0	0.0	0.0	4.770614106	-2.63192163	-0.448654847	5.48077696454	-2.72795131998	-0.0169766543216	371
27	1.0	0.25	0.0	4.26212840969	-2.94958603945	-0.45682895514	4.95592926084	-3.12328485781	-0.0319098322436	372
27	1.0	0.5	0.0	3.69020866989	-3.23552212321	-0.42354920417	4.37385467824	-3.50830661434	-0.0137919377456	373
27	1.0	0.75	0.0	3.09322391965	-3.48444009086	-0.373319384365	3.767721016	-3.86029100333	0.0165474930467	374
27	1.0	1.0	0.0	2.509543192	-3.691050152	-0.330643286	3.17069607337	-4.15651243854	0.0382789240072	375
28	0.0	0.0	0.0	2.417164926	-1.774890737	-2.272478815	3.03991849225	-1.96921715875	-3.15431372758	376
28	0.0	0.25	0.0	1.88482832888	-1.93552213179	-2.32177176058	2.44682691402	-2.17989203759	-3.22772639001	377
28	0.0	0.5	0.0	1.29183714198	-2.06703580428	-2.33569332614	1.77176988883	-2.37362582772	-3.26748272015	378
28	0.0	0.75	0.0	0.70283341883	-2.15328083288	-2.31253307212	1.08866994801	-2.53347236234	-3.26424607739	379
28	0.0	1.0	0.0	0.182459213	-2.178106296	-2.250580559	0.471449622881	-2.64248547462	-3.20867982114	380
28	0.25	0.0	0.0	2.4321810383	-2.37583096073	-2.02366446421	3.06972566114	-2.68337398438	-2.63091576674	381
28	0.25	0.25	0.0	1.90453702964	-2.5509020147	-2.06800738052	2.48957841153	-2.90583021734	-2.69008802664	382
28	0.25	0.5	0.0	1.3249278542	-2.71517176475	-2.07846273798	1.83131699767	-3.1223425812	-2.71556886605	383
28	0.25	0.75	0.0	0.748463192089	-2.8290228113	-2.05512374717	1.15758699077	-3.29367417455	-2.7057085855	384
28	0.25	1.0	0.0	0.230252723417	-2.85283775477	-1.99808361867	0.531033962067	-3.38058809596	-2.6588574855	385
28	0.5	0.0	0.0	2.47966311876	-3.0060471979	-1.50563191639	3.12149828616	-3.39956166458	-1.76060938246	386
28	0.5	0.25	0.0	1.9396002145	-3.19717453044	-1.52970793349	2.53565557745	-3.64036423837	-1.80311138591	387
28	0.5	0.5	0.0	1.35807378828	-3.38866918821	-1.52946010562	1.87710333378	-3.87064456962	-1.81878275268	388
28	0.5	0.75	0.0	0.783619353943	-3.52849695315	-1.50684601303	1.20378388799	-4.04579794447	-1.81281673921	389
28	0.5	1.0	0.0	0.26477242535	-3.56462360724	-1.46382323599	0.573639572932	-4.12121964907	-1.7904066019	390
28	0.75	0.0	0.0	2.51899066935	-3.49972505836	-0.885563935629	3.16517540951	-3.94740091181	-0.789007007847	391
28	0.75	0.25	0.0	1.965819096	-3.70163726029	-0.881513764881	2.57020572016	-4.20174055211	-0.810264208147	392
28	0.75	0.5	0.0	1.38003250972	-3.91194550866	-0.864814639658	1.90669661073	-4.43952996274	-0.81783669658	393
28	0.75	0.75	0.0	0.805379214308	-4.07193892963	-0.839143423904	1.23186631307	-4.61762890489	-0.818498606949	394
28	0.75	1.0	0.0	0.285607513608	-4.12290664934	-0.808176981563	0.602933059036	-4.69289713973	-0.819024073062	395
28	1.0	0.0	0.0	2.509543192	-3.691050152	-0.330643286	3.17069607337	-4.15651243854	0.0382789240072	396
28	1.0	0.25	0.0	1.95899488668	-3.89158778552	-0.298065220056	2.57837614804	-4.40820560998	0.0449857663221	397
28	1.0	0.5	0.0	1.37956158402	-4.10941816014	-0.260655550694	1.91766454209	-4.64999693034	0.0465569857393	398
28	1.0	0.75	0.0	0.810820083105	-4.27958441194	-0.223459533985	1.24643993943	-4.83695228859	0.0443177428686	399
28	1.0	1.0	0.0	0.292347183	-4.337129677	-0.191522426	0.622581023939	-4.92413757368	0.0395931983195	400
33	0.0	0.0	0.0	4.770614106	-2.63192163	-0.448654847	5.48077696454	-2.72795131998	-0.0169766543216	401
33	0.0	0.25	0.0	4.26212840969	-2.94958603945	-0.45682895514	4.95592926084	-3.12328485781	-0.0319098322436	402
33	0.0	0.5	0.0	3.69020866989	-3.23552212321	-0.42354920417	4.37385467824	-3.50830661434	-0.0137919377456	403
33	0.0	0.75	0.0	3.09322391965	-3.48444009086	-0.373319384365	3.767721016	-3.86029100333	0.0165474930467	404
33	0.0	1.0	0.0	2.509543192	-3.691050152	-0.330643286	3.17069607337	-4.15651243854	0.0382789240072	405
33	0.25	0.0	0.0	4.66432728711	-2.47720896476	-0.153476509953	5.43013687089	-2.56908035813	0.466354787933	406
33	0.25	0.25	0.0	4.16462551944	-2.78549760933	-0.115923081751	4.90667930698	-2.95783962424	0.515749850757	407
33	0.25	0.5	0.0	3.59866556246	-3.06845147672	-0.0340805146349	4.32335971206	-3.34652576747	0.595156117513	408
33	0.25	0.75	0.0	3.00754092981	-3.31463704119	0.0643750454145	3.71587305486	-3.70148446219	0.684451116538	409
33	0.25	1.0	0.0	2.43234513512	-3.51262077698	0.151767452415	3.11991430408	-3.98906138273	0.763512376169	410
33	0.5	0.0	0.0	4.48653725837	-2.13133803923	0.108308461335	5.34456423007	-2.24516270932	1.00618989868	411
33	0.5	0.25	0.0	4.00202009312	-2.39551934147	0.213297673249	4.83220066688	-2.58902830569	1.14368094423	412
33	0.5	0.5	0.0	3.4524172156	-2.65894825209	0.36815123911	4.24978067829	-2.95808989024	1.30605918731	413
33	0.5	0.75	0.0	2.87645852498	-2.89837564649	0.538149211668	3.63646414504	-3.3063207096	1.47194840891	414
33	0.5	1.0	0.0	2.31287392046	-3.09055240009	0.688571643675	3.03141094792	-3.58769401037	1.61997239003	415
33	0.75	0.0	0.0	4.30420966719	-1.70539390532	0.316423398205	5.24356635267	-1.84796323026	1.49617667174	416
33	0.75	0.25	0.0	3.82777734314	-1.91425958321	0.482827112458	4.73935569762	-2.13118004701	1.71426375618	417
33	0.75	0.5	0.0	3.29620859653	-2.14677148178	0.700774753576	4.16191951073	-2.46227694715	1.95132958438	418
33	0.75	0.75	0.0	2.74149953252	-2.3710456987	0.930487550232	3.5492655098	-2.78907462224	2.18334048596	419
33	0.75	1.0	0.0	2.19564625632	-2.55519833166	1.1321867311	2.93940141265	-3.05939376383	2.38626279056	420
33	1.0	0.0	0.0	4.184310161	-1.310461615	0.450591632	5.1466505493	-1.46924677768	1.82996310095	421
33	1.0	0.25	0.0	3.69536248193	-1.47632668187	0.644659038472	4.6350067563	-1.69862399307	2.08987859462	422
33	1.0	0.5	0.0	3.17478467248	-1.67168019823	0.881418725277	4.06857814321	-1.97836490271	2.36337962144	423
33	1.0	0.75	0.0	2.6441867798	-1.86803698972	1.12387449694	3.47404837236	-2.26402107679	2.62292846345	424
33	1.0	1.0	0.0	2.125178851	-2.036911882	1.335030158	2.87810110604	-2.51114408545	2.84098740271	425
34	0.0	0.0	0.0	2.509543192	-3.691050152	-0.330643286	3.17069607337	-4.15651243854	0.0382789240072	426
34	0.0	0.25	0.0	1.95899488668	-3.89158778552	-0.298065220056	2.57837614804	-4.40820560998	0.0449857663221	427
34	0.0	0.5	0.0	1.37956158402	-4.10941816014	-0.260655550694	1.91766454209	-4.64999693034	0.0465569857393	428
34	0.0	0.75	0.0	0.810820083105	-4.27958441194	-0.223459533985	1.24643993943	-4.83695228859	0.0443177428686	429
34	0.0	1.0	0.0	0.292347183	-4.337129677	-0.191522426	0.622581023939	-4.92413757368	0.0395931983195	430
34	0.25	0.0	0.0	2.43234513512	-3.51262077698	0.151767452415	3.11991430408	-3.98906138273	0.763512376169	431
34	0.25	0.25	0.0	1.89768497273	-3.70018892586	0.216408495229	2.53667205419	-4.22872497159	0.80500773177	432
34	0.25	0.5	0.0	1.33487747007	-3.90854136293	0.275563318697	1.88657845551	-4.46991097918	0.817116023516	433
34	0.25	0.75	0.0	0.781707151704	-4.07469326312	0.323384856805	1.2281288676	-4.66421948778	0.812345674898	434
34	0.25	1.0	0.0	0.275958542229	-4.13565980137	0.354026043542	0.619818650013	-4.76325057965	0.803205109404	435
34	0.5	0.0	0.0	2.31287392046	-3.09055240009	0.688571643675	3.03141094792	-3.58769401037	1.61997239003	436
34	0.5	0.25	0.0	1.79722284659	-3.25946646161	0.793905881135	2.45402287744	-3.81544259016	1.70304971166	437
34	0.5	0.5	0.0	1.2538603396	-3.44459618668	0.877452642767	1.81545628388	-4.0498310847	1.73150554247	438
34	0.5	0.75	0.0	0.721780369987	-3.59698283395	0.931621187244	1.17528815979	-4.24413939998	1.72268270976	439
34	0.5	1.0	0.0	0.239976908244	-3.66766766206	0.948820773242	0.593095497766	-4.35164744198	1.69392404083	440
34	0.75	0.0	0.0	2.19564625632	-2.55519833166	1.1321867311	2.93940141265	-3.05939376383	2.38626279056	441
34	0.75	0.25	0.0	1.70080839896	-2.70472494737	1.27126497995	2.36808280883	-3.27370229081	2.50606201784	442
34	0.75	0.5	0.0	1.17576632251	-2.86315005057	1.37705564431	1.73965582355	-3.49593529185	2.55894579893	443
34	0.75	0.75	0.0	0.662508056475	-2.99938088127	1.43833646268	1.11537280686	-3.68653773041	2.55659494251	444
34	0.75	1.0	0.0	0.203021630387	-3.08232467948	1.44388517357	0.556486108795	-3.80595456994	2.51069025724	445
34	1.0	0.0	0.0	2.125178851	-2.036911882	1.335030158	2.87810110604	-2.51114408545	2.84098740271	446
34	1.0	0.25	0.0	1.65164152059	-2.17126893771	1.48532383396	2.3165060394	-2.70884789863	2.98099496212	447
34	1.0	0.5	0.0	1.13985154869	-2.30977037375	1.60641554612	1.69453487091	-2.91440164559	3.06865704924	448
34	1.0	0.75	0.0	0.635358529689	-2.43481516192	1.68061768848	1.07583779965	-3.10124018431	3.09534846823	449
34	1.0	1.0	0.0	0.183712058	-2.528802274	1.690242655	0.524065024696	-3.24279837278	3.05244402326	450
35	0.0	0.0	0.0	4.184310161	-1.310461615	0.450591632	5.1466505493	-1.46924677768	1.82996310095	451
35	0.0	0.25	0.0	3.69536248193	-1.47632668187	0.644659038472	4.6350067563	-1.69862399307	2.08987859462	452
35	0.0	0.5	0.0	3.17478467248	-1.67168019823	0.881418725277	4.06857814321	-1.97836490271	2.36337962144	453
35	0.0	0.75	0.0	2.6441867798	-1.86803698972	1.12387449694	3.47404837236	-2.26402107679	2.62292846345	454
35	0.0	1.0	0.0	2.125178851	-2.036911882	1.335030158	2.87810110604	-2.51114408545	2.84098740271	455
35	0.25	0.0	0.0	4.13502585638	-0.871218209451	0.571785786745	5.05926863081	-0.984532195174	2.04239872038	456
35	0.25	0.25	0.0	3.63553585764	-1.00114990133	0.748723064189	4.54420028854	-1.16914192838	2.29699312526	457
35	0.25	0.5	0.0	3.12246061021	-1.16729851821	0.942488264723	3.99360506296	-1.4053939673	2.557193555	458
35	0.25	0.75	0.0	2.61371071899	-1.34047549969	1.1333230999	3.42843708887	-1.65209251571	2.79729136213	459
35	0.25	1.0	0.0	2.1271967889	-1.49149228539	1.30146928129	2.86965050108	-1.8680417774	2.99157789916	460
35	0.5	0.0	0.0	4.12822270872	-0.354239748835	0.710955839325	4.9932680531	-0.350771546949	2.18587471985	461
35	0.5	0.25	0.0	3.64173442473	-0.436447167262	0.845294398782	4.49679455332	-0.489427826971	2.40940178918	462
35	0.5	0.5	0.0	3.13882760732	-0.574195035137	0.963612184368	3.96008182924	-0.695256858607	2.62787342194	463
35	0.5	0.75	0.0	2.64542388465	-0.728710772497	1.06941361144	3.41682131392	-0.917033566958	2.82441397051	464
35	0.5	1.0	0.0	2.18744488489	-0.861221799375	1.16620309536	2.90070444042	-1.10353287712	2.98214778729	465
35	0.75	0.0	0.0	4.16098923695	0.145971551949	0.823770986743	4.95724849786	0.29673725939	2.23144303353	466
35	0.75	0.25	0.0	3.69058631255	0.121258559918	0.907542816849	4.48259509576	0.205153443916	2.41126136966	467
35	0.75	0.5	0.0	3.19843109452	0.0344381623814	0.949128503868	3.95624352291	0.0350571200985	2.57384921231	468
35	0.75	0.75	0.0	2.71869349363	-0.079345804589	0.967649578578	3.42782574485	-0.157708897432	2.71505191167	469
35	0.75	1.0	0.0	2.28554342069	-0.184949504922	0.982227571756	2.94697372714	-0.317301794047	2.83071481791	470
35	1.0	0.0	0.0	4.23041396	0.534913478	0.865900426	4.95980964678	0.822696316237	2.15015559557	471
35	1.0	0.25	0.0	3.7587196505	0.575444319801	0.908638092987	4.49140746098	0.779237017045	2.28672864995	472
35	1.0	0.5	0.0	3.2758165025	0.585408985744	0.90337524288	3.9703252248	0.668558665568	2.39355091621	473
35	1.0	0.75	0.0	2.81288676275	0.561016407566	0.863534548334	3.450075079	0.52701682596	2.47996080871	474
35	1.0	1.0	0.0	2.401112678	0.498475517	0.802538682	2.98416916434	0.390967062375	2.55529674183	475
36	0.0	0.0	0.0	2.125178851	-2.036911882	1.335030158	2.87810110604	-2.51114408545	2.84098740271	476
36	0.0	0.25	0.0	1.65164152059	-2.17126893771	1.48532383396	2.3165060394	-2.70884789863	2.98099496212	477
36	0.0	0.5	0.0	1.13985154869	-2.30977037375	1.60641554612	1.69453487091	-2.91440164559	3.06865704924	478
36	0.0	0.75	0.0	0.635358529689	-2.43481516192	1.68061768848	1.07583779965	-3.10124018431	3.09534846823	479
36	0.0	1.0	0.0	0.183712058	-2.528802274	1.690242655	0.524065024696	-3.24279837278	3.05244402326	480
36	0.25	0.0	0.0	2.1271967889	-1.49149228539	1.30146928129	2.86965050108	-1.8680417774	2.99157789916	481
36	0.25	0.25	0.0	1.66146849078	-1.61813267978	1.4396016542	2.3164302088	-2.05286360888	3.13426696008	482
36	0.25	0.5	0.0	1.15003202263	-1.75279844684	1.57010394709	1.69408846116	-2.25510750755	3.25187616605	483
36	0.25	0.75	0.0	0.641621330946	-1.8783995653	1.66424053506	1.06937280045	-2.44813582597	3.31787459266	484
36	0.25	1.0	0.0	0.184970362183	-1.97784601388	1.6932757932	0.509030768965	-2.6053109167	3.30573131547	485
36	0.5	0.0	0.0	2.18744488489	-0.861221799375	1.16620309536	2.90070444042	-1.10353287712	2.98214778729	486
36	0.5	0.25	0.0	1.71094049833	-0.978510484269	1.27912042775	2.34871999074	-1.27517294344	3.12568629843	487
36	0.5	0.5	0.0	1.18690589998	-1.10509025817	1.41758143038	1.72121318905	-1.47131894977	3.27033631546	488
36	0.5	0.75	0.0	0.667106880209	-1.2235009301	1.53511423038	1.08709544852	-1.65887191216	3.37888131951	489
36	0.5	1.0	0.0	0.203309229424	-1.31628230908	1.58524695488	0.515278182344	-1.80473284667	3.41410479172	490
36	0.75	0.0	0.0	2.28554342069	-0.184949504922	0.982227571756	2.94697372714	-0.317301794047	2.83071481791	491
36	0.75	0.25	0.0	1.79484010225	-0.298398205359	1.05478620024	2.39408459874	-0.480633742447	2.97295247432	492
36	0.75	0.5	0.0	1.25439335905	-0.425209814767	1.1957994373	1.76460603117	-0.670660030234	3.1430704417	493
36	0.75	0.75	0.0	0.720205944996	-0.543087565334	1.33403401892	1.12611822244	-0.849169045448	3.29156483168	494
36	0.75	1.0	0.0	0.248280613953	-0.629734689247	1.39825668112	0.546201370598	-0.97794917613	3.36893175592	495
36	1.0	0.0	0.0	2.401112678	0.498475517	0.802538682	2.98416916434	0.390967062375	2.55529674183	496
36	1.0	0.25	0.0	1.90794986151	0.376208302752	0.817505017305	2.43323324633	0.225896153971	2.69376498493	497
36	1.0	0.5	0.0	1.35641457822	0.228278876347	0.951709409159	1.81296396411	0.0392451930595	2.88911148902	498
36	1.0	0.75	0.0	0.809309292827	0.0898722200192	1.10179514518	1.18355360078	-0.134747828417	3.06912131204	499
36	1.0	1.0	0.0	0.32943647	-0.003826684	1.164405513	0.605194439493	-0.261844918515	3.16157951194	500
41	0.0	0.0	0.0	4.23041396	0.534913478	0.865900426	4.95980964678	0.822696316237	2.15015559557	501
41	0.0	0.25	0.0	3.7587196505	0.575444319801	0.908638092987	4.49140746098	0.779237017045	2.28672864995	502
41	0.0	0.5	0.0	3.2758165025	0.585408985744	0.90337524288	3.9703252248	0.668558665568	2.39355091621	503
41	0.0	0.75	0.0	2.81288676275	0.561016407566	0.863534548334	3.450075079	0.52701682596	2.47996080871	504
41	0.0	1.0	0.0	2.401112678	0.498475517	0.802538682	2.98416916434	0.390967062375	2.55529674183	505
41	0.25	0.0	0.0	4.31353779496	0.733089244463	0.831630663245	5.00469306662	1.09543703349	2.00606427208	506
41	0.25	0.25	0.0	3.82965616237	0.802836371488	0.871349697576	4.52696018285	1.0680280289	2.13237869084	507
41	0.25	0.5	0.0	3.33957133888	0.857669772976	0.873214286406	3.99959212813	0.970691743662	2.22697374271	508
41	0.25	0.75	0.0	2.87274251205	0.875530089078	0.834613244051	3.47261715244	0.837439978459	2.30051413852	509
41	0.25	1.0	0.0	2.45862886943	0.834357959944	0.752935384823	2.99606350579	0.702284533984	2.36366458906	510
41	0.5	0.0	0.0	4.44044711564	0.974388986937	0.748254451058	5.08868909664	1.42618861425	1.77253810592	511
41	0.5	0.25	0.0	3.93986458881	1.06897768896	0.800504258913	4.59500631465	1.40713098038	1.89773410047	512
41	0.5	0.5	0.0	3.43166959811	1.15073497824	0.831734255393	4.05282955202	1.29794539037	1.99371302444	513
41	0.5	0.75	0.0	2.94711620329	1.19283035551	0.818567589434	3.50878937541	1.14746217671	2.06803745042	514
41	0.5	1.0	0.0	2.51745846409	1.1684333215	0.737627409973	3.00951635147	1.00451167184	2.128269951	515
41	0.75	0.0	0.0	4.56104752549	1.19358838644	0.632620634093	5.1738686943	1.7304462609	1.51006160268	516
41	0.75	0.25	0.0	4.04206041748	1.31215045366	0.699067111092	4.66334118773	1.71981404306	1.63166718835	517
41	0.75	0.5	0.0	3.51942530047	1.4208132362	0.762695752352	4.10658724159	1.59875551403	1.72896198602	518
41	0.75	0.75	0.0	3.02219465614	1.48727346039	0.783709515931	3.54681107053	1.43173267671	1.80733371135	519
41	0.75	1.0	0.0	2.5794209662	1.47922785255	0.722311359886	3.02721688922	1.28320753401	1.87217007999	520
41	1.0	0.0	0.0	4.625244628	1.325463124	0.501578057	5.22230281709	1.9237051758	1.27911926791	521
41	1.0	0.25	0.0	4.08895913604	1.47063684703	0.570003588203	4.69976013343	1.92934538855	1.38305026396	522
41	1.0	0.5	0.0	3.57015246622	1.62411318149	0.649859379796	4.13741494192	1.82155802295	1.46791385209	523
41	1.0	0.75	0.0	3.0841646903	1.73321565721	0.698350954991	3.57490156045	1.66490073447	1.54320588826	524
41	1.0	1.0	0.0	2.64633588	1.745267804	0.672683837	3.05185430691	1.52393117857	1.6184222284	525
42	0.0	0.0	0.0	2.401112678	0.498475517	0.802538682	2.98416916434	0.390967062375	2.55529674183	526
42	0.0	0.25	0.0	1.90794986151	0.376208302752	0.817505017305	2.43323324633	0.225896153971	2.69376498493	527
42	0.0	0.5	0.0	1.35641457822	0.228278876347	0.951709409159	1.81296396411	0.0392451930595	2.88911148902	528
42	0.0	0.75	0.0	0.809309292827	0.0898722200192	1.10179514518	1.18355360078	-0.134747828417	3.06912131204	529
42	0.0	1.0	0.0	0.32943647	-0.003826684	1.164405513	0.605194439493	-0.261844918515	3.16157951194	530
42	0.25	0.0	0.0	2.45862886943	0.834357959944	0.752935384823	2.99606350579	0.702284533984	2.36366458906	531
42	0.25	0.25	0.0	1.96908330616	0.726350205609	0.729216086371	2.44321898112	0.548202873512	2.48699116627	532
42	0.25	0.5	0.0	1.4177066674	0.600223797542	0.829746330669	1.82704186754	0.386516289184	2.6663198315	533
42	0.25	0.75	0.0	0.868811752599	0.479721878998	0.952699465197	1.20396620431	0.233933894362	2.83046178653	534
42	0.25	1.0	0.0	0.3867113612	0.388587593232	0.996248837434	0.630426030739	0.107164802407	2.90822823313	535
42	0.5	0.0	0.0	2.51745846409	1.1684333215	0.737627409973	3.00951635147	1.00451167184	2.128269951	536
42	0.5	0.25	0.0	2.02701853654	1.08501235349	0.68241564986	2.44753677134	0.860595173908	2.23111193248	537
42	0.5	0.5	0.0	1.47093702244	0.991332840416	0.734037287678	1.82411315117	0.710325052327	2.37671468473	538
42	0.5	0.75	0.0	0.91644703999	0.896271065134	0.810567484526	1.19766695996	0.563889618993	2.50783981824	539
42	0.5	1.0	0.0	0.430781707382	0.808703310524	0.830081401506	0.626619666685	0.431477185801	2.56724894352	540
42	0.75	0.0	0.0	2.5794209662	1.47922785255	0.722311359886	3.02721688922	1.28320753401	1.87217007999	541
42	0.75	0.25	0.0	2.08609328304	1.41923957285	0.65644216742	2.45659608734	1.14877071952	1.96064708952	542
42	0.75	0.5	0.0	1.52162077776	1.35798004346	0.668647022821	1.8228470016	1.00461056392	2.07173336554	543
42	0.75	0.75	0.0	0.95819607593	1.29176287899	0.701288261989	1.18894608617	0.860457716036	2.1660325905	544
42	0.75	1.0	0.0	0.468011803122	1.21690169405	0.696728220825	0.617869795197	0.726042824664	2.20414844681	545
42	1.0	0.0	0.0	2.64633588	1.745267804	0.672683837	3.05185430691	1.52393117857	1.6184222284	546
42	1.0	0.25	0.0	2.15064527611	1.69607669011	0.630634098694	2.48080639949	1.39842717469	1.71011644334	547
42	1.0	0.5	0.0	1.5752730678	1.65653944515	0.637640278734	1.8419126054	1.2633119054	1.80281319081	548
42	1.0	0.75	0.0	1.00003978135	1.61844042112	0.650750856407	1.20209380136	1.12897655605	1.86981728665	549
42	1.0	1.0	0.0	0.504765943	1.57356397	0.627014311	0.628270864138	1.00581231199	1.88443354671	550
43	0.0	0.0	0.0	4.625244628	1.325463124	0.501578057	5.22230281709	1.9237051758	1.27911926791	551
43	0.0	0.25	0.0	4.08895913604	1.47063684703	0.570003588203	4.69976013343	1.92934538855	1.38305026396	552
43	0.0	0.5	0.0	3.57015246622	1.62411318149	0.649859379796	4.13741494192	1.82155802295	1.46791385209	553
43	0.0	0.75	0.0	3.0841646903	1.73321565721	0.698350954991	3.57490156045	1.66490073447	1.54320588826	554
43	0.0	1.0	0.0	2.64633588	1.745267804	0.672683837	3.05185430691	1.52393117857	1.6184222284	555
43	0.25	0.0	0.0	4.63159353401	1.38041819327	0.333214778466	5.23538733664	2.02710612173	1.03646586882	556
43	0.25	0.25	0.0	4.08228221298	1.55928643481	0.389514173931	4.70242562723	2.05663135087	1.1142330319	557
43	0.25	0.5	0.0	3.58079273789	1.77596373851	0.469095274276	4.13540335332	1.98111098411	1.17985595462	558
43	0.25	0.75	0.0	3.11830769374	1.94638849433	0.530563869371	3.57139791871	1.85342203963	1.24202647144	559
43	0.25	1.0	0.0	2.68600966551	1.98649909222	0.532525749088	3.04748672719	1.72644153562	1.30943641678	560
43	0.5	0.0	0.0	4.62178393301	1.4290454376	0.10028076472	5.24139279943	2.13236994557	0.706968235832	561
43	0.5	0.25	0.0	4.06269130898	1.64536007165	0.141184457364	4.69470420611	2.18606540925	0.760911706288	562
43	0.5	0.5	0.0	3.57719322301	1.92430568179	0.21890691838	4.11558866701	2.13566875026	0.815587299183	563
43	0.5	0.75	0.0	3.13056414264	2.15512726042	0.286994401713	3.53974076982	2.02790079505	0.864791909267	564
43	0.5	1.0	0.0	2.6880785354	2.22706979993	0.298993161313	3.00285510226	1.90948237007	0.902322431294	565
43	0.75	0.0	0.0	4.6037240125	1.47332465712	-0.142164443637	5.23665518864	2.22281611019	0.370980219659	566
43	0.75	0.25	0.0	4.04214215174	1.72055773884	-0.116522713217	4.67939465737	2.29710053686	0.400464215794	567
43	0.75	0.5	0.0	3.56929841067	2.04578059021	-0.0486174816617	4.08997056292	2.26331125784	0.43980297025	568
43	0.75	0.75	0.0	3.13212809535	2.32133824542	0.0151818440978	3.50315500694	2.16795163149	0.47087608734	569
43	0.75	1.0	0.0	2.67756651184	2.41957573867	0.0285058571307	2.95372009109	2.05752501621	0.475563171377	570
43	1.0	0.0	0.0	4.58532196	1.515235652	-0.339061306	5.21751048748	2.28176407846	0.108855670999	571
43	1.0	0.25	0.0	4.03259046897	1.77657941769	-0.325144489533	4.65929576828	2.3691897069	0.110268489082	572
43	1.0	0.5	0.0	3.56705278995	2.11703004263	-0.281389719616	4.07054872099	2.34211844329	0.11719805231	573
43	1.0	0.75	0.0	3.1341936102	2.40692773925	-0.237334511391	3.48486552323	2.25318917972	0.119652891247	574
43	1.0	1.0	0.0	2.679497617	2.51661272	-0.22251638	2.93584235263	2.15504080831	0.107641536458	575
44	0.0	0.0	0.0	2.64633588	1.745267804	0.672683837	3.05185430691	1.52393117857	1.6184222284	576
44	0.0	0.25	0.0	2.15064527611	1.69607669011	0.630634098694	2.48080639949	1.39842717469	1.71011644334	577
44	0.0	0.5	0.0	1.5752730678	1.65653944515	0.637640278734	1.8419126054	1.2633119054	1.80281319081	578
44	0.0	0.75	0.0	1.00003978135	1.61844042112	0.650750856407	1.20209380136	1.12897655605	1.86981728665	579
44	0.0	1.0	0.0	0.504765943	1.57356397	0.627014311	0.628270864138	1.00581231199	1.88443354671	580
44	0.25	0.0	0.0	2.68600966551	1.98649909222	0.532525749088	3.04748672719	1.72644153562	1.30943641678	581
44	0.25	0.25	0.0	2.17950204423	1.94718167511	0.519048409912	2.47547225324	1.60865035604	1.39491100795	582
44	0.25	0.5	0.0	1.59519458172	1.92915157744	0.539969135599	1.83644901494	1.48760492932	1.48038716295	583
44	0.25	0.75	0.0	1.01046835519	1.9149720048	0.556122158007	1.1955482795	1.36797411473	1.53911535195	584
44	0.25	1.0	0.0	0.502704441854	1.88720616276	0.528341708993	0.617901314122	1.25442677153	1.5443460451	585
44	0.5	0.0	0.0	2.6880785354	2.22706979993	0.298993161313	3.00285510226	1.90948237007	0.902322431294	586
44	0.5	0.25	0.0	2.16116965474	2.21308587948	0.292408904919	2.42231885566	1.80434123239	0.948650084344	587
44	0.5	0.5	0.0	1.57327090094	2.23667271891	0.31617743408	1.78414315467	1.70904315536	1.0081802357	588
44	0.5	0.75	0.0	0.984673027501	2.25589491533	0.335847134398	1.1456177004	1.61188785746	1.05468044097	589
44	0.5	1.0	0.0	0.455666787907	2.2288170659	0.316966391479	0.564032193949	1.50117505716	1.06191825574	590
44	0.75	0.0	0.0	2.67756651184	2.41957573867	0.0285058571307	2.95372009109	2.05752501621	0.475563171377	591
44	0.75	0.25	0.0	2.13312896035	2.42763190089	0.0196421641164	2.36479696521	1.96544765099	0.477917499693	592
44	0.75	0.5	0.0	1.54364780052	2.48234308374	0.0356056242327	1.72707499118	1.88986573838	0.503517060535	593
44	0.75	0.75	0.0	0.951596573579	2.52517734997	0.0535076539469	1.08996853105	1.80729692495	0.533747282064	594
44	0.75	1.0	0.0	0.399448820757	2.49760276233	0.0504596697265	0.502891946821	1.69425885727	0.549993592438	595
44	1.0	0.0	0.0	2.679497617	2.51661272	-0.22251638	2.93584235263	2.15504080831	0.107641536458	596
44	1.0	0.25	0.0	2.13286081376	2.52466233703	-0.230325232095	2.34635734035	2.07191745908	0.0892970811733	597
44	1.0	0.5	0.0	1.5404710555	2.56940288614	-0.232405843883	1.70732449109	1.99231183322	0.0837222889359	598
44	1.0	0.75	0.0	0.94018176874	2.60678750593	-0.22731441498	1.06626723844	1.90078045789	0.093550603606	599
44	1.0	1.0	0.0	0.36984638	2.592769335	-0.213607145	0.470709015944	1.78187986028	0.121415469044	600
49	0.0	0.0	0.0	6.649135753	-0.216971	-0.199152	7.35730516625	0.262650449037	0.0753872714959	601
49	0.0	0.25	0.0	6.31385977124	0.347507808106	-0.218424371901	6.99041316694	0.908235789175	0.0693614166491	602
49	0.0	0.5	0.0	5.8665008895	0.834562280512	-0.26220437506	6.48402918215	1.49681896401	0.0841002183185	603
49	0.0	0.75	0.0	5.29450599126	1.22890177566	-0.309435517188	5.87933451972	1.97309628871	0.102849646452	604
49	0.0	1.0	0.0	4.58532196	1.515235652	-0.339061306	5.21751048748	2.28176407846	0.108855670999	605
49	0.25	0.0	0.0	6.64553949144	-0.221077717848	-0.220060533179	7.35545849961	0.253606615581	0.0440653362173	606
49	0.25	0.25	0.0	6.31083427236	0.364340592137	-0.36051784398	6.98895775438	0.926380714883	-0.120564914394	607
49	0.25	0.5	0.0	5.85645646979	0.87021709227	-0.450619530381	6.47291711499	1.52909330226	-0.161118687918	608
49	0.25	0.75	0.0	5.28097208297	1.27955350837	-0.500118591333	5.85648819321	2.01223470368	-0.14432108163	609
49	0.25	1.0	0.0	4.58294711116	1.57535156624	-0.518768025786	5.18882260079	2.32629524514	-0.136897192808	610
49	0.5	0.0	0.0	6.637627716	-0.230705001395	-0.239879965188	7.35139583301	0.233117677696	0.00133641959013	611
49	0.5	0.25	0.0	6.30836944014	0.373892048359	-0.45896450823	6.98663944762	0.928838601541	-0.24398638018	612
49	0.5	0.5	0.0	5.85643042149	0.909652519766	-0.61126098681	6.46295610953	1.55624127552	-0.373079187165	613
49	0.5	0.75	0.0	5.28420466625	1.34676132885	-0.702278113587	5.83486483869	2.05732696099	-0.429275870092	614
49	0.5	1.0	0.0	4.59408618062	1.65540339164	-0.737524601219	5.15688465504	2.37409691931	-0.455910297692	615
49	0.75	0.0	0.0	6.62971594056	-0.241813534245	-0.259493664603	7.3473331664	0.211147490509	-0.0411867644428	616
49	0.75	0.25	0.0	6.30656754579	0.357896567953	-0.550788716745	6.98581267448	0.894123382091	-0.358835057203	617
49	0.75	0.5	0.0	5.85707175854	0.921565064148	-0.763166704495	6.45625801666	1.54446031614	-0.577480960082	618
49	0.75	0.75	0.0	5.28690610028	1.39405119626	-0.895990086722	5.81693284577	2.07568130606	-0.711034234299	619
49	0.75	1.0	0.0	4.60174809253	1.72021420622	-0.948621322294	5.12610081466	2.40130936527	-0.773404641076	620
49	1.0	0.0	0.0	6.626119679	-0.250364	-0.279785	7.34548649976	0.197659909146	-0.0718915019387	621
49	1.0	0.25	0.0	6.30553086053	0.298088542104	-0.673014821618	6.98883186277	0.800748989474	-0.52304302196	622
49	1.0	0.5	0.0	5.84902949487	0.874651226566	-0.925374643585	6.45493468726	1.45994785645	-0.80002368733	623
49	1.0	0.75	0.0	5.27177874427	1.38494906975	-1.06133051351	5.8051606041	2.03460598432	-0.948615689615	624
49	1.0	1.0	0.0	4.588941771	1.734607088	-1.105348479	5.10087524413	2.38407284735	-1.01460122038	625
50	0.0	0.0	0.0	6.626119679	-0.250364	-0.279785	7.34548649976	0.197659909146	-0.0718915019387	626
50	0.0	0.25	0.0	6.30553086053	0.298088542104	-0.673014821618	6.98883186277	0.800748989474	-0.52304302196	627
50	0.0	0.5	0.0	5.84902949487	0.874651226566	-0.925374643585	6.45493468726	1.45994785645	-0.80002368733	628
50	0.0	0.75	0.0	5.27177874427	1.38494906975	-1.06133051351	5.8051606041	2.03460598432	-0.948615689615	629
50	0.0	1.0	0.0	4.588941771	1.734607088	-1.105348479	5.10087524413	2.38407284735	-1.01460122038	630
50	0.25	0.0	0.0	6.62698160197	-0.262586808304	-0.295045145189	7.34874139081	0.175365642579	-0.0881874820586	631
50	0.25	0.25	0.0	6.30000405329	0.208811029464	-0.794438461498	6.99283312702	0.677235202507	-0.696830352966	632
50	0.25	0.5	0.0	5.82073886223	0.7673355353	-1.09298904548	6.44932818371	1.31193361614	-1.043217791	633
50	0.25	0.75	0.0	5.22256956866	1.28686258691	-1.23743655943	5.78543869036	1.90065071856	-1.21410256757	634
50	0.25	1.0	0.0	4.53887971247	1.64126806199	-1.27452066565	5.06837677647	2.26457634482	-1.29623745412	635
50	0.5	0.0	0.0	6.6288778325	-0.28376540154	-0.302389214158	7.35590215111	0.132029841165	-0.0978103878773	636
50	0.5	0.25	0.0	6.29051014497	0.116263715726	-0.863104289919	6.99457590675	0.561239336285	-0.805122671424	637
50	0.5	0.5	0.0	5.7842968821	0.632836234815	-1.21885408661	6.43592735096	1.14559520035	-1.24755045086	638
50	0.5	0.75	0.0	5.16174410415	1.12602980006	-1.40825510289	5.75612311031	1.70482906894	-1.50127232412	639
50	0.5	1.0	0.0	4.47435787137	1.45592205577	-1.46992383741	5.03132981137	2.05867257762	-1.64246688915	640
50	0.75	0.0	0.0	6.63077406303	-0.308395044005	-0.306777676049	7.3630629114	0.0852429905215	-0.104477686617	641
50	0.75	0.25	0.0	6.28057183458	0.0171539646031	-0.898958934577	6.99527317091	0.440012283377	-0.870359553882	642
50	0.75	0.5	0.0	5.7501796801	0.482026662255	-1.30485510328	6.42332749111	0.963237247891	-1.40564425493	643
50	0.75	0.75	0.0	5.10655053961	0.93787785057	-1.54731219516	5.73099232825	1.48068080579	-1.75690424265	644
50	0.75	1.0	0.0	4.41663735309	1.23636233117	-1.64917622322	5.00203413858	1.81810587881	-1.9707119699	645
50	1.0	0.0	0.0	6.631635986	-0.330971	-0.313171	7.36631780245	0.0525955762635	-0.111906845499	646
50	1.0	0.25	0.0	6.27371182116	-0.0918108601897	-0.921949023169	6.99613788843	0.300804936352	-0.91498057689	647
50	1.0	0.5	0.0	5.72886338187	0.325780154764	-1.35287743179	6.42012390623	0.767164397574	-1.51012179125	648
50	1.0	0.75	0.0	5.0742370639	0.757833879836	-1.62813388751	5.7238248085	1.26174569943	-1.92777760656	649
50	1.0	1.0	0.0	4.386979263	1.04038215	-1.769896052	4.99278954791	1.59462058141	-2.19839514081	650
53	0.0	0.0	0.0	6.631635986	-0.330971	-0.313171	7.36631780245	0.0525955762635	-0.111906845499	651
53	0.0	0.25	0.0	6.27371182116	-0.0918108601897	-0.921949023169	6.99613788843	0.300804936352	-0.91498057689	652
53	0.0	0.5	0.0	5.72886338187	0.325780154764	-1.35287743179	6.42012390623	0.767164397574	-1.51012179125	653
53	0.0	0.75	0.0	5.0742370639	0.757833879836	-1.62813388751	5.7238248085	1.26174569943	-1.92777760656	654
53	0.0	1.0	0.0	4.386979263	1.04038215	-1.769896052	4.99278954791	1.59462058141	-2.19839514081	655
53	0.25	0.0	0.0	6.62518750366	-0.352810637952	-0.316918095807	7.36432039187	0.0254317453238	-0.116187651582	656
53	0.25	0.25	0.0	6.26044645358	-0.254009245227	-0.92466071906	6.9970965183	0.0874348173588	-0.938896519054	657
53	0.25	0.5	0.0	5.70100952011	0.0415913439448	-1.36738397286	6.42573853212	0.399416569341	-1.59752301676	658
53	0.25	0.75	0.0	5.04140973277	0.378251905952	-1.67726734991	5.73807058952	0.779450943273	-2.09957351476	659
53	0.25	1.0	0.0	4.37618012105	0.600233217183	-1.88649034292	5.02191684667	1.04561188116	-2.45255438313	660
53	0.5	0.0	0.0	6.6110008425	-0.37358423516	-0.310125145781	7.35992608859	-0.00705507645847	-0.110568864164	661
53	0.5	0.25	0.0	6.24253359786	-0.422435297714	-0.88442091463	6.99613766279	-0.131390449056	-0.897243807071	662
53	0.5	0.5	0.0	5.67099934294	-0.277122651555	-1.32773678726	6.42835407244	-0.0136854951479	-1.59370322433	663
53	0.5	0.75	0.0	5.01062400165	-0.0768511102556	-1.66527893808	5.75537255353	0.190401167707	-2.16708152056	664
53	0.5	1.0	0.0	4.37563349788	0.0391745126083	-1.92225354146	5.07599034202	0.325210921947	-2.58451310037	665
53	0.75	0.0	0.0	6.59681418134	-0.393202964789	-0.296508622865	7.35553178531	-0.0383870306607	-0.0981265038556	666
53	0.75	0.25	0.0	6.2273996507	-0.58206939301	-0.815373637994	6.99653199778	-0.330694890134	-0.806781950361	667
53	0.75	0.5	0.0	5.64815122315	-0.587077590064	-1.24926612071	6.4344094599	-0.407723689741	-1.51042062979	668
53	0.75	0.75	0.0	4.98894670768	-0.530847590164	-1.60518990692	5.77786447121	-0.393998871064	-2.13002645429	669
53	0.75	1.0	0.0	4.37966391327	-0.53599942752	-1.89014883253	5.13559733122	-0.414045875685	-2.586583336	670
53	1.0	0.0	0.0	6.590365699	-0.411578	-0.279785	7.35353437473	-0.06208625886	-0.081936591267	671
53	1.0	0.25	0.0	6.22247100883	-0.717891906473	-0.731662917265	7.00155019915	-0.485502533116	-0.684270458348	672
53	1.0	0.5	0.0	5.64178353354	-0.844989229915	-1.14730221893	6.45034362723	-0.718279908289	-1.35943344896	673
53	1.0	0.75	0.0	4.98344468798	-0.907109955149	-1.51002151138	5.80768011326	-0.86234441683	-1.98813314627	674
53	1.0	1.0	0.0	4.382595887	-1.018494067	-1.803139401	5.1813251115	-1.01962209119	-2.45107713347	675
54	0.0	0.0	0.0	6.590365699	-0.411578	-0.279785	7.35353437473	-0.06208625886	-0.081936591267	676
54	0.0	0.25	0.0	6.22247100883	-0.717891906473	-0.731662917265	7.00155019915	-0.485502533116	-0.684270458348	677
54	0.0	0.5	0.0	5.64178353354	-0.844989229915	-1.14730221893	6.45034362723	-0.718279908289	-1.35943344896	678
54	0.0	0.75	0.0	4.98344468798	-0.907109955149	-1.51002151138	5.80768011326	-0.86234441683	-1.98813314627	679
54	0.0	1.0	0.0	4.382595887	-1.018494067	-1.803139401	5.1813251115	-1.01962209119	-2.45107713347	680
54	0.25	0.0	0.0	6.59706370681	-0.426479485767	-0.262317991294	7.35737203157	-0.0751006261635	-0.0512595174882	681
54	0.25	0.25	0.0	6.24250800393	-0.846126597145	-0.635118356401	7.01802595581	-0.618975384057	-0.530491865673	682
54	0.25	0.5	0.0	5.68671687621	-1.10942623725	-1.00226160049	6.49081323058	-1.0079162111	-1.09992155044	683
54	0.25	0.75	0.0	5.05058660666	-1.30432570476	-1.33321228421	5.87105442058	-1.31000632465	-1.64353675953	684
54	0.25	1.0	0.0	4.45501347829	-1.51877229838	-1.5974349682	5.25407009049	-1.59332894205	-2.04532568066	685
54	0.5	0.0	0.0	6.611799324	-0.436755598079	-0.243158762234	7.36581487663	-0.0812250778549	-0.00303814526882	686
54	0.5	0.25	0.0	6.28145162369	-0.969522370294	-0.518878643863	7.04189579774	-0.744065188742	-0.342914167383	687
54	0.5	0.5	0.0	5.77488888357	-1.39086853133	-0.801749364428	6.5463719299	-1.29977614331	-0.7349544998	688
54	0.5	0.75	0.0	5.18571029406	-1.73976419214	-1.05965103711	5.96047197551	-1.76737299639	-1.1075884032	689
54	0.5	1.0	0.0	4.60751504555	-2.05517946366	-1.26046377509	5.36542463695	-2.16587080277	-1.38924513827	690
54	0.75	0.0	0.0	6.62653494119	-0.442791161351	-0.222154152058	7.37425772168	-0.0831089805068	0.0470286080678	691
54	0.75	0.25	0.0	6.31576244169	-1.05909650965	-0.385091340813	7.06170005484	-0.829390195393	-0.133537181823	692
54	0.75	0.5	0.0	5.85214216019	-1.60696553267	-0.564063773026	6.59238016234	-1.51163805531	-0.326339283481	693
54	0.75	0.75	0.0	5.30522493096	-2.08119978503	-0.73059517085	6.03533271508	-2.10693678643	-0.508103459802	694
54	0.75	1.0	0.0	4.74456158829	-2.47660082135	-0.856209256438	5.45959238394	-2.5923706149	-0.655555473685	695
54	1.0	0.0	0.0	6.633232949	-0.444971	-0.199151	7.37809537852	-0.0834017006923	0.0832418251983	696
54	1.0	0.25	0.0	6.32190103156	-1.08586629894	-0.235904008413	7.06597905702	-0.843568652231	0.0856392726596	697
54	1.0	0.5	0.0	5.86431931062	-1.67536666176	-0.307503088563	6.60419836507	-1.56128029748	0.0641171120606	698
54	1.0	0.75	0.0	5.32553969813	-2.1964068512	-0.387302086181	6.05503657635	-2.20119004915	0.0271026881505	699
54	1.0	1.0	0.0	4.770614106	-2.63192163	-0.448654847	5.48077696454	-2.72795131998	-0.0169766543216	700
57	0.0	0.0	0.0	6.633232949	-0.444971	-0.199151	7.37809537852	-0.0834017006923	0.0832418251983	701
57	0.0	0.25	0.0	6.32190103156	-1.08586629894	-0.235904008413	7.06597905702	-0.843568652231	0.0856392726596	702
57	0.0	0.5	0.0	5.86431931062	-1.67536666176	-0.307503088563	6.60419836507	-1.56128029748	0.0641171120606	703
57	0.0	0.75	0.0	5.32553969813	-2.1964068512	-0.387302086181	6.05503657635	-2.20119004915	0.0271026881505	704
57	0.0	1.0	0.0	4.770614106	-2.63192163	-0.448654847	5.48077696454	-2.72795131998	-0.0169766543216	705
57	0.25	0.0	0.0	6.62705603244	-0.443166236584	-0.176316614424	7.37673885714	-0.0812638827792	0.116775395122	706
57	0.25	0.25	0.0	6.28972899336	-1.04749971877	-0.105070164904	7.04821413044	-0.793838661578	0.282851541145	707
57	0.25	0.5	0.0	5.79420984351	-1.59167600167	-0.107016725614	6.56870939782	-1.46640137364	0.380069182137	708
57	0.25	0.75	0.0	5.2244316018	-2.07010808406	-0.137903204611	6.0065688983	-2.06834945911	0.433034777824	709
57	0.25	1.0	0.0	4.66432728711	-2.47720896476	-0.153476509953	5.43013687089	-2.56908035813	0.466354787933	710
57	0.5	0.0	0.0	6.613466816	-0.437001777756	-0.155224109174	7.37375451009	-0.0743667040571	0.161406105938	711
57	0.5	0.25	0.0	6.23577240587	-0.967182509121	0.00375646052607	7.01682619105	-0.707752240723	0.463244357516	712
57	0.5	0.5	0.0	5.67926200347	-1.42069744473	0.0550358175987	6.50307088024	-1.29902644957	0.689552228252	713
57	0.5	0.75	0.0	5.05812161792	-1.80594861222	0.0670683539122	5.91735981435	-1.82066978697	0.862982986017	714
57	0.5	1.0	0.0	4.48653725837	-2.13133803923	0.108308461335	5.34456423007	-2.24516270932	1.00618989868	715
57	0.75	0.0	0.0	6.59987759956	-0.426475430049	-0.135948299337	7.37077016305	-0.0631076364572	0.20422012134	716
57	0.75	0.25	0.0	6.183656334	-0.860801814788	0.0946687623239	6.98449793561	-0.594433667712	0.617633198306	717
57	0.75	0.5	0.0	5.56927991324	-1.20260922156	0.183582233575	6.43407525522	-1.08684844675	0.961338423961	718
57	0.75	0.75	0.0	4.89628535256	-1.47607935139	0.225823362756	5.82019907616	-1.51360671909	1.24947363591	719
57	0.75	1.0	0.0	4.30420966719	-1.70539390532	0.316423398205	5.24356635267	-1.84796323026	1.49617667174	720
57	1.0	0.0	0.0	6.593700683	-0.411585	-0.118564	7.36941364167	-0.0478841519106	0.232303605025	721
57	1.0	0.25	0.0	6.15700584262	-0.744244780573	0.171759634936	6.9639120609	-0.463007220589	0.73683354005	722
57	1.0	0.5	0.0	5.5140676956	-0.97758956275	0.283550214816	6.3885149657	-0.857560286688	1.16419994282	723
57	1.0	0.75	0.0	4.80859841177	-1.1526512173	0.336572595288	5.74787643539	-1.20261594184	1.52503305067	724
57	1.0	1.0	0.0	4.184310161	-1.310461615	0.450591632	5.1466505493	-1.46924677768	1.82996310095	725
58	0.0	0.0	0.0	6.593700683	-0.411585	-0.118564	7.36941364167	-0.0478841519106	0.232303605025	726
58	0.0	0.25	0.0	6.15700584262	-0.744244780573	0.171759634936	6.9639120609	-0.463007220589	0.73683354005	727
58	0.0	0.5	0.0	5.5140676956	-0.97758956275	0.283550214816	6.3885149657	-0.857560286688	1.16419994282	728
58	0.0	0.75	0.0	4.80859841177	-1.1526512173	0.336572595288	5.74787643539	-1.20261594184	1.52503305067	729
58	0.0	1.0	0.0	4.184310161	-1.310461615	0.450591632	5.1466505493	-1.46924677768	1.82996310095	730
58	0.25	0.0	0.0	6.59693733019	-0.393674134827	-0.102765158988	7.36940663059	-0.0238307258215	0.247399775838	731
58	0.25	0.25	0.0	6.1571321081	-0.61197492839	0.245033042135	6.95398084962	-0.302972935129	0.834709349081	732
58	0.25	0.5	0.0	5.51181157254	-0.721696116456	0.38548928919	6.36194050541	-0.562803074011	1.32067051435	733
58	0.25	0.75	0.0	4.79357604735	-0.786792332363	0.450456048589	5.69609872384	-0.793322406135	1.71874604649	734
58	0.25	1.0	0.0	4.13502585638	-0.871218209451	0.571785786745	5.05926863081	-0.984532195174	2.04239872038	735
58	0.5	0.0	0.0	6.604057954	-0.373402086356	-0.0893186160762	7.36939120623	0.00995495666646	0.259300444314	736
58	0.5	0.25	0.0	6.16752178336	-0.46070634498	0.314897795574	6.94698085635	-0.113115558371	0.918383625431	737
58	0.5	0.5	0.0	5.5288672795	-0.430523806362	0.496767374412	6.34017872811	-0.194740118023	1.44473855265	738
58	0.5	0.75	0.0	4.80884930156	-0.36698982336	0.585662571857	5.65395205065	-0.264198766234	1.86001799458	739
58	0.5	1.0	0.0	4.12822270872	-0.354239748835	0.710955839325	4.9932680531	-0.350771546949	2.18587471985	740
58	0.75	0.0	0.0	6.61117857781	-0.352067994706	-0.0821465151261	7.36937578187	0.0448026823322	0.264926670827	741
58	0.75	0.25	0.0	6.1858198668	-0.3074567225	0.36550353823	6.94536685905	0.0818610632548	0.966756501325	742
58	0.75	0.5	0.0	5.56660765758	-0.144082770676	0.589621523151	6.33157613491	0.182949159485	1.50859677525	743
58	0.75	0.75	0.0	4.85713357326	0.0398084557966	0.7043348644	5.63365341325	0.277947661403	1.92023108764	744
58	0.75	1.0	0.0	4.16098923695	0.145971551949	0.823770986743	4.95724849786	0.29673725939	2.23144303353	745
58	1.0	0.0	0.0	6.614415225	-0.330971	-0.085171	7.36936877079	0.0720422379547	0.261199515755	746
58	1.0	0.25	0.0	6.20967135681	-0.169243753109	0.380999913081	6.95159363565	0.257253083315	0.958728108989	747
58	1.0	0.5	0.0	5.62640554789	0.0976168523927	0.636288788073	6.3444792269	0.506585336723	1.48443789969	748
58	1.0	0.75	0.0	4.94114426128	0.366654651198	0.768615625528	5.64741980909	0.726309560317	1.87076751838	749
58	1.0	1.0	0.0	4.23041396	0.534913478	0.865900426	4.95980964678	0.822696316237	2.15015559557	750
61	0.0	0.0	0.0	6.614415225	-0.330971	-0.085171	7.36936877079	0.0720422379547	0.261199515755	751
61	0.0	0.25	0.0	6.20967135681	-0.169243753109	0.380999913081	6.95159363565	0.257253083315	0.958728108989	752
61	0.0	0.5	0.0	5.62640554789	0.0976168523927	0.636288788073	6.3444792269	0.506585336723	1.48443789969	753
61	0.0	0.75	0.0	4.94114426128	0.366654651198	0.768615625528	5.64741980909	0.726309560317	1.87076751838	754
61	0.0	1.0	0.0	4.23041396	0.534913478	0.865900426	4.95980964678	0.822696316237	2.15015559557	755
61	0.25	0.0	0.0	6.61708164281	-0.308198531676	-0.09158817374	7.36782751961	0.102536046863	0.250749424703	756
61	0.25	0.25	0.0	6.22940781101	-0.0696033951982	0.368709486737	6.96098210287	0.379706833587	0.921995299784	757
61	0.25	0.5	0.0	5.67598543454	0.245490023165	0.622102266604	6.37064120108	0.698525146696	1.4084340511	758
61	0.25	0.75	0.0	5.01722520024	0.544061108143	0.749454535544	5.6881098453	0.967574156546	1.75485920106	759
61	0.25	1.0	0.0	4.31353779496	0.733089244463	0.831630663245	5.00469306662	1.09543703349	2.00606427208	760
61	0.5	0.0	0.0	6.622947762	-0.283627088598	-0.0958402955884	7.36443676701	0.144094439229	0.237624884768	761
61	0.5	0.25	0.0	6.25552340272	0.0250866228855	0.344843291398	6.97357125915	0.495990858844	0.867971250784	762
61	0.5	0.5	0.0	5.73992130896	0.402071862063	0.574627213586	6.4111299991	0.900647031363	1.28434626047	763
61	0.5	0.75	0.0	5.12020728013	0.750711644793	0.680201067849	5.75640520541	1.24755045157	1.5610888876	764
61	0.5	1.0	0.0	4.44044711564	0.974388986937	0.748254451058	5.08868909664	1.42618861425	1.77253810592	765
61	0.75	0.0	0.0	6.62881388119	-0.26257435122	-0.103106019643	7.3610460144	0.182134125893	0.221486742627	766
61	0.75	0.25	0.0	6.2819792571	0.116666858565	0.292324760135	6.9866948858	0.608437496392	0.776294640013	767
61	0.75	0.5	0.0	5.80413952125	0.549616639409	0.489351930532	6.45304339541	1.09067998669	1.11834252693	768
61	0.75	0.75	0.0	5.22169537646	0.940511609354	0.574081789275	5.82659888449	1.50572758034	1.33410623671	769
61	0.75	1.0	0.0	4.56104752549	1.19358838644	0.632620634093	5.1738686943	1.7304462609	1.51006160268	770
61	1.0	0.0	0.0	6.631480299	-0.250358	-0.118564	7.35950476322	0.202071817698	0.201995844957	771
61	1.0	0.25	0.0	6.30273649934	0.206977869264	0.194077326021	6.99768676416	0.719379083543	0.626604145491	772
61	1.0	0.5	0.0	5.85456642157	0.670378625527	0.361764718952	6.48347916445	1.24635300863	0.916590849608	773
61	1.0	0.75	0.0	5.29329436476	1.06736635003	0.444323266656	5.87298387759	1.68159467778	1.11856090714	774
61	1.0	1.0	0.0	4.625244628	1.325463124	0.501578057	5.22230281709	1.9237051758	1.27911926791	775
62	0.0	0.0	0.0	6.631480299	-0.250358	-0.118564	7.35950476322	0.202071817698	0.201995844957	776
62	0.0	0.25	0.0	6.30273649934	0.206977869264	0.194077326021	6.99768676416	0.719379083543	0.626604145491	777
62	0.0	0.5	0.0	5.85456642157	0.670378625527	0.361764718952	6.48347916445	1.24635300863	0.916590849608	778
62	0.0	0.75	0.0	5.29329436476	1.06736635003	0.444323266656	5.87298387759	1.68159467778	1.11856090714	779
62	0.0	1.0	0.0	4.625244628	1.325463124	0.501578057	5.22230281709	1.9237051758	1.27911926791	780
62	0.25	0.0	0.0	6.63423896369	-0.241862533882	-0.138723664459	7.35916107619	0.214815976213	0.174645465895	781
62	0.25	0.25	0.0	6.31325792688	0.274888768734	0.0944197031292	7.00131012347	0.805105430141	0.484876744501	782
62	0.25	0.5	0.0	5.87961266568	0.7452235677	0.225148808805	6.4961209766	1.35014065291	0.723143850713	783
62	0.25	0.75	0.0	5.32261919607	1.12758549766	0.291926288581	5.89150844464	1.78058607371	0.902616865247	784
62	0.25	1.0	0.0	4.63159353401	1.38041819327	0.333214778466	5.23538733664	2.02710612173	1.03646586882	785
62	0.5	0.0	0.0	6.640308026	-0.230750059141	-0.158453165927	7.35840496473	0.235275574227	0.139096392299	786
62	0.5	0.25	0.0	6.31742410012	0.313244228666	0.0151288952101	6.99851057935	0.857536034578	0.379705127697	787
62	0.5	0.5	0.0	5.88779139237	0.788102987797	0.0859212064656	6.49898643308	1.42105157908	0.535270549018	788
62	0.5	0.75	0.0	5.3297859782	1.16848409764	0.0992098141864	5.89991851131	1.86595271399	0.634716852864	789
62	0.5	1.0	0.0	4.62178393301	1.4290454376	0.10028076472	5.24139279943	2.13236994557	0.706968235832	790
62	0.75	0.0	0.0	6.64637708831	-0.22109480483	-0.178385084432	7.35764885328	0.25427795181	0.103344901667	791
62	0.75	0.25	0.0	6.31702729095	0.333598993607	-0.0778131217841	6.99348072833	0.888102339905	0.258672337579	792
62	0.75	0.5	0.0	5.88234125065	0.813166140505	-0.071376913134	6.49423575967	1.46722970887	0.329934739796	793
62	0.75	0.75	0.0	5.31900986023	1.19920768022	-0.109389629934	5.89644892165	1.9320157389	0.354811052446	794
62	0.75	1.0	0.0	4.6037240125	1.47332465712	-0.142164443637	5.23665518864	2.22281611019	0.370980219659	795
62	1.0	0.0	0.0	6.649135753	-0.216971	-0.199152	7.35730516625	0.262650449037	0.0753872714959	796
62	1.0	0.25	0.0	6.31385977124	0.347507808106	-0.218424371901	6.99041316694	0.908235789175	0.0693614166491	797
62	1.0	0.5	0.0	5.8665008895	0.834562280512	-0.26220437506	6.48402918215	1.49681896401	0.0841002183185	798
62	1.0	0.75	0.0	5.29450599126	1.22890177566	-0.309435517188	5.87933451972	1.97309628871	0.102849646452	799
62	1.0	1.0	0.0	4.58532196	1.515235652	-0.339061306	5.21751048748	2.28176407846	0.108855670999	800
