Elem	xi[0]	xi[1]	xi[2]	Y[0]	Y[1]	Y[2]	y[0]	y[1]	y[2]	Index
1	0.0	0.0	0.0	0.36984638	2.592769335	-0.213607145	0.425432998323	1.74736182806	0.0802412162341	1
1	0.0	0.25	0.0	-0.200969533618	2.46870281306	-0.226010336661	-0.170317802857	1.58392054293	0.102075160159	2
1	0.0	0.5	0.0	-0.749561932055	2.24343033945	-0.285737968059	-0.765675250656	1.3910832643	0.0921116374714	3
1	0.0	0.75	0.0	-1.32382101946	1.95755290362	-0.365439214428	-1.36474607355	1.1867666904	0.0769318412058	4
1	0.0	1.0	0.0	-1.971637	1.651671495	-0.437763251	-1.971637	0.988887519476	0.083116964396	5
1	0.25	0.0	0.0	0.350155870997	2.48882805073	-0.424242726788	0.404338399449	1.72452087166	-0.254161202469	6
1	0.25	0.25	0.0	-0.204278654922	2.3840687262	-0.447956375	-0.1832250678	1.56637579035	-0.246575875264	7
1	0.25	0.5	0.0	-0.738718546114	2.17159860178	-0.528853009726	-0.766761954429	1.38424427454	-0.277662120638	8
1	0.25	0.75	0.0	-1.3091694465	1.90793709222	-0.608471375825	-1.35874251398	1.1980796856	-0.296556033893	9
1	0.25	1.0	0.0	-1.971637	1.64960361228	-0.628350218159	-1.971637	1.02783538485	-0.252393710331	10
1	0.5	0.0	0.0	0.311078018065	2.26861295899	-0.639175175479	0.369712523723	1.63868025445	-0.659261983477	11
1	0.5	0.25	0.0	-0.213976445235	2.16082205654	-0.700771013462	-0.204187722058	1.48369897991	-0.688775706907	12
1	0.5	0.5	0.0	-0.742140166209	1.97190013718	-0.807996528761	-0.778227620067	1.31847566619	-0.735380259255	13
1	0.5	0.75	0.0	-1.31437354956	1.74485780486	-0.904514699587	-1.36363482711	1.15423284044	-0.774291128784	14
1	0.5	1.0	0.0	-1.971637	1.52270566351	-0.933988504152	-1.971637	1.00219302978	-0.780723803759	15
1	0.75	0.0	0.0	0.271680920351	2.0063446325	-0.84295448768	0.339517732226	1.52492142082	-1.05703355093	16
1	0.75	0.25	0.0	-0.230128370234	1.88284443122	-0.945730617141	-0.222837709537	1.36828100879	-1.12953171535	17
1	0.75	0.5	0.0	-0.763325411873	1.72192873082	-1.07415741963	-0.795776810263	1.22106164417	-1.18545425497	18
1	0.75	0.75	0.0	-1.33984876749	1.53271377488	-1.18731299099	-1.3788573228	1.07685589647	-1.2458901831	19
1	0.75	1.0	0.0	-1.971637	1.32431580698	-1.24427542707	-1.971637	0.929256335199	-1.33192851311	20
1	1.0	0.0	0.0	0.251032677	1.776243644	-1.02013066	0.331716386034	1.41832581518	-1.36944832899	21
1	1.0	0.25	0.0	-0.252799895598	1.63401747737	-1.14411155113	-0.228806974144	1.25251277415	-1.47385128119	22
1	1.0	0.5	0.0	-0.805772902637	1.49927816785	-1.27832457681	-0.815114087706	1.11928641341	-1.53229558436	23
1	1.0	0.75	0.0	-1.38601053911	1.33590373566	-1.39061005533	-1.40384431091	0.987578595271	-1.60096993649	24
1	1.0	1.0	0.0	-1.971637	1.107772201	-1.448808305	-1.971637	0.826321182064	-1.7360630356	25
2	0.0	0.0	0.0	0.251032677	1.776243644	-1.02013066	0.331716386034	1.41832581518	-1.36944832899	26
2	0.0	0.25	0.0	-0.252799895598	1.63401747737	-1.14411155113	-0.228806974144	1.25251277415	-1.47385128119	27
2	0.0	0.5	0.0	-0.805772902637	1.49927816785	-1.27832457681	-0.815114087706	1.11928641341	-1.53229558436	28
2	0.0	0.75	0.0	-1.38601053911	1.33590373566	-1.39061005533	-1.40384431091	0.987578595271	-1.60096993649	29
2	0.0	1.0	0.0	-1.971637	1.107772201	-1.448808305	-1.971637	0.826321182064	-1.7360630356	30
2	0.25	0.0	0.0	0.224538009242	1.5258791019	-1.19798082618	0.321319377388	1.2979316338	-1.68678987996	31
2	0.25	0.25	0.0	-0.287230113165	1.37760227309	-1.32164222049	-0.234782551691	1.12532863	-1.8014864928	32
2	0.25	0.5	0.0	-0.849141423181	1.25553974122	-1.46098968828	-0.828243004728	0.992610370474	-1.8748618239	33
2	0.25	0.75	0.0	-1.4232567693	1.10190207464	-1.56520649135	-1.42016136105	0.856109680923	-1.94762611465	34
2	0.25	1.0	0.0	-1.971637	0.858899841718	-1.58347589151	-1.971637	0.672159387031	-2.06048960642	35
2	0.5	0.0	0.0	0.174882251566	1.2330888809	-1.37394374328	0.286406108932	1.14631924396	-2.046146807	36
2	0.5	0.25	0.0	-0.327760903773	1.09518911186	-1.49448769267	-0.255198016236	0.977529753531	-2.15748065811	37
2	0.5	0.5	0.0	-0.873062615599	0.959472917558	-1.65625132713	-0.834705727566	0.825415684704	-2.27436728055	38
2	0.5	0.75	0.0	-1.43102170673	0.794470336949	-1.76887983136	-1.41816829788	0.662480648322	-2.37269479044	39
2	0.5	1.0	0.0	-1.971637	0.568711408971	-1.74201839008	-1.971637	0.46122825523	-2.42835130389	40
2	0.75	0.0	0.0	0.129858797357	0.932990797208	-1.55867706749	0.253730827127	0.963111942559	-2.398515133	41
2	0.75	0.25	0.0	-0.362731820913	0.81244893447	-1.67279090034	-0.276327299623	0.800562307275	-2.49856172528	42
2	0.75	0.5	0.0	-0.886633395456	0.656344844002	-1.84734294462	-0.838523717141	0.622121529365	-2.64938846122	43
2	0.75	0.75	0.0	-1.42766282293	0.47656031027	-1.96493961769	-1.41093481931	0.430184814561	-2.76789231379	44
2	0.75	1.0	0.0	-1.971637	0.284977117739	-1.90818733686	-1.971637	0.227147368595	-2.770970256	45
2	1.0	0.0	0.0	0.11726104	0.660702667	-1.762838455	0.250047778436	0.747933026476	-2.69489088086	46
2	1.0	0.25	0.0	-0.380482418077	0.555052681717	-1.86669477619	-0.284444333699	0.585872453738	-2.78145764247	47
2	1.0	0.5	0.0	-0.898950678318	0.391422667684	-2.01749799205	-0.843718434373	0.387147077722	-2.91850187281	48
2	1.0	0.75	0.0	-1.4315375894	0.211123782309	-2.11669539263	-1.41153062325	0.18271549673	-3.02493503465	49
2	1.0	1.0	0.0	-1.971637	0.055467183	-2.065734268	-1.971637	0.0035363090655	-3.01966859073	50
5	0.0	0.0	0.0	0.11726104	0.660702667	-1.762838455	0.250047778436	0.747933026476	-2.69489088086	51
5	0.0	0.25	0.0	-0.380482418077	0.555052681717	-1.86669477619	-0.284444333699	0.585872453738	-2.78145764247	52
5	0.0	0.5	0.0	-0.898950678318	0.391422667684	-2.01749799205	-0.843718434373	0.387147077722	-2.91850187281	53
5	0.0	0.75	0.0	-1.4315375894	0.211123782309	-2.11669539263	-1.41153062325	0.18271549673	-3.02493503465	54
5	0.0	1.0	0.0	-1.971637	0.055467183	-2.065734268	-1.971637	0.0035363090655	-3.01966859073	55
5	0.25	0.0	0.0	0.133740006583	0.0178407126888	-2.11701286416	0.285875081018	0.0617236626523	-3.12140185468	56
5	0.25	0.25	0.0	-0.384077659575	-0.0498406473896	-2.17353472192	-0.270784509762	-0.0829195993701	-3.16050607236	57
5	0.25	0.5	0.0	-0.91534014845	-0.158833689427	-2.21411868086	-0.847200658252	-0.248960801606	-3.18594795244	58
5	0.25	0.75	0.0	-1.44840681145	-0.280250980937	-2.22004255597	-1.42145695736	-0.409878966042	-3.19176469938	59
5	0.25	1.0	0.0	-1.971637	-0.385205089433	-2.17258416223	-1.971637	-0.539153114664	-3.17199351763	60
5	0.5	0.0	0.0	0.138445249884	-0.750195773717	-2.27200674184	0.314884644523	-0.852005108361	-3.31502453214	61
5	0.5	0.25	0.0	-0.374245719836	-0.782915672876	-2.26265699759	-0.246493855514	-0.965473591883	-3.29289206534	62
5	0.5	0.5	0.0	-0.91028512361	-0.828615177386	-2.21704661197	-0.835583514522	-1.07157456795	-3.23624527931	63
5	0.5	0.75	0.0	-1.44947990311	-0.887068565645	-2.14324929096	-1.42106950514	-1.1777269173	-3.15773913203	64
5	0.5	1.0	0.0	-1.971637	-0.958050116054	-2.04933874051	-1.971637	-1.29134952071	-3.07002858149	65
5	0.75	0.0	0.0	0.148857931493	-1.52248528051	-2.29435200211	0.348940277808	-1.7947625981	-3.30204444984	66
5	0.75	0.25	0.0	-0.349606966793	-1.52413188381	-2.22370622213	-0.21356778867	-1.87066567546	-3.22580836911	67
5	0.75	0.5	0.0	-0.885925476435	-1.51221340289	-2.11520073206	-0.81368604598	-1.91309631253	-3.11633257217	68
5	0.75	0.75	0.0	-1.43497601499	-1.5057007037	-1.97531588262	-1.41263546085	-1.95585292395	-2.97903942701	69
5	0.75	1.0	0.0	-1.971637	-1.52356465215	-1.81053202453	-1.971637	-2.03273392433	-2.81935130158	70
5	1.0	0.0	0.0	0.182459213	-2.178106296	-2.250580559	0.399905789734	-2.56805811811	-3.10874714436	71
5	1.0	0.25	0.0	-0.308781768382	-2.15344876925	-2.14632701447	-0.174001726948	-2.60737200175	-3.00644773135	72
5	1.0	0.5	0.0	-0.844401079561	-2.10391997265	-1.99749998778	-0.786327295428	-2.6059281266	-2.87314854981	73
5	1.0	0.75	0.0	-1.40511429771	-2.03251912697	-1.80524261596	-1.39842201876	-2.57928155288	-2.71184667874	74
5	1.0	1.0	0.0	-1.971637	-1.942245453	-1.570698036	-1.971637	-2.54298734082	-2.52553919715	75
6	0.0	0.0	0.0	0.182459213	-2.178106296	-2.250580559	0.399905789734	-2.56805811811	-3.10874714436	76
6	0.0	0.25	0.0	-0.308781768382	-2.15344876925	-2.14632701447	-0.174001726948	-2.60737200175	-3.00644773135	77
6	0.0	0.5	0.0	-0.844401079561	-2.10391997265	-1.99749998778	-0.786327295428	-2.6059281266	-2.87314854981	78
6	0.0	0.75	0.0	-1.40511429771	-2.03251912697	-1.80524261596	-1.39842201876	-2.57928155288	-2.71184667874	79
6	0.0	1.0	0.0	-1.971637	-1.942245453	-1.570698036	-1.971637	-2.54298734082	-2.52553919715	80
6	0.25	0.0	0.0	0.230252723417	-2.85283775477	-1.99808361867	0.458772789411	-3.28752668701	-2.59135858818	81
6	0.25	0.25	0.0	-0.265681134457	-2.79585025788	-1.89569138182	-0.136499278619	-3.2841521692	-2.49832760773	82
6	0.25	0.5	0.0	-0.802712205142	-2.69450120522	-1.73994037835	-0.76424814262	-3.23003034715	-2.36778979401	83
6	0.25	0.75	0.0	-1.37365461793	-2.55006247358	-1.53680758389	-1.38801036349	-3.12670363935	-2.21623871217	84
6	0.25	1.0	0.0	-1.97132250212	-2.36380593977	-1.29226997409	-1.97132250212	-2.97571446432	-2.0601679274	85
6	0.5	0.0	0.0	0.26477242535	-3.56462360724	-1.46382323599	0.502440498077	-4.00905783346	-1.76218894004	86
6	0.5	0.25	0.0	-0.239162275522	-3.4772900332	-1.38331004154	-0.109757655629	-3.96701522122	-1.69558730266	87
6	0.5	0.5	0.0	-0.778994900957	-3.30881983767	-1.25598523345	-0.751900687256	-3.84817449613	-1.58474357489	88
6	0.5	0.75	0.0	-1.35583655432	-3.0995094805	-1.09441097474	-1.38518283548	-3.68293362541	-1.46078383304	89
6	0.5	1.0	0.0	-1.97079833899	-2.88965542158	-0.911149428411	-1.97079833899	-3.5016905763	-1.35483415341	90
6	0.75	0.0	0.0	0.285607513608	-4.12290664934	-0.808176981563	0.533822258812	-4.56424107639	-0.82882160794	91
6	0.75	0.25	0.0	-0.227346034172	-4.01872757963	-0.758400713421	-0.0882301544101	-4.49971405241	-0.794962708745	92
6	0.75	0.5	0.0	-0.771800077215	-3.80192984781	-0.682601766958	-0.740759113003	-4.33233502817	-0.723780409572	93
6	0.75	0.75	0.0	-1.35162557984	-3.54474400507	-0.591107767164	-1.38212632698	-4.12454605294	-0.646488286041	94
6	0.75	1.0	0.0	-1.97069350636	-3.3194006026	-0.49424633903	-1.97069350636	-3.93878917597	-0.594299913771	95
6	1.0	0.0	0.0	0.292347183	-4.337129677	-0.191522426	0.555831414696	-4.78466593472	0.00116000008975	96
6	1.0	0.25	0.0	-0.228353253002	-4.2411223816	-0.17018111729	-0.0663700713954	-4.72600155733	0.00681028143267	97
6	1.0	0.5	0.0	-0.779678644124	-4.02888521348	-0.156757192744	-0.722297603527	-4.55448639793	0.0153291848547	98
6	1.0	0.75	0.0	-1.36098716743	-3.74964990462	-0.139952939826	-1.37102773022	-4.32811546387	0.0256416841136	99
6	1.0	1.0	0.0	-1.971637	-3.452648187	-0.108470646	-1.971637	-4.10488376253	0.036672752967	100
9	0.0	0.0	0.0	0.292347183	-4.337129677	-0.191522426	0.555831414696	-4.78466593472	0.00116000008975	101
9	0.0	0.25	0.0	-0.228353253002	-4.2411223816	-0.17018111729	-0.0663700713954	-4.72600155733	0.00681028143267	102
9	0.0	0.5	0.0	-0.779678644124	-4.02888521348	-0.156757192744	-0.722297603527	-4.55448639793	0.0153291848547	103
9	0.0	0.75	0.0	-1.36098716743	-3.74964990462	-0.139952939826	-1.37102773022	-4.32811546387	0.0256416841136	104
9	0.0	1.0	0.0	-1.971637	-3.452648187	-0.108470646	-1.971637	-4.10488376253	0.036672752967	105
9	0.25	0.0	0.0	0.275958542229	-4.13565980137	0.354026043542	0.554144814047	-4.62043401271	0.741282013446	106
9	0.25	0.25	0.0	-0.241039389398	-4.06405227566	0.350224636177	-0.0601658378226	-4.58201850627	0.718666330435	107
9	0.25	0.5	0.0	-0.793043913793	-3.88767235637	0.314996767645	-0.716352138694	-4.43808011587	0.668503594895	108
9	0.25	0.75	0.0	-1.37327740801	-3.62555304406	0.274955488013	-1.36956672899	-4.22883903146	0.619377563407	109
9	0.25	1.0	0.0	-1.97496224912	-3.29672733929	0.256713847347	-1.97496224912	-3.99451544299	0.599871992553	110
9	0.5	0.0	0.0	0.239976908244	-3.66766766206	0.948820773242	0.527626121231	-4.2107012579	1.60144239652	111
9	0.5	0.25	0.0	-0.262243735465	-3.6273940496	0.919296884787	-0.0747606890204	-4.196854836	1.5460444455	112
9	0.5	0.5	0.0	-0.806864586867	-3.4897991205	0.853293146031	-0.730298554998	-4.09095649109	1.46015054996	113
9	0.5	0.75	0.0	-1.38318075742	-3.2765487875	0.76930796194	-1.38390245281	-3.92990502103	1.37537941449	114
9	0.5	1.0	0.0	-1.98048735858	-3.00930896332	0.685839737478	-1.98048735858	-3.75059922367	1.32334974369	115
9	0.75	0.0	0.0	0.203021630387	-3.08232467948	1.44388517357	0.491657395899	-3.67187414124	2.38521343616	116
9	0.75	0.25	0.0	-0.283681588786	-3.07795574863	1.39374944308	-0.0985178850021	-3.69292305299	2.30223500169	117
9	0.75	0.5	0.0	-0.818760633163	-2.98443973015	1.30540076275	-0.748574094826	-3.63631252742	2.19584346529	118
9	0.75	0.75	0.0	-1.39012240055	-2.83406936114	1.18468427773	-1.39784735545	-3.53692203441	2.0884895859	119
9	0.75	1.0	0.0	-1.98567378876	-2.6591373787	1.03744513312	-1.98567378876	-3.42963104384	2.00262412245	120
9	1.0	0.0	0.0	0.183712058	-2.528802274	1.690242655	0.461620697705	-3.1203591337	2.89616741918	121
9	1.0	0.25	0.0	-0.297068246947	-2.56254541799	1.63029612558	-0.119800685781	-3.19263566371	2.80052837409	122
9	1.0	0.5	0.0	-0.826352022498	-2.52076840961	1.51858843815	-0.755616000568	-3.19734522868	2.68115575614	123
9	1.0	0.75	0.0	-1.3935275223	-2.42954699118	1.36266423115	-1.39521389064	-3.15549867342	2.55355042613	124
9	1.0	1.0	0.0	-1.987983	-2.314956905	1.170068143	-1.987983	-3.08810684276	2.43321324491	125
10	0.0	0.0	0.0	0.183712058	-2.528802274	1.690242655	0.461620697705	-3.1203591337	2.89616741918	126
10	0.0	0.25	0.0	-0.297068246947	-2.56254541799	1.63029612558	-0.119800685781	-3.19263566371	2.80052837409	127
10	0.0	0.5	0.0	-0.826352022498	-2.52076840961	1.51858843815	-0.755616000568	-3.19734522868	2.68115575614	128
10	0.0	0.75	0.0	-1.3935275223	-2.42954699118	1.36266423115	-1.39521389064	-3.15549867342	2.55355042613	129
10	0.0	1.0	0.0	-1.987983	-2.314956905	1.170068143	-1.987983	-3.08810684276	2.43321324491	130
10	0.25	0.0	0.0	0.184970362183	-1.97784601388	1.6932757932	0.450993150009	-2.50446152744	3.12176756206	131
10	0.25	0.25	0.0	-0.298793972022	-2.02084500858	1.6387718108	-0.12707063824	-2.59633282094	3.05020554163	132
10	0.25	0.5	0.0	-0.83073784712	-1.98993851164	1.51708864272	-0.749255485633	-2.61915401009	2.95007092065	133
10	0.25	0.75	0.0	-1.39751505487	-1.91155103276	1.34710306786	-1.38050914947	-2.59066048724	2.8279931942	134
10	0.25	1.0	0.0	-1.98577938704	-1.81210708161	1.1476918651	-1.98577938704	-2.52858764473	2.69060185738	135
10	0.5	0.0	0.0	0.203309229424	-1.31628230908	1.58524695488	0.461360363345	-1.73939224177	3.20213645388	136
10	0.5	0.25	0.0	-0.284986796752	-1.35624785115	1.54523342328	-0.120015606709	-1.82244261255	3.16452622909	137
10	0.5	0.5	0.0	-0.827154301103	-1.33213264472	1.4395746762	-0.744263696052	-1.85161785623	3.08072631325	138
10	0.5	0.75	0.0	-1.40009548917	-1.2701405022	1.29187378947	-1.37621798816	-1.84270739746	2.96343084079	139
10	0.5	1.0	0.0	-1.9807125665	-1.19647523599	1.12573383893	-1.9807125665	-1.81150066087	2.82533394619	140
10	0.75	0.0	0.0	0.248280613953	-0.629734689247	1.39825668112	0.493070528811	-0.958229008086	3.13034983201	141
10	0.75	0.25	0.0	-0.246035116991	-0.665744220107	1.37230037454	-0.0942705412329	-1.02840338795	3.12081787324	142
10	0.75	0.5	0.0	-0.803594485289	-0.651507433624	1.29871286887	-0.730964233324	-1.06081124773	3.05426235194	143
10	0.75	0.75	0.0	-1.39108507313	-0.608374316545	1.19473888613	-1.37270679223	-1.07026733948	2.94719920123	144
10	0.75	1.0	0.0	-1.97519446271	-0.557694855622	1.07762314829	-1.97519446271	-1.07158641524	2.81614435423	145
10	1.0	0.0	0.0	0.32943647	-0.003826684	1.164405513	0.546471837505	-0.2940495578	2.89948343381	146
10	1.0	0.25	0.0	-0.172327328592	-0.0463243898382	1.14259207613	-0.0454703918548	-0.371653496529	2.89640791082	147
10	1.0	0.5	0.0	-0.748051500517	-0.0522195030938	1.10716955105	-0.699680698949	-0.412808665206	2.85181945474	148
10	1.0	0.75	0.0	-1.36030005468	-0.0293113928026	1.05346084794	-1.36034194719	-0.431968248708	2.76663411084	149
10	1.0	1.0	0.0	-1.971637	0.014600572	0.976788877	-1.971637	-0.44358543191	2.64176792438	150
13	0.0	0.0	0.0	0.32943647	-0.003826684	1.164405513	0.546471837505	-0.2940495578	2.89948343381	151
13	0.0	0.25	0.0	-0.172327328592	-0.0463243898382	1.14259207613	-0.0454703918548	-0.371653496529	2.89640791082	152
13	0.0	0.5	0.0	-0.748051500517	-0.0522195030938	1.10716955105	-0.699680698949	-0.412808665206	2.85181945474	153
13	0.0	0.75	0.0	-1.36030005468	-0.0293113928026	1.05346084794	-1.36034194719	-0.431968248708	2.76663411084	154
13	0.0	1.0	0.0	-1.971637	0.014600572	0.976788877	-1.971637	-0.44358543191	2.64176792438	155
13	0.25	0.0	0.0	0.3867113612	0.388587593232	0.996248837434	0.572888309366	0.0536844616028	2.65235883996	156
13	0.25	0.25	0.0	-0.124738946075	0.329015278576	0.972687714791	-0.0245935570322	-0.0429507512389	2.6425893792	157
13	0.25	0.5	0.0	-0.71096535738	0.297420365113	0.953151622209	-0.684472515427	-0.098106131105	2.60268013707	158
13	0.25	0.75	0.0	-1.33780248822	0.289465281297	0.91653034426	-1.35166437729	-0.13041839573	2.52493516908	159
13	0.25	1.0	0.0	-1.9710849541	0.300812455586	0.841713665511	-1.9710849541	-0.158524262848	2.40165853079	160
13	0.5	0.0	0.0	0.430781707382	0.808703310524	0.830081401506	0.579530098541	0.375312005044	2.3450047366	161
13	0.5	0.25	0.0	-0.0938300018127	0.734018214361	0.80023668127	-0.0278481388411	0.266823799937	2.32267372963	162
13	0.5	0.5	0.0	-0.685749176459	0.683063394497	0.774750649949	-0.685018915045	0.208866627198	2.26204042297	163
13	0.5	0.75	0.0	-1.31988490916	0.638958298209	0.727285746597	-1.34758428222	0.16657695953	2.16648132015	164
13	0.5	1.0	0.0	-1.97114629253	0.584822372775	0.631504410272	-1.97114629253	0.105091269636	2.03937292467	165
13	0.75	0.0	0.0	0.468011803122	1.21690169405	0.696728220825	0.581895931627	0.673489240749	2.02399029762	166
13	0.75	0.25	0.0	-0.067761801694	1.13289164296	0.652990433817	-0.0353328266051	0.556810977605	1.9861227618	167
13	0.75	0.5	0.0	-0.662521889338	1.05655327468	0.605924726172	-0.688381430638	0.490117759907	1.89965835757	168
13	0.75	0.75	0.0	-1.30188132771	0.96870079177	0.533273026683	-1.34462858262	0.430533058558	1.78274262651	169
13	0.75	1.0	0.0	-1.9714529847	0.850148396827	0.412777264148	-1.9714529847	0.335180344461	1.65352111021	170
13	1.0	0.0	0.0	0.504765943	1.57356397	0.627014311	0.595484535227	0.950872336945	1.73588469693	171
13	1.0	0.25	0.0	-0.0346956516069	1.48984278983	0.558700430679	-0.0271463096477	0.826151602371	1.68239827544	172
13	1.0	0.5	0.0	-0.631402427604	1.36973369527	0.480631942786	-0.681621595044	0.727655417228	1.58529198599	173
13	1.0	0.75	0.0	-1.27912575405	1.22822589582	0.38203815625	-1.33932419911	0.632965142843	1.46518915066	174
13	1.0	1.0	0.0	-1.971637	1.080308601	0.25214838	-1.971637	0.519662140547	1.34271309157	175
14	0.0	0.0	0.0	0.504765943	1.57356397	0.627014311	0.595484535227	0.950872336945	1.73588469693	176
14	0.0	0.25	0.0	-0.0346956516069	1.48984278983	0.558700430679	-0.0271463096477	0.826151602371	1.68239827544	177
14	0.0	0.5	0.0	-0.631402427604	1.36973369527	0.480631942786	-0.681621595044	0.727655417228	1.58529198599	178
14	0.0	0.75	0.0	-1.27912575405	1.22822589582	0.38203815625	-1.33932419911	0.632965142843	1.46518915066	179
14	0.0	1.0	0.0	-1.971637	1.080308601	0.25214838	-1.971637	0.519662140547	1.34271309157	180
14	0.25	0.0	0.0	0.502704441854	1.88720616276	0.528341708993	0.58226675869	1.19694174411	1.41787902356	181
14	0.25	0.25	0.0	-0.041350517939	1.79052472787	0.44998255891	-0.0373316183777	1.05947580284	1.36676352365	182
14	0.25	0.5	0.0	-0.635010131172	1.62157656933	0.359033741437	-0.687614621657	0.919354919934	1.28762792701	183
14	0.25	0.75	0.0	-1.27839781836	1.42352096654	0.249449903092	-1.34143287444	0.77972719317	1.18856759871	184
14	0.25	1.0	0.0	-1.971637	1.23951719888	0.115185690392	-1.971637	0.643740720342	1.07767790386	185
14	0.5	0.0	0.0	0.455666787907	2.2288170659	0.316966391479	0.525659743035	1.44909244438	0.964403513855	186
14	0.5	0.25	0.0	-0.099264437493	2.10512689687	0.249400159528	-0.085045046581	1.29749743131	0.930189654794	187
14	0.5	0.5	0.0	-0.68043111333	1.90176395866	0.160329780889	-0.717673815661	1.12756117583	0.87291121958	188
14	0.5	0.75	0.0	-1.30037478553	1.6568543586	0.0466995188838	-1.35295999115	0.951129699682	0.794806007631	189
14	0.5	1.0	0.0	-1.971637	1.40852420404	-0.0945463631665	-1.971637	0.780049024575	0.698111818365	190
14	0.75	0.0	0.0	0.399448820757	2.49760276233	0.0504596697265	0.46145223925	1.65125546372	0.482757725509	191
14	0.75	0.25	0.0	-0.166462434607	2.35680201816	0.00729020388631	-0.13960197962	1.48928838044	0.474639317442	192
14	0.75	0.5	0.0	-0.730877628738	2.13436037733	-0.0698155764222	-0.75072031326	1.3016715142	0.441089808229	193
14	0.75	0.75	0.0	-1.32290105331	1.85820527122	-0.175250889311	-1.36402468046	1.10190031466	0.3891716607	194
14	0.75	1.0	0.0	-1.971637	1.55626413117	-0.303408952891	-1.971637	0.903470231527	0.325947337682	195
14	1.0	0.0	0.0	0.36984638	2.592769335	-0.213607145	0.425432998323	1.74736182806	0.0802412162341	196
14	1.0	0.25	0.0	-0.200969533618	2.46870281306	-0.226010336661	-0.170317802857	1.58392054293	0.102075160159	197
14	1.0	0.5	0.0	-0.749561932055	2.24343033945	-0.285737968059	-0.765675250656	1.3910832643	0.0921116374714	198
14	1.0	0.75	0.0	-1.32382101946	1.95755290362	-0.365439214428	-1.36474607355	1.1867666904	0.0769318412058	199
14	1.0	1.0	0.0	-1.971637	1.651671495	-0.437763251	-1.971637	0.988887519476	0.083116964396	200
17	0.0	0.0	0.0	4.58532196	1.515235652	-0.339061306	5.07519372621	2.14583219555	0.0224320900219	201
17	0.0	0.25	0.0	4.03259046897	1.77657941769	-0.325144489533	4.51380270706	2.26530453124	0.026139507724	202
17	0.0	0.5	0.0	3.56705278995	2.11703004263	-0.281389719616	3.93358020956	2.31081664699	0.0432182707826	203
17	0.0	0.75	0.0	3.1341936102	2.40692773925	-0.237334511391	3.3692417001	2.27338737758	0.0560356881588	204
17	0.0	1.0	0.0	2.679497617	2.51661272	-0.22251638	2.85550264508	2.14403555781	0.0469590688141	205
17	0.25	0.0	0.0	4.58294711116	1.57535156624	-0.518768025786	5.0465620136	2.19301245525	-0.212061121743	206
17	0.25	0.25	0.0	4.0359331884	1.82666262721	-0.505923945461	4.48848864535	2.30760497614	-0.215943446908	207
17	0.25	0.5	0.0	3.5525056593	2.13989309566	-0.470109192209	3.90718788812	2.33556816419	-0.210482286412	208
17	0.25	0.75	0.0	3.10002272965	2.39732293195	-0.429986771687	3.34114638365	2.27898406876	-0.207059693192	209
17	0.25	1.0	0.0	2.64584260523	2.48123209648	-0.404219689548	2.82885077371	2.13993473924	-0.217057720187	210
17	0.5	0.0	0.0	4.59408618062	1.65540339164	-0.737524601219	5.01786623121	2.24690374364	-0.517780809145	211
17	0.5	0.25	0.0	4.04148439511	1.88167662218	-0.727216385766	4.45977342668	2.34026387911	-0.522127509858	212
17	0.5	0.5	0.0	3.51522101607	2.14082773042	-0.692399630056	3.86488841884	2.32820693929	-0.514798197001	213
17	0.5	0.75	0.0	3.01908572993	2.33416584687	-0.64700881839	3.28236598626	2.23253028386	-0.51219672684	214
17	0.5	1.0	0.0	2.55686822309	2.363000102	-0.60497843507	2.76136090754	2.07503127252	-0.530726955638	215
17	0.75	0.0	0.0	4.60174809253	1.72021420622	-0.948621322294	4.99003297193	2.28137753482	-0.822085656639	216
17	0.75	0.25	0.0	4.04281676076	1.91797964432	-0.941383419647	4.43100567377	2.35218217995	-0.826143918561	217
17	0.75	0.5	0.0	3.47602063129	2.11706317518	-0.907553121195	3.82336186221	2.30165351123	-0.814636410135	218
17	0.75	0.75	0.0	2.93828835279	2.24188799383	-0.855526496482	3.22466333262	2.16994903034	-0.809875210329	219
17	0.75	1.0	0.0	2.46654857391	2.21687729527	-0.793699615057	2.69247188039	1.99722623893	-0.834172398109	220
17	1.0	0.0	0.0	4.588941771	1.734607088	-1.105348479	4.96398882865	2.27030530294	-1.05233434868	221
17	1.0	0.25	0.0	4.03350295702	1.91192993534	-1.1007866563	4.40553400936	2.33226081843	-1.06172391046	222
17	1.0	0.5	0.0	3.45572627601	2.06582865818	-1.07486175367	3.79928827873	2.26882841896	-1.05490387496	223
17	1.0	0.75	0.0	2.90453633998	2.14492088268	-1.02266565095	3.1998012474	2.12716331569	-1.0505949412	224
17	1.0	1.0	0.0	2.428857761	2.097824235	-0.939290228	2.66162252603	1.95442071974	-1.06751780817	225
18	0.0	0.0	0.0	2.679497617	2.51661272	-0.22251638	2.85550264508	2.14403555781	0.0469590688141	226
18	0.0	0.25	0.0	2.13286081376	2.52466233703	-0.230325232095	2.29406446458	2.00038654416	0.0288357704487	227
18	0.0	0.5	0.0	1.5404710555	2.56940288614	-0.232405843883	1.65966098627	1.91630479505	0.0287696054511	228
18	0.0	0.75	0.0	0.94018176874	2.60678750593	-0.22731441498	1.01566092568	1.84691999489	0.04611870899	229
18	0.0	1.0	0.0	0.36984638	2.592769335	-0.213607145	0.425432998323	1.74736182806	0.0802412162341	230
18	0.25	0.0	0.0	2.64584260523	2.48123209648	-0.404219689548	2.82885077371	2.13993473924	-0.217057720187	231
18	0.25	0.25	0.0	2.11211730202	2.46379089108	-0.404324666737	2.27323004654	1.9931620074	-0.242036646468	232
18	0.25	0.5	0.0	1.51958185443	2.47832053947	-0.418761876255	1.63996529872	1.90190422698	-0.265779881364	233
18	0.25	0.75	0.0	0.916255098677	2.49620495493	-0.430933751729	0.995015194832	1.82580823579	-0.274437906242	234
18	0.25	1.0	0.0	0.350155870997	2.48882805073	-0.424242726788	0.404338399449	1.72452087166	-0.254161202469	235
18	0.5	0.0	0.0	2.55686822309	2.363000102	-0.60497843507	2.76136090754	2.07503127252	-0.530726955638	236
18	0.5	0.25	0.0	2.04193064644	2.30887055969	-0.586412479262	2.21404397984	1.92763900747	-0.567769287392	237
18	0.5	0.5	0.0	1.45301684378	2.29732593107	-0.594271137395	1.58871905943	1.83144118823	-0.605686886668	238
18	0.5	0.75	0.0	0.854581179516	2.29502160217	-0.616032629468	0.951802967119	1.74795065662	-0.638258277389	239
18	0.5	1.0	0.0	0.311078018065	2.26861295899	-0.639175175479	0.369712523723	1.63868025445	-0.659261983477	240
18	0.75	0.0	0.0	2.46654857391	2.21687729527	-0.793699615057	2.69247188039	1.99722623893	-0.834172398109	241
18	0.75	0.25	0.0	1.96782908894	2.13168726143	-0.752012688192	2.15093510872	1.85034680391	-0.879391413683	242
18	0.75	0.5	0.0	1.38287250523	2.09694554068	-0.750474816438	1.53454399332	1.74700004097	-0.927259937722	243
18	0.75	0.75	0.0	0.791037042468	2.06953653153	-0.782863062149	0.90887828442	1.65069017249	-0.984299980161	244
18	0.75	1.0	0.0	0.271680920351	2.0063446325	-0.84295448768	0.339517732226	1.52492142082	-1.05703355093	245
18	1.0	0.0	0.0	2.428857761	2.097824235	-0.939290228	2.66162252603	1.95442071974	-1.06751780817	246
18	1.0	0.25	0.0	1.93534087146	2.00402691487	-0.876549312055	2.11833227741	1.80781465627	-1.1079322867	247
18	1.0	0.5	0.0	1.35124532047	1.94770584801	-0.878914102522	1.50606182535	1.69066514737	-1.16680756178	248
18	1.0	0.75	0.0	0.761499718746	1.8860488269	-0.931677063728	0.889095188623	1.57136969852	-1.25152059026	249
18	1.0	1.0	0.0	0.251032677	1.776243644	-1.02013066	0.331716386034	1.41832581518	-1.36944832899	250
19	0.0	0.0	0.0	4.588941771	1.734607088	-1.105348479	4.96398882865	2.27030530294	-1.05233434868	251
19	0.0	0.25	0.0	4.03350295702	1.91192993534	-1.1007866563	4.40553400936	2.33226081843	-1.06172391046	252
19	0.0	0.5	0.0	3.45572627601	2.06582865818	-1.07486175367	3.79928827873	2.26882841896	-1.05490387496	253
19	0.0	0.75	0.0	2.90453633998	2.14492088268	-1.02266565095	3.1998012474	2.12716331569	-1.0505949412	254
19	0.0	1.0	0.0	2.428857761	2.097824235	-0.939290228	2.66162252603	1.95442071974	-1.06751780817	255
19	0.25	0.0	0.0	4.53887971247	1.64126806199	-1.27452066565	4.92490328402	2.15664836863	-1.31829994852	256
19	0.25	0.25	0.0	3.99862965259	1.79443100884	-1.27132381598	4.37239513075	2.22217357263	-1.34783481406	257
19	0.25	0.5	0.0	3.43127535868	1.90673904661	-1.25287579287	3.77711937919	2.17316029385	-1.3648061632	258
19	0.25	0.75	0.0	2.88538945709	1.95122969787	-1.20305768477	3.18645588276	2.0514505307	-1.37486463485	259
19	0.25	1.0	0.0	2.40954457419	1.90094048517	-1.10575058014	2.64778449488	1.89888628158	-1.3836608679	260
19	0.5	0.0	0.0	4.47435787137	1.45592205577	-1.46992383741	4.87955688047	1.95650341285	-1.64406683766	261
19	0.5	0.25	0.0	3.94930580997	1.57998091378	-1.46213975295	4.33656528423	2.02542576844	-1.69439129588	262
19	0.5	0.5	0.0	3.38512499636	1.65860986584	-1.42611789106	3.74420830224	1.99589053924	-1.72476220032	263
19	0.5	0.75	0.0	2.83646455333	1.67454480279	-1.3631056818	3.15394490625	1.90056011332	-1.74415938739	264
19	0.5	1.0	0.0	2.35797360368	1.61052161543	-1.27435055523	2.61723406798	1.77209687876	-1.76156269349	265
19	0.75	0.0	0.0	4.41663735309	1.23636233117	-1.64917622322	4.84301282869	1.72212944727	-1.95283067221	266
19	0.75	0.25	0.0	3.90705862442	1.33173524331	-1.64353646075	4.31016621822	1.79211029022	-2.02669002449	267
19	0.75	0.5	0.0	3.34726770987	1.37996849755	-1.59180877895	3.71865743032	1.77627698276	-2.06999515539	268
19	0.75	0.75	0.0	2.79623976836	1.37013706274	-1.5193561229	3.12663303938	1.70095663177	-2.10002508922	269
19	0.75	1.0	0.0	2.31294995882	1.29131590773	-1.4515414377	2.59223961981	1.59247634412	-2.13405885031	270
19	1.0	0.0	0.0	4.386979263	1.04038215	-1.769896052	4.83033433937	1.50578548355	-2.16778710823	271
19	1.0	0.25	0.0	3.8934152912	1.11284959056	-1.78581593295	4.30531968116	1.57232002234	-2.27002766845	272
19	1.0	0.5	0.0	3.34769602001	1.1293423234	-1.74716918726	3.71856914586	1.55357745206	-2.33572819746	273
19	1.0	0.75	0.0	2.80319324182	1.09327734304	-1.68835548894	3.12888500368	1.47910465426	-2.38400763074	274
19	1.0	1.0	0.0	2.313278749	1.008071644	-1.643774512	2.59506952482	1.3784485105	-2.43398490378	275
20	0.0	0.0	0.0	2.428857761	2.097824235	-0.939290228	2.66162252603	1.95442071974	-1.06751780817	276
20	0.0	0.25	0.0	1.93534087146	2.00402691487	-0.876549312055	2.11833227741	1.80781465627	-1.1079322867	277
20	0.0	0.5	0.0	1.35124532047	1.94770584801	-0.878914102522	1.50606182535	1.69066514737	-1.16680756178	278
20	0.0	0.75	0.0	0.761499718746	1.8860488269	-0.931677063728	0.889095188623	1.57136969852	-1.25152059026	279
20	0.0	1.0	0.0	0.251032677	1.776243644	-1.02013066	0.331716386034	1.41832581518	-1.36944832899	280
20	0.25	0.0	0.0	2.40954457419	1.90094048517	-1.10575058014	2.64778449488	1.89888628158	-1.3836608679	281
20	0.25	0.25	0.0	1.91197188519	1.81368863027	-1.03166408453	2.0961992323	1.75468516167	-1.41076306043	282
20	0.25	0.5	0.0	1.32793630482	1.74468467823	-1.04223737959	1.48295262328	1.61889931469	-1.47064829137	283
20	0.25	0.75	0.0	0.738453217897	1.66004328384	-1.10762483644	0.870505670688	1.47286828921	-1.56282206359	284
20	0.25	1.0	0.0	0.224538009242	1.5258791019	-1.19798082618	0.321319377388	1.2979316338	-1.68678987996	285
20	0.5	0.0	0.0	2.35797360368	1.61052161543	-1.27435055523	2.61723406798	1.77209687876	-1.76156269349	286
20	0.5	0.25	0.0	1.85631080712	1.51432935653	-1.2200408809	2.06077086519	1.630633381	-1.8001456667	287
20	0.5	0.5	0.0	1.27602909203	1.43630590541	-1.23997171032	1.44610443622	1.48011252709	-1.86708867789	288
20	0.5	0.75	0.0	0.690946794738	1.35103212568	-1.30199025921	0.834295833367	1.31913944031	-1.95241472525	289
20	0.5	1.0	0.0	0.174882251566	1.2330888809	-1.37394374328	0.286406108932	1.14631924396	-2.046146807	290
20	0.75	0.0	0.0	2.31294995882	1.29131590773	-1.4515414377	2.59223961981	1.59247634412	-2.13405885031	291
20	0.75	0.25	0.0	1.80513898204	1.18396857925	-1.42700710778	2.0332580904	1.45393147411	-2.1920692806	292
20	0.75	0.5	0.0	1.22940108853	1.09873614217	-1.45386245087	1.41846200601	1.29263940807	-2.26610206983	293
20	0.75	0.75	0.0	0.649664839809	1.02021231025	-1.50634119483	0.805927530349	1.12392470966	-2.34022731998	294
20	0.75	1.0	0.0	0.129858797357	0.932990797208	-1.55867706749	0.253730827127	0.963111942559	-2.398515133	295
20	1.0	0.0	0.0	2.313278749	1.008071644	-1.643774512	2.59506952482	1.3784485105	-2.43398490378	296
20	1.0	0.25	0.0	1.79523775473	0.900625784048	-1.63789017174	2.03487182221	1.24285160089	-2.5025230772	297
20	1.0	0.5	0.0	1.22192970076	0.80814200112	-1.6656549574	1.42297007448	1.07481458116	-2.57766181572	298
20	1.0	0.75	0.0	0.645291743652	0.728780795381	-1.71224550612	0.810862615324	0.900965655094	-2.64618859254	299
20	1.0	1.0	0.0	0.11726104	0.660702667	-1.762838455	0.250047778436	0.747933026476	-2.69489088086	300
25	0.0	0.0	0.0	4.386979263	1.04038215	-1.769896052	4.83033433937	1.50578548355	-2.16778710823	301
25	0.0	0.25	0.0	3.8934152912	1.11284959056	-1.78581593295	4.30531968116	1.57232002234	-2.27002766845	302
25	0.0	0.5	0.0	3.34769602001	1.1293423234	-1.74716918726	3.71856914586	1.55357745206	-2.33572819746	303
25	0.0	0.75	0.0	2.80319324182	1.09327734304	-1.68835548894	3.12888500368	1.47910465426	-2.38400763074	304
25	0.0	1.0	0.0	2.313278749	1.008071644	-1.643774512	2.59506952482	1.3784485105	-2.43398490378	305
25	0.25	0.0	0.0	4.37618012105	0.600233217183	-1.88649034292	4.85611899516	0.979025224003	-2.40739775827	306
25	0.25	0.25	0.0	3.91104378979	0.622523845973	-1.97018254557	4.34695233744	1.00827267673	-2.57320455809	307
25	0.25	0.5	0.0	3.39980906553	0.566798662799	-2.00286899228	3.78102655757	0.941477511948	-2.70413407176	308
25	0.25	0.75	0.0	2.87705618441	0.470081670269	-2.00728813015	3.20662714708	0.823770001712	-2.80590211308	309
25	0.25	1.0	0.0	2.37736538258	0.369396870991	-2.00617840623	2.6720395975	0.700280418064	-2.88422449581	310
25	0.5	0.0	0.0	4.37563349788	0.0391745126083	-1.92225354146	4.90397416927	0.288645481533	-2.52857569494	311
25	0.5	0.25	0.0	3.92605321869	0.002218403757	-2.05362708072	4.41231217746	0.252534816456	-2.74038620125	312
25	0.5	0.5	0.0	3.42732848166	-0.108359742096	-2.13398669118	3.86543280898	0.128577378844	-2.91568952392	313
25	0.5	0.75	0.0	2.91204127841	-0.251002254653	-2.18111993333	3.30488481811	-0.0386718482281	-3.05295362204	314
25	0.5	1.0	0.0	2.4127736006	-0.384151463613	-2.21281436767	2.77221695916	-0.204657881689	-3.15064645473	315
25	0.75	0.0	0.0	4.37966391327	-0.53599942752	-1.89014883253	4.95641157414	-0.419162689651	-2.52645619643	316
25	0.75	0.25	0.0	3.934830081	-0.636366095887	-2.05009883746	4.47661108367	-0.53471343156	-2.76241267115	317
25	0.75	0.5	0.0	3.43447264776	-0.792750128663	-2.16069015382	3.94073133308	-0.721160552693	-2.95920489135	318
25	0.75	0.75	0.0	2.91789635323	-0.971091163902	-2.23650022066	3.38883663268	-0.938380523879	-3.11277113603	319
25	0.75	1.0	0.0	2.42440593708	-1.13732883966	-2.29210647703	2.86099129276	-1.14624981595	-3.21904968417	320
25	1.0	0.0	0.0	4.382595887	-1.018494067	-1.803139401	4.99594292218	-0.99820823534	-2.39617454094	321
25	1.0	0.25	0.0	3.93376087979	-1.18152901276	-1.97354711486	4.51506093849	-1.19329194041	-2.63012404101	322
25	1.0	0.5	0.0	3.42545994321	-1.38298973428	-2.10314725007	3.97586556288	-1.44377388811	-2.8234905115	323
25	1.0	0.75	0.0	2.90436923827	-1.59130178966	-2.20007831426	3.4236612067	-1.70551565356	-2.97296363341	324
25	1.0	1.0	0.0	2.417164926	-1.774890737	-2.272478815	2.90375228128	-1.9343788119	-3.07523308772	325
26	0.0	0.0	0.0	2.313278749	1.008071644	-1.643774512	2.59506952482	1.3784485105	-2.43398490378	326
26	0.0	0.25	0.0	1.79523775473	0.900625784048	-1.63789017174	2.03487182221	1.24285160089	-2.5025230772	327
26	0.0	0.5	0.0	1.22192970076	0.80814200112	-1.6656549574	1.42297007448	1.07481458116	-2.57766181572	328
26	0.0	0.75	0.0	0.645291743652	0.728780795381	-1.71224550612	0.810862615324	0.900965655094	-2.64618859254	329
26	0.0	1.0	0.0	0.11726104	0.660702667	-1.762838455	0.250047778436	0.747933026476	-2.69489088086	330
26	0.25	0.0	0.0	2.37736538258	0.369396870991	-2.00617840623	2.6720395975	0.700280418064	-2.88422449581	331
26	0.25	0.25	0.0	1.83730584689	0.267564501181	-2.0147343414	2.10266889663	0.557554993686	-2.95395556722	332
26	0.25	0.5	0.0	1.25665300784	0.164428335053	-2.03434731576	1.48458580841	0.384641432044	-3.01717538482	333
26	0.25	0.75	0.0	0.675450012166	0.0758873973193	-2.06758444984	0.863688485612	0.209908174559	-3.07321409763	334
26	0.25	1.0	0.0	0.133740006583	0.0178407126888	-2.11701286416	0.285875081018	0.0617236626523	-3.12140185468	335
26	0.5	0.0	0.0	2.4127736006	-0.384151463613	-2.21281436767	2.77221695916	-0.204657881689	-3.15064645473	336
26	0.5	0.25	0.0	1.86389890225	-0.504623034878	-2.23770122241	2.18823976802	-0.372920202174	-3.2226017631	337
26	0.5	0.5	0.0	1.26889784988	-0.614672614751	-2.25249744087	1.5453720635	-0.547981362316	-3.27420711053	338
26	0.5	0.75	0.0	0.6772525852	-0.700972696581	-2.26225021628	0.901593728152	-0.713217588813	-3.30512664941	339
26	0.5	1.0	0.0	0.138445249884	-0.750195773717	-2.27200674184	0.314884644523	-0.852005108361	-3.31502453214	340
26	0.75	0.0	0.0	2.42440593708	-1.13732883966	-2.29210647703	2.86099129276	-1.14624981595	-3.21904968417	341
26	0.75	0.25	0.0	1.87855902739	-1.28322314043	-2.33173297529	2.26943081459	-1.34089484069	-3.29125896401	342
26	0.75	0.5	0.0	1.27513547767	-1.40116070797	-2.34473591643	1.60563258645	-1.51868557816	-3.33256189434	343
26	0.75	0.75	0.0	0.677460156255	-1.48347145157	-2.33198551914	0.941500957727	-1.67238663005	-3.337857411	344
26	0.75	1.0	0.0	0.148857931493	-1.52248528051	-2.29435200211	0.348940277808	-1.7947625981	-3.30204444984	345
26	1.0	0.0	0.0	2.417164926	-1.774890737	-2.272478815	2.90375228128	-1.9343788119	-3.07523308772	346
26	1.0	0.25	0.0	1.88482832888	-1.93552213179	-2.32177176058	2.32408841455	-2.13868977588	-3.14272446911	347
26	1.0	0.5	0.0	1.29183714198	-2.06703580428	-2.33569332614	1.66567112394	-2.32310299171	-3.17604463773	348
26	1.0	0.75	0.0	0.70283341883	-2.15328083288	-2.31253307212	1.00033278912	-2.47157394419	-3.16733754551	349
26	1.0	1.0	0.0	0.182459213	-2.178106296	-2.250580559	0.399905789734	-2.56805811811	-3.10874714436	350
27	0.0	0.0	0.0	4.382595887	-1.018494067	-1.803139401	4.99594292218	-0.99820823534	-2.39617454094	351
27	0.0	0.25	0.0	3.93376087979	-1.18152901276	-1.97354711486	4.51506093849	-1.19329194041	-2.63012404101	352
27	0.0	0.5	0.0	3.42545994321	-1.38298973428	-2.10314725007	3.97586556288	-1.44377388811	-2.8234905115	353
27	0.0	0.75	0.0	2.90436923827	-1.59130178966	-2.20007831426	3.4236612067	-1.70551565356	-2.97296363341	354
27	0.0	1.0	0.0	2.417164926	-1.774890737	-2.272478815	2.90375228128	-1.9343788119	-3.07523308772	355
27	0.25	0.0	0.0	4.45501347829	-1.51877229838	-1.5974349682	5.06833194613	-1.55344448022	-2.01627097784	356
27	0.25	0.25	0.0	3.99197506983	-1.73427990879	-1.74889953974	4.57737605553	-1.81294159331	-2.21553427645	357
27	0.25	0.5	0.0	3.46914967465	-1.96573929468	-1.86660907162	4.02543614986	-2.10391292422	-2.37455786028	358
27	0.25	0.75	0.0	2.93354807129	-2.18797984801	-1.95628892579	3.46118052499	-2.3873254047	-2.4954174782	359
27	0.25	1.0	0.0	2.4321810383	-2.37583096073	-2.02366446421	2.9332774768	-2.62414596651	-2.58018887911	360
27	0.5	0.0	0.0	4.60751504555	-2.05517946366	-1.26046377509	5.18579557176	-2.11668189169	-1.40314667578	361
27	0.5	0.25	0.0	4.12368918074	-2.31402978081	-1.36392896371	4.68573033502	-2.42835500601	-1.54036775797	362
27	0.5	0.5	0.0	3.57966370642	-2.56971922691	-1.42934288792	4.1229411598	-2.75028695483	-1.63368057067	363
27	0.5	0.75	0.0	3.01760091998	-2.80585572494	-1.47160929104	3.54147528293	-3.05470780304	-1.69863981179	364
27	0.5	1.0	0.0	2.47966311876	-3.0060471979	-1.50563191639	2.98537994125	-3.31384761554	-1.75080017927	365
27	0.75	0.0	0.0	4.74456158829	-2.47660082135	-0.856209256438	5.28691010111	-2.54119002178	-0.712806399302	366
27	0.75	0.25	0.0	4.24253102364	-2.76954352548	-0.904587923331	4.77881045413	-2.89299628681	-0.781377213673	367
27	0.75	0.5	0.0	3.67926303826	-3.04346751006	-0.909079373824	4.20854658916	-3.23953639271	-0.804778425543	368
27	0.75	0.75	0.0	3.09225159815	-3.28973920954	-0.894474435421	3.61312024729	-3.56189070289	-0.809304651816	369
27	0.75	1.0	0.0	2.51899066935	-3.49972505836	-0.885563935629	3.02953316961	-3.84113958079	-0.8212505094	370
27	1.0	0.0	0.0	4.770614106	-2.63192163	-0.448654847	5.31025183624	-2.68023842248	-0.101254912944	371
27	1.0	0.25	0.0	4.26212840969	-2.94958603945	-0.45682895514	4.79530309005	-3.06032954401	-0.115315371628	372
27	1.0	0.5	0.0	3.69020866989	-3.23552212321	-0.42354920417	4.22241843442	-3.42830165063	-0.0917712077462	373
27	1.0	0.75	0.0	3.09322391965	-3.48444009086	-0.373319384365	3.62469018486	-3.76310195856	-0.054086015902	374
27	1.0	1.0	0.0	2.509543192	-3.691050152	-0.330643286	3.03521065687	-4.04367768405	-0.0257233906982	375
28	0.0	0.0	0.0	2.417164926	-1.774890737	-2.272478815	2.90375228128	-1.9343788119	-3.07523308772	376
28	0.0	0.25	0.0	1.88482832888	-1.93552213179	-2.32177176058	2.32408841455	-2.13868977588	-3.14272446911	377
28	0.0	0.5	0.0	1.29183714198	-2.06703580428	-2.33569332614	1.66567112394	-2.32310299171	-3.17604463773	378
28	0.0	0.75	0.0	0.70283341883	-2.15328083288	-2.31253307212	1.00033278912	-2.47157394419	-3.16733754551	379
28	0.0	1.0	0.0	0.182459213	-2.178106296	-2.250580559	0.399905789734	-2.56805811811	-3.10874714436	380
28	0.25	0.0	0.0	2.4321810383	-2.37583096073	-2.02366446421	2.9332774768	-2.62414596651	-2.58018887911	381
28	0.25	0.25	0.0	1.90453702964	-2.5509020147	-2.06800738052	2.36585078472	-2.83954491849	-2.63450591558	382
28	0.25	0.5	0.0	1.3249278542	-2.71517176475	-2.07846273798	1.72338358373	-3.04764358623	-2.65558370952	383
28	0.25	0.75	0.0	0.748463192089	-2.8290228113	-2.05512374717	1.06723715743	-3.20983862424	-2.64175651553	384
28	0.25	1.0	0.0	0.230252723417	-2.85283775477	-1.99808361867	0.458772789411	-3.28752668701	-2.59135858818	385
28	0.5	0.0	0.0	2.47966311876	-3.0060471979	-1.50563191639	2.98537994125	-3.31384761554	-1.75080017927	386
28	0.5	0.25	0.0	1.9396002145	-3.19717453044	-1.52970793349	2.41166721489	-3.54631343619	-1.78817770087	387
28	0.5	0.5	0.0	1.35807378828	-3.38866918821	-1.52946010562	1.76900775864	-3.76941974772	-1.7997046116	388
28	0.5	0.75	0.0	0.783619353943	-3.52849695315	-1.50684601303	1.1137995329	-3.93854254764	-1.78962649636	389
28	0.5	1.0	0.0	0.26477242535	-3.56462360724	-1.46382323599	0.502440498077	-4.00905783346	-1.76218894004	390
28	0.75	0.0	0.0	2.51899066935	-3.49972505836	-0.885563935629	3.02953316961	-3.84113958079	-0.8212505094	391
28	0.75	0.25	0.0	1.965819096	-3.70163726029	-0.881513764881	2.44613666296	-4.08581859871	-0.836924748774	392
28	0.75	0.5	0.0	1.38003250972	-3.91194550866	-0.864814639658	1.79919144375	-4.31732348632	-0.839673471981	393
28	0.75	0.75	0.0	0.805379214308	-4.07193892963	-0.839143423904	1.14348935977	-4.49151179507	-0.835103488532	394
28	0.75	1.0	0.0	0.285607513608	-4.12290664934	-0.808176981563	0.533822258812	-4.56424107639	-0.82882160794	395
28	1.0	0.0	0.0	2.509543192	-3.691050152	-0.330643286	3.03521065687	-4.04367768405	-0.0257233906982	396
28	1.0	0.25	0.0	1.95899488668	-3.89158778552	-0.298065220056	2.45385808684	-4.28488367578	-0.0139319830735	397
28	1.0	0.5	0.0	1.37956158402	-4.10941816014	-0.260655550694	1.81058243414	-4.52024681218	-0.00675641866166	398
28	1.0	0.75	0.0	0.810820083105	-4.27958441194	-0.223459533985	1.15977608227	-4.70257244719	-0.00234349257115	399
28	1.0	1.0	0.0	0.292347183	-4.337129677	-0.191522426	0.555831414696	-4.78466593472	0.00116000008975	400
33	0.0	0.0	0.0	4.770614106	-2.63192163	-0.448654847	5.31025183624	-2.68023842248	-0.101254912944	401
33	0.0	0.25	0.0	4.26212840969	-2.94958603945	-0.45682895514	4.79530309005	-3.06032954401	-0.115315371628	402
33	0.0	0.5	0.0	3.69020866989	-3.23552212321	-0.42354920417	4.22241843442	-3.42830165063	-0.0917712077462	403
33	0.0	0.75	0.0	3.09322391965	-3.48444009086	-0.373319384365	3.62469018486	-3.76310195856	-0.054086015902	404
33	0.0	1.0	0.0	2.509543192	-3.691050152	-0.330643286	3.03521065687	-4.04367768405	-0.0257233906982	405
33	0.25	0.0	0.0	4.66432728711	-2.47720896476	-0.153476509953	5.25246069838	-2.52741421529	0.364520683123	406
33	0.25	0.25	0.0	4.16462551944	-2.78549760933	-0.115923081751	4.74138264502	-2.90011277809	0.412032797981	407
33	0.25	0.5	0.0	3.59866556246	-3.06845147672	-0.0340805146349	4.16967592656	-3.27166048993	0.494956255984	408
33	0.25	0.75	0.0	3.00754092981	-3.31463704119	0.0643750454145	3.57264336057	-3.60961944658	0.589711991311	409
33	0.25	1.0	0.0	2.43234513512	-3.51262077698	0.151767452415	2.9855877646	-3.88155174384	0.67272093814	410
33	0.5	0.0	0.0	4.48653725837	-2.13133803923	0.108308461335	5.1542038834	-2.21075142798	0.878416823255	411
33	0.5	0.25	0.0	4.00202009312	-2.39551934147	0.213297673249	4.65685040997	-2.53991574402	1.01106191659	412
33	0.5	0.5	0.0	3.4524172156	-2.65894825209	0.36815123911	4.09007794259	-2.89230855287	1.1754650086	413
33	0.5	0.75	0.0	2.87645852498	-2.89837564649	0.538149211668	3.49180393976	-3.22357238609	1.3454403655	414
33	0.5	1.0	0.0	2.31287392046	-3.09055240009	0.688571643675	2.89994585997	-3.48934977522	1.49480225352	415
33	0.75	0.0	0.0	4.30420966719	-1.70539390532	0.316423398205	5.04315464904	-1.81885406209	1.34280054485	416
33	0.75	0.25	0.0	3.82777734314	-1.91425958321	0.482827112458	4.55626143303	-2.09001382779	1.55357943832	417
33	0.75	0.5	0.0	3.29620859653	-2.14677148178	0.700774753576	3.99780889958	-2.40604262367	1.7911101272	418
33	0.75	0.75	0.0	2.74149953252	-2.3710456987	0.930487550232	3.4040318636	-2.71674145142	2.0259320466	419
33	0.75	1.0	0.0	2.19564625632	-2.55519833166	1.1321867311	2.81116514002	-2.97191131274	2.22858463162	420
33	1.0	0.0	0.0	4.184310161	-1.310461615	0.450591632	4.94698625301	-1.44032611916	1.66003888531	421
33	1.0	0.25	0.0	3.69536248193	-1.47632668187	0.644659038472	4.4541707623	-1.66068241542	1.91139281731	422
33	1.0	0.5	0.0	3.17478467248	-1.67168019823	0.881418725277	3.90705321458	-1.92865948653	2.1832466889	423
33	1.0	0.75	0.0	2.6441867798	-1.86803698972	1.12387449694	3.33118707327	-2.20090731691	2.44401997451	424
33	1.0	1.0	0.0	2.125178851	-2.036911882	1.335030158	2.7521258018	-2.43407589098	2.66213214861	425
34	0.0	0.0	0.0	2.509543192	-3.691050152	-0.330643286	3.03521065687	-4.04367768405	-0.0257233906982	426
34	0.0	0.25	0.0	1.95899488668	-3.89158778552	-0.298065220056	2.45385808684	-4.28488367578	-0.0139319830735	427
34	0.0	0.5	0.0	1.37956158402	-4.10941816014	-0.260655550694	1.81058243414	-4.52024681218	-0.00675641866166	428
34	0.0	0.75	0.0	0.810820083105	-4.27958441194	-0.223459533985	1.15977608227	-4.70257244719	-0.00234349257115	429
34	0.0	1.0	0.0	0.292347183	-4.337129677	-0.191522426	0.555831414696	-4.78466593472	0.00116000008975	430
34	0.25	0.0	0.0	2.43234513512	-3.51262077698	0.151767452415	2.9855877646	-3.88155174384	0.67272093814	431
34	0.25	0.25	0.0	1.89768497273	-3.70018892586	0.216408495229	2.41382475236	-4.10991417233	0.718253641227	432
34	0.25	0.5	0.0	1.33487747007	-3.90854136293	0.275563318697	1.78134546715	-4.3426910508	0.737542612865	433
34	0.25	0.75	0.0	0.781707151704	-4.07469326312	0.323384856805	1.14312659303	-4.52961884301	0.741561015967	434
34	0.25	1.0	0.0	0.275958542229	-4.13565980137	0.354026043542	0.554144814047	-4.62043401271	0.741282013446	435
34	0.5	0.0	0.0	2.31287392046	-3.09055240009	0.688571643675	2.89994585997	-3.48934977522	1.49480225352	436
34	0.5	0.25	0.0	1.79722284659	-3.25946646161	0.793905881135	2.3358454803	-3.70462751647	1.5809890302	437
34	0.5	0.5	0.0	1.2538603396	-3.44459618668	0.877452642767	1.71447218654	-3.92757804425	1.61868996961	438
34	0.5	0.75	0.0	0.721780369987	-3.59698283395	0.931621187244	1.09275579481	-4.11175230819	1.62110708672	439
34	0.5	1.0	0.0	0.239976908244	-3.66766766206	0.948820773242	0.527626121231	-4.2107012579	1.60144239652	440
34	0.75	0.0	0.0	2.19564625632	-2.55519833166	1.1321867311	2.81116514002	-2.97191131274	2.22858463162	441
34	0.75	0.25	0.0	1.70080839896	-2.70472494737	1.27126497995	2.25492796634	-3.17309050774	2.35049252449	442
34	0.75	0.5	0.0	1.17576632251	-2.86315005057	1.37705564431	1.64344826382	-3.38186066881	2.41269387664	443
34	0.75	0.75	0.0	0.662508056475	-2.99938088127	1.43833646268	1.03595006337	-3.56064685898	2.4219978074	444
34	0.75	1.0	0.0	0.203021630387	-3.08232467948	1.44388517357	0.491657395899	-3.67187414124	2.38521343616	445
34	1.0	0.0	0.0	2.125178851	-2.036911882	1.335030158	2.7521258018	-2.43407589098	2.66213214861	446
34	1.0	0.25	0.0	1.65164152059	-2.17126893771	1.48532383396	2.20607990616	-2.61936994567	2.80298246475	447
34	1.0	0.5	0.0	1.13985154869	-2.30977037375	1.60641554612	1.60175937053	-2.81249180076	2.89556255901	448
34	1.0	0.75	0.0	0.635358529689	-2.43481516192	1.68061768848	0.999995774502	-2.98797651163	2.92993626572	449
34	1.0	1.0	0.0	0.183712058	-2.528802274	1.690242655	0.461620697705	-3.1203591337	2.89616741918	450
35	0.0	0.0	0.0	4.184310161	-1.310461615	0.450591632	4.94698625301	-1.44032611916	1.66003888531	451
35	0.0	0.25	0.0	3.69536248193	-1.47632668187	0.644659038472	4.4541707623	-1.66068241542	1.91139281731	452
35	0.0	0.5	0.0	3.17478467248	-1.67168019823	0.881418725277	3.90705321458	-1.92865948653	2.1832466889	453
35	0.0	0.75	0.0	2.6441867798	-1.86803698972	1.12387449694	3.33118707327	-2.20090731691	2.44401997451	454
35	0.0	1.0	0.0	2.125178851	-2.036911882	1.335030158	2.7521258018	-2.43407589098	2.66213214861	455
35	0.25	0.0	0.0	4.13502585638	-0.871218209451	0.571785786745	4.8682880289	-0.961191897799	1.86517253525	456
35	0.25	0.25	0.0	3.63553585764	-1.00114990133	0.748723064189	4.37019357108	-1.13858087274	2.11044717122	457
35	0.25	0.5	0.0	3.12246061021	-1.16729851821	0.942488264723	3.83642688352	-1.3674483918	2.3641995812	458
35	0.25	0.75	0.0	2.61371071899	-1.34047549969	1.1333230999	3.28738183646	-1.60548762398	2.60047542773	459
35	0.25	1.0	0.0	2.1271967889	-1.49149228539	1.30146928129	2.74345230014	-1.81039173828	2.79332037335	460
35	0.5	0.0	0.0	4.12822270872	-0.354239748835	0.710955839325	4.81085891365	-0.346657270568	2.0059240103	461
35	0.5	0.25	0.0	3.64173442473	-0.436447167262	0.845294398782	4.32612096528	-0.47809264449	2.21861949904	462
35	0.5	0.5	0.0	3.13882760732	-0.574195035137	0.963612184368	3.80368781775	-0.679877735128	2.42382109422	463
35	0.5	0.75	0.0	2.64542388465	-0.728710772497	1.06941361144	3.27546341293	-0.897843815453	2.60831252826	464
35	0.5	1.0	0.0	2.18744488489	-0.861221799375	1.16620309536	2.77335169264	-1.07782215844	2.75887753358	465
35	0.75	0.0	0.0	4.16098923695	0.145971551949	0.823770986743	4.78574289982	0.275312013632	2.05266016637	466
35	0.75	0.25	0.0	3.69058631255	0.121258559918	0.907542816849	4.31772056014	0.191484411642	2.21940768517	467
35	0.75	0.5	0.0	3.19843109452	0.0344381623814	0.949128503868	3.80398666965	0.024036300155	2.36345563073	468
35	0.75	0.75	0.0	2.71869349363	-0.079345804589	0.967649578578	3.28994651526	-0.168215426745	2.4858533321	469
35	0.75	1.0	0.0	2.28554342069	-0.184949504922	0.982227571756	2.82100538387	-0.326453874975	2.58765011835	470
35	1.0	0.0	0.0	4.23041396	0.534913478	0.865900426	4.80398397993	0.776750205901	1.97574785935	471
35	1.0	0.25	0.0	3.7587196505	0.575444319801	0.908638092987	4.34075997093	0.740852437983	2.09630961399	472
35	1.0	0.5	0.0	3.2758165025	0.585408985744	0.90337524288	3.83247409159	0.634277530735	2.1844475935	473
35	1.0	0.75	0.0	2.81288676275	0.561016407566	0.863534548334	3.32534585603	0.493158006739	2.25141989527	474
35	1.0	1.0	0.0	2.401112678	0.498475517	0.802538682	2.86559477841	0.353626388577	2.30848461672	475
36	0.0	0.0	0.0	2.125178851	-2.036911882	1.335030158	2.7521258018	-2.43407589098	2.66213214861	476
36	0.0	0.25	0.0	1.65164152059	-2.17126893771	1.48532383396	2.20607990616	-2.61936994567	2.80298246475	477
36	0.0	0.5	0.0	1.13985154869	-2.30977037375	1.60641554612	1.60175937053	-2.81249180076	2.89556255901	478
36	0.0	0.75	0.0	0.635358529689	-2.43481516192	1.68061768848	0.999995774502	-2.98797651163	2.92993626572	479
36	0.0	1.0	0.0	0.183712058	-2.528802274	1.690242655	0.461620697705	-3.1203591337	2.89616741918	480
36	0.25	0.0	0.0	2.1271967889	-1.49149228539	1.30146928129	2.74345230014	-1.81039173828	2.79332037335	481
36	0.25	0.25	0.0	1.66146849078	-1.61813267978	1.4396016542	2.20625395617	-1.9840762747	2.93587769174	482
36	0.25	0.5	0.0	1.15003202263	-1.75279844684	1.57010394709	1.60335854259	-2.17537775994	3.05514335802	483
36	0.25	0.75	0.0	0.641621330946	-1.8783995653	1.66424053506	0.997395220244	-2.35770368164	3.12560932915	484
36	0.25	1.0	0.0	0.184970362183	-1.97784601388	1.6932757932	0.450993150009	-2.50446152744	3.12176756206	485
36	0.5	0.0	0.0	2.18744488489	-0.861221799375	1.16620309536	2.77335169264	-1.07782215844	2.75887753358	486
36	0.5	0.25	0.0	1.71094049833	-0.978510484269	1.27912042775	2.23806149627	-1.24019506693	2.90059373667	487
36	0.5	0.5	0.0	1.18690589998	-1.10509025817	1.41758143038	1.63129374071	-1.4258731439	3.04769071644	488
36	0.5	0.75	0.0	0.667106880209	-1.2235009301	1.53511423038	1.01755712879	-1.60291824897	3.16119583486	489
36	0.5	1.0	0.0	0.203309229424	-1.31628230908	1.58524695488	0.461360363345	-1.73939224177	3.20213645388	490
36	0.75	0.0	0.0	2.28554342069	-0.184949504922	0.982227571756	2.82100538387	-0.326453874975	2.58765011835	491
36	0.75	0.25	0.0	1.79484010225	-0.298398205359	1.05478620024	2.28232678115	-0.484519756559	2.72443418656	492
36	0.75	0.5	0.0	1.25439335905	-0.425209814767	1.1957994373	1.6722721605	-0.665947817141	2.89739757504	493
36	0.75	0.75	0.0	0.720205944996	-0.543087565334	1.33403401892	1.05460043777	-0.835572689917	3.0511621636	494
36	0.75	1.0	0.0	0.248280613953	-0.629734689247	1.39825668112	0.493070528811	-0.958229008086	3.13034983201	495
36	1.0	0.0	0.0	2.401112678	0.498475517	0.802538682	2.86559477841	0.353626388577	2.30848461672	496
36	1.0	0.25	0.0	1.90794986151	0.376208302752	0.817505017305	2.3198740655	0.186156222238	2.43470262842	497
36	1.0	0.5	0.0	1.35641457822	0.228278876347	0.951709409159	1.71300099757	0.00242835585535	2.6284568746	498
36	1.0	0.75	0.0	0.809309292827	0.0898722200192	1.10179514518	1.10264408484	-0.167619480761	2.80997469612	499
36	1.0	1.0	0.0	0.32943647	-0.003826684	1.164405513	0.546471837505	-0.2940495578	2.89948343381	500
41	0.0	0.0	0.0	4.23041396	0.534913478	0.865900426	4.80398397993	0.776750205901	1.97574785935	501
41	0.0	0.25	0.0	3.7587196505	0.575444319801	0.908638092987	4.34075997093	0.740852437983	2.09630961399	502
41	0.0	0.5	0.0	3.2758165025	0.585408985744	0.90337524288	3.83247409159	0.634277530735	2.1844475935	503
41	0.0	0.75	0.0	2.81288676275	0.561016407566	0.863534548334	3.32534585603	0.493158006739	2.25141989527	504
41	0.0	1.0	0.0	2.401112678	0.498475517	0.802538682	2.86559477841	0.353626388577	2.30848461672	505
41	0.25	0.0	0.0	4.31353779496	0.733089244463	0.831630663245	4.85743637199	1.03655885048	1.83940044374	506
41	0.25	0.25	0.0	3.82965616237	0.802836371488	0.871349697576	4.38493561207	1.01776502309	1.94910215611	507
41	0.25	0.5	0.0	3.33957133888	0.857669772976	0.873214286406	3.87015355199	0.928639302563	2.02927592214	508
41	0.25	0.75	0.0	2.87274251205	0.875530089078	0.834613244051	3.35571902495	0.799138293597	2.08790071774	509
41	0.25	1.0	0.0	2.45862886943	0.834357959944	0.752935384823	2.88426086414	0.659218600897	2.13295551882	510
41	0.5	0.0	0.0	4.44044711564	0.974388986937	0.748254451058	4.94793327278	1.35217359055	1.6195371226	511
41	0.5	0.25	0.0	3.93986458881	1.06897768896	0.800504258913	4.45851642165	1.34468288261	1.72944203305	512
41	0.5	0.5	0.0	3.43166959811	1.15073497824	0.831734255393	3.92764634941	1.25117675755	1.81839499025	513
41	0.5	0.75	0.0	2.94711620329	1.19283035551	0.818567589434	3.39631400846	1.11080416233	1.88547185167	514
41	0.5	1.0	0.0	2.51745846409	1.1684333215	0.737627409973	2.90551035122	0.962714043928	1.9297484748	515
41	0.75	0.0	0.0	4.56104752549	1.19358838644	0.632620634093	5.03780590826	1.64137656152	1.37114158015	516
41	0.75	0.25	0.0	4.04206041748	1.31215045366	0.699067111092	4.52994209499	1.64545501105	1.48014653656	517
41	0.75	0.5	0.0	3.51942530047	1.4208132362	0.762695752352	3.98278051685	1.54885569643	1.57804500991	518
41	0.75	0.75	0.0	3.02219465614	1.48727346039	0.783709515931	3.43623202496	1.39956577787	1.65703318323	519
41	0.75	1.0	0.0	2.5794209662	1.47922785255	0.722311359886	2.93020747042	1.24557241561	1.70930723953	520
41	1.0	0.0	0.0	4.625244628	1.325463124	0.501578057	5.0893855044	1.82194989881	1.14919750062	521
41	1.0	0.25	0.0	4.08895913604	1.47063684703	0.570003588203	4.56765232736	1.8439304029	1.24403295839	522
41	1.0	0.5	0.0	3.57015246622	1.62411318149	0.649859379796	4.01338408734	1.76864191993	1.33446619325	523
41	1.0	0.75	0.0	3.0841646903	1.73321565721	0.698350954991	3.46457429287	1.63683330518	1.41548459861	524
41	1.0	1.0	0.0	2.64633588	1.745267804	0.672683837	2.95921645253	1.4892534139	1.4820755679	525
42	0.0	0.0	0.0	2.401112678	0.498475517	0.802538682	2.86559477841	0.353626388577	2.30848461672	526
42	0.0	0.25	0.0	1.90794986151	0.376208302752	0.817505017305	2.3198740655	0.186156222238	2.43470262842	527
42	0.0	0.5	0.0	1.35641457822	0.228278876347	0.951709409159	1.71300099757	0.00242835585535	2.6284568746	528
42	0.0	0.75	0.0	0.809309292827	0.0898722200192	1.10179514518	1.10264408484	-0.167619480761	2.80997469612	529
42	0.0	1.0	0.0	0.32943647	-0.003826684	1.164405513	0.546471837505	-0.2940495578	2.89948343381	530
42	0.25	0.0	0.0	2.45862886943	0.834357959944	0.752935384823	2.88426086414	0.659218600897	2.13295551882	531
42	0.25	0.25	0.0	1.96908330616	0.726350205609	0.729216086371	2.33453458211	0.497843937503	2.24057637733	532
42	0.25	0.5	0.0	1.4177066674	0.600223797542	0.829746330669	1.72964817844	0.334957462205	2.41536157571	533
42	0.25	0.75	0.0	0.868811752599	0.479721878998	0.952699465197	1.12422497892	0.182818021429	2.57879457594	534
42	0.25	1.0	0.0	0.3867113612	0.388587593232	0.996248837434	0.572888309366	0.0536844616028	2.65235883996	535
42	0.5	0.0	0.0	2.51745846409	1.1684333215	0.737627409973	2.90551035122	0.962714043928	1.9297484748	536
42	0.5	0.25	0.0	2.02701853654	1.08501235349	0.68241564986	2.35122700674	0.807938640605	2.01568439016	537
42	0.5	0.5	0.0	1.47093702244	0.991332840416	0.734037287678	1.74106147253	0.655817852726	2.15676774478	538
42	0.5	0.75	0.0	0.91644703999	0.896271065134	0.810567484526	1.13162531449	0.510294650727	2.28815552985	539
42	0.5	1.0	0.0	0.430781707382	0.808703310524	0.830081401506	0.579530098541	0.375312005044	2.3450047366	540
42	0.75	0.0	0.0	2.5794209662	1.47922785255	0.722311359886	2.93020747042	1.24557241561	1.70930723953	541
42	0.75	0.25	0.0	2.08609328304	1.41923957285	0.65644216742	2.37376214939	1.09666669693	1.78156297507	542
42	0.75	0.5	0.0	1.52162077776	1.35798004346	0.668647022821	1.75558963347	0.95106690921	1.88933864677	543
42	0.75	0.75	0.0	0.95819607593	1.29176287899	0.701288261989	1.13764815133	0.809699080976	1.98576937937	544
42	0.75	1.0	0.0	0.468011803122	1.21690169405	0.696728220825	0.581895931627	0.673489240749	2.02399029762	545
42	1.0	0.0	0.0	2.64633588	1.745267804	0.672683837	2.95921645253	1.4892534139	1.4820755679	546
42	1.0	0.25	0.0	2.15064527611	1.69607669011	0.630634098694	2.40595082005	1.34425447187	1.5597484402	547
42	1.0	0.5	0.0	1.5752730678	1.65653944515	0.637640278734	1.78158141488	1.20676201345	1.64973754668	548
42	1.0	0.75	0.0	1.00003978135	1.61844042112	0.650750856407	1.15509654922	1.07591998602	1.71934794602	549
42	1.0	1.0	0.0	0.504765943	1.57356397	0.627014311	0.595484535227	0.950872336945	1.73588469693	550
43	0.0	0.0	0.0	4.625244628	1.325463124	0.501578057	5.0893855044	1.82194989881	1.14919750062	551
43	0.0	0.25	0.0	4.08895913604	1.47063684703	0.570003588203	4.56765232736	1.8439304029	1.24403295839	552
43	0.0	0.5	0.0	3.57015246622	1.62411318149	0.649859379796	4.01338408734	1.76864191993	1.33446619325	553
43	0.0	0.75	0.0	3.0841646903	1.73321565721	0.698350954991	3.46457429287	1.63683330518	1.41548459861	554
43	0.0	1.0	0.0	2.64633588	1.745267804	0.672683837	2.95921645253	1.4892534139	1.4820755679	555
43	0.25	0.0	0.0	4.63159353401	1.38041819327	0.333214778466	5.10276871398	1.91463438107	0.913715569426	556
43	0.25	0.25	0.0	4.08228221298	1.55928643481	0.389514173931	4.56902952294	1.96264990019	0.985134629333	557
43	0.25	0.5	0.0	3.58079273789	1.77596373851	0.469095274276	4.00932091391	1.9285748432	1.05913920673	558
43	0.25	0.75	0.0	3.11830769374	1.94638849433	0.530563869371	3.46017337678	1.83328928885	1.13010124104	559
43	0.25	1.0	0.0	2.68600966551	1.98649909222	0.532525749088	2.95811740144	1.69767331592	1.19239267167	560
43	0.5	0.0	0.0	4.62178393301	1.4290454376	0.10028076472	5.1063147515	2.00868540973	0.595706946384	561
43	0.5	0.25	0.0	4.06269130898	1.64536007165	0.141184457364	4.55753808603	2.08537369636	0.645404815187	562
43	0.5	0.5	0.0	3.57719322301	1.92430568179	0.21890691838	3.98560016499	2.08828846991	0.710851367355	563
43	0.5	0.75	0.0	3.13056414264	2.15512726042	0.286994401713	3.42684554219	2.02212853073	0.771504239576	564
43	0.5	1.0	0.0	2.6880785354	2.22706979993	0.298993161313	2.91761877147	1.89159267919	0.80682106854	565
43	0.75	0.0	0.0	4.6037240125	1.47332465712	-0.142164443637	5.09784822092	2.09033925711	0.272752247811	566
43	0.75	0.25	0.0	4.04214215174	1.72055773884	-0.116522713217	4.53764136471	2.19271937789	0.300515709976	567
43	0.75	0.5	0.0	3.56929841067	2.04578059021	-0.0486174816617	3.9558204078	2.2237225034	0.351558960307	568
43	0.75	0.75	0.0	3.13212809535	2.32133824542	0.0151818440978	3.38854893476	2.17745867794	0.395035190016	569
43	0.75	1.0	0.0	2.67756651184	2.41957573867	0.0285058571307	2.87199053016	2.04803794578	0.400097590314	570
43	1.0	0.0	0.0	4.58532196	1.515235652	-0.339061306	5.07519372621	2.14583219555	0.0224320900219	571
43	1.0	0.25	0.0	4.03259046897	1.77657941769	-0.325144489533	4.51380270706	2.26530453124	0.026139507724	572
43	1.0	0.5	0.0	3.56705278995	2.11703004263	-0.281389719616	3.93358020956	2.31081664699	0.0432182707826	573
43	1.0	0.75	0.0	3.1341936102	2.40692773925	-0.237334511391	3.3692417001	2.27338737758	0.0560356881588	574
43	1.0	1.0	0.0	2.679497617	2.51661272	-0.22251638	2.85550264508	2.14403555781	0.0469590688141	575
44	0.0	0.0	0.0	2.64633588	1.745267804	0.672683837	2.95921645253	1.4892534139	1.4820755679	576
44	0.0	0.25	0.0	2.15064527611	1.69607669011	0.630634098694	2.40595082005	1.34425447187	1.5597484402	577
44	0.0	0.5	0.0	1.5752730678	1.65653944515	0.637640278734	1.78158141488	1.20676201345	1.64973754668	578
44	0.0	0.75	0.0	1.00003978135	1.61844042112	0.650750856407	1.15509654922	1.07591998602	1.71934794602	579
44	0.0	1.0	0.0	0.504765943	1.57356397	0.627014311	0.595484535227	0.950872336945	1.73588469693	580
44	0.25	0.0	0.0	2.68600966551	1.98649909222	0.532525749088	2.95811740144	1.69767331592	1.19239267167	581
44	0.25	0.25	0.0	2.17950204423	1.94718167511	0.519048409912	2.40624847314	1.55304168629	1.26617273334	582
44	0.25	0.5	0.0	1.59519458172	1.92915157744	0.539969135599	1.77879675432	1.42675763803	1.34908196715	583
44	0.25	0.75	0.0	1.01046835519	1.9149720048	0.556122158007	1.14704269837	1.31074853576	1.4100181412	584
44	0.25	1.0	0.0	0.502704441854	1.88720616276	0.528341708993	0.58226675869	1.19694174411	1.41787902356	585
44	0.5	0.0	0.0	2.6880785354	2.22706979993	0.298993161313	2.91761877147	1.89159267919	0.80682106854	586
44	0.5	0.25	0.0	2.16116965474	2.21308587948	0.292408904919	2.36128973919	1.74973060851	0.844126693694	587
44	0.5	0.5	0.0	1.57327090094	2.23667271891	0.31617743408	1.73240223283	1.64624830147	0.903009860463	588
44	0.5	0.75	0.0	0.984673027501	2.25589491533	0.335847134398	1.09813323868	1.55481312459	0.953194242598	589
44	0.5	1.0	0.0	0.455666787907	2.2288170659	0.316966391479	0.525659743035	1.44909244438	0.964403513855	590
44	0.75	0.0	0.0	2.67756651184	2.41957573867	0.0285058571307	2.87199053016	2.04803794578	0.400097590314	591
44	0.75	0.25	0.0	2.13312896035	2.42763190089	0.0196421641164	2.31068995679	1.90771448048	0.397163359866	592
44	0.75	0.5	0.0	1.54364780052	2.48234308374	0.0356056242327	1.68011719521	1.8233815163	0.425059611575	593
44	0.75	0.75	0.0	0.951596573579	2.52517734997	0.0535076539469	1.04284652837	1.75218114635	0.461139886453	594
44	0.75	1.0	0.0	0.399448820757	2.49760276233	0.0504596697265	0.46145223925	1.65125546372	0.482757725509	595
44	1.0	0.0	0.0	2.679497617	2.51661272	-0.22251638	2.85550264508	2.14403555781	0.0469590688141	596
44	1.0	0.25	0.0	2.13286081376	2.52466233703	-0.230325232095	2.29406446458	2.00038654416	0.0288357704487	597
44	1.0	0.5	0.0	1.5404710555	2.56940288614	-0.232405843883	1.65966098627	1.91630479505	0.0287696054511	598
44	1.0	0.75	0.0	0.94018176874	2.60678750593	-0.22731441498	1.01566092568	1.84691999489	0.04611870899	599
44	1.0	1.0	0.0	0.36984638	2.592769335	-0.213607145	0.425432998323	1.74736182806	0.0802412162341	600
49	0.0	0.0	0.0	6.649135753	-0.216971	-0.199152	7.18852653274	0.173892540755	0.0251887388384	601
49	0.0	0.25	0.0	6.31385977124	0.347507808106	-0.218424371901	6.82783393305	0.82312420432	0.0182579827473	602
49	0.0	0.5	0.0	5.8665008895	0.834562280512	-0.26220437506	6.33398743696	1.39798363938	0.0217890085939	603
49	0.0	0.75	0.0	5.29450599126	1.22890177566	-0.309435517188	5.73907728714	1.85378243883	0.0263307373586	604
49	0.0	1.0	0.0	4.58532196	1.515235652	-0.339061306	5.07519372621	2.14583219555	0.0224320900219	605
49	0.25	0.0	0.0	6.64553949144	-0.221077717848	-0.220060533179	7.18610478469	0.16759178705	-0.00440461480005	606
49	0.25	0.25	0.0	6.31083427236	0.364340592137	-0.36051784398	6.82589630437	0.841227613451	-0.164287910552	607
49	0.25	0.5	0.0	5.85645646979	0.87021709227	-0.450619530381	6.32260053382	1.42969278371	-0.216169975568	608
49	0.25	0.75	0.0	5.28097208297	1.27955350837	-0.500118591333	5.71617119593	1.89346262268	-0.214083486937	609
49	0.25	1.0	0.0	4.58294711116	1.57535156624	-0.518768025786	5.0465620136	2.19301245525	-0.212061121743	610
49	0.5	0.0	0.0	6.637627716	-0.230705001395	-0.239879965188	7.18077693898	0.153137624618	-0.0433306518188	611
49	0.5	0.25	0.0	6.30836944014	0.373892048359	-0.45896450823	6.82273855189	0.844711925442	-0.284594261589	612
49	0.5	0.5	0.0	5.85643042149	0.909652519766	-0.61126098681	6.31288525014	1.45630784535	-0.422130377075	613
49	0.5	0.75	0.0	5.28420466625	1.34676132885	-0.702278113587	5.69625011587	1.93976018465	-0.488879169265	614
49	0.5	1.0	0.0	4.59408618062	1.65540339164	-0.737524601219	5.01786623121	2.24690374364	-0.517780809145	615
49	0.75	0.0	0.0	6.62971594056	-0.241813534245	-0.259493664603	7.17544909328	0.137202212883	-0.0820509562433	616
49	0.75	0.25	0.0	6.30656754579	0.357896567953	-0.550788716745	6.82081484981	0.812891776952	-0.397158832198	617
49	0.75	0.5	0.0	5.85707175854	0.921565064148	-0.763166704495	6.30572195861	1.44626233062	-0.620566707251	618
49	0.75	0.75	0.0	5.28690610028	1.39405119626	-0.895990086722	5.67913860441	1.96114665591	-0.759725381898	619
49	0.75	1.0	0.0	4.60174809253	1.72021420622	-0.948621322294	4.99003297193	2.28137753482	-0.822085656639	620
49	1.0	0.0	0.0	6.626119679	-0.250364	-0.279785	7.17302734523	0.126457711271	-0.111027112099	621
49	1.0	0.25	0.0	6.30553086053	0.298088542104	-0.673014821618	6.82257937234	0.725081804641	-0.556479384211	622
49	1.0	0.5	0.0	5.84902949487	0.874651226566	-0.925374643585	6.30199103192	1.36798974581	-0.835953477418	623
49	1.0	0.75	0.0	5.27177874427	1.38494906975	-1.06133051351	5.664661219	1.92609356762	-0.98829119711	624
49	1.0	1.0	0.0	4.588941771	1.734607088	-1.105348479	4.96398882865	2.27030530294	-1.05233434868	625
50	0.0	0.0	0.0	6.626119679	-0.250364	-0.279785	7.17302734523	0.126457711271	-0.111027112099	626
50	0.0	0.25	0.0	6.30553086053	0.298088542104	-0.673014821618	6.82257937234	0.725081804641	-0.556479384211	627
50	0.0	0.5	0.0	5.84902949487	0.874651226566	-0.925374643585	6.30199103192	1.36798974581	-0.835953477418	628
50	0.0	0.75	0.0	5.27177874427	1.38494906975	-1.06133051351	5.664661219	1.92609356762	-0.98829119711	629
50	0.0	1.0	0.0	4.588941771	1.734607088	-1.105348479	4.96398882865	2.27030530294	-1.05233434868	630
50	0.25	0.0	0.0	6.62698160197	-0.262586808304	-0.295045145189	7.17567971605	0.106662186944	-0.127276835416	631
50	0.25	0.25	0.0	6.30000405329	0.208811029464	-0.794438461498	6.82459623761	0.607791548556	-0.723785620302	632
50	0.25	0.5	0.0	5.82073886223	0.7673355353	-1.09298904548	6.29159828505	1.22855338893	-1.0696264209	633
50	0.25	0.75	0.0	5.22256956866	1.28686258691	-1.23743655943	5.63794693999	1.80086617373	-1.24204820703	634
50	0.25	1.0	0.0	4.53887971247	1.64126806199	-1.27452066565	4.92490328402	2.15664836863	-1.31829994852	635
50	0.5	0.0	0.0	6.6288778325	-0.28376540154	-0.302389214158	7.18151493186	0.0688236184592	-0.136797976269	636
50	0.5	0.25	0.0	6.29051014497	0.116263715726	-0.863104289919	6.82392141622	0.496364355219	-0.827209144376	637
50	0.5	0.5	0.0	5.7842968821	0.632836234815	-1.21885408661	6.27337859898	1.06857486144	-1.26360383051	638
50	0.5	0.75	0.0	5.16174410415	1.12602980006	-1.40825510289	5.60141443534	1.61282969477	-1.51341280488	639
50	0.5	1.0	0.0	4.47435787137	1.45592205577	-1.46992383741	4.87955688047	1.95650341285	-1.64406683766	640
50	0.75	0.0	0.0	6.63077406303	-0.308395044005	-0.306777676049	7.18735014766	0.0275340007443	-0.143363510043	641
50	0.75	0.25	0.0	6.28057183458	0.0171539646031	-0.898958934577	6.82221355117	0.379371761055	-0.888736938512	642
50	0.75	0.5	0.0	5.7501796801	0.482026662255	-1.30485510328	6.25608073254	0.891987929887	-1.41185644328	643
50	0.75	0.75	0.0	5.10655053961	0.93787785057	-1.54731219516	5.56949829172	1.39602599578	-1.75309627197	644
50	0.75	1.0	0.0	4.41663735309	1.23636233117	-1.64917622322	4.84301282869	1.72212944727	-1.95283067221	645
50	1.0	0.0	0.0	6.631635986	-0.330971	-0.313171	7.19000251848	-0.00261467127345	-0.150746412123	646
50	1.0	0.25	0.0	6.27371182116	-0.0918108601897	-0.921949023169	6.82113128547	0.245385302488	-0.930355984792	647
50	1.0	0.5	0.0	5.72886338187	0.325780154764	-1.35287743179	6.24845344456	0.702726360792	-1.50835499622	648
50	1.0	0.75	0.0	5.0742370639	0.757833879836	-1.62813388751	5.55663309584	1.18449694177	-1.91180988963	649
50	1.0	1.0	0.0	4.386979263	1.04038215	-1.769896052	4.83033433937	1.50578548355	-2.16778710823	650
53	0.0	0.0	0.0	6.631635986	-0.330971	-0.313171	7.19000251848	-0.00261467127345	-0.150746412123	651
53	0.0	0.25	0.0	6.27371182116	-0.0918108601897	-0.921949023169	6.82113128547	0.245385302488	-0.930355984792	652
53	0.0	0.5	0.0	5.72886338187	0.325780154764	-1.35287743179	6.24845344456	0.702726360792	-1.50835499622	653
53	0.0	0.75	0.0	5.0742370639	0.757833879836	-1.62813388751	5.55663309584	1.18449694177	-1.91180988963	654
53	0.0	1.0	0.0	4.386979263	1.04038215	-1.769896052	4.83033433937	1.50578548355	-2.16778710823	655
53	0.25	0.0	0.0	6.62518750366	-0.352810637952	-0.316918095807	7.18630280111	-0.0288403304136	-0.154697302336	656
53	0.25	0.25	0.0	6.26044645358	-0.254009245227	-0.92466071906	6.81832985037	0.0410812865952	-0.951776265082	657
53	0.25	0.5	0.0	5.70100952011	0.0415913439448	-1.36738397286	6.24674171384	0.350242434123	-1.58651030556	658
53	0.25	0.75	0.0	5.04140973277	0.378251905952	-1.67726734991	5.56238816947	0.721828587986	-2.06851295841	659
53	0.25	1.0	0.0	4.37618012105	0.600233217183	-1.88649034292	4.85611899516	0.979025224003	-2.40739775827	660
53	0.5	0.0	0.0	6.6110008425	-0.37358423516	-0.310125145781	7.1781634229	-0.0592631742369	-0.148352700005	661
53	0.5	0.25	0.0	6.24253359786	-0.422435297714	-0.88442091463	6.81319754637	-0.167906490248	-0.911821429948	662
53	0.5	0.5	0.0	5.67099934294	-0.277122651555	-1.32773678726	6.24426374589	-0.0441451404479	-1.58020050077	663
53	0.5	0.75	0.0	5.01062400165	-0.0768511102556	-1.66527893808	5.57373247051	0.159034356401	-2.12771141995	664
53	0.5	1.0	0.0	4.37563349788	0.0391745126083	-1.92225354146	4.90397416927	0.288645481533	-2.52857569494	665
53	0.75	0.0	0.0	6.59681418134	-0.393202964789	-0.296508622865	7.1700240447	-0.0885311504802	-0.135184524783	666
53	0.75	0.25	0.0	6.2273996507	-0.58206939301	-0.815373637994	6.80984244272	-0.358895886974	-0.825895521323	667
53	0.75	0.5	0.0	5.64815122315	-0.587077590064	-1.24926612071	6.24627704607	-0.420478732337	-1.49987765663	668
53	0.75	0.75	0.0	4.98894670768	-0.530847590164	-1.60518990692	5.59118203109	-0.398745671565	-2.08933114392	669
53	0.75	1.0	0.0	4.37966391327	-0.53599942752	-1.89014883253	4.95641157414	-0.419162689651	-2.52645619643	670
53	1.0	0.0	0.0	6.590365699	-0.411578	-0.279785	7.16632432733	-0.11129220688	-0.118664696325	671
53	1.0	0.25	0.0	6.22247100883	-0.717891906473	-0.731662917265	6.81237260866	-0.509204762511	-0.70940258114	672
53	1.0	0.5	0.0	5.64178353354	-0.844989229915	-1.14730221893	6.25803911977	-0.718800710963	-1.35599384788	673
53	1.0	0.75	0.0	4.98344468798	-0.907109955149	-1.51002151138	5.61525288337	-0.846371414489	-1.953298	674
53	1.0	1.0	0.0	4.382595887	-1.018494067	-1.803139401	4.99594292218	-0.99820823534	-2.39617454094	675
54	0.0	0.0	0.0	6.590365699	-0.411578	-0.279785	7.16632432733	-0.11129220688	-0.118664696325	676
54	0.0	0.25	0.0	6.22247100883	-0.717891906473	-0.731662917265	6.81237260866	-0.509204762511	-0.70940258114	677
54	0.0	0.5	0.0	5.64178353354	-0.844989229915	-1.14730221893	6.25803911977	-0.718800710963	-1.35599384788	678
54	0.0	0.75	0.0	4.98344468798	-0.907109955149	-1.51002151138	5.61525288337	-0.846371414489	-1.953298	679
54	0.0	1.0	0.0	4.382595887	-1.018494067	-1.803139401	4.99594292218	-0.99820823534	-2.39617454094	680
54	0.25	0.0	0.0	6.59706370681	-0.426479485767	-0.262317991294	7.17010347347	-0.124927778154	-0.0896039659236	681
54	0.25	0.25	0.0	6.24250800393	-0.846126597145	-0.635118356401	6.82842680821	-0.640981892441	-0.563564534718	682
54	0.25	0.5	0.0	5.68671687621	-1.10942623725	-1.00226160049	6.29745730162	-1.0016184936	-1.11158014484	683
54	0.25	0.75	0.0	5.05058660666	-1.30432570476	-1.33321228421	5.67736799912	-1.28103891255	-1.63027441848	684
54	0.25	1.0	0.0	4.45501347829	-1.51877229838	-1.5974349682	5.06833194613	-1.55344448022	-2.01627097784	685
54	0.5	0.0	0.0	6.611799324	-0.436755598079	-0.243158762234	7.17841759498	-0.13241887858	-0.0449385491347	686
54	0.5	0.25	0.0	6.28145162369	-0.969522370294	-0.518878643863	6.85346395078	-0.765778683934	-0.385909659298	687
54	0.5	0.5	0.0	5.77488888357	-1.39086853133	-0.801749364428	6.35686315881	-1.290869256	-0.769085713777	688
54	0.5	0.75	0.0	5.18571029406	-1.73976419214	-1.05965103711	5.77288407911	-1.73280039263	-1.1297402176	689
54	0.5	1.0	0.0	4.60751504555	-2.05517946366	-1.26046377509	5.18579557176	-2.11668189169	-1.40314667578	690
54	0.75	0.0	0.0	6.62653494119	-0.442791161351	-0.222154152058	7.18673171648	-0.135669429967	0.00157224877144	691
54	0.75	0.25	0.0	6.31576244169	-1.05909650965	-0.385091340813	6.87456792098	-0.853277967526	-0.186480964458	692
54	0.75	0.5	0.0	5.85214216019	-1.60696553267	-0.564063773026	6.40714145758	-1.50499065488	-0.38300897839	693
54	0.75	0.75	0.0	5.30522493096	-2.08119978503	-0.73059517085	5.85455471979	-2.07342287773	-0.56584104076	694
54	0.75	1.0	0.0	4.74456158829	-2.47660082135	-0.856209256438	5.28691010111	-2.54119002178	-0.712806399302	695
54	1.0	0.0	0.0	6.633232949	-0.444971	-0.199151	7.19051086262	-0.136583354123	0.0361691225245	696
54	1.0	0.25	0.0	6.32190103156	-1.08586629894	-0.235904008413	6.87882260339	-0.873162573749	0.0246785402227	697
54	1.0	0.5	0.0	5.86431931062	-1.67536666176	-0.307503088563	6.41917696418	-1.56242034698	-0.00784836238902	698
54	1.0	0.75	0.0	5.32553969813	-2.1964068512	-0.387302086181	5.87513351761	-2.17467339087	-0.0527225314111	699
54	1.0	1.0	0.0	4.770614106	-2.63192163	-0.448654847	5.31025183624	-2.68023842248	-0.101254912944	700
57	0.0	0.0	0.0	6.633232949	-0.444971	-0.199151	7.19051086262	-0.136583354123	0.0361691225245	701
57	0.0	0.25	0.0	6.32190103156	-1.08586629894	-0.235904008413	6.87882260339	-0.873162573749	0.0246785402227	702
57	0.0	0.5	0.0	5.86431931062	-1.67536666176	-0.307503088563	6.41917696418	-1.56242034698	-0.00784836238902	703
57	0.0	0.75	0.0	5.32553969813	-2.1964068512	-0.387302086181	5.87513351761	-2.17467339087	-0.0527225314111	704
57	0.0	1.0	0.0	4.770614106	-2.63192163	-0.448654847	5.31025183624	-2.68023842248	-0.101254912944	705
57	0.25	0.0	0.0	6.62705603244	-0.443166236584	-0.176316614424	7.18867262158	-0.134140604967	0.0675862471318	706
57	0.25	0.25	0.0	6.28972899336	-1.04749971877	-0.105070164904	6.85901525341	-0.828708074835	0.215667682581	707
57	0.25	0.5	0.0	5.79420984351	-1.59167600167	-0.107016725614	6.37848862359	-1.47500172916	0.298091129868	708
57	0.25	0.75	0.0	5.2244316018	-2.07010808406	-0.137903204611	5.81900101197	-2.04918322396	0.339495744784	709
57	0.25	1.0	0.0	4.66432728711	-2.47720896476	-0.153476509953	5.25246069838	-2.52741421529	0.364520683123	710
57	0.5	0.0	0.0	6.613466816	-0.437001777756	-0.155224109174	7.1846284913	-0.126572577509	0.107560778251	711
57	0.5	0.25	0.0	6.23577240587	-0.967182509121	0.00375646052607	6.82440813107	-0.74548098396	0.389914392605	712
57	0.5	0.5	0.0	5.67926200347	-1.42069744473	0.0550358175987	6.3050632243	-1.31217878204	0.595493401751	713
57	0.5	0.75	0.0	5.05812161792	-1.80594861222	0.0670683539122	5.71789479906	-1.80711819047	0.749820110397	714
57	0.5	1.0	0.0	4.48653725837	-2.13133803923	0.108308461335	5.1542038834	-2.21075142798	0.878416823255	715
57	0.75	0.0	0.0	6.59987759956	-0.426475430049	-0.135948299337	7.18058436102	-0.114642661174	0.145718613957	716
57	0.75	0.25	0.0	6.183656334	-0.860801814788	0.0946687623239	6.78928069516	-0.635153333322	0.538935249137	717
57	0.75	0.5	0.0	5.56927991324	-1.20260922156	0.183582233575	6.22962012561	-1.10345565546	0.855613391158	718
57	0.75	0.75	0.0	4.89628535256	-1.47607935139	0.225823362756	5.61108424577	-1.50340433068	1.1166146273	719
57	0.75	1.0	0.0	4.30420966719	-1.70539390532	0.316423398205	5.04315464904	-1.81885406209	1.34280054485	720
57	1.0	0.0	0.0	6.593700683	-0.411585	-0.118564	7.17874611998	-0.0991142453842	0.171685652325	721
57	1.0	0.25	0.0	6.15700584262	-0.744244780573	0.171759634936	6.76791240447	-0.509397155118	0.654246831017	722
57	1.0	0.5	0.0	5.5140676956	-0.97758956275	0.283550214816	6.18287868682	-0.878336499246	1.04970603598	723
57	1.0	0.75	0.0	4.80859841177	-1.1526512173	0.336572595288	5.53783871901	-1.19296768489	1.37824335737	724
57	1.0	1.0	0.0	4.184310161	-1.310461615	0.450591632	4.94698625301	-1.44032611916	1.66003888531	725
58	0.0	0.0	0.0	6.593700683	-0.411585	-0.118564	7.17874611998	-0.0991142453842	0.171685652325	726
58	0.0	0.25	0.0	6.15700584262	-0.744244780573	0.171759634936	6.76791240447	-0.509397155118	0.654246831017	727
58	0.0	0.5	0.0	5.5140676956	-0.97758956275	0.283550214816	6.18287868682	-0.878336499246	1.04970603598	728
58	0.0	0.75	0.0	4.80859841177	-1.1526512173	0.336572595288	5.53783871901	-1.19296768489	1.37824335737	729
58	0.0	1.0	0.0	4.184310161	-1.310461615	0.450591632	4.94698625301	-1.44032611916	1.66003888531	730
58	0.25	0.0	0.0	6.59693733019	-0.393674134827	-0.102765158988	7.18036600478	-0.0776041791312	0.186875942733	731
58	0.25	0.25	0.0	6.1571321081	-0.61197492839	0.245033042135	6.76102110917	-0.355927947742	0.749458965926	732
58	0.25	0.5	0.0	5.51181157254	-0.721696116456	0.38548928919	6.16228724256	-0.591179116302	1.20024584819	733
58	0.25	0.75	0.0	4.79357604735	-0.786792332363	0.450456048589	5.49457326309	-0.790539745943	1.56392192585	734
58	0.25	1.0	0.0	4.13502585638	-0.871218209451	0.571785786745	4.8682880289	-0.961191897799	1.86517253525	735
58	0.5	0.0	0.0	6.604057954	-0.373402086356	-0.0893186160762	7.18392975134	-0.0494138882826	0.198983674318	736
58	0.5	0.25	0.0	6.16752178336	-0.46070634498	0.314897795574	6.7599263183	-0.171455658933	0.831307631623	737
58	0.5	0.5	0.0	5.5288672795	-0.430523806362	0.496767374412	6.15072341106	-0.234916194228	1.32097817168	738
58	0.5	0.75	0.0	4.80884930156	-0.36698982336	0.585662571857	5.46485596454	-0.279936422121	1.70138654705	739
58	0.5	1.0	0.0	4.12822270872	-0.354239748835	0.710955839325	4.81085891365	-0.346657270568	2.0059240103	740
58	0.75	0.0	0.0	6.61117857781	-0.352067994706	-0.0821465151261	7.18749349791	-0.0201615542563	0.204816963941	741
58	0.75	0.25	0.0	6.1858198668	-0.3074567225	0.36550353823	6.76471154841	0.0186005917018	0.87894135618	742
58	0.75	0.5	0.0	5.56660765758	-0.144082770676	0.589621523151	6.15383050363	0.129555050306	1.38517248065	743
58	0.75	0.75	0.0	4.85713357326	0.0398084557966	0.7043348644	5.45934330646	0.2395195986	1.76318664737	744
58	0.75	1.0	0.0	4.16098923695	0.145971551949	0.823770986743	4.78574289982	0.275312013632	2.05266016637	745
58	1.0	0.0	0.0	6.614415225	-0.330971	-0.085171	7.18911338271	0.00453464153012	0.201183928464	746
58	1.0	0.25	0.0	6.20967135681	-0.169243753109	0.380999913081	6.77546031606	0.188821684558	0.871508667666	747
58	1.0	0.5	0.0	5.62640554789	0.0976168523927	0.636288788073	6.17725183156	0.441337400628	1.36609824931	748
58	1.0	0.75	0.0	4.94114426128	0.366654651198	0.768615625528	5.48869177195	0.668505628242	1.72187165326	749
58	1.0	1.0	0.0	4.23041396	0.534913478	0.865900426	4.80398397993	0.776750205901	1.97574785935	750
61	0.0	0.0	0.0	6.614415225	-0.330971	-0.085171	7.18911338271	0.00453464153012	0.201183928464	751
61	0.0	0.25	0.0	6.20967135681	-0.169243753109	0.380999913081	6.77546031606	0.188821684558	0.871508667666	752
61	0.0	0.5	0.0	5.62640554789	0.0976168523927	0.636288788073	6.17725183156	0.441337400628	1.36609824931	753
61	0.0	0.75	0.0	4.94114426128	0.366654651198	0.768615625528	5.48869177195	0.668505628242	1.72187165326	754
61	0.0	1.0	0.0	4.23041396	0.534913478	0.865900426	4.80398397993	0.776750205901	1.97574785935	755
61	0.25	0.0	0.0	6.61708164281	-0.308198531676	-0.09158817374	7.18871704058	0.0328962566895	0.19128424634	756
61	0.25	0.25	0.0	6.22940781101	-0.0696033951982	0.368709486737	6.78710398858	0.307631053819	0.83553146387	757
61	0.25	0.5	0.0	5.67598543454	0.245490023165	0.622102266604	6.20813817672	0.626866500489	1.29547888099	758
61	0.25	0.75	0.0	5.01722520024	0.544061108143	0.749454535544	5.53664162964	0.900032473708	1.61535803013	759
61	0.25	1.0	0.0	4.31353779496	0.733089244463	0.831630663245	4.85743637199	1.03655885048	1.83940044374	760
61	0.5	0.0	0.0	6.622947762	-0.283627088598	-0.0958402955884	7.1878450879	0.069763822807	0.179370606048	761
61	0.5	0.25	0.0	6.25552340272	0.0250866228855	0.344843291398	6.80287687683	0.421496565194	0.784430346614	762
61	0.5	0.5	0.0	5.73992130896	0.402071862063	0.574627213586	6.25325076605	0.823270450263	1.17990131576	763
61	0.5	0.75	0.0	5.12020728013	0.750711644793	0.680201067849	5.61094386241	1.16889346354	1.43514855919	764
61	0.5	1.0	0.0	4.44044711564	0.974388986937	0.748254451058	4.94793327278	1.35217359055	1.6195371226	765
61	0.75	0.0	0.0	6.62881388119	-0.26257435122	-0.103106019643	7.18697313521	0.103112683223	0.16444336355	766
61	0.75	0.25	0.0	6.2819792571	0.116666858565	0.292324760135	6.81903955607	0.532047233453	0.697956776669	767
61	0.75	0.5	0.0	5.80413952125	0.549616639409	0.489351930532	6.29925148921	1.00837447249	1.02348758854	768
61	0.75	0.75	0.0	5.22169537646	0.940511609354	0.574081789275	5.68603243861	1.41663678647	1.22117084206	769
61	0.75	1.0	0.0	4.56104752549	1.19358838644	0.632620634093	5.03780590826	1.64137656152	1.37114158015	770
61	1.0	0.0	0.0	6.631480299	-0.250358	-0.118564	7.18657679308	0.120918181279	0.145502874809	771
61	1.0	0.25	0.0	6.30273649934	0.206977869264	0.194077326021	6.83185260155	0.640912073368	0.555862214805	772
61	1.0	0.5	0.0	5.85456642157	0.670378625527	0.361764718952	6.33280223585	1.16000378971	0.830359734222	773
61	1.0	0.75	0.0	5.29329436476	1.06736635003	0.444323266656	5.7363413266	1.58481063122	1.01335248038	774
61	1.0	1.0	0.0	4.625244628	1.325463124	0.501578057	5.0893855044	1.82194989881	1.14919750062	775
62	0.0	0.0	0.0	6.631480299	-0.250358	-0.118564	7.18657679308	0.120918181279	0.145502874809	776
62	0.0	0.25	0.0	6.30273649934	0.206977869264	0.194077326021	6.83185260155	0.640912073368	0.555862214805	777
62	0.0	0.5	0.0	5.85456642157	0.670378625527	0.361764718952	6.33280223585	1.16000378971	0.830359734222	778
62	0.0	0.75	0.0	5.29329436476	1.06736635003	0.444323266656	5.7363413266	1.58481063122	1.01335248038	779
62	0.0	1.0	0.0	4.625244628	1.325463124	0.501578057	5.0893855044	1.82194989881	1.14919750062	780
62	0.25	0.0	0.0	6.63423896369	-0.241862533882	-0.138723664459	7.1868814399	0.132474172316	0.119136001605	781
62	0.25	0.25	0.0	6.31325792688	0.274888768734	0.0944197031292	6.83646417471	0.724360345881	0.420081832429	782
62	0.25	0.5	0.0	5.87961266568	0.7452235677	0.225148808805	6.34696959151	1.25993643525	0.643252240621	783
62	0.25	0.75	0.0	5.32261919607	1.12758549766	0.291926288581	5.75640275104	1.67732144534	0.80300942126	784
62	0.25	1.0	0.0	4.63159353401	1.38041819327	0.333214778466	5.10276871398	1.91463438107	0.913715569426	785
62	0.5	0.0	0.0	6.640308026	-0.230750059141	-0.158453165927	7.18755166291	0.150319801876	0.0857506408964	786
62	0.5	0.25	0.0	6.31742410012	0.313244228666	0.0151288952101	6.83482729054	0.774738415277	0.317880512719	787
62	0.5	0.5	0.0	5.88779139237	0.788102987797	0.0859212064656	6.35023443713	1.32669279871	0.460658245634	788
62	0.5	0.75	0.0	5.3297859782	1.16848409764	0.0992098141864	5.76399096875	1.75505208569	0.543471252553	789
62	0.5	1.0	0.0	4.62178393301	1.4290454376	0.10028076472	5.1063147515	2.00868540973	0.595706946384	790
62	0.75	0.0	0.0	6.64637708831	-0.22109480483	-0.178385084432	7.18822188592	0.166708211007	0.0521628631516	791
62	0.75	0.25	0.0	6.31702729095	0.333598993607	-0.0778131217841	6.83069839476	0.803756346456	0.200268986038	792
62	0.75	0.5	0.0	5.88234125065	0.813166140505	-0.071376913134	6.34507948238	1.36959962009	0.260772313534	793
62	0.75	0.75	0.0	5.31900986023	1.19920768022	-0.109389629934	5.75843835552	1.81490495071	0.272118262004	794
62	0.75	1.0	0.0	4.6037240125	1.47332465712	-0.142164443637	5.09784822092	2.09033925711	0.272752247811	795
62	1.0	0.0	0.0	6.649135753	-0.216971	-0.199152	7.18852653274	0.173892540755	0.0251887388384	796
62	1.0	0.25	0.0	6.31385977124	0.347507808106	-0.218424371901	6.82783393305	0.82312420432	0.0182579827473	797
62	1.0	0.5	0.0	5.8665008895	0.834562280512	-0.26220437506	6.33398743696	1.39798363938	0.0217890085939	798
62	1.0	0.75	0.0	5.29450599126	1.22890177566	-0.309435517188	5.73907728714	1.85378243883	0.0263307373586	799
62	1.0	1.0	0.0	4.58532196	1.515235652	-0.339061306	5.07519372621	2.14583219555	0.0224320900219	800
