Elem	xi[0]	xi[1]	xi[2]	Y[0]	Y[1]	Y[2]	y[0]	y[1]	y[2]	Index
1	0.0	0.0	0.0	0.36984638	2.592769335	-0.213607145	0.301477010598	2.37897730626	0.0756465172411	1
1	0.0	0.25	0.0	-0.200969533618	2.46870281306	-0.226010336661	-0.281420116711	2.17349049576	0.123100026968	2
1	0.0	0.5	0.0	-0.749561932055	2.24343033945	-0.285737968059	-0.834802280153	1.92981040596	0.203850874948	3
1	0.0	0.75	0.0	-1.32382101946	1.95755290362	-0.365439214428	-1.38832330087	1.67545528282	0.310262460438	4
1	0.0	1.0	0.0	-1.971637	1.651671495	-0.437763251	-1.971637	1.43794337232	0.434698182696	5
1	0.25	0.0	0.0	0.350155870997	2.48882805073	-0.424242726788	0.304667209848	2.35367222318	-0.258468730051	6
1	0.25	0.25	0.0	-0.204278654922	2.3840687262	-0.447956375	-0.277791580585	2.14979048191	-0.221839315137	7
1	0.25	0.5	0.0	-0.738718546114	2.17159860178	-0.528853009726	-0.828026313677	1.91614658791	-0.164955587327	8
1	0.25	0.75	0.0	-1.3091694465	1.90793709222	-0.608471375825	-1.38099033747	1.67832278442	-0.0635589396692	9
1	0.25	1.0	0.0	-1.971637	1.64960361228	-0.628350218159	-1.971637	1.46190131465	0.106609234789	10
1	0.5	0.0	0.0	0.311078018065	2.26861295899	-0.639175175479	0.298141484313	2.2391069612	-0.648769426414	11
1	0.5	0.25	0.0	-0.213976445235	2.16082205654	-0.700771013462	-0.267105848228	2.02664426816	-0.642372208093	12
1	0.5	0.5	0.0	-0.742140166209	1.97190013718	-0.807996528761	-0.82245042783	1.80873581483	-0.606598816814	13
1	0.5	0.75	0.0	-1.31437354956	1.74485780486	-0.904514699587	-1.38494367244	1.6010676775	-0.530207318118	14
1	0.5	1.0	0.0	-1.971637	1.52270566351	-0.933988504152	-1.971637	1.41932593242	-0.401955777544	15
1	0.75	0.0	0.0	0.271680920351	2.0063446325	-0.84295448768	0.286194913204	2.08499770043	-1.02838507735	16
1	0.75	0.25	0.0	-0.230128370234	1.88284443122	-0.945730617141	-0.260747793453	1.85547043773	-1.05502912658	17
1	0.75	0.5	0.0	-0.763325411873	1.72192873082	-1.07415741963	-0.827028882299	1.65495592834	-1.02985417535	18
1	0.75	0.75	0.0	-1.33984876749	1.53271377488	-1.18731299099	-1.4011560517	1.4795645127	-0.980154588004	19
1	0.75	1.0	0.0	-1.971637	1.32431580698	-1.24427542707	-1.971637	1.32540653129	-0.933224728916	20
1	1.0	0.0	0.0	0.251032677	1.776243644	-1.02013066	0.273122575734	1.94106062095	-1.33044518837	21
1	1.0	0.25	0.0	-0.252799895598	1.63401747737	-1.14411155113	-0.270102290074	1.68768757385	-1.37634054529	22
1	1.0	0.5	0.0	-0.805772902637	1.49927816785	-1.27832457681	-0.850715936777	1.50218477003	-1.34349702476	23
1	1.0	0.75	0.0	-1.38601053911	1.33590373566	-1.39061005533	-1.43060022116	1.34968784067	-1.30387266242	24
1	1.0	1.0	0.0	-1.971637	1.107772201	-1.448808305	-1.971637	1.19533241696	-1.32942549394	25
2	0.0	0.0	0.0	0.251032677	1.776243644	-1.02013066	0.273122575734	1.94106062095	-1.33044518837	26
2	0.0	0.25	0.0	-0.252799895598	1.63401747737	-1.14411155113	-0.270102290074	1.68768757385	-1.37634054529	27
2	0.0	0.5	0.0	-0.805772902637	1.49927816785	-1.27832457681	-0.850715936777	1.50218477003	-1.34349702476	28
2	0.0	0.75	0.0	-1.38601053911	1.33590373566	-1.39061005533	-1.43060022116	1.34968784067	-1.30387266242	29
2	0.0	1.0	0.0	-1.971637	1.107772201	-1.448808305	-1.971637	1.19533241696	-1.32942549394	30
2	0.25	0.0	0.0	0.224538009242	1.5258791019	-1.19798082618	0.248128658269	1.76274812036	-1.62069176848	31
2	0.25	0.25	0.0	-0.287230113165	1.37760227309	-1.32164222049	-0.288088053459	1.49659641195	-1.66118908666	32
2	0.25	0.5	0.0	-0.849141423181	1.25553974122	-1.46098968828	-0.870172574664	1.31660754402	-1.63098896996	33
2	0.25	0.75	0.0	-1.4232567693	1.10190207464	-1.56520649135	-1.44804789397	1.1726062422	-1.5971503096	34
2	0.25	1.0	0.0	-1.971637	0.858899841718	-1.58347589151	-1.971637	1.0144172321	-1.62673199678	35
2	0.5	0.0	0.0	0.174882251566	1.2330888809	-1.37394374328	0.210936905295	1.52847760122	-1.92312154373	36
2	0.5	0.25	0.0	-0.327760903773	1.09518911186	-1.49448769267	-0.299709716886	1.27301843789	-1.94477736306	37
2	0.5	0.5	0.0	-0.873062615599	0.959472917558	-1.65625132713	-0.865146400437	1.08146428337	-1.95508863604	38
2	0.5	0.75	0.0	-1.43102170673	0.794470336949	-1.76887983136	-1.43818490745	0.928479640388	-1.95189531492	39
2	0.5	1.0	0.0	-1.971637	0.568711408971	-1.74201839008	-1.971637	0.788729011679	-1.93303735196	40
2	0.75	0.0	0.0	0.129858797357	0.932990797208	-1.55867706749	0.176173266396	1.2678193	-2.2158410399	41
2	0.75	0.25	0.0	-0.362731820913	0.81244893447	-1.67279090034	-0.309429087355	1.03303850516	-2.21499799953	42
2	0.75	0.5	0.0	-0.886633395456	0.656344844002	-1.84734294462	-0.853581218536	0.826369401893	-2.26068423496	43
2	0.75	0.75	0.0	-1.42766282293	0.47656031027	-1.96493961769	-1.41980867385	0.662319971972	-2.28395870291	44
2	0.75	1.0	0.0	-1.971637	0.284977117739	-1.90818733686	-1.971637	0.55539819718	-2.21588036011	45
2	1.0	0.0	0.0	0.11726104	0.660702667	-1.762838455	0.158463691153	1.01034345319	-2.47695678278	46
2	1.0	0.25	0.0	-0.380482418077	0.555052681717	-1.86669477619	-0.321707971868	0.792741467269	-2.45974362111	47
2	1.0	0.5	0.0	-0.898950678318	0.391422667684	-2.01749799205	-0.853420833402	0.580937313429	-2.49266397868	48
2	1.0	0.75	0.0	-1.4315375894	0.211123782309	-2.11669539263	-1.41171660545	0.419139173694	-2.50919149806	49
2	1.0	1.0	0.0	-1.971637	0.055467183	-2.065734268	-1.971637	0.35155523009	-2.44279982183	50
5	0.0	0.0	0.0	0.11726104	0.660702667	-1.762838455	0.158463691153	1.01034345319	-2.47695678278	51
5	0.0	0.25	0.0	-0.380482418077	0.555052681717	-1.86669477619	-0.321707971868	0.792741467269	-2.45974362111	52
5	0.0	0.5	0.0	-0.898950678318	0.391422667684	-2.01749799205	-0.853420833402	0.580937313429	-2.49266397868	53
5	0.0	0.75	0.0	-1.4315375894	0.211123782309	-2.11669539263	-1.41171660545	0.419139173694	-2.50919149806	54
5	0.0	1.0	0.0	-1.971637	0.055467183	-2.065734268	-1.971637	0.35155523009	-2.44279982183	55
5	0.25	0.0	0.0	0.133740006583	0.0178407126888	-2.11701286416	0.183440245863	0.329261601933	-2.8520072601	56
5	0.25	0.25	0.0	-0.384077659575	-0.0498406473896	-2.17353472192	-0.313735712778	0.163325618767	-2.80161880625	57
5	0.25	0.5	0.0	-0.91534014845	-0.158833689427	-2.21411868086	-0.838579059643	0.0133441790471	-2.74119552123	58
5	0.25	0.75	0.0	-1.44840681145	-0.280250980937	-2.22004255597	-1.39118206522	-0.0811617122853	-2.68521920746	59
5	0.25	1.0	0.0	-1.971637	-0.385205089433	-2.17258416223	-1.971637	-0.080671050288	-2.64817166736	60
5	0.5	0.0	0.0	0.138445249884	-0.750195773717	-2.27200674184	0.252626149901	-0.515621054698	-2.97880907596	61
5	0.5	0.25	0.0	-0.374245719836	-0.782915672876	-2.26265699759	-0.253806541244	-0.61831333694	-2.88940628475	62
5	0.5	0.5	0.0	-0.91028512361	-0.828615177386	-2.21704661197	-0.776555445196	-0.68877229818	-2.78714167165	63
5	0.5	0.75	0.0	-1.44947990311	-0.887068565645	-2.14324929096	-1.34077933907	-0.709844080284	-2.69967201805	64
5	0.5	1.0	0.0	-1.971637	-0.958050116054	-2.04933874051	-1.971637	-0.664374825115	-2.65465410533	65
5	0.75	0.0	0.0	0.148857931493	-1.52248528051	-2.29435200211	0.329120670642	-1.34239857452	-2.92286337268	66
5	0.75	0.25	0.0	-0.349606966793	-1.52413188381	-2.22370622213	-0.187267821647	-1.38641865066	-2.80038161938	67
5	0.75	0.5	0.0	-0.885925476435	-1.51221340289	-2.11520073206	-0.718270933428	-1.38813220598	-2.68709540028	68
5	0.75	0.75	0.0	-1.43497601499	-1.5057007037	-1.97531588262	-1.30076766083	-1.34709780133	-2.59618464759	69
5	0.75	1.0	0.0	-1.971637	-1.52356465215	-1.81053202453	-1.971637	-1.26287399755	-2.54082929353	70
5	1.0	0.0	0.0	0.182459213	-2.178106296	-2.250580559	0.376023075463	-1.96916501536	-2.74967129258	71
5	1.0	0.25	0.0	-0.308781768382	-2.15344876925	-2.14632701447	-0.159466918368	-1.97523357319	-2.61182037295	72
5	1.0	0.5	0.0	-0.844401079561	-2.10391997265	-1.99749998778	-0.714646467704	-1.94745563208	-2.4976496775	73
5	1.0	0.75	0.0	-1.40511429771	-2.03251912697	-1.80524261596	-1.31140626432	-1.87311274646	-2.41839181387	74
5	1.0	1.0	0.0	-1.971637	-1.942245453	-1.570698036	-1.971637	-1.73948647076	-2.38527938973	75
6	0.0	0.0	0.0	0.182459213	-2.178106296	-2.250580559	0.376023075463	-1.96916501536	-2.74967129258	76
6	0.0	0.25	0.0	-0.308781768382	-2.15344876925	-2.14632701447	-0.159466918368	-1.97523357319	-2.61182037295	77
6	0.0	0.5	0.0	-0.844401079561	-2.10391997265	-1.99749998778	-0.714646467704	-1.94745563208	-2.4976496775	78
6	0.0	0.75	0.0	-1.40511429771	-2.03251912697	-1.80524261596	-1.31140626432	-1.87311274646	-2.41839181387	79
6	0.0	1.0	0.0	-1.971637	-1.942245453	-1.570698036	-1.971637	-1.73948647076	-2.38527938973	80
6	0.25	0.0	0.0	0.230252723417	-2.85283775477	-1.99808361867	0.393236882383	-2.5838152198	-2.33465211115	81
6	0.25	0.25	0.0	-0.265681134457	-2.79585025788	-1.89569138182	-0.164192680137	-2.56148436395	-2.21212698203	82
6	0.25	0.5	0.0	-0.802712205142	-2.69450120522	-1.73994037835	-0.744944286786	-2.50576141835	-2.10453519208	83
6	0.25	0.75	0.0	-1.37365461793	-2.55006247358	-1.53680758389	-1.34774515498	-2.39912591678	-2.0353199534	84
6	0.25	1.0	0.0	-1.97132250212	-2.36380593977	-1.29226997409	-1.97132250212	-2.224057393	-2.02792447814	85
6	0.5	0.0	0.0	0.26477242535	-3.56462360724	-1.46382323599	0.40286858661	-3.29552949023	-1.64679438617	86
6	0.5	0.25	0.0	-0.239162275522	-3.4772900332	-1.38331004154	-0.169912346393	-3.24771973648	-1.56025329872	87
6	0.5	0.5	0.0	-0.778994900957	-3.30881983767	-1.25598523345	-0.763224481041	-3.14395984648	-1.47151550555	88
6	0.5	0.75	0.0	-1.35583655432	-3.0995094805	-1.09441097474	-1.36690681326	-2.99455215616	-1.40615315389	89
6	0.5	1.0	0.0	-1.97079833899	-2.88965542158	-0.911149428411	-1.97079833899	-2.80979900146	-1.38973839093	90
6	0.75	0.0	0.0	0.285607513608	-4.12290664934	-0.808176981563	0.40513097646	-3.89397406444	-0.851570108668	91
6	0.75	0.25	0.0	-0.227346034172	-4.01872757963	-0.758400713421	-0.182702655085	-3.83065634048	-0.804143945124	92
6	0.75	0.5	0.0	-0.771800077215	-3.80192984781	-0.682601766958	-0.783565094238	-3.68714999832	-0.748030825006	93
6	0.75	0.75	0.0	-1.35162557984	-3.54474400507	-0.591107767164	-1.38403561875	-3.50341416741	-0.697061931389	94
6	0.75	1.0	0.0	-1.97069350636	-3.3194006026	-0.49424633903	-1.97069350636	-3.31940797723	-0.665068447351	95
6	1.0	0.0	0.0	0.292347183	-4.337129677	-0.191522426	0.400236840252	-4.16881518024	-0.114451269681	96
6	1.0	0.25	0.0	-0.228353253002	-4.2411223816	-0.17018111729	-0.208640344159	-4.10701082565	-0.0917435433748	97
6	1.0	0.5	0.0	-0.779678644124	-4.02888521348	-0.156757192744	-0.820044170146	-3.96043095573	-0.0835213575091	98
6	1.0	0.75	0.0	-1.36098716743	-3.74964990462	-0.139952939826	-1.414275951	-3.76973465336	-0.0742168019744	99
6	1.0	1.0	0.0	-1.971637	-3.452648187	-0.108470646	-1.971637	-3.57558100141	-0.0482619666615	100
9	0.0	0.0	0.0	0.292347183	-4.337129677	-0.191522426	0.400236840252	-4.16881518024	-0.114451269681	101
9	0.0	0.25	0.0	-0.228353253002	-4.2411223816	-0.17018111729	-0.208640344159	-4.10701082565	-0.0917435433748	102
9	0.0	0.5	0.0	-0.779678644124	-4.02888521348	-0.156757192744	-0.820044170146	-3.96043095573	-0.0835213575091	103
9	0.0	0.75	0.0	-1.36098716743	-3.74964990462	-0.139952939826	-1.414275951	-3.76973465336	-0.0742168019744	104
9	0.0	1.0	0.0	-1.971637	-3.452648187	-0.108470646	-1.971637	-3.57558100141	-0.0482619666615	105
9	0.25	0.0	0.0	0.275958542229	-4.13565980137	0.354026043542	0.409138411589	-4.05333922592	0.56981671077	106
9	0.25	0.25	0.0	-0.241039389398	-4.06405227566	0.350224636177	-0.207443579668	-4.00381683281	0.575498757007	107
9	0.25	0.5	0.0	-0.793043913793	-3.88767235637	0.314996767645	-0.830319354517	-3.88665274247	0.546661664736	108
9	0.25	0.75	0.0	-1.37327740801	-3.62555304406	0.274955488013	-1.42949141149	-3.72528011447	0.514572620349	109
9	0.25	1.0	0.0	-1.97496224912	-3.29672733929	0.256713847347	-1.97496224912	-3.5431321084	0.51049881024	110
9	0.5	0.0	0.0	0.239976908244	-3.66766766206	0.948820773242	0.428305874264	-3.70500045856	1.37240851591	111
9	0.5	0.25	0.0	-0.262243735465	-3.6273940496	0.919296884787	-0.176280460694	-3.67577366127	1.3570307759	112
9	0.5	0.5	0.0	-0.806864586867	-3.4897991205	0.853293146031	-0.807804301532	-3.6022198133	1.31717391905	113
9	0.5	0.75	0.0	-1.38318075742	-3.2765487875	0.76930796194	-1.42347136268	-3.49634317709	1.26818008155	114
9	0.5	1.0	0.0	-1.98048735858	-3.00930896332	0.685839737478	-1.98048735858	-3.37014801508	1.22539139958	115
9	0.75	0.0	0.0	0.203021630387	-3.08232467948	1.44388517357	0.42458673774	-3.23255993241	2.11578577476	116
9	0.75	0.25	0.0	-0.283681588786	-3.07795574863	1.39374944308	-0.162057989177	-3.23630717323	2.07967861512	117
9	0.75	0.5	0.0	-0.818760633163	-2.98443973015	1.30540076275	-0.796402142243	-3.21263087717	2.03669464893	118
9	0.75	0.75	0.0	-1.39012240055	-2.83406936114	1.18468427773	-1.42281698694	-3.16995744651	1.97505122212	119
9	0.75	1.0	0.0	-1.98567378876	-2.6591373787	1.03744513312	-1.98567378876	-3.11671328355	1.88296568063	120
9	1.0	0.0	0.0	0.183712058	-2.528802274	1.690242655	0.36482851148	-2.74477870172	2.62241011632	121
9	1.0	0.25	0.0	-0.297068246947	-2.56254541799	1.63029612558	-0.211683167057	-2.79884323086	2.57026837648	122
9	1.0	0.5	0.0	-0.826352022498	-2.52076840961	1.51858843815	-0.840016007706	-2.82338464298	2.51390309784	123
9	1.0	0.75	0.0	-1.3935275223	-2.42954699118	1.36266423115	-1.45412946663	-2.83315652802	2.42363168253	124
9	1.0	1.0	0.0	-1.987983	-2.314956905	1.170068143	-1.987983	-2.84291247591	2.26977153266	125
10	0.0	0.0	0.0	0.183712058	-2.528802274	1.690242655	0.36482851148	-2.74477870172	2.62241011632	126
10	0.0	0.25	0.0	-0.297068246947	-2.56254541799	1.63029612558	-0.211683167057	-2.79884323086	2.57026837648	127
10	0.0	0.5	0.0	-0.826352022498	-2.52076840961	1.51858843815	-0.840016007706	-2.82338464298	2.51390309784	128
10	0.0	0.75	0.0	-1.3935275223	-2.42954699118	1.36266423115	-1.45412946663	-2.83315652802	2.42363168253	129
10	0.0	1.0	0.0	-1.987983	-2.314956905	1.170068143	-1.987983	-2.84291247591	2.26977153266	130
10	0.25	0.0	0.0	0.184970362183	-1.97784601388	1.6932757932	0.297968021175	-2.19045343016	2.84455719801	131
10	0.25	0.25	0.0	-0.298793972022	-2.02084500858	1.6387718108	-0.273947028846	-2.26738001442	2.80241736253	132
10	0.25	0.5	0.0	-0.83073784712	-1.98993851164	1.51708864272	-0.886568264421	-2.30211785244	2.74915281161	133
10	0.25	0.75	0.0	-1.39751505487	-1.91155103276	1.34710306786	-1.47785820925	-2.32515428709	2.65192445339	134
10	0.25	1.0	0.0	-1.98577938704	-1.81210708161	1.1476918651	-1.98577938704	-2.36697666118	2.47789319604	135
10	0.5	0.0	0.0	0.203309229424	-1.31628230908	1.58524695488	0.292249865409	-1.48340484378	2.90954685367	136
10	0.5	0.25	0.0	-0.284986796752	-1.35624785115	1.54523342328	-0.268170068379	-1.55998374692	2.88519910863	137
10	0.5	0.5	0.0	-0.827154301103	-1.33213264472	1.4395746762	-0.856380518405	-1.6101033134	2.83300650189	138
10	0.5	0.75	0.0	-1.40009548917	-1.2701405022	1.29187378947	-1.4385163845	-1.65368584929	2.74688829512	139
10	0.5	1.0	0.0	-1.9807125665	-1.19647523599	1.12573383893	-1.9807125665	-1.71065366065	2.62076375002	140
10	0.75	0.0	0.0	0.248280613953	-0.629734689247	1.39825668112	0.356109197795	-0.738595553743	2.86036638454	141
10	0.75	0.25	0.0	-0.246035116991	-0.665744220107	1.37230037454	-0.198916800017	-0.807337037622	2.85434476369	142
10	0.75	0.5	0.0	-0.803594485289	-0.651507433624	1.29871286887	-0.77907909152	-0.869245249269	2.81115308496	143
10	0.75	0.75	0.0	-1.39108507313	-0.608374316545	1.19473888613	-1.37447315349	-0.92985533645	2.74847877163	144
10	0.75	1.0	0.0	-1.97519446271	-0.557694855622	1.07762314829	-1.97519446271	-0.994702446931	2.684009247	145
10	1.0	0.0	0.0	0.32943647	-0.003826684	1.164405513	0.497981171947	-0.070988171239	2.74000309188	146
10	1.0	0.25	0.0	-0.172327328592	-0.0463243898382	1.14259207613	-0.0707517381194	-0.140122495778	2.74558547663	147
10	1.0	0.5	0.0	-0.748051500517	-0.0522195030938	1.10716955105	-0.684290305628	-0.201447883464	2.72928147708	148
10	1.0	0.75	0.0	-1.36030005468	-0.0293113928026	1.05346084794	-1.32409767734	-0.264766870385	2.6966514468	149
10	1.0	1.0	0.0	-1.971637	0.014600572	0.976788877	-1.971637	-0.33988199263	2.65325573936	150
13	0.0	0.0	0.0	0.32943647	-0.003826684	1.164405513	0.497981171947	-0.070988171239	2.74000309188	151
13	0.0	0.25	0.0	-0.172327328592	-0.0463243898382	1.14259207613	-0.0707517381194	-0.140122495778	2.74558547663	152
13	0.0	0.5	0.0	-0.748051500517	-0.0522195030938	1.10716955105	-0.684290305628	-0.201447883464	2.72928147708	153
13	0.0	0.75	0.0	-1.36030005468	-0.0293113928026	1.05346084794	-1.32409767734	-0.264766870385	2.6966514468	154
13	0.0	1.0	0.0	-1.971637	0.014600572	0.976788877	-1.971637	-0.33988199263	2.65325573936	155
13	0.25	0.0	0.0	0.3867113612	0.388587593232	0.996248837434	0.574495218851	0.325661277975	2.5948595257	156
13	0.25	0.25	0.0	-0.124738946075	0.329015278576	0.972687714791	-0.0113337061464	0.238099431493	2.60085539744	157
13	0.25	0.5	0.0	-0.71096535738	0.297420365113	0.953151622209	-0.650303429854	0.16694401387	2.59418399086	158
13	0.25	0.75	0.0	-1.33780248822	0.289465281297	0.91653034426	-1.31326887245	0.0938727784044	2.56924936529	159
13	0.25	1.0	0.0	-1.9710849541	0.300812455586	0.841713665511	-1.9710849541	0.000563478391653	2.52045558007	160
13	0.5	0.0	0.0	0.430781707382	0.808703310524	0.830081401506	0.588552599807	0.73294961839	2.36541374075	161
13	0.5	0.25	0.0	-0.0938300018127	0.734018214361	0.80023668127	-0.0111770135126	0.623991630425	2.36513608435	162
13	0.5	0.5	0.0	-0.685749176459	0.683063394497	0.774750649949	-0.653288390539	0.543166765428	2.34770372162	163
13	0.5	0.75	0.0	-1.31988490916	0.638958298209	0.727285746597	-1.31440399548	0.461055428699	2.31367404713	164
13	0.5	1.0	0.0	-1.97114629253	0.584822372775	0.631504410272	-1.97114629253	0.348238025542	2.26360445548	165
13	0.75	0.0	0.0	0.468011803122	1.21690169405	0.696728220825	0.571989253638	1.11865077845	2.08688830628	166
13	0.75	0.25	0.0	-0.067761801694	1.13289164296	0.652990433817	-0.0357995036104	0.990759385371	2.0743216789	167
13	0.75	0.5	0.0	-0.662521889338	1.05655327468	0.605924726172	-0.669946363061	0.89137411129	2.04493770373	168
13	0.75	0.75	0.0	-1.30188132771	0.96870079177	0.533273026683	-1.31898597375	0.791552348162	2.00429849869	169
13	0.75	1.0	0.0	-1.9714529847	0.850148396827	0.412777264148	-1.9714529847	0.662351487935	1.95796618167	170
13	1.0	0.0	0.0	0.504765943	1.57356397	0.627014311	0.556641119167	1.45053868662	1.79450579156	171
13	1.0	0.25	0.0	-0.0346956516069	1.48984278983	0.558700430679	-0.0507190198323	1.31160798068	1.76430632261	172
13	1.0	0.5	0.0	-0.631402427604	1.36973369527	0.480631942786	-0.676978522803	1.17571979154	1.74098297158	173
13	1.0	0.75	0.0	-1.27912575405	1.22822589582	0.38203815625	-1.31849773458	1.04013480446	1.71549572633	174
13	1.0	1.0	0.0	-1.971637	1.080308601	0.25214838	-1.971637	0.902113704689	1.67880457472	175
14	0.0	0.0	0.0	0.504765943	1.57356397	0.627014311	0.556641119167	1.45053868662	1.79450579156	176
14	0.0	0.25	0.0	-0.0346956516069	1.48984278983	0.558700430679	-0.0507190198323	1.31160798068	1.76430632261	177
14	0.0	0.5	0.0	-0.631402427604	1.36973369527	0.480631942786	-0.676978522803	1.17571979154	1.74098297158	178
14	0.0	0.75	0.0	-1.27912575405	1.22822589582	0.38203815625	-1.31849773458	1.04013480446	1.71549572633	179
14	0.0	1.0	0.0	-1.971637	1.080308601	0.25214838	-1.971637	0.902113704689	1.67880457472	180
14	0.25	0.0	0.0	0.502704441854	1.88720616276	0.528341708993	0.512696897445	1.72615419864	1.45421213625	181
14	0.25	0.25	0.0	-0.041350517939	1.79052472787	0.44998255891	-0.0849393219729	1.57151391085	1.42348148621	182
14	0.25	0.5	0.0	-0.635010131172	1.62157656933	0.359033741437	-0.699145923731	1.39181663107	1.42825571181	183
14	0.25	0.75	0.0	-1.27839781836	1.42352096654	0.249449903092	-1.32851458926	1.21048300741	1.43656074113	184
14	0.25	1.0	0.0	-1.971637	1.23951719888	0.115185690392	-1.971637	1.05093368797	1.41642250226	185
14	0.5	0.0	0.0	0.455666787907	2.2288170659	0.316966391479	0.421650462549	2.01646141541	0.984654368282	186
14	0.5	0.25	0.0	-0.099264437493	2.10512689687	0.249400159528	-0.162132533529	1.83783232982	0.971159774638	187
14	0.5	0.5	0.0	-0.68043111333	1.90176395866	0.160329780889	-0.753195818837	1.62451772219	1.00198846591	188
14	0.5	0.75	0.0	-1.30037478553	1.6568543586	0.0466995188838	-1.35515782909	1.40612033596	1.03870164254	189
14	0.5	1.0	0.0	-1.971637	1.40852420404	-0.0945463631665	-1.971637	1.21224291459	1.04286050497	190
14	0.75	0.0	0.0	0.399448820757	2.49760276233	0.0504596697265	0.33430832882	2.25591692269	0.490307493373	191
14	0.75	0.25	0.0	-0.166462434607	2.35680201816	0.00729020388631	-0.241294262457	2.05650920299	0.505109763145	192
14	0.75	0.5	0.0	-0.730877628738	2.13436037733	-0.0698155764222	-0.808593005263	1.82134250158	0.560935448694	193
14	0.75	0.75	0.0	-1.32290105331	1.85820527122	-0.175250889311	-1.38092741323	1.57759501834	0.627931269376	194
14	0.75	1.0	0.0	-1.971637	1.55626413117	-0.303408952891	-1.971637	1.35244495316	0.676243944548	195
14	1.0	0.0	0.0	0.36984638	2.592769335	-0.213607145	0.301477010598	2.37897730626	0.0756465172411	196
14	1.0	0.25	0.0	-0.200969533618	2.46870281306	-0.226010336661	-0.281420116711	2.17349049576	0.123100026968	197
14	1.0	0.5	0.0	-0.749561932055	2.24343033945	-0.285737968059	-0.834802280153	1.92981040596	0.203850874948	198
14	1.0	0.75	0.0	-1.32382101946	1.95755290362	-0.365439214428	-1.38832330087	1.67545528282	0.310262460438	199
14	1.0	1.0	0.0	-1.971637	1.651671495	-0.437763251	-1.971637	1.43794337232	0.434698182696	200
17	0.0	0.0	0.0	4.58532196	1.515235652	-0.339061306	4.97317452775	2.43807251103	0.187063071071	201
17	0.0	0.25	0.0	4.03259046897	1.77657941769	-0.325144489533	4.41030807001	2.61139574243	0.200217353663	202
17	0.0	0.5	0.0	3.56705278995	2.11703004263	-0.281389719616	3.82984202303	2.73454213058	0.225068513858	203
17	0.0	0.75	0.0	3.1341936102	2.40692773925	-0.237334511391	3.26030579915	2.78526901789	0.236065281733	204
17	0.0	1.0	0.0	2.679497617	2.51661272	-0.22251638	2.73022881072	2.74133374677	0.207656387368	205
17	0.25	0.0	0.0	4.58294711116	1.57535156624	-0.518768025786	4.96150445906	2.50115094733	-0.0509230196226	206
17	0.25	0.25	0.0	4.0359331884	1.82666262721	-0.505923945461	4.40279956922	2.67324677257	-0.046544019005	207
17	0.25	0.5	0.0	3.5525056593	2.13989309566	-0.470109192209	3.81884798652	2.77891182493	-0.0331858770831	208
17	0.25	0.75	0.0	3.10002272965	2.39732293195	-0.429986771687	3.24336344719	2.80801273338	-0.0318669127128	209
17	0.25	1.0	0.0	2.64584260523	2.48123209648	-0.404219689548	2.71005968748	2.75041612685	-0.06360544475	210
17	0.5	0.0	0.0	4.59408618062	1.65540339164	-0.737524601219	4.94850983413	2.57768760158	-0.360502635852	211
17	0.5	0.25	0.0	4.04148439511	1.88167662218	-0.727216385766	4.39211245087	2.73281023409	-0.360264336316	212
17	0.5	0.5	0.0	3.51522101607	2.14082773042	-0.692399630056	3.80034763253	2.80488804909	-0.34678569101	213
17	0.5	0.75	0.0	3.01908572993	2.33416584687	-0.64700881839	3.21348202647	2.79514555866	-0.346508445808	214
17	0.5	1.0	0.0	2.55686822309	2.363000102	-0.60497843507	2.67178228007	2.70480727488	-0.385874346582	215
17	0.75	0.0	0.0	4.60174809253	1.72021420622	-0.948621322294	4.93329033958	2.63330738959	-0.669984656191	216
17	0.75	0.25	0.0	4.04281676076	1.91797964432	-0.941383419647	4.37844201805	2.7684260613	-0.673733470324	217
17	0.75	0.5	0.0	3.47602063129	2.11706317518	-0.907553121195	3.78165385024	2.8066746998	-0.657384074513	218
17	0.75	0.75	0.0	2.93828835279	2.24188799383	-0.855526496482	3.18615222047	2.75953713495	-0.653949573257	219
17	0.75	1.0	0.0	2.46654857391	2.21687729527	-0.793699615057	2.63516351308	2.63849719661	-0.69644307105	220
17	1.0	0.0	0.0	4.588941771	1.734607088	-1.105348479	4.91494566203	2.63363522716	-0.907677959216	221
17	1.0	0.25	0.0	4.03350295702	1.91192993534	-1.1007866563	4.36198357388	2.75843418846	-0.919741293085	222
17	1.0	0.5	0.0	3.45572627601	2.06582865818	-1.07486175367	3.77007952883	2.77847567382	-0.906634174181	223
17	1.0	0.75	0.0	2.90453633998	2.14492088268	-1.02266565095	3.17686471265	2.71405710349	-0.90028055076	224
17	1.0	1.0	0.0	2.428857761	2.097824235	-0.939290228	2.61997031108	2.58547589773	-0.932604371079	225
18	0.0	0.0	0.0	2.679497617	2.51661272	-0.22251638	2.73022881072	2.74133374677	0.207656387368	226
18	0.0	0.25	0.0	2.13286081376	2.52466233703	-0.230325232095	2.15649093444	2.65623220498	0.148565058484	227
18	0.0	0.5	0.0	1.5404710555	2.56940288614	-0.232405843883	1.52702326426	2.58846052829	0.0989096565701	228
18	0.0	0.75	0.0	0.94018176874	2.60678750593	-0.22731441498	0.891970417281	2.50653635072	0.0706251525232	229
18	0.0	1.0	0.0	0.36984638	2.592769335	-0.213607145	0.301477010598	2.37897730626	0.0756465172411	230
18	0.25	0.0	0.0	2.64584260523	2.48123209648	-0.404219689548	2.71005968748	2.75041612685	-0.06360544475	231
18	0.25	0.25	0.0	2.11211730202	2.46379089108	-0.404324666737	2.14351193948	2.65828769101	-0.132195708857	232
18	0.25	0.5	0.0	1.51958185443	2.47832053947	-0.418761876255	1.52329078648	2.58021943479	-0.205300882604	233
18	0.25	0.75	0.0	0.916255098677	2.49620495493	-0.430933751729	0.895105964572	2.48806354868	-0.256274158748	234
18	0.25	1.0	0.0	0.350155870997	2.48882805073	-0.424242726788	0.304667209848	2.35367222318	-0.258468730051	235
18	0.5	0.0	0.0	2.55686822309	2.363000102	-0.60497843507	2.67178228007	2.70480727488	-0.385874346582	236
18	0.5	0.25	0.0	2.04193064644	2.30887055969	-0.586412479262	2.10855494926	2.59308566717	-0.46478126939	237
18	0.5	0.5	0.0	1.45301684378	2.29732593107	-0.594271137395	1.49079493846	2.50040676968	-0.549197539288	238
18	0.5	0.75	0.0	0.854581179516	2.29502160217	-0.616032629468	0.870118399529	2.39350304638	-0.617675982791	239
18	0.5	1.0	0.0	0.311078018065	2.26861295899	-0.639175175479	0.298141484313	2.2391069612	-0.648769426414	240
18	0.75	0.0	0.0	2.46654857391	2.21687729527	-0.793699615057	2.63516351308	2.63849719661	-0.69644307105	241
18	0.75	0.25	0.0	1.96782908894	2.13168726143	-0.752012688192	2.07055891745	2.50817864933	-0.780451342637	242
18	0.75	0.5	0.0	1.38287250523	2.09694554068	-0.750474816438	1.45077058352	2.3991976953	-0.871601690043	243
18	0.75	0.75	0.0	0.791037042468	2.06953653153	-0.782863062149	0.835936564396	2.27149161788	-0.958158229527	244
18	0.75	1.0	0.0	0.271680920351	2.0063446325	-0.84295448768	0.286194913204	2.08499770043	-1.02838507735	245
18	1.0	0.0	0.0	2.428857761	2.097824235	-0.939290228	2.61997031108	2.58547589773	-0.932604371079	246
18	1.0	0.25	0.0	1.93534087146	2.00402691487	-0.876549312055	2.04846279769	2.45111915337	-1.01046564812	247
18	1.0	0.5	0.0	1.35124532047	1.94770584801	-0.878914102522	1.42445258493	2.32676737398	-1.11133471143	248
18	1.0	0.75	0.0	0.761499718746	1.8860488269	-0.931677063728	0.811489301416	2.17066603727	-1.22229880888	249
18	1.0	1.0	0.0	0.251032677	1.776243644	-1.02013066	0.273122575734	1.94106062095	-1.33044518837	250
19	0.0	0.0	0.0	4.588941771	1.734607088	-1.105348479	4.91494566203	2.63363522716	-0.907677959216	251
19	0.0	0.25	0.0	4.03350295702	1.91192993534	-1.1007866563	4.36198357388	2.75843418846	-0.919741293085	252
19	0.0	0.5	0.0	3.45572627601	2.06582865818	-1.07486175367	3.77007952883	2.77847567382	-0.906634174181	253
19	0.0	0.75	0.0	2.90453633998	2.14492088268	-1.02266565095	3.17686471265	2.71405710349	-0.90028055076	254
19	0.0	1.0	0.0	2.428857761	2.097824235	-0.939290228	2.61997031108	2.58547589773	-0.932604371079	255
19	0.25	0.0	0.0	4.53887971247	1.64126806199	-1.27452066565	4.88968085312	2.52261059877	-1.186894163	256
19	0.25	0.25	0.0	3.99862965259	1.79443100884	-1.27132381598	4.34300385438	2.64592484469	-1.2187996756	257
19	0.25	0.5	0.0	3.43127535868	1.90673904661	-1.25287579287	3.75730884692	2.66450320891	-1.22373545526	258
19	0.25	0.75	0.0	2.88538945709	1.95122969787	-1.20305768477	3.16752623628	2.60244339155	-1.22477830562	259
19	0.25	1.0	0.0	2.40954457419	1.90094048517	-1.10575058014	2.60858642801	2.48384309271	-1.24500503037	260
19	0.5	0.0	0.0	4.47435787137	1.45592205577	-1.46992383741	4.86510400154	2.32084653901	-1.5277738822	261
19	0.5	0.25	0.0	3.94930580997	1.57998091378	-1.46213975295	4.32880768994	2.44453431883	-1.57683098546	262
19	0.5	0.5	0.0	3.38512499636	1.65860986584	-1.42611789106	3.73721999396	2.47171071517	-1.58903788883	263
19	0.5	0.75	0.0	2.83646455333	1.67454480279	-1.3631056818	3.13850079702	2.41892124061	-1.59264837398	264
19	0.5	1.0	0.0	2.35797360368	1.61052161543	-1.27435055523	2.58080998258	2.30271140772	-1.61591622258	265
19	0.75	0.0	0.0	4.41663735309	1.23636233117	-1.64917622322	4.84254899928	2.0804431545	-1.84978524747	266
19	0.75	0.25	0.0	3.90705862442	1.33173524331	-1.64353646075	4.31899057173	2.20267186312	-1.91762232127	267
19	0.75	0.5	0.0	3.34726770987	1.37996849755	-1.59180877895	3.72158685728	2.23639636041	-1.93938644441	268
19	0.75	0.75	0.0	2.79623976836	1.37013706274	-1.5193561229	3.11290898192	2.19022076663	-1.94972456891	269
19	0.75	1.0	0.0	2.31294995882	1.29131590773	-1.4515414377	2.55552807163	2.07274920205	-1.9832836468	270
19	1.0	0.0	0.0	4.386979263	1.04038215	-1.769896052	4.82334973836	1.85350055189	-2.07239638948	271
19	1.0	0.25	0.0	3.8934152912	1.11284959056	-1.78581593295	4.3131479909	1.96874672981	-2.16496078162	272
19	1.0	0.5	0.0	3.34769602001	1.1293423234	-1.74716918726	3.72218332421	1.99485831245	-2.2116260915	273
19	1.0	0.75	0.0	2.80319324182	1.09327734304	-1.68835548894	3.11387137801	1.94307208558	-2.24184070353	274
19	1.0	1.0	0.0	2.313278749	1.008071644	-1.643774512	2.55162779204	1.82462483496	-2.28505300212	275
20	0.0	0.0	0.0	2.428857761	2.097824235	-0.939290228	2.61997031108	2.58547589773	-0.932604371079	276
20	0.0	0.25	0.0	1.93534087146	2.00402691487	-0.876549312055	2.04846279769	2.45111915337	-1.01046564812	277
20	0.0	0.5	0.0	1.35124532047	1.94770584801	-0.878914102522	1.42445258493	2.32676737398	-1.11133471143	278
20	0.0	0.75	0.0	0.761499718746	1.8860488269	-0.931677063728	0.811489301416	2.17066603727	-1.22229880888	279
20	0.0	1.0	0.0	0.251032677	1.776243644	-1.02013066	0.273122575734	1.94106062095	-1.33044518837	280
20	0.25	0.0	0.0	2.40954457419	1.90094048517	-1.10575058014	2.60858642801	2.48384309271	-1.24500503037	281
20	0.25	0.25	0.0	1.91197188519	1.81368863027	-1.03166408453	2.0269674352	2.3501647439	-1.30807251922	282
20	0.25	0.5	0.0	1.32793630482	1.74468467823	-1.04223737959	1.39582838218	2.20727076954	-1.40638023677	283
20	0.25	0.75	0.0	0.738453217897	1.66004328384	-1.10762483644	0.780953909643	2.02238921367	-1.51792203565	284
20	0.25	1.0	0.0	0.224538009242	1.5258791019	-1.19798082618	0.248128658269	1.76274812036	-1.62069176848	285
20	0.5	0.0	0.0	2.35797360368	1.61052161543	-1.27435055523	2.58080998258	2.30271140772	-1.61591622258	286
20	0.5	0.25	0.0	1.85631080712	1.51432935653	-1.2200408809	1.99390808344	2.15229920725	-1.68495088214	287
20	0.5	0.5	0.0	1.27602909203	1.43630590541	-1.23997171032	1.35404856764	1.98433202906	-1.78092518011	288
20	0.5	0.75	0.0	0.690946794738	1.35103212568	-1.30199025921	0.735101489991	1.78199608857	-1.8711963296	289
20	0.5	1.0	0.0	0.174882251566	1.2330888809	-1.37394374328	0.210936905295	1.52847760122	-1.92312154373	290
20	0.75	0.0	0.0	2.31294995882	1.29131590773	-1.4515414377	2.55552807163	2.07274920205	-1.9832836468	291
20	0.75	0.25	0.0	1.80513898204	1.18396857925	-1.42700710778	1.96391471864	1.90294221292	-2.06266168157	292
20	0.75	0.5	0.0	1.22940108853	1.09873614217	-1.45386245087	1.31714751082	1.71139646411	-2.15408359418	293
20	0.75	0.75	0.0	0.649664839809	1.02021231025	-1.50634119483	0.694731882104	1.49929460876	-2.21824488137	294
20	0.75	1.0	0.0	0.129858797357	0.932990797208	-1.55867706749	0.176173266396	1.2678193	-2.2158410399	295
20	1.0	0.0	0.0	2.313278749	1.008071644	-1.643774512	2.55162779204	1.82462483496	-2.28505300212	296
20	1.0	0.25	0.0	1.79523775473	0.900625784048	-1.63789017174	1.95161731701	1.64751343041	-2.36276586219	297
20	1.0	0.5	0.0	1.22192970076	0.80814200112	-1.6656549574	1.30315958123	1.44190938627	-2.44496953169	298
20	1.0	0.75	0.0	0.645291743652	0.728780795381	-1.71224550612	0.680644925627	1.22409272103	-2.49519088158	299
20	1.0	1.0	0.0	0.11726104	0.660702667	-1.762838455	0.158463691153	1.01034345319	-2.47695678278	300
25	0.0	0.0	0.0	4.386979263	1.04038215	-1.769896052	4.82334973836	1.85350055189	-2.07239638948	301
25	0.0	0.25	0.0	3.8934152912	1.11284959056	-1.78581593295	4.3131479909	1.96874672981	-2.16496078162	302
25	0.0	0.5	0.0	3.34769602001	1.1293423234	-1.74716918726	3.72218332421	1.99485831245	-2.2116260915	303
25	0.0	0.75	0.0	2.80319324182	1.09327734304	-1.68835548894	3.11387137801	1.94307208558	-2.24184070353	304
25	0.0	1.0	0.0	2.313278749	1.008071644	-1.643774512	2.55162779204	1.82462483496	-2.28505300212	305
25	0.25	0.0	0.0	4.37618012105	0.600233217183	-1.88649034292	4.8054113433	1.30237676532	-2.32843144823	306
25	0.25	0.25	0.0	3.91104378979	0.622523845973	-1.97018254557	4.31685441517	1.36949826162	-2.48233521883	307
25	0.25	0.5	0.0	3.39980906553	0.566798662799	-2.00286899228	3.75460536343	1.33797187341	-2.60042177606	308
25	0.25	0.75	0.0	2.87705618441	0.470081670269	-2.00728813015	3.16565088213	1.23941633713	-2.68611557176	309
25	0.25	1.0	0.0	2.37736538258	0.369396870991	-2.00617840623	2.59697766531	1.10545038922	-2.74284105779	310
25	0.5	0.0	0.0	4.37563349788	0.0391745126083	-1.92225354146	4.82131634712	0.596453592475	-2.47345887937	311
25	0.5	0.25	0.0	3.92605321869	0.002218403757	-2.05362708072	4.3439504673	0.59050734261	-2.67345675286	312
25	0.5	0.5	0.0	3.42732848166	-0.108359742096	-2.13398669118	3.79764132447	0.495225671073	-2.83114423399	313
25	0.5	0.75	0.0	2.91204127841	-0.251002254653	-2.18111993333	3.22491929251	0.347806021662	-2.94317958197	314
25	0.5	1.0	0.0	2.4127736006	-0.384151463613	-2.21281436767	2.66831474529	0.185445838178	-3.006221056	315
25	0.75	0.0	0.0	4.37966391327	-0.53599942752	-1.89014883253	4.86875995504	-0.112726212499	-2.48710991005	316
25	0.75	0.25	0.0	3.934830081	-0.636366095887	-2.05009883746	4.39600606252	-0.195721713682	-2.71067695426	317
25	0.75	0.5	0.0	3.43447264776	-0.792750128663	-2.16069015382	3.85637590837	-0.351939574358	-2.88272661685	318
25	0.75	0.75	0.0	2.91789635323	-0.971091163902	-2.23650022066	3.29475351093	-0.54278067458	-3.00255519022	319
25	0.75	1.0	0.0	2.42440593708	-1.13732883966	-2.29210647703	2.75602288855	-0.729645894402	-3.0694589668	320
25	1.0	0.0	0.0	4.382595887	-1.018494067	-1.803139401	4.94543737226	-0.673619895466	-2.34901576744	321
25	1.0	0.25	0.0	3.93376087979	-1.18152901276	-1.97354711486	4.47459111608	-0.816684593722	-2.56634739359	322
25	1.0	0.5	0.0	3.42545994321	-1.38298973428	-2.10314725007	3.93589381616	-1.02208314267	-2.73410207618	323
25	1.0	0.75	0.0	2.90436923827	-1.59130178966	-2.20007831426	3.37823043915	-1.24336556534	-2.8537648526	324
25	1.0	1.0	0.0	2.417164926	-1.774890737	-2.272478815	2.85048595169	-1.43408188477	-2.92682076029	325
26	0.0	0.0	0.0	2.313278749	1.008071644	-1.643774512	2.55162779204	1.82462483496	-2.28505300212	326
26	0.0	0.25	0.0	1.79523775473	0.900625784048	-1.63789017174	1.95161731701	1.64751343041	-2.36276586219	327
26	0.0	0.5	0.0	1.22192970076	0.80814200112	-1.6656549574	1.30315958123	1.44190938627	-2.44496953169	328
26	0.0	0.75	0.0	0.645291743652	0.728780795381	-1.71224550612	0.680644925627	1.22409272103	-2.49519088158	329
26	0.0	1.0	0.0	0.11726104	0.660702667	-1.762838455	0.158463691153	1.01034345319	-2.47695678278	330
26	0.25	0.0	0.0	2.37736538258	0.369396870991	-2.00617840623	2.59697766531	1.10545038922	-2.74284105779	331
26	0.25	0.25	0.0	1.83730584689	0.267564501181	-2.0147343414	1.9862861671	0.930080043491	-2.79345892861	332
26	0.25	0.5	0.0	1.25665300784	0.164428335053	-2.03434731576	1.34416177917	0.722997347409	-2.84081685224	333
26	0.25	0.75	0.0	0.675450012166	0.0758873973193	-2.06758444984	0.725060979459	0.51309397541	-2.86647842922	334
26	0.25	1.0	0.0	0.133740006583	0.0178407126888	-2.11701286416	0.183440245863	0.329261601933	-2.8520072601	335
26	0.5	0.0	0.0	2.4127736006	-0.384151463613	-2.21281436767	2.66831474529	0.185445838178	-3.006221056	336
26	0.5	0.25	0.0	1.86389890225	-0.504623034878	-2.23770122241	2.06747117108	0.00336501616156	-3.03814408064	337
26	0.5	0.5	0.0	1.26889784988	-0.614672614751	-2.25249744087	1.43134998975	-0.191757600467	-3.04938344224	338
26	0.5	0.75	0.0	0.6772525852	-0.700972696581	-2.26225021628	0.809789037338	-0.373545220993	-3.03218861571	339
26	0.5	1.0	0.0	0.138445249884	-0.750195773717	-2.27200674184	0.252626149901	-0.515621054698	-2.97880907596	340
26	0.75	0.0	0.0	2.42440593708	-1.13732883966	-2.29210647703	2.75602288855	-0.729645894402	-3.0694589668	341
26	0.75	0.25	0.0	1.87855902739	-1.28322314043	-2.33173297529	2.17009707944	-0.915460933967	-3.09356948528	342
26	0.75	0.5	0.0	1.27513547767	-1.40116070797	-2.34473591643	1.53327930803	-1.09433507258	-3.07901678322	343
26	0.75	0.75	0.0	0.677460156255	-1.48347145157	-2.33198551914	0.901107772398	-1.24405279213	-3.02303627441	344
26	0.75	1.0	0.0	0.148857931493	-1.52248528051	-2.29435200211	0.329120670642	-1.34239857452	-2.92286337268	345
26	1.0	0.0	0.0	2.417164926	-1.774890737	-2.272478815	2.85048595169	-1.43408188477	-2.92682076029	346
26	1.0	0.25	0.0	1.88482832888	-1.93552213179	-2.32177176058	2.26908864266	-1.60922708928	-2.95648330954	347
26	1.0	0.5	0.0	1.29183714198	-2.06703580428	-2.33569332614	1.6185048291	-1.77671468414	-2.93806435667	348
26	1.0	0.75	0.0	0.70283341883	-2.15328083288	-2.31253307212	0.965295857778	-1.90665666196	-2.86973623868	349
26	1.0	1.0	0.0	0.182459213	-2.178106296	-2.250580559	0.376023075463	-1.96916501536	-2.74967129258	350
27	0.0	0.0	0.0	4.382595887	-1.018494067	-1.803139401	4.94543737226	-0.673619895466	-2.34901576744	351
27	0.0	0.25	0.0	3.93376087979	-1.18152901276	-1.97354711486	4.47459111608	-0.816684593722	-2.56634739359	352
27	0.0	0.5	0.0	3.42545994321	-1.38298973428	-2.10314725007	3.93589381616	-1.02208314267	-2.73410207618	353
27	0.0	0.75	0.0	2.90436923827	-1.59130178966	-2.20007831426	3.37823043915	-1.24336556534	-2.8537648526	354
27	0.0	1.0	0.0	2.417164926	-1.774890737	-2.272478815	2.85048595169	-1.43408188477	-2.92682076029	355
27	0.25	0.0	0.0	4.45501347829	-1.51877229838	-1.5974349682	5.0372541071	-1.21666407602	-1.93102513618	356
27	0.25	0.25	0.0	3.99197506983	-1.73427990879	-1.74889953974	4.56036121502	-1.40135076389	-2.11435189574	357
27	0.25	0.5	0.0	3.46914967465	-1.96573929468	-1.86660907162	4.01644155946	-1.63278990916	-2.25718423328	358
27	0.25	0.75	0.0	2.93354807129	-2.18797984801	-1.95628892579	3.45245190117	-1.86629154106	-2.36556871772	359
27	0.25	1.0	0.0	2.4321810383	-2.37583096073	-2.02366446421	2.91534900089	-2.05716568882	-2.44555191804	360
27	0.5	0.0	0.0	4.60751504555	-2.05517946366	-1.26046377509	5.11188269435	-1.792143571	-1.26749384698	361
27	0.5	0.25	0.0	4.12368918074	-2.31402978081	-1.36392896371	4.62133768031	-2.0199641894	-1.4002637784	362
27	0.5	0.5	0.0	3.57966370642	-2.56971922691	-1.42934288792	4.06973674618	-2.27925505666	-1.49226272938	363
27	0.5	0.75	0.0	3.01760091998	-2.80585572494	-1.47160929104	3.49502637577	-2.53491242472	-1.56510461642	364
27	0.5	1.0	0.0	2.47966311876	-3.0060471979	-1.50563191639	2.9351530529	-2.75183254554	-1.64040335605	365
27	0.75	0.0	0.0	4.74456158829	-2.47660082135	-0.856209256438	5.16088041325	-2.23050426778	-0.530087521038	366
27	0.75	0.25	0.0	4.24253102364	-2.76954352548	-0.904587923331	4.65780948189	-2.49859721844	-0.608711637382	367
27	0.75	0.5	0.0	3.67926303826	-3.04346751006	-0.909079373824	4.09663957781	-2.78634864614	-0.648894339192	368
27	0.75	0.75	0.0	3.09225159815	-3.28973920954	-0.894474435421	3.50892487896	-3.06792157821	-0.682411175588	369
27	0.75	1.0	0.0	2.51899066935	-3.49972505836	-0.885563935629	2.92621956328	-3.31747904199	-0.741037695692	370
27	1.0	0.0	0.0	4.770614106	-2.63192163	-0.448654847	5.17580454302	-2.36219205375	0.109528220448	371
27	1.0	0.25	0.0	4.26212840969	-2.94958603945	-0.45682895514	4.67006558968	-2.6633221992	0.0756759315084	372
27	1.0	0.5	0.0	3.69020866989	-3.23552212321	-0.42354920417	4.09801025585	-2.97894073855	0.0633641625618	373
27	1.0	0.75	0.0	3.09322391965	-3.48444009086	-0.373319384365	3.49711842674	-3.28401236337	0.0524729778587	374
27	1.0	1.0	0.0	2.509543192	-3.691050152	-0.330643286	2.90486998756	-3.55350176522	0.0228824416496	375
28	0.0	0.0	0.0	2.417164926	-1.774890737	-2.272478815	2.85048595169	-1.43408188477	-2.92682076029	376
28	0.0	0.25	0.0	1.88482832888	-1.93552213179	-2.32177176058	2.26908864266	-1.60922708928	-2.95648330954	377
28	0.0	0.5	0.0	1.29183714198	-2.06703580428	-2.33569332614	1.6185048291	-1.77671468414	-2.93806435667	378
28	0.0	0.75	0.0	0.70283341883	-2.15328083288	-2.31253307212	0.965295857778	-1.90665666196	-2.86973623868	379
28	0.0	1.0	0.0	0.182459213	-2.178106296	-2.250580559	0.376023075463	-1.96916501536	-2.74967129258	380
28	0.25	0.0	0.0	2.4321810383	-2.37583096073	-2.02366446421	2.91534900089	-2.05716568882	-2.44555191804	381
28	0.25	0.25	0.0	1.90453702964	-2.5509020147	-2.06800738052	2.32786223502	-2.23073818503	-2.49018749443	382
28	0.25	0.5	0.0	1.3249278542	-2.71517176475	-2.07846273798	1.66331542144	-2.4054616569	-2.48605402165	383
28	0.25	0.75	0.0	0.748463192089	-2.8290228113	-2.05512374717	0.994257367955	-2.53769952747	-2.43394454534	384
28	0.25	1.0	0.0	0.230252723417	-2.85283775477	-1.99808361867	0.393236882383	-2.5838152198	-2.33465211115	385
28	0.5	0.0	0.0	2.47966311876	-3.0060471979	-1.50563191639	2.9351530529	-2.75183254554	-1.64040335605	386
28	0.5	0.25	0.0	1.9396002145	-3.19717453044	-1.52970793349	2.34254901635	-2.94137265112	-1.70178306485	387
28	0.5	0.5	0.0	1.35807378828	-3.38866918821	-1.52946010562	1.67597579779	-3.12210063353	-1.72291257613	388
28	0.5	0.75	0.0	0.783619353943	-3.52849695315	-1.50684601303	1.00592009022	-3.25361880811	-1.70438523489	389
28	0.5	1.0	0.0	0.26477242535	-3.56462360724	-1.46382323599	0.40286858661	-3.29552949023	-1.64679438617	390
28	0.75	0.0	0.0	2.51899066935	-3.49972505836	-0.885563935629	2.92621956328	-3.31747904199	-0.741037695692	391
28	0.75	0.25	0.0	1.965819096	-3.70163726029	-0.881513764881	2.3333983679	-3.52801504128	-0.808766438406	392
28	0.75	0.5	0.0	1.38003250972	-3.91194550866	-0.864814639658	1.67316059266	-3.71604543263	-0.853739848927	393
28	0.75	0.75	0.0	0.805379214308	-4.07193892963	-0.839143423904	1.00918015603	-3.84891638426	-0.869995286074	394
28	0.75	1.0	0.0	0.285607513608	-4.12290664934	-0.808176981563	0.40513097646	-3.89397406444	-0.851570108668	395
28	1.0	0.0	0.0	2.509543192	-3.691050152	-0.330643286	2.90486998756	-3.55350176522	0.0228824416496	396
28	1.0	0.25	0.0	1.95899488668	-3.89158778552	-0.298065220056	2.32065967091	-3.77754990929	-0.0286340326886	397
28	1.0	0.5	0.0	1.37956158402	-4.10941816014	-0.260655550694	1.67154444052	-3.97670987279	-0.0836356688689	398
28	1.0	0.75	0.0	0.810820083105	-4.27958441194	-0.223459533985	1.01293369683	-4.11809413626	-0.119711677623	399
28	1.0	1.0	0.0	0.292347183	-4.337129677	-0.191522426	0.400236840252	-4.16881518024	-0.114451269681	400
33	0.0	0.0	0.0	4.770614106	-2.63192163	-0.448654847	5.17580454302	-2.36219205375	0.109528220448	401
33	0.0	0.25	0.0	4.26212840969	-2.94958603945	-0.45682895514	4.67006558968	-2.6633221992	0.0756759315084	402
33	0.0	0.5	0.0	3.69020866989	-3.23552212321	-0.42354920417	4.09801025585	-2.97894073855	0.0633641625618	403
33	0.0	0.75	0.0	3.09322391965	-3.48444009086	-0.373319384365	3.49711842674	-3.28401236337	0.0524729778587	404
33	0.0	1.0	0.0	2.509543192	-3.691050152	-0.330643286	2.90486998756	-3.55350176522	0.0228824416496	405
33	0.25	0.0	0.0	4.66432728711	-2.47720896476	-0.153476509953	5.10960623661	-2.19745091897	0.559888077057	406
33	0.25	0.25	0.0	4.16462551944	-2.78549760933	-0.115923081751	4.610904945	-2.50027166646	0.585572217654	407
33	0.25	0.5	0.0	3.59866556246	-3.06845147672	-0.0340805146349	4.04377275305	-2.82610124385	0.621769802101	408
33	0.25	0.75	0.0	3.00754092981	-3.31463704119	0.0643750454145	3.44780312378	-3.14206442656	0.65822798101	409
33	0.25	1.0	0.0	2.43234513512	-3.51262077698	0.151767452415	2.8625895202	-3.41528599001	0.684693904991	410
33	0.5	0.0	0.0	4.48653725837	-2.13133803923	0.108308461335	4.96100469131	-1.8895184122	1.02040131813	411
33	0.5	0.25	0.0	4.00202009312	-2.39551934147	0.213297673249	4.46967375435	-2.16378761932	1.13146531261	412
33	0.5	0.5	0.0	3.4524172156	-2.65894825209	0.36815123911	3.92337182657	-2.4785935178	1.24607411881	413
33	0.5	0.75	0.0	2.87645852498	-2.89837564649	0.538149211668	3.35056386051	-2.79167462403	1.35633565766	414
33	0.5	1.0	0.0	2.31287392046	-3.09055240009	0.688571643675	2.77971480868	-3.0607694544	1.45435785007	415
33	0.75	0.0	0.0	4.30420966719	-1.70539390532	0.316423398205	4.79336298333	-1.5333655629	1.41421972629	416
33	0.75	0.25	0.0	3.82777734314	-1.91425958321	0.482827112458	4.29981558341	-1.76463076968	1.60256061929	417
33	0.75	0.5	0.0	3.29620859653	-2.14677148178	0.700774753576	3.76957188527	-2.04929757692	1.79148241859	418
33	0.75	0.75	0.0	2.74149953252	-2.3710456987	0.930487550232	3.2189983661	-2.34052832636	1.9696504655	419
33	0.75	1.0	0.0	2.19564625632	-2.55519833166	1.1321867311	2.66446150305	-2.59148535973	2.12573010136	420
33	1.0	0.0	0.0	4.184310161	-1.310461615	0.450591632	4.67004418891	-1.22396340054	1.66449508415	421
33	1.0	0.25	0.0	3.69536248193	-1.47632668187	0.644659038472	4.1547739979	-1.41356182944	1.88806354065	422
33	1.0	0.5	0.0	3.17478467248	-1.67168019823	0.881418725277	3.61513733801	-1.65109343772	2.11320000732	423
33	1.0	0.75	0.0	2.6441867798	-1.86803698972	1.12387449694	3.06670436969	-1.8963109041	2.32102686221	424
33	1.0	1.0	0.0	2.125178851	-2.036911882	1.335030158	2.52504525338	-2.10896690731	2.49266648336	425
34	0.0	0.0	0.0	2.509543192	-3.691050152	-0.330643286	2.90486998756	-3.55350176522	0.0228824416496	426
34	0.0	0.25	0.0	1.95899488668	-3.89158778552	-0.298065220056	2.32065967091	-3.77754990929	-0.0286340326886	427
34	0.0	0.5	0.0	1.37956158402	-4.10941816014	-0.260655550694	1.67154444052	-3.97670987279	-0.0836356688689	428
34	0.0	0.75	0.0	0.810820083105	-4.27958441194	-0.223459533985	1.01293369683	-4.11809413626	-0.119711677623	429
34	0.0	1.0	0.0	0.292347183	-4.337129677	-0.191522426	0.400236840252	-4.16881518024	-0.114451269681	430
34	0.25	0.0	0.0	2.43234513512	-3.51262077698	0.151767452415	2.8625895202	-3.41528599001	0.684693904991	431
34	0.25	0.25	0.0	1.89768497273	-3.70018892586	0.216408495229	2.29358857629	-3.64074981317	0.669222044443	432
34	0.25	0.5	0.0	1.33487747007	-3.90854136293	0.275563318697	1.66077733238	-3.84857518495	0.618769336073	433
34	0.25	0.75	0.0	0.781707151704	-4.07469326312	0.323384856805	1.01550940522	-3.99926926824	0.572559613606	434
34	0.25	1.0	0.0	0.275958542229	-4.13565980137	0.354026043542	0.409138411589	-4.05333922592	0.56981671077	435
34	0.5	0.0	0.0	2.31287392046	-3.09055240009	0.688571643675	2.77971480868	-3.0607694544	1.45435785007	436
34	0.5	0.25	0.0	1.79722284659	-3.25946646161	0.793905881135	2.22994478795	-3.27975342526	1.48465860781	437
34	0.5	0.5	0.0	1.2538603396	-3.44459618668	0.877452642767	1.62068329596	-3.48904080525	1.45068297702	438
34	0.5	0.75	0.0	0.721780369987	-3.59698283395	0.931621187244	1.00308532673	-3.64525026086	1.39805744921	439
34	0.5	1.0	0.0	0.239976908244	-3.66766766206	0.948820773242	0.428305874264	-3.70500045856	1.37240851591	440
34	0.75	0.0	0.0	2.19564625632	-2.55519833166	1.1321867311	2.66446150305	-2.59148535973	2.12573010136	441
34	0.75	0.25	0.0	1.70080839896	-2.70472494737	1.27126497995	2.13572853937	-2.79455001561	2.19935929575	442
34	0.75	0.5	0.0	1.17576632251	-2.86315005057	1.37705564431	1.5513355741	-2.99738934617	2.19848849738	443
34	0.75	0.75	0.0	0.662508056475	-2.99938088127	1.43833646268	0.963536881979	-3.15754532669	2.15875241935	444
34	0.75	1.0	0.0	0.203021630387	-3.08232467948	1.44388517357	0.42458673774	-3.23255993241	2.11578577476	445
34	1.0	0.0	0.0	2.125178851	-2.036911882	1.335030158	2.52504525338	-2.10896690731	2.49266648336	446
34	1.0	0.25	0.0	1.65164152059	-2.17126893771	1.48532383396	2.01694006404	-2.28512885429	2.59500774656	447
34	1.0	0.5	0.0	1.13985154869	-2.30977037375	1.60641554612	1.45280740961	-2.47290342024	2.64856914057	448
34	1.0	0.75	0.0	0.635358529689	-2.43481516192	1.68061768848	0.884739491585	-2.63766267832	2.65661511422	449
34	1.0	1.0	0.0	0.183712058	-2.528802274	1.690242655	0.36482851148	-2.74477870172	2.62241011632	450
35	0.0	0.0	0.0	4.184310161	-1.310461615	0.450591632	4.67004418891	-1.22396340054	1.66449508415	451
35	0.0	0.25	0.0	3.69536248193	-1.47632668187	0.644659038472	4.1547739979	-1.41356182944	1.88806354065	452
35	0.0	0.5	0.0	3.17478467248	-1.67168019823	0.881418725277	3.61513733801	-1.65109343772	2.11320000732	453
35	0.0	0.75	0.0	2.6441867798	-1.86803698972	1.12387449694	3.06670436969	-1.8963109041	2.32102686221	454
35	0.0	1.0	0.0	2.125178851	-2.036911882	1.335030158	2.52504525338	-2.10896690731	2.49266648336	455
35	0.25	0.0	0.0	4.13502585638	-0.871218209451	0.571785786745	4.61227296353	-0.831032885437	1.82842069751	456
35	0.25	0.25	0.0	3.63553585764	-1.00114990133	0.748723064189	4.08958475923	-0.983821163192	2.04236095167	457
35	0.25	0.5	0.0	3.12246061021	-1.16729851821	0.942488264723	3.53931795009	-1.17912460409	2.25099164098	458
35	0.25	0.75	0.0	2.61371071899	-1.34047549969	1.1333230999	2.98762397128	-1.37985994428	2.43592865692	459
35	0.25	1.0	0.0	2.1271967889	-1.49149228539	1.30146928129	2.46065425799	-1.54894391993	2.57878789094	460
35	0.5	0.0	0.0	4.12822270872	-0.354239748835	0.710955839325	4.59729283755	-0.27627163661	1.96771218932	461
35	0.5	0.25	0.0	3.64173442473	-0.436447167262	0.845294398782	4.10311474501	-0.3903401133	2.15527878654	462
35	0.5	0.5	0.0	3.13882760732	-0.574195035137	0.963612184368	3.5680444883	-0.556279837433	2.31915456662	463
35	0.5	0.75	0.0	2.64542388465	-0.728710772497	1.06941361144	3.03027847387	-0.730834005381	2.45335059485	464
35	0.5	1.0	0.0	2.18744488489	-0.861221799375	1.16620309536	2.52801310815	-0.870745813516	2.55187793652	465
35	0.75	0.0	0.0	4.16098923695	0.145971551949	0.823770986743	4.60392793789	0.326394428432	2.04777255701	466
35	0.75	0.25	0.0	3.69058631255	0.121258559918	0.907542816849	4.14011877819	0.25585635816	2.20312605161	467
35	0.75	0.5	0.0	3.19843109452	0.0344381623814	0.949128503868	3.62758750909	0.126571445956	2.31537250862	468
35	0.75	0.75	0.0	2.71869349363	-0.079345804589	0.967649578578	3.11447414382	-0.0198401489918	2.39296059222	469
35	0.75	1.0	0.0	2.28554342069	-0.184949504922	0.982227571756	2.64891869557	-0.141758267497	2.44433896658	470
35	1.0	0.0	0.0	4.23041396	0.534913478	0.865900426	4.61100239148	0.863039392182	2.03400479804	471
35	1.0	0.25	0.0	3.7587196505	0.575444319801	0.908638092987	4.14535168173	0.843743289105	2.16221175322	472
35	1.0	0.5	0.0	3.2758165025	0.585408985744	0.90337524288	3.64421756893	0.778559829787	2.23732919137	473
35	1.0	0.75	0.0	2.81288676275	0.561016407566	0.863534548334	3.16001724753	0.682514563296	2.27442656525	474
35	1.0	1.0	0.0	2.401112678	0.498475517	0.802538682	2.74516791197	0.570633038702	2.28857332761	475
36	0.0	0.0	0.0	2.125178851	-2.036911882	1.335030158	2.52504525338	-2.10896690731	2.49266648336	476
36	0.0	0.25	0.0	1.65164152059	-2.17126893771	1.48532383396	2.01694006404	-2.28512885429	2.59500774656	477
36	0.0	0.5	0.0	1.13985154869	-2.30977037375	1.60641554612	1.45280740961	-2.47290342024	2.64856914057	478
36	0.0	0.75	0.0	0.635358529689	-2.43481516192	1.68061768848	0.884739491585	-2.63766267832	2.65661511422	479
36	0.0	1.0	0.0	0.183712058	-2.528802274	1.690242655	0.36482851148	-2.74477870172	2.62241011632	480
36	0.25	0.0	0.0	2.1271967889	-1.49149228539	1.30146928129	2.46065425799	-1.54894391993	2.57878789094	481
36	0.25	0.25	0.0	1.66146849078	-1.61813267978	1.4396016542	1.95407651461	-1.70144696281	2.68600270721	482
36	0.25	0.5	0.0	1.15003202263	-1.75279844684	1.57010394709	1.39056695982	-1.88343495984	2.7843139133	483
36	0.25	0.75	0.0	0.641621330946	-1.8783995653	1.66424053506	0.821429494912	-2.05855481447	2.84630443497	484
36	0.25	1.0	0.0	0.184970362183	-1.97784601388	1.6932757932	0.297968021175	-2.19045343016	2.84455719801	485
36	0.5	0.0	0.0	2.18744488489	-0.861221799375	1.16620309536	2.52801310815	-0.870745813516	2.55187793652	486
36	0.5	0.25	0.0	1.71094049833	-0.978510484269	1.27912042775	2.00283209257	-1.00944051057	2.65142858097	487
36	0.5	0.5	0.0	1.18690589998	-1.10509025817	1.41758143038	1.41849520728	-1.18587465275	2.7730314012	488
36	0.5	0.75	0.0	0.667106880209	-1.2235009301	1.53511423038	0.829976461737	-1.35790913288	2.87347471837	489
36	0.5	1.0	0.0	0.203309229424	-1.31628230908	1.58524695488	0.292249865409	-1.48340484378	2.90954685367	490
36	0.75	0.0	0.0	2.28554342069	-0.184949504922	0.982227571756	2.64891869557	-0.141758267497	2.44433896658	491
36	0.75	0.25	0.0	1.79484010225	-0.298398205359	1.05478620024	2.1165960959	-0.282068401596	2.53013494559	492
36	0.75	0.5	0.0	1.25439335905	-0.425209814767	1.1957994373	1.51581264517	-0.459094251771	2.66492111926	493
36	0.75	0.75	0.0	0.720205944996	-0.543087565334	1.33403401892	0.908379845198	-0.626661431371	2.79342307107	494
36	0.75	1.0	0.0	0.248280613953	-0.629734689247	1.39825668112	0.356109197795	-0.738595553743	2.86036638454	495
36	1.0	0.0	0.0	2.401112678	0.498475517	0.802538682	2.74516791197	0.570633038702	2.28857332761	496
36	1.0	0.25	0.0	1.90794986151	0.376208302752	0.817505017305	2.24875782258	0.407710460074	2.36097137882	497
36	1.0	0.5	0.0	1.35641457822	0.228278876347	0.951709409159	1.66173976669	0.218034490285	2.51018258247	498
36	1.0	0.75	0.0	0.809309292827	0.0898722200192	1.10179514518	1.05463909843	0.0442524922184	2.66144659975	499
36	1.0	1.0	0.0	0.32943647	-0.003826684	1.164405513	0.497981171947	-0.070988171239	2.74000309188	500
41	0.0	0.0	0.0	4.23041396	0.534913478	0.865900426	4.61100239148	0.863039392182	2.03400479804	501
41	0.0	0.25	0.0	3.7587196505	0.575444319801	0.908638092987	4.14535168173	0.843743289105	2.16221175322	502
41	0.0	0.5	0.0	3.2758165025	0.585408985744	0.90337524288	3.64421756893	0.778559829787	2.23732919137	503
41	0.0	0.75	0.0	2.81288676275	0.561016407566	0.863534548334	3.16001724753	0.682514563296	2.27442656525	504
41	0.0	1.0	0.0	2.401112678	0.498475517	0.802538682	2.74516791197	0.570633038702	2.28857332761	505
41	0.25	0.0	0.0	4.31353779496	0.733089244463	0.831630663245	4.65926874765	1.15421970419	1.9314142571	506
41	0.25	0.25	0.0	3.82965616237	0.802836371488	0.871349697576	4.17704162364	1.15911989359	2.05651812362	507
41	0.25	0.5	0.0	3.33957133888	0.857669772976	0.873214286406	3.66710715101	1.1173732134	2.13415118129	508
41	0.25	0.75	0.0	2.87274251205	0.875530089078	0.834613244051	3.18223314865	1.03660764633	2.17416422564	509
41	0.25	1.0	0.0	2.45862886943	0.834357959944	0.752935384823	2.77518743547	0.924451175084	2.18640805221	510
41	0.5	0.0	0.0	4.44044711564	0.974388986937	0.748254451058	4.76712266461	1.49695351502	1.73679523534	511
41	0.5	0.25	0.0	3.93986458881	1.06897768896	0.800504258913	4.26652434704	1.52345957832	1.86529409658	512
41	0.5	0.5	0.0	3.43166959811	1.15073497824	0.831734255393	3.73737320834	1.48819488934	1.95952023123	513
41	0.5	0.75	0.0	2.94711620329	1.19283035551	0.818567589434	3.23261599274	1.40657315088	2.01960662234	514
41	0.5	1.0	0.0	2.51745846409	1.1684333215	0.737627409973	2.8051994445	1.29400806572	2.04568625301	515
41	0.75	0.0	0.0	4.56104752549	1.19358838644	0.632620634093	4.87950896529	1.81189059146	1.50870631206	516
41	0.75	0.25	0.0	4.04206041748	1.31215045366	0.699067111092	4.36100982357	1.85901754669	1.63536943556	517
41	0.75	0.5	0.0	3.51942530047	1.4208132362	0.762695752352	3.81270243018	1.82986153409	1.74234211524	518
41	0.75	0.75	0.0	3.02219465614	1.48727346039	0.783709515931	3.28542337613	1.74911277129	1.82207497261	519
41	0.75	1.0	0.0	2.5794209662	1.47922785255	0.722311359886	2.83000925244	1.64146147592	1.86701862915	520
41	1.0	0.0	0.0	4.625244628	1.325463124	0.501578057	4.94137247264	2.01968070032	1.30570606652	521
41	1.0	0.25	0.0	4.08895913604	1.47063684703	0.570003588203	4.40770802487	2.08804900212	1.41357390398	522
41	1.0	0.5	0.0	3.57015246622	1.62411318149	0.649859379796	3.8507815058	2.08120982412	1.5115226074	523
41	1.0	0.75	0.0	3.0841646903	1.73321565721	0.698350954991	3.31491289515	2.02092820189	1.59289049369	524
41	1.0	1.0	0.0	2.64633588	1.745267804	0.672683837	2.84442217264	1.92896917101	1.6510158798	525
42	0.0	0.0	0.0	2.401112678	0.498475517	0.802538682	2.74516791197	0.570633038702	2.28857332761	526
42	0.0	0.25	0.0	1.90794986151	0.376208302752	0.817505017305	2.24875782258	0.407710460074	2.36097137882	527
42	0.0	0.5	0.0	1.35641457822	0.228278876347	0.951709409159	1.66173976669	0.218034490285	2.51018258247	528
42	0.0	0.75	0.0	0.809309292827	0.0898722200192	1.10179514518	1.05463909843	0.0442524922184	2.66144659975	529
42	0.0	1.0	0.0	0.32943647	-0.003826684	1.164405513	0.497981171947	-0.070988171239	2.74000309188	530
42	0.25	0.0	0.0	2.45862886943	0.834357959944	0.752935384823	2.77518743547	0.924451175084	2.18640805221	531
42	0.25	0.25	0.0	1.96908330616	0.726350205609	0.729216086371	2.29870657847	0.766536809895	2.24930384809	532
42	0.25	0.5	0.0	1.4177066674	0.600223797542	0.829746330669	1.72613692314	0.598876427001	2.38665702772	533
42	0.25	0.75	0.0	0.868811752599	0.479721878998	0.952699465197	1.12791946981	0.44430594387	2.52599858797	534
42	0.25	1.0	0.0	0.3867113612	0.388587593232	0.996248837434	0.574495218851	0.325661277975	2.5948595257	535
42	0.5	0.0	0.0	2.51745846409	1.1684333215	0.737627409973	2.8051994445	1.29400806572	2.04568625301	536
42	0.5	0.25	0.0	2.02701853654	1.08501235349	0.68241564986	2.32287845759	1.15074114165	2.09942196978	537
42	0.5	0.5	0.0	1.47093702244	0.991332840416	0.734037287678	1.74510403129	1.00288450536	2.20648313401	538
42	0.5	0.75	0.0	0.91644703999	0.896271065134	0.810567484526	1.14321560043	0.860325037421	2.31307772967	539
42	0.5	1.0	0.0	0.430781707382	0.808703310524	0.830081401506	0.588552599807	0.73294961839	2.36541374075	540
42	0.75	0.0	0.0	2.5794209662	1.47922785255	0.722311359886	2.83000925244	1.64146147592	1.86701862915	541
42	0.75	0.25	0.0	2.08609328304	1.41923957285	0.65644216742	2.33061924254	1.51578782366	1.91642001963	542
42	0.75	0.5	0.0	1.52162077776	1.35798004346	0.668647022821	1.7393895078	1.38408522118	1.9909784063	543
42	0.75	0.75	0.0	0.95819607593	1.29176287899	0.701288261989	1.12896464567	1.2503680717	2.05852432367	544
42	0.75	1.0	0.0	0.468011803122	1.21690169405	0.696728220825	0.571989253638	1.11865077845	2.08688830628	545
42	1.0	0.0	0.0	2.64633588	1.745267804	0.672683837	2.84442217264	1.92896917101	1.6510158798	546
42	1.0	0.25	0.0	2.15064527611	1.69607669011	0.630634098694	2.33127471592	1.81714122425	1.70539227336	547
42	1.0	0.5	0.0	1.5752730678	1.65653944515	0.637640278734	1.72974176927	1.69650507026	1.76146034955	548
42	1.0	0.75	0.0	1.00003978135	1.61844042112	0.650750856407	1.11360376094	1.57249334554	1.79817866881	549
42	1.0	1.0	0.0	0.504765943	1.57356397	0.627014311	0.556641119167	1.45053868662	1.79450579156	550
43	0.0	0.0	0.0	4.625244628	1.325463124	0.501578057	4.94137247264	2.01968070032	1.30570606652	551
43	0.0	0.25	0.0	4.08895913604	1.47063684703	0.570003588203	4.40770802487	2.08804900212	1.41357390398	552
43	0.0	0.5	0.0	3.57015246622	1.62411318149	0.649859379796	3.8507815058	2.08120982412	1.5115226074	553
43	0.0	0.75	0.0	3.0841646903	1.73321565721	0.698350954991	3.31491289515	2.02092820189	1.59289049369	554
43	0.0	1.0	0.0	2.64633588	1.745267804	0.672683837	2.84442217264	1.92896917101	1.6510158798	555
43	0.25	0.0	0.0	4.63159353401	1.38041819327	0.333214778466	4.95770323527	2.13953994624	1.08190220779	556
43	0.25	0.25	0.0	4.08228221298	1.55928643481	0.389514173931	4.41205504793	2.23422955026	1.16252430931	557
43	0.25	0.5	0.0	3.58079273789	1.77596373851	0.469095274276	3.85163441858	2.26889270531	1.24141233027	558
43	0.25	0.75	0.0	3.11830769374	1.94638849433	0.530563869371	3.31276343812	2.24776898836	1.30946070988	559
43	0.25	1.0	0.0	2.68600966551	1.98649909222	0.532525749088	2.83176419748	2.1750979764	1.35756388738	560
43	0.5	0.0	0.0	4.62178393301	1.4290454376	0.10028076472	4.97143290246	2.26118999842	0.76683106824	561
43	0.5	0.25	0.0	4.06269130898	1.64536007165	0.141184457364	4.41472730684	2.38642827569	0.824555206547	562
43	0.5	0.5	0.0	3.57719322301	1.92430568179	0.21890691838	3.84604538297	2.46364539603	0.894560002904	563
43	0.5	0.75	0.0	3.13056414264	2.15512726042	0.286994401713	3.29570111778	2.47914128012	0.95199557638	564
43	0.5	1.0	0.0	2.6880785354	2.22706979993	0.298993161313	2.7940084982	2.41921584862	0.972012046044	565
43	0.75	0.0	0.0	4.6037240125	1.47332465712	-0.142164443637	4.97808286851	2.36668335422	0.441536678972	566
43	0.75	0.25	0.0	4.04214215174	1.72055773884	-0.116522713217	4.41453993604	2.52027404941	0.477756314926	567
43	0.75	0.5	0.0	3.56929841067	2.04578059021	-0.0486174816617	3.83758953808	2.63051337741	0.534575454404	568
43	0.75	0.75	0.0	3.13212809535	2.32133824542	0.0151818440978	3.27459291212	2.67249223676	0.575771598543	569
43	0.75	1.0	0.0	2.67756651184	2.41957573867	0.0285058571307	2.75291129566	2.62130152598	0.565122248477	570
43	1.0	0.0	0.0	4.58532196	1.515235652	-0.339061306	4.97317452775	2.43807251103	0.187063071071	571
43	1.0	0.25	0.0	4.03259046897	1.77657941769	-0.325144489533	4.41030807001	2.61139574243	0.200217353663	572
43	1.0	0.5	0.0	3.56705278995	2.11703004263	-0.281389719616	3.82984202303	2.73454213058	0.225068513858	573
43	1.0	0.75	0.0	3.1341936102	2.40692773925	-0.237334511391	3.26030579915	2.78526901789	0.236065281733	574
43	1.0	1.0	0.0	2.679497617	2.51661272	-0.22251638	2.73022881072	2.74133374677	0.207656387368	575
44	0.0	0.0	0.0	2.64633588	1.745267804	0.672683837	2.84442217264	1.92896917101	1.6510158798	576
44	0.0	0.25	0.0	2.15064527611	1.69607669011	0.630634098694	2.33127471592	1.81714122425	1.70539227336	577
44	0.0	0.5	0.0	1.5752730678	1.65653944515	0.637640278734	1.72974176927	1.69650507026	1.76146034955	578
44	0.0	0.75	0.0	1.00003978135	1.61844042112	0.650750856407	1.11360376094	1.57249334554	1.79817866881	579
44	0.0	1.0	0.0	0.504765943	1.57356397	0.627014311	0.556641119167	1.45053868662	1.79450579156	580
44	0.25	0.0	0.0	2.68600966551	1.98649909222	0.532525749088	2.83176419748	2.1750979764	1.35756388738	581
44	0.25	0.25	0.0	2.17950204423	1.94718167511	0.519048409912	2.30329515318	2.0691344705	1.40275313241	582
44	0.25	0.5	0.0	1.59519458172	1.92915157744	0.539969135599	1.69188271946	1.95715437948	1.44933437779	583
44	0.25	0.75	0.0	1.01046835519	1.9149720048	0.556122158007	1.07064419973	1.84191014248	1.47419244018	584
44	0.25	1.0	0.0	0.502704441854	1.88720616276	0.528341708993	0.512696897445	1.72615419864	1.45421213625	585
44	0.5	0.0	0.0	2.6880785354	2.22706979993	0.298993161313	2.7940084982	2.41921584862	0.972012046044	586
44	0.5	0.25	0.0	2.16116965474	2.21308587948	0.292408904919	2.24170261037	2.32076625352	0.977498261671	587
44	0.5	0.5	0.0	1.57327090094	2.23667271891	0.31617743408	1.61586382718	2.23082935443	0.995257926709	588
44	0.5	0.75	0.0	0.984673027501	2.25589491533	0.335847134398	0.986007870576	2.13439709413	1.00455523197	589
44	0.5	1.0	0.0	0.455666787907	2.2288170659	0.316966391479	0.421650462549	2.01646141541	0.984654368282	590
44	0.75	0.0	0.0	2.67756651184	2.41957573867	0.0285058571307	2.75291129566	2.62130152598	0.565122248477	591
44	0.75	0.25	0.0	2.13312896035	2.42763190089	0.0196421641164	2.18120017497	2.53035826708	0.526983593057	592
44	0.75	0.5	0.0	1.54364780052	2.48234308374	0.0356056242327	1.54610427969	2.46033105179	0.508645013806	593
44	0.75	0.75	0.0	0.951596573579	2.52517734997	0.0535076539469	0.909761150686	2.37944292277	0.499841363115	594
44	0.75	1.0	0.0	0.399448820757	2.49760276233	0.0504596697265	0.33430832882	2.25591692269	0.490307493373	595
44	1.0	0.0	0.0	2.679497617	2.51661272	-0.22251638	2.73022881072	2.74133374677	0.207656387368	596
44	1.0	0.25	0.0	2.13286081376	2.52466233703	-0.230325232095	2.15649093444	2.65623220498	0.148565058484	597
44	1.0	0.5	0.0	1.5404710555	2.56940288614	-0.232405843883	1.52702326426	2.58846052829	0.0989096565701	598
44	1.0	0.75	0.0	0.94018176874	2.60678750593	-0.22731441498	0.891970417281	2.50653635072	0.0706251525232	599
44	1.0	1.0	0.0	0.36984638	2.592769335	-0.213607145	0.301477010598	2.37897730626	0.0756465172411	600
49	0.0	0.0	0.0	6.649135753	-0.216971	-0.199152	6.93389029036	0.381755899932	0.0188064456312	601
49	0.0	0.25	0.0	6.31385977124	0.347507808106	-0.218424371901	6.59803509392	0.994332807324	0.0519885873513	602
49	0.0	0.5	0.0	5.8665008895	0.834562280512	-0.26220437506	6.15830235691	1.58781154577	0.109574797496	603
49	0.0	0.75	0.0	5.29450599126	1.22890177566	-0.309435517188	5.61618464598	2.09234161407	0.163840988068	604
49	0.0	1.0	0.0	4.58532196	1.515235652	-0.339061306	4.97317452775	2.43807251103	0.187063071071	605
49	0.25	0.0	0.0	6.64553949144	-0.221077717848	-0.220060533179	6.93145629295	0.375389358579	-0.0114946223391	606
49	0.25	0.25	0.0	6.31083427236	0.364340592137	-0.36051784398	6.59805406855	1.02111725218	-0.138127912271	607
49	0.25	0.5	0.0	5.85645646979	0.87021709227	-0.450619530381	6.15356796931	1.63030867082	-0.135146888005	608
49	0.25	0.75	0.0	5.28097208297	1.27955350837	-0.500118591333	5.60553807342	2.14348083053	-0.0801968302274	609
49	0.25	1.0	0.0	4.58294711116	1.57535156624	-0.518768025786	4.96150445906	2.50115094733	-0.0509230196226	610
49	0.5	0.0	0.0	6.637627716	-0.230705001395	-0.239879965188	6.92610149865	0.360790463323	-0.0519776308879	611
49	0.5	0.25	0.0	6.30836944014	0.373892048359	-0.45896450823	6.59754828159	1.02570110639	-0.263744960444	612
49	0.5	0.5	0.0	5.85643042149	0.909652519766	-0.61126098681	6.15228018351	1.66543532804	-0.344725729869	613
49	0.5	0.75	0.0	5.28420466625	1.34676132885	-0.702278113587	5.59952482687	2.20707140189	-0.356463701044	614
49	0.5	1.0	0.0	4.59408618062	1.65540339164	-0.737524601219	4.94850983413	2.57768760158	-0.360502635852	615
49	0.75	0.0	0.0	6.62971594056	-0.241813534245	-0.259493664603	6.92074670434	0.344710318764	-0.0922549068424	616
49	0.75	0.25	0.0	6.30656754579	0.357896567953	-0.550788716745	6.59807386062	0.991946191685	-0.380432696123	617
49	0.75	0.5	0.0	5.85707175854	0.921565064148	-0.763166704495	6.15274661538	1.66130135932	-0.545636405647	618
49	0.75	0.75	0.0	5.28690610028	1.39405119626	-0.895990086722	5.59455532343	2.24451027438	-0.628581803105	619
49	0.75	1.0	0.0	4.60174809253	1.72021420622	-0.948621322294	4.93329033958	2.63330738959	-0.669984656191	620
49	1.0	0.0	0.0	6.626119679	-0.250364	-0.279785	6.91831270693	0.333900029504	-0.12193877703	621
49	1.0	0.25	0.0	6.30553086053	0.298088542104	-0.673014821618	6.60118693324	0.903714329798	-0.543761258263	622
49	1.0	0.5	0.0	5.84902949487	0.874651226566	-0.925374643585	6.1532748808	1.58601660655	-0.76435359289	623
49	1.0	0.75	0.0	5.27177874427	1.38494906975	-1.06133051351	5.58703998019	2.21719439419	-0.860173315134	624
49	1.0	1.0	0.0	4.588941771	1.734607088	-1.105348479	4.91494566203	2.63363522716	-0.907677959216	625
50	0.0	0.0	0.0	6.626119679	-0.250364	-0.279785	6.91831270693	0.333900029504	-0.12193877703	626
50	0.0	0.25	0.0	6.30553086053	0.298088542104	-0.673014821618	6.60118693324	0.903714329798	-0.543761258263	627
50	0.0	0.5	0.0	5.84902949487	0.874651226566	-0.925374643585	6.1532748808	1.58601660655	-0.76435359289	628
50	0.0	0.75	0.0	5.27177874427	1.38494906975	-1.06133051351	5.58703998019	2.21719439419	-0.860173315134	629
50	0.0	1.0	0.0	4.588941771	1.734607088	-1.105348479	4.91494566203	2.63363522716	-0.907677959216	630
50	0.25	0.0	0.0	6.62698160197	-0.262586808304	-0.295045145189	6.92129098398	0.313682700164	-0.140606773272	631
50	0.25	0.25	0.0	6.30000405329	0.208811029464	-0.794438461498	6.6044316149	0.789498919823	-0.718265373589	632
50	0.25	0.5	0.0	5.82073886223	0.7673355353	-1.09298904548	6.14673770307	1.44848145235	-1.00677132707	633
50	0.25	0.75	0.0	5.22256956866	1.28686258691	-1.23743655943	5.56841789898	2.09229658343	-1.12376685109	634
50	0.25	1.0	0.0	4.53887971247	1.64126806199	-1.27452066565	4.88968085312	2.52261059877	-1.186894163	635
50	0.5	0.0	0.0	6.6288778325	-0.28376540154	-0.302389214158	6.92784319348	0.274916160651	-0.15544811456	636
50	0.5	0.25	0.0	6.29051014497	0.116263715726	-0.863104289919	6.60516824423	0.682384116814	-0.833723836953	637
50	0.5	0.5	0.0	5.7842968821	0.632836234815	-1.21885408661	6.13275794259	1.2906281731	-1.21628477181	638
50	0.5	0.75	0.0	5.16174410415	1.12602980006	-1.40825510289	5.54220546842	1.90249881775	-1.41150881995	639
50	0.5	1.0	0.0	4.47435787137	1.45592205577	-1.46992383741	4.86510400154	2.32084653901	-1.5277738822	640
50	0.75	0.0	0.0	6.63077406303	-0.308395044005	-0.306777676049	6.93439540297	0.232698571908	-0.167333848768	641
50	0.75	0.25	0.0	6.28057183458	0.0171539646031	-0.898958934577	6.60351106053	0.568883582642	-0.910615790135	642
50	0.75	0.5	0.0	5.7501796801	0.482026662255	-1.30485510328	6.11550624158	1.1148967381	-1.38444814395	643
50	0.75	0.75	0.0	5.10655053961	0.93787785057	-1.54731219516	5.5139844024	1.68174695612	-1.67033619985	644
50	0.75	1.0	0.0	4.41663735309	1.23636233117	-1.64917622322	4.84254899928	2.0804431545	-1.84978524747	645
50	1.0	0.0	0.0	6.631635986	-0.330971	-0.313171	6.93737368002	0.202128094878	-0.177135023773	646
50	1.0	0.25	0.0	6.27371182116	-0.0918108601897	-0.921949023169	6.59957430314	0.435510979176	-0.969420374918	647
50	1.0	0.5	0.0	5.72886338187	0.325780154764	-1.35287743179	6.09915324223	0.923727116666	-1.50281566035	648
50	1.0	0.75	0.0	5.0742370639	0.757833879836	-1.62813388751	5.48933641481	1.46398685751	-1.84718596892	649
50	1.0	1.0	0.0	4.386979263	1.04038215	-1.769896052	4.82334973836	1.85350055189	-2.07239638948	650
53	0.0	0.0	0.0	6.631635986	-0.330971	-0.313171	6.93737368002	0.202128094878	-0.177135023773	651
53	0.0	0.25	0.0	6.27371182116	-0.0918108601897	-0.921949023169	6.59957430314	0.435510979176	-0.969420374918	652
53	0.0	0.5	0.0	5.72886338187	0.325780154764	-1.35287743179	6.09915324223	0.923727116666	-1.50281566035	653
53	0.0	0.75	0.0	5.0742370639	0.757833879836	-1.62813388751	5.48933641481	1.46398685751	-1.84718596892	654
53	0.0	1.0	0.0	4.386979263	1.04038215	-1.769896052	4.82334973836	1.85350055189	-2.07239638948	655
53	0.25	0.0	0.0	6.62518750366	-0.352810637952	-0.316918095807	6.9367825686	0.178196716216	-0.185604214159	656
53	0.25	0.25	0.0	6.26044645358	-0.254009245227	-0.92466071906	6.59180316622	0.225447780662	-1.00011334964	657
53	0.25	0.5	0.0	5.70100952011	0.0415913439448	-1.36738397286	6.07510532535	0.561862805059	-1.59943119296	658
53	0.25	0.75	0.0	5.04140973277	0.378251905952	-1.67726734991	5.45640329978	0.987489797311	-2.02754235539	659
53	0.25	1.0	0.0	4.37618012105	0.600233217183	-1.88649034292	4.8054113433	1.30237676532	-2.32843144823	660
53	0.5	0.0	0.0	6.6110008425	-0.37358423516	-0.310125145781	6.93548212349	0.152821289445	-0.189199872208	661
53	0.5	0.25	0.0	6.24253359786	-0.422435297714	-0.88442091463	6.58956311437	0.00905104689357	-0.947994074438	662
53	0.5	0.5	0.0	5.67099934294	-0.277122651555	-1.32773678726	6.06570938269	0.157709663136	-1.58714331057	663
53	0.5	0.75	0.0	5.01062400165	-0.0768511102556	-1.66527893808	5.44820057731	0.41483216829	-2.0983855793	664
53	0.5	1.0	0.0	4.37563349788	0.0391745126083	-1.92225354146	4.82131634712	0.596453592475	-2.47345887937	665
53	0.75	0.0	0.0	6.59681418134	-0.393202964789	-0.296508622865	6.93418167837	0.128600730254	-0.185971957367	666
53	0.75	0.25	0.0	6.2273996507	-0.58206939301	-0.815373637994	6.59348364669	-0.183529903324	-0.838125971082	667
53	0.75	0.5	0.0	5.64815122315	-0.587077590064	-1.24926612071	6.07474009615	-0.22303207098	-1.48634405049	668
53	0.75	0.75	0.0	4.98894670768	-0.530847590164	-1.60518990692	5.46936190588	-0.147049573707	-2.0596605715	669
53	0.75	1.0	0.0	4.37966391327	-0.53599942752	-1.89014883253	4.86875995504	-0.112726212499	-2.48710991005	670
53	1.0	0.0	0.0	6.590365699	-0.411578	-0.279785	6.93359056695	0.108133954333	-0.173970429082	671
53	1.0	0.25	0.0	6.22247100883	-0.717891906473	-0.731662917265	6.60419426229	-0.322145751189	-0.695572461359	672
53	1.0	0.5	0.0	5.64178353354	-0.844989229915	-1.14730221893	6.10597214762	-0.514662159165	-1.31742545005	673
53	1.0	0.75	0.0	4.98344468798	-0.907109955149	-1.51002151138	5.52452094395	-0.591218972842	-1.91131226284	674
53	1.0	1.0	0.0	4.382595887	-1.018494067	-1.803139401	4.94543737226	-0.673619895466	-2.34901576744	675
54	0.0	0.0	0.0	6.590365699	-0.411578	-0.279785	6.93359056695	0.108133954333	-0.173970429082	676
54	0.0	0.25	0.0	6.22247100883	-0.717891906473	-0.731662917265	6.60419426229	-0.322145751189	-0.695572461359	677
54	0.0	0.5	0.0	5.64178353354	-0.844989229915	-1.14730221893	6.10597214762	-0.514662159165	-1.31742545005	678
54	0.0	0.75	0.0	4.98344468798	-0.907109955149	-1.51002151138	5.52452094395	-0.591218972842	-1.91131226284	679
54	0.0	1.0	0.0	4.382595887	-1.018494067	-1.803139401	4.94543737226	-0.673619895466	-2.34901576744	680
54	0.25	0.0	0.0	6.59706370681	-0.426479485767	-0.262317991294	6.94078841566	0.0912061019174	-0.141516253608	681
54	0.25	0.25	0.0	6.24250800393	-0.846126597145	-0.635118356401	6.62596485156	-0.440055400763	-0.528944820417	682
54	0.25	0.5	0.0	5.68671687621	-1.10942623725	-1.00226160049	6.1562702818	-0.791414307708	-1.04349222126	683
54	0.25	0.75	0.0	5.05058660666	-1.30432570476	-1.33321228421	5.60295120183	-1.02843055433	-1.55442885892	684
54	0.25	1.0	0.0	4.45501347829	-1.51877229838	-1.5974349682	5.0372541071	-1.21666407602	-1.93102513618	685
54	0.5	0.0	0.0	6.611799324	-0.436755598079	-0.243158762234	6.95662368282	0.0764719829794	-0.0893852576608	686
54	0.5	0.25	0.0	6.28145162369	-0.969522370294	-0.518878643863	6.65297324323	-0.558769282047	-0.335384974513	687
54	0.5	0.5	0.0	5.77488888357	-1.39086853133	-0.801749364428	6.20420121182	-1.08174851582	-0.666233588369	688
54	0.5	0.75	0.0	5.18571029406	-1.73976419214	-1.05965103711	5.67045516879	-1.49277138868	-1.0031851842	689
54	0.5	1.0	0.0	4.60751504555	-2.05517946366	-1.26046377509	5.11188269435	-1.792143571	-1.26749384698	690
54	0.75	0.0	0.0	6.62653494119	-0.442791161351	-0.222154152058	6.97245894998	0.0659784130808	-0.0354088805958	691
54	0.75	0.25	0.0	6.31576244169	-1.05909650965	-0.385091340813	6.67370754873	-0.641267753011	-0.124357308571	692
54	0.75	0.5	0.0	5.85214216019	-1.60696553267	-0.564063773026	6.23598866564	-1.29378948862	-0.249458887174	693
54	0.75	0.75	0.0	5.30522493096	-2.08119978503	-0.73059517085	5.71361029054	-1.84054794359	-0.391205122599	694
54	0.75	1.0	0.0	4.74456158829	-2.47660082135	-0.856209256438	5.16088041325	-2.23050426778	-0.530087521038	695
54	1.0	0.0	0.0	6.633232949	-0.444971	-0.199151	6.97965679869	0.0617722077832	0.00258143822942	696
54	1.0	0.25	0.0	6.32190103156	-1.08586629894	-0.235904008413	6.67665587949	-0.650531171625	0.0946737924837	697
54	1.0	0.5	0.0	5.86431931062	-1.67536666176	-0.307503088563	6.23785637124	-1.33566193122	0.143022546532	698
54	1.0	0.75	0.0	5.32553969813	-2.1964068512	-0.387302086181	5.71899401279	-1.9280666867	0.147887441983	699
54	1.0	1.0	0.0	4.770614106	-2.63192163	-0.448654847	5.17580454302	-2.36219205375	0.109528220448	700
57	0.0	0.0	0.0	6.633232949	-0.444971	-0.199151	6.97965679869	0.0617722077832	0.00258143822942	701
57	0.0	0.25	0.0	6.32190103156	-1.08586629894	-0.235904008413	6.67665587949	-0.650531171625	0.0946737924837	702
57	0.0	0.5	0.0	5.86431931062	-1.67536666176	-0.307503088563	6.23785637124	-1.33566193122	0.143022546532	703
57	0.0	0.75	0.0	5.32553969813	-2.1964068512	-0.387302086181	5.71899401279	-1.9280666867	0.147887441983	704
57	0.0	1.0	0.0	4.770614106	-2.63192163	-0.448654847	5.17580454302	-2.36219205375	0.109528220448	705
57	0.25	0.0	0.0	6.62705603244	-0.443166236584	-0.176316614424	6.97459727925	0.0667449228705	0.0392949607204	706
57	0.25	0.25	0.0	6.28972899336	-1.04749971877	-0.105070164904	6.65217157741	-0.603391390316	0.282710099867	707
57	0.25	0.5	0.0	5.79420984351	-1.59167600167	-0.107016725614	6.18963279819	-1.23768383952	0.437231276585	708
57	0.25	0.75	0.0	5.2244316018	-2.07010808406	-0.137903204611	5.65332849884	-1.78581086799	0.522932574455	709
57	0.25	1.0	0.0	4.66432728711	-2.47720896476	-0.153476509953	5.10960623661	-2.19745091897	0.559888077057	710
57	0.5	0.0	0.0	6.613466816	-0.437001777756	-0.155224109174	6.96346633649	0.0798788753759	0.0909215671839	711
57	0.5	0.25	0.0	6.23577240587	-0.967182509121	0.00375646052607	6.60849551974	-0.534921106758	0.442513773876	712
57	0.5	0.5	0.0	5.67926200347	-1.42069744473	0.0550358175987	6.10023009899	-1.08496458003	0.698221952521	713
57	0.5	0.75	0.0	5.05812161792	-1.80594861222	0.0670683539122	5.5229673857	-1.54493564749	0.882649876233	714
57	0.5	1.0	0.0	4.48653725837	-2.13133803923	0.108308461335	4.96100469131	-1.8895184122	1.02040131813	715
57	0.75	0.0	0.0	6.59987759956	-0.426475430049	-0.135948299337	6.95233539374	0.0973747167592	0.140731478234	716
57	0.75	0.25	0.0	6.183656334	-0.860801814788	0.0946687623239	6.56426656028	-0.447974732456	0.575236287238	717
57	0.75	0.5	0.0	5.56927991324	-1.20260922156	0.183582233575	6.00820215319	-0.903560124674	0.916190374703	718
57	0.75	0.75	0.0	4.89628535256	-1.47607935139	0.225823362756	5.38446126378	-1.26636316609	1.18778707595	719
57	0.75	1.0	0.0	4.30420966719	-1.70539390532	0.316423398205	4.79336298333	-1.5333655629	1.41421972629	720
57	1.0	0.0	0.0	6.593700683	-0.411585	-0.118564	6.9472758743	0.11543309848	0.171994914486	721
57	1.0	0.25	0.0	6.15700584262	-0.744244780573	0.171759634936	6.53812355282	-0.345406678916	0.682029112679	722
57	1.0	0.5	0.0	5.5140676956	-0.97758956275	0.283550214816	5.95210284035	-0.719526445367	1.0813323435	723
57	1.0	0.75	0.0	4.80859841177	-1.1526512173	0.336572595288	5.29436072351	-1.01101556465	1.39909190222	724
57	1.0	1.0	0.0	4.184310161	-1.310461615	0.450591632	4.67004418891	-1.22396340054	1.66449508415	725
58	0.0	0.0	0.0	6.593700683	-0.411585	-0.118564	6.9472758743	0.11543309848	0.171994914486	726
58	0.0	0.25	0.0	6.15700584262	-0.744244780573	0.171759634936	6.53812355282	-0.345406678916	0.682029112679	727
58	0.0	0.5	0.0	5.5140676956	-0.97758956275	0.283550214816	5.95210284035	-0.719526445367	1.0813323435	728
58	0.0	0.75	0.0	4.80859841177	-1.1526512173	0.336572595288	5.29436072351	-1.01101556465	1.39909190222	729
58	0.0	1.0	0.0	4.184310161	-1.310461615	0.450591632	4.67004418891	-1.22396340054	1.66449508415	730
58	0.25	0.0	0.0	6.59693733019	-0.393674134827	-0.102765158988	6.94682274801	0.138212943867	0.188119795297	731
58	0.25	0.25	0.0	6.1571321081	-0.61197492839	0.245033042135	6.52939606208	-0.212420097083	0.775747073752	732
58	0.25	0.5	0.0	5.51181157254	-0.721696116456	0.38548928919	5.93198656088	-0.477317235234	1.21845077353	733
58	0.25	0.75	0.0	4.79357604735	-0.786792332363	0.450456048589	5.25835770713	-0.676760741161	1.55606420975	734
58	0.25	1.0	0.0	4.13502585638	-0.871218209451	0.571785786745	4.61227296353	-0.831032885437	1.82842069751	735
58	0.5	0.0	0.0	6.604057954	-0.373402086356	-0.0893186160762	6.94582587018	0.169196748812	0.202283625766	736
58	0.5	0.25	0.0	6.16752178336	-0.46070634498	0.314897795574	6.52604011994	-0.045480627518	0.857720133643	737
58	0.5	0.5	0.0	5.5288672795	-0.430523806362	0.496767374412	5.92591150114	-0.153075205835	1.33528325017	738
58	0.5	0.75	0.0	4.80884930156	-0.36698982336	0.585662571857	5.2486068087	-0.210900903184	1.68770369539	739
58	0.5	1.0	0.0	4.12822270872	-0.354239748835	0.710955839325	4.59729283755	-0.27627163661	1.96771218932	740
58	0.75	0.0	0.0	6.61117857781	-0.352067994706	-0.0821465151261	6.94482899235	0.201242596934	0.210173014274	741
58	0.75	0.25	0.0	6.1858198668	-0.3074567225	0.36550353823	6.5292671691	0.133685208964	0.907892320153	742
58	0.75	0.5	0.0	5.56660765758	-0.144082770676	0.589621523151	5.93549046338	0.197842041842	1.40645198284	743
58	0.75	0.75	0.0	4.85713357326	0.0398084557966	0.7043348644	5.26115775852	0.294987110141	1.76627204693	744
58	0.75	1.0	0.0	4.16098923695	0.145971551949	0.823770986743	4.60392793789	0.326394428432	2.04777255701	745
58	1.0	0.0	0.0	6.614415225	-0.330971	-0.085171	6.94437586606	0.227208571855	0.207474569199	746
58	1.0	0.25	0.0	6.20967135681	-0.169243753109	0.380999913081	6.54028865224	0.303350891546	0.906207661084	747
58	1.0	0.5	0.0	5.62640554789	0.0976168523927	0.636288788073	5.96233624983	0.520076906808	1.40657918094	748
58	1.0	0.75	0.0	4.94114426128	0.366654651198	0.768615625528	5.29206028688	0.749326459675	1.76403095214	749
58	1.0	1.0	0.0	4.23041396	0.534913478	0.865900426	4.61100239148	0.863039392182	2.03400479804	750
61	0.0	0.0	0.0	6.614415225	-0.330971	-0.085171	6.94437586606	0.227208571855	0.207474569199	751
61	0.0	0.25	0.0	6.20967135681	-0.169243753109	0.380999913081	6.54028865224	0.303350891546	0.906207661084	752
61	0.0	0.5	0.0	5.62640554789	0.0976168523927	0.636288788073	5.96233624983	0.520076906808	1.40657918094	753
61	0.0	0.75	0.0	4.94114426128	0.366654651198	0.768615625528	5.29206028688	0.749326459675	1.76403095214	754
61	0.0	1.0	0.0	4.23041396	0.534913478	0.865900426	4.61100239148	0.863039392182	2.03400479804	755
61	0.25	0.0	0.0	6.61708164281	-0.308198531676	-0.09158817374	6.94441355978	0.252686972266	0.193222444764	756
61	0.25	0.25	0.0	6.22940781101	-0.0696033951982	0.368709486737	6.55389070739	0.424475879475	0.873787128244	757
61	0.25	0.5	0.0	5.67598543454	0.245490023165	0.622102266604	5.99725321623	0.716277259394	1.34972321979	758
61	0.25	0.75	0.0	5.01722520024	0.544061108143	0.749454535544	5.34290969382	1.00166667873	1.68195687691	759
61	0.25	1.0	0.0	4.31353779496	0.733089244463	0.831630663245	4.65926874765	1.15421970419	1.9314142571	760
61	0.5	0.0	0.0	6.622947762	-0.283627088598	-0.0958402955884	6.94449648596	0.283211465937	0.171733431386	761
61	0.5	0.25	0.0	6.25552340272	0.0250866228855	0.344843291398	6.57308351926	0.541598246192	0.824828254177	762
61	0.5	0.5	0.0	5.73992130896	0.402071862063	0.574627213586	6.05126098188	0.922668795781	1.24776464091	763
61	0.5	0.75	0.0	5.12020728013	0.750711644793	0.680201067849	5.43171274121	1.28744619272	1.52395087387	764
61	0.5	1.0	0.0	4.44044711564	0.974388986937	0.748254451058	4.76712266461	1.49695351502	1.73679523534	765
61	0.75	0.0	0.0	6.62881388119	-0.26257435122	-0.103106019643	6.94457941215	0.310217253907	0.147230815802	766
61	0.75	0.25	0.0	6.2819792571	0.116666858565	0.292324760135	6.59285274589	0.657353070914	0.738737000716	767
61	0.75	0.5	0.0	5.80413952125	0.549616639409	0.489351930532	6.10708426551	1.11926851072	1.10362272385	768
61	0.75	0.75	0.0	5.22169537646	0.940511609354	0.574081789275	5.52379574673	1.55207665651	1.33068136702	769
61	0.75	1.0	0.0	4.56104752549	1.19358838644	0.632620634093	4.87950896529	1.81189059146	1.50870631206	770
61	1.0	0.0	0.0	6.631480299	-0.250358	-0.118564	6.94461710587	0.325139537214	0.123937884749	771
61	1.0	0.25	0.0	6.30273649934	0.206977869264	0.194077326021	6.60818404531	0.774375432862	0.594919329692	772
61	1.0	0.5	0.0	5.85456642157	0.670378625527	0.361764718952	6.14744778584	1.28609339898	0.920216748155	773
61	1.0	0.75	0.0	5.29329436476	1.06736635003	0.444323266656	5.58448502808	1.74096972498	1.14281678036	774
61	1.0	1.0	0.0	4.625244628	1.325463124	0.501578057	4.94137247264	2.01968070032	1.30570606652	775
62	0.0	0.0	0.0	6.631480299	-0.250358	-0.118564	6.94461710587	0.325139537214	0.123937884749	776
62	0.0	0.25	0.0	6.30273649934	0.206977869264	0.194077326021	6.60818404531	0.774375432862	0.594919329692	777
62	0.0	0.5	0.0	5.85456642157	0.670378625527	0.361764718952	6.14744778584	1.28609339898	0.920216748155	778
62	0.0	0.75	0.0	5.29329436476	1.06736635003	0.444323266656	5.58448502808	1.74096972498	1.14281678036	779
62	0.0	1.0	0.0	4.625244628	1.325463124	0.501578057	4.94137247264	2.01968070032	1.30570606652	780
62	0.25	0.0	0.0	6.63423896369	-0.241862533882	-0.138723664459	6.94294104095	0.337264591257	0.0999433079281	781
62	0.25	0.25	0.0	6.31325792688	0.274888768734	0.0944197031292	6.61234382243	0.866409122057	0.458174409491	782
62	0.25	0.5	0.0	5.87961266568	0.7452235677	0.225148808805	6.16412222706	1.40293248363	0.738140272907	783
62	0.25	0.75	0.0	5.32261919607	1.12758549766	0.291926288581	5.60900058721	1.85719073776	0.944497378797	784
62	0.25	1.0	0.0	4.63159353401	1.38041819327	0.333214778466	4.95770323527	2.13953994624	1.08190220779	785
62	0.5	0.0	0.0	6.640308026	-0.230750059141	-0.158453165927	6.93925369811	0.356362159432	0.0717769992628	786
62	0.5	0.25	0.0	6.31742410012	0.313244228666	0.0151288952101	6.6080732198	0.924901527751	0.357138570512	787
62	0.5	0.5	0.0	5.88779139237	0.788102987797	0.0859212064656	6.16883819945	1.48699272739	0.557230889746	788
62	0.5	0.75	0.0	5.3297859782	1.16848409764	0.0992098141864	5.62285572951	1.95997560279	0.688359780982	789
62	0.5	1.0	0.0	4.62178393301	1.4290454376	0.10028076472	4.97143290246	2.26118999842	0.76683106824	790
62	0.75	0.0	0.0	6.64637708831	-0.22109480483	-0.178385084432	6.93556635528	0.374002507177	0.0434082735611	791
62	0.75	0.25	0.0	6.31702729095	0.333598993607	-0.0778131217841	6.60132079208	0.963120229615	0.239260425538	792
62	0.75	0.5	0.0	5.88234125065	0.813166140505	-0.071376913134	6.1655726078	1.54603284364	0.355153948125	793
62	0.75	0.75	0.0	5.31900986023	1.19920768022	-0.109389629934	5.62545042557	2.04110050119	0.414706734782	794
62	0.75	1.0	0.0	4.6037240125	1.47332465712	-0.142164443637	4.97808286851	2.36668335422	0.441536678972	795
62	1.0	0.0	0.0	6.649135753	-0.216971	-0.199152	6.93389029036	0.381755899932	0.0188064456312	796
62	1.0	0.25	0.0	6.31385977124	0.347507808106	-0.218424371901	6.59803509392	0.994332807324	0.0519885873513	797
62	1.0	0.5	0.0	5.8665008895	0.834562280512	-0.26220437506	6.15830235691	1.58781154577	0.109574797496	798
62	1.0	0.75	0.0	5.29450599126	1.22890177566	-0.309435517188	5.61618464598	2.09234161407	0.163840988068	799
62	1.0	1.0	0.0	4.58532196	1.515235652	-0.339061306	4.97317452775	2.43807251103	0.187063071071	800
