Elem	xi[0]	xi[1]	xi[2]	Y[0]	Y[1]	Y[2]	y[0]	y[1]	y[2]	Index
1	0.0	0.0	0.0	0.36984638	2.592769335	-0.213607145	0.454322239087	1.80372284478	0.141773075735	1
1	0.0	0.25	0.0	-0.200969533618	2.46870281306	-0.226010336661	-0.156386398846	1.63851937051	0.171409043325	2
1	0.0	0.5	0.0	-0.749561932055	2.24343033945	-0.285737968059	-0.765914325364	1.45242690293	0.181910089982	3
1	0.0	0.75	0.0	-1.32382101946	1.95755290362	-0.365439214428	-1.37181377943	1.26189877607	0.195579237188	4
1	0.0	1.0	0.0	-1.971637	1.651671495	-0.437763251	-1.971637	1.08338832395	0.234719506422	5
1	0.25	0.0	0.0	0.350155870997	2.48882805073	-0.424242726788	0.434611607006	1.79208146343	-0.214942823417	6
1	0.25	0.25	0.0	-0.204278654922	2.3840687262	-0.447956375	-0.171464530912	1.62829294192	-0.199031988022	7
1	0.25	0.5	0.0	-0.738718546114	2.17159860178	-0.528853009726	-0.770495820995	1.44810471775	-0.208362666465	8
1	0.25	0.75	0.0	-1.3091694465	1.90793709222	-0.608471375825	-1.36853554883	1.27291943321	-0.199152130457	9
1	0.25	1.0	0.0	-1.971637	1.64960361228	-0.628350218159	-1.971637	1.1241397306	-0.127617651708	10
1	0.5	0.0	0.0	0.311078018065	2.26861295899	-0.639175175479	0.393361674173	1.72906996239	-0.643965887732	11
1	0.5	0.25	0.0	-0.213976445235	2.16082205654	-0.700771013462	-0.197921503395	1.56515142264	-0.664305317044	12
1	0.5	0.5	0.0	-0.742140166209	1.97190013718	-0.807996528761	-0.78450941503	1.39724853112	-0.690355025838	13
1	0.5	0.75	0.0	-1.31437354956	1.74485780486	-0.904514699587	-1.37341145061	1.23804867352	-0.703361948181	14
1	0.5	1.0	0.0	-1.971637	1.52270566351	-0.933988504152	-1.971637	1.10023923552	-0.684573018142	15
1	0.75	0.0	0.0	0.271680920351	2.0063446325	-0.84295448768	0.356537360315	1.63750830872	-1.06360797701	16
1	0.75	0.25	0.0	-0.230128370234	1.88284443122	-0.945730617141	-0.220868887733	1.46941144978	-1.125985355	17
1	0.75	0.5	0.0	-0.763325411873	1.72192873082	-1.07415741963	-0.802525537906	1.3153822373	-1.16187840459	18
1	0.75	0.75	0.0	-1.33984876749	1.53271377488	-1.18731299099	-1.38669432905	1.17042274875	-1.19911077292	19
1	0.75	1.0	0.0	-1.971637	1.32431580698	-1.24427542707	-1.971637	1.02953506158	-1.2655061071	20
1	1.0	0.0	0.0	0.251032677	1.776243644	-1.02013066	0.350103585157	1.5402164695	-1.39218095105	21
1	1.0	0.25	0.0	-0.252799895598	1.63401747737	-1.14411155113	-0.22541825536	1.36138966045	-1.48564651314	22
1	1.0	0.5	0.0	-0.805772902637	1.49927816785	-1.27832457681	-0.819114620061	1.21802973053	-1.52074421919	23
1	1.0	0.75	0.0	-1.38601053911	1.33590373566	-1.39061005533	-1.40863702844	1.08317791063	-1.56845916161	24
1	1.0	1.0	0.0	-1.971637	1.107772201	-1.448808305	-1.971637	0.929875431669	-1.69977643281	25
2	0.0	0.0	0.0	0.251032677	1.776243644	-1.02013066	0.350103585157	1.5402164695	-1.39218095105	26
2	0.0	0.25	0.0	-0.252799895598	1.63401747737	-1.14411155113	-0.22541825536	1.36138966045	-1.48564651314	27
2	0.0	0.5	0.0	-0.805772902637	1.49927816785	-1.27832457681	-0.819114620061	1.21802973053	-1.52074421919	28
2	0.0	0.75	0.0	-1.38601053911	1.33590373566	-1.39061005533	-1.40863702844	1.08317791063	-1.56845916161	29
2	0.0	1.0	0.0	-1.971637	1.107772201	-1.448808305	-1.971637	0.929875431669	-1.69977643281	30
2	0.25	0.0	0.0	0.224538009242	1.5258791019	-1.19798082618	0.337934890479	1.42262428247	-1.73025397596	31
2	0.25	0.25	0.0	-0.287230113165	1.37760227309	-1.32164222049	-0.231121855167	1.23564217481	-1.83166791804	32
2	0.25	0.5	0.0	-0.849141423181	1.25553974122	-1.46098968828	-0.830628680501	1.08983374691	-1.87913221806	33
2	0.25	0.75	0.0	-1.4232567693	1.10190207464	-1.56520649135	-1.42324669296	0.949131296713	-1.93464730388	34
2	0.25	1.0	0.0	-1.971637	0.858899841718	-1.58347589151	-1.971637	0.777467122166	-2.06021360334	35
2	0.5	0.0	0.0	0.174882251566	1.2330888809	-1.37394374328	0.288914815302	1.27765362043	-2.11762253525	36
2	0.5	0.25	0.0	-0.327760903773	1.09518911186	-1.49448769267	-0.257862758895	1.09265434436	-2.21181044801	37
2	0.5	0.5	0.0	-0.873062615599	0.959472917558	-1.65625132713	-0.838902624002	0.924746768343	-2.3065322342	38
2	0.5	0.75	0.0	-1.43102170673	0.794470336949	-1.76887983136	-1.42117172328	0.755005601589	-2.39433161368	39
2	0.5	1.0	0.0	-1.971637	0.568711408971	-1.74201839008	-1.971637	0.564505553299	-2.46775230628	40
2	0.75	0.0	0.0	0.129858797357	0.932990797208	-1.55867706749	0.244297645285	1.09804190082	-2.49564814195	41
2	0.75	0.25	0.0	-0.362731820913	0.81244893447	-1.67279090034	-0.283031941995	0.91768625829	-2.57656810712	42
2	0.75	0.5	0.0	-0.886633395456	0.656344844002	-1.84734294462	-0.842543895744	0.721747692481	-2.71141288684	43
2	0.75	0.75	0.0	-1.42766282293	0.47656031027	-1.96493961769	-1.4126187403	0.520914027477	-2.8253230411	44
2	0.75	1.0	0.0	-1.971637	0.284977117739	-1.90818733686	-1.971637	0.325873087361	-2.84343912987	45
2	1.0	0.0	0.0	0.11726104	0.660702667	-1.762838455	0.245337666086	0.876526541097	-2.80569230908	46
2	1.0	0.25	0.0	-0.380482418077	0.555052681717	-1.86669477619	-0.284020379918	0.695998005798	-2.87643489943	47
2	1.0	0.5	0.0	-0.898950678318	0.391422667684	-2.01749799205	-0.840159940909	0.479815416973	-3.00224279522	48
2	1.0	0.75	0.0	-1.4315375894	0.211123782309	-2.11669539263	-1.40779436492	0.266969776596	-3.10543253624	49
2	1.0	1.0	0.0	-1.971637	0.055467183	-2.065734268	-1.971637	0.0964520866442	-3.10832066232	50
5	0.0	0.0	0.0	0.11726104	0.660702667	-1.762838455	0.245337666086	0.876526541097	-2.80569230908	51
5	0.0	0.25	0.0	-0.380482418077	0.555052681717	-1.86669477619	-0.284020379918	0.695998005798	-2.87643489943	52
5	0.0	0.5	0.0	-0.898950678318	0.391422667684	-2.01749799205	-0.840159940909	0.479815416973	-3.00224279522	53
5	0.0	0.75	0.0	-1.4315375894	0.211123782309	-2.11669539263	-1.40779436492	0.266969776596	-3.10543253624	54
5	0.0	1.0	0.0	-1.971637	0.055467183	-2.065734268	-1.971637	0.0964520866442	-3.10832066232	55
5	0.25	0.0	0.0	0.133740006583	0.0178407126888	-2.11701286416	0.317075926151	0.152191144937	-3.23806456662	56
5	0.25	0.25	0.0	-0.384077659575	-0.0498406473896	-2.17353472192	-0.241147702569	-0.00972596611721	-3.27212118911	57
5	0.25	0.5	0.0	-0.91534014845	-0.158833689427	-2.21411868086	-0.822362548521	-0.188495565578	-3.29150502065	58
5	0.25	0.75	0.0	-1.44840681145	-0.280250980937	-2.22004255597	-1.40603638868	-0.352188143342	-3.2932823634	59
5	0.25	1.0	0.0	-1.971637	-0.385205089433	-2.17258416223	-1.971637	-0.468874189302	-3.27451951953	60
5	0.5	0.0	0.0	0.138445249884	-0.750195773717	-2.27200674184	0.374049618365	-0.808703277366	-3.43017011413	61
5	0.5	0.25	0.0	-0.374245719836	-0.782915672876	-2.26265699759	-0.196591877569	-0.937985831734	-3.40838692501	62
5	0.5	0.5	0.0	-0.91028512361	-0.828615177386	-2.21704661197	-0.798963333449	-1.0521282799	-3.35243115216	63
5	0.5	0.75	0.0	-1.44947990311	-0.887068565645	-2.14324929096	-1.40124996801	-1.15781670065	-3.27618165786	64
5	0.5	1.0	0.0	-1.971637	-0.958050116054	-2.04933874051	-1.971637	-1.26173717273	-3.19351730438	65
5	0.75	0.0	0.0	0.148857931493	-1.52248528051	-2.29435200211	0.42594387033	-1.79614231712	-3.40894767388	66
5	0.75	0.25	0.0	-0.349606966793	-1.52413188381	-2.22370622213	-0.153107185989	-1.88671469713	-3.3356958047	67
5	0.75	0.5	0.0	-0.885925476435	-1.51221340289	-2.11520073206	-0.773948839106	-1.93459882862	-3.23378618032	68
5	0.75	0.75	0.0	-1.43497601499	-1.5057007037	-1.97531588262	-1.39423935509	-1.97739845678	-3.10789090574	69
5	0.75	1.0	0.0	-1.971637	-1.52356465215	-1.81053202453	-1.971637	-2.0527173268	-2.96268208594	70
5	1.0	0.0	0.0	0.182459213	-2.178106296	-2.250580559	0.482443809648	-2.60011156562	-3.20133596814	71
5	1.0	0.25	0.0	-0.308781768382	-2.15344876925	-2.14632701447	-0.113447908901	-2.65384566839	-3.10451152578	72
5	1.0	0.5	0.0	-0.844401079561	-2.10391997265	-1.99749998778	-0.751305608906	-2.65942331436	-2.98433509573	73
5	1.0	0.75	0.0	-1.40511429771	-2.03251912697	-1.80524261596	-1.38580880205	-2.63841597322	-2.84217059316	74
5	1.0	1.0	0.0	-1.971637	-1.942245453	-1.570698036	-1.971637	-2.61239511467	-2.67938193327	75
6	0.0	0.0	0.0	0.182459213	-2.178106296	-2.250580559	0.482443809648	-2.60011156562	-3.20133596814	76
6	0.0	0.25	0.0	-0.308781768382	-2.15344876925	-2.14632701447	-0.113447908901	-2.65384566839	-3.10451152578	77
6	0.0	0.5	0.0	-0.844401079561	-2.10391997265	-1.99749998778	-0.751305608906	-2.65942331436	-2.98433509573	78
6	0.0	0.75	0.0	-1.40511429771	-2.03251912697	-1.80524261596	-1.38580880205	-2.63841597322	-2.84217059316	79
6	0.0	1.0	0.0	-1.971637	-1.942245453	-1.570698036	-1.971637	-2.61239511467	-2.67938193327	80
6	0.25	0.0	0.0	0.230252723417	-2.85283775477	-1.99808361867	0.540079635458	-3.34360764197	-2.65776180583	81
6	0.25	0.25	0.0	-0.265681134457	-2.79585025788	-1.89569138182	-0.0798873205912	-3.35266809283	-2.5720781055	82
6	0.25	0.5	0.0	-0.802712205142	-2.69450120522	-1.73994037835	-0.735175705208	-3.30727261389	-2.45540030485	83
6	0.25	0.75	0.0	-1.37365461793	-2.55006247358	-1.53680758389	-1.38068695389	-3.21386878843	-2.32360938367	84
6	0.25	1.0	0.0	-1.97132250212	-2.36380593977	-1.29226997409	-1.97132250212	-3.07890419976	-2.19258632172	85
6	0.5	0.0	0.0	0.26477242535	-3.56462360724	-1.46382323599	0.582526089351	-4.09190063048	-1.79217272118	86
6	0.5	0.25	0.0	-0.239162275522	-3.4772900332	-1.38331004154	-0.0548330103091	-4.05816367841	-1.7327011679	87
6	0.5	0.5	0.0	-0.778994900957	-3.30881983767	-1.25598523345	-0.724852246936	-3.94642293924	-1.63146074926	88
6	0.5	0.75	0.0	-1.35583655432	-3.0995094805	-1.09441097474	-1.37951342251	-3.78941084292	-1.52118763188	89
6	0.5	1.0	0.0	-1.97079833899	-2.88965542158	-0.911149428411	-1.97079833899	-3.61985981942	-1.4346179824	90
6	0.75	0.0	0.0	0.285607513608	-4.12290664934	-0.808176981563	0.61211477439	-4.67189814008	-0.820665204117	91
6	0.75	0.25	0.0	-0.227346034172	-4.01872757963	-0.758400713421	-0.0344085567994	-4.61273217681	-0.793529069665	92
6	0.75	0.5	0.0	-0.771800077215	-3.80192984781	-0.682601766958	-0.713845460254	-4.44951435755	-0.727292977672	93
6	0.75	0.75	0.0	-1.35162557984	-3.54474400507	-0.591107767164	-1.37600431657	-4.24558740196	-0.656863772626	94
6	0.75	1.0	0.0	-1.97069350636	-3.3194006026	-0.49424633903	-1.97069350636	-4.06429402968	-0.617148299017	95
6	1.0	0.0	0.0	0.292347183	-4.337129677	-0.191522426	0.63117729364	-4.91050777973	0.0406642554137	96
6	1.0	0.25	0.0	-0.228353253002	-4.2411223816	-0.17018111729	-0.014737538806	-4.8587733397	0.0382898325194	97
6	1.0	0.5	0.0	-0.779678644124	-4.02888521348	-0.156757192744	-0.695665571325	-4.68918693596	0.0423264611776	98
6	1.0	0.75	0.0	-1.36098716743	-3.74964990462	-0.139952939826	-1.36387574477	-4.46294373082	0.0474037592732	99
6	1.0	1.0	0.0	-1.971637	-3.452648187	-0.108470646	-1.971637	-4.24123888656	0.0481513446912	100
9	0.0	0.0	0.0	0.292347183	-4.337129677	-0.191522426	0.63117729364	-4.91050777973	0.0406642554137	101
9	0.0	0.25	0.0	-0.228353253002	-4.2411223816	-0.17018111729	-0.014737538806	-4.8587733397	0.0382898325194	102
9	0.0	0.5	0.0	-0.779678644124	-4.02888521348	-0.156757192744	-0.695665571325	-4.68918693596	0.0423264611776	103
9	0.0	0.75	0.0	-1.36098716743	-3.74964990462	-0.139952939826	-1.36387574477	-4.46294373082	0.0474037592732	104
9	0.0	1.0	0.0	-1.971637	-3.452648187	-0.108470646	-1.971637	-4.24123888656	0.0481513446912	105
9	0.25	0.0	0.0	0.275958542229	-4.13565980137	0.354026043542	0.627126687542	-4.75535148522	0.808903616423	106
9	0.25	0.25	0.0	-0.241039389398	-4.06405227566	0.350224636177	-0.0095254686458	-4.72556840067	0.777335816893	107
9	0.25	0.5	0.0	-0.793043913793	-3.88767235637	0.314996767645	-0.68866804619	-4.58293736575	0.720766663963	108
9	0.25	0.75	0.0	-1.37327740801	-3.62555304406	0.274955488013	-1.36043549103	-4.37400643294	0.665422977435	109
9	0.25	1.0	0.0	-1.97496224912	-3.29672733929	0.256713847347	-1.97496224912	-4.14532365474	0.637531577113	110
9	0.5	0.0	0.0	0.239976908244	-3.66766766206	0.948820773242	0.598520468184	-4.3491395532	1.7061858017	111
9	0.5	0.25	0.0	-0.262243735465	-3.6273940496	0.919296884787	-0.0235270586598	-4.34282231702	1.64259614862	112
9	0.5	0.5	0.0	-0.806864586867	-3.4897991205	0.853293146031	-0.7000256523	-4.23887546391	1.54982443171	113
9	0.5	0.75	0.0	-1.38318075742	-3.2765487875	0.76930796194	-1.37200314239	-4.08155233025	1.45987953693	114
9	0.5	1.0	0.0	-1.98048735858	-3.00930896332	0.685839737478	-1.98048735858	-3.91510625243	1.40477035026	115
9	0.75	0.0	0.0	0.203021630387	-3.08232467948	1.44388517357	0.558581135392	-3.80732823334	2.53054245912	116
9	0.75	0.25	0.0	-0.283681588786	-3.07795574863	1.39374944308	-0.048375203271	-3.83530494159	2.43954780625	117
9	0.75	0.5	0.0	-0.818760633163	-2.98443973015	1.30540076275	-0.717907228769	-3.78265001074	2.32627343389	118
9	0.75	0.75	0.0	-1.39012240055	-2.83406936114	1.18468427773	-1.38525880322	-3.69121856606	2.21446721181	119
9	0.75	1.0	0.0	-1.98567378876	-2.6591373787	1.03744513312	-1.98567378876	-3.60286573287	2.12787700977	120
9	1.0	0.0	0.0	0.183712058	-2.528802274	1.690242655	0.520531188996	-3.24537377527	3.08000523659	121
9	1.0	0.25	0.0	-0.297068246947	-2.56254541799	1.63029612558	-0.0757027969021	-3.3277861272	2.97366776833	122
9	1.0	0.5	0.0	-0.826352022498	-2.52076840961	1.51858843815	-0.730481614712	-3.33990978653	2.84688734001	123
9	1.0	0.75	0.0	-1.3935275223	-2.42954699118	1.36266423115	-1.38688257792	-3.30864228373	2.71287977616	124
9	1.0	1.0	0.0	-1.987983	-2.314956905	1.170068143	-1.987983	-3.2608811493	2.58486090127	125
10	0.0	0.0	0.0	0.183712058	-2.528802274	1.690242655	0.520531188996	-3.24537377527	3.08000523659	126
10	0.0	0.25	0.0	-0.297068246947	-2.56254541799	1.63029612558	-0.0757027969021	-3.3277861272	2.97366776833	127
10	0.0	0.5	0.0	-0.826352022498	-2.52076840961	1.51858843815	-0.730481614712	-3.33990978653	2.84688734001	128
10	0.0	0.75	0.0	-1.3935275223	-2.42954699118	1.36266423115	-1.38688257792	-3.30864228373	2.71287977616	129
10	0.0	1.0	0.0	-1.987983	-2.314956905	1.170068143	-1.987983	-3.2608811493	2.58486090127	130
10	0.25	0.0	0.0	0.184970362183	-1.97784601388	1.6932757932	0.496649210108	-2.60794809566	3.33532753716	131
10	0.25	0.25	0.0	-0.298793972022	-2.02084500858	1.6387718108	-0.0940006592943	-2.71295943369	3.25384692279	132
10	0.25	0.5	0.0	-0.83073784712	-1.98993851164	1.51708864272	-0.732080302571	-2.74639357715	3.14966299646	133
10	0.25	0.75	0.0	-1.39751505487	-1.91155103276	1.34710306786	-1.3764023388	-2.72856743033	3.02359766994	134
10	0.25	1.0	0.0	-1.98577938704	-1.81210708161	1.1476918651	-1.98577938704	-2.67979789756	2.87647285501	135
10	0.5	0.0	0.0	0.203309229424	-1.31628230908	1.58524695488	0.49484130399	-1.80796126804	3.44051656581	136
10	0.5	0.25	0.0	-0.284986796752	-1.35624785115	1.54523342328	-0.0964159951679	-1.90173019791	3.3984159682	137
10	0.5	0.5	0.0	-0.827154301103	-1.33213264472	1.4395746762	-0.729625580941	-1.94243824942	3.31445284692	138
10	0.5	0.75	0.0	-1.40009548917	-1.2701405022	1.29187378947	-1.36949019187	-1.94387197027	3.20037683882	139
10	0.5	1.0	0.0	-1.9807125665	-1.19647523599	1.12573383893	-1.9807125665	-1.91981790814	3.06793758076	140
10	0.75	0.0	0.0	0.248280613953	-0.629734689247	1.39825668112	0.525948603433	-0.981389996918	3.39444793495	141
10	0.75	0.25	0.0	-0.246035116991	-0.665744220107	1.37230037454	-0.0730745307564	-1.05526425115	3.38721466623	142
10	0.75	0.5	0.0	-0.803594485289	-0.651507433624	1.29871286887	-0.715548605731	-1.09658914424	3.32357236111	143
10	0.75	0.75	0.0	-1.39108507313	-0.608374316545	1.19473888613	-1.36255984266	-1.11572046438	3.22564953389	144
10	0.75	1.0	0.0	-1.97519446271	-0.557694855622	1.07762314829	-1.97519446271	-1.12301399979	3.11557469888	145
10	1.0	0.0	0.0	0.32943647	-0.003826684	1.164405513	0.600812241233	-0.264210986792	3.19599725699	146
10	1.0	0.25	0.0	-0.172327328592	-0.0463243898382	1.14259207613	-0.0141019922933	-0.334727424728	3.20008277854	147
10	1.0	0.5	0.0	-0.748051500517	-0.0522195030938	1.10716955105	-0.682280532851	-0.377391602477	3.15933700875	148
10	1.0	0.75	0.0	-1.36030005468	-0.0293113928026	1.05346084794	-1.35202499667	-0.405277473494	3.08184800626	149
10	1.0	1.0	0.0	-1.971637	0.014600572	0.976788877	-1.971637	-0.431458991232	2.97570382972	150
13	0.0	0.0	0.0	0.32943647	-0.003826684	1.164405513	0.600812241233	-0.264210986792	3.19599725699	151
13	0.0	0.25	0.0	-0.172327328592	-0.0463243898382	1.14259207613	-0.0141019922933	-0.334727424728	3.20008277854	152
13	0.0	0.5	0.0	-0.748051500517	-0.0522195030938	1.10716955105	-0.682280532851	-0.377391602477	3.15933700875	153
13	0.0	0.75	0.0	-1.36030005468	-0.0293113928026	1.05346084794	-1.35202499667	-0.405277473494	3.08184800626	154
13	0.0	1.0	0.0	-1.971637	0.014600572	0.976788877	-1.971637	-0.431458991232	2.97570382972	155
13	0.25	0.0	0.0	0.3867113612	0.388587593232	0.996248837434	0.636815875152	0.108113037799	2.95290534585	156
13	0.25	0.25	0.0	-0.124738946075	0.329015278576	0.972687714791	0.0117636797578	0.0226806729481	2.94954884212	157
13	0.25	0.5	0.0	-0.71096535738	0.297420365113	0.953151622209	-0.666078235638	-0.0302984956932	2.91129825129	158
13	0.25	0.75	0.0	-1.33780248822	0.289465281297	0.91653034426	-1.34444830295	-0.0693636734045	2.83847144343	159
13	0.25	1.0	0.0	-1.9710849541	0.300812455586	0.841713665511	-1.9710849541	-0.113054065466	2.73138628857	160
13	0.5	0.0	0.0	0.430781707382	0.808703310524	0.830081401506	0.634485824294	0.437542495615	2.61933480554	161
13	0.5	0.25	0.0	-0.0938300018127	0.734018214361	0.80023668127	0.00348506775488	0.34083677518	2.60077173925	162
13	0.5	0.5	0.0	-0.685749176459	0.683063394497	0.774750649949	-0.667970421036	0.288030129692	2.53988017588	163
13	0.5	0.75	0.0	-1.31988490916	0.638958298209	0.727285746597	-1.33960581637	0.24496127093	2.45028979704	164
13	0.5	1.0	0.0	-1.97114629253	0.584822372775	0.631504410272	-1.97114629253	0.177468910677	2.34563028429	165
13	0.75	0.0	0.0	0.468011803122	1.21690169405	0.696728220825	0.622292567433	0.735695900525	2.25725108359	166
13	0.75	0.25	0.0	-0.067761801694	1.13289164296	0.652990433817	-0.0128309148179	0.630109151349	2.22158550949	167
13	0.75	0.5	0.0	-0.662521889338	1.05655327468	0.605924726172	-0.675667017647	0.570262971559	2.13559668163	168
13	0.75	0.75	0.0	-1.30188132771	0.96870079177	0.533273026683	-1.33795971597	0.515545749974	2.02790566368	169
13	0.75	1.0	0.0	-1.9714529847	0.850148396827	0.412777264148	-1.9714529847	0.425345875411	1.92713351928	170
13	1.0	0.0	0.0	0.504765943	1.57356397	0.627014311	0.628706583342	1.0141917664	1.92861962751	171
13	1.0	0.25	0.0	-0.0346956516069	1.48984278983	0.558700430679	-0.0110773544766	0.900866070836	1.87982419241	172
13	1.0	0.5	0.0	-0.631402427604	1.36973369527	0.480631942786	-0.676877954074	0.809068727792	1.78896166765	173
13	1.0	0.75	0.0	-1.27912575405	1.22822589582	0.38203815625	-1.3399721808	0.72023815419	1.68192163993	174
13	1.0	1.0	0.0	-1.971637	1.080308601	0.25214838	-1.971637	0.615812766951	1.58459369596	175
14	0.0	0.0	0.0	0.504765943	1.57356397	0.627014311	0.628706583342	1.0141917664	1.92861962751	176
14	0.0	0.25	0.0	-0.0346956516069	1.48984278983	0.558700430679	-0.0110773544766	0.900866070836	1.87982419241	177
14	0.0	0.5	0.0	-0.631402427604	1.36973369527	0.480631942786	-0.676877954074	0.809068727792	1.78896166765	178
14	0.0	0.75	0.0	-1.27912575405	1.22822589582	0.38203815625	-1.3399721808	0.72023815419	1.68192163993	179
14	0.0	1.0	0.0	-1.971637	1.080308601	0.25214838	-1.971637	0.615812766951	1.58459369596	180
14	0.25	0.0	0.0	0.502704441854	1.88720616276	0.528341708993	0.613398362447	1.26108164637	1.57812641946	181
14	0.25	0.25	0.0	-0.041350517939	1.79052472787	0.44998255891	-0.0231129935508	1.13435007102	1.53467572149	182
14	0.25	0.5	0.0	-0.635010131172	1.62157656933	0.359033741437	-0.687025775213	1.00100035504	1.46741181232	183
14	0.25	0.75	0.0	-1.27839781836	1.42352096654	0.249449903092	-1.34698532866	0.867178696462	1.38551595464	184
14	0.25	1.0	0.0	-1.971637	1.23951719888	0.115185690392	-1.971637	0.739031293294	1.29816941113	185
14	0.5	0.0	0.0	0.455666787907	2.2288170659	0.316966391479	0.552241391717	1.5101101053	1.08898572591	186
14	0.5	0.25	0.0	-0.099264437493	2.10512689687	0.249400159528	-0.0719965266511	1.36580231479	1.06298572713	187
14	0.5	0.5	0.0	-0.68043111333	1.90176395866	0.160329780889	-0.717536118925	1.20389578538	1.02011979287	188
14	0.5	0.75	0.0	-1.30037478553	1.6568543586	0.0466995188838	-1.35915655381	1.03615195454	0.963149189565	189
14	0.5	1.0	0.0	-1.971637	1.40852420404	-0.0945463631665	-1.971637	0.874332259748	0.894835183656	190
14	0.75	0.0	0.0	0.399448820757	2.49760276233	0.0504596697265	0.485720930735	1.70856216437	0.572950345213	191
14	0.75	0.25	0.0	-0.166462434607	2.35680201816	0.00729020388631	-0.126747734757	1.54919976151	0.572611178141	192
14	0.75	0.5	0.0	-0.730877628738	2.13436037733	-0.0698155764222	-0.749976473034	1.37021723071	0.555485816393	193
14	0.75	0.75	0.0	-1.32290105331	1.85820527122	-0.175250889311	-1.36969599211	1.18258346791	0.528583048989	194
14	0.75	1.0	0.0	-1.971637	1.55626413117	-0.303408952891	-1.971637	0.997267369053	0.498911664947	195
14	1.0	0.0	0.0	0.36984638	2.592769335	-0.213607145	0.454322239087	1.80372284478	0.141773075735	196
14	1.0	0.25	0.0	-0.200969533618	2.46870281306	-0.226010336661	-0.156386398846	1.63851937051	0.171409043325	197
14	1.0	0.5	0.0	-0.749561932055	2.24343033945	-0.285737968059	-0.765914325364	1.45242690293	0.181910089982	198
14	1.0	0.75	0.0	-1.32382101946	1.95755290362	-0.365439214428	-1.37181377943	1.26189877607	0.195579237188	199
14	1.0	1.0	0.0	-1.971637	1.651671495	-0.437763251	-1.971637	1.08338832395	0.234719506422	200
17	0.0	0.0	0.0	4.58532196	1.515235652	-0.339061306	5.16901523899	2.2989822729	0.168707768295	201
17	0.0	0.25	0.0	4.03259046897	1.77657941769	-0.325144489533	4.62085320074	2.39416766958	0.170058377699	202
17	0.0	0.5	0.0	3.56705278995	2.11703004263	-0.281389719616	4.03676485793	2.37743838226	0.17560000141	203
17	0.0	0.75	0.0	3.1341936102	2.40692773925	-0.237334511391	3.45380780251	2.29509949552	0.174220400894	204
17	0.0	1.0	0.0	2.679497617	2.51661272	-0.22251638	2.90903962643	2.19345609394	0.154807337616	205
17	0.25	0.0	0.0	4.58294711116	1.57535156624	-0.518768025786	5.14428373488	2.34889152272	-0.0756139707035	206
17	0.25	0.25	0.0	4.0359331884	1.82666262721	-0.505923945461	4.59881944046	2.4413697965	-0.0849848501489	207
17	0.25	0.5	0.0	3.5525056593	2.13989309566	-0.470109192209	4.01269194072	2.41034178978	-0.0885944664459	208
17	0.25	0.75	0.0	3.10002272965	2.39732293195	-0.429986771687	3.42699365035	2.31283649503	-0.0969084077727	209
17	0.25	1.0	0.0	2.64584260523	2.48123209648	-0.404219689548	2.88281698405	2.20588290475	-0.120392262307	210
17	0.5	0.0	0.0	4.59408618062	1.65540339164	-0.737524601219	5.1171705752	2.40497395153	-0.392890003083	211
17	0.5	0.25	0.0	4.04148439511	1.88167662218	-0.727216385766	4.57076249659	2.47943392643	-0.403637323805	212
17	0.5	0.5	0.0	3.51522101607	2.14082773042	-0.692399630056	3.97221928449	2.41936512376	-0.405101996121	213
17	0.5	0.75	0.0	3.01908572993	2.33416584687	-0.64700881839	3.37179558481	2.29219166024	-0.414912100145	214
17	0.5	1.0	0.0	2.55686822309	2.363000102	-0.60497843507	2.81974604342	2.1653376526	-0.450695715985	215
17	0.75	0.0	0.0	4.60174809253	1.72021420622	-0.948621322294	5.09101685665	2.44028411113	-0.709078562679	216
17	0.75	0.25	0.0	4.04281676076	1.91797964432	-0.941383419647	4.54247174604	2.49550417541	-0.71956844759	217
17	0.75	0.5	0.0	3.47602063129	2.11706317518	-0.907553121195	3.93296173409	2.4088425341	-0.717070602697	218
17	0.75	0.75	0.0	2.93828835279	2.24188799383	-0.855526496482	3.31918220865	2.25504466112	-0.726003183132	219
17	0.75	1.0	0.0	2.46654857391	2.21687729527	-0.793699615057	2.75782855754	2.10885603043	-0.770784344022	220
17	1.0	0.0	0.0	4.588941771	1.734607088	-1.105348479	5.06916367591	2.42787655334	-0.950137883325	221
17	1.0	0.25	0.0	4.03350295702	1.91192993534	-1.1007866563	4.51973656575	2.47672465952	-0.966447625826	222
17	1.0	0.5	0.0	3.45572627601	2.06582865818	-1.07486175367	3.91253413435	2.3831081707	-0.967648301255	223
17	1.0	0.75	0.0	2.90453633998	2.14492088268	-1.02266565095	3.3001221246	2.22327516765	-0.976394163643	224
17	1.0	1.0	0.0	2.428857761	2.097824235	-0.939290228	2.73506627938	2.07347373116	-1.01533946702	225
18	0.0	0.0	0.0	2.679497617	2.51661272	-0.22251638	2.90903962643	2.19345609394	0.154807337616	226
18	0.0	0.25	0.0	2.13286081376	2.52466233703	-0.230325232095	2.32432656721	2.10099682506	0.125735370131	227
18	0.0	0.5	0.0	1.5404710555	2.56940288614	-0.232405843883	1.68759267004	2.0157014732	0.110146830223	228
18	0.0	0.75	0.0	0.94018176874	2.60678750593	-0.22731441498	1.04790290423	1.92185011942	0.113629978541	229
18	0.0	1.0	0.0	0.36984638	2.592769335	-0.213607145	0.454322239087	1.80372284478	0.141773075735	230
18	0.25	0.0	0.0	2.64584260523	2.48123209648	-0.404219689548	2.88281698405	2.20588290475	-0.120392262307	231
18	0.25	0.25	0.0	2.11211730202	2.46379089108	-0.404324666737	2.30468872711	2.11225265926	-0.162448580488	232
18	0.25	0.5	0.0	1.51958185443	2.47832053947	-0.418761876255	1.67080357186	2.01840493596	-0.204824321555	233
18	0.25	0.75	0.0	0.916255098677	2.49620495493	-0.430933751729	1.03087377844	1.91484583673	-0.228621673276	234
18	0.25	1.0	0.0	0.350155870997	2.48882805073	-0.424242726788	0.434611607006	1.79208146343	-0.214942823417	235
18	0.5	0.0	0.0	2.55686822309	2.363000102	-0.60497843507	2.81974604342	2.1653376526	-0.450695715985	236
18	0.5	0.25	0.0	2.04193064644	2.30887055969	-0.586412479262	2.24867287961	2.0647263305	-0.509628924824	237
18	0.5	0.5	0.0	1.45301684378	2.29732593107	-0.594271137395	1.61908830479	1.96693683573	-0.568968835095	238
18	0.5	0.75	0.0	0.854581179516	2.29502160217	-0.616032629468	0.983236506971	1.85928082684	-0.617489728747	239
18	0.5	1.0	0.0	0.311078018065	2.26861295899	-0.639175175479	0.393361674173	1.72906996239	-0.643965887732	240
18	0.75	0.0	0.0	2.46654857391	2.21687729527	-0.793699615057	2.75782855754	2.10885603043	-0.770784344022	241
18	0.75	0.25	0.0	1.96782908894	2.13168726143	-0.752012688192	2.19120274944	1.99993905576	-0.841312984543	242
18	0.75	0.5	0.0	1.38287250523	2.09694554068	-0.750474816438	1.56566768756	1.89686578689	-0.912553223158	243
18	0.75	0.75	0.0	0.791037042468	2.06953653153	-0.782863062149	0.935890261367	1.78195070936	-0.986114930452	244
18	0.75	1.0	0.0	0.271680920351	2.0063446325	-0.84295448768	0.356537360315	1.63750830872	-1.06360797701	245
18	1.0	0.0	0.0	2.428857761	2.097824235	-0.939290228	2.73506627938	2.07347373116	-1.01533946702	246
18	1.0	0.25	0.0	1.93534087146	2.00402691487	-0.876549312055	2.16720206132	1.95941205205	-1.08300808131	247
18	1.0	0.5	0.0	1.35124532047	1.94770584801	-0.878914102522	1.54376253891	1.84376040384	-1.16584399851	248
18	1.0	0.75	0.0	0.761499718746	1.8860488269	-0.931677063728	0.919734213176	1.70965110388	-1.26763802097	249
18	1.0	1.0	0.0	0.251032677	1.776243644	-1.02013066	0.350103585157	1.5402164695	-1.39218095105	250
19	0.0	0.0	0.0	4.588941771	1.734607088	-1.105348479	5.06916367591	2.42787655334	-0.950137883325	251
19	0.0	0.25	0.0	4.03350295702	1.91192993534	-1.1007866563	4.51973656575	2.47672465952	-0.966447625826	252
19	0.0	0.5	0.0	3.45572627601	2.06582865818	-1.07486175367	3.91253413435	2.3831081707	-0.967648301255	253
19	0.0	0.75	0.0	2.90453633998	2.14492088268	-1.02266565095	3.3001221246	2.22327516765	-0.976394163643	254
19	0.0	1.0	0.0	2.428857761	2.097824235	-0.939290228	2.73506627938	2.07347373116	-1.01533946702	255
19	0.25	0.0	0.0	4.53887971247	1.64126806199	-1.27452066565	5.040355883	2.31107970195	-1.23345054293	256
19	0.25	0.25	0.0	3.99862965259	1.79443100884	-1.27132381598	4.4939524053	2.36876553399	-1.27244795125	257
19	0.25	0.5	0.0	3.43127535868	1.90673904661	-1.25287579287	3.8944201927	2.29599279901	-1.2979713654	258
19	0.25	0.75	0.0	2.88538945709	1.95122969787	-1.20305768477	3.28901326359	2.15910099513	-1.32102273153	259
19	0.25	1.0	0.0	2.40954457419	1.90094048517	-1.10575058014	2.72498563635	2.02442962047	-1.3526039958	260
19	0.5	0.0	0.0	4.47435787137	1.45592205577	-1.46992383741	5.00740033476	2.10748418369	-1.58238244864	261
19	0.5	0.25	0.0	3.94930580997	1.57998091378	-1.46213975295	4.46627156975	2.1772472544	-1.64542066868	262
19	0.5	0.5	0.0	3.38512499636	1.65860986584	-1.42611789106	3.8622397774	2.13701042437	-1.68860666718	263
19	0.5	0.75	0.0	2.83646455333	1.67454480279	-1.3631056818	3.25095249864	2.0344300617	-1.72428398681	264
19	0.5	1.0	0.0	2.35797360368	1.61052161543	-1.27435055523	2.6880572744	1.91716253448	-1.76479617026	265
19	0.75	0.0	0.0	4.41663735309	1.23636233117	-1.64917622322	4.98105157178	1.8682402537	-1.91345386807	266
19	0.75	0.25	0.0	3.90705862442	1.33173524331	-1.64353646075	4.4459546353	1.94705949977	-2.00213962468	267
19	0.75	0.5	0.0	3.34726770987	1.37996849755	-1.59180877895	3.83617691254	1.93347700084	-2.06319759919	268
19	0.75	0.75	0.0	2.79623976836	1.37013706274	-1.5193561229	3.2176197927	1.85927843814	-2.11368901017	269
19	0.75	1.0	0.0	2.31294995882	1.29131590773	-1.4515414377	2.656184665	1.75624949291	-2.17067507623	270
19	1.0	0.0	0.0	4.386979263	1.04038215	-1.769896052	4.97206413466	1.64449816714	-2.14318506885	271
19	1.0	0.25	0.0	3.8934152912	1.11284959056	-1.78581593295	4.44226217816	1.72309194914	-2.25937866581	272
19	1.0	0.5	0.0	3.34769602001	1.1293423234	-1.74716918726	3.83641562219	1.71270848248	-2.34538755399	273
19	1.0	0.75	0.0	2.80319324182	1.09327734304	-1.68835548894	3.22069510872	1.64366219523	-2.41674888228	274
19	1.0	1.0	0.0	2.313278749	1.008071644	-1.643774512	2.66127127967	1.54626751546	-2.48899979956	275
20	0.0	0.0	0.0	2.428857761	2.097824235	-0.939290228	2.73506627938	2.07347373116	-1.01533946702	276
20	0.0	0.25	0.0	1.93534087146	2.00402691487	-0.876549312055	2.16720206132	1.95941205205	-1.08300808131	277
20	0.0	0.5	0.0	1.35124532047	1.94770584801	-0.878914102522	1.54376253891	1.84376040384	-1.16584399851	278
20	0.0	0.75	0.0	0.761499718746	1.8860488269	-0.931677063728	0.919734213176	1.70965110388	-1.26763802097	279
20	0.0	1.0	0.0	0.251032677	1.776243644	-1.02013066	0.350103585157	1.5402164695	-1.39218095105	280
20	0.25	0.0	0.0	2.40954457419	1.90094048517	-1.10575058014	2.72498563635	2.02442962047	-1.3526039958	281
20	0.25	0.25	0.0	1.91197188519	1.81368863027	-1.03166408453	2.14954606105	1.90619912216	-1.40803072394	282
20	0.25	0.5	0.0	1.32793630482	1.74468467823	-1.04223737959	1.52233264577	1.77117735091	-1.49173323427	283
20	0.25	0.75	0.0	0.738453217897	1.66004328384	-1.10762483644	0.899683039316	1.61233037993	-1.6002836204	284
20	0.25	1.0	0.0	0.224538009242	1.5258791019	-1.19798082618	0.337934890479	1.42262428247	-1.73025397596	285
20	0.5	0.0	0.0	2.35797360368	1.61052161543	-1.27435055523	2.6880572744	1.91716253448	-1.76479617026	286
20	0.5	0.25	0.0	1.85631080712	1.51432935653	-1.2200408809	2.10635926606	1.79031786457	-1.83173159789	287
20	0.5	0.5	0.0	1.27602909203	1.43630590541	-1.23997171032	1.47201784058	1.637623756	-1.92328839482	288
20	0.5	0.75	0.0	0.690946794738	1.35103212568	-1.30199025921	0.845910517228	1.46482180815	-2.02380567071	289
20	0.5	1.0	0.0	0.174882251566	1.2330888809	-1.37394374328	0.288914815302	1.27765362043	-2.11762253525	290
20	0.75	0.0	0.0	2.31294995882	1.29131590773	-1.4515414377	2.656184665	1.75624949291	-2.17067507623	291
20	0.75	0.25	0.0	1.80513898204	1.18396857925	-1.42700710778	2.07058783956	1.62139605635	-2.25577270973	292
20	0.75	0.5	0.0	1.22940108853	1.09873614217	-1.45386245087	1.43128556008	1.45431945349	-2.35467981122	293
20	0.75	0.75	0.0	0.649664839809	1.02021231025	-1.50634119483	0.80146107813	1.27365597232	-2.44282781164	294
20	0.75	1.0	0.0	0.129858797357	0.932990797208	-1.55867706749	0.244297645285	1.09804190082	-2.49564814195	295
20	1.0	0.0	0.0	2.313278749	1.008071644	-1.643774512	2.66127127967	1.54626751546	-2.48899979956	296
20	1.0	0.25	0.0	1.79523775473	0.900625784048	-1.63789017174	2.07517794475	1.40906147454	-2.58181606605	297
20	1.0	0.5	0.0	1.22192970076	0.80814200112	-1.6656549574	1.43860324103	1.23248427775	-2.68007781454	298
20	1.0	0.75	0.0	0.645291743652	0.728780795381	-1.71224550612	0.809379153237	1.04536345622	-2.76197368293	299
20	1.0	1.0	0.0	0.11726104	0.660702667	-1.762838455	0.245337666086	0.876526541097	-2.80569230908	300
25	0.0	0.0	0.0	4.386979263	1.04038215	-1.769896052	4.97206413466	1.64449816714	-2.14318506885	301
25	0.0	0.25	0.0	3.8934152912	1.11284959056	-1.78581593295	4.44226217816	1.72309194914	-2.25937866581	302
25	0.0	0.5	0.0	3.34769602001	1.1293423234	-1.74716918726	3.83641562219	1.71270848248	-2.34538755399	303
25	0.0	0.75	0.0	2.80319324182	1.09327734304	-1.68835548894	3.22069510872	1.64366219523	-2.41674888228	304
25	0.0	1.0	0.0	2.313278749	1.008071644	-1.643774512	2.66127127967	1.54626751546	-2.48899979956	305
25	0.25	0.0	0.0	4.37618012105	0.600233217183	-1.88649034292	4.99876111435	1.09212521577	-2.40455430492	306
25	0.25	0.25	0.0	3.91104378979	0.622523845973	-1.97018254557	4.48394714993	1.13241937779	-2.57993510797	307
25	0.25	0.5	0.0	3.39980906553	0.566798662799	-2.00286899228	3.90558669818	1.07343232308	-2.7303279796	308
25	0.25	0.75	0.0	2.87705618441	0.470081670269	-2.00728813015	3.31448825406	0.960781072379	-2.85468514377	309
25	0.25	1.0	0.0	2.37736538258	0.369396870991	-2.00617840623	2.76146031253	0.840082646394	-2.95195882445	310
25	0.5	0.0	0.0	4.37563349788	0.0391745126083	-1.92225354146	5.05288128418	0.36738813368	-2.54855921322	311
25	0.5	0.25	0.0	3.92605321869	0.002218403757	-2.05362708072	4.55652772757	0.341672093246	-2.76799825209	312
25	0.5	0.5	0.0	3.42732848166	-0.108359742096	-2.13398669118	4.00106309085	0.223704547137	-2.95920159196	313
25	0.5	0.75	0.0	2.91204127841	-0.251002254653	-2.18111993333	3.42939205579	0.0592186763818	-3.11457862952	314
25	0.5	1.0	0.0	2.4127736006	-0.384151463613	-2.21281436767	2.88441930415	-0.106052337989	-3.22653876144	315
25	0.75	0.0	0.0	4.37966391327	-0.53599942752	-1.89014883253	5.115986262	-0.376331747039	-2.56163694246	316
25	0.75	0.25	0.0	3.934830081	-0.636366095887	-2.05009883746	4.63220705571	-0.482063199116	-2.80446756047	317
25	0.75	0.5	0.0	3.43447264776	-0.792750128663	-2.16069015382	4.08905598495	-0.664261307966	-3.01277676153	318
25	0.75	0.75	0.0	2.91789635323	-0.971091163902	-2.23650022066	3.52844663256	-0.88104627176	-3.17887383845	319
25	0.75	1.0	0.0	2.42440593708	-1.13732883966	-2.29210647703	2.99229258139	-1.09053828867	-3.29506808403	320
25	1.0	0.0	0.0	4.382595887	-1.018494067	-1.803139401	5.16963766567	-0.985653094307	-2.43022464135	321
25	1.0	0.25	0.0	3.93376087979	-1.18152901276	-1.97354711486	4.68318827901	-1.17169979393	-2.67024249541	322
25	1.0	0.5	0.0	3.42545994321	-1.38298973428	-2.10314725007	4.13577656523	-1.41825170483	-2.87182185876	323
25	1.0	0.75	0.0	2.90436923827	-1.59130178966	-2.20007831426	3.57469210302	-1.68003505105	-3.03001526949	324
25	1.0	1.0	0.0	2.417164926	-1.774890737	-2.272478815	3.04722447108	-1.91177605663	-3.1398752657	325
26	0.0	0.0	0.0	2.313278749	1.008071644	-1.643774512	2.66127127967	1.54626751546	-2.48899979956	326
26	0.0	0.25	0.0	1.79523775473	0.900625784048	-1.63789017174	2.07517794475	1.40906147454	-2.58181606605	327
26	0.0	0.5	0.0	1.22192970076	0.80814200112	-1.6656549574	1.43860324103	1.23248427775	-2.68007781454	328
26	0.0	0.75	0.0	0.645291743652	0.728780795381	-1.71224550612	0.809379153237	1.04536345622	-2.76197368293	329
26	0.0	1.0	0.0	0.11726104	0.660702667	-1.762838455	0.245337666086	0.876526541097	-2.80569230908	330
26	0.25	0.0	0.0	2.37736538258	0.369396870991	-2.00617840623	2.76146031253	0.840082646394	-2.95195882445	331
26	0.25	0.25	0.0	1.83730584689	0.267564501181	-2.0147343414	2.17202320966	0.694075696247	-3.03889591025	332
26	0.25	0.5	0.0	1.25665300784	0.164428335053	-2.03434731576	1.53528334611	0.509642814464	-3.11905326283	333
26	0.25	0.75	0.0	0.675450012166	0.0758873973193	-2.06758444984	0.900535869174	0.318456973282	-3.18718983177	334
26	0.25	1.0	0.0	0.133740006583	0.0178407126888	-2.11701286416	0.317075926151	0.152191144937	-3.23806456662	335
26	0.5	0.0	0.0	2.4127736006	-0.384151463613	-2.21281436767	2.88441930415	-0.106052337989	-3.22653876144	336
26	0.5	0.25	0.0	1.86389890225	-0.504623034878	-2.23770122241	2.28605406597	-0.279240689787	-3.31068208703	337
26	0.5	0.5	0.0	1.26889784988	-0.614672614751	-2.25249744087	1.62800464244	-0.467217887757	-3.37491246916	338
26	0.5	0.75	0.0	0.6772525852	-0.700972696581	-2.26225021628	0.970570128319	-0.650275045689	-3.41586383561	339
26	0.5	1.0	0.0	0.138445249884	-0.750195773717	-2.27200674184	0.374049618365	-0.808703277366	-3.43017011413	340
26	0.75	0.0	0.0	2.42440593708	-1.13732883966	-2.29210647703	2.99229258139	-1.09053828867	-3.29506808403	341
26	0.75	0.25	0.0	1.87855902739	-1.28322314043	-2.33173297529	2.39028217882	-1.29146302554	-3.3764253433	342
26	0.75	0.5	0.0	1.27513547767	-1.40116070797	-2.34473591643	1.71247726179	-1.48229719562	-3.42771690961	343
26	0.75	0.75	0.0	0.677460156255	-1.48347145157	-2.33198551914	1.0329928268	-1.65365291933	-3.44115396059	344
26	0.75	1.0	0.0	0.148857931493	-1.52248528051	-2.29435200211	0.42594387033	-1.79614231712	-3.40894767388	345
26	1.0	0.0	0.0	2.417164926	-1.774890737	-2.272478815	3.04722447108	-1.91177605663	-3.1398752657	346
26	1.0	0.25	0.0	1.88482832888	-1.93552213179	-2.32177176058	2.4577192134	-2.12316665301	-3.21537642599	347
26	1.0	0.5	0.0	1.29183714198	-2.06703580428	-2.33569332614	1.78441133596	-2.31979447581	-3.25752806024	348
26	1.0	0.75	0.0	0.70283341883	-2.15328083288	-2.31253307212	1.10131486073	-2.48449696627	-3.25621847283	349
26	1.0	1.0	0.0	0.182459213	-2.178106296	-2.250580559	0.482443809648	-2.60011156562	-3.20133596814	350
27	0.0	0.0	0.0	4.382595887	-1.018494067	-1.803139401	5.16963766567	-0.985653094307	-2.43022464135	351
27	0.0	0.25	0.0	3.93376087979	-1.18152901276	-1.97354711486	4.68318827901	-1.17169979393	-2.67024249541	352
27	0.0	0.5	0.0	3.42545994321	-1.38298973428	-2.10314725007	4.13577656523	-1.41825170483	-2.87182185876	353
27	0.0	0.75	0.0	2.90436923827	-1.59130178966	-2.20007831426	3.57469210302	-1.68003505105	-3.03001526949	354
27	0.0	1.0	0.0	2.417164926	-1.774890737	-2.272478815	3.04722447108	-1.91177605663	-3.1398752657	355
27	0.25	0.0	0.0	4.45501347829	-1.51877229838	-1.5974349682	5.24917983696	-1.56403577188	-2.02123143171	356
27	0.25	0.25	0.0	3.99197506983	-1.73427990879	-1.74889953974	4.75071816765	-1.8168584365	-2.22620097496	357
27	0.25	0.5	0.0	3.46914967465	-1.96573929468	-1.86660907162	4.19014620697	-2.10576724061	-2.39319134464	358
27	0.25	0.75	0.0	2.93354807129	-2.18797984801	-1.95628892579	3.61703851707	-2.39094338088	-2.52307020065	359
27	0.25	1.0	0.0	2.4321810383	-2.37583096073	-2.02366446421	3.08096966008	-2.63256805398	-2.61670520284	360
27	0.5	0.0	0.0	4.60751504555	-2.05517946366	-1.26046377509	5.36128416026	-2.14231232103	-1.35951828671	361
27	0.5	0.25	0.0	4.12368918074	-2.31402978081	-1.36392896371	4.85411580497	-2.45201081308	-1.50278091587	362
27	0.5	0.5	0.0	3.57966370642	-2.56971922691	-1.42934288792	4.28452428659	-2.77825555585	-1.60550423391	363
27	0.5	0.75	0.0	3.01760091998	-2.80585572494	-1.47160929104	3.69607845458	-3.09076836296	-1.68187255898	364
27	0.5	1.0	0.0	2.47966311876	-3.0060471979	-1.50563191639	3.13234715842	-3.35927104806	-1.74607020926	365
27	0.75	0.0	0.0	4.74456158829	-2.47660082135	-0.856209256438	5.45452642186	-2.57320748516	-0.61967102261	366
27	0.75	0.25	0.0	4.24253102364	-2.76954352548	-0.904587923331	4.9398865471	-2.92863459913	-0.694263964715	367
27	0.75	0.5	0.0	3.67926303826	-3.04346751006	-0.909079373824	4.36420108899	-3.28650257408	-0.728438734394	368
27	0.75	0.75	0.0	3.09225159815	-3.28973920954	-0.894474435421	3.76334487128	-3.62372205404	-0.746572563168	369
27	0.75	1.0	0.0	2.51899066935	-3.49972505836	-0.885563935629	3.17319271768	-3.91720368305	-0.77304268256	370
27	1.0	0.0	0.0	4.770614106	-2.63192163	-0.448654847	5.47748240806	-2.70944600768	0.0237245443098	371
27	1.0	0.25	0.0	4.26212840969	-2.94958603945	-0.45682895514	4.95453575018	-3.09820747014	0.0050682319426	372
27	1.0	0.5	0.0	3.69020866989	-3.23552212321	-0.42354920417	4.37446689911	-3.48129421886	0.0183269460442	373
27	1.0	0.75	0.0	3.09322391965	-3.48444009086	-0.373319384365	3.77037072286	-3.83401651085	0.0426795681206	374
27	1.0	1.0	0.0	2.509543192	-3.691050152	-0.330643286	3.17534208944	-4.13168460312	0.0573049796782	375
28	0.0	0.0	0.0	2.417164926	-1.774890737	-2.272478815	3.04722447108	-1.91177605663	-3.1398752657	376
28	0.0	0.25	0.0	1.88482832888	-1.93552213179	-2.32177176058	2.4577192134	-2.12316665301	-3.21537642599	377
28	0.0	0.5	0.0	1.29183714198	-2.06703580428	-2.33569332614	1.78441133596	-2.31979447581	-3.25752806024	378
28	0.0	0.75	0.0	0.70283341883	-2.15328083288	-2.31253307212	1.10131486073	-2.48449696627	-3.25621847283	379
28	0.0	1.0	0.0	0.182459213	-2.178106296	-2.250580559	0.482443809648	-2.60011156562	-3.20133596814	380
28	0.25	0.0	0.0	2.4321810383	-2.37583096073	-2.02366446421	3.08096966008	-2.63256805398	-2.61670520284	381
28	0.25	0.25	0.0	1.90453702964	-2.5509020147	-2.06800738052	2.50261502958	-2.85587487372	-2.67975160282	382
28	0.25	0.5	0.0	1.3249278542	-2.71517176475	-2.07846273798	1.84416140754	-3.07497212106	-2.70937438554	383
28	0.25	0.75	0.0	0.748463192089	-2.8290228113	-2.05512374717	1.16888940561	-3.25062723186	-2.70292672766	384
28	0.25	1.0	0.0	0.230252723417	-2.85283775477	-1.99808361867	0.540079635458	-3.34360764197	-2.65776180583	385
28	0.5	0.0	0.0	2.47966311876	-3.0060471979	-1.50563191639	3.13234715842	-3.35927104806	-1.74607020926	386
28	0.5	0.25	0.0	1.9396002145	-3.19717453044	-1.52970793349	2.54747359688	-3.60073599647	-1.79415053907	387
28	0.5	0.5	0.0	1.35807378828	-3.38866918821	-1.52946010562	1.88866667945	-3.83312016478	-1.81495046237	388
28	0.5	0.75	0.0	0.783619353943	-3.52849695315	-1.50684601303	1.21424473424	-4.01173717034	-1.8128358871	389
28	0.5	1.0	0.0	0.26477242535	-3.56462360724	-1.46382323599	0.582526089351	-4.09190063048	-1.79217272118	390
28	0.75	0.0	0.0	2.51899066935	-3.49972505836	-0.885563935629	3.17319271768	-3.91720368305	-0.77304268256	391
28	0.75	0.25	0.0	1.965819096	-3.70163726029	-0.881513764881	2.57924886213	-4.17226919364	-0.800946034326	392
28	0.75	0.5	0.0	1.38003250972	-3.91194550866	-0.864814639658	1.91639766577	-4.41199396393	-0.813984702296	393
28	0.75	0.75	0.0	0.805379214308	-4.07193892963	-0.839143423904	1.24167450954	-4.59299720804	-0.818457990788	394
28	0.75	1.0	0.0	0.285607513608	-4.12290664934	-0.808176981563	0.61211477439	-4.67189814008	-0.820665204117	395
28	1.0	0.0	0.0	2.509543192	-3.691050152	-0.330643286	3.17534208944	-4.13168460312	0.0573049796782	396
28	1.0	0.25	0.0	1.95899488668	-3.89158778552	-0.298065220056	2.58489477216	-4.38499363762	0.0574891117912	397
28	1.0	0.5	0.0	1.37956158402	-4.10941816014	-0.260655550694	1.92582488054	-4.62934887544	0.0537944831005	398
28	1.0	0.75	0.0	0.810820083105	-4.27958441194	-0.223459533985	1.25547239442	-4.81957777125	0.0476949216326	399
28	1.0	1.0	0.0	0.292347183	-4.337129677	-0.191522426	0.63117729364	-4.91050777973	0.0406642554137	400
33	0.0	0.0	0.0	4.770614106	-2.63192163	-0.448654847	5.47748240806	-2.70944600768	0.0237245443098	401
33	0.0	0.25	0.0	4.26212840969	-2.94958603945	-0.45682895514	4.95453575018	-3.09820747014	0.0050682319426	402
33	0.0	0.5	0.0	3.69020866989	-3.23552212321	-0.42354920417	4.37446689911	-3.48129421886	0.0183269460442	403
33	0.0	0.75	0.0	3.09322391965	-3.48444009086	-0.373319384365	3.77037072286	-3.83401651085	0.0426795681206	404
33	0.0	1.0	0.0	2.509543192	-3.691050152	-0.330643286	3.17534208944	-4.13168460312	0.0573049796782	405
33	0.25	0.0	0.0	4.66432728711	-2.47720896476	-0.153476509953	5.42509794274	-2.54886622264	0.510353676665	406
33	0.25	0.25	0.0	4.16462551944	-2.78549760933	-0.115923081751	4.90361143096	-2.93256394934	0.55585667524	407
33	0.25	0.5	0.0	3.59866556246	-3.06845147672	-0.0340805146349	4.32195574751	-3.31973050713	0.629828746078	408
33	0.25	0.75	0.0	3.00754092981	-3.31463704119	0.0643750454145	3.71627444447	-3.67571530187	0.713117978282	409
33	0.25	1.0	0.0	2.43234513512	-3.51262077698	0.151767452415	3.12271107388	-3.96586773942	0.786572460956	410
33	0.5	0.0	0.0	4.48653725837	-2.13133803923	0.108308461335	5.32958508291	-2.22458052499	1.05262344059	411
33	0.5	0.25	0.0	4.00202009312	-2.39551934147	0.213297673249	4.81982856255	-2.56529290757	1.18610520511	412
33	0.5	0.5	0.0	3.4524172156	-2.65894825209	0.36815123911	4.24168005726	-2.93292728192	1.34225742764	413
33	0.5	0.75	0.0	2.87645852498	-2.89837564649	0.538149211668	3.63311019164	-3.28184189453	1.5022005612	414
33	0.5	1.0	0.0	2.31287392046	-3.09055240009	0.688571643675	3.03208959028	-3.56639499188	1.64705505887	415
33	0.75	0.0	0.0	4.30420966719	-1.70539390532	0.316423398205	5.2141922839	-1.83074718703	1.54131135628	416
33	0.75	0.25	0.0	3.82777734314	-1.91425958321	0.482827112458	4.71336084874	-2.1125290274	1.7553751854	417
33	0.75	0.5	0.0	3.29620859653	-2.14677148178	0.700774753576	4.14324207737	-2.44146410172	1.98649500981	418
33	0.75	0.75	0.0	2.74149953252	-2.3710456987	0.930487550232	3.53879608931	-2.76731517109	2.21365407247	419
33	0.75	1.0	0.0	2.19564625632	-2.55519833166	1.1321867311	2.93498300407	-3.03984499658	2.41583561632	420
33	1.0	0.0	0.0	4.184310161	-1.310461615	0.450591632	5.10216800105	-1.46152448103	1.86719494394	421
33	1.0	0.25	0.0	3.69536248193	-1.47632668187	0.644659038472	4.59438199327	-1.69040699137	2.12322797992	422
33	1.0	0.5	0.0	3.17478467248	-1.67168019823	0.881418725277	4.03624405685	-1.965920525	2.3934235117	423
33	1.0	0.75	0.0	2.6441867798	-1.86803698972	1.12387449694	3.45125026244	-2.2470540138	2.65120526766	424
33	1.0	1.0	0.0	2.125178851	-2.036911882	1.335030158	2.8628966807	-2.49279638962	2.86999697621	425
34	0.0	0.0	0.0	2.509543192	-3.691050152	-0.330643286	3.17534208944	-4.13168460312	0.0573049796782	426
34	0.0	0.25	0.0	1.95899488668	-3.89158778552	-0.298065220056	2.58489477216	-4.38499363762	0.0574891117912	427
34	0.0	0.5	0.0	1.37956158402	-4.10941816014	-0.260655550694	1.92582488054	-4.62934887544	0.0537944831005	428
34	0.0	0.75	0.0	0.810820083105	-4.27958441194	-0.223459533985	1.25547239442	-4.81957777125	0.0476949216326	429
34	0.0	1.0	0.0	0.292347183	-4.337129677	-0.191522426	0.63117729364	-4.91050777973	0.0406642554137	430
34	0.25	0.0	0.0	2.43234513512	-3.51262077698	0.151767452415	3.12271107388	-3.96586773942	0.786572460956	431
34	0.25	0.25	0.0	1.89768497273	-3.70018892586	0.216408495229	2.54192995827	-4.20863167328	0.823064427727	432
34	0.25	0.5	0.0	1.33487747007	-3.90854136293	0.275563318697	1.89370801393	-4.45353006696	0.830146674597	433
34	0.25	0.75	0.0	0.781707151704	-4.07469326312	0.323384856805	1.23609150298	-4.65196823332	0.821024603513	434
34	0.25	1.0	0.0	0.275958542229	-4.13565980137	0.354026043542	0.627126687542	-4.75535148522	0.808903616423	435
34	0.5	0.0	0.0	2.31287392046	-3.09055240009	0.688571643675	3.03208959028	-3.56639499188	1.64705505887	436
34	0.5	0.25	0.0	1.79722284659	-3.25946646161	0.793905881135	2.45729439826	-3.79854238925	1.72753421983	437
34	0.5	0.5	0.0	1.2538603396	-3.44459618668	0.877452642767	1.82050169583	-4.03779276689	1.7514442704	438
34	0.5	0.75	0.0	0.721780369987	-3.59698283395	0.931621187244	1.1811106601	-4.23703039736	1.73794240091	439
34	0.5	1.0	0.0	0.239976908244	-3.66766766206	0.948820773242	0.598520468184	-4.3491395532	1.7061858017	440
34	0.75	0.0	0.0	2.19564625632	-2.55519833166	1.1321867311	2.93498300407	-3.03984499658	2.41583561632	441
34	0.75	0.25	0.0	1.70080839896	-2.70472494737	1.27126497995	2.3666453768	-3.25882657436	2.53544913556	442
34	0.75	0.5	0.0	1.17576632251	-2.86315005057	1.37705564431	1.74026232166	-3.48671227186	2.58525855487	443
34	0.75	0.75	0.0	0.662508056475	-2.99938088127	1.43833646268	1.11713914056	-3.68303514092	2.5790332156	444
34	0.75	1.0	0.0	0.203021630387	-3.08232467948	1.44388517357	0.558581135392	-3.80732823334	2.53054245912	445
34	1.0	0.0	0.0	2.125178851	-2.036911882	1.335030158	2.8628966807	-2.49279638962	2.86999697621	446
34	1.0	0.25	0.0	1.65164152059	-2.17126893771	1.48532383396	2.30564017855	-2.69358501741	3.01135982237	447
34	1.0	0.5	0.0	1.13985154869	-2.30977037375	1.60641554612	1.68704628684	-2.9048638785	3.09916081238	448
34	1.0	0.75	0.0	0.635358529689	-2.43481516192	1.68061768848	1.07078621913	-3.09825334157	3.1248819494	449
34	1.0	1.0	0.0	0.183712058	-2.528802274	1.690242655	0.520531188996	-3.24537377527	3.08000523659	450
35	0.0	0.0	0.0	4.184310161	-1.310461615	0.450591632	5.10216800105	-1.46152448103	1.86719494394	451
35	0.0	0.25	0.0	3.69536248193	-1.47632668187	0.644659038472	4.59438199327	-1.69040699137	2.12322797992	452
35	0.0	0.5	0.0	3.17478467248	-1.67168019823	0.881418725277	4.03624405685	-1.965920525	2.3934235117	453
35	0.0	0.75	0.0	2.6441867798	-1.86803698972	1.12387449694	3.45125026244	-2.2470540138	2.65120526766	454
35	0.0	1.0	0.0	2.125178851	-2.036911882	1.335030158	2.8628966807	-2.49279638962	2.86999697621	455
35	0.25	0.0	0.0	4.13502585638	-0.871218209451	0.571785786745	5.00750122939	-0.991384669421	2.06716001507	456
35	0.25	0.25	0.0	3.63553585764	-1.00114990133	0.748723064189	4.49672754313	-1.17631880084	2.3187235006	457
35	0.25	0.5	0.0	3.12246061021	-1.16729851821	0.942488264723	3.95242326161	-1.40719259841	2.57827370513	458
35	0.25	0.75	0.0	2.61371071899	-1.34047549969	1.1333230999	3.39419706075	-1.64672226315	2.81919996989	459
35	0.25	1.0	0.0	2.1271967889	-1.49149228539	1.30146928129	2.84165761647	-1.85762399609	3.01489163612	460
35	0.5	0.0	0.0	4.12822270872	-0.354239748835	0.710955839325	4.9438452079	-0.369988877991	2.20149355224	461
35	0.5	0.25	0.0	3.64173442473	-0.436447167262	0.845294398782	4.45239009379	-0.510371194562	2.42388834225	462
35	0.5	0.5	0.0	3.13882760732	-0.574195035137	0.963612184368	3.91951417896	-0.712400200265	2.64216766276	463
35	0.5	0.75	0.0	2.64542388465	-0.728710772497	1.06941361144	3.3795052241	-0.927925568763	2.8393776001	464
35	0.5	1.0	0.0	2.18744488489	-0.861221799375	1.16620309536	2.86665098991	-1.10879697372	2.9985642406	465
35	0.75	0.0	0.0	4.16098923695	0.145971551949	0.823770986743	4.91014524318	0.271239857752	2.24434496101	466
35	0.75	0.25	0.0	3.69058631255	0.121258559918	0.907542816849	4.44146373259	0.17646548058	2.42574896887	467
35	0.75	0.5	0.0	3.19843109452	0.0344381623814	0.949128503868	3.91890165014	0.00783134960984	2.5888897672	468
35	0.75	0.75	0.0	2.71869349363	-0.079345804589	0.967649578578	3.39348085287	-0.180991862351	2.73020450615	469
35	0.75	1.0	0.0	2.28554342069	-0.184949504922	0.982227571756	2.91622319785	-0.336333482494	2.84613033583	470
35	1.0	0.0	0.0	4.23041396	0.534913478	0.865900426	4.90534664182	0.800878502299	2.16986364697	471
35	1.0	0.25	0.0	3.7587196505	0.575444319801	0.908638092987	4.44404254682	0.753220877705	2.31133184444	472
35	1.0	0.5	0.0	3.2758165025	0.585408985744	0.90337524288	3.93197051634	0.642876731387	2.42222440105	473
35	1.0	0.75	0.0	2.81288676275	0.561016407566	0.863534548334	3.42243004744	0.50375092436	2.51014703587	474
35	1.0	1.0	0.0	2.401112678	0.498475517	0.802538682	2.96872063716	0.369748317643	2.58270546799	475
36	0.0	0.0	0.0	2.125178851	-2.036911882	1.335030158	2.8628966807	-2.49279638962	2.86999697621	476
36	0.0	0.25	0.0	1.65164152059	-2.17126893771	1.48532383396	2.30564017855	-2.69358501741	3.01135982237	477
36	0.0	0.5	0.0	1.13985154869	-2.30977037375	1.60641554612	1.68704628684	-2.9048638785	3.09916081238	478
36	0.0	0.75	0.0	0.635358529689	-2.43481516192	1.68061768848	1.07078621913	-3.09825334157	3.1248819494	479
36	0.0	1.0	0.0	0.183712058	-2.528802274	1.690242655	0.520531188996	-3.24537377527	3.08000523659	480
36	0.25	0.0	0.0	2.1271967889	-1.49149228539	1.30146928129	2.84165761647	-1.85762399609	3.01489163612	481
36	0.25	0.25	0.0	1.66146849078	-1.61813267978	1.4396016542	2.29304681596	-2.04236106012	3.15992405343	482
36	0.25	0.5	0.0	1.15003202263	-1.75279844684	1.57010394709	1.67514217731	-2.24814012546	3.2804710591	483
36	0.25	0.75	0.0	0.641621330946	-1.8783995653	1.66424053506	1.05424315666	-2.446242151	3.34833732853	484
36	0.25	1.0	0.0	0.184970362183	-1.97784601388	1.6932757932	0.496649210108	-2.60794809566	3.33532753716	485
36	0.5	0.0	0.0	2.18744488489	-0.861221799375	1.16620309536	2.86665098991	-1.10879697372	2.9985642406	486
36	0.5	0.25	0.0	1.71094049833	-0.978510484269	1.27912042775	2.31797852929	-1.27756675062	3.14501975209	487
36	0.5	0.5	0.0	1.18690589998	-1.10509025817	1.41758143038	1.69427845847	-1.47320400047	3.29317547022	488
36	0.5	0.75	0.0	0.667106880209	-1.2235009301	1.53511423038	1.06381223189	-1.66142881053	3.40451365484	489
36	0.5	1.0	0.0	0.203309229424	-1.31628230908	1.58524695488	0.49484130399	-1.80796126804	3.44051656581	490
36	0.75	0.0	0.0	2.28554342069	-0.184949504922	0.982227571756	2.91622319785	-0.336333482494	2.84613033583	491
36	0.75	0.25	0.0	1.79484010225	-0.298398205359	1.05478620024	2.3675405005	-0.495715528978	2.98996754831	492
36	0.75	0.5	0.0	1.25439335905	-0.425209814767	1.1957994373	1.74122237875	-0.68195620016	3.1629224083	493
36	0.75	0.75	0.0	0.720205944996	-0.543087565334	1.33403401892	1.10483601795	-0.856649641115	3.31456063184	494
36	0.75	1.0	0.0	0.248280613953	-0.629734689247	1.39825668112	0.525948603433	-0.981389996918	3.39444793495	495
36	1.0	0.0	0.0	2.401112678	0.498475517	0.802538682	2.96872063716	0.369748317643	2.58270546799	496
36	1.0	0.25	0.0	1.90794986151	0.376208302752	0.817505017305	2.42883791157	0.206679164749	2.71808807203	497
36	1.0	0.5	0.0	1.35641457822	0.228278876347	0.951709409159	1.81274118661	0.0237025788676	2.91536023589	498
36	1.0	0.75	0.0	0.809309292827	0.0898722200192	1.10179514518	1.18265708794	-0.144740963735	3.09962796305	499
36	1.0	1.0	0.0	0.32943647	-0.003826684	1.164405513	0.600812241233	-0.264210986792	3.19599725699	500
41	0.0	0.0	0.0	4.23041396	0.534913478	0.865900426	4.90534664182	0.800878502299	2.16986364697	501
41	0.0	0.25	0.0	3.7587196505	0.575444319801	0.908638092987	4.44404254682	0.753220877705	2.31133184444	502
41	0.0	0.5	0.0	3.2758165025	0.585408985744	0.90337524288	3.93197051634	0.642876731387	2.42222440105	503
41	0.0	0.75	0.0	2.81288676275	0.561016407566	0.863534548334	3.42243004744	0.50375092436	2.51014703587	504
41	0.0	1.0	0.0	2.401112678	0.498475517	0.802538682	2.96872063716	0.369748317643	2.58270546799	505
41	0.25	0.0	0.0	4.31353779496	0.733089244463	0.831630663245	4.94541271659	1.07996734062	2.03301028605	506
41	0.25	0.25	0.0	3.82965616237	0.802836371488	0.871349697576	4.47525054579	1.04899482072	2.16489503527	507
41	0.25	0.5	0.0	3.33957133888	0.857669772976	0.873214286406	3.95932348732	0.95226422187	2.26478592735	508
41	0.25	0.75	0.0	2.87274251205	0.875530089078	0.834613244051	3.4467330276	0.82104723684	2.34062099656	509
41	0.25	1.0	0.0	2.45862886943	0.834357959944	0.752935384823	2.98658065302	0.686615558415	2.40033827722	510
41	0.5	0.0	0.0	4.44044711564	0.974388986937	0.748254451058	5.02908829506	1.41857577866	1.8075591503	511
41	0.5	0.25	0.0	3.93986458881	1.06897768896	0.800504258913	4.54319545642	1.39767491854	1.93744725417	512
41	0.5	0.5	0.0	3.43166959811	1.15073497824	0.831734255393	4.01194384894	1.28949253488	2.03760813307	513
41	0.5	0.75	0.0	2.94711620329	1.19283035551	0.818567589434	3.48158252181	1.14043835081	2.11375940135	514
41	0.5	1.0	0.0	2.51745846409	1.1684333215	0.737627409973	2.99836052428	0.996922089437	2.1716186733	515
41	0.75	0.0	0.0	4.56104752549	1.19358838644	0.632620634093	5.11590711845	1.73073692272	1.55293376934	516
41	0.75	0.25	0.0	4.04206041748	1.31215045366	0.699067111092	4.61311270619	1.71973203658	1.67751355232	517
41	0.75	0.5	0.0	3.51942530047	1.4208132362	0.762695752352	4.06543207498	1.59952939684	1.77644258931	518
41	0.75	0.75	0.0	3.02219465614	1.48727346039	0.783709515931	3.51649575292	1.433092618	1.855014212	519
41	0.75	1.0	0.0	2.5794209662	1.47922785255	0.722311359886	3.00993426809	1.28338531458	1.91852175208	520
41	1.0	0.0	0.0	4.625244628	1.325463124	0.501578057	5.16540292794	1.93048387911	1.32855767278	521
41	1.0	0.25	0.0	4.08895913604	1.47063684703	0.570003588203	4.65023772253	1.93563704028	1.43361898095	522
41	1.0	0.5	0.0	3.57015246622	1.62411318149	0.649859379796	4.09538863927	1.82734253415	1.51704086714	523
41	1.0	0.75	0.0	3.0841646903	1.73321565721	0.698350954991	3.54098994376	1.67017839015	1.5898373903	524
41	1.0	1.0	0.0	2.64633588	1.745267804	0.672683837	3.02717590159	1.52872263773	1.6630226094	525
42	0.0	0.0	0.0	2.401112678	0.498475517	0.802538682	2.96872063716	0.369748317643	2.58270546799	526
42	0.0	0.25	0.0	1.90794986151	0.376208302752	0.817505017305	2.42883791157	0.206679164749	2.71808807203	527
42	0.0	0.5	0.0	1.35641457822	0.228278876347	0.951709409159	1.81274118661	0.0237025788676	2.91536023589	528
42	0.0	0.75	0.0	0.809309292827	0.0898722200192	1.10179514518	1.18265708794	-0.144740963735	3.09962796305	529
42	0.0	1.0	0.0	0.32943647	-0.003826684	1.164405513	0.600812241233	-0.264210986792	3.19599725699	530
42	0.25	0.0	0.0	2.45862886943	0.834357959944	0.752935384823	2.98658065302	0.686615558415	2.40033827722	531
42	0.25	0.25	0.0	1.96908330616	0.726350205609	0.729216086371	2.44872139327	0.532862822757	2.51970115244	532
42	0.25	0.5	0.0	1.4177066674	0.600223797542	0.829746330669	1.8389925316	0.374010252512	2.70158950778	533
42	0.25	0.75	0.0	0.868811752599	0.479721878998	0.952699465197	1.21561653617	0.226834705065	2.87099401499	534
42	0.25	1.0	0.0	0.3867113612	0.388587593232	0.996248837434	0.636815875152	0.108113037799	2.95290534585	535
42	0.5	0.0	0.0	2.51745846409	1.1684333215	0.737627409973	2.99836052428	0.996922089437	2.1716186733	536
42	0.5	0.25	0.0	2.02701853654	1.08501235349	0.68241564986	2.45159734564	0.852315218778	2.27209751362	537
42	0.5	0.5	0.0	1.47093702244	0.991332840416	0.734037287678	1.8358830185	0.704567347287	2.42048420253	538
42	0.5	0.75	0.0	0.91644703999	0.896271065134	0.810567484526	1.21043876925	0.563151948416	2.55636715989	539
42	0.5	1.0	0.0	0.430781707382	0.808703310524	0.830081401506	0.634485824294	0.437542495615	2.61933480554	540
42	0.75	0.0	0.0	2.5794209662	1.47922785255	0.722311359886	3.00993426809	1.28338531458	1.91852175208	541
42	0.75	0.25	0.0	2.08609328304	1.41923957285	0.65644216742	2.45244044988	1.14795176392	2.00623502901	542
42	0.75	0.5	0.0	1.52162077776	1.35798004346	0.668647022821	1.82696531184	1.00563634377	2.11906429548	543
42	0.75	0.75	0.0	0.95819607593	1.29176287899	0.701288261989	1.19606422675	0.865273055517	2.21630462312	544
42	0.75	1.0	0.0	0.468011803122	1.21690169405	0.696728220825	0.622292567433	0.735695900525	2.25725108359	545
42	1.0	0.0	0.0	2.64633588	1.745267804	0.672683837	3.02717590159	1.52872263773	1.6630226094	546
42	1.0	0.25	0.0	2.15064527611	1.69607669011	0.630634098694	2.46622538724	1.40268786928	1.75307157207	547
42	1.0	0.5	0.0	1.5752730678	1.65653944515	0.637640278734	1.83579207615	1.26747972254	1.84434976194	548
42	1.0	0.75	0.0	1.00003978135	1.61844042112	0.650750856407	1.20143334821	1.13426031557	1.91136363007	549
42	1.0	1.0	0.0	0.504765943	1.57356397	0.627014311	0.628706583342	1.0141917664	1.92861962751	550
43	0.0	0.0	0.0	4.625244628	1.325463124	0.501578057	5.16540292794	1.93048387911	1.32855767278	551
43	0.0	0.25	0.0	4.08895913604	1.47063684703	0.570003588203	4.65023772253	1.93563704028	1.43361898095	552
43	0.0	0.5	0.0	3.57015246622	1.62411318149	0.649859379796	4.09538863927	1.82734253415	1.51704086714	553
43	0.0	0.75	0.0	3.0841646903	1.73321565721	0.698350954991	3.54098994376	1.67017839015	1.5898373903	554
43	0.0	1.0	0.0	2.64633588	1.745267804	0.672683837	3.02717590159	1.52872263773	1.6630226094	555
43	0.25	0.0	0.0	4.63159353401	1.38041819327	0.333214778466	5.17912465555	2.03756341114	1.09009352831	556
43	0.25	0.25	0.0	4.08228221298	1.55928643481	0.389514173931	4.65376949728	2.06648924271	1.16790914105	557
43	0.25	0.5	0.0	3.58079273789	1.77596373851	0.469095274276	4.09363290365	1.99081465917	1.2302715208	558
43	0.25	0.75	0.0	3.11830769374	1.94638849433	0.530563869371	3.53628421012	1.86336634156	1.28794515774	559
43	0.25	1.0	0.0	2.68600966551	1.98649909222	0.532525749088	3.01929275216	1.73697097092	1.35169454206	560
43	0.5	0.0	0.0	4.62178393301	1.4290454376	0.10028076472	5.1869569131	2.1451477237	0.763520235504	561
43	0.5	0.25	0.0	4.06269130898	1.64536007165	0.141184457364	4.648948875	2.19996328017	0.817118643705	562
43	0.5	0.5	0.0	3.57719322301	1.92430568179	0.21890691838	4.07633124378	2.15287305881	0.868274900292	563
43	0.5	0.75	0.0	3.13056414264	2.15512726042	0.286994401713	3.50610644295	2.04822883868	0.912467707692	564
43	0.5	1.0	0.0	2.6880785354	2.22706979993	0.298993161313	2.97527689602	1.93038239886	0.945175768335	565
43	0.75	0.0	0.0	4.6037240125	1.47332465712	-0.142164443637	5.18491525583	2.23752471242	0.429503185217	566
43	0.75	0.25	0.0	4.04214215174	1.72055773884	-0.116522713217	4.63742654604	2.31590685502	0.458688164174	567
43	0.75	0.5	0.0	3.56929841067	2.04578059021	-0.0486174816617	4.05390233632	2.28969015815	0.495301046777	568
43	0.75	0.75	0.0	3.13212809535	2.32133824542	0.0151818440978	3.47157489088	2.20029638788	0.521770851594	569
43	0.75	1.0	0.0	2.67756651184	2.41957573867	0.0285058571307	2.92767647388	2.08914731029	0.520526597192	570
43	1.0	0.0	0.0	4.58532196	1.515235652	-0.339061306	5.16901523899	2.2989822729	0.168707768295	571
43	1.0	0.25	0.0	4.03259046897	1.77657941769	-0.325144489533	4.62085320074	2.39416766958	0.170058377699	572
43	1.0	0.5	0.0	3.56705278995	2.11703004263	-0.281389719616	4.03676485793	2.37743838226	0.17560000141	573
43	1.0	0.75	0.0	3.1341936102	2.40692773925	-0.237334511391	3.45380780251	2.29509949552	0.174220400894	574
43	1.0	1.0	0.0	2.679497617	2.51661272	-0.22251638	2.90903962643	2.19345609394	0.154807337616	575
44	0.0	0.0	0.0	2.64633588	1.745267804	0.672683837	3.02717590159	1.52872263773	1.6630226094	576
44	0.0	0.25	0.0	2.15064527611	1.69607669011	0.630634098694	2.46622538724	1.40268786928	1.75307157207	577
44	0.0	0.5	0.0	1.5752730678	1.65653944515	0.637640278734	1.83579207615	1.26747972254	1.84434976194	578
44	0.0	0.75	0.0	1.00003978135	1.61844042112	0.650750856407	1.20143334821	1.13426031557	1.91136363007	579
44	0.0	1.0	0.0	0.504765943	1.57356397	0.627014311	0.628706583342	1.0141917664	1.92861962751	580
44	0.25	0.0	0.0	2.68600966551	1.98649909222	0.532525749088	3.01929275216	1.73697097092	1.35169454206	581
44	0.25	0.25	0.0	2.17950204423	1.94718167511	0.519048409912	2.45481436849	1.61805819761	1.43312772386	582
44	0.25	0.5	0.0	1.59519458172	1.92915157744	0.539969135599	1.8227386591	1.49404736731	1.51384680983	583
44	0.25	0.75	0.0	1.01046835519	1.9149720048	0.556122158007	1.18746639881	1.37252600768	1.57009773126	584
44	0.25	1.0	0.0	0.502704441854	1.88720616276	0.528341708993	0.613398362447	1.26108164637	1.57812641946	585
44	0.5	0.0	0.0	2.6880785354	2.22706979993	0.298993161313	2.97527689602	1.93038239886	0.945175768335	586
44	0.5	0.25	0.0	2.16116965474	2.21308587948	0.292408904919	2.40029979278	1.82146262926	0.985183694429	587
44	0.5	0.5	0.0	1.57327090094	2.23667271891	0.31617743408	1.76563408328	1.72045675025	1.03726076982	588
44	0.5	0.75	0.0	0.984673027501	2.25589491533	0.335847134398	1.13003090407	1.61934562215	1.07924783386	589
44	0.5	1.0	0.0	0.455666787907	2.2288170659	0.316966391479	0.552241391717	1.5101101053	1.08898572591	590
44	0.75	0.0	0.0	2.67756651184	2.41957573867	0.0285058571307	2.92767647388	2.08914731029	0.520526597192	591
44	0.75	0.25	0.0	2.13312896035	2.42763190089	0.0196421641164	2.34327330929	1.99005691987	0.514349553336	592
44	0.75	0.5	0.0	1.54364780052	2.48234308374	0.0356056242327	1.70655865236	1.90743305699	0.530668492947	593
44	0.75	0.75	0.0	0.951596573579	2.52517734997	0.0535076539469	1.06991402041	1.82052003429	0.555022421686	594
44	0.75	1.0	0.0	0.399448820757	2.49760276233	0.0504596697265	0.485720930735	1.70856216437	0.572950345213	595
44	1.0	0.0	0.0	2.679497617	2.51661272	-0.22251638	2.90903962643	2.19345609394	0.154807337616	596
44	1.0	0.25	0.0	2.13286081376	2.52466233703	-0.230325232095	2.32432656721	2.10099682506	0.125735370131	597
44	1.0	0.5	0.0	1.5404710555	2.56940288614	-0.232405843883	1.68759267004	2.0157014732	0.110146830223	598
44	1.0	0.75	0.0	0.94018176874	2.60678750593	-0.22731441498	1.04790290423	1.92185011942	0.113629978541	599
44	1.0	1.0	0.0	0.36984638	2.592769335	-0.213607145	0.454322239087	1.80372284478	0.141773075735	600
49	0.0	0.0	0.0	6.649135753	-0.216971	-0.199152	7.27170036344	0.297402688461	0.0903400527501	601
49	0.0	0.25	0.0	6.31385977124	0.347507808106	-0.218424371901	6.90728940119	0.929769864678	0.101100728404	602
49	0.0	0.5	0.0	5.8665008895	0.834562280512	-0.26220437506	6.40813294103	1.511641697	0.130091686235	603
49	0.0	0.75	0.0	5.29450599126	1.22890177566	-0.309435517188	5.81508891096	1.98678892116	0.158798756209	604
49	0.0	1.0	0.0	4.58532196	1.515235652	-0.339061306	5.16901523899	2.2989822729	0.168707768295	605
49	0.25	0.0	0.0	6.64553949144	-0.221077717848	-0.220060533179	7.27040797135	0.288617813776	0.0586538614425	606
49	0.25	0.25	0.0	6.31083427236	0.364340592137	-0.36051784398	6.90694730643	0.948314978363	-0.089699411957	607
49	0.25	0.5	0.0	5.85645646979	0.87021709227	-0.450619530381	6.39934943942	1.54469019108	-0.114904512035	608
49	0.25	0.75	0.0	5.28097208297	1.27955350837	-0.500118591333	5.79574977926	2.02809764239	-0.0868973834112	609
49	0.25	1.0	0.0	4.58294711116	1.57535156624	-0.518768025786	5.14428373488	2.34889152272	-0.0756139707035	610
49	0.5	0.0	0.0	6.637627716	-0.230705001395	-0.239879965188	7.26756470877	0.268698585187	0.0151235815518	611
49	0.5	0.25	0.0	6.30836944014	0.373892048359	-0.45896450823	6.90661159928	0.950539517038	-0.213548152124	612
49	0.5	0.5	0.0	5.85643042149	0.909652519766	-0.61126098681	6.39294347475	1.57390401616	-0.326040614463	613
49	0.5	0.75	0.0	5.28420466625	1.34676132885	-0.702278113587	5.77898743383	2.07873464139	-0.369954374954	614
49	0.5	1.0	0.0	4.59408618062	1.65540339164	-0.737524601219	5.1171705752	2.40497395153	-0.392890003083	615
49	0.75	0.0	0.0	6.62971594056	-0.241813534245	-0.259493664603	7.26472144618	0.247298107296	-0.0282009657447	616
49	0.75	0.25	0.0	6.30656754579	0.357896567953	-0.550788716745	6.90774829423	0.916026113573	-0.329340374671	617
49	0.75	0.5	0.0	5.85707175854	0.921565064148	-0.763166704495	6.38973318321	1.56504299051	-0.530298556212	618
49	0.75	0.75	0.0	5.28690610028	1.39405119626	-0.895990086722	5.7657860563	2.1034339268	-0.650427341752	619
49	0.75	1.0	0.0	4.60174809253	1.72021420622	-0.948621322294	5.09101685665	2.44028411113	-0.709078562679	620
49	1.0	0.0	0.0	6.626119679	-0.250364	-0.279785	7.26342905409	0.234069484703	-0.0592699592696	621
49	1.0	0.25	0.0	6.30553086053	0.298088542104	-0.673014821618	6.91182340571	0.824357400836	-0.495970962176	622
49	1.0	0.5	0.0	5.84902949487	0.874651226566	-0.925374643585	6.390536701	1.4838669324	-0.754660272445	623
49	1.0	0.75	0.0	5.27177874427	1.38494906975	-1.06133051351	5.7571298283	2.06692950727	-0.888371407141	624
49	1.0	1.0	0.0	4.588941771	1.734607088	-1.105348479	5.06916367591	2.42787655334	-0.950137883325	625
50	0.0	0.0	0.0	6.626119679	-0.250364	-0.279785	7.26342905409	0.234069484703	-0.0592699592696	626
50	0.0	0.25	0.0	6.30553086053	0.298088542104	-0.673014821618	6.91182340571	0.824357400836	-0.495970962176	627
50	0.0	0.5	0.0	5.84902949487	0.874651226566	-0.925374643585	6.390536701	1.4838669324	-0.754660272445	628
50	0.0	0.75	0.0	5.27177874427	1.38494906975	-1.06133051351	5.7571298283	2.06692950727	-0.888371407141	629
50	0.0	1.0	0.0	4.588941771	1.734607088	-1.105348479	5.06916367591	2.42787655334	-0.950137883325	630
50	0.25	0.0	0.0	6.62698160197	-0.262586808304	-0.295045145189	7.26758300108	0.211889808807	-0.075722878817	631
50	0.25	0.25	0.0	6.30000405329	0.208811029464	-0.794438461498	6.91722322124	0.703345458741	-0.673396434424	632
50	0.25	0.5	0.0	5.82073886223	0.7673355353	-1.09298904548	6.38739387586	1.3390272505	-1.00158265321	633
50	0.25	0.75	0.0	5.22256956866	1.28686258691	-1.23743655943	5.74085231357	1.93593779469	-1.15627090083	634
50	0.25	1.0	0.0	4.53887971247	1.64126806199	-1.27452066565	5.040355883	2.31107970195	-1.23345054293	635
50	0.5	0.0	0.0	6.6288778325	-0.28376540154	-0.302389214158	7.27672168446	0.16880610687	-0.0856910513763	636
50	0.5	0.25	0.0	6.29051014497	0.116263715726	-0.863104289919	6.92151325154	0.589027978474	-0.785522544008	637
50	0.5	0.5	0.0	5.7842968821	0.632836234815	-1.21885408661	6.37766529732	1.17479540948	-1.21038148753	638
50	0.5	0.75	0.0	5.16174410415	1.12602980006	-1.40825510289	5.71601519924	1.74223770838	-1.44706806229	639
50	0.5	1.0	0.0	4.47435787137	1.45592205577	-1.46992383741	5.00740033476	2.10748418369	-1.58238244864	640
50	0.75	0.0	0.0	6.63077406303	-0.308395044005	-0.306777676049	7.28586036784	0.122271355703	-0.0927036168562	641
50	0.75	0.25	0.0	6.28057183458	0.0171539646031	-0.898958934577	6.92457709059	0.46863519077	-0.854621721497	642
50	0.75	0.5	0.0	5.7501796801	0.482026662255	-1.30485510328	6.36816051427	0.993454777663	-1.37338578056	643
50	0.75	0.75	0.0	5.10655053961	0.93787785057	-1.54731219516	5.69439166572	1.51917487808	-1.70699632057	644
50	0.75	1.0	0.0	4.41663735309	1.23636233117	-1.64917622322	4.98105157178	1.8682402537	-1.91345386807	645
50	1.0	0.0	0.0	6.631635986	-0.330971	-0.313171	7.29001431483	0.0897385321163	-0.100289715166	646
50	1.0	0.25	0.0	6.27371182116	-0.0918108601897	-0.921949023169	6.92629833236	0.329397326363	-0.90296639746	647
50	1.0	0.5	0.0	5.72886338187	0.325780154764	-1.35287743179	6.36568907559	0.797288723361	-1.48292453744	648
50	1.0	0.75	0.0	5.0742370639	0.757833879836	-1.62813388751	5.6877548934	1.30009493349	-1.88228910471	649
50	1.0	1.0	0.0	4.386979263	1.04038215	-1.769896052	4.97206413466	1.64449816714	-2.14318506885	650
53	0.0	0.0	0.0	6.631635986	-0.330971	-0.313171	7.29001431483	0.0897385321163	-0.100289715166	651
53	0.0	0.25	0.0	6.27371182116	-0.0918108601897	-0.921949023169	6.92629833236	0.329397326363	-0.90296639746	652
53	0.0	0.5	0.0	5.72886338187	0.325780154764	-1.35287743179	6.36568907559	0.797288723361	-1.48292453744	653
53	0.0	0.75	0.0	5.0742370639	0.757833879836	-1.62813388751	5.6877548934	1.30009493349	-1.88228910471	654
53	0.0	1.0	0.0	4.386979263	1.04038215	-1.769896052	4.97206413466	1.64449816714	-2.14318506885	655
53	0.25	0.0	0.0	6.62518750366	-0.352810637952	-0.316918095807	7.28958559726	0.0640198269375	-0.105897914373	656
53	0.25	0.25	0.0	6.26044645358	-0.254009245227	-0.92466071906	6.92817171126	0.11436583329	-0.929543146901	657
53	0.25	0.5	0.0	5.70100952011	0.0415913439448	-1.36738397286	6.3707952929	0.426721138743	-1.57677968982	658
53	0.25	0.75	0.0	5.04140973277	0.378251905952	-1.67726734991	5.70010790599	0.814752135501	-2.06323944266	659
53	0.25	1.0	0.0	4.37618012105	0.600233217183	-1.88649034292	4.99876111435	1.09212521577	-2.40455430492	660
53	0.5	0.0	0.0	6.6110008425	-0.37358423516	-0.310125145781	7.28864241862	0.0347122818292	-0.103199391829	661
53	0.5	0.25	0.0	6.24253359786	-0.422435297714	-0.88442091463	6.9303441209	-0.106854395556	-0.886589922354	662
53	0.5	0.5	0.0	5.67099934294	-0.277122651555	-1.32773678726	6.37572529503	0.00902027347623	-1.57570130618	663
53	0.5	0.75	0.0	5.01062400165	-0.0768511102556	-1.66527893808	5.71862474735	0.220909909647	-2.13990168818	664
53	0.5	1.0	0.0	4.37563349788	0.0391745126083	-1.92225354146	5.05288128418	0.36738813368	-2.54855921322	665
53	0.75	0.0	0.0	6.59681418134	-0.393202964789	-0.296508622865	7.28769923998	0.00655960430103	-0.093677296395	666
53	0.75	0.25	0.0	6.2273996507	-0.58206939301	-0.815373637994	6.93452849374	-0.307216867831	-0.79195431618	667
53	0.75	0.5	0.0	5.64815122315	-0.587077590064	-1.24926612071	6.38613948105	-0.388706229849	-1.49137793104	668
53	0.75	0.75	0.0	4.98894670768	-0.530847590164	-1.60518990692	5.74560210333	-0.368285512628	-2.1089411401	669
53	0.75	1.0	0.0	4.37966391327	-0.53599942752	-1.89014883253	5.115986262	-0.376331747039	-2.56163694246	670
53	1.0	0.0	0.0	6.590365699	-0.411578	-0.279785	7.28727052241	-0.0156944981374	-0.0788147769309	671
53	1.0	0.25	0.0	6.22247100883	-0.717891906473	-0.731662917265	6.9424377623	-0.459675091192	-0.66348392074	672
53	1.0	0.5	0.0	5.64178353354	-0.844989229915	-1.14730221893	6.40769825003	-0.699350728644	-1.33549810894	673
53	1.0	0.75	0.0	4.98344468798	-0.907109955149	-1.51002151138	5.78333665978	-0.839687899885	-1.96702309724	674
53	1.0	1.0	0.0	4.382595887	-1.018494067	-1.803139401	5.16963766567	-0.985653094307	-2.43022464135	675
54	0.0	0.0	0.0	6.590365699	-0.411578	-0.279785	7.28727052241	-0.0156944981374	-0.0788147769309	676
54	0.0	0.25	0.0	6.22247100883	-0.717891906473	-0.731662917265	6.9424377623	-0.459675091192	-0.66348392074	677
54	0.0	0.5	0.0	5.64178353354	-0.844989229915	-1.14730221893	6.40769825003	-0.699350728644	-1.33549810894	678
54	0.0	0.75	0.0	4.98344468798	-0.907109955149	-1.51002151138	5.78333665978	-0.839687899885	-1.96702309724	679
54	0.0	1.0	0.0	4.382595887	-1.018494067	-1.803139401	5.16963766567	-0.985653094307	-2.43022464135	680
54	0.25	0.0	0.0	6.59706370681	-0.426479485767	-0.262317991294	7.29229065906	-0.0290575189108	-0.0478614120825	681
54	0.25	0.25	0.0	6.24250800393	-0.846126597145	-0.635118356401	6.96138085415	-0.589232481686	-0.504710933129	682
54	0.25	0.5	0.0	5.68671687621	-1.10942623725	-1.00226160049	6.4532445069	-0.987406589636	-1.06970804627	683
54	0.25	0.75	0.0	5.05058660666	-1.30432570476	-1.33321228421	5.85385353021	-1.29015072547	-1.61712434723	684
54	0.25	1.0	0.0	4.45501347829	-1.51877229838	-1.5974349682	5.24917983696	-1.56403577188	-2.02123143171	685
54	0.5	0.0	0.0	6.611799324	-0.436755598079	-0.243158762234	7.3033349597	-0.0359490082359	0.000967800489979	686
54	0.5	0.25	0.0	6.28145162369	-0.969522370294	-0.518878643863	6.98801326381	-0.711290196315	-0.314592628796	687
54	0.5	0.5	0.0	5.77488888357	-1.39086853133	-0.801749364428	6.51167998767	-1.27834107666	-0.699805825679	688
54	0.5	0.75	0.0	5.18571029406	-1.73976419214	-1.05965103711	5.94566149767	-1.75078675099	-1.07475373128	689
54	0.5	1.0	0.0	4.60751504555	-2.05517946366	-1.26046377509	5.36128416026	-2.14231232103	-1.35951828671	690
54	0.75	0.0	0.0	6.62653494119	-0.442791161351	-0.222154152058	7.31437926034	-0.0385999485216	0.0516423941797	691
54	0.75	0.25	0.0	6.31576244169	-1.05909650965	-0.385091340813	7.01013359665	-0.793840778088	-0.104582925137	692
54	0.75	0.5	0.0	5.85214216019	-1.60696553267	-0.564063773026	6.55923475103	-1.48868201894	-0.287898460586	693
54	0.75	0.75	0.0	5.30522493096	-2.08119978503	-0.73059517085	6.02094495044	-2.09213410874	-0.46927192285	694
54	0.75	1.0	0.0	4.74456158829	-2.47660082135	-0.856209256438	5.45452642186	-2.57320748516	-0.61967102261	695
54	1.0	0.0	0.0	6.633232949	-0.444971	-0.199151	7.31939939699	-0.0392413221769	0.0881319023798	696
54	1.0	0.25	0.0	6.32190103156	-1.08586629894	-0.235904008413	7.01554045802	-0.804876770015	0.113864260456	697
54	1.0	0.5	0.0	5.86431931062	-1.67536666176	-0.307503088563	6.57213885571	-1.53495724571	0.10390703558	698
54	1.0	0.75	0.0	5.32553969813	-2.1964068512	-0.387302086181	6.0418882768	-2.18473093101	0.0699604045871	699
54	1.0	1.0	0.0	4.770614106	-2.63192163	-0.448654847	5.47748240806	-2.70944600768	0.0237245443098	700
57	0.0	0.0	0.0	6.633232949	-0.444971	-0.199151	7.31939939699	-0.0392413221769	0.0881319023798	701
57	0.0	0.25	0.0	6.32190103156	-1.08586629894	-0.235904008413	7.01554045802	-0.804876770015	0.113864260456	702
57	0.0	0.5	0.0	5.86431931062	-1.67536666176	-0.307503088563	6.57213885571	-1.53495724571	0.10390703558	703
57	0.0	0.75	0.0	5.32553969813	-2.1964068512	-0.387302086181	6.0418882768	-2.18473093101	0.0699604045871	704
57	0.0	1.0	0.0	4.770614106	-2.63192163	-0.448654847	5.47748240806	-2.70944600768	0.0237245443098	705
57	0.25	0.0	0.0	6.62705603244	-0.443166236584	-0.176316614424	7.3166697885	-0.0358231352178	0.122659371796	706
57	0.25	0.25	0.0	6.28972899336	-1.04749971877	-0.105070164904	6.9962456305	-0.7542253694	0.308713414524	707
57	0.25	0.5	0.0	5.79420984351	-1.59167600167	-0.107016725614	6.53482769076	-1.43803609947	0.41856277275	708
57	0.25	0.75	0.0	5.2244316018	-2.07010808406	-0.137903204611	5.99143783845	-2.04900111927	0.477384006716	709
57	0.25	1.0	0.0	4.66432728711	-2.47720896476	-0.153476509953	5.42509794274	-2.54886622264	0.510353676665	710
57	0.5	0.0	0.0	6.613466816	-0.437001777756	-0.155224109174	7.31066464983	-0.0261091445947	0.169476661494	711
57	0.5	0.25	0.0	6.23577240587	-0.967182509121	0.00375646052607	6.9609511451	-0.671159417971	0.48564501339	712
57	0.5	0.5	0.0	5.67926200347	-1.42069744473	0.0550358175987	6.46322975091	-1.2726436049	0.725016247768	713
57	0.5	0.75	0.0	5.05812161792	-1.80594861222	0.0670683539122	5.89395591445	-1.80047840678	0.907404383782	714
57	0.5	1.0	0.0	4.48653725837	-2.13133803923	0.108308461335	5.32958508291	-2.22458052499	1.05262344059	715
57	0.75	0.0	0.0	6.59987759956	-0.426475430049	-0.135948299337	7.30465951115	-0.0120332650936	0.214477255778	716
57	0.75	0.25	0.0	6.183656334	-0.860801814788	0.0946687623239	6.92404056616	-0.563506039921	0.636929836756	717
57	0.75	0.5	0.0	5.56927991324	-1.20260922156	0.183582233575	6.38610140514	-1.06607805561	0.993016485575	718
57	0.75	0.75	0.0	4.89628535256	-1.47607935139	0.225823362756	5.7848244903	-1.49630615652	1.29154204462	719
57	0.75	1.0	0.0	4.30420966719	-1.70539390532	0.316423398205	5.2141922839	-1.83074718703	1.54131135628	720
57	1.0	0.0	0.0	6.593700683	-0.411585	-0.118564	7.30192990266	0.00447058849892	0.243554638955	721
57	1.0	0.25	0.0	6.15700584262	-0.744244780573	0.171759634936	6.89989745808	-0.439092359441	0.754838664323	722
57	1.0	0.5	0.0	5.5140676956	-0.97758956275	0.283550214816	6.33219902243	-0.845637745192	1.19231251111	723
57	1.0	0.75	0.0	4.80859841177	-1.1526512173	0.336572595288	5.69942555149	-1.19362773148	1.56131749806	724
57	1.0	1.0	0.0	4.184310161	-1.310461615	0.450591632	5.10216800105	-1.46152448103	1.86719494394	725
58	0.0	0.0	0.0	6.593700683	-0.411585	-0.118564	7.30192990266	0.00447058849892	0.243554638955	726
58	0.0	0.25	0.0	6.15700584262	-0.744244780573	0.171759634936	6.89989745808	-0.439092359441	0.754838664323	727
58	0.0	0.5	0.0	5.5140676956	-0.97758956275	0.283550214816	6.33219902243	-0.845637745192	1.19231251111	728
58	0.0	0.75	0.0	4.80859841177	-1.1526512173	0.336572595288	5.69942555149	-1.19362773148	1.56131749806	729
58	0.0	1.0	0.0	4.184310161	-1.310461615	0.450591632	5.10216800105	-1.46152448103	1.86719494394	730
58	0.25	0.0	0.0	6.59693733019	-0.393674134827	-0.102765158988	7.2998615206	0.0271671577316	0.258484195187	731
58	0.25	0.25	0.0	6.1571321081	-0.61197492839	0.245033042135	6.88648207946	-0.285142202341	0.852945494749	732
58	0.25	0.5	0.0	5.51181157254	-0.721696116456	0.38548928919	6.29933377736	-0.560349110953	1.34471019917	733
58	0.25	0.75	0.0	4.79357604735	-0.786792332363	0.450456048589	5.63935927407	-0.796435842011	1.74553085657	734
58	0.25	1.0	0.0	4.13502585638	-0.871218209451	0.571785786745	5.00750122939	-0.991384669421	2.06716001507	735
58	0.5	0.0	0.0	6.604057954	-0.373402086356	-0.0893186160762	7.29531108006	0.0579677551354	0.270018311583	736
58	0.5	0.25	0.0	6.16752178336	-0.46070634498	0.314897795574	6.87515200874	-0.0992898737851	0.937578958131	737
58	0.5	0.5	0.0	5.5288672795	-0.430523806362	0.496767374412	6.27415678484	-0.198905940697	1.46513836258	738
58	0.5	0.75	0.0	4.80884930156	-0.36698982336	0.585662571857	5.59587224051	-0.277074317974	1.87800655169	739
58	0.5	1.0	0.0	4.12822270872	-0.354239748835	0.710955839325	4.9438452079	-0.369988877991	2.20149355224	740
58	0.75	0.0	0.0	6.61117857781	-0.352067994706	-0.0821465151261	7.29076063953	0.089830395717	0.275277986017	741
58	0.75	0.25	0.0	6.1858198668	-0.3074567225	0.36550353823	6.86953766548	0.0937838702552	0.987867439805	742
58	0.75	0.5	0.0	5.56660765758	-0.144082770676	0.589621523151	6.26301617991	0.176156314144	1.52810415609	743
58	0.75	0.75	0.0	4.85713357326	0.0398084557966	0.7043348644	5.57521307507	0.260718164328	1.9341945311	744
58	0.75	1.0	0.0	4.16098923695	0.145971551949	0.823770986743	4.91014524318	0.271239857752	2.24434496101	745
58	1.0	0.0	0.0	6.614415225	-0.330971	-0.085171	7.28869225747	0.115713094483	0.271384216363	746
58	1.0	0.25	0.0	6.20967135681	-0.169243753109	0.380999913081	6.8732694692	0.269398273807	0.982939325104	747
58	1.0	0.5	0.0	5.62640554789	0.0976168523927	0.636288788073	6.2722600976	0.502302202133	1.50811473447	748
58	1.0	0.75	0.0	4.94114426128	0.366654651198	0.768615625528	5.58363040202	0.713202928588	1.88954474243	749
58	1.0	1.0	0.0	4.23041396	0.534913478	0.865900426	4.90534664182	0.800878502299	2.16986364697	750
61	0.0	0.0	0.0	6.614415225	-0.330971	-0.085171	7.28869225747	0.115713094483	0.271384216363	751
61	0.0	0.25	0.0	6.20967135681	-0.169243753109	0.380999913081	6.8732694692	0.269398273807	0.982939325104	752
61	0.0	0.5	0.0	5.62640554789	0.0976168523927	0.636288788073	6.2722600976	0.502302202133	1.50811473447	753
61	0.0	0.75	0.0	4.94114426128	0.366654651198	0.768615625528	5.58363040202	0.713202928588	1.88954474243	754
61	0.0	1.0	0.0	4.23041396	0.534913478	0.865900426	4.90534664182	0.800878502299	2.16986364697	755
61	0.25	0.0	0.0	6.61708164281	-0.308198531676	-0.09158817374	7.286959427	0.144877197568	0.260697841617	756
61	0.25	0.25	0.0	6.22940781101	-0.0696033951982	0.368709486737	6.88200477869	0.392459499842	0.94870016183	757
61	0.25	0.5	0.0	5.67598543454	0.245490023165	0.622102266604	6.29661413614	0.697038375643	1.4370027597	758
61	0.25	0.75	0.0	5.01722520024	0.544061108143	0.749454535544	5.62100946143	0.959309198171	1.78023100964	759
61	0.25	1.0	0.0	4.31353779496	0.733089244463	0.831630663245	4.94541271659	1.07996734062	2.03301028605	760
61	0.5	0.0	0.0	6.622947762	-0.283627088598	-0.0958402955884	7.28314719996	0.183510237121	0.247053477555	761
61	0.5	0.25	0.0	6.25552340272	0.0250866228855	0.344843291398	6.89406983872	0.509680189287	0.896434478458	762
61	0.5	0.5	0.0	5.73992130896	0.402071862063	0.574627213586	6.33641622016	0.902287091711	1.31784087856	763
61	0.5	0.75	0.0	5.12020728013	0.750711644793	0.680201067849	5.68861336527	1.24427195223	1.59397999634	764
61	0.5	1.0	0.0	4.44044711564	0.974388986937	0.748254451058	5.02908829506	1.41857577866	1.8075591503	765
61	0.75	0.0	0.0	6.62881388119	-0.26257435122	-0.103106019643	7.27933497292	0.218624570973	0.230395511287	766
61	0.75	0.25	0.0	6.2819792571	0.116666858565	0.292324760135	6.9068726094	0.623125500963	0.805846840233	767
61	0.75	0.5	0.0	5.80413952125	0.549616639409	0.489351930532	6.37834818295	1.09546302644	1.15620668941	768
61	0.75	0.75	0.0	5.22169537646	0.940511609354	0.574081789275	5.75946018787	1.50740941211	1.37429551404	769
61	0.75	1.0	0.0	4.56104752549	1.19358838644	0.632620634093	5.11590711845	1.73073692272	1.55293376934	770
61	1.0	0.0	0.0	6.631480299	-0.250358	-0.118564	7.27760214245	0.237232556954	0.210668329924	771
61	1.0	0.25	0.0	6.30273649934	0.206977869264	0.194077326021	6.91782105083	0.734860593688	0.656641812403	772
61	1.0	0.5	0.0	5.85456642157	0.670378625527	0.361764718952	6.40909185782	1.25398085592	0.957677790644	773
61	1.0	0.75	0.0	5.29329436476	1.06736635003	0.444323266656	5.8065680035	1.6880397992	1.16468137424	774
61	1.0	1.0	0.0	4.625244628	1.325463124	0.501578057	5.16540292794	1.93048387911	1.32855767278	775
62	0.0	0.0	0.0	6.631480299	-0.250358	-0.118564	7.27760214245	0.237232556954	0.210668329924	776
62	0.0	0.25	0.0	6.30273649934	0.206977869264	0.194077326021	6.91782105083	0.734860593688	0.656641812403	777
62	0.0	0.5	0.0	5.85456642157	0.670378625527	0.361764718952	6.40909185782	1.25398085592	0.957677790644	778
62	0.0	0.75	0.0	5.29329436476	1.06736635003	0.444323266656	5.8065680035	1.6880397992	1.16468137424	779
62	0.0	1.0	0.0	4.625244628	1.325463124	0.501578057	5.16540292794	1.93048387911	1.32855767278	780
62	0.25	0.0	0.0	6.63423896369	-0.241862533882	-0.138723664459	7.27667998948	0.24991288737	0.184299247157	781
62	0.25	0.25	0.0	6.31325792688	0.274888768734	0.0944197031292	6.92091776759	0.821631680806	0.515499733895	782
62	0.25	0.5	0.0	5.87961266568	0.7452235677	0.225148808805	6.42139470592	1.3601995872	0.766257607471	783
62	0.25	0.75	0.0	5.32261919607	1.12758549766	0.291926288581	5.82512545254	1.79053677462	0.952484871178	784
62	0.25	1.0	0.0	4.63159353401	1.38041819327	0.333214778466	5.17912465555	2.03756341114	1.09009352831	785
62	0.5	0.0	0.0	6.640308026	-0.230750059141	-0.158453165927	7.27465125295	0.270232063567	0.15090902541	786
62	0.5	0.25	0.0	6.31742410012	0.313244228666	0.0151288952101	6.916862869	0.875801148833	0.411330870823	787
62	0.5	0.5	0.0	5.88779139237	0.788102987797	0.0859212064656	6.42329187725	1.4334934101	0.580062073992	788
62	0.5	0.75	0.0	5.3297859782	1.16848409764	0.0992098141864	5.83347698838	1.87828391313	0.687369555393	789
62	0.5	1.0	0.0	4.62178393301	1.4290454376	0.10028076472	5.1869569131	2.1451477237	0.763520235504	790
62	0.75	0.0	0.0	6.64637708831	-0.22109480483	-0.178385084432	7.27262251641	0.289094019333	0.117316386626	791
62	0.75	0.25	0.0	6.31702729095	0.333598993607	-0.0778131217841	6.91065414891	0.908227657035	0.290932207541	792
62	0.75	0.5	0.0	5.88234125065	0.813166140505	-0.071376913134	6.41784930967	1.48144616617	0.375777872736	793
62	0.75	0.75	0.0	5.31900986023	1.19920768022	-0.109389629934	5.83050425865	1.94559627516	0.409439494524	794
62	0.75	1.0	0.0	4.6037240125	1.47332465712	-0.142164443637	5.18491525583	2.23752471242	0.429503185217	795
62	1.0	0.0	0.0	6.649135753	-0.216971	-0.199152	7.27170036344	0.297402688461	0.0903400527501	796
62	1.0	0.25	0.0	6.31385977124	0.347507808106	-0.218424371901	6.90728940119	0.929769864678	0.101100728404	797
62	1.0	0.5	0.0	5.8665008895	0.834562280512	-0.26220437506	6.40813294103	1.511641697	0.130091686235	798
62	1.0	0.75	0.0	5.29450599126	1.22890177566	-0.309435517188	5.81508891096	1.98678892116	0.158798756209	799
62	1.0	1.0	0.0	4.58532196	1.515235652	-0.339061306	5.16901523899	2.2989822729	0.168707768295	800
