Elem	xi[0]	xi[1]	xi[2]	Y[0]	Y[1]	Y[2]	y[0]	y[1]	y[2]	Index
1	0.0	0.0	0.0	0.36984638	2.592769335	-0.213607145	0.470549694114	1.73837079799	0.0932636575199	1
1	0.0	0.25	0.0	-0.200969533618	2.46870281306	-0.226010336661	-0.142132668556	1.57419990456	0.117347376633	2
1	0.0	0.5	0.0	-0.749561932055	2.24343033945	-0.285737968059	-0.755275547985	1.39266108643	0.11766663908	3
1	0.0	0.75	0.0	-1.32382101946	1.95755290362	-0.365439214428	-1.36605247989	1.20429327789	0.116961899681	4
1	0.0	1.0	0.0	-1.971637	1.651671495	-0.437763251	-1.971637	1.01963541323	0.137973613259	5
1	0.25	0.0	0.0	0.350155870997	2.48882805073	-0.424242726788	0.447423454062	1.71924416258	-0.255671482445	6
1	0.25	0.25	0.0	-0.204278654922	2.3840687262	-0.447956375	-0.158667223795	1.55993065531	-0.245083879776	7
1	0.25	0.5	0.0	-0.738718546114	2.17159860178	-0.528853009726	-0.760035032811	1.38561695463	-0.265707152148	8
1	0.25	0.75	0.0	-1.3091694465	1.90793709222	-0.608471375825	-1.36243871191	1.21343024544	-0.271149377099	9
1	0.25	1.0	0.0	-1.971637	1.64960361228	-0.628350218159	-1.971637	1.06049771263	-0.215018632167	10
1	0.5	0.0	0.0	0.311078018065	2.26861295899	-0.639175175479	0.405897025035	1.64811418464	-0.676282391182	11
1	0.5	0.25	0.0	-0.213976445235	2.16082205654	-0.700771013462	-0.186184589117	1.49337981387	-0.702745181031	12
1	0.5	0.5	0.0	-0.742140166209	1.97190013718	-0.807996528761	-0.77499501842	1.33208590328	-0.74031199454	13
1	0.5	0.75	0.0	-1.31437354956	1.74485780486	-0.904514699587	-1.36774293225	1.17602921253	-0.767670175745	14
1	0.5	1.0	0.0	-1.971637	1.52270566351	-0.933988504152	-1.971637	1.03700650129	-0.763507068683	15
1	0.75	0.0	0.0	0.271680920351	2.0063446325	-0.84295448768	0.369788745262	1.55027077889	-1.08796524976	16
1	0.75	0.25	0.0	-0.230128370234	1.88284443122	-0.945730617141	-0.209745053558	1.39562014939	-1.15791219001	17
1	0.75	0.5	0.0	-0.763325411873	1.72192873082	-1.07415741963	-0.794026167782	1.24914539112	-1.20563078646	18
1	0.75	0.75	0.0	-1.33984876749	1.53271377488	-1.18731299099	-1.3817562618	1.10736461374	-1.25670297495	19
1	0.75	1.0	0.0	-1.971637	1.32431580698	-1.24427542707	-1.971637	0.966795926908	-1.33671069133	20
1	1.0	0.0	0.0	0.251032677	1.776243644	-1.02013066	0.362916952973	1.45100386009	-1.41011623925	21
1	1.0	0.25	0.0	-0.252799895598	1.63401747737	-1.14411155113	-0.214408906153	1.28772443102	-1.5128605696	22
1	1.0	0.5	0.0	-0.805772902637	1.49927816785	-1.27832457681	-0.81099914387	1.15387287689	-1.56114642627	23
1	1.0	0.75	0.0	-1.38601053911	1.33590373566	-1.39061005533	-1.40426982141	1.02271088363	-1.6223502534	24
1	1.0	1.0	0.0	-1.971637	1.107772201	-1.448808305	-1.971637	0.867500137174	-1.76384849516	25
2	0.0	0.0	0.0	0.251032677	1.776243644	-1.02013066	0.362916952973	1.45100386009	-1.41011623925	26
2	0.0	0.25	0.0	-0.252799895598	1.63401747737	-1.14411155113	-0.214408906153	1.28772443102	-1.5128605696	27
2	0.0	0.5	0.0	-0.805772902637	1.49927816785	-1.27832457681	-0.81099914387	1.15387287689	-1.56114642627	28
2	0.0	0.75	0.0	-1.38601053911	1.33590373566	-1.39061005533	-1.40426982141	1.02271088363	-1.6223502534	29
2	0.0	1.0	0.0	-1.971637	1.107772201	-1.448808305	-1.971637	0.867500137174	-1.76384849516	30
2	0.25	0.0	0.0	0.224538009242	1.5258791019	-1.19798082618	0.353285543301	1.33676590274	-1.74221194391	31
2	0.25	0.25	0.0	-0.287230113165	1.37760227309	-1.32164222049	-0.218630732187	1.16487553696	-1.85475810541	32
2	0.25	0.5	0.0	-0.849141423181	1.25553974122	-1.46098968828	-0.822142676069	1.0302031231	-1.91657885473	33
2	0.25	0.75	0.0	-1.4232567693	1.10190207464	-1.56520649135	-1.41917114609	0.893455263796	-1.98449310876	34
2	0.25	1.0	0.0	-1.971637	0.858899841718	-1.58347589151	-1.971637	0.715338561703	-2.1153197844	35
2	0.5	0.0	0.0	0.174882251566	1.2330888809	-1.37394374328	0.31130265598	1.19786101324	-2.1244017487	36
2	0.5	0.25	0.0	-0.327760903773	1.09518911186	-1.49448769267	-0.243183397923	1.02647832231	-2.23086001404	37
2	0.5	0.5	0.0	-0.873062615599	0.959472917558	-1.65625132713	-0.830556718221	0.869527720413	-2.33898038451	38
2	0.5	0.75	0.0	-1.43102170673	0.794470336949	-1.76887983136	-1.41773526541	0.70284733298	-2.43661648395	39
2	0.5	1.0	0.0	-1.971637	0.568711408971	-1.74201839008	-1.971637	0.502275285447	-2.5116219362	40
2	0.75	0.0	0.0	0.129858797357	0.932990797208	-1.55867706749	0.271396224644	1.02448312051	-2.49893854707	41
2	0.75	0.25	0.0	-0.362731820913	0.81244893447	-1.67279090034	-0.268233369262	0.855965851301	-2.59159303943	42
2	0.75	0.5	0.0	-0.886633395456	0.656344844002	-1.84734294462	-0.835926906309	0.669669557378	-2.7375228172	43
2	0.75	0.75	0.0	-1.42766282293	0.47656031027	-1.96493961769	-1.41071718404	0.47031607276	-2.85847796203	44
2	0.75	1.0	0.0	-1.971637	0.284977117739	-1.90818733686	-1.971637	0.262627231465	-2.87620855559	45
2	1.0	0.0	0.0	0.11726104	0.660702667	-1.762838455	0.267994182925	0.806826153473	-2.8080752325	46
2	1.0	0.25	0.0	-0.380482418077	0.555052681717	-1.86669477619	-0.273947112104	0.636771188173	-2.88738392551	47
2	1.0	0.5	0.0	-0.898950678318	0.391422667684	-2.01749799205	-0.83793887632	0.428451522545	-3.02137795438	48
2	1.0	0.75	0.0	-1.4315375894	0.211123782309	-2.11669539263	-1.40887190665	0.215290464716	-3.12983512609	49
2	1.0	1.0	0.0	-1.971637	0.055467183	-2.065734268	-1.971637	0.030711322811	-3.13253324761	50
5	0.0	0.0	0.0	0.11726104	0.660702667	-1.762838455	0.267994182925	0.806826153473	-2.8080752325	51
5	0.0	0.25	0.0	-0.380482418077	0.555052681717	-1.86669477619	-0.273947112104	0.636771188173	-2.88738392551	52
5	0.0	0.5	0.0	-0.898950678318	0.391422667684	-2.01749799205	-0.83793887632	0.428451522545	-3.02137795438	53
5	0.0	0.75	0.0	-1.4315375894	0.211123782309	-2.11669539263	-1.40887190665	0.215290464716	-3.12983512609	54
5	0.0	1.0	0.0	-1.971637	0.055467183	-2.065734268	-1.971637	0.030711322811	-3.13253324761	55
5	0.25	0.0	0.0	0.133740006583	0.0178407126888	-2.11701286416	0.316856067185	0.0883373970692	-3.23996799836	56
5	0.25	0.25	0.0	-0.384077659575	-0.0498406473896	-2.17353472192	-0.246949110012	-0.0644355076591	-3.27538809908	57
5	0.25	0.5	0.0	-0.91534014845	-0.158833689427	-2.21411868086	-0.83090262501	-0.238062286503	-3.29778531336	58
5	0.25	0.75	0.0	-1.44840681145	-0.280250980937	-2.22004255597	-1.41310006071	-0.404322415214	-3.30196509861	59
5	0.25	1.0	0.0	-1.971637	-0.385205089433	-2.17258416223	-1.971637	-0.534995369541	-3.2827329122	60
5	0.5	0.0	0.0	0.138445249884	-0.750195773717	-2.27200674184	0.355886453772	-0.863977429922	-3.4286844829	61
5	0.5	0.25	0.0	-0.374245719836	-0.782915672876	-2.26265699759	-0.214416335493	-0.98464807003	-3.40513894201	62
5	0.5	0.5	0.0	-0.91028512361	-0.828615177386	-2.21704661197	-0.814631269791	-1.09496672667	-3.34740354739	63
5	0.5	0.75	0.0	-1.44947990311	-0.887068565645	-2.14324929096	-1.41146820575	-1.2033942836	-3.26832510043	64
5	0.5	1.0	0.0	-1.971637	-0.958050116054	-2.04933874051	-1.971637	-1.31839162458	-3.18075040248	65
5	0.75	0.0	0.0	0.148857931493	-1.52248528051	-2.29435200211	0.396633294242	-1.84157397186	-3.40270503831	66
5	0.75	0.25	0.0	-0.349606966793	-1.52413188381	-2.22370622213	-0.177455553566	-1.92343656621	-3.3267602596	67
5	0.75	0.5	0.0	-0.885925476435	-1.51221340289	-2.11520073206	-0.79200593593	-1.96738329696	-3.2194109124	68
5	0.75	0.75	0.0	-1.43497601499	-1.5057007037	-1.97531588262	-1.40430427677	-2.01108526478	-3.08559784408	69
5	0.75	1.0	0.0	-1.971637	-1.52356465215	-1.81053202453	-1.971637	-2.09221357038	-2.93026190204	70
5	1.0	0.0	0.0	0.182459213	-2.178106296	-2.250580559	0.450644540153	-2.6359078731	-3.19051001677	71
5	1.0	0.25	0.0	-0.308781768382	-2.15344876925	-2.14632701447	-0.137173529252	-2.68037106348	-3.09037585712	72
5	1.0	0.5	0.0	-0.844401079561	-2.10391997265	-1.99749998778	-0.765907748693	-2.68043349638	-2.9629856643	73
5	1.0	0.75	0.0	-1.40511429771	-2.03251912697	-1.80524261596	-1.39193620875	-2.65655548312	-2.81046604214	74
5	1.0	1.0	0.0	-1.971637	-1.942245453	-1.570698036	-1.971637	-2.62919733501	-2.63494359448	75
6	0.0	0.0	0.0	0.182459213	-2.178106296	-2.250580559	0.450644540153	-2.6359078731	-3.19051001677	76
6	0.0	0.25	0.0	-0.308781768382	-2.15344876925	-2.14632701447	-0.137173529252	-2.68037106348	-3.09037585712	77
6	0.0	0.5	0.0	-0.844401079561	-2.10391997265	-1.99749998778	-0.765907748693	-2.68043349638	-2.9629856643	78
6	0.0	0.75	0.0	-1.40511429771	-2.03251912697	-1.80524261596	-1.39193620875	-2.65655548312	-2.81046604214	79
6	0.0	1.0	0.0	-1.971637	-1.942245453	-1.570698036	-1.971637	-2.62919733501	-2.63494359448	80
6	0.25	0.0	0.0	0.230252723417	-2.85283775477	-1.99808361867	0.510231223102	-3.36729519761	-2.64633711208	81
6	0.25	0.25	0.0	-0.265681134457	-2.79585025788	-1.89569138182	-0.100456369289	-3.36772062682	-2.55705538267	82
6	0.25	0.5	0.0	-0.802712205142	-2.69450120522	-1.73994037835	-0.745392404094	-3.31578426067	-2.43405319714	83
6	0.25	0.75	0.0	-1.37365461793	-2.55006247358	-1.53680758389	-1.38290505661	-3.21674107989	-2.29348600645	84
6	0.25	1.0	0.0	-1.97132250212	-2.36380593977	-1.29226997409	-1.97132250212	-3.07584606523	-2.15150926151	85
6	0.5	0.0	0.0	0.26477242535	-3.56462360724	-1.46382323599	0.553841290115	-4.10039323148	-1.78591509487	86
6	0.5	0.25	0.0	-0.239162275522	-3.4772900332	-1.38331004154	-0.074578059821	-4.06012843787	-1.7234727964	87
6	0.5	0.5	0.0	-0.778994900957	-3.30881983767	-1.25598523345	-0.734182250602	-3.94253394456	-1.61838532898	88
6	0.5	0.75	0.0	-1.35583655432	-3.0995094805	-1.09441097474	-1.3809345783	-3.7799661977	-1.50292669803	89
6	0.5	1.0	0.0	-1.97079833899	-2.88965542158	-0.911149428411	-1.97079833899	-3.60478164343	-1.40937090897	90
6	0.75	0.0	0.0	0.285607513608	-4.12290664934	-0.808176981563	0.584631137149	-4.66494238678	-0.823071690586	91
6	0.75	0.25	0.0	-0.227346034172	-4.01872757963	-0.758400713421	-0.053753969967	-4.60108471789	-0.793416529803	92
6	0.75	0.5	0.0	-0.771800077215	-3.80192984781	-0.682601766958	-0.723382356953	-4.43348767546	-0.725573969317	93
6	0.75	0.75	0.0	-1.35162557984	-3.54474400507	-0.591107767164	-1.37783515777	-4.22567980039	-0.653284701308	94
6	0.75	1.0	0.0	-1.97069350636	-3.3194006026	-0.49424633903	-1.97069350636	-4.04118963356	-0.610289417951	95
6	1.0	0.0	0.0	0.292347183	-4.337129677	-0.191522426	0.605757160159	-4.89068307561	0.0283653753322	96
6	1.0	0.25	0.0	-0.228353253002	-4.2411223816	-0.17018111729	-0.0321994688477	-4.83407968816	0.0293249856347	97
6	1.0	0.5	0.0	-0.779678644124	-4.02888521348	-0.156757192744	-0.704097791884	-4.66145058079	0.0347889723162	98
6	1.0	0.75	0.0	-1.36098716743	-3.74964990462	-0.139952939826	-1.36541717894	-4.43333085183	0.0409433992822	99
6	1.0	1.0	0.0	-1.971637	-3.452648187	-0.108470646	-1.971637	-4.21025559957	0.0439743304383	100
9	0.0	0.0	0.0	0.292347183	-4.337129677	-0.191522426	0.605757160159	-4.89068307561	0.0283653753322	101
9	0.0	0.25	0.0	-0.228353253002	-4.2411223816	-0.17018111729	-0.0321994688477	-4.83407968816	0.0293249856347	102
9	0.0	0.5	0.0	-0.779678644124	-4.02888521348	-0.156757192744	-0.704097791884	-4.66145058079	0.0347889723162	103
9	0.0	0.75	0.0	-1.36098716743	-3.74964990462	-0.139952939826	-1.36541717894	-4.43333085183	0.0409433992822	104
9	0.0	1.0	0.0	-1.971637	-3.452648187	-0.108470646	-1.971637	-4.21025559957	0.0439743304383	105
9	0.25	0.0	0.0	0.275958542229	-4.13565980137	0.354026043542	0.603821105931	-4.72644099314	0.78509302166	106
9	0.25	0.25	0.0	-0.241039389398	-4.06405227566	0.350224636177	-0.0252911168445	-4.69126807147	0.757587342107	107
9	0.25	0.5	0.0	-0.793043913793	-3.88767235637	0.314996767645	-0.696515590068	-4.54613041017	0.703385579497	108
9	0.25	0.75	0.0	-1.37327740801	-3.62555304406	0.274955488013	-1.36226755405	-4.33579514991	0.649716180677	109
9	0.25	1.0	0.0	-1.97496224912	-3.29672733929	0.256713847347	-1.97496224912	-4.10502943137	0.623807592495	110
9	0.5	0.0	0.0	0.239976908244	-3.66766766206	0.948820773242	0.577660977216	-4.3126227549	1.66638239911	111
9	0.5	0.25	0.0	-0.262243735465	-3.6273940496	0.919296884787	-0.0383824639125	-4.3014974457	1.60659334964	112
9	0.5	0.5	0.0	-0.806864586867	-3.4897991205	0.853293146031	-0.708571929391	-4.19492785112	1.51657135854	113
9	0.5	0.75	0.0	-1.38318075742	-3.2765487875	0.76930796194	-1.37518202552	-4.03513745135	1.42836349847	114
9	0.5	1.0	0.0	-1.98048735858	-3.00930896332	0.685839737478	-1.98048735858	-3.86434972657	1.37401684208	115
9	0.75	0.0	0.0	0.203021630387	-3.08232467948	1.44388517357	0.541854821396	-3.76650671118	2.47272469368	116
9	0.75	0.25	0.0	-0.283681588786	-3.07795574863	1.39374944308	-0.0609201114079	-3.79016201353	2.3854372968	117
9	0.75	0.5	0.0	-0.818760633163	-2.98443973015	1.30540076275	-0.725523542864	-3.73441527258	2.27511261963	118
9	0.75	0.75	0.0	-1.39012240055	-2.83406936114	1.18468427773	-1.38831994473	-3.63915897609	2.16541856711	119
9	0.75	1.0	0.0	-1.98567378876	-2.6591373787	1.03744513312	-1.98567378876	-3.54428561181	2.0800230442	120
9	1.0	0.0	0.0	0.183712058	-2.528802274	1.690242655	0.510980685852	-3.20537121224	3.00461109137	121
9	1.0	0.25	0.0	-0.297068246947	-2.56254541799	1.63029612558	-0.0823506606871	-3.28265597765	2.90321347218	122
9	1.0	0.5	0.0	-0.826352022498	-2.52076840961	1.51858843815	-0.732627163502	-3.29116504348	2.77977567296	123
9	1.0	0.75	0.0	-1.3935275223	-2.42954699118	1.36266423115	-1.3858406631	-3.25566094407	2.64941460106	124
9	1.0	1.0	0.0	-1.987983	-2.314956905	1.170068143	-1.987983	-3.20090621374	2.52724716384	125
10	0.0	0.0	0.0	0.183712058	-2.528802274	1.690242655	0.510980685852	-3.20537121224	3.00461109137	126
10	0.0	0.25	0.0	-0.297068246947	-2.56254541799	1.63029612558	-0.0823506606871	-3.28265597765	2.90321347218	127
10	0.0	0.5	0.0	-0.826352022498	-2.52076840961	1.51858843815	-0.732627163502	-3.29116504348	2.77977567296	128
10	0.0	0.75	0.0	-1.3935275223	-2.42954699118	1.36266423115	-1.3858406631	-3.25566094407	2.64941460106	129
10	0.0	1.0	0.0	-1.987983	-2.314956905	1.170068143	-1.987983	-3.20090621374	2.52724716384	130
10	0.25	0.0	0.0	0.184970362183	-1.97784601388	1.6932757932	0.498536492358	-2.57339443211	3.24972257392	131
10	0.25	0.25	0.0	-0.298793972022	-2.02084500858	1.6387718108	-0.0908034622314	-2.67326977846	3.17249490866	132
10	0.25	0.5	0.0	-0.83073784712	-1.98993851164	1.51708864272	-0.726385569064	-2.70277819966	3.06975848626	133
10	0.25	0.75	0.0	-1.39751505487	-1.91155103276	1.34710306786	-1.37058561503	-2.68077915123	2.94625628614	134
10	0.25	1.0	0.0	-1.98577938704	-1.81210708161	1.1476918651	-1.98577938704	-2.6261320887	2.80673128768	135
10	0.5	0.0	0.0	0.203309229424	-1.31628230908	1.58524695488	0.507186370982	-1.78260655718	3.35066818824	136
10	0.5	0.25	0.0	-0.284986796752	-1.35624785115	1.54523342328	-0.0853445791983	-1.87402756951	3.30959179249	137
10	0.5	0.5	0.0	-0.827154301103	-1.33213264472	1.4395746762	-0.721482944258	-1.91096140322	3.22400474146	138
10	0.5	0.75	0.0	-1.40009548917	-1.2701405022	1.29187378947	-1.36526138607	-1.90758679357	3.10784183833	139
10	0.5	1.0	0.0	-1.9807125665	-1.19647523599	1.12573383893	-1.9807125665	-1.87808247578	2.97503788628	140
10	0.75	0.0	0.0	0.248280613953	-0.629734689247	1.39825668112	0.538266188065	-0.969717661952	3.29840725628	141
10	0.75	0.25	0.0	-0.246035116991	-0.665744220107	1.37230037454	-0.0623244351304	-1.04604243956	3.28838019186	142
10	0.75	0.5	0.0	-0.803594485289	-0.651507433624	1.29871286887	-0.711377004729	-1.08533482849	3.21948700882	143
10	0.75	0.75	0.0	-1.39108507313	-0.608374316545	1.19473888613	-1.36397314062	-1.0994993092	3.1139807422	144
10	0.75	1.0	0.0	-1.97519446271	-0.557694855622	1.07762314829	-1.97519446271	-1.10044036216	2.99411442704	145
10	1.0	0.0	0.0	0.32943647	-0.003826684	1.164405513	0.593111809952	-0.271437820904	3.08389910002	146
10	1.0	0.25	0.0	-0.172327328592	-0.0463243898382	1.14259207613	-0.0180934535706	-0.350427477362	3.08273617494	147
10	1.0	0.5	0.0	-0.748051500517	-0.0522195030938	1.10716955105	-0.689525466123	-0.395518649738	3.03317785861	148
10	1.0	0.75	0.0	-1.36030005468	-0.0293113928026	1.05346084794	-1.36082604313	-0.419932136222	2.94448248231	149
10	1.0	1.0	0.0	-1.971637	0.014600572	0.976788877	-1.971637	-0.436888735001	2.82590837736	150
13	0.0	0.0	0.0	0.32943647	-0.003826684	1.164405513	0.593111809952	-0.271437820904	3.08389910002	151
13	0.0	0.25	0.0	-0.172327328592	-0.0463243898382	1.14259207613	-0.0180934535706	-0.350427477362	3.08273617494	152
13	0.0	0.5	0.0	-0.748051500517	-0.0522195030938	1.10716955105	-0.689525466123	-0.395518649738	3.03317785861	153
13	0.0	0.75	0.0	-1.36030005468	-0.0293113928026	1.05346084794	-1.36082604313	-0.419932136222	2.94448248231	154
13	0.0	1.0	0.0	-1.971637	0.014600572	0.976788877	-1.971637	-0.436888735001	2.82590837736	155
13	0.25	0.0	0.0	0.3867113612	0.388587593232	0.996248837434	0.617662002296	0.0873375370554	2.83059662811	156
13	0.25	0.25	0.0	-0.124738946075	0.329015278576	0.972687714791	5.91764277592e-05	-0.00772667018072	2.82322013433	157
13	0.25	0.5	0.0	-0.71096535738	0.297420365113	0.953151622209	-0.677357983618	-0.0645140194219	2.77739436324	158
13	0.25	0.75	0.0	-1.33780248822	0.289465281297	0.91653034426	-1.35445188981	-0.101175549572	2.69394560048	159
13	0.25	1.0	0.0	-1.9710849541	0.300812455586	0.841713665511	-1.9710849541	-0.135862299535	2.57370013168	160
13	0.5	0.0	0.0	0.430781707382	0.808703310524	0.830081401506	0.618191938311	0.405077115749	2.4963108415	161
13	0.5	0.25	0.0	-0.0938300018127	0.734018214361	0.80023668127	-0.00522425771363	0.300510271582	2.47622882265	162
13	0.5	0.5	0.0	-0.685749176459	0.683063394497	0.774750649949	-0.675519616127	0.244311460044	2.41137227782	163
13	0.5	0.75	0.0	-1.31988490916	0.638958298209	0.727285746597	-1.34629375503	0.202202616369	2.31262944558	164
13	0.5	1.0	0.0	-1.97114629253	0.584822372775	0.631504410272	-1.97114629253	0.139905675795	2.19088856454	165
13	0.75	0.0	0.0	0.468011803122	1.21690169405	0.696728220825	0.614864083903	0.694788101635	2.14220856249	166
13	0.75	0.25	0.0	-0.067761801694	1.13289164296	0.652990433817	-0.0147065475142	0.583432925109	2.10635187411	167
13	0.75	0.5	0.0	-0.662521889338	1.05655327468	0.605924726172	-0.676903496558	0.52109083432	2.0189046025	168
13	0.75	0.75	0.0	-1.30188132771	0.96870079177	0.533273026683	-1.33979592252	0.466148380885	1.90314448701	169
13	0.75	1.0	0.0	-1.9714529847	0.850148396827	0.412777264148	-1.9714529847	0.376992116421	1.78234926698	170
13	1.0	0.0	0.0	0.504765943	1.57356397	0.627014311	0.627840904976	0.969477681174	1.82945661341	171
13	1.0	0.25	0.0	-0.0346956516069	1.48984278983	0.558700430679	-0.00915048449322	0.850190867583	1.77817892291	172
13	1.0	0.5	0.0	-0.631402427604	1.36973369527	0.480631942786	-0.674402757816	0.755957149069	1.68378433747	173
13	1.0	0.75	0.0	-1.27912575405	1.22822589582	0.38203815625	-1.33840267599	0.666607763258	1.56810119415	174
13	1.0	1.0	0.0	-1.971637	1.080308601	0.25214838	-1.971637	0.561973947777	1.45295783004	175
14	0.0	0.0	0.0	0.504765943	1.57356397	0.627014311	0.627840904976	0.969477681174	1.82945661341	176
14	0.0	0.25	0.0	-0.0346956516069	1.48984278983	0.558700430679	-0.00915048449322	0.850190867583	1.77817892291	177
14	0.0	0.5	0.0	-0.631402427604	1.36973369527	0.480631942786	-0.674402757816	0.755957149069	1.68378433747	178
14	0.0	0.75	0.0	-1.27912575405	1.22822589582	0.38203815625	-1.33840267599	0.666607763258	1.56810119415	179
14	0.0	1.0	0.0	-1.971637	1.080308601	0.25214838	-1.971637	0.561973947777	1.45295783004	180
14	0.25	0.0	0.0	0.502704441854	1.88720616276	0.528341708993	0.617729002979	1.21408552185	1.49449755551	181
14	0.25	0.25	0.0	-0.041350517939	1.79052472787	0.44998255891	-0.0189322085285	1.08099177149	1.4455774453	182
14	0.25	0.5	0.0	-0.635010131172	1.62157656933	0.359033741437	-0.683154803631	0.945593944574	1.37154792045	183
14	0.25	0.75	0.0	-1.27839781836	1.42352096654	0.249449903092	-1.34427699617	0.811602069868	1.27933452138	184
14	0.25	1.0	0.0	-1.971637	1.23951719888	0.115185690392	-1.971637	0.682726176118	1.17586278853	185
14	0.5	0.0	0.0	0.455666787907	2.2288170659	0.316966391479	0.564444206723	1.45844945269	1.01908502759	186
14	0.5	0.25	0.0	-0.099264437493	2.10512689687	0.249400159528	-0.0629216541058	1.30944289721	0.986488017067	187
14	0.5	0.5	0.0	-0.68043111333	1.90176395866	0.160329780889	-0.710943401667	1.14719570169	0.935680931873	188
14	0.5	0.75	0.0	-1.30037478553	1.6568543586	0.0466995188838	-1.35529164671	0.979650178125	0.867209948382	189
14	0.5	1.0	0.0	-1.971637	1.40852420404	-0.0945463631665	-1.971637	0.814748638516	0.781621242963	190
14	0.75	0.0	0.0	0.399448820757	2.49760276233	0.0504596697265	0.503534956877	1.65055077698	0.514810053616	191
14	0.75	0.25	0.0	-0.166462434607	2.35680201816	0.00729020388631	-0.113271060893	1.48927026736	0.508036155183	192
14	0.75	0.5	0.0	-0.730877628738	2.13436037733	-0.0698155764222	-0.740679875321	1.31235416683	0.482336221497	193
14	0.75	0.75	0.0	-1.32290105331	1.85820527122	-0.175250889311	-1.36477426287	1.12559845761	0.442746174652	194
14	0.75	1.0	0.0	-1.971637	1.55626413117	-0.303408952891	-1.971637	0.934799121908	0.394301936741	195
14	1.0	0.0	0.0	0.36984638	2.592769335	-0.213607145	0.470549694114	1.73837079799	0.0932636575199	196
14	1.0	0.25	0.0	-0.200969533618	2.46870281306	-0.226010336661	-0.142132668556	1.57419990456	0.117347376633	197
14	1.0	0.5	0.0	-0.749561932055	2.24343033945	-0.285737968059	-0.755275547985	1.39266108643	0.11766663908	198
14	1.0	0.75	0.0	-1.32382101946	1.95755290362	-0.365439214428	-1.36605247989	1.20429327789	0.116961899681	199
14	1.0	1.0	0.0	-1.971637	1.651671495	-0.437763251	-1.971637	1.01963541323	0.137973613259	200
17	0.0	0.0	0.0	4.58532196	1.515235652	-0.339061306	5.21258279672	2.24598562257	0.049638700238	201
17	0.0	0.25	0.0	4.03259046897	1.77657941769	-0.325144489533	4.65110811725	2.33540511731	0.0519255347872	202
17	0.0	0.5	0.0	3.56705278995	2.11703004263	-0.281389719616	4.06149395244	2.31463031879	0.0617739631467	203
17	0.0	0.75	0.0	3.1341936102	2.40692773925	-0.237334511391	3.47795461607	2.22646985868	0.068084887292	204
17	0.0	1.0	0.0	2.679497617	2.51661272	-0.22251638	2.93470442195	2.11373236869	0.0597592091987	205
17	0.25	0.0	0.0	4.58294711116	1.57535156624	-0.518768025786	5.18224673739	2.28841555629	-0.194388940998	206
17	0.25	0.25	0.0	4.0359331884	1.82666262721	-0.505923945461	4.62338442586	2.37141462411	-0.201522282837	207
17	0.25	0.5	0.0	3.5525056593	2.13989309566	-0.470109192209	4.03230501707	2.33625416107	-0.201087274502	208
17	0.25	0.75	0.0	3.10002272965	2.39732293195	-0.429986771687	3.44730176284	2.23512064944	-0.201674758607	209
17	0.25	1.0	0.0	2.64584260523	2.48123209648	-0.404219689548	2.90666791497	2.12020057146	-0.211875577768	210
17	0.5	0.0	0.0	4.59408618062	1.65540339164	-0.737524601219	5.14864347906	2.33371723219	-0.511457173119	211
17	0.5	0.25	0.0	4.04148439511	1.88167662218	-0.727216385766	4.58850882684	2.39825319213	-0.518633962921	212
17	0.5	0.5	0.0	3.51522101607	2.14082773042	-0.692399630056	3.98355324245	2.33432028447	-0.514365328434	213
17	0.5	0.75	0.0	3.01908572993	2.33416584687	-0.64700881839	3.38318808805	2.2051705963	-0.514452773568	214
17	0.5	1.0	0.0	2.55686822309	2.363000102	-0.60497843507	2.83682472579	2.07405621467	-0.534697802234	215
17	0.75	0.0	0.0	4.60174809253	1.72021420622	-0.948621322294	5.11600948352	2.35916549058	-0.826914579023	216
17	0.75	0.25	0.0	4.04281676076	1.91797964432	-0.941383419647	4.55359475281	2.40582297308	-0.832641556299	217
17	0.75	0.5	0.0	3.47602063129	2.11706317518	-0.907553121195	3.93588559547	2.31602414573	-0.822263709739	218
17	0.75	0.75	0.0	2.93828835279	2.24188799383	-0.855526496482	3.32089936163	2.16137307155	-0.819145744762	219
17	0.75	1.0	0.0	2.46654857391	2.21687729527	-0.793699615057	2.76665340138	2.01347381353	-0.846652366786	220
17	1.0	0.0	0.0	4.588941771	1.734607088	-1.105348479	5.08858121258	2.34203517178	-1.06610974161	221
17	1.0	0.25	0.0	4.03350295702	1.91192993534	-1.1007866563	4.52575563637	2.38402611867	-1.07677711381	222
17	1.0	0.5	0.0	3.45572627601	2.06582865818	-1.07486175367	3.90994904305	2.2885612016	-1.06898592951	223
17	1.0	0.75	0.0	2.90453633998	2.14492088268	-1.02266565095	3.29572135353	2.12848144748	-1.06465025936	224
17	1.0	1.0	0.0	2.428857761	2.097824235	-0.939290228	2.73763248875	1.97662788321	-1.08568417401	225
18	0.0	0.0	0.0	2.679497617	2.51661272	-0.22251638	2.93470442195	2.11373236869	0.0597592091987	226
18	0.0	0.25	0.0	2.13286081376	2.52466233703	-0.230325232095	2.3496545457	2.0151254275	0.0460864388097	227
18	0.0	0.5	0.0	1.5404710555	2.56940288614	-0.232405843883	1.70986086264	1.93651973017	0.04652801865	228
18	0.0	0.75	0.0	0.94018176874	2.60678750593	-0.22731441498	1.06645027727	1.85267995943	0.0619613058449	229
18	0.0	1.0	0.0	0.36984638	2.592769335	-0.213607145	0.470549694114	1.73837079799	0.0932636575199	230
18	0.25	0.0	0.0	2.64584260523	2.48123209648	-0.404219689548	2.90666791497	2.12020057146	-0.211875577768	231
18	0.25	0.25	0.0	2.11211730202	2.46379089108	-0.404324666737	2.3289272898	2.02117080304	-0.235939270879	232
18	0.25	0.5	0.0	1.51958185443	2.47832053947	-0.418761876255	1.69064405083	1.93181762821	-0.261533114547	233
18	0.25	0.75	0.0	0.916255098677	2.49620495493	-0.430933751729	1.0455616287	1.8364168228	-0.273247165994	234
18	0.25	1.0	0.0	0.350155870997	2.48882805073	-0.424242726788	0.447423454062	1.71924416258	-0.255671482445	235
18	0.5	0.0	0.0	2.55686822309	2.363000102	-0.60497843507	2.83682472579	2.07405621467	-0.534697802234	236
18	0.5	0.25	0.0	2.04193064644	2.30887055969	-0.586412479262	2.26972424475	1.96922932421	-0.574126726382	237
18	0.5	0.5	0.0	1.45301684378	2.29732593107	-0.594271137395	1.63812598212	1.87245531273	-0.616162990999	238
18	0.5	0.75	0.0	0.854581179516	2.29502160217	-0.616032629468	0.998145166142	1.76999624471	-0.652862808471	239
18	0.5	1.0	0.0	0.311078018065	2.26861295899	-0.639175175479	0.405897025035	1.64811418464	-0.676282391182	240
18	0.75	0.0	0.0	2.46654857391	2.21687729527	-0.793699615057	2.76665340138	2.01347381353	-0.846652366786	241
18	0.75	0.25	0.0	1.96782908894	2.13168726143	-0.752012688192	2.2076508841	1.90100211091	-0.896869695448	242
18	0.75	0.5	0.0	1.38287250523	2.09694554068	-0.750474816438	1.58350841808	1.79598416737	-0.950296682609	243
18	0.75	0.75	0.0	0.791037042468	2.06953653153	-0.782863062149	0.951722279688	1.68391028826	-1.0122297326	244
18	0.75	1.0	0.0	0.271680920351	2.0063446325	-0.84295448768	0.369788745262	1.55027077889	-1.08796524976	245
18	1.0	0.0	0.0	2.428857761	2.097824235	-0.939290228	2.73763248875	1.97662788321	-1.08568417401	246
18	1.0	0.25	0.0	1.93534087146	2.00402691487	-0.876549312055	2.1783126814	1.85819028299	-1.13256194583	247
18	1.0	0.5	0.0	1.35124532047	1.94770584801	-0.878914102522	1.55799312027	1.73995557578	-1.19686926128	248
18	1.0	0.75	0.0	0.761499718746	1.8860488269	-0.931677063728	0.933814359438	1.6086510165	-1.28669204941	249
18	1.0	1.0	0.0	0.251032677	1.776243644	-1.02013066	0.362916952973	1.45100386009	-1.41011623925	250
19	0.0	0.0	0.0	4.588941771	1.734607088	-1.105348479	5.08858121258	2.34203517178	-1.06610974161	251
19	0.0	0.25	0.0	4.03350295702	1.91192993534	-1.1007866563	4.52575563637	2.38402611867	-1.07677711381	252
19	0.0	0.5	0.0	3.45572627601	2.06582865818	-1.07486175367	3.90994904305	2.2885612016	-1.06898592951	253
19	0.0	0.75	0.0	2.90453633998	2.14492088268	-1.02266565095	3.29572135353	2.12848144748	-1.06465025936	254
19	0.0	1.0	0.0	2.428857761	2.097824235	-0.939290228	2.73763248875	1.97662788321	-1.08568417401	255
19	0.25	0.0	0.0	4.53887971247	1.64126806199	-1.27452066565	5.05198927239	2.2238618355	-1.34381958962	256
19	0.25	0.25	0.0	3.99862965259	1.79443100884	-1.27132381598	4.49429832211	2.27543808931	-1.3762691824	257
19	0.25	0.5	0.0	3.43127535868	1.90673904661	-1.25287579287	3.88889655175	2.20158314752	-1.39207871379	258
19	0.25	0.75	0.0	2.88538945709	1.95122969787	-1.20305768477	3.28363334819	2.06480812596	-1.40188297169	259
19	0.25	1.0	0.0	2.40954457419	1.90094048517	-1.10575058014	2.72635809835	1.92762414048	-1.41631674403	260
19	0.5	0.0	0.0	4.47435787137	1.45592205577	-1.46992383741	5.00971167984	2.018712562	-1.68424138988	261
19	0.5	0.25	0.0	3.94930580997	1.57998091378	-1.46213975295	4.46047093994	2.08155513532	-1.74023939187	262
19	0.5	0.5	0.0	3.38512499636	1.65860986584	-1.42611789106	3.85517105694	2.0389419542	-1.7727016079	263
19	0.5	0.75	0.0	2.83646455333	1.67454480279	-1.3631056818	3.24816908142	1.93656256544	-1.79485809657	264
19	0.5	1.0	0.0	2.35797360368	1.61052161543	-1.27435055523	2.69382206399	1.82010651583	-1.81993891652	265
19	0.75	0.0	0.0	4.41663735309	1.23636233117	-1.64917622322	4.97552649528	1.7788125844	-2.00650303552	266
19	0.75	0.25	0.0	3.90705862442	1.33173524331	-1.64353646075	4.43509182943	1.84952152301	-2.0885862328	267
19	0.75	0.5	0.0	3.34726770987	1.37996849755	-1.59180877895	3.82778649037	1.83177047207	-2.13826222608	268
19	0.75	0.75	0.0	2.79623976836	1.37013706274	-1.5193561229	3.21690658391	1.75762027509	-2.1750471113	269
19	0.75	1.0	0.0	2.31294995882	1.29131590773	-1.4515414377	2.66574821588	1.65913177558	-2.21845698438	270
19	1.0	0.0	0.0	4.386979263	1.04038215	-1.769896052	4.96321177907	1.55638713582	-2.22973241967	271
19	1.0	0.25	0.0	3.8934152912	1.11284959056	-1.78581593295	4.42897933014	1.62648151869	-2.34120819576	272
19	1.0	0.5	0.0	3.34769602001	1.1293423234	-1.74716918726	3.82575678377	1.61120155154	-2.4161681826	273
19	1.0	0.75	0.0	2.80319324182	1.09327734304	-1.68835548894	3.21742388634	1.5418567641	-2.47392149318	274
19	1.0	1.0	0.0	2.313278749	1.008071644	-1.643774512	2.66786038426	1.44975668608	-2.53377724049	275
20	0.0	0.0	0.0	2.428857761	2.097824235	-0.939290228	2.73763248875	1.97662788321	-1.08568417401	276
20	0.0	0.25	0.0	1.93534087146	2.00402691487	-0.876549312055	2.1783126814	1.85819028299	-1.13256194583	277
20	0.0	0.5	0.0	1.35124532047	1.94770584801	-0.878914102522	1.55799312027	1.73995557578	-1.19686926128	278
20	0.0	0.75	0.0	0.761499718746	1.8860488269	-0.931677063728	0.933814359438	1.6086510165	-1.28669204941	279
20	0.0	1.0	0.0	0.251032677	1.776243644	-1.02013066	0.362916952973	1.45100386009	-1.41011623925	280
20	0.25	0.0	0.0	2.40954457419	1.90094048517	-1.10575058014	2.72635809835	1.92762414048	-1.41631674403	281
20	0.25	0.25	0.0	1.91197188519	1.81368863027	-1.03166408453	2.15931508043	1.80548386901	-1.45142105979	282
20	0.25	0.5	0.0	1.32793630482	1.74468467823	-1.04223737959	1.53692228497	1.66981657224	-1.51620707371	283
20	0.25	0.75	0.0	0.738453217897	1.66004328384	-1.10762483644	0.915979257447	1.51533850016	-1.61252172276	284
20	0.25	1.0	0.0	0.224538009242	1.5258791019	-1.19798082618	0.353285543301	1.33676590274	-1.74221194391	285
20	0.5	0.0	0.0	2.35797360368	1.61052161543	-1.27435055523	2.69382206399	1.82010651583	-1.81993891652	286
20	0.5	0.25	0.0	1.85631080712	1.51432935653	-1.2200408809	2.12227404061	1.69404862674	-1.8682170105	287
20	0.5	0.5	0.0	1.27602909203	1.43630590541	-1.23997171032	1.49563581159	1.5432660317	-1.94106526523	288
20	0.5	0.75	0.0	0.690946794738	1.35103212568	-1.30199025921	0.872460856767	1.37534230308	-2.02946605365	289
20	0.5	1.0	0.0	0.174882251566	1.2330888809	-1.37394374328	0.31130265598	1.19786101324	-2.1244017487	290
20	0.75	0.0	0.0	2.31294995882	1.29131590773	-1.4515414377	2.66574821588	1.65913177558	-2.21845698438	291
20	0.75	0.25	0.0	1.80513898204	1.18396857925	-1.42700710778	2.09199425153	1.53011498777	-2.28709047913	292
20	0.75	0.5	0.0	1.22940108853	1.09873614217	-1.45386245087	1.46259069753	1.36729226023	-2.36813131365	293
20	0.75	0.75	0.0	0.649664839809	1.02021231025	-1.50634119483	0.836177904897	1.1917271266	-2.44445537421	294
20	0.75	1.0	0.0	0.129858797357	0.932990797208	-1.55867706749	0.271396224644	1.02448312051	-2.49893854707	295
20	1.0	0.0	0.0	2.313278749	1.008071644	-1.643774512	2.66786038426	1.44975668608	-2.53377724049	296
20	1.0	0.25	0.0	1.79523775473	0.900625784048	-1.63789017174	2.09328040274	1.31991338371	-2.61218214686	297
20	1.0	0.5	0.0	1.22192970076	0.80814200112	-1.6656549574	1.46624394019	1.14888356394	-2.69409269678	298
20	1.0	0.75	0.0	0.645291743652	0.728780795381	-1.71224550612	0.840049149335	0.967557672092	-2.76442001656	299
20	1.0	1.0	0.0	0.11726104	0.660702667	-1.762838455	0.267994182925	0.806826153473	-2.8080752325	300
25	0.0	0.0	0.0	4.386979263	1.04038215	-1.769896052	4.96321177907	1.55638713582	-2.22973241967	301
25	0.0	0.25	0.0	3.8934152912	1.11284959056	-1.78581593295	4.42897933014	1.62648151869	-2.34120819576	302
25	0.0	0.5	0.0	3.34769602001	1.1293423234	-1.74716918726	3.82575678377	1.61120155154	-2.4161681826	303
25	0.0	0.75	0.0	2.80319324182	1.09327734304	-1.68835548894	3.21742388634	1.5418567641	-2.47392149318	304
25	0.0	1.0	0.0	2.313278749	1.008071644	-1.643774512	2.66786038426	1.44975668608	-2.53377724049	305
25	0.25	0.0	0.0	4.37618012105	0.600233217183	-1.88649034292	4.98821051122	1.01242268583	-2.47605024856	306
25	0.25	0.25	0.0	3.91104378979	0.622523845973	-1.97018254557	4.46781625648	1.04434998696	-2.65054063309	307
25	0.25	0.5	0.0	3.39980906553	0.566798662799	-2.00286899228	3.88772625604	0.980590799133	-2.79181054125	308
25	0.25	0.75	0.0	2.87705618441	0.470081670269	-2.00728813015	3.29847777218	0.866607413348	-2.90382177754	309
25	0.25	1.0	0.0	2.37736538258	0.369396870991	-2.00617840623	2.75060806713	0.747862120618	-2.99053614645	310
25	0.5	0.0	0.0	4.37563349788	0.0391745126083	-1.92225354146	5.03742284239	0.300017229616	-2.59928765599	311
25	0.5	0.25	0.0	3.92605321869	0.002218403757	-2.05362708072	4.53483189674	0.264975872396	-2.81867303328	312
25	0.5	0.5	0.0	3.42732848166	-0.108359742096	-2.13398669118	3.97563798055	0.141352509257	-3.00228613835	313
25	0.5	0.75	0.0	2.91204127841	-0.251002254653	-2.18111993333	3.40271384542	-0.0256911307707	-3.14735249891	314
25	0.5	1.0	0.0	2.4127736006	-0.384151463613	-2.21281436767	2.85893224294	-0.190993318653	-3.25109764269	315
25	0.75	0.0	0.0	4.37966391327	-0.53599942752	-1.89014883253	5.0922847318	-0.430131343399	-2.59442969915	316
25	0.75	0.25	0.0	3.934830081	-0.636366095887	-2.05009883746	4.60260945365	-0.546444716217	-2.83642082633	317
25	0.75	0.5	0.0	3.43447264776	-0.792750128663	-2.16069015382	4.05563652835	-0.735510581901	-3.03832777689	318
25	0.75	0.75	0.0	2.91789635323	-0.971091163902	-2.23650022066	3.49272544971	-0.955913773393	-3.19621624354	319
25	0.75	1.0	0.0	2.42440593708	-1.13732883966	-2.29210647703	2.95523571152	-1.16623912363	-3.30615191897	320
25	1.0	0.0	0.0	4.382595887	-1.018494067	-1.803139401	5.1342321387	-1.02732514378	-2.45646143521	321
25	1.0	0.25	0.0	3.93376087979	-1.18152901276	-1.97354711486	4.64373212994	-1.22471567008	-2.69459944223	322
25	1.0	0.5	0.0	3.42545994321	-1.38298973428	-2.10314725007	4.09386647051	-1.47899573815	-2.8906682599	323
25	1.0	0.75	0.0	2.90436923827	-1.59130178966	-2.20007831426	3.53110592868	-1.74493541965	-3.04211559768	324
25	1.0	1.0	0.0	2.417164926	-1.774890737	-2.272478815	3.00192127273	-1.97730478621	-3.14638916504	325
26	0.0	0.0	0.0	2.313278749	1.008071644	-1.643774512	2.66786038426	1.44975668608	-2.53377724049	326
26	0.0	0.25	0.0	1.79523775473	0.900625784048	-1.63789017174	2.09328040274	1.31991338371	-2.61218214686	327
26	0.0	0.5	0.0	1.22192970076	0.80814200112	-1.6656549574	1.46624394019	1.14888356394	-2.69409269678	328
26	0.0	0.75	0.0	0.645291743652	0.728780795381	-1.71224550612	0.840049149335	0.967557672092	-2.76442001656	329
26	0.0	1.0	0.0	0.11726104	0.660702667	-1.762838455	0.267994182925	0.806826153473	-2.8080752325	330
26	0.25	0.0	0.0	2.37736538258	0.369396870991	-2.00617840623	2.75060806713	0.747862120618	-2.99053614645	331
26	0.25	0.25	0.0	1.83730584689	0.267564501181	-2.0147343414	2.1680856254	0.60654487969	-3.06700131615	332
26	0.25	0.5	0.0	1.25665300784	0.164428335053	-2.03434731576	1.53660395464	0.428522308791	-3.13515069775	333
26	0.25	0.75	0.0	0.675450012166	0.0758873973193	-2.06758444984	0.90368634014	0.245288462919	-3.19335076668	334
26	0.25	1.0	0.0	0.133740006583	0.0178407126888	-2.11701286416	0.316856067185	0.0883373970692	-3.23996799836	335
26	0.5	0.0	0.0	2.4127736006	-0.384151463613	-2.21281436767	2.85893224294	-0.190993318653	-3.25109764269	336
26	0.5	0.25	0.0	1.86389890225	-0.504623034878	-2.23770122241	2.26316811045	-0.36088217151	-3.32824415225	337
26	0.5	0.5	0.0	1.26889784988	-0.614672614751	-2.25249744087	1.60749924304	-0.541996150326	-3.38454794417	338
26	0.5	0.75	0.0	0.6772525852	-0.700972696581	-2.26225021628	0.951785428285	-0.715854741123	-3.41852329541	339
26	0.5	1.0	0.0	0.138445249884	-0.750195773717	-2.27200674184	0.355886453772	-0.863977429922	-3.4286844829	340
26	0.75	0.0	0.0	2.42440593708	-1.13732883966	-2.29210647703	2.95523571152	-1.16623912363	-3.30615191897	341
26	0.75	0.25	0.0	1.87855902739	-1.28322314043	-2.33173297529	2.35299076581	-1.36427780539	-3.38263232276	342
26	0.75	0.5	0.0	1.27513547767	-1.40116070797	-2.34473591643	1.67652899921	-1.54820759837	-3.42862007017	343
26	0.75	0.75	0.0	0.677460156255	-1.48347145157	-2.33198551914	0.999769984452	-1.70998686605	-3.43751202182	344
26	0.75	1.0	0.0	0.148857931493	-1.52248528051	-2.29435200211	0.396633294242	-1.84157397186	-3.40270503831	345
26	1.0	0.0	0.0	2.417164926	-1.774890737	-2.272478815	3.00192127273	-1.97730478621	-3.14638916504	346
26	1.0	0.25	0.0	1.88482832888	-1.93552213179	-2.32177176058	2.41201649943	-2.18555205743	-3.2168874953	347
26	1.0	0.5	0.0	1.29183714198	-2.06703580428	-2.33569332614	1.74129241702	-2.37564782031	-3.2537027099	348
26	1.0	0.75	0.0	0.70283341883	-2.15328083288	-2.31253307212	1.06306357932	-2.53122283786	-3.247891365	349
26	1.0	1.0	0.0	0.182459213	-2.178106296	-2.250580559	0.450644540153	-2.6359078731	-3.19051001677	350
27	0.0	0.0	0.0	4.382595887	-1.018494067	-1.803139401	5.1342321387	-1.02732514378	-2.45646143521	351
27	0.0	0.25	0.0	3.93376087979	-1.18152901276	-1.97354711486	4.64373212994	-1.22471567008	-2.69459944223	352
27	0.0	0.5	0.0	3.42545994321	-1.38298973428	-2.10314725007	4.09386647051	-1.47899573815	-2.8906682599	353
27	0.0	0.75	0.0	2.90436923827	-1.59130178966	-2.20007831426	3.53110592868	-1.74493541965	-3.04211559768	354
27	0.0	1.0	0.0	2.417164926	-1.774890737	-2.272478815	3.00192127273	-1.97730478621	-3.14638916504	355
27	0.25	0.0	0.0	4.45501347829	-1.51877229838	-1.5974349682	5.20575432091	-1.59383461235	-2.05499043339	356
27	0.25	0.25	0.0	3.99197506983	-1.73427990879	-1.74889953974	4.70555499703	-1.8574136658	-2.25697177451	357
27	0.25	0.5	0.0	3.46914967465	-1.96573929468	-1.86660907162	4.14354629988	-2.15298528126	-2.41835823067	358
27	0.25	0.75	0.0	2.93354807129	-2.18797984801	-1.95628892579	3.56926871376	-2.44111460192	-2.54138334794	359
27	0.25	1.0	0.0	2.4321810383	-2.37583096073	-2.02366446421	3.03226272299	-2.68236677097	-2.6282806724	360
27	0.5	0.0	0.0	4.60751504555	-2.05517946366	-1.26046377509	5.31856084265	-2.16088747802	-1.40778552184	361
27	0.5	0.25	0.0	4.12368918074	-2.31402978081	-1.36392896371	4.81084207126	-2.4792930709	-1.54672722627	362
27	0.5	0.5	0.0	3.57966370642	-2.56971922691	-1.42934288792	4.2394109291	-2.80877458381	-1.64278069781	363
27	0.5	0.75	0.0	3.01760091998	-2.80585572494	-1.47160929104	3.64912322418	-3.12092837513	-1.71098725908	364
27	0.5	1.0	0.0	2.47966311876	-3.0060471979	-1.50563191639	3.08483476451	-3.38735080324	-1.76638823266	365
27	0.75	0.0	0.0	4.74456158829	-2.47660082135	-0.856209256438	5.41478403097	-2.5838059234	-0.683759228872	366
27	0.75	0.25	0.0	4.24253102364	-2.76954352548	-0.904587923331	4.90031322388	-2.94520996654	-0.752968618405	367
27	0.75	0.5	0.0	3.67926303826	-3.04346751006	-0.909079373824	4.32281085235	-3.30258436162	-0.779327773761	368
27	0.75	0.75	0.0	3.09225159815	-3.28973920954	-0.894474435421	3.71996349711	-3.63598922474	-0.787957364368	369
27	0.75	1.0	0.0	2.51899066935	-3.49972505836	-0.885563935629	3.12945773889	-3.92548467201	-0.803978059656	370
27	1.0	0.0	0.0	4.770614106	-2.63192163	-0.448654847	5.43655621292	-2.7179121311	-0.0518240827803	371
27	1.0	0.25	0.0	4.26212840969	-2.94958603945	-0.45682895514	4.91468832614	-3.11002043391	-0.0647987718459	372
27	1.0	0.5	0.0	3.69020866989	-3.23552212321	-0.42354920417	4.33509656382	-3.49063533054	-0.0433915709606	373
27	1.0	0.75	0.0	3.09322391965	-3.48444009086	-0.373319384365	3.73108356975	-3.83790963623	-0.0093236971046	374
27	1.0	1.0	0.0	2.509543192	-3.691050152	-0.330643286	3.13595198771	-4.12999616627	0.0156836327418	375
28	0.0	0.0	0.0	2.417164926	-1.774890737	-2.272478815	3.00192127273	-1.97730478621	-3.14638916504	376
28	0.0	0.25	0.0	1.88482832888	-1.93552213179	-2.32177176058	2.41201649943	-2.18555205743	-3.2168874953	377
28	0.0	0.5	0.0	1.29183714198	-2.06703580428	-2.33569332614	1.74129241702	-2.37564782031	-3.2537027099	378
28	0.0	0.75	0.0	0.70283341883	-2.15328083288	-2.31253307212	1.06306357932	-2.53122283786	-3.247891365	379
28	0.0	1.0	0.0	0.182459213	-2.178106296	-2.250580559	0.450644540153	-2.6359078731	-3.19051001677	380
28	0.25	0.0	0.0	2.4321810383	-2.37583096073	-2.02366446421	3.03226272299	-2.68236677097	-2.6282806724	381
28	0.25	0.25	0.0	1.90453702964	-2.5509020147	-2.06800738052	2.45490546574	-2.90237629661	-2.68457657378	382
28	0.25	0.5	0.0	1.3249278542	-2.71517176475	-2.07846273798	1.80062058804	-3.11578034475	-2.7073545636	383
28	0.25	0.75	0.0	0.748463192089	-2.8290228113	-2.05512374717	1.13164890284	-3.28370971265	-2.69510971773	384
28	0.25	1.0	0.0	0.230252723417	-2.85283775477	-1.99808361867	0.510231223102	-3.36729519761	-2.64633711208	385
28	0.5	0.0	0.0	2.47966311876	-3.0060471979	-1.50563191639	3.08483476451	-3.38735080324	-1.76638823266	386
28	0.5	0.25	0.0	1.9396002145	-3.19717453044	-1.52970793349	2.50185705262	-3.62576790768	-1.80600543719	387
28	0.5	0.5	0.0	1.35807378828	-3.38866918821	-1.52946010562	1.84738259822	-3.85373723074	-1.81902338081	388
28	0.5	0.75	0.0	0.783619353943	-3.52849695315	-1.50684601303	1.17888585838	-4.02677394711	-1.81060546591	389
28	0.5	1.0	0.0	0.26477242535	-3.56462360724	-1.46382323599	0.553841290115	-4.10039323148	-1.78591509487	390
28	0.75	0.0	0.0	2.51899066935	-3.49972505836	-0.885563935629	3.12945773889	-3.92548467201	-0.803978059656	391
28	0.75	0.25	0.0	1.965819096	-3.70163726029	-0.881513764881	2.53750657572	-4.1774362028	-0.822397866	392
28	0.75	0.5	0.0	1.38003250972	-3.91194550866	-0.864814639658	1.87836197071	-4.41355405696	-0.827262052476	393
28	0.75	0.75	0.0	0.805379214308	-4.07193892963	-0.839143423904	1.20855859935	-4.59050164733	-0.825257650275	394
28	0.75	1.0	0.0	0.285607513608	-4.12290664934	-0.808176981563	0.584631137149	-4.66494238678	-0.823071690586	395
28	1.0	0.0	0.0	2.509543192	-3.691050152	-0.330643286	3.13595198771	-4.12999616627	0.0156836327418	396
28	1.0	0.25	0.0	1.95899488668	-3.89158778552	-0.298065220056	2.54648935071	-4.37909049417	0.0250223592964	397
28	1.0	0.5	0.0	1.37956158402	-4.10941816014	-0.260655550694	1.89034222862	-4.61926640206	0.0293765304678	398
28	1.0	0.75	0.0	0.810820083105	-4.27958441194	-0.223459533985	1.22445127918	-4.80497891939	0.0300546884238	399
28	1.0	1.0	0.0	0.292347183	-4.337129677	-0.191522426	0.605757160159	-4.89068307561	0.0283653753322	400
33	0.0	0.0	0.0	4.770614106	-2.63192163	-0.448654847	5.43655621292	-2.7179121311	-0.0518240827803	401
33	0.0	0.25	0.0	4.26212840969	-2.94958603945	-0.45682895514	4.91468832614	-3.11002043391	-0.0647987718459	402
33	0.0	0.5	0.0	3.69020866989	-3.23552212321	-0.42354920417	4.33509656382	-3.49063533054	-0.0433915709606	403
33	0.0	0.75	0.0	3.09322391965	-3.48444009086	-0.373319384365	3.73108356975	-3.83790963623	-0.0093236971046	404
33	0.0	1.0	0.0	2.509543192	-3.691050152	-0.330643286	3.13595198771	-4.12999616627	0.0156836327418	405
33	0.25	0.0	0.0	4.66432728711	-2.47720896476	-0.153476509953	5.38483840104	-2.5592471129	0.426407309898	406
33	0.25	0.25	0.0	4.16462551944	-2.78549760933	-0.115923081751	4.86484370091	-2.94415473616	0.477043531696	407
33	0.25	0.5	0.0	3.59866556246	-3.06845147672	-0.0340805146349	4.28475228503	-3.32824900372	0.559222038961	408
33	0.25	0.75	0.0	3.00754092981	-3.31463704119	0.0643750454145	3.68009037901	-3.67847691705	0.651698384797	409
33	0.25	1.0	0.0	2.43234513512	-3.51262077698	0.151767452415	3.08638420844	-3.9617854776	0.73322812231	410
33	0.5	0.0	0.0	4.48653725837	-2.13133803923	0.108308461335	5.29847884514	-2.23569273141	0.95886461271	411
33	0.5	0.25	0.0	4.00202009312	-2.39551934147	0.213297673249	4.78971127584	-2.57533979006	1.09664152833	412
33	0.5	0.5	0.0	3.4524172156	-2.65894825209	0.36815123911	4.2111064485	-2.93955573684	1.26126715756	413
33	0.5	0.75	0.0	2.87645852498	-2.89837564649	0.538149211668	3.60149090876	-3.28290430901	1.42979064212	414
33	0.5	1.0	0.0	2.31287392046	-3.09055240009	0.688571643675	2.99969120225	-3.55994924383	1.5792611237	415
33	0.75	0.0	0.0	4.30420966719	-1.70539390532	0.316423398205	5.19867956264	-1.83779506304	1.44195909226	416
33	0.75	0.25	0.0	3.82777734314	-1.91425958321	0.482827112458	4.69796135119	-2.11684478735	1.65949998214	417
33	0.75	0.5	0.0	3.29620859653	-2.14677148178	0.700774753576	4.12440808491	-2.44344767632	1.89809953086	418
33	0.75	0.75	0.0	2.74149953252	-2.3710456987	0.930487550232	3.51577449139	-2.76577053794	2.13202209649	419
33	0.75	1.0	0.0	2.19564625632	-2.55519833166	1.1321867311	2.90981529823	-3.0319801802	2.33553203716	420
33	1.0	0.0	0.0	4.184310161	-1.310461615	0.450591632	5.10664257099	-1.45610018419	1.77210201516	421
33	1.0	0.25	0.0	3.69536248193	-1.47632668187	0.644659038472	4.59826422721	-1.68193891978	2.03112365721	422
33	1.0	0.5	0.0	3.17478467248	-1.67168019823	0.881418725277	4.03490622494	-1.95881696858	2.30507490484	423
33	1.0	0.75	0.0	2.6441867798	-1.86803698972	1.12387449694	3.44343045932	-2.24165432964	2.56546176958	424
33	1.0	1.0	0.0	2.125178851	-2.036911882	1.335030158	2.85069882547	-2.48537100198	2.78379026295	425
34	0.0	0.0	0.0	2.509543192	-3.691050152	-0.330643286	3.13595198771	-4.12999616627	0.0156836327418	426
34	0.0	0.25	0.0	1.95899488668	-3.89158778552	-0.298065220056	2.54648935071	-4.37909049417	0.0250223592964	427
34	0.0	0.5	0.0	1.37956158402	-4.10941816014	-0.260655550694	1.89034222862	-4.61926640206	0.0293765304678	428
34	0.0	0.75	0.0	0.810820083105	-4.27958441194	-0.223459533985	1.22445127918	-4.80497891939	0.0300546884238	429
34	0.0	1.0	0.0	0.292347183	-4.337129677	-0.191522426	0.605757160159	-4.89068307561	0.0283653753322	430
34	0.25	0.0	0.0	2.43234513512	-3.51262077698	0.151767452415	3.08638420844	-3.9617854776	0.73322812231	431
34	0.25	0.25	0.0	1.89768497273	-3.70018892586	0.216408495229	2.50597214875	-4.19847214009	0.776994694589	432
34	0.25	0.5	0.0	1.33487747007	-3.90854136293	0.275563318697	1.86033240157	-4.43742456428	0.792275377015	433
34	0.25	0.75	0.0	0.781707151704	-4.07469326312	0.323384856805	1.20707778219	-4.62972132402	0.790998656927	434
34	0.25	1.0	0.0	0.275958542229	-4.13565980137	0.354026043542	0.603821105931	-4.72644099314	0.78509302166	435
34	0.5	0.0	0.0	2.31287392046	-3.09055240009	0.688571643675	2.99969120225	-3.55994924383	1.5792611237	436
34	0.5	0.25	0.0	1.79722284659	-3.25946646161	0.793905881135	2.42553217026	-3.78433505587	1.66411965329	437
34	0.5	0.5	0.0	1.2538603396	-3.44459618668	0.877452642767	1.79113906549	-4.01564336803	1.69629209776	438
34	0.5	0.75	0.0	0.721780369987	-3.59698283395	0.931621187244	1.15551447284	-4.20727299586	1.69172937404	439
34	0.5	1.0	0.0	0.239976908244	-3.66766766206	0.948820773242	0.577660977216	-4.3126227549	1.66638239911	440
34	0.75	0.0	0.0	2.19564625632	-2.55519833166	1.1321867311	2.90981529823	-3.0319801802	2.33553203716	441
34	0.75	0.25	0.0	1.70080839896	-2.70472494737	1.27126497995	2.34209538487	-3.2427098348	2.4565588047	442
34	0.75	0.5	0.0	1.17576632251	-2.86315005057	1.37705564431	1.71763762076	-3.46132156598	2.51308992216	443
34	0.75	0.75	0.0	0.662508056475	-2.99938088127	1.43833646268	1.09727857618	-3.648894237	2.51514026125	444
34	0.75	1.0	0.0	0.203021630387	-3.08232467948	1.44388517357	0.541854821396	-3.76650671118	2.47272469368	445
34	1.0	0.0	0.0	2.125178851	-2.036911882	1.335030158	2.85069882547	-2.48537100198	2.78379026295	446
34	1.0	0.25	0.0	1.65164152059	-2.17126893771	1.48532383396	2.29258776219	-2.6796270702	2.9244737181	447
34	1.0	0.5	0.0	1.13985154869	-2.30977037375	1.60641554612	1.67470346775	-2.88185791082	3.0143320797	448
34	1.0	0.75	0.0	0.635358529689	-2.43481516192	1.68061768848	1.05988731727	-3.06584534958	3.04412474003	449
34	1.0	1.0	0.0	0.183712058	-2.528802274	1.690242655	0.510980685852	-3.20537121224	3.00461109137	450
35	0.0	0.0	0.0	4.184310161	-1.310461615	0.450591632	5.10664257099	-1.45610018419	1.77210201516	451
35	0.0	0.25	0.0	3.69536248193	-1.47632668187	0.644659038472	4.59826422721	-1.68193891978	2.03112365721	452
35	0.0	0.5	0.0	3.17478467248	-1.67168019823	0.881418725277	4.03490622494	-1.95881696858	2.30507490484	453
35	0.0	0.75	0.0	2.6441867798	-1.86803698972	1.12387449694	3.44343045932	-2.24165432964	2.56546176958	454
35	0.0	1.0	0.0	2.125178851	-2.036911882	1.335030158	2.85069882547	-2.48537100198	2.78379026295	455
35	0.25	0.0	0.0	4.13502585638	-0.871218209451	0.571785786745	5.02538164434	-0.968485389494	1.98453297239	456
35	0.25	0.25	0.0	3.63553585764	-1.00114990133	0.748723064189	4.51291221241	-1.15000394903	2.23797551654	457
35	0.25	0.5	0.0	3.12246061021	-1.16729851821	0.942488264723	3.96449306359	-1.38522585995	2.49701342769	458
35	0.25	0.75	0.0	2.61371071899	-1.34047549969	1.1333230999	3.40142098718	-1.6312828671	2.7361779989	459
35	0.25	1.0	0.0	2.1271967889	-1.49149228539	1.30146928129	2.84499277244	-1.8453067153	2.93000052327	460
35	0.5	0.0	0.0	4.12822270872	-0.354239748835	0.710955839325	4.96375977632	-0.335383852186	2.12916167214	461
35	0.5	0.25	0.0	3.64173442473	-0.436447167262	0.845294398782	4.46881362587	-0.470712966815	2.35067103196	462
35	0.5	0.5	0.0	3.13882760732	-0.574195035137	0.963612184368	3.93412694209	-0.676326204962	2.56612739038	463
35	0.5	0.75	0.0	2.64542388465	-0.728710772497	1.06941361144	3.393128199	-0.899045324623	2.75965766497	464
35	0.5	1.0	0.0	2.18744488489	-0.861221799375	1.16620309536	2.87924587061	-1.08569208379	2.91538877332	465
35	0.75	0.0	0.0	4.16098923695	0.145971551949	0.823770986743	4.93294145803	0.30849100242	2.17524128851	466
35	0.75	0.25	0.0	3.69058631255	0.121258559918	0.907542816849	4.45887282866	0.22041908539	2.35154207846	467
35	0.75	0.5	0.0	3.19843109452	0.0344381623814	0.949128503868	3.93441357555	0.0497756244116	2.50933507654	468
35	0.75	0.75	0.0	2.71869349363	-0.079345804589	0.967649578578	3.40805650429	-0.145546172054	2.64587866273	469
35	0.75	1.0	0.0	2.28554342069	-0.184949504922	0.982227571756	2.92829442044	-0.307653095544	2.758431217	470
35	1.0	0.0	0.0	4.23041396	0.534913478	0.865900426	4.94409118059	0.828425749007	2.09202499561	471
35	1.0	0.25	0.0	3.7587196505	0.575444319801	0.908638092987	4.4759941818	0.787877266115	2.22292053103	472
35	1.0	0.5	0.0	3.2758165025	0.585408985744	0.90337524288	3.95595867907	0.674973256184	2.32355476981	473
35	1.0	0.75	0.0	2.81288676275	0.561016407566	0.863534548334	3.43571031255	0.528610120753	2.40481888713	474
35	1.0	1.0	0.0	2.401112678	0.498475517	0.802538682	2.96697472239	0.387684261361	2.47760405819	475
36	0.0	0.0	0.0	2.125178851	-2.036911882	1.335030158	2.85069882547	-2.48537100198	2.78379026295	476
36	0.0	0.25	0.0	1.65164152059	-2.17126893771	1.48532383396	2.29258776219	-2.6796270702	2.9244737181	477
36	0.0	0.5	0.0	1.13985154869	-2.30977037375	1.60641554612	1.67470346775	-2.88185791082	3.0143320797	478
36	0.0	0.75	0.0	0.635358529689	-2.43481516192	1.68061768848	1.05988731727	-3.06584534958	3.04412474003	479
36	0.0	1.0	0.0	0.183712058	-2.528802274	1.690242655	0.510980685852	-3.20537121224	3.00461109137	480
36	0.25	0.0	0.0	2.1271967889	-1.49149228539	1.30146928129	2.84499277244	-1.8453067153	2.93000052327	481
36	0.25	0.25	0.0	1.66146849078	-1.61813267978	1.4396016542	2.29505555472	-2.02760640578	3.07272885125	482
36	0.25	0.5	0.0	1.15003202263	-1.75279844684	1.57010394709	1.67692012902	-2.22749596459	3.19118157701	483
36	0.25	0.75	0.0	0.641621330946	-1.8783995653	1.66424053506	1.05620695501	-2.41831282795	3.25897428856	484
36	0.25	1.0	0.0	0.184970362183	-1.97784601388	1.6932757932	0.498536492358	-2.57339443211	3.24972257392	485
36	0.5	0.0	0.0	2.18744488489	-0.861221799375	1.16620309536	2.87924587061	-1.08569208379	2.91538877332	486
36	0.5	0.25	0.0	1.71094049833	-0.978510484269	1.27912042775	2.3302176386	-1.25661162479	3.05820648472	487
36	0.5	0.5	0.0	1.18690589998	-1.10509025817	1.41758143038	1.706530585	-1.45161514585	3.20345363783	488
36	0.5	0.75	0.0	0.667106880209	-1.2235009301	1.53511423038	1.07618629931	-1.63788575423	3.31348821241	489
36	0.5	1.0	0.0	0.203309229424	-1.31628230908	1.58524695488	0.507186370982	-1.78260655718	3.35066818824	490
36	0.75	0.0	0.0	2.28554342069	-0.184949504922	0.982227571756	2.92829442044	-0.307653095544	2.758431217	491
36	0.75	0.25	0.0	1.79484010225	-0.298398205359	1.05478620024	2.3765780084	-0.472383945167	2.89959815174	492
36	0.75	0.5	0.0	1.25439335905	-0.425209814767	1.1957994373	1.74976182652	-0.662521794553	3.07033573727	493
36	0.75	0.75	0.0	0.720205944996	-0.543087565334	1.33403401892	1.11470488351	-0.840741436036	3.22011507248	494
36	0.75	1.0	0.0	0.248280613953	-0.629734689247	1.39825668112	0.538266188065	-0.969717661952	3.29840725628	495
36	1.0	0.0	0.0	2.401112678	0.498475517	0.802538682	2.96697472239	0.387684261361	2.47760405819	496
36	1.0	0.25	0.0	1.90794986151	0.376208302752	0.817505017305	2.41264065869	0.219335415147	2.61559538555	497
36	1.0	0.5	0.0	1.35641457822	0.228278876347	0.951709409159	1.79284084439	0.0314777493559	2.81101535045	498
36	1.0	0.75	0.0	0.809309292827	0.0898722200192	1.10179514518	1.16664224098	-0.143057180999	2.99130342968	499
36	1.0	1.0	0.0	0.32943647	-0.003826684	1.164405513	0.593111809952	-0.271437820904	3.08389910002	500
41	0.0	0.0	0.0	4.23041396	0.534913478	0.865900426	4.94409118059	0.828425749007	2.09202499561	501
41	0.0	0.25	0.0	3.7587196505	0.575444319801	0.908638092987	4.4759941818	0.787877266115	2.22292053103	502
41	0.0	0.5	0.0	3.2758165025	0.585408985744	0.90337524288	3.95595867907	0.674973256184	2.32355476981	503
41	0.0	0.75	0.0	2.81288676275	0.561016407566	0.863534548334	3.43571031255	0.528610120753	2.40481888713	504
41	0.0	1.0	0.0	2.401112678	0.498475517	0.802538682	2.96697472239	0.387684261361	2.47760405819	505
41	0.25	0.0	0.0	4.31353779496	0.733089244463	0.831630663245	4.99367369459	1.09581307154	1.94606456203	506
41	0.25	0.25	0.0	3.82965616237	0.802836371488	0.871349697576	4.51601720175	1.07101128241	2.06598704211	507
41	0.25	0.5	0.0	3.33957133888	0.857669772976	0.873214286406	3.98911878867	0.971154397858	2.15493563853	508
41	0.25	0.75	0.0	2.87274251205	0.875530089078	0.834613244051	3.46132233985	0.832691910391	2.22441249777	509
41	0.25	1.0	0.0	2.45862886943	0.834357959944	0.752935384823	2.98097173978	0.692073312513	2.2859197663	510
41	0.5	0.0	0.0	4.44044711564	0.974388986937	0.748254451058	5.08073147887	1.41902318691	1.71084634173	511
41	0.5	0.25	0.0	3.93986458881	1.06897768896	0.800504258913	4.58647641363	1.40271690825	1.82988259677	512
41	0.5	0.5	0.0	3.43166959811	1.15073497824	0.831734255393	4.04453415325	1.29199759176	1.92217463353	513
41	0.5	0.75	0.0	2.94711620329	1.19283035551	0.818567589434	3.50022873812	1.13722276331	1.99461805734	514
41	0.5	1.0	0.0	2.51745846409	1.1684333215	0.737627409973	2.99888420861	0.98874994877	2.05410847353	515
41	0.75	0.0	0.0	4.56104752549	1.19358838644	0.632620634093	5.16792736487	1.71551523629	1.44695708222	516
41	0.75	0.25	0.0	4.04206041748	1.31215045366	0.699067111092	4.65606540728	1.70805696361	1.56339159567	517
41	0.75	0.5	0.0	3.51942530047	1.4208132362	0.762695752352	4.09949679429	1.587110211	1.65937973189	518
41	0.75	0.75	0.0	3.02219465614	1.48727346039	0.783709515931	3.54051911892	1.41723026033	1.73821989005	519
41	0.75	1.0	0.0	2.5794209662	1.47922785255	0.722311359886	3.02142997416	1.26297239345	1.80321046932	520
41	1.0	0.0	0.0	4.625244628	1.325463124	0.501578057	5.21792418399	1.90274836088	1.21498353098	521
41	1.0	0.25	0.0	4.08895913604	1.47063684703	0.570003588203	4.69347777254	1.91209426846	1.31529843952	522
41	1.0	0.5	0.0	3.57015246622	1.62411318149	0.649859379796	4.13129873327	1.80609962869	1.40065891073	523
41	1.0	0.75	0.0	3.0841646903	1.73321565721	0.698350954991	3.5702830938	1.64774198226	1.4780023201	524
41	1.0	1.0	0.0	2.64633588	1.745267804	0.672683837	3.04932688174	1.49999886988	1.55426604309	525
42	0.0	0.0	0.0	2.401112678	0.498475517	0.802538682	2.96697472239	0.387684261361	2.47760405819	526
42	0.0	0.25	0.0	1.90794986151	0.376208302752	0.817505017305	2.41264065869	0.219335415147	2.61559538555	527
42	0.0	0.5	0.0	1.35641457822	0.228278876347	0.951709409159	1.79284084439	0.0314777493559	2.81101535045	528
42	0.0	0.75	0.0	0.809309292827	0.0898722200192	1.10179514518	1.16664224098	-0.143057180999	2.99130342968	529
42	0.0	1.0	0.0	0.32943647	-0.003826684	1.164405513	0.593111809952	-0.271437820904	3.08389910002	530
42	0.25	0.0	0.0	2.45862886943	0.834357959944	0.752935384823	2.98097173978	0.692073312513	2.2859197663	531
42	0.25	0.25	0.0	1.96908330616	0.726350205609	0.729216086371	2.42357212539	0.533800306551	2.40911226068	532
42	0.25	0.5	0.0	1.4177066674	0.600223797542	0.829746330669	1.80691809026	0.369844322629	2.58837817531	533
42	0.25	0.75	0.0	0.868811752599	0.479721878998	0.952699465197	1.18646344552	0.215818889785	2.75258410089	534
42	0.25	1.0	0.0	0.3867113612	0.388587593232	0.996248837434	0.617662002296	0.0873375370554	2.83059662811	535
42	0.5	0.0	0.0	2.51745846409	1.1684333215	0.737627409973	2.99888420861	0.98874994877	2.05410847353	536
42	0.5	0.25	0.0	2.02701853654	1.08501235349	0.68241564986	2.43417863395	0.840009403655	2.15709482266	537
42	0.5	0.5	0.0	1.47093702244	0.991332840416	0.734037287678	1.81051529147	0.68703908187	2.30358884988	538
42	0.5	0.75	0.0	0.91644703999	0.896271065134	0.810567484526	1.18586333998	0.53900598528	2.43589328092	539
42	0.5	1.0	0.0	0.430781707382	0.808703310524	0.830081401506	0.618191938311	0.405077115749	2.4963108415	540
42	0.75	0.0	0.0	2.5794209662	1.47922785255	0.722311359886	3.02142997416	1.26297239345	1.80321046932	541
42	0.75	0.25	0.0	2.08609328304	1.41923957285	0.65644216742	2.45073119374	1.12285649559	1.89215866119	542
42	0.75	0.5	0.0	1.52162077776	1.35798004346	0.668647022821	1.81720721209	0.975913822207	2.00533456394	543
42	0.75	0.75	0.0	0.95819607593	1.29176287899	0.701288261989	1.18415313891	0.830454361496	2.10219794268	544
42	0.75	1.0	0.0	0.468011803122	1.21690169405	0.696728220825	0.614864083903	0.694788101635	2.14220856249	545
42	1.0	0.0	0.0	2.64633588	1.745267804	0.672683837	3.04932688174	1.49999886988	1.55426604309	546
42	1.0	0.25	0.0	2.15064527611	1.69607669011	0.630634098694	2.47950081413	1.36723537147	1.64691936597	547
42	1.0	0.5	0.0	1.5752730678	1.65653944515	0.637640278734	1.84056861622	1.22932033877	1.74230250726	548
42	1.0	0.75	0.0	1.00003978135	1.61844042112	0.650750856407	1.20064405688	1.09411427444	1.81246505905	549
42	1.0	1.0	0.0	0.504765943	1.57356397	0.627014311	0.627840904976	0.969477681174	1.82945661341	550
43	0.0	0.0	0.0	4.625244628	1.325463124	0.501578057	5.21792418399	1.90274836088	1.21498353098	551
43	0.0	0.25	0.0	4.08895913604	1.47063684703	0.570003588203	4.69347777254	1.91209426846	1.31529843952	552
43	0.0	0.5	0.0	3.57015246622	1.62411318149	0.649859379796	4.13129873327	1.80609962869	1.40065891073	553
43	0.0	0.75	0.0	3.0841646903	1.73321565721	0.698350954991	3.5702830938	1.64774198226	1.4780023201	554
43	0.0	1.0	0.0	2.64633588	1.745267804	0.672683837	3.04932688174	1.49999886988	1.55426604309	555
43	0.25	0.0	0.0	4.63159353401	1.38041819327	0.333214778466	5.23202796913	2.00190220399	0.972379929732	556
43	0.25	0.25	0.0	4.08228221298	1.55928643481	0.389514173931	4.69680334632	2.0356600648	1.04788297347	557
43	0.25	0.5	0.0	3.58079273789	1.77596373851	0.469095274276	4.12963611677	1.96331691913	1.11516430653	558
43	0.25	0.75	0.0	3.11830769374	1.94638849433	0.530563869371	3.56721678737	1.83449347967	1.18032542087	559
43	0.25	1.0	0.0	2.68600966551	1.98649909222	0.532525749088	3.04623586501	1.69881045908	1.24946780846	560
43	0.5	0.0	0.0	4.62178393301	1.4290454376	0.10028076472	5.23833068309	2.10283274128	0.644088243213	561
43	0.5	0.25	0.0	4.06269130898	1.64536007165	0.141184457364	4.68898324101	2.16101959003	0.696795573452	562
43	0.5	0.5	0.0	3.57719322301	1.92430568179	0.21890691838	4.10913707693	2.11517077552	0.754148213329	563
43	0.5	0.75	0.0	3.13056414264	2.15512726042	0.286994401713	3.53483512931	2.00681803445	0.807182811629	564
43	0.5	1.0	0.0	2.6880785354	2.22706979993	0.298993161313	3.00212033658	1.87749310356	0.846936017137	565
43	0.75	0.0	0.0	4.6037240125	1.47332465712	-0.142164443637	5.23309480069	2.18953040379	0.309907992892	566
43	0.75	0.25	0.0	4.04214215174	1.72055773884	-0.116522713217	4.67281798764	2.26774416669	0.339116380279	567
43	0.75	0.5	0.0	3.56929841067	2.04578059021	-0.0486174816617	4.08226767006	2.23962173101	0.381666231935	568
43	0.75	0.75	0.0	3.13212809535	2.32133824542	0.0151818440978	3.49709533406	2.14428653224	0.416970598424	569
43	0.75	1.0	0.0	2.67756651184	2.41957573867	0.0285058571307	2.95295246578	2.0208620059	0.424442530314	570
43	1.0	0.0	0.0	4.58532196	1.515235652	-0.339061306	5.21258279672	2.24598562257	0.049638700238	571
43	1.0	0.25	0.0	4.03259046897	1.77657941769	-0.325144489533	4.65110811725	2.33540511731	0.0519255347872	572
43	1.0	0.5	0.0	3.56705278995	2.11703004263	-0.281389719616	4.06149395244	2.31463031879	0.0617739631467	573
43	1.0	0.75	0.0	3.1341936102	2.40692773925	-0.237334511391	3.47795461607	2.22646985868	0.068084887292	574
43	1.0	1.0	0.0	2.679497617	2.51661272	-0.22251638	2.93470442195	2.11373236869	0.0597592091987	575
44	0.0	0.0	0.0	2.64633588	1.745267804	0.672683837	3.04932688174	1.49999886988	1.55426604309	576
44	0.0	0.25	0.0	2.15064527611	1.69607669011	0.630634098694	2.47950081413	1.36723537147	1.64691936597	577
44	0.0	0.5	0.0	1.5752730678	1.65653944515	0.637640278734	1.84056861622	1.22932033877	1.74230250726	578
44	0.0	0.75	0.0	1.00003978135	1.61844042112	0.650750856407	1.20064405688	1.09411427444	1.81246505905	579
44	0.0	1.0	0.0	0.504765943	1.57356397	0.627014311	0.627840904976	0.969477681174	1.82945661341	580
44	0.25	0.0	0.0	2.68600966551	1.98649909222	0.532525749088	3.04623586501	1.69881045908	1.24946780846	581
44	0.25	0.25	0.0	2.17950204423	1.94718167511	0.519048409912	2.47607729302	1.57153713705	1.33635508344	582
44	0.25	0.5	0.0	1.59519458172	1.92915157744	0.539969135599	1.83658030835	1.44790620355	1.42477724683	583
44	0.25	0.75	0.0	1.01046835519	1.9149720048	0.556122158007	1.1947843865	1.32854616351	1.4868021278	584
44	0.25	1.0	0.0	0.502704441854	1.88720616276	0.528341708993	0.617729002979	1.21408552185	1.49449755551	585
44	0.5	0.0	0.0	2.6880785354	2.22706979993	0.298993161313	3.00212033658	1.87749310356	0.846936017137	586
44	0.5	0.25	0.0	2.16116965474	2.21308587948	0.292408904919	2.42483766964	1.76042526497	0.895237342155	587
44	0.5	0.5	0.0	1.57327090094	2.23667271891	0.31617743408	1.78627236087	1.66311786885	0.958577842472	588
44	0.5	0.75	0.0	0.984673027501	2.25589491533	0.335847134398	1.1462120075	1.56823717737	1.00913468274	589
44	0.5	1.0	0.0	0.455666787907	2.2288170659	0.316966391479	0.564444206723	1.45844945269	1.01908502759	590
44	0.75	0.0	0.0	2.67756651184	2.41957573867	0.0285058571307	2.95295246578	2.0208620059	0.424442530314	591
44	0.75	0.25	0.0	2.13312896035	2.42763190089	0.0196421641164	2.36846805139	1.91469096014	0.429752380983	592
44	0.75	0.5	0.0	1.54364780052	2.48234308374	0.0356056242327	1.73043560267	1.83823061696	0.460297148351	593
44	0.75	0.75	0.0	0.951596573579	2.52517734997	0.0535076539469	1.09130720828	1.76050816101	0.495506487527	594
44	0.75	1.0	0.0	0.399448820757	2.49760276233	0.0504596697265	0.503534956877	1.65055077698	0.514810053616	595
44	1.0	0.0	0.0	2.679497617	2.51661272	-0.22251638	2.93470442195	2.11373236869	0.0597592091987	596
44	1.0	0.25	0.0	2.13286081376	2.52466233703	-0.230325232095	2.3496545457	2.0151254275	0.0460864388097	597
44	1.0	0.5	0.0	1.5404710555	2.56940288614	-0.232405843883	1.70986086264	1.93651973017	0.04652801865	598
44	1.0	0.75	0.0	0.94018176874	2.60678750593	-0.22731441498	1.06645027727	1.85267995943	0.0619613058449	599
44	1.0	1.0	0.0	0.36984638	2.592769335	-0.213607145	0.470549694114	1.73837079799	0.0932636575199	600
49	0.0	0.0	0.0	6.649135753	-0.216971	-0.199152	7.33995345394	0.223403921447	0.0413503902021	601
49	0.0	0.25	0.0	6.31385977124	0.347507808106	-0.218424371901	6.97601682659	0.873242815364	0.0285701942013	602
49	0.0	0.5	0.0	5.8665008895	0.834562280512	-0.26220437506	6.47559379685	1.46406242124	0.0351862274118	603
49	0.0	0.75	0.0	5.29450599126	1.22890177566	-0.309435517188	5.87550793136	1.9401982025	0.0469564195264	604
49	0.0	1.0	0.0	4.58532196	1.515235652	-0.339061306	5.21258279672	2.24598562257	0.049638700238	605
49	0.25	0.0	0.0	6.64553949144	-0.221077717848	-0.220060533179	7.33753714746	0.214735503132	0.0106047897359	606
49	0.25	0.25	0.0	6.31083427236	0.364340592137	-0.36051784398	6.97399844117	0.890652660183	-0.159641296548	607
49	0.25	0.5	0.0	5.85645646979	0.87021709227	-0.450619530381	6.46383999076	1.49597265945	-0.208801777386	608
49	0.25	0.75	0.0	5.28097208297	1.27955350837	-0.500118591333	5.85170751619	1.97909409385	-0.199507407346	609
49	0.25	1.0	0.0	4.58294711116	1.57535156624	-0.518768025786	5.18224673739	2.28841555629	-0.194388940998	610
49	0.5	0.0	0.0	6.637627716	-0.230705001395	-0.239879965188	7.33222127321	0.195072478556	-0.0308561903039	611
49	0.5	0.25	0.0	6.30836944014	0.373892048359	-0.45896450823	6.97046350945	0.893216155267	-0.28240708742	612
49	0.5	0.5	0.0	5.85643042149	0.909652519766	-0.61126098681	6.45268898939	1.52191882031	-0.419942225372	613
49	0.5	0.75	0.0	5.28420466625	1.34676132885	-0.702278113587	5.82878616271	2.02185950289	-0.483084591493	614
49	0.5	1.0	0.0	4.59408618062	1.65540339164	-0.737524601219	5.14864347906	2.33371723219	-0.511457173119	615
49	0.75	0.0	0.0	6.62971594056	-0.241813534245	-0.259493664603	7.32690539897	0.173928204679	-0.0721114377495	616
49	0.75	0.25	0.0	6.30656754579	0.357896567953	-0.550788716745	6.96827668149	0.859050777031	-0.396482273836	617
49	0.75	0.5	0.0	5.85707175854	0.921565064148	-0.763166704495	6.44440301743	1.50901973259	-0.623172551448	618
49	0.75	0.75	0.0	5.28690610028	1.39405119626	-0.895990086722	5.80905656528	2.03775224566	-0.763033057529	619
49	0.75	1.0	0.0	4.60174809253	1.72021420622	-0.948621322294	5.11600948352	2.35916549058	-0.826914579023	620
49	1.0	0.0	0.0	6.626119679	-0.250364	-0.279785	7.32448909249	0.160816038456	-0.102239840433	621
49	1.0	0.25	0.0	6.30553086053	0.298088542104	-0.673014821618	6.97030260735	0.76627400189	-0.558621951222	622
49	1.0	0.5	0.0	5.84902949487	0.874651226566	-0.925374643585	6.44124429957	1.42439422502	-0.843430190517	623
49	1.0	0.75	0.0	5.27177874427	1.38494906975	-1.06133051351	5.79483141827	1.9960301382	-0.998610730064	624
49	1.0	1.0	0.0	4.588941771	1.734607088	-1.105348479	5.08858121258	2.34203517178	-1.06610974161	625
50	0.0	0.0	0.0	6.626119679	-0.250364	-0.279785	7.32448909249	0.160816038456	-0.102239840433	626
50	0.0	0.25	0.0	6.30553086053	0.298088542104	-0.673014821618	6.97030260735	0.76627400189	-0.558621951222	627
50	0.0	0.5	0.0	5.84902949487	0.874651226566	-0.925374643585	6.44124429957	1.42439422502	-0.843430190517	628
50	0.0	0.75	0.0	5.27177874427	1.38494906975	-1.06133051351	5.79483141827	1.9960301382	-0.998610730064	629
50	0.0	1.0	0.0	4.588941771	1.734607088	-1.105348479	5.08858121258	2.34203517178	-1.06610974161	630
50	0.25	0.0	0.0	6.62698160197	-0.262586808304	-0.295045145189	7.32711769044	0.13917297051	-0.118698049243	631
50	0.25	0.25	0.0	6.30000405329	0.208811029464	-0.794438461498	6.97288921987	0.643232770066	-0.729508136672	632
50	0.25	0.5	0.0	5.82073886223	0.7673355353	-1.09298904548	6.43262028161	1.27690963865	-1.0829505807	633
50	0.25	0.75	0.0	5.22256956866	1.28686258691	-1.23743655943	5.77081794326	1.86289038941	-1.26054714409	634
50	0.25	1.0	0.0	4.53887971247	1.64126806199	-1.27452066565	5.05198927239	2.2238618355	-1.34381958962	635
50	0.5	0.0	0.0	6.6288778325	-0.28376540154	-0.302389214158	7.33290060592	0.0972698060648	-0.128677858179	636
50	0.5	0.25	0.0	6.29051014497	0.116263715726	-0.863104289919	6.97249214225	0.52778375415	-0.83532173812	637
50	0.5	0.5	0.0	5.7842968821	0.632836234815	-1.21885408661	6.41548850541	1.11093616719	-1.28303278959	638
50	0.5	0.75	0.0	5.16174410415	1.12602980006	-1.40825510289	5.7363936873	1.66761608865	-1.54245725828	639
50	0.5	1.0	0.0	4.47435787137	1.45592205577	-1.46992383741	5.00971167984	2.018712562	-1.68424138988	640
50	0.75	0.0	0.0	6.63077406303	-0.308395044005	-0.306777676049	7.3386835214	0.051915592389	-0.135702060036	641
50	0.75	0.25	0.0	6.28057183458	0.0171539646031	-0.898958934577	6.97109029881	0.407395918017	-0.898467217819	642
50	0.75	0.5	0.0	5.7501796801	0.482026662255	-1.30485510328	6.39929479441	0.92927482257	-1.43687938166	643
50	0.75	0.75	0.0	5.10655053961	0.93787785057	-1.54731219516	5.70640439697	1.44419836003	-1.79240312855	644
50	0.75	1.0	0.0	4.41663735309	1.23636233117	-1.64917622322	4.97552649528	1.7788125844	-2.00650303552	645
50	1.0	0.0	0.0	6.631635986	-0.330971	-0.313171	7.34131211935	0.0199193767527	-0.143293447608	646
50	1.0	0.25	0.0	6.27371182116	-0.0918108601897	-0.921949023169	6.97066261385	0.269538225538	-0.941349038018	647
50	1.0	0.5	0.0	5.72886338187	0.325780154764	-1.35287743179	6.39348497204	0.734726616699	-1.53769292137	648
50	1.0	0.75	0.0	5.0742370639	0.757833879836	-1.62813388751	5.69569581881	1.22662832765	-1.95844681085	649
50	1.0	1.0	0.0	4.386979263	1.04038215	-1.769896052	4.96321177907	1.55638713582	-2.22973241967	650
53	0.0	0.0	0.0	6.631635986	-0.330971	-0.313171	7.34131211935	0.0199193767527	-0.143293447608	651
53	0.0	0.25	0.0	6.27371182116	-0.0918108601897	-0.921949023169	6.97066261385	0.269538225538	-0.941349038018	652
53	0.0	0.5	0.0	5.72886338187	0.325780154764	-1.35287743179	6.39348497204	0.734726616699	-1.53769292137	653
53	0.0	0.75	0.0	5.0742370639	0.757833879836	-1.62813388751	5.69569581881	1.22662832765	-1.95844681085	654
53	0.0	1.0	0.0	4.386979263	1.04038215	-1.769896052	4.96321177907	1.55638713582	-2.22973241967	655
53	0.25	0.0	0.0	6.62518750366	-0.352810637952	-0.316918095807	7.33817125596	-0.00727271141608	-0.147144764541	656
53	0.25	0.25	0.0	6.26044645358	-0.254009245227	-0.92466071906	6.96961106991	0.0588990722896	-0.963695226187	657
53	0.25	0.5	0.0	5.70100952011	0.0415913439448	-1.36738397286	6.39539612965	0.371453688503	-1.62021492953	658
53	0.25	0.75	0.0	5.04140973277	0.378251905952	-1.67726734991	5.70507856636	0.749568954069	-2.12242592139	659
53	0.25	1.0	0.0	4.37618012105	0.600233217183	-1.88649034292	4.98821051122	1.01242268583	-2.47605024856	660
53	0.5	0.0	0.0	6.6110008425	-0.37358423516	-0.310125145781	7.3312613565	-0.0398216991024	-0.140581100993	661
53	0.5	0.25	0.0	6.24253359786	-0.422435297714	-0.88442091463	6.96585094951	-0.156741032683	-0.922186354729	662
53	0.5	0.5	0.0	5.67099934294	-0.277122651555	-1.32773678726	6.39453882655	-0.0357576228555	-1.61373066561	663
53	0.5	0.75	0.0	5.01062400165	-0.0768511102556	-1.66527893808	5.71812834004	0.168153481028	-2.18337683293	664
53	0.5	1.0	0.0	4.37563349788	0.0391745126083	-1.92225354146	5.03742284239	0.300017229616	-2.59928765599	665
53	0.75	0.0	0.0	6.59681418134	-0.393202964789	-0.296508622865	7.32435145704	-0.0712158192087	-0.127193864555	666
53	0.75	0.25	0.0	6.2273996507	-0.58206939301	-0.815373637994	6.96353022719	-0.35341803399	-0.833063977749	667
53	0.75	0.5	0.0	5.64815122315	-0.587077590064	-1.24926612071	6.39736092954	-0.424176103761	-1.52989050883	668
53	0.75	0.75	0.0	4.98894670768	-0.530847590164	-1.60518990692	5.73667021433	-0.408182912302	-2.14217767642	669
53	0.75	1.0	0.0	4.37966391327	-0.53599942752	-1.89014883253	5.0922847318	-0.430131343399	-2.59442969915	670
53	1.0	0.0	0.0	6.590365699	-0.411578	-0.279785	7.32121059365	-0.0949433046371	-0.110574462816	671
53	1.0	0.25	0.0	6.22247100883	-0.717891906473	-0.731662917265	6.96679687753	-0.507167876243	-0.712569649355	672
53	1.0	0.5	0.0	5.64178353354	-0.844989229915	-1.14730221893	6.41031030542	-0.731070540595	-1.38034483844	673
53	1.0	0.75	0.0	4.98344468798	-0.907109955149	-1.51002151138	5.76252926368	-0.870005046754	-1.99970658281	674
53	1.0	1.0	0.0	4.382595887	-1.018494067	-1.803139401	5.1342321387	-1.02732514378	-2.45646143521	675
54	0.0	0.0	0.0	6.590365699	-0.411578	-0.279785	7.32121059365	-0.0949433046371	-0.110574462816	676
54	0.0	0.25	0.0	6.22247100883	-0.717891906473	-0.731662917265	6.96679687753	-0.507167876243	-0.712569649355	677
54	0.0	0.5	0.0	5.64178353354	-0.844989229915	-1.14730221893	6.41031030542	-0.731070540595	-1.38034483844	678
54	0.0	0.75	0.0	4.98344468798	-0.907109955149	-1.51002151138	5.76252926368	-0.870005046754	-1.99970658281	679
54	0.0	1.0	0.0	4.382595887	-1.018494067	-1.803139401	5.1342321387	-1.02732514378	-2.45646143521	680
54	0.25	0.0	0.0	6.59706370681	-0.426479485767	-0.262317991294	7.32477033385	-0.107978482838	-0.080245635163	681
54	0.25	0.25	0.0	6.24250800393	-0.846126597145	-0.635118356401	6.98247741584	-0.64037844854	-0.560927713236	682
54	0.25	0.5	0.0	5.68671687621	-1.10942623725	-1.00226160049	6.44904378085	-1.01835575613	-1.12427406763	683
54	0.25	0.75	0.0	5.05058660666	-1.30432570476	-1.33321228421	5.82371941914	-1.31260845945	-1.65929240535	684
54	0.25	1.0	0.0	4.45501347829	-1.51877229838	-1.5974349682	5.20575432091	-1.59383461235	-2.05499043339	685
54	0.5	0.0	0.0	6.611799324	-0.436755598079	-0.243158762234	7.3326017623	-0.114148718503	-0.0327904044206	686
54	0.5	0.25	0.0	6.28145162369	-0.969522370294	-0.518878643863	7.00593841689	-0.765123746104	-0.375346064694	687
54	0.5	0.5	0.0	5.77488888357	-1.39086853133	-0.801749364428	6.50470321484	-1.30835276498	-0.763941957774	688
54	0.5	0.75	0.0	5.18571029406	-1.73976419214	-1.05965103711	5.91390705661	-1.76616445049	-1.13071085353	689
54	0.5	1.0	0.0	4.60751504555	-2.05517946366	-1.26046377509	5.31856084265	-2.16088747802	-1.40778552184	690
54	0.75	0.0	0.0	6.62653494119	-0.442791161351	-0.222154152058	7.34043319076	-0.116078405128	0.0165102074391	691
54	0.75	0.25	0.0	6.31576244169	-1.05909650965	-0.385091340813	7.02552432649	-0.850612034284	-0.167681627847	692
54	0.75	0.5	0.0	5.85214216019	-1.60696553267	-0.564063773026	6.55137045311	-1.51951676142	-0.359882870242	693
54	0.75	0.75	0.0	5.30522493096	-2.08119978503	-0.73059517085	5.99033565862	-2.10363418998	-0.538954932874	694
54	0.75	1.0	0.0	4.74456158829	-2.47660082135	-0.856209256438	5.41478403097	-2.5838059234	-0.683759228872	695
54	1.0	0.0	0.0	6.633232949	-0.444971	-0.199151	7.34399293096	-0.116391936211	0.0523751784438	696
54	1.0	0.25	0.0	6.32190103156	-1.08586629894	-0.235904008413	7.02957959043	-0.866051578426	0.0502086731851	697
54	1.0	0.5	0.0	5.86431931062	-1.67536666176	-0.307503088563	6.56312734142	-1.57030293976	0.0273688335823	698
54	1.0	0.75	0.0	5.32553969813	-2.1964068512	-0.387302086181	6.01024870767	-2.19797884804	-0.00901764889587	699
54	1.0	1.0	0.0	4.770614106	-2.63192163	-0.448654847	5.43655621292	-2.7179121311	-0.0518240827803	700
57	0.0	0.0	0.0	6.633232949	-0.444971	-0.199151	7.34399293096	-0.116391936211	0.0523751784438	701
57	0.0	0.25	0.0	6.32190103156	-1.08586629894	-0.235904008413	7.02957959043	-0.866051578426	0.0502086731851	702
57	0.0	0.5	0.0	5.86431931062	-1.67536666176	-0.307503088563	6.56312734142	-1.57030293976	0.0273688335823	703
57	0.0	0.75	0.0	5.32553969813	-2.1964068512	-0.387302086181	6.01024870767	-2.19797884804	-0.00901764889587	704
57	0.0	1.0	0.0	4.770614106	-2.63192163	-0.448654847	5.43655621292	-2.7179121311	-0.0518240827803	705
57	0.25	0.0	0.0	6.62705603244	-0.443166236584	-0.176316614424	7.34315705547	-0.114383148561	0.0852619535291	706
57	0.25	0.25	0.0	6.28972899336	-1.04749971877	-0.105070164904	7.01203209473	-0.817245399671	0.24658586411	707
57	0.25	0.5	0.0	5.79420984351	-1.59167600167	-0.107016725614	6.52721724969	-1.47664939144	0.341243548701	708
57	0.25	0.75	0.0	5.2244316018	-2.07010808406	-0.137903204611	5.96079264394	-2.06613625285	0.393196774798	709
57	0.25	1.0	0.0	4.66432728711	-2.47720896476	-0.153476509953	5.38483840104	-2.5592471129	0.426407309898	710
57	0.5	0.0	0.0	6.613466816	-0.437001777756	-0.155224109174	7.34131812938	-0.107769836417	0.1284697157	711
57	0.5	0.25	0.0	6.23577240587	-0.967182509121	0.00375646052607	6.98152334575	-0.730730187689	0.426219575969	712
57	0.5	0.5	0.0	5.67926200347	-1.42069744473	0.0550358175987	6.46185317693	-1.30911229955	0.648251641573	713
57	0.5	0.75	0.0	5.05812161792	-1.80594861222	0.0670683539122	5.87120566328	-1.81880390359	0.817991468493	714
57	0.5	1.0	0.0	4.48653725837	-2.13133803923	0.108308461335	5.29847884514	-2.23569273141	0.95886461271	715
57	0.75	0.0	0.0	6.59987759956	-0.426475430049	-0.135948299337	7.3394792033	-0.096794635396	0.169860782458	716
57	0.75	0.25	0.0	6.183656334	-0.860801814788	0.0946687623239	6.95038793834	-0.616577420874	0.579807131166	717
57	0.75	0.5	0.0	5.56927991324	-1.20260922156	0.183582233575	6.39413387624	-1.09593200919	0.917551538024	718
57	0.75	0.75	0.0	4.89628535256	-1.47607935139	0.225823362756	5.7753525675	-1.51096801753	1.19947514455	719
57	0.75	1.0	0.0	4.30420966719	-1.70539390532	0.316423398205	5.19867956264	-1.83779506304	1.44195909226	720
57	1.0	0.0	0.0	6.593700683	-0.411585	-0.118564	7.33864332781	-0.0817001811124	0.197297471304	721
57	1.0	0.25	0.0	6.15700584262	-0.744244780573	0.171759634936	6.93096046738	-0.484858577617	0.698045852104	722
57	1.0	0.5	0.0	5.5140676956	-0.97758956275	0.283550214816	6.35115810071	-0.865348865493	1.11830166388	723
57	1.0	0.75	0.0	4.80859841177	-1.1526512173	0.336572595288	5.70709815838	-1.19761481195	1.47175651533	724
57	1.0	1.0	0.0	4.184310161	-1.310461615	0.450591632	5.10664257099	-1.45610018419	1.77210201516	725
58	0.0	0.0	0.0	6.593700683	-0.411585	-0.118564	7.33864332781	-0.0817001811124	0.197297471304	726
58	0.0	0.25	0.0	6.15700584262	-0.744244780573	0.171759634936	6.93096046738	-0.484858577617	0.698045852104	727
58	0.0	0.5	0.0	5.5140676956	-0.97758956275	0.283550214816	6.35115810071	-0.865348865493	1.11830166388	728
58	0.0	0.75	0.0	4.80859841177	-1.1526512173	0.336572595288	5.70709815838	-1.19761481195	1.47175651533	729
58	0.0	1.0	0.0	4.184310161	-1.310461615	0.450591632	5.10664257099	-1.45610018419	1.77210201516	730
58	0.25	0.0	0.0	6.59693733019	-0.393674134827	-0.102765158988	7.34005406591	-0.0579002006083	0.212488120639	731
58	0.25	0.25	0.0	6.1571321081	-0.61197492839	0.245033042135	6.92330927656	-0.325043433342	0.794779552135	732
58	0.25	0.5	0.0	5.51181157254	-0.721696116456	0.38548928919	6.32869271658	-0.570036616611	1.2734395438	733
58	0.25	0.75	0.0	4.79357604735	-0.786792332363	0.450456048589	5.66108872587	-0.786607889101	1.66463503682	734
58	0.25	1.0	0.0	4.13502585638	-0.871218209451	0.571785786745	5.02538164434	-0.968485389494	1.98453297239	735
58	0.5	0.0	0.0	6.604057954	-0.373402086356	-0.0893186160762	7.34315768973	-0.0246720984073	0.224596641862	736
58	0.5	0.25	0.0	6.16752178336	-0.46070634498	0.314897795574	6.92003646557	-0.135630814121	0.877199747854	737
58	0.5	0.5	0.0	5.5288672795	-0.430523806362	0.496767374412	6.31177665018	-0.203085262217	1.39689011585	738
58	0.5	0.75	0.0	4.80884930156	-0.36698982336	0.585662571857	5.62435787621	-0.259011066853	1.80657500442	739
58	0.5	1.0	0.0	4.12822270872	-0.354239748835	0.710955839325	4.96375977632	-0.335383852186	2.12916167214	740
58	0.75	0.0	0.0	6.61117857781	-0.352067994706	-0.0821465151261	7.34626131354	0.0096180469715	0.230430721124	741
58	0.75	0.25	0.0	6.1858198668	-0.3074567225	0.36550353823	6.92224075598	0.058388728785	0.924214971897	742
58	0.75	0.5	0.0	5.56660765758	-0.144082770676	0.589621523151	6.30833125964	0.172036219174	1.46033220014	743
58	0.75	0.75	0.0	4.85713357326	0.0398084557966	0.7043348644	5.61005682637	0.279192862324	1.86770133072	744
58	0.75	1.0	0.0	4.16098923695	0.145971551949	0.823770986743	4.93294145803	0.30849100242	2.17524128851	745
58	1.0	0.0	0.0	6.614415225	-0.330971	-0.085171	7.34767205164	0.036604157009	0.226798044573	746
58	1.0	0.25	0.0	6.20967135681	-0.169243753109	0.380999913081	6.93102086935	0.232024644116	0.9147337569	747
58	1.0	0.5	0.0	5.62640554789	0.0976168523927	0.636288788073	6.3262779031	0.491858849046	1.43544461677	748
58	1.0	0.75	0.0	4.94114426128	0.366654651198	0.768615625528	5.63133679336	0.722021105958	1.8181389283	749
58	1.0	1.0	0.0	4.23041396	0.534913478	0.865900426	4.94409118059	0.828425749007	2.09202499561	750
61	0.0	0.0	0.0	6.614415225	-0.330971	-0.085171	7.34767205164	0.036604157009	0.226798044573	751
61	0.0	0.25	0.0	6.20967135681	-0.169243753109	0.380999913081	6.93102086935	0.232024644116	0.9147337569	752
61	0.0	0.5	0.0	5.62640554789	0.0976168523927	0.636288788073	6.3262779031	0.491858849046	1.43544461677	753
61	0.0	0.75	0.0	4.94114426128	0.366654651198	0.768615625528	5.63133679336	0.722021105958	1.8181389283	754
61	0.0	1.0	0.0	4.23041396	0.534913478	0.865900426	4.94409118059	0.828425749007	2.09202499561	755
61	0.25	0.0	0.0	6.61708164281	-0.308198531676	-0.09158817374	7.34653457268	0.0667827800981	0.216329785766	756
61	0.25	0.25	0.0	6.22940781101	-0.0696033951982	0.368709486737	6.94147534712	0.352961923926	0.87684499224	757
61	0.25	0.5	0.0	5.67598543454	0.245490023165	0.622102266604	6.35496756186	0.680820444613	1.35845515962	758
61	0.25	0.75	0.0	5.01722520024	0.544061108143	0.749454535544	5.67602806249	0.958917705903	1.70143633413	759
61	0.25	1.0	0.0	4.31353779496	0.733089244463	0.831630663245	4.99367369459	1.09581307154	1.94606456203	760
61	0.5	0.0	0.0	6.622947762	-0.283627088598	-0.0958402955884	7.34403211896	0.107647763661	0.20316527677	761
61	0.5	0.25	0.0	6.25552340272	0.0250866228855	0.344843291398	6.95546727858	0.468042370428	0.822540905438	762
61	0.5	0.5	0.0	5.73992130896	0.402071862063	0.574627213586	6.39789771685	0.8797241884	1.23390175709	763
61	0.5	0.75	0.0	5.12020728013	0.750711644793	0.680201067849	5.74757019615	1.23321164981	1.50681463482	764
61	0.5	1.0	0.0	4.44044711564	0.974388986937	0.748254451058	5.08073147887	1.41902318691	1.71084634173	765
61	0.75	0.0	0.0	6.62881388119	-0.26257435122	-0.103106019643	7.34152966524	0.144994041523	0.186987165568	766
61	0.75	0.25	0.0	6.2819792571	0.116666858565	0.292324760135	6.96989877485	0.579406967246	0.731385370946	767
61	0.75	0.5	0.0	5.80413952125	0.549616639409	0.489351930532	6.44191226644	1.06660148025	1.06779551822	768
61	0.75	0.75	0.0	5.22169537646	0.940511609354	0.574081789275	5.82033388234	1.48562257258	1.27879396833	769
61	0.75	1.0	0.0	4.56104752549	1.19358838644	0.632620634093	5.16792736487	1.71551523629	1.44695708222	770
61	1.0	0.0	0.0	6.631480299	-0.250358	-0.118564	7.34039218628	0.164616547508	0.167478100143	771
61	1.0	0.25	0.0	6.30273649934	0.206977869264	0.194077326021	6.98167194703	0.689196698009	0.582942263218	772
61	1.0	0.5	0.0	5.85456642157	0.670378625527	0.361764718952	6.473855109	1.21948371999	0.866147552028	773
61	1.0	0.75	0.0	5.29329436476	1.06736635003	0.444323266656	5.86868980903	1.65687010907	1.0618944726	774
61	1.0	1.0	0.0	4.625244628	1.325463124	0.501578057	5.21792418399	1.90274836088	1.21498353098	775
62	0.0	0.0	0.0	6.631480299	-0.250358	-0.118564	7.34039218628	0.164616547508	0.167478100143	776
62	0.0	0.25	0.0	6.30273649934	0.206977869264	0.194077326021	6.98167194703	0.689196698009	0.582942263218	777
62	0.0	0.5	0.0	5.85456642157	0.670378625527	0.361764718952	6.473855109	1.21948371999	0.866147552028	778
62	0.0	0.75	0.0	5.29329436476	1.06736635003	0.444323266656	5.86868980903	1.65687010907	1.0618944726	779
62	0.0	1.0	0.0	4.625244628	1.325463124	0.501578057	5.21792418399	1.90274836088	1.21498353098	780
62	0.25	0.0	0.0	6.63423896369	-0.241862533882	-0.138723664459	7.34032363435	0.177080822054	0.140202856006	781
62	0.25	0.25	0.0	6.31325792688	0.274888768734	0.0944197031292	6.98574762577	0.773739182156	0.442078750063	782
62	0.25	0.5	0.0	5.87961266568	0.7452235677	0.225148808805	6.48730655864	1.32096870159	0.672816464234	783
62	0.25	0.75	0.0	5.32261919607	1.12758549766	0.291926288581	5.88830011307	1.75245962674	0.845291642722	784
62	0.25	1.0	0.0	4.63159353401	1.38041819327	0.333214778466	5.23202796913	2.00190220399	0.972379929732	785
62	0.5	0.0	0.0	6.640308026	-0.230750059141	-0.158453165927	7.34017282011	0.196924675337	0.104819079245	786
62	0.5	0.25	0.0	6.31742410012	0.313244228666	0.0151288952101	6.98350599741	0.824957820279	0.336996823581	787
62	0.5	0.5	0.0	5.88779139237	0.788102987797	0.0859212064656	6.49062529129	1.38981856126	0.484960727268	788
62	0.5	0.75	0.0	5.3297859782	1.16848409764	0.0992098141864	5.89705781533	1.83470937577	0.577671097936	789
62	0.5	1.0	0.0	4.62178393301	1.4290454376	0.10028076472	5.23833068309	2.10283274128	0.644088243213	790
62	0.75	0.0	0.0	6.64637708831	-0.22109480483	-0.178385084432	7.34002200587	0.215311308189	0.0692328854481	791
62	0.75	0.25	0.0	6.31702729095	0.333598993607	-0.0778131217841	6.97893356375	0.854307426606	0.216294599663	792
62	0.75	0.5	0.0	5.88234125065	0.813166140505	-0.071376913134	6.48599360475	1.43464567561	0.279958071528	793
62	0.75	0.75	0.0	5.31900986023	1.19920768022	-0.109389629934	5.89333604501	1.89887151481	0.298427727214	794
62	0.75	1.0	0.0	4.6037240125	1.47332465712	-0.142164443637	5.23309480069	2.18953040379	0.309907992892	795
62	1.0	0.0	0.0	6.649135753	-0.216971	-0.199152	7.33995345394	0.223403921447	0.0413503902021	796
62	1.0	0.25	0.0	6.31385977124	0.347507808106	-0.218424371901	6.97601682659	0.873242815364	0.0285701942013	797
62	1.0	0.5	0.0	5.8665008895	0.834562280512	-0.26220437506	6.47559379685	1.46406242124	0.0351862274118	798
62	1.0	0.75	0.0	5.29450599126	1.22890177566	-0.309435517188	5.87550793136	1.9401982025	0.0469564195264	799
62	1.0	1.0	0.0	4.58532196	1.515235652	-0.339061306	5.21258279672	2.24598562257	0.049638700238	800
