Elem	xi[0]	xi[1]	xi[2]	Y[0]	Y[1]	Y[2]	y[0]	y[1]	y[2]	Index
1	0.0	0.0	0.0	0.126057866	1.912086343	-0.591083372	0.138858523496	1.82446138386	0.483874132271	1
1	0.0	0.25	0.0	-0.419804864485	2.10869098381	-0.634559361427	-0.419471149741	1.94023977023	0.507146997596	2
1	0.0	0.5	0.0	-0.970478513362	2.33926215114	-0.701533527468	-0.960973515685	2.09597103248	0.547979999522	3
1	0.0	0.75	0.0	-1.50576845181	2.5546018894	-0.764585300524	-1.48864450566	2.235526081	0.625620469966	4
1	0.0	1.0	0.0	-2.005480051	2.705512243	-0.796294111	-2.005480051	2.30277582618	0.759315740845	5
1	0.25	0.0	0.0	0.179865338417	1.86203097766	-0.836521128149	0.182934493613	1.79594504137	0.123084000668	6
1	0.25	0.25	0.0	-0.372409697729	2.07810643399	-0.882452334762	-0.371205617448	1.91133932584	0.132608483579	7
1	0.25	0.5	0.0	-0.933584196172	2.35615242854	-0.945772430486	-0.926230677263	2.09335800874	0.153791807304	8
1	0.25	0.75	0.0	-1.4796111967	2.62181873121	-1.00738663881	-1.46901770982	2.27402249988	0.212524986694	9
1	0.25	1.0	0.0	-1.98644373911	2.80075511189	-1.04820018321	-1.98644373911	2.38535420905	0.334699036596	10
1	0.5	0.0	0.0	0.242200698184	1.72694330858	-1.14391420796	0.27217332149	1.70927214157	-0.276269166403	11
1	0.5	0.25	0.0	-0.314346155784	1.96102741693	-1.19900782523	-0.284883954356	1.81333096622	-0.318162905252	12
1	0.5	0.5	0.0	-0.887756787071	2.26002022244	-1.2694337101	-0.859293897487	1.9869762757	-0.327711407535	13
1	0.5	0.75	0.0	-1.44742681571	2.54183675468	-1.34280665667	-1.42670152694	2.171559994	-0.286553268479	14
1	0.5	1.0	0.0	-1.96275186173	2.72439204318	-1.40674145903	-1.96275186173	2.30843404507	-0.176327083315	15
1	0.75	0.0	0.0	0.283729682359	1.57432900821	-1.47058980929	0.359878192486	1.60200592217	-0.646897007528	16
1	0.75	0.25	0.0	-0.274371649151	1.81142460364	-1.52417995233	-0.213355214342	1.68344873273	-0.74471583822	17
1	0.75	0.5	0.0	-0.850008363519	2.10584968816	-1.58751357195	-0.804171664431	1.82823651076	-0.783061567185	18
1	0.75	0.75	0.0	-1.41433511478	2.37601158306	-1.66286413781	-1.38755937343	1.99339352008	-0.758290613734	19
1	0.75	1.0	0.0	-1.93850655699	2.54031760963	-1.75250511959	-1.93850655699	2.13594402453	-0.66675939718	20
1	1.0	0.0	0.0	0.275118028	1.471693749	-1.77387513	0.39935229196	1.5117096209	-0.921511161295	21
1	1.0	0.25	0.0	-0.281243588327	1.68326866514	-1.79792283555	-0.209468451287	1.55892666676	-1.04659898465	22
1	1.0	0.5	0.0	-0.837351002975	1.94862498102	-1.81500822167	-0.804872466168	1.6685493913	-1.09879059384	23
1	1.0	0.75	0.0	-1.38545589989	2.18569883964	-1.85957786596	-1.37745466572	1.80477803485	-1.08936336725	24
1	1.0	1.0	0.0	-1.917809963	2.312426384	-1.966078346	-1.917809963	1.93181283773	-1.02959468329	25
2	0.0	0.0	0.0	0.275118028	1.471693749	-1.77387513	0.39935229196	1.5117096209	-0.921511161295	26
2	0.0	0.25	0.0	-0.281243588327	1.68326866514	-1.79792283555	-0.209468451287	1.55892666676	-1.04659898465	27
2	0.0	0.5	0.0	-0.837351002975	1.94862498102	-1.81500822167	-0.804872466168	1.6685493913	-1.09879059384	28
2	0.0	0.75	0.0	-1.38545589989	2.18569883964	-1.85957786596	-1.37745466572	1.80477803485	-1.08936336725	29
2	0.0	1.0	0.0	-1.917809963	2.312426384	-1.966078346	-1.917809963	1.93181283773	-1.02959468329	30
2	0.25	0.0	0.0	0.247804857106	1.48845714839	-1.99757100902	0.366765923114	1.51376583089	-1.14159211889	31
2	0.25	0.25	0.0	-0.296784634702	1.62270554058	-1.99620051932	-0.24260342125	1.49714204711	-1.26737413733	32
2	0.25	0.5	0.0	-0.833989458493	1.80338483014	-1.97049360533	-0.826823662398	1.53760858719	-1.3280256557	33
2	0.25	0.75	0.0	-1.36405074818	1.9602928241	-1.96259420862	-1.37774300098	1.6046701265	-1.32203928377	34
2	0.25	1.0	0.0	-1.88720963766	2.02322732952	-2.01464627075	-1.88720963766	1.66783134043	-1.24790763131	35
2	0.5	0.0	0.0	0.228179332454	1.56838473646	-2.24435938485	0.296919450732	1.57504275098	-1.45380138653	36
2	0.5	0.25	0.0	-0.296586407474	1.58250319655	-2.22780714011	-0.271182148959	1.46254538794	-1.56543363945	37
2	0.5	0.5	0.0	-0.829878872637	1.63459087386	-2.16269719633	-0.836834105988	1.39831616579	-1.6082084466	38
2	0.5	0.75	0.0	-1.35241721764	1.67683615652	-2.07194331616	-1.37106929661	1.36157456962	-1.55721099305	39
2	0.5	1.0	0.0	-1.8449205971	1.66142743262	-1.97845926224	-1.8449205971	1.3315400845	-1.38752646386	40
2	0.75	0.0	0.0	0.215337818324	1.63618634356	-2.48009843225	0.231232556666	1.62773726495	-1.77946591439	41
2	0.75	0.25	0.0	-0.288025821008	1.53499856282	-2.44895747823	-0.29351780929	1.41981871777	-1.86951730575	42
2	0.75	0.5	0.0	-0.820736944956	1.45649181822	-2.33831836825	-0.847248661891	1.24179113664	-1.87369266455	43
2	0.75	0.75	0.0	-1.34202233103	1.37916284213	-2.15767438036	-1.37232423356	1.09835912208	-1.75767396666	44
2	0.75	1.0	0.0	-1.81110875673	1.28150836691	-1.91651879261	-1.81110875673	0.994227274626	-1.48714318797	45
2	1.0	0.0	0.0	0.208376679	1.6165718	-2.670646326	0.211124922771	1.60404625662	-2.03991265263	46
2	1.0	0.25	0.0	-0.278479789674	1.4525285692	-2.61586631401	-0.307923577117	1.33364406514	-2.10836495093	47
2	1.0	0.5	0.0	-0.802281374999	1.28333636926	-2.44405649466	-0.870412195061	1.05915250925	-2.05883200752	48
2	1.0	0.75	0.0	-1.32433311107	1.11110688618	-2.18983659298	-1.39639849278	0.837891541774	-1.88622367618	49
2	1.0	1.0	0.0	-1.805940032	0.937951806	-1.887826334	-1.805940032	0.727181115515	-1.58544981067	50
5	0.0	0.0	0.0	0.208376679	1.6165718	-2.670646326	0.211124922771	1.60404625662	-2.03991265263	51
5	0.0	0.25	0.0	-0.278479789674	1.4525285692	-2.61586631401	-0.307923577117	1.33364406514	-2.10836495093	52
5	0.0	0.5	0.0	-0.802281374999	1.28333636926	-2.44405649466	-0.870412195061	1.05915250925	-2.05883200752	53
5	0.0	0.75	0.0	-1.32433311107	1.11110688618	-2.18983659298	-1.39639849278	0.837891541774	-1.88622367618	54
5	0.0	1.0	0.0	-1.805940032	0.937951806	-1.887826334	-1.805940032	0.727181115515	-1.58544981067	55
5	0.25	0.0	0.0	0.187423868271	0.982617324758	-3.0276876821	0.24266040634	0.912243464765	-2.65618825328	56
5	0.25	0.25	0.0	-0.301558184728	0.864334437771	-2.86719957168	-0.347424057265	0.677917262572	-2.61412726095	57
5	0.25	0.5	0.0	-0.812621427846	0.731000800147	-2.54512692396	-0.944306907228	0.444798828251	-2.39640621275	58
5	0.25	0.75	0.0	-1.34434987785	0.589428357427	-2.16258423704	-1.48220308987	0.295919827474	-2.07386945449	59
5	0.25	1.0	0.0	-1.89532755153	0.446429055149	-1.82068600901	-1.89532755153	0.314311925911	-1.71736133197	60
5	0.5	0.0	0.0	0.163694697738	-0.0151725091157	-2.97710744212	0.237467749059	-0.21971261765	-2.92060505839	61
5	0.5	0.25	0.0	-0.36118777184	-0.0422688070027	-2.73219674994	-0.407658448805	-0.362496413927	-2.76001546379	62
5	0.5	0.5	0.0	-0.885293447685	-0.071959717828	-2.39684330894	-1.02381222908	-0.438651837485	-2.52343456562	63
5	0.5	0.75	0.0	-1.44227203341	-0.0854332926292	-2.01795346217	-1.5851362657	-0.408924180498	-2.20892634472	64
5	0.5	1.0	0.0	-2.06577323261	-0.0638775824441	-1.64243355264	-2.06577323261	-0.234058735137	-1.81455478194	65
5	0.75	0.0	0.0	0.143112238836	-1.10023021543	-2.74798829958	0.247162888606	-1.40814834205	-2.91811825162	66
5	0.75	0.25	0.0	-0.427744883957	-1.03300912243	-2.49048794825	-0.438583654306	-1.44691149482	-2.70795731835	67
5	0.75	0.5	0.0	-0.979291844845	-0.928063359454	-2.19022008447	-1.07445392651	-1.34737332404	-2.52026726922	68
5	0.75	0.75	0.0	-1.56630978039	-0.773377828063	-1.83751572359	-1.6722014701	-1.13572336711	-2.28615477627	69
5	0.75	1.0	0.0	-2.24357982714	-0.556937429815	-1.42270588094	-2.24357982714	-0.838151161419	-1.93672651154	70
5	1.0	0.0	0.0	0.131599563	-1.995988308	-2.569412948	0.32336176266	-2.26939005986	-2.73368301665	71
5	1.0	0.25	0.0	-0.471605854026	-1.87361446582	-2.4217032661	-0.390156576337	-2.23464251055	-2.61988058349	72
5	1.0	0.5	0.0	-1.05361102965	-1.63982829952	-2.1162716854	-1.06175776544	-2.03753946748	-2.46725452664	73
5	1.0	0.75	0.0	-1.66467332146	-1.33430501295	-1.7028424765	-1.71040215291	-1.74356061731	-2.30031517857	74
5	1.0	1.0	0.0	-2.355050087	-0.99671981	-1.23113991	-2.355050087	-1.41818564673	-2.14357287171	75
6	0.0	0.0	0.0	0.131599563	-1.995988308	-2.569412948	0.32336176266	-2.26939005986	-2.73368301665	76
6	0.0	0.25	0.0	-0.471605854026	-1.87361446582	-2.4217032661	-0.390156576337	-2.23464251055	-2.61988058349	77
6	0.0	0.5	0.0	-1.05361102965	-1.63982829952	-2.1162716854	-1.06175776544	-2.03753946748	-2.46725452664	78
6	0.0	0.75	0.0	-1.66467332146	-1.33430501295	-1.7028424765	-1.71040215291	-1.74356061731	-2.30031517857	79
6	0.0	1.0	0.0	-2.355050087	-0.99671981	-1.23113991	-2.355050087	-1.41818564673	-2.14357287171	80
6	0.25	0.0	0.0	0.208390968375	-2.7358283053	-2.2549677902	0.45102604796	-2.9462407364	-2.31045513111	81
6	0.25	0.25	0.0	-0.412777726775	-2.58139808899	-2.21603175027	-0.289987429158	-2.88895813081	-2.31058734435	82
6	0.25	0.5	0.0	-1.02808623856	-2.27382806304	-1.92630271424	-1.00258167745	-2.67869660661	-2.17324731374	83
6	0.25	0.75	0.0	-1.67430854845	-1.89754812235	-1.48733815081	-1.69818323451	-2.3880724536	-2.04552452631	84
6	0.25	1.0	0.0	-2.38821863789	-1.5369881618	-1.00069552862	-2.38821863789	-2.08970196157	-2.07450846909	85
6	0.5	0.0	0.0	0.376511815652	-3.493823546	-1.60902542076	0.566471362933	-3.75627480479	-1.63588756692	86
6	0.5	0.25	0.0	-0.260656164485	-3.29060757089	-1.57265270305	-0.209929440166	-3.69705653793	-1.63900221252	87
6	0.5	0.5	0.0	-0.905943272884	-2.9421947671	-1.39446529597	-0.95228732437	-3.4625232683	-1.54284069802	88
6	0.5	0.75	0.0	-1.60032205351	-2.53643461028	-1.09332617788	-1.67307496824	-3.14133578768	-1.45527203618	89
6	0.5	1.0	0.0	-2.38476505034	-2.16117657611	-0.688098327144	-2.38476505034	-2.82215488783	-1.48416523973	90
6	0.75	0.0	0.0	0.527529970103	-4.21036677569	-0.846205021941	0.649402676619	-4.58273569258	-0.859317033819	91
6	0.75	0.25	0.0	-0.12466145746	-3.96662314103	-0.777113087717	-0.165627258172	-4.53104828981	-0.817330878683	92
6	0.75	0.5	0.0	-0.785795336396	-3.58025836516	-0.719888846821	-0.935602466106	-4.25652711417	-0.765246184899	93
6	0.75	0.75	0.0	-1.5142762972	-3.13261411067	-0.601692954648	-1.66755301442	-3.87153046073	-0.717977672399	94
6	0.75	1.0	0.0	-2.36850897037	-2.70503204011	-0.349686066597	-2.36850897037	-3.48841662459	-0.690440061113	95
6	1.0	0.0	0.0	0.553013297	-4.82585074	-0.181125776	0.679524958061	-5.30886682729	-0.130080241557	96
6	1.0	0.25	0.0	-0.114213896	-4.5748250289	-0.114959867522	-0.172725531991	-5.26304394434	-0.0577790335539	97
6	1.0	0.5	0.0	-0.76625563287	-4.12334881071	-0.101702783056	-0.977254862577	-4.92821580582	-0.029675279791	98
6	1.0	0.75	0.0	-1.48773374005	-3.56773625741	-0.0933248780608	-1.71409303336	-4.44683631394	-0.0220613991966	99
6	1.0	1.0	0.0	-2.363270044	-3.004301541	-0.041796508	-2.363270044	-3.96135937093	-0.0112298106986	100
9	0.0	0.0	0.0	0.553013297	-4.82585074	-0.181125776	0.679524958061	-5.30886682729	-0.130080241557	101
9	0.0	0.25	0.0	-0.114213896	-4.5748250289	-0.114959867522	-0.172725531991	-5.26304394434	-0.0577790335539	102
9	0.0	0.5	0.0	-0.76625563287	-4.12334881071	-0.101702783056	-0.977254862577	-4.92821580582	-0.029675279791	103
9	0.0	0.75	0.0	-1.48773374005	-3.56773625741	-0.0933248780608	-1.71409303336	-4.44683631394	-0.0220613991966	104
9	0.0	1.0	0.0	-2.363270044	-3.004301541	-0.041796508	-2.363270044	-3.96135937093	-0.0112298106986	105
9	0.25	0.0	0.0	0.440334173459	-4.95824061872	0.594631655144	0.638646671932	-5.54770200938	0.854645476625	106
9	0.25	0.25	0.0	-0.225734883723	-4.71239658309	0.649101782196	-0.219851921469	-5.4784270835	0.945819165654	107
9	0.25	0.5	0.0	-0.842244590263	-4.20334823631	0.64553230671	-1.03348767155	-5.08093138813	0.968226368101	108
9	0.25	0.75	0.0	-1.51731815533	-3.54492783945	0.572328735812	-1.7604876149	-4.51816736992	0.942901719044	109
9	0.25	1.0	0.0	-2.3590787881	-2.85096765356	0.417896576628	-2.3590787881	-3.95308747555	0.890879853559	110
9	0.5	0.0	0.0	0.286178886756	-4.40432508256	1.53407155554	0.541843271882	-5.08340097378	2.12913364481	111
9	0.5	0.25	0.0	-0.353486499604	-4.14657765808	1.61190665036	-0.27891376633	-4.9571433664	2.24592799501	112
9	0.5	0.5	0.0	-0.924419494294	-3.63584486118	1.53010217146	-1.04689910568	-4.51773056013	2.2476912056	113
9	0.5	0.75	0.0	-1.54566366695	-2.98140352262	1.31730916179	-1.74003972102	-3.93374079224	2.18167727805	114
9	0.5	1.0	0.0	-2.3362625872	-2.29253047317	1.00217866428	-2.3362625872	-3.37375230002	2.09514021382	115
9	0.75	0.0	0.0	0.127139592175	-3.51337982411	2.32999245392	0.417933933338	-4.22027264773	3.31043683112	116
9	0.75	0.25	0.0	-0.476816034836	-3.25368768922	2.42979471041	-0.355117082788	-4.04175729018	3.43952046059	117
9	0.75	0.5	0.0	-1.0022233664	-2.78436845982	2.2812206885	-1.05516861187	-3.59415335632	3.42143664973	118
9	0.75	0.75	0.0	-1.57167414208	-2.20188705502	1.94027106084	-1.70009237705	-3.04022038718	3.30207140026	119
9	0.75	1.0	0.0	-2.30776010146	-1.60270839394	1.46294650005	-2.30776010146	-2.54271792381	3.12731071392	120
9	1.0	0.0	0.0	-0.000191555	-2.634680536	2.675192879	0.295737831729	-3.26262595847	4.01560760365	121
9	1.0	0.25	0.0	-0.575070780614	-2.41004611187	2.75910593576	-0.453667887054	-3.07483335199	4.12356956845	122
9	1.0	0.5	0.0	-1.06509922801	-2.01244880674	2.62810173512	-1.095975637	-2.6657398112	4.1021801175	123
9	1.0	0.75	0.0	-1.5942534479	-1.53110218474	2.23986909392	-1.68798860827	-2.18426996103	3.91189020813	124
9	1.0	1.0	0.0	-2.286509991	-1.05521981	1.552096829	-2.286509991	-1.7793484264	3.5131507977	125
10	0.0	0.0	0.0	-0.000191555	-2.634680536	2.675192879	0.295737831729	-3.26262595847	4.01560760365	126
10	0.0	0.25	0.0	-0.575070780614	-2.41004611187	2.75910593576	-0.453667887054	-3.07483335199	4.12356956845	127
10	0.0	0.5	0.0	-1.06509922801	-2.01244880674	2.62810173512	-1.095975637	-2.6657398112	4.1021801175	128
10	0.0	0.75	0.0	-1.5942534479	-1.53110218474	2.23986909392	-1.68798860827	-2.18426996103	3.91189020813	129
10	0.0	1.0	0.0	-2.286509991	-1.05521981	1.552096829	-2.286509991	-1.7793484264	3.5131507977	130
10	0.25	0.0	0.0	-0.0574507954283	-1.86391493442	2.56321441554	0.205020422077	-2.33133946696	4.12969178087	131
10	0.25	0.25	0.0	-0.607348851196	-1.72003013818	2.57733115865	-0.515759160645	-2.19700275499	4.17801398774	132
10	0.25	0.5	0.0	-1.09119772622	-1.46526600659	2.45149571541	-1.12933221778	-1.94276067357	4.11206210749	133
10	0.25	0.75	0.0	-1.61351391241	-1.14876690358	2.10608636913	-1.69668753591	-1.65965497317	3.88643621206	134
10	0.25	1.0	0.0	-2.27881390164	-0.819677193104	1.46148140316	-2.27881390164	-1.43872740423	3.45573637338	135
10	0.5	0.0	0.0	-0.0682381252483	-0.96836285107	2.23979177139	0.137832524105	-1.25622124762	3.94282063483	136
10	0.5	0.25	0.0	-0.590001913746	-0.896969720574	2.18897549214	-0.523321962184	-1.16299052115	3.9528185365	137
10	0.5	0.5	0.0	-1.09585226977	-0.785174188239	2.02988622295	-1.12445920315	-1.05680896313	3.84780255685	138
10	0.5	0.75	0.0	-1.63838496522	-0.653026974524	1.75138454598	-1.69645765452	-0.997706731798	3.64646965359	139
10	0.5	1.0	0.0	-2.27019577197	-0.52057879989	1.34233104339	-2.27019577197	-1.04571398539	3.36751678447	140
10	0.75	0.0	0.0	-0.0469786501942	-0.124030245935	1.7686479258	0.113609125654	-0.28653298865	3.53631413704	141
10	0.75	0.25	0.0	-0.550032371183	-0.119899504471	1.68968274922	-0.495849952531	-0.238241361367	3.53899677357	142
10	0.75	0.5	0.0	-1.09046768016	-0.132791797987	1.5131463036	-1.10537003084	-0.245826669841	3.43360629066	143
10	0.75	0.75	0.0	-1.66319187625	-0.163387446739	1.3132799608	-1.69958087696	-0.362773997999	3.30463264583	144
10	0.75	1.0	0.0	-2.26311225857	-0.212366770981	1.16432509268	-2.26311225857	-0.642568429764	3.23656579657	145
10	1.0	0.0	0.0	-0.008097476	0.493076921	1.213505858	0.151785214566	0.328463621758	2.991492259	146
10	1.0	0.25	0.0	-0.514442626422	0.432145864701	1.1750967429	-0.452836792548	0.311800013445	3.02756225774	147
10	1.0	0.5	0.0	-1.08644877889	0.33126271787	1.05114900323	-1.09607813854	0.252244216319	2.99367813403	148
10	1.0	0.75	0.0	-1.68225991542	0.200646630605	0.929288949943	-1.71833911612	0.0807944671619	2.97356730187	149
10	1.0	1.0	0.0	-2.260020018	0.050516753	0.897142894	-2.260020018	-0.271550997249	3.05095717528	150
13	0.0	0.0	0.0	-0.008097476	0.493076921	1.213505858	0.151785214566	0.328463621758	2.991492259	151
13	0.0	0.25	0.0	-0.514442626422	0.432145864701	1.1750967429	-0.452836792548	0.311800013445	3.02756225774	152
13	0.0	0.5	0.0	-1.08644877889	0.33126271787	1.05114900323	-1.09607813854	0.252244216319	2.99367813403	153
13	0.0	0.75	0.0	-1.68225991542	0.200646630605	0.929288949943	-1.71833911612	0.0807944671619	2.97356730187	154
13	0.0	1.0	0.0	-2.260020018	0.050516753	0.897142894	-2.260020018	-0.271550997249	3.05095717528	155
13	0.25	0.0	0.0	-0.000849520485863	0.723059511324	0.992035379195	0.176416839064	0.541754941482	2.76501458265	156
13	0.25	0.25	0.0	-0.517725503705	0.66729353866	0.958191408795	-0.438705747225	0.520202830105	2.80833524182	157
13	0.25	0.5	0.0	-1.0964900301	0.56921150835	0.831026857539	-1.09763304661	0.476353241761	2.77945369133	158
13	0.25	0.75	0.0	-1.69344585233	0.437018924282	0.690882035687	-1.7298635437	0.34452586322	2.75752645397	159
13	0.25	1.0	0.0	-2.26489572308	0.278921290345	0.618097253494	-2.26489572308	0.0590403812549	2.82171005253	160
13	0.5	0.0	0.0	-0.00237651942327	1.02113629983	0.767623201725	0.189006959816	0.851916212613	2.52340520857	161
13	0.5	0.25	0.0	-0.530554918081	0.978919296682	0.731497776095	-0.422657063837	0.825308183883	2.58835905401	162
13	0.5	0.5	0.0	-1.10591468648	0.857214786384	0.615531064084	-1.07364267756	0.746028904652	2.58419050362	163
13	0.5	0.75	0.0	-1.69753137445	0.692808241014	0.4828854921	-1.70917534551	0.600012386792	2.56608761919	164
13	0.5	1.0	0.0	-2.27448053184	0.522485132654	0.396723486555	-2.27448053184	0.373192642176	2.58923846251	165
13	0.75	0.0	0.0	0.00116246085095	1.30514861866	0.545623926393	0.183824316332	1.16742221645	2.25628228152	166
13	0.75	0.25	0.0	-0.541156882816	1.27970641888	0.507501942151	-0.417974056557	1.13769329943	2.35261738645	167
13	0.75	0.5	0.0	-1.11480209374	1.14008833744	0.410476816323	-1.04947555012	1.01686494884	2.39455418443	168
13	0.75	0.75	0.0	-1.70085566682	0.948498988664	0.298830180704	-1.68038321378	0.841894987568	2.40405975332	169
13	0.75	1.0	0.0	-2.28040009694	0.767142986886	0.216843667088	-2.28040009694	0.64974123846	2.40310117098	170
13	1.0	0.0	0.0	0.023608354	1.4929378	0.331392154	0.155137648122	1.39674773428	1.95326394626	171
13	1.0	0.25	0.0	-0.537757411174	1.48233818538	0.298690004312	-0.437940039556	1.36793540138	2.08609393129	172
13	1.0	0.5	0.0	-1.12323159763	1.36264794698	0.221679307721	-1.05050018303	1.24445511819	2.19721034729	173
13	1.0	0.75	0.0	-1.70975791451	1.1845755751	0.132246963019	-1.6675958407	1.06481461524	2.27625181212	174
13	1.0	1.0	0.0	-2.274280071	0.99882956	0.062279869	-2.274280071	0.867521623051	2.31285694369	175
14	0.0	0.0	0.0	0.023608354	1.4929378	0.331392154	0.155137648122	1.39674773428	1.95326394626	176
14	0.0	0.25	0.0	-0.537757411174	1.48233818538	0.298690004312	-0.437940039556	1.36793540138	2.08609393129	177
14	0.0	0.5	0.0	-1.12323159763	1.36264794698	0.221679307721	-1.05050018303	1.24445511819	2.19721034729	178
14	0.0	0.75	0.0	-1.70975791451	1.1845755751	0.132246963019	-1.6675958407	1.06481461524	2.27625181212	179
14	0.0	1.0	0.0	-2.274280071	0.99882956	0.062279869	-2.274280071	0.867521623051	2.31285694369	180
14	0.25	0.0	0.0	0.0493440763559	1.60438353181	0.12766887834	0.133534250666	1.5284527551	1.63211953185	181
14	0.25	0.25	0.0	-0.521593497109	1.64312207741	0.089538732114	-0.452445391798	1.53805919015	1.76068199297	182
14	0.25	0.5	0.0	-1.1160105661	1.61961970991	0.00289848971748	-1.04592705212	1.49427675405	1.89823886481	183
14	0.25	0.75	0.0	-1.69599051521	1.53738047623	-0.0921114124813	-1.63896580597	1.38489736349	2.02979973556	184
14	0.25	1.0	0.0	-2.22361672901	1.39990842329	-0.155350538115	-2.22361672901	1.19771293517	2.14037419339	185
14	0.5	0.0	0.0	0.0729177059497	1.73938548006	-0.129624691994	0.128481210359	1.6647959025	1.22194311361	186
14	0.5	0.25	0.0	-0.490191597309	1.83726299424	-0.168003962675	-0.446528554414	1.71652109028	1.31822096434	187
14	0.5	0.5	0.0	-1.07107974075	1.89975223074	-0.2437699675	-1.01350239839	1.74116778924	1.45455836426	188
14	0.5	0.75	0.0	-1.63306331986	1.91611941906	-0.321523263645	-1.5764694731	1.70947270113	1.60975210885	189
14	0.5	1.0	0.0	-2.1394589301	1.87563078868	-0.365864408284	-2.1394589301	1.59217252767	1.76259899359	190
14	0.75	0.0	0.0	0.0974490375687	1.85595072403	-0.387028720832	0.132686607776	1.77404337818	0.810079658193	191
14	0.75	0.25	0.0	-0.45308446777	2.01052970625	-0.425512015405	-0.431700237146	1.86376623817	0.864959685763	192
14	0.75	0.5	0.0	-1.01403657278	2.15548616073	-0.488516995905	-0.977194970142	1.95258146748	0.969896268274	193
14	0.75	0.75	0.0	-1.55748605616	2.27159301848	-0.548258067363	-1.51479849028	2.00439686226	1.11029649823	194
14	0.75	1.0	0.0	-2.05551169664	2.33962321049	-0.576949634812	-2.05551169664	1.98312021864	1.27156746813	195
14	1.0	0.0	0.0	0.126057866	1.912086343	-0.591083372	0.138858523496	1.82446138386	0.483874132271	196
14	1.0	0.25	0.0	-0.419804864485	2.10869098381	-0.634559361427	-0.419471149741	1.94023977023	0.507146997596	197
14	1.0	0.5	0.0	-0.970478513362	2.33926215114	-0.701533527468	-0.960973515685	2.09597103248	0.547979999522	198
14	1.0	0.75	0.0	-1.50576845181	2.5546018894	-0.764585300524	-1.48864450566	2.235526081	0.625620469966	199
14	1.0	1.0	0.0	-2.005480051	2.705512243	-0.796294111	-2.005480051	2.30277582618	0.759315740845	200
17	0.0	0.0	0.0	5.000454791	0.97343569	-0.762336154	4.96854770558	1.43714723761	0.436106071438	201
17	0.0	0.25	0.0	4.38187327285	1.05804355658	-0.884727186591	4.46403989485	1.51988241245	0.426466139698	202
17	0.0	0.5	0.0	3.75800567142	1.2326896991	-0.857134726434	3.89602615909	1.63715853459	0.46562532585	203
17	0.0	0.75	0.0	3.15533494978	1.41760082207	-0.768045936811	3.2979010787	1.74091052514	0.515017099188	204
17	0.0	1.0	0.0	2.600344071	1.53300363	-0.705947981	2.70305923406	1.78307330523	0.536074929003	205
17	0.25	0.0	0.0	5.01724065988	1.14346697635	-0.883098761455	4.98129833286	1.61717135944	0.266228301063	206
17	0.25	0.25	0.0	4.39329902683	1.23221182841	-1.00922619503	4.4715847532	1.70560728712	0.242085758289	207
17	0.25	0.5	0.0	3.77154414469	1.38723767375	-0.991240840468	3.89595681099	1.78965198029	0.26647033799	208
17	0.25	0.75	0.0	3.17419153692	1.53946232914	-0.916061616944	3.29321377474	1.8480460976	0.29953597446	209
17	0.25	1.0	0.0	2.623456727	1.61980361139	-0.870607443646	2.70215491297	1.85953029776	0.301436601994	210
17	0.5	0.0	0.0	5.01182362881	1.35588382825	-0.979857880076	4.96617727959	1.83793498924	0.0569813896539	211
17	0.5	0.25	0.0	4.39165731448	1.44525827929	-1.10265299198	4.43962918349	1.92122837939	0.0223096482255	212
17	0.5	0.5	0.0	3.7718261669	1.57783900105	-1.11219518283	3.85886706191	1.96739466372	0.042524860633	213
17	0.5	0.75	0.0	3.17970849027	1.68954948844	-1.0802943453	3.26684776331	1.9766026813	0.0649297143839	214
17	0.5	1.0	0.0	2.64268258883	1.71631323636	-1.07876037205	2.70652813616	1.94902127119	0.0368268969855	215
17	0.75	0.0	0.0	4.99544059533	1.53493533177	-1.07357901966	4.94081474258	2.0142943707	-0.169610821296	216
17	0.75	0.25	0.0	4.38527173616	1.63037594226	-1.18660259704	4.39932311629	2.09728899192	-0.210634365782	217
17	0.75	0.5	0.0	3.76933693641	1.7489314335	-1.22368846188	3.82038978252	2.12341935669	-0.184276192296	218
17	0.75	0.75	0.0	3.18045914823	1.82999845854	-1.23908225467	3.24397122164	2.10147115347	-0.161076310309	219
17	0.75	1.0	0.0	2.65146132375	1.8129736704	-1.28702961593	2.710023914	2.04023007072	-0.211574729292	220
17	1.0	0.0	0.0	4.979328457	1.604870573	-1.18522769	4.92284091869	2.06110574753	-0.391524490293	221
17	1.0	0.25	0.0	4.38246589224	1.72075785038	-1.28267002981	4.38181648217	2.16433242736	-0.434518459022	222
17	1.0	0.5	0.0	3.77456165159	1.84495272358	-1.32941138594	3.81615784349	2.21075883097	-0.39199790687	223
17	1.0	0.75	0.0	3.18501684914	1.92294539799	-1.37076347786	3.24975232695	2.19754239137	-0.350756728884	224
17	1.0	1.0	0.0	2.643232599	1.900226079	-1.452038025	2.70648725684	2.12184054154	-0.39758882011	225
18	0.0	0.0	0.0	2.600344071	1.53300363	-0.705947981	2.70305923406	1.78307330523	0.536074929003	226
18	0.0	0.25	0.0	2.02879594567	1.5892076497	-0.672542796262	2.09005374401	1.77103619363	0.520240083436	227
18	0.0	0.5	0.0	1.3952563047	1.6601127508	-0.62650862338	1.44000362027	1.75910277184	0.495496465256	228
18	0.0	0.75	0.0	0.74568899564	1.76223396975	-0.591477977058	0.780431125783	1.7695016364	0.477991879767	229
18	0.0	1.0	0.0	0.126057866	1.912086343	-0.591083372	0.138858523496	1.82446138386	0.483874132271	230
18	0.25	0.0	0.0	2.623456727	1.61980361139	-0.870607443646	2.70215491297	1.85953029776	0.301436601994	231
18	0.25	0.25	0.0	2.05666226349	1.63682486943	-0.858330098614	2.09598620179	1.82650694664	0.255180836921	232
18	0.25	0.5	0.0	1.43315314775	1.66440397365	-0.836292556411	1.45306016104	1.7856448118	0.190906975593	233
18	0.25	0.75	0.0	0.793897974485	1.73023973832	-0.822890878952	0.804876391415	1.76582910584	0.137309777134	234
18	0.25	1.0	0.0	0.179865338417	1.86203097766	-0.836521128149	0.182934493613	1.79594504137	0.123084000668	235
18	0.5	0.0	0.0	2.64268258883	1.71631323636	-1.07876037205	2.70652813616	1.94902127119	0.0368268969855	236
18	0.5	0.25	0.0	2.08891053589	1.6614009505	-1.10231970579	2.13114038218	1.87502271569	-0.0434162613648	237
18	0.5	0.5	0.0	1.47514153929	1.60961643775	-1.1079984203	1.50840037815	1.77895682353	-0.130152838333	238
18	0.5	0.75	0.0	0.845022594797	1.61383784235	-1.11534656967	0.876135549457	1.70798587279	-0.211673563489	239
18	0.5	1.0	0.0	0.242200698184	1.72694330858	-1.14391420796	0.27217332149	1.70927214157	-0.276269166403	240
18	0.75	0.0	0.0	2.65146132375	1.8129736704	-1.28702961593	2.710023914	2.04023007072	-0.211574729292	241
18	0.75	0.25	0.0	2.10542293574	1.69000345439	-1.35384964885	2.16353102167	1.9195596058	-0.319451038114	242
18	0.75	0.5	0.0	1.49947841065	1.55436383791	-1.39551649158	1.56965309206	1.76231503548	-0.421161292065	243
18	0.75	0.75	0.0	0.877592431769	1.48836797213	-1.42882994482	0.958424143038	1.63447194565	-0.526908834188	244
18	0.75	1.0	0.0	0.283729682359	1.57432900821	-1.47058980929	0.359878192486	1.60200592217	-0.646897007528	245
18	1.0	0.0	0.0	2.643232599	1.900226079	-1.452038025	2.70648725684	2.12184054154	-0.39758882011	246
18	1.0	0.25	0.0	2.08608163587	1.74969994252	-1.56225795887	2.16117285669	1.96309372199	-0.516823320021	247
18	1.0	0.5	0.0	1.48442069314	1.55725986896	-1.65273704676	1.60044712319	1.75899567613	-0.635596701146	248
18	1.0	0.75	0.0	0.870137060595	1.42916981793	-1.72332590002	1.01595771528	1.58378733282	-0.766346727048	249
18	1.0	1.0	0.0	0.275118028	1.471693749	-1.77387513	0.39935229196	1.5117096209	-0.921511161295	250
19	0.0	0.0	0.0	4.979328457	1.604870573	-1.18522769	4.92284091869	2.06110574753	-0.391524490293	251
19	0.0	0.25	0.0	4.38246589224	1.72075785038	-1.28267002981	4.38181648217	2.16433242736	-0.434518459022	252
19	0.0	0.5	0.0	3.77456165159	1.84495272358	-1.32941138594	3.81615784349	2.21075883097	-0.39199790687	253
19	0.0	0.75	0.0	3.18501684914	1.92294539799	-1.37076347786	3.24975232695	2.19754239137	-0.350756728884	254
19	0.0	1.0	0.0	2.643232599	1.900226079	-1.452038025	2.70648725684	2.12184054154	-0.39758882011	255
19	0.25	0.0	0.0	4.94929462981	1.53782677144	-1.25680765885	4.91860459824	1.97245060099	-0.573148040923	256
19	0.25	0.25	0.0	4.3656821412	1.67971530756	-1.36109397927	4.38600732871	2.10772354532	-0.621412641603	257
19	0.25	0.5	0.0	3.77029704367	1.83620441297	-1.42114963509	3.82792368348	2.2055520277	-0.564325750352	258
19	0.25	0.75	0.0	3.18537500397	1.94804233583	-1.47816308204	3.25913741312	2.24078664421	-0.504093043498	259
19	0.25	1.0	0.0	2.63315168885	1.95597732426	-1.57332277582	2.69443226825	2.18827799095	-0.542920197375	260
19	0.5	0.0	0.0	4.8919232371	1.38950924493	-1.2897225215	4.91770754527	1.81368836727	-0.766867272121	261
19	0.5	0.25	0.0	4.32418276357	1.55960165591	-1.43015572943	4.39177405325	1.98598734186	-0.830691230013	262
19	0.5	0.5	0.0	3.74753384143	1.7712306255	-1.53071877139	3.8316249459	2.15423895448	-0.770422780295	263
19	0.5	0.75	0.0	3.17693590279	1.94463988425	-1.62126344334	3.25398066636	2.2645625274	-0.704054320761	264
19	0.5	1.0	0.0	2.62734837971	2.00007316272	-1.73164154124	2.67556165774	2.26307738291	-0.749578249203	265
19	0.75	0.0	0.0	4.82779164358	1.21611860495	-1.30874732065	4.91827591994	1.63756910241	-0.94079489431	266
19	0.75	0.25	0.0	4.27412838354	1.41171756726	-1.49185805157	4.39637232431	1.84278688434	-1.02380759108	267
19	0.75	0.5	0.0	3.71775328338	1.67938055614	-1.64030258452	3.8311053644	2.07905007723	-0.971396235656	268
19	0.75	0.75	0.0	3.16511582886	1.91508231089	-1.76828422426	3.24401872376	2.2634763526	-0.910232745674	269
19	0.75	1.0	0.0	2.62266550571	2.01479757083	-1.89000627554	2.65665608593	2.31318338197	-0.966989038779	270
19	1.0	0.0	0.0	4.777477214	1.073855463	-1.338657099	4.9184358824	1.49684286246	-1.06304361791	271
19	1.0	0.25	0.0	4.23167962532	1.28736371344	-1.54820371699	4.39705781042	1.72178524011	-1.16221509164	272
19	1.0	0.5	0.0	3.692436608	1.5900033999	-1.73208486421	3.83020867262	2.00221586188	-1.12835335539	273
19	1.0	0.75	0.0	3.15533106543	1.86171388341	-1.88744508733	3.23898822246	2.23213443149	-1.08222050324	274
19	1.0	1.0	0.0	2.615945901	1.982434525	-2.011428933	2.64449621342	2.30554065266	-1.14457862929	275
20	0.0	0.0	0.0	2.643232599	1.900226079	-1.452038025	2.70648725684	2.12184054154	-0.39758882011	276
20	0.0	0.25	0.0	2.08608163587	1.74969994252	-1.56225795887	2.16117285669	1.96309372199	-0.516823320021	277
20	0.0	0.5	0.0	1.48442069314	1.55725986896	-1.65273704676	1.60044712319	1.75899567613	-0.635596701146	278
20	0.0	0.75	0.0	0.870137060595	1.42916981793	-1.72332590002	1.01595771528	1.58378733282	-0.766346727048	279
20	0.0	1.0	0.0	0.275118028	1.471693749	-1.77387513	0.39935229196	1.5117096209	-0.921511161295	280
20	0.25	0.0	0.0	2.63315168885	1.95597732426	-1.57332277582	2.69443226825	2.18827799095	-0.542920197375	281
20	0.25	0.25	0.0	2.06133216783	1.82919940602	-1.70903321489	2.12839272962	2.03337092393	-0.67660325236	282
20	0.25	0.5	0.0	1.45479210853	1.64473845221	-1.83853878712	1.56649839497	1.82707911895	-0.822978076671	283
20	0.25	0.75	0.0	0.84109513146	1.49901689046	-1.94149841201	0.986654410668	1.63275870996	-0.978991941713	284
20	0.25	1.0	0.0	0.247804857106	1.48845714839	-1.99757100902	0.366765923114	1.51376583089	-1.14159211889	285
20	0.5	0.0	0.0	2.62734837971	2.00007316272	-1.73164154124	2.67556165774	2.26307738291	-0.749578249203	286
20	0.5	0.25	0.0	2.04544677981	1.92023254176	-1.88430714405	2.08296219128	2.14143317667	-0.913851664397	287
20	0.5	0.5	0.0	1.42676088827	1.78228983017	-2.04708888805	1.48853868093	1.95910305822	-1.1010476754	288
20	0.5	0.75	0.0	0.808576480634	1.6453166783	-2.18032641954	0.892966107236	1.75675144413	-1.28856475763	289
20	0.5	1.0	0.0	0.228179332454	1.56838473646	-2.24435938485	0.296919450732	1.57504275098	-1.45380138653	290
20	0.75	0.0	0.0	2.62266550571	2.01479757083	-1.89000627554	2.65665608593	2.31318338197	-0.966989038779	291
20	0.75	0.25	0.0	2.03327314868	1.97898193524	-2.0513830865	2.04134242275	2.22562770834	-1.16073845917	292
20	0.75	0.5	0.0	1.4025656423	1.89078543279	-2.24227091345	1.41247153961	2.06930103484	-1.38839889538	293
20	0.75	0.75	0.0	0.780076145789	1.76994219254	-2.40454946062	0.799337047308	1.86355400565	-1.60847362218	294
20	0.75	1.0	0.0	0.215337818324	1.63618634356	-2.48009843225	0.231232556666	1.62773726495	-1.77946591439	295
20	1.0	0.0	0.0	2.615945901	1.982434525	-2.011428933	2.64449621342	2.30554065266	-1.14457862929	296
20	1.0	0.25	0.0	2.01965895126	1.96163017196	-2.17356438238	2.01999460515	2.22430174707	-1.34943353972	297
20	1.0	0.5	0.0	1.38444498058	1.89109669001	-2.38796842726	1.38420052954	2.07190658973	-1.60362513465	298
20	1.0	0.75	0.0	0.763089164601	1.7747664443	-2.57890707325	0.770211473205	1.86095486484	-1.85212698274	299
20	1.0	1.0	0.0	0.208376679	1.6165718	-2.670646326	0.211124922771	1.60404625662	-2.03991265263	300
25	0.0	0.0	0.0	4.777477214	1.073855463	-1.338657099	4.9184358824	1.49684286246	-1.06304361791	301
25	0.0	0.25	0.0	4.23167962532	1.28736371344	-1.54820371699	4.39705781042	1.72178524011	-1.16221509164	302
25	0.0	0.5	0.0	3.692436608	1.5900033999	-1.73208486421	3.83020867262	2.00221586188	-1.12835335539	303
25	0.0	0.75	0.0	3.15533106543	1.86171388341	-1.88744508733	3.23898822246	2.23213443149	-1.08222050324	304
25	0.0	1.0	0.0	2.615945901	1.982434525	-2.011428933	2.64449621342	2.30554065266	-1.14457862929	305
25	0.25	0.0	0.0	4.65409095904	0.576600934292	-1.55013456328	4.89024651399	0.982355301416	-1.43644976502	306
25	0.25	0.25	0.0	4.1371558858	0.768250652886	-1.79469587316	4.38353590356	1.17385856837	-1.61701774621	307
25	0.25	0.5	0.0	3.63590871584	1.03997776324	-2.06545818223	3.82752940042	1.44302367832	-1.73671897096	308
25	0.25	0.75	0.0	3.1239655727	1.27777558438	-2.28568386821	3.24024026591	1.65884146642	-1.8167226471	309
25	0.25	1.0	0.0	2.57494257994	1.36763743533	-2.3786353088	2.63968176142	1.69030276784	-1.87819798243	310
25	0.5	0.0	0.0	4.56812675016	-0.0198444808827	-1.79213216298	4.84489956876	0.328704447965	-1.81117846595	311
25	0.5	0.25	0.0	4.09384281141	0.0798458661332	-2.00588063061	4.37321856914	0.407975947835	-2.03145779487	312
25	0.5	0.5	0.0	3.60360026297	0.245190209899	-2.24410202345	3.82781388869	0.556103229268	-2.21291335898	313
25	0.5	0.75	0.0	3.09395046074	0.391224662067	-2.42540791521	3.25541680073	0.671743798065	-2.33168571477	314
25	0.5	1.0	0.0	2.56144476058	0.43298533429	-2.46840987962	2.70275857854	0.653555160027	-2.36391541875	315
25	0.75	0.0	0.0	4.52285293996	-0.622193912616	-1.98078476894	4.83348485701	-0.349919691331	-2.06188923167	316
25	0.75	0.25	0.0	4.08427061988	-0.63700681881	-2.13789689135	4.39558681427	-0.392174825529	-2.28333690441	317
25	0.75	0.5	0.0	3.59261532047	-0.605426618363	-2.29569799803	3.86728460015	-0.390712464352	-2.46636804566	318
25	0.75	0.75	0.0	3.08024835055	-0.572515538237	-2.40445271915	3.32147800565	-0.395751064752	-2.58049954608	319
25	0.75	1.0	0.0	2.57953101893	-0.583335805396	-2.41442568488	2.83106682179	-0.457509083678	-2.59524829629	320
25	1.0	0.0	0.0	4.521537881	-1.137160491	-2.032227252	4.90709218899	-0.93932710991	-2.06324157317	321
25	1.0	0.25	0.0	4.09096952897	-1.24146357394	-2.14688355734	4.48012164603	-1.04290595575	-2.2504567416	322
25	1.0	0.5	0.0	3.6000579594	-1.32294007979	-2.2479277161	3.98216399746	-1.12959038163	-2.40651455723	323
25	1.0	0.75	0.0	3.09782186312	-1.38802167125	-2.32065377081	3.47538405945	-1.21023561322	-2.51655398081	324
25	1.0	1.0	0.0	2.633279931	-1.443140011	-2.350355764	3.02194664815	-1.29569687618	-2.56571397307	325
26	0.0	0.0	0.0	2.615945901	1.982434525	-2.011428933	2.64449621342	2.30554065266	-1.14457862929	326
26	0.0	0.25	0.0	2.01965895126	1.96163017196	-2.17356438238	2.01999460515	2.22430174707	-1.34943353972	327
26	0.0	0.5	0.0	1.38444498058	1.89109669001	-2.38796842726	1.38420052954	2.07190658973	-1.60362513465	328
26	0.0	0.75	0.0	0.763089164601	1.7747664443	-2.57890707325	0.770211473205	1.86095486484	-1.85212698274	329
26	0.0	1.0	0.0	0.208376679	1.6165718	-2.670646326	0.211124922771	1.60404625662	-2.03991265263	330
26	0.25	0.0	0.0	2.57494257994	1.36763743533	-2.3786353088	2.63968176142	1.69030276784	-1.87819798243	331
26	0.25	0.25	0.0	1.94932012253	1.31675381961	-2.48531607562	2.01788160283	1.54750181812	-2.01269001996	332
26	0.25	0.5	0.0	1.32444571417	1.22490807253	-2.71836376105	1.41982982138	1.35712620271	-2.24613284059	333
26	0.25	0.75	0.0	0.727940060778	1.10817197922	-2.94381031368	0.832448671169	1.1388240441	-2.49010579985	334
26	0.25	1.0	0.0	0.187423868271	0.982617324758	-3.0276876821	0.24266040634	0.912243464765	-2.65618825328	335
26	0.5	0.0	0.0	2.56144476058	0.43298533429	-2.46840987962	2.70275857854	0.653555160027	-2.36391541875	336
26	0.5	0.25	0.0	1.92766286215	0.342992069683	-2.53780809008	2.09673950402	0.470701576308	-2.44640765477	337
26	0.5	0.5	0.0	1.30353057192	0.202834590194	-2.7641221151	1.48256319176	0.230789210727	-2.66450032501	338
26	0.5	0.75	0.0	0.708917860313	0.0657130219021	-2.969754413	0.86216186553	-0.016057124623	-2.87147295202	339
26	0.5	1.0	0.0	0.163694697738	-0.0151725091157	-2.97710744212	0.237467749059	-0.21971261765	-2.92060505839	340
26	0.75	0.0	0.0	2.57953101893	-0.583335805396	-2.41442568488	2.83106682179	-0.457509083678	-2.59524829629	341
26	0.75	0.25	0.0	1.95265490446	-0.706139534149	-2.46363453006	2.23602397077	-0.66169892566	-2.64828417091	342
26	0.75	0.5	0.0	1.31841447636	-0.892145133521	-2.64589465434	1.57968081212	-0.946525955293	-2.82541523109	343
26	0.75	0.75	0.0	0.705627624529	-1.05296967134	-2.79581094756	0.903054675002	-1.22450436371	-2.96818031271	344
26	0.75	1.0	0.0	0.143112238836	-1.10023021543	-2.74798829958	0.247162888606	-1.40814834205	-2.91811825162	345
26	1.0	0.0	0.0	2.633279931	-1.443140011	-2.350355764	3.02194664815	-1.29569687618	-2.56571397307	346
26	1.0	0.25	0.0	2.02226398383	-1.57712544823	-2.39538949982	2.41519066519	-1.50529963507	-2.61601729511	347
26	1.0	0.5	0.0	1.36581235005	-1.77705247512	-2.48433254369	1.71846285386	-1.81424086441	-2.69556520203	348
26	1.0	0.75	0.0	0.71767441475	-1.9482353442	-2.56105149371	0.998830718302	-2.10733339556	-2.75217975536	349
26	1.0	1.0	0.0	0.131599563	-1.995988308	-2.569412948	0.32336176266	-2.26939005986	-2.73368301665	350
27	0.0	0.0	0.0	4.521537881	-1.137160491	-2.032227252	4.90709218899	-0.93932710991	-2.06324157317	351
27	0.0	0.25	0.0	4.09096952897	-1.24146357394	-2.14688355734	4.48012164603	-1.04290595575	-2.2504567416	352
27	0.0	0.5	0.0	3.6000579594	-1.32294007979	-2.2479277161	3.98216399746	-1.12959038163	-2.40651455723	353
27	0.0	0.75	0.0	3.09782186312	-1.38802167125	-2.32065377081	3.47538405945	-1.21023561322	-2.51655398081	354
27	0.0	1.0	0.0	2.633279931	-1.443140011	-2.350355764	3.02194664815	-1.29569687618	-2.56571397307	355
27	0.25	0.0	0.0	4.589420211	-1.55932564587	-1.85882654078	5.02846785041	-1.41503411756	-1.68146942687	356
27	0.25	0.25	0.0	4.1401295425	-1.77441194335	-1.96025011958	4.59797606303	-1.5954217631	-1.82515400549	357
27	0.25	0.5	0.0	3.64029822498	-1.99391731754	-2.04468634922	4.11924276312	-1.79720029284	-1.95515548451	358
27	0.25	0.75	0.0	3.13104639418	-2.16483923394	-2.11021616882	3.62470393417	-1.97270937845	-2.07273710589	359
27	0.25	1.0	0.0	2.65349418585	-2.23417515805	-2.15492051755	3.14679555966	-2.07428869163	-2.17916211163	360
27	0.5	0.0	0.0	4.71027252227	-1.99043621155	-1.49313721622	5.14264741861	-1.88060891054	-0.979603430827	361
27	0.5	0.25	0.0	4.2327058331	-2.35654908907	-1.58620548934	4.70783809891	-2.20223626601	-1.08394132623	362
27	0.5	0.5	0.0	3.70643660031	-2.73642708655	-1.65501504243	4.21573963367	-2.58452385135	-1.19762526166	363
27	0.5	0.75	0.0	3.15785041339	-3.01701506518	-1.69265111622	3.6863760993	-2.9063107815	-1.32157847766	364
27	0.5	1.0	0.0	2.61333286182	-3.08525788617	-1.69219895147	3.13977157219	-3.04643617138	-1.45672421475	365
27	0.75	0.0	0.0	4.81620456265	-2.31666047846	-1.0501578333	5.21931600309	-2.20523443976	-0.195499358581	366
27	0.75	0.25	0.0	4.31130252579	-2.80536990627	-1.12095938608	4.78463894441	-2.65818194168	-0.250664169145	367
27	0.75	0.5	0.0	3.76408997469	-3.31106551522	-1.15638083562	4.27549639429	-3.20353811046	-0.333528050024	368
27	0.75	0.75	0.0	3.18401462181	-3.69562173485	-1.14461714521	3.7066108168	-3.6798531864	-0.440398907126	369
27	0.75	1.0	0.0	2.58052417963	-3.8209129947	-1.07386327815	3.09270467599	-3.92567740978	-0.567584646356	370
27	1.0	0.0	0.0	4.83932608	-2.424166737	-0.644886947	5.22815871334	-2.25809365615	0.432987016321	371
27	1.0	0.25	0.0	4.31852374561	-2.93836929013	-0.660721529262	4.80330979026	-2.75809126728	0.450832000422	372
27	1.0	0.5	0.0	3.77887523739	-3.47842873197	-0.626250768656	4.30235483015	-3.36622012344	0.437531989089	373
27	1.0	0.75	0.0	3.21531972048	-3.95173181283	-0.542772787972	3.73161834862	-3.96214995721	0.393480794697	374
27	1.0	1.0	0.0	2.62279636	-4.265665283	-0.41158571	3.09742486128	-4.42555050116	0.319072229624	375
28	0.0	0.0	0.0	2.633279931	-1.443140011	-2.350355764	3.02194664815	-1.29569687618	-2.56571397307	376
28	0.0	0.25	0.0	2.02226398383	-1.57712544823	-2.39538949982	2.41519066519	-1.50529963507	-2.61601729511	377
28	0.0	0.5	0.0	1.36581235005	-1.77705247512	-2.48433254369	1.71846285386	-1.81424086441	-2.69556520203	378
28	0.0	0.75	0.0	0.71767441475	-1.9482353442	-2.56105149371	0.998830718302	-2.10733339556	-2.75217975536	379
28	0.0	1.0	0.0	0.131599563	-1.995988308	-2.569412948	0.32336176266	-2.26939005986	-2.73368301665	380
28	0.25	0.0	0.0	2.65349418585	-2.23417515805	-2.15492051755	3.14679555966	-2.07428869163	-2.17916211163	381
28	0.25	0.25	0.0	2.06950967099	-2.33453517819	-2.18184333548	2.53292210582	-2.24819925178	-2.24715798899	382
28	0.25	0.5	0.0	1.42458455131	-2.51611442753	-2.17788007163	1.83330911772	-2.53243823456	-2.25231816509	383
28	0.25	0.75	0.0	0.782838444531	-2.68213732895	-2.18744884889	1.11649697266	-2.80559045707	-2.25372356933	384
28	0.25	1.0	0.0	0.208390968375	-2.7358283053	-2.2549677902	0.45102604796	-2.9462407364	-2.31045513111	385
28	0.5	0.0	0.0	2.61333286182	-3.08525788617	-1.69219895147	3.13977157219	-3.04643617138	-1.45672421475	386
28	0.5	0.25	0.0	2.06569462548	-3.13848894909	-1.67453156079	2.54744927934	-3.16733268434	-1.54818452573	387
28	0.5	0.5	0.0	1.47795819258	-3.30137802736	-1.62635959609	1.87876589947	-3.3973838654	-1.57364424156	388
28	0.5	0.75	0.0	0.898703832753	-3.45834844999	-1.59031392641	1.19726030364	-3.6294208578	-1.58543478203	389
28	0.5	1.0	0.0	0.376511815652	-3.493823546	-1.60902542076	0.566471362933	-3.75627480479	-1.63588756692	390
28	0.75	0.0	0.0	2.58052417963	-3.8209129947	-1.07386327815	3.09270467599	-3.92567740978	-0.567584646356	391
28	0.75	0.25	0.0	2.06635556099	-3.88059155017	-1.00969012615	2.52799071666	-4.05313279294	-0.679289914573	392
28	0.75	0.5	0.0	1.52929530022	-4.04492745494	-0.950959861483	1.89302527297	-4.25578196867	-0.774786079437	393
28	0.75	0.75	0.0	1.00460092677	-4.19461957484	-0.896766741098	1.24707403094	-4.45764343566	-0.839614624626	394
28	0.75	1.0	0.0	0.527529970103	-4.21036677569	-0.846205021941	0.649402676619	-4.58273569258	-0.859317033819	395
28	1.0	0.0	0.0	2.62279636	-4.265665283	-0.41158571	3.09742486128	-4.42555050116	0.319072229624	396
28	1.0	0.25	0.0	2.12702919119	-4.45244777067	-0.323554981975	2.54376494865	-4.69603243773	0.199332835227	397
28	1.0	0.5	0.0	1.58195790059	-4.65884689063	-0.272869612178	1.91427931207	-4.95433675613	0.0290136732985	398
28	1.0	0.75	0.0	1.03986007395	-4.80870157103	-0.233927307791	1.27189147429	-5.16907702857	-0.108564328262	399
28	1.0	1.0	0.0	0.553013297	-4.82585074	-0.181125776	0.679524958061	-5.30886682729	-0.130080241557	400
33	0.0	0.0	0.0	4.83932608	-2.424166737	-0.644886947	5.22815871334	-2.25809365615	0.432987016321	401
33	0.0	0.25	0.0	4.31852374561	-2.93836929013	-0.660721529262	4.80330979026	-2.75809126728	0.450832000422	402
33	0.0	0.5	0.0	3.77887523739	-3.47842873197	-0.626250768656	4.30235483015	-3.36622012344	0.437531989089	403
33	0.0	0.75	0.0	3.21531972048	-3.95173181283	-0.542772787972	3.73161834862	-3.96214995721	0.393480794697	404
33	0.0	1.0	0.0	2.62279636	-4.265665283	-0.41158571	3.09742486128	-4.42555050116	0.319072229624	405
33	0.25	0.0	0.0	4.75519974688	-2.29470575198	-0.346409634817	5.14469454228	-2.09692501786	0.831315491136	406
33	0.25	0.25	0.0	4.22701476972	-2.7574081478	-0.307003694515	4.71867501207	-2.56836689208	0.915322658493	407
33	0.25	0.5	0.0	3.6965512778	-3.25668783412	-0.204211425508	4.24199524721	-3.142193181	0.98713904945	408
33	0.25	0.75	0.0	3.1580580582	-3.74348022271	-0.0606913371406	3.7089278562	-3.749177507	1.03044057561	409
33	0.25	1.0	0.0	2.605783898	-4.16872072536	0.100898061242	3.11374544751	-4.32009349244	1.02890314859	410
33	0.5	0.0	0.0	4.61113383434	-2.0220965376	-0.0356271993631	4.99050759658	-1.84729571458	1.23726558258	411
33	0.5	0.25	0.0	4.07342427224	-2.41329845441	0.0484861149761	4.54513871241	-2.27073797424	1.37888390076	412
33	0.5	0.5	0.0	3.5341539979	-2.84472539501	0.208396595164	4.08805162344	-2.77512612121	1.54305475653	413
33	0.5	0.75	0.0	2.99657325261	-3.27380970442	0.402689211501	3.60291664619	-3.30823406574	1.68881007172	414
33	0.5	1.0	0.0	2.46393227765	-3.65798372767	0.589948934289	3.07340409718	-3.81783571804	1.77518176819	415
33	0.75	0.0	0.0	4.47277291813	-1.68581852317	0.234247487022	4.82666200738	-1.56034398512	1.58286266751	416
33	0.75	0.25	0.0	3.92646436655	-2.00189161396	0.353073714503	4.35875169302	-1.92653547201	1.77243663098	417
33	0.75	0.5	0.0	3.37542620837	-2.3490571881	0.557107072765	3.9084723279	-2.34197596463	2.01717024997	418
33	0.75	0.75	0.0	2.8303000844	-2.68557931284	0.792165816137	3.45721683805	-2.76268781185	2.2570462496	419
33	0.75	1.0	0.0	2.30172763547	-2.9697220554	1.00406819894	2.98637814951	-3.14469336253	2.43204735498	420
33	1.0	0.0	0.0	4.405761574	-1.365351138	0.410001552	4.7142219058	-1.28720806831	1.80013212281	421
33	1.0	0.25	0.0	3.85484716606	-1.61903903042	0.554084919355	4.23556475561	-1.59709034362	2.02690175288	422
33	1.0	0.5	0.0	3.30411071987	-1.87619898682	0.787453786704	3.77120572963	-1.91969973178	2.32137666944	423
33	1.0	0.75	0.0	2.75867333425	-2.12164810282	1.05253543495	3.31546055121	-2.23590692375	2.62360607586	424
33	1.0	1.0	0.0	2.223656108	-2.340203474	1.291757145	2.86264494371	-2.52658261052	2.87363917553	425
34	0.0	0.0	0.0	2.62279636	-4.265665283	-0.41158571	3.09742486128	-4.42555050116	0.319072229624	426
34	0.0	0.25	0.0	2.12702919119	-4.45244777067	-0.323554981975	2.54376494865	-4.69603243773	0.199332835227	427
34	0.0	0.5	0.0	1.58195790059	-4.65884689063	-0.272869612178	1.91427931207	-4.95433675613	0.0290136732985	428
34	0.0	0.75	0.0	1.03986007395	-4.80870157103	-0.233927307791	1.27189147429	-5.16907702857	-0.108564328262	429
34	0.0	1.0	0.0	0.553013297	-4.82585074	-0.181125776	0.679524958061	-5.30886682729	-0.130080241557	430
34	0.25	0.0	0.0	2.605783898	-4.16872072536	0.100898061242	3.11374544751	-4.32009349244	1.02890314859	431
34	0.25	0.25	0.0	2.10889278372	-4.46498979814	0.23900911218	2.55861616141	-4.72384657279	0.974675050287	432
34	0.25	0.5	0.0	1.54186348555	-4.7350450709	0.380966787012	1.91676008982	-5.09133126962	0.886657077822	433
34	0.25	0.75	0.0	0.965431962462	-4.91931814423	0.506323497435	1.25462200318	-5.3800992071	0.82619772275	434
34	0.25	1.0	0.0	0.440334173459	-4.95824061872	0.594631655144	0.638646671932	-5.54770200938	0.854645476625	435
34	0.5	0.0	0.0	2.46393227765	-3.65798372767	0.589948934289	3.07340409718	-3.81783571804	1.77518176819	436
34	0.5	0.25	0.0	1.95681094571	-3.94902465361	0.796617440882	2.52035950935	-4.23042561212	1.83099339513	437
34	0.5	0.5	0.0	1.40002142609	-4.21173214327	1.06702880986	1.87139436353	-4.62439545859	1.90293319024	438
34	0.5	0.75	0.0	0.830748984529	-4.38415076386	1.33493089637	1.1905438782	-4.93147674871	1.99948524348	439
34	0.5	1.0	0.0	0.286178886756	-4.40432508256	1.53407155554	0.541843271882	-5.08340097378	2.12913364481	440
34	0.75	0.0	0.0	2.30172763547	-2.9697220554	1.00406819894	2.98637814951	-3.14469336253	2.43204735498	441
34	0.75	0.25	0.0	1.77541632473	-3.20188802086	1.27547556925	2.43897592041	-3.49719630086	2.60837184342	442
34	0.75	0.5	0.0	1.23171315862	-3.40664480071	1.65568390348	1.79073784086	-3.84586502132	2.84606621726	443
34	0.75	0.75	0.0	0.679370220113	-3.52885465009	2.04156544918	1.09820886159	-4.11284273368	3.096348529	444
34	0.75	1.0	0.0	0.127139592175	-3.51337982411	2.32999245392	0.417933933338	-4.22027264773	3.31043683112	445
34	1.0	0.0	0.0	2.223656108	-2.340203474	1.291757145	2.86264494371	-2.52658261052	2.87363917553	446
34	1.0	0.25	0.0	1.6693415684	-2.5209155837	1.60178906242	2.32444632251	-2.80558538415	3.14689436879	447
34	1.0	0.5	0.0	1.11222011955	-2.63751973618	2.01729951497	1.68734622949	-3.04807565613	3.48428036556	448
34	1.0	0.75	0.0	0.55485474917	-2.67908502307	2.41589771604	0.996168715578	-3.21383024229	3.80183787434	449
34	1.0	1.0	0.0	-0.000191555	-2.634680536	2.675192879	0.295737831729	-3.26262595847	4.01560760365	450
35	0.0	0.0	0.0	4.405761574	-1.365351138	0.410001552	4.7142219058	-1.28720806831	1.80013212281	451
35	0.0	0.25	0.0	3.85484716606	-1.61903903042	0.554084919355	4.23556475561	-1.59709034362	2.02690175288	452
35	0.0	0.5	0.0	3.30411071987	-1.87619898682	0.787453786704	3.77120572963	-1.91969973178	2.32137666944	453
35	0.0	0.75	0.0	2.75867333425	-2.12164810282	1.05253543495	3.31546055121	-2.23590692375	2.62360607586	454
35	0.0	1.0	0.0	2.223656108	-2.340203474	1.291757145	2.86264494371	-2.52658261052	2.87363917553	455
35	0.25	0.0	0.0	4.43157837142	-1.03063912316	0.470884897162	4.67577572836	-0.968577250649	1.86722017851	456
35	0.25	0.25	0.0	3.86456888048	-1.22391586695	0.623231869601	4.19467196147	-1.22745999201	2.11232565656	457
35	0.25	0.5	0.0	3.31450201096	-1.39926260444	0.867568624815	3.70809046122	-1.45863804544	2.42525935342	458
35	0.25	0.75	0.0	2.7713991192	-1.56878564272	1.13969548673	3.22159715466	-1.67842832271	2.74779909717	459
35	0.25	1.0	0.0	2.22528156152	-1.74459128893	1.37541277926	2.74075796884	-1.90314773561	3.02172271593	460
35	0.5	0.0	0.0	4.5088092188	-0.622871413673	0.456029154752	4.67907511153	-0.538532455289	1.83951394375	461
35	0.5	0.25	0.0	3.90951758448	-0.741697275141	0.597788561576	4.19106295649	-0.744010931783	2.08511251892	462
35	0.5	0.5	0.0	3.34425822851	-0.839985500053	0.832336827121	3.6864224907	-0.883229525849	2.39729542904	463
35	0.5	0.75	0.0	2.79196643634	-0.932496952533	1.08370283517	3.16967799339	-0.996884501548	2.71001748146	464
35	0.5	1.0	0.0	2.23157749344	-1.0339924967	1.27591546949	2.64535374378	-1.12567212294	2.95723348352	465
35	0.75	0.0	0.0	4.61026255153	-0.223863591853	0.384407879466	4.71348032396	-0.0779061523739	1.74416585671	466
35	0.75	0.25	0.0	3.98183578065	-0.273942363045	0.501535199366	4.21597955799	-0.230926299395	1.97886485318	467
35	0.75	0.5	0.0	3.3916895602	-0.305662006632	0.699904806771	3.69480213788	-0.303192525958	2.26364473452	468
35	0.75	0.75	0.0	2.81860787444	-0.330676193461	0.906653157276	3.15276694791	-0.340435178742	2.53662231674	469
35	0.75	1.0	0.0	2.24137470764	-0.360638594378	1.04891670648	2.59269287237	-0.388384604429	2.7359144159	470
35	1.0	0.0	0.0	4.708746805	0.08456876	0.274994626	4.7683516343	0.332469187956	1.60832835552	471
35	1.0	0.25	0.0	4.07366597157	0.0777897612817	0.358251987059	4.26066358333	0.227610768711	1.82718517261	472
35	1.0	0.5	0.0	3.45510619371	0.0964135428674	0.488418976913	3.72182972261	0.171754601295	2.05046710807	473
35	1.0	0.75	0.0	2.84955602224	0.118782473269	0.630642130061	3.16392789877	0.14175992722	2.25397469104	474
35	1.0	1.0	0.0	2.253504008	0.123238921	0.750067981	2.59903595843	0.114485987999	2.41350845066	475
36	0.0	0.0	0.0	2.223656108	-2.340203474	1.291757145	2.86264494371	-2.52658261052	2.87363917553	476
36	0.0	0.25	0.0	1.6693415684	-2.5209155837	1.60178906242	2.32444632251	-2.80558538415	3.14689436879	477
36	0.0	0.5	0.0	1.11222011955	-2.63751973618	2.01729951497	1.68734622949	-3.04807565613	3.48428036556	478
36	0.0	0.75	0.0	0.55485474917	-2.67908502307	2.41589771604	0.996168715578	-3.21383024229	3.80183787434	479
36	0.0	1.0	0.0	-0.000191555	-2.634680536	2.675192879	0.295737831729	-3.26262595847	4.01560760365	480
36	0.25	0.0	0.0	2.22528156152	-1.74459128893	1.37541277926	2.74075796884	-1.90314773561	3.02172271593	481
36	0.25	0.25	0.0	1.64971386847	-1.88246045962	1.66721258292	2.19819120411	-2.11413247829	3.31458739985	482
36	0.25	0.5	0.0	1.06619094145	-1.93073880504	2.04792787635	1.57008010625	-2.2587790902	3.656072261	483
36	0.25	0.75	0.0	0.491530235225	-1.91577430378	2.3893360303	0.893373552994	-2.33265795765	3.95737461585	484
36	0.25	1.0	0.0	-0.0574507954283	-1.86391493442	2.56321441554	0.205020422077	-2.33133946696	4.12969178087	485
36	0.5	0.0	0.0	2.23157749344	-1.0339924967	1.27591546949	2.64535374378	-1.12567212294	2.95723348352	486
36	0.5	0.25	0.0	1.64741535094	-1.09655602684	1.50661400241	2.08137694889	-1.24547713207	3.20813413565	487
36	0.5	0.5	0.0	1.04766439739	-1.07908801931	1.82984637954	1.45047414658	-1.30094175071	3.512945279	488
36	0.5	0.75	0.0	0.464916087192	-1.02266483907	2.11708237713	0.790130837962	-1.30140883663	3.78629731243	489
36	0.5	1.0	0.0	-0.0682381252483	-0.96836285107	2.23979177139	0.137832524105	-1.25622124762	3.94282063483	490
36	0.75	0.0	0.0	2.24137470764	-0.360638594378	1.04891670648	2.59269287237	-0.388384604429	2.7359144159	491
36	0.75	0.25	0.0	1.65737960853	-0.347116203542	1.20990103789	2.01146392584	-0.422072320424	2.92268699308	492
36	0.75	0.5	0.0	1.05252626674	-0.266873961673	1.45368141354	1.37645225331	-0.400928523037	3.16274256452	493
36	0.75	0.75	0.0	0.470008805947	-0.174361949046	1.67501224049	0.729789953628	-0.3480498624	3.38948399193	494
36	0.75	1.0	0.0	-0.0469786501942	-0.124030245935	1.7686479258	0.113609125654	-0.28653298865	3.53631413704	495
36	1.0	0.0	0.0	2.253504008	0.123238921	0.750067981	2.59903595843	0.114485987999	2.41350845066	496
36	1.0	0.25	0.0	1.67454023401	0.1819450921	0.866981406365	2.02591250395	0.133628981719	2.55339838903	497
36	1.0	0.5	0.0	1.07666232891	0.321596785203	1.01005936732	1.39593832922	0.214895707439	2.71330726254	498
36	1.0	0.75	0.0	0.501804892363	0.454529046204	1.13900110436	0.755700283135	0.299451981879	2.8678126822	499
36	1.0	1.0	0.0	-0.008097476	0.493076921	1.213505858	0.151785214566	0.328463621758	2.991492259	500
41	0.0	0.0	0.0	4.708746805	0.08456876	0.274994626	4.7683516343	0.332469187956	1.60832835552	501
41	0.0	0.25	0.0	4.07366597157	0.0777897612817	0.358251987059	4.26066358333	0.227610768711	1.82718517261	502
41	0.0	0.5	0.0	3.45510619371	0.0964135428674	0.488418976913	3.72182972261	0.171754601295	2.05046710807	503
41	0.0	0.75	0.0	2.84955602224	0.118782473269	0.630642130061	3.16392789877	0.14175992722	2.25397469104	504
41	0.0	1.0	0.0	2.253504008	0.123238921	0.750067981	2.59903595843	0.114485987999	2.41350845066	505
41	0.25	0.0	0.0	4.7534539235	0.234461165027	0.194334913272	4.80158496153	0.537989207215	1.50455970056	506
41	0.25	0.25	0.0	4.11750616941	0.223292060646	0.258147737941	4.28608906529	0.445573387222	1.70938250235	507
41	0.25	0.5	0.0	3.48148441029	0.233578761071	0.362551858571	3.73731812786	0.363700488623	1.9103043781	508
41	0.25	0.75	0.0	2.85563509195	0.248712768042	0.483078293998	3.17537004127	0.29825987484	2.09302997024	509
41	0.25	1.0	0.0	2.25020466017	0.252085583298	0.595258063061	2.62034269757	0.2551409093	2.2432639212	510
41	0.5	0.0	0.0	4.79638931972	0.415519499931	0.0866516182615	4.83484251827	0.7614346506	1.36213659951	511
41	0.5	0.25	0.0	4.15108264524	0.390527035948	0.117643978363	4.30852231503	0.677487060247	1.53432770668	512
41	0.5	0.5	0.0	3.49721747012	0.382253559698	0.196920724962	3.75147623196	0.57588427236	1.71138781541	513
41	0.5	0.75	0.0	2.85383113444	0.38434769516	0.295993463514	3.18945858625	0.484928332888	1.8770164736	514
41	0.5	1.0	0.0	2.23996097831	0.390458066311	0.386373799474	2.64822369512	0.432921287775	2.01491322914	515
41	0.75	0.0	0.0	4.83568639632	0.58669450287	-0.0337620491295	4.8629034193	0.962850877692	1.2088058636	516
41	0.75	0.25	0.0	4.17831979205	0.54796859972	-0.0388912636781	4.32680851153	0.885231481197	1.34717647895	517
41	0.75	0.5	0.0	3.51273682524	0.52540029156	0.021710382633	3.76516323421	0.778903414335	1.49987644582	518
41	0.75	0.75	0.0	2.85871095353	0.51853870813	0.10540323782	3.20481741428	0.679772258415	1.6483824196	519
41	0.75	1.0	0.0	2.23601563455	0.526932979169	0.1695476499	2.67262087868	0.623743594744	1.77417105567	520
41	1.0	0.0	0.0	4.869478556	0.706936912	-0.152612879	4.88054677938	1.10228324807	1.07231430408	521
41	1.0	0.25	0.0	4.20314200282	0.664090664496	-0.187089960188	4.33979283374	1.03068634348	1.1930845125	522
41	1.0	0.5	0.0	3.53847392774	0.645981309467	-0.132894361873	3.77923833391	0.943355376374	1.32192929514	523
41	1.0	0.75	0.0	2.88484135304	0.644137260456	-0.052676783872	3.22007040594	0.860798608475	1.44957602672	524
41	1.0	1.0	0.0	2.251611301	0.650086931	-0.009087926	2.68347617588	0.803524301525	1.56675208199	525
42	0.0	0.0	0.0	2.253504008	0.123238921	0.750067981	2.59903595843	0.114485987999	2.41350845066	526
42	0.0	0.25	0.0	1.67454023401	0.1819450921	0.866981406365	2.02591250395	0.133628981719	2.55339838903	527
42	0.0	0.5	0.0	1.07666232891	0.321596785203	1.01005936732	1.39593832922	0.214895707439	2.71330726254	528
42	0.0	0.75	0.0	0.501804892363	0.454529046204	1.13900110436	0.755700283135	0.299451981879	2.8678126822	529
42	0.0	1.0	0.0	-0.008097476	0.493076921	1.213505858	0.151785214566	0.328463621758	2.991492259	530
42	0.25	0.0	0.0	2.25020466017	0.252085583298	0.595258063061	2.62034269757	0.2551409093	2.2432639212	531
42	0.25	0.25	0.0	1.67634691028	0.327391087288	0.702382562058	2.05959947912	0.290200215889	2.37277728949	532
42	0.25	0.5	0.0	1.08596239265	0.499765399419	0.820454025448	1.43120163357	0.400628342093	2.51115735964	533
42	0.25	0.75	0.0	0.514935463608	0.666043285496	0.925121836678	0.786392855392	0.509966259946	2.64602837593	534
42	0.25	1.0	0.0	-0.000849520485863	0.723059511324	0.992035379195	0.176416839064	0.541754941482	2.76501458265	535
42	0.5	0.0	0.0	2.23996097831	0.390458066311	0.386373799474	2.64822369512	0.432921287775	2.01491322914	536
42	0.5	0.25	0.0	1.67323791038	0.490119435142	0.481481880342	2.09949282492	0.487134951045	2.1341036133	537
42	0.5	0.5	0.0	1.09354183754	0.70335909104	0.60024481746	1.46628389611	0.633986837414	2.26461282629	538
42	0.5	0.75	0.0	0.526470960644	0.917817792952	0.707384596148	0.809240682979	0.785054680174	2.39739523556	539
42	0.5	1.0	0.0	-0.00237651942327	1.02113629983	0.767623201725	0.189006959816	0.851916212613	2.52340520857	540
42	0.75	0.0	0.0	2.23601563455	0.526932979169	0.1695476499	2.67262087868	0.623743594744	1.77417105567	541
42	0.75	0.25	0.0	1.67335230647	0.646726060871	0.248180190357	2.1285206818	0.691555392136	1.88095700384	542
42	0.75	0.5	0.0	1.10531682051	0.896611622338	0.373212793541	1.48585126385	0.870751377763	1.99879981529	543
42	0.75	0.75	0.0	0.543917448136	1.15621177209	0.490431894028	0.814367512726	1.06236312731	2.12485605339	544
42	0.75	1.0	0.0	0.00116246085095	1.30514861866	0.545623926393	0.183824316332	1.16742221645	2.25628228152	545
42	1.0	0.0	0.0	2.251611301	0.650086931	-0.009087926	2.68347617588	0.803524301525	1.56675208199	546
42	1.0	0.25	0.0	1.68482917072	0.773806889686	0.0463783212436	2.12961119024	0.870583744112	1.65691710448	547
42	1.0	0.5	0.0	1.12720349848	1.04375675559	0.163139003876	1.4745698838	1.0667021475	1.73884447943	548
42	1.0	0.75	0.0	0.574780990747	1.32758442644	0.278906241571	0.791897091461	1.27953748608	1.83135362173	549
42	1.0	1.0	0.0	0.023608354	1.4929378	0.331392154	0.155137648122	1.39674773428	1.95326394626	550
43	0.0	0.0	0.0	4.869478556	0.706936912	-0.152612879	4.88054677938	1.10228324807	1.07231430408	551
43	0.0	0.25	0.0	4.20314200282	0.664090664496	-0.187089960188	4.33979283374	1.03068634348	1.1930845125	552
43	0.0	0.5	0.0	3.53847392774	0.645981309467	-0.132894361873	3.77923833391	0.943355376374	1.32192929514	553
43	0.0	0.75	0.0	2.88484135304	0.644137260456	-0.052676783872	3.22007040594	0.860798608475	1.44957602672	554
43	0.0	1.0	0.0	2.251611301	0.650086931	-0.009087926	2.68347617588	0.803524301525	1.56675208199	555
43	0.25	0.0	0.0	4.89981866576	0.768517560826	-0.281100312949	4.89428031316	1.18022397384	0.93746772544	556
43	0.25	0.25	0.0	4.24154508504	0.749567610078	-0.340981965028	4.3587299384	1.13908174033	1.03540875718	557
43	0.25	0.5	0.0	3.59035019668	0.780451240722	-0.295460202955	3.80177913931	1.11642714734	1.13498676787	558
43	0.25	0.75	0.0	2.94929536381	0.825279230866	-0.219361245091	3.23964691577	1.09526101863	1.23488582181	559
43	0.25	1.0	0.0	2.32144194959	0.848162358619	-0.187511309796	2.68855226766	1.05858417797	1.33378998329	560
43	0.5	0.0	0.0	4.93459491171	0.822163935453	-0.446579268847	4.915113805	1.25451719253	0.76402771081	561
43	0.5	0.25	0.0	4.29465923484	0.841470748639	-0.529568031331	4.39003184039	1.25889056236	0.828020860201	562
43	0.5	0.5	0.0	3.65356389357	0.935245696956	-0.486168747022	3.83126371726	1.3051885119	0.917197752785	563
43	0.5	0.75	0.0	3.02653249268	1.043864509	-0.400960975187	3.26006926361	1.35068357754	1.00982669899	564
43	0.5	1.0	0.0	2.42878863691	1.10770291339	-0.358524275091	2.69770830743	1.35264829568	1.08417600924	565
43	0.75	0.0	0.0	4.96955703855	0.884821492854	-0.617505848572	4.94066401558	1.33640943638	0.585678934655	566
43	0.75	0.25	0.0	4.34669758614	0.94317206815	-0.721324368662	4.42727600432	1.3868962922	0.611510196176	567
43	0.75	0.5	0.0	3.71411554347	1.09208505685	-0.681300189655	3.86393255983	1.48648409825	0.687698516554	568
43	0.75	0.75	0.0	3.10054745091	1.25595205327	-0.587260897861	3.2799498508	1.58119163108	0.771002508149	569
43	0.75	1.0	0.0	2.53472984878	1.35916465171	-0.52903407959	2.70464404597	1.61703766724	0.818180783324	570
43	1.0	0.0	0.0	5.000454791	0.97343569	-0.762336154	4.96854770558	1.43714723761	0.436106071438	571
43	1.0	0.25	0.0	4.38187327285	1.05804355658	-0.884727186591	4.46403989485	1.51988241245	0.426466139698	572
43	1.0	0.5	0.0	3.75800567142	1.2326896991	-0.857134726434	3.89602615909	1.63715853459	0.46562532585	573
43	1.0	0.75	0.0	3.15533494978	1.41760082207	-0.768045936811	3.2979010787	1.74091052514	0.515017099188	574
43	1.0	1.0	0.0	2.600344071	1.53300363	-0.705947981	2.70305923406	1.78307330523	0.536074929003	575
44	0.0	0.0	0.0	2.251611301	0.650086931	-0.009087926	2.68347617588	0.803524301525	1.56675208199	576
44	0.0	0.25	0.0	1.68482917072	0.773806889686	0.0463783212436	2.12961119024	0.870583744112	1.65691710448	577
44	0.0	0.5	0.0	1.12720349848	1.04375675559	0.163139003876	1.4745698838	1.0667021475	1.73884447943	578
44	0.0	0.75	0.0	0.574780990747	1.32758442644	0.278906241571	0.791897091461	1.27953748608	1.83135362173	579
44	0.0	1.0	0.0	0.023608354	1.4929378	0.331392154	0.155137648122	1.39674773428	1.95326394626	580
44	0.25	0.0	0.0	2.32144194959	0.848162358619	-0.187511309796	2.68855226766	1.05858417797	1.33378998329	581
44	0.25	0.25	0.0	1.74619476883	0.952792321802	-0.145878500745	2.11679005313	1.09961095759	1.40855670946	582
44	0.25	0.5	0.0	1.17744042584	1.18937461229	-0.0364389505093	1.4569298926	1.25336075159	1.46758919291	583
44	0.25	0.75	0.0	0.612662376421	1.44440606923	0.0762594671174	0.774126415352	1.42718940307	1.5343044587	584
44	0.25	1.0	0.0	0.0493440763559	1.60438353181	0.12766887834	0.133534250666	1.5284527551	1.63211953185	585
44	0.5	0.0	0.0	2.42878863691	1.10770291339	-0.358524275091	2.69770830743	1.35264829568	1.08417600924	586
44	0.5	0.25	0.0	1.8562600497	1.19640195214	-0.324332676212	2.11251119965	1.37248231241	1.12253571068	587
44	0.5	0.5	0.0	1.26021185069	1.3742616391	-0.242526199085	1.45454637488	1.46285727499	1.14461297384	588
44	0.5	0.75	0.0	0.659484312047	1.57676260487	-0.161493864186	0.775855742118	1.57616464962	1.17091353079	589
44	0.5	1.0	0.0	0.0729177059497	1.73938548006	-0.129624691994	0.128481210359	1.6647959025	1.22194311361	590
44	0.75	0.0	0.0	2.53472984878	1.35916465171	-0.52903407959	2.70464404597	1.61703766724	0.818180783324	591
44	0.75	0.25	0.0	1.96660158482	1.43256424126	-0.497161632328	2.10689297991	1.61951749546	0.819536153533	592
44	0.75	0.5	0.0	1.34349230099	1.54798522296	-0.443192752993	1.45353304574	1.64737639072	0.807915504014	593
44	0.75	0.75	0.0	0.706681588246	1.69319243712	-0.396643197268	0.782739252137	1.69931735198	0.799402212867	594
44	0.75	1.0	0.0	0.0974490375687	1.85595072403	-0.387028720832	0.132686607776	1.77404337818	0.810079658193	595
44	1.0	0.0	0.0	2.600344071	1.53300363	-0.705947981	2.70305923406	1.78307330523	0.536074929003	596
44	1.0	0.25	0.0	2.02879594567	1.5892076497	-0.672542796262	2.09005374401	1.77103619363	0.520240083436	597
44	1.0	0.5	0.0	1.3952563047	1.6601127508	-0.62650862338	1.44000362027	1.75910277184	0.495496465256	598
44	1.0	0.75	0.0	0.74568899564	1.76223396975	-0.591477977058	0.780431125783	1.7695016364	0.477991879767	599
44	1.0	1.0	0.0	0.126057866	1.912086343	-0.591083372	0.138858523496	1.82446138386	0.483874132271	600
49	0.0	0.0	0.0	6.487958778	0.084374599	-0.199999985	6.33353548656	0.508451682417	0.41700490112	601
49	0.0	0.25	0.0	6.33527537697	0.502520729105	-0.254480359952	6.17813387837	0.960765437494	0.489386627741	602
49	0.0	0.5	0.0	5.97726588121	0.773637778396	-0.390885878571	5.82580372118	1.23266273235	0.50076910437	603
49	0.0	0.75	0.0	5.5027268371	0.922388510739	-0.572432492654	5.38609250144	1.37462839104	0.475044771953	604
49	0.0	1.0	0.0	5.000454791	0.97343569	-0.762336154	4.96854770558	1.43714723761	0.436106071438	605
49	0.25	0.0	0.0	6.49213719644	0.0838274764684	-0.212127141655	6.33714956213	0.510962095354	0.403470839625	606
49	0.25	0.25	0.0	6.34694079497	0.53709250868	-0.32594775333	6.18687965784	0.992282223656	0.394083393412	607
49	0.25	0.5	0.0	6.00347423597	0.860050104986	-0.49265595931	5.84487770308	1.31453926646	0.363353269971	608
49	0.25	0.75	0.0	5.53561502307	1.059806262	-0.686842661412	5.41004887054	1.51156003972	0.318371296717	609
49	0.25	1.0	0.0	5.01724065988	1.14346697635	-0.883098761455	4.98129833286	1.61717135944	0.266228301063	610
49	0.5	0.0	0.0	6.501329717	0.0819364448163	-0.222415244462	6.34510052837	0.515797641734	0.390087546168	611
49	0.5	0.25	0.0	6.36181601861	0.580653755689	-0.393344492709	6.20217302609	1.01791707024	0.289170077507	612
49	0.5	0.5	0.0	6.02825080885	0.970541803631	-0.586536327043	5.8721333798	1.40764377474	0.205689753832	613
49	0.5	0.75	0.0	5.55884853112	1.23461401802	-0.787028278989	5.4338464956	1.68198174961	0.131131787197	614
49	0.5	1.0	0.0	5.01182362881	1.35588382825	-0.979857880076	4.96617727959	1.83793498924	0.0569813896539	615
49	0.75	0.0	0.0	6.51052223756	0.078327015006	-0.232233246538	6.35305149461	0.518914789956	0.377174353442	616
49	0.75	0.25	0.0	6.37355885928	0.609288037053	-0.463572546866	6.21630847051	1.023667939	0.174207464522	617
49	0.75	0.5	0.0	6.0437713722	1.05438439003	-0.685294738873	5.89545864791	1.46858812945	0.0331729139594	618
49	0.75	0.75	0.0	5.56858890725	1.37560413469	-0.890822627993	5.45034606065	1.81251654535	-0.0725572105465	619
49	0.75	1.0	0.0	4.99544059533	1.53493533177	-1.07357901966	4.94081474258	2.0142943707	-0.169610821296	620
49	1.0	0.0	0.0	6.514700656	0.072624698	-0.242950101	6.35666557018	0.516270008419	0.36505059414	621
49	1.0	0.25	0.0	6.37582712837	0.599078919692	-0.543533884577	6.22158047847	0.995532791718	0.0487563389504	622
49	1.0	0.5	0.0	6.04221169838	1.0608493799	-0.801698951906	5.90274140396	1.45398420286	-0.148802891643	623
49	1.0	0.75	0.0	5.56099769744	1.41156896791	-1.01605899103	5.45240824969	1.82978745156	-0.278579150452	624
49	1.0	1.0	0.0	4.979328457	1.604870573	-1.18522769	4.92284091869	2.06110574753	-0.391524490293	625
50	0.0	0.0	0.0	6.514700656	0.072624698	-0.242950101	6.35666557018	0.516270008419	0.36505059414	626
50	0.0	0.25	0.0	6.37582712837	0.599078919692	-0.543533884577	6.22158047847	0.995532791718	0.0487563389504	627
50	0.0	0.5	0.0	6.04221169838	1.0608493799	-0.801698951906	5.90274140396	1.45398420286	-0.148802891643	628
50	0.0	0.75	0.0	5.56099769744	1.41156896791	-1.01605899103	5.45240824969	1.82978745156	-0.278579150452	629
50	0.0	1.0	0.0	4.979328457	1.604870573	-1.18522769	4.92284091869	2.06110574753	-0.391524490293	630
50	0.25	0.0	0.0	6.50665838116	0.0653873436475	-0.25502452067	6.36149525097	0.506241185957	0.346008919168	631
50	0.25	0.25	0.0	6.3605647873	0.550256942806	-0.614855257769	6.22244541901	0.934816275954	-0.0702203858388	632
50	0.25	0.5	0.0	6.01315915533	0.988130338713	-0.888236143716	5.89631881511	1.36605363545	-0.309216248197	633
50	0.25	0.75	0.0	5.52316219844	1.33274209404	-1.09545700268	5.44205776595	1.73393712396	-0.450388766895	634
50	0.25	1.0	0.0	4.94929462981	1.53782677144	-1.25680765885	4.91860459824	1.97245060099	-0.573148040923	635
50	0.5	0.0	0.0	6.4889653765	0.060008529354	-0.261923972567	6.37212054869	0.494721141824	0.323781505607	636
50	0.5	0.25	0.0	6.33136030261	0.493028089914	-0.64212730469	6.22638245135	0.870689928629	-0.133974846606	637
50	0.5	0.5	0.0	5.9607336916	0.883583618849	-0.914394152283	5.88741989592	1.25259981302	-0.421846289624	638
50	0.5	0.75	0.0	5.45496238819	1.19472678193	-1.11737554725	5.42720441602	1.58531216818	-0.609566029458	639
50	0.5	1.0	0.0	4.8919232371	1.38950924493	-1.2897225215	4.91770754527	1.81368836727	-0.766867272121	640
50	0.75	0.0	0.0	6.47127237184	0.0529435751334	-0.267083462681	6.38274584642	0.481514957764	0.30329405383	641
50	0.75	0.25	0.0	6.30187749356	0.424156468477	-0.657223756958	6.23085126748	0.797365912222	-0.183648518937	642
50	0.75	0.5	0.0	5.90693815828	0.762144647452	-0.923492117731	5.87999666457	1.1268786541	-0.51612337395	643
50	0.75	0.75	0.0	5.38329574772	1.03632604772	-1.12197211547	5.41439917097	1.42272308397	-0.749911752108	644
50	0.75	1.0	0.0	4.82779164358	1.21611860495	-1.30874732065	4.91827591994	1.63756910241	-0.94079489431	645
50	1.0	0.0	0.0	6.463230097	0.040647801	-0.273937997	6.38757552721	0.466427715521	0.289472264209	646
50	1.0	0.25	0.0	6.28578017943	0.340406185954	-0.692018346195	6.23331155941	0.709056389211	-0.260382878418	647
50	1.0	0.5	0.0	5.87377540649	0.638748851662	-0.958849180183	5.87800113927	1.0021460772	-0.621477859203	648
50	1.0	0.75	0.0	5.33505975806	0.896342907538	-1.14940419808	5.4101930019	1.28498037109	-0.865226748812	649
50	1.0	1.0	0.0	4.777477214	1.073855463	-1.338657099	4.9184358824	1.49684286246	-1.06304361791	650
53	0.0	0.0	0.0	6.463230097	0.040647801	-0.273937997	6.38757552721	0.466427715521	0.289472264209	651
53	0.0	0.25	0.0	6.28578017943	0.340406185954	-0.692018346195	6.23331155941	0.709056389211	-0.260382878418	652
53	0.0	0.5	0.0	5.87377540649	0.638748851662	-0.958849180183	5.87800113927	1.0021460772	-0.621477859203	653
53	0.0	0.75	0.0	5.33505975806	0.896342907538	-1.14940419808	5.4101930019	1.28498037109	-0.865226748812	654
53	0.0	1.0	0.0	4.777477214	1.073855463	-1.338657099	4.9184358824	1.49684286246	-1.06304361791	655
53	0.25	0.0	0.0	6.45392510106	0.0196332632682	-0.283615535534	6.39801854809	0.445132296922	0.274965468895	656
53	0.25	0.25	0.0	6.26060177449	0.167138189477	-0.789201253216	6.23930965869	0.52490364148	-0.428056979116	657
53	0.25	0.5	0.0	5.81383385892	0.317436358617	-1.12038553245	5.87457098073	0.678650536425	-0.890367217109	658
53	0.25	0.75	0.0	5.23715302891	0.458074897839	-1.34981457016	5.39461307793	0.849944062742	-1.19786492058	659
53	0.25	1.0	0.0	4.65409095904	0.576600934292	-1.55013456328	4.89024651399	0.982355301416	-1.43644976502	660
53	0.5	0.0	0.0	6.43345411	0.00136698603386	-0.287018297054	6.42099319401	0.42624808178	0.260938342459	661
53	0.5	0.25	0.0	6.22969788959	-0.00277530640112	-0.870279276553	6.25194902622	0.334306615249	-0.545791007638	662
53	0.5	0.5	0.0	5.7618888648	-0.0150042053654	-1.28102615446	5.86609623366	0.317262076542	-1.10697354988	663
53	0.5	0.75	0.0	5.16353062265	-0.0243503753592	-1.57104757015	5.36366851497	0.330324631999	-1.50222934806	664
53	0.5	1.0	0.0	4.56812675016	-0.0198444808827	-1.79213216298	4.84489956876	0.328704447965	-1.81117846595	665
53	0.75	0.0	0.0	6.41298311894	-0.0169971592174	-0.284190985047	6.44396783993	0.407265998622	0.25314128955	666
53	0.75	0.25	0.0	6.20577444014	-0.177601167331	-0.910287442637	6.2721459395	0.14034469504	-0.582867249536	667
53	0.75	0.5	0.0	5.73189550473	-0.346924167403	-1.38895504884	5.88054890103	-0.0585401583677	-1.21590928046	668
53	0.75	0.75	0.0	5.12602783168	-0.502582851731	-1.73938906912	5.36804058629	-0.213818355769	-1.69318365668	669
53	0.75	1.0	0.0	4.52285293996	-0.622193912616	-1.98078476894	4.83348485701	-0.349919691331	-2.06188923167	670
53	1.0	0.0	0.0	6.403678123	-0.038305301	-0.275178303	6.45441086081	0.385676975972	0.257324714817	671
53	1.0	0.25	0.0	6.20153734152	-0.365606258964	-0.884260777898	6.30081667604	-0.0539027346237	-0.508567990364	672
53	1.0	0.5	0.0	5.73780885925	-0.66667485461	-1.39235621819	5.94590098581	-0.425277024221	-1.16178683176	673
53	1.0	0.75	0.0	5.13647994836	-0.928272470951	-1.78112493814	5.45841056512	-0.722425335193	-1.68559147187	674
53	1.0	1.0	0.0	4.521537881	-1.137160491	-2.032227252	4.90709218899	-0.93932710991	-2.06324157317	675
54	0.0	0.0	0.0	6.403678123	-0.038305301	-0.275178303	6.45441086081	0.385676975972	0.257324714817	676
54	0.0	0.25	0.0	6.20153734152	-0.365606258964	-0.884260777898	6.30081667604	-0.0539027346237	-0.508567990364	677
54	0.0	0.5	0.0	5.73780885925	-0.66667485461	-1.39235621819	5.94590098581	-0.425277024221	-1.16178683176	678
54	0.0	0.75	0.0	5.13647994836	-0.928272470951	-1.78112493814	5.45841056512	-0.722425335193	-1.68559147187	679
54	0.0	1.0	0.0	4.521537881	-1.137160491	-2.032227252	4.90709218899	-0.93932710991	-2.06324157317	680
54	0.25	0.0	0.0	6.40135108097	-0.0572968803968	-0.261834685256	6.46074115114	0.360557805903	0.274599409419	681
54	0.25	0.25	0.0	6.21029551018	-0.527836345019	-0.786760683162	6.32614525421	-0.215323925486	-0.336631887479	682
54	0.25	0.5	0.0	5.77115923995	-0.932882909131	-1.25309430349	6.0127465712	-0.725527361698	-0.90076621959	683
54	0.25	0.75	0.0	5.19413617274	-1.27564365024	-1.62304607858	5.56527685297	-1.13658619498	-1.36623494627	684
54	0.25	1.0	0.0	4.589420211	-1.55932564587	-1.85882654078	5.02846785041	-1.41503411756	-1.68146942687	685
54	0.5	0.0	0.0	6.3962315885	-0.0718228396117	-0.244013075115	6.47466778985	0.33255114721	0.301069388645	686
54	0.5	0.25	0.0	6.21845148553	-0.658970340051	-0.631875045467	6.34400304754	-0.347325310024	-0.0932594489806	687
54	0.5	0.5	0.0	5.81195800479	-1.16665082371	-0.996652709523	6.04553005916	-0.978311146035	-0.46569005918	688
54	0.5	0.75	0.0	5.27611154935	-1.60657065831	-1.29739159165	5.62862084331	-1.50715584986	-0.774909150334	689
54	0.5	1.0	0.0	4.71027252227	-1.99043621155	-1.49313721622	5.14264741861	-1.88060891054	-0.979603430827	690
54	0.75	0.0	0.0	6.39111209603	-0.0811073540207	-0.222979504917	6.48859442856	0.309785933323	0.330751327929	691
54	0.75	0.25	0.0	6.22428208532	-0.745140000621	-0.447655558704	6.35314193692	-0.428914462724	0.183930111804	692
54	0.75	0.5	0.0	5.84512173246	-1.32981493989	-0.690498999952	6.05174654149	-1.13466211366	0.0273512436558	693
54	0.75	0.75	0.0	5.34522967804	-1.84902436734	-0.906377275777	5.65145548323	-1.74694083438	-0.109090253984	694
54	0.75	1.0	0.0	4.81620456265	-2.31666047846	-1.0501578333	5.21931600309	-2.20523443976	-0.195499358581	695
54	1.0	0.0	0.0	6.388785054	-0.084374599	-0.200000007	6.49492471889	0.300391097672	0.357661902703	696
54	1.0	0.25	0.0	6.22606412731	-0.772477083291	-0.262153916764	6.35231380323	-0.439098958075	0.457317581548	697
54	1.0	0.5	0.0	5.85556700167	-1.38421159923	-0.402100738431	6.03889111	-1.145614001	0.462267283107	698
54	1.0	0.75	0.0	5.36431415869	-1.93097564955	-0.552218929382	5.63679371983	-1.76874768305	0.433745572869	699
54	1.0	1.0	0.0	4.83932608	-2.424166737	-0.644886947	5.22815871334	-2.25809365615	0.432987016321	700
57	0.0	0.0	0.0	6.388785054	-0.084374599	-0.200000007	6.49492471889	0.300391097672	0.357661902703	701
57	0.0	0.25	0.0	6.22606412731	-0.772477083291	-0.262153916764	6.35231380323	-0.439098958075	0.457317581548	702
57	0.0	0.5	0.0	5.85556700167	-1.38421159923	-0.402100738431	6.03889111	-1.145614001	0.462267283107	703
57	0.0	0.75	0.0	5.36431415869	-1.93097564955	-0.552218929382	5.63679371983	-1.76874768305	0.433745572869	704
57	0.0	1.0	0.0	4.83932608	-2.424166737	-0.644886947	5.22815871334	-2.25809365615	0.432987016321	705
57	0.25	0.0	0.0	6.39285782916	-0.0812373917896	-0.176648936624	6.4837188934	0.310308598991	0.395272269857	706
57	0.25	0.25	0.0	6.22020553704	-0.7359473128	-0.0934872754373	6.33402280954	-0.390291345077	0.685060745485	707
57	0.25	0.5	0.0	5.82530896409	-1.31936343294	-0.164191145239	6.00227272795	-1.04875803577	0.781862652889	708
57	0.25	0.75	0.0	5.3047723031	-1.83708362255	-0.283564085281	5.57648964131	-1.62949981329	0.794380174097	709
57	0.25	1.0	0.0	4.75519974688	-2.29470575198	-0.346409634817	5.14469454228	-2.09692501786	0.831315491136	710
57	0.5	0.0	0.0	6.4018179345	-0.0721696028143	-0.155774436167	6.45906607732	0.334293035005	0.447517223227	711
57	0.5	0.25	0.0	6.20824449601	-0.648012088183	0.0601342053384	6.29869440013	-0.303065197655	0.866029181827	712
57	0.5	0.5	0.0	5.76503349614	-1.1676062831	0.0683601345632	5.93766347071	-0.896243319094	1.06498501059	713
57	0.5	0.75	0.0	5.19254369041	-1.62696387156	-0.00544441237595	5.47019422441	-1.41955045088	1.1526440355	714
57	0.5	1.0	0.0	4.61113383434	-2.0220965376	-0.0356271993631	4.99050759658	-1.84729571458	1.23726558258	715
57	0.75	0.0	0.0	6.41077803984	-0.0576869874318	-0.138218143626	6.43441326123	0.363692297427	0.49644396868	716
57	0.75	0.25	0.0	6.19681663302	-0.521797105597	0.186429081291	6.26105337945	-0.181357238802	1.00667914642	717
57	0.75	0.5	0.0	5.7065569159	-0.959939701184	0.264776512468	5.86598402637	-0.703362742702	1.29342465265	718
57	0.75	0.75	0.0	5.08390648032	-1.35398882383	0.23474302326	5.35319147726	-1.17284979717	1.4532844916	719
57	0.75	1.0	0.0	4.47277291813	-1.68581852317	0.234247487022	4.82666200738	-1.56034398512	1.58286266751	720
57	1.0	0.0	0.0	6.414850815	-0.038305301	-0.124821697	6.42320743574	0.389854277967	0.524099712084	721
57	1.0	0.25	0.0	6.19255757685	-0.370428061199	0.273115908149	6.23582455194	-0.0291041915106	1.11346689513	722
57	1.0	0.5	0.0	5.68169554144	-0.727363238676	0.394281399966	5.80815508304	-0.485409198304	1.44897187554	723
57	1.0	0.75	0.0	5.03513883255	-1.07153090656	0.389601155551	5.26076540799	-0.923348053531	1.64104887691	724
57	1.0	1.0	0.0	4.405761574	-1.365351138	0.410001552	4.7142219058	-1.28720806831	1.80013212281	725
58	0.0	0.0	0.0	6.414850815	-0.038305301	-0.124821697	6.42320743574	0.389854277967	0.524099712084	726
58	0.0	0.25	0.0	6.19255757685	-0.370428061199	0.273115908149	6.23582455194	-0.0291041915106	1.11346689513	727
58	0.0	0.5	0.0	5.68169554144	-0.727363238676	0.394281399966	5.80815508304	-0.485409198304	1.44897187554	728
58	0.0	0.75	0.0	5.03513883255	-1.07153090656	0.389601155551	5.26076540799	-0.923348053531	1.64104887691	729
58	0.0	1.0	0.0	4.405761574	-1.365351138	0.410001552	4.7142219058	-1.28720806831	1.80013212281	730
58	0.25	0.0	0.0	6.41713209531	-0.0189188214157	-0.117780961045	6.41508632297	0.410141065613	0.525459722096	731
58	0.25	0.25	0.0	6.19980420912	-0.225129153716	0.30130956048	6.21786874888	0.12344225744	1.15393729858	732
58	0.25	0.5	0.0	5.69782537632	-0.49672009812	0.438451125413	5.76992736367	-0.24964595672	1.50451285896	733
58	0.25	0.75	0.0	5.05911147203	-0.782340479607	0.444643111668	5.20973780946	-0.637520238778	1.70100196502	734
58	0.25	1.0	0.0	4.43157837142	-1.03063912316	0.470884897162	4.67577572836	-0.968577250649	1.86722017851	735
58	0.5	0.0	0.0	6.422150912	0.0013250611238	-0.11565055545	6.39721987487	0.432365625889	0.515092530616	736
58	0.5	0.25	0.0	6.21472451415	-0.07800882849	0.284660566635	6.19677676748	0.281772079992	1.13137165239	737
58	0.5	0.5	0.0	5.7330712964	-0.249751460763	0.424103609821	5.743028778	0.0254208435901	1.48271140309	738
58	0.5	0.75	0.0	5.11762246315	-0.452004950792	0.436589497922	5.18684014611	-0.270182521957	1.68134707084	739
58	0.5	1.0	0.0	4.5088092188	-0.622871413673	0.456029154752	4.67907511153	-0.538532455289	1.83951394375	740
58	0.75	0.0	0.0	6.42716972869	0.0214920381014	-0.11841579713	6.37935342677	0.454513280603	0.499829691861	741
58	0.75	0.25	0.0	6.23134602966	0.060706341119	0.236901791315	6.18150140819	0.435250634354	1.07079584597	742
58	0.75	0.5	0.0	5.77486920755	-0.0127415733496	0.364015568854	5.73423022637	0.303082001997	1.40462846361	743
58	0.75	0.75	0.0	5.19031585172	-0.130411589581	0.37561958255	5.19305236904	0.113524150699	1.5971457366	744
58	0.75	1.0	0.0	4.61026255153	-0.223863591853	0.384407879466	4.71348032396	-0.0779061523739	1.74416585671	745
58	1.0	0.0	0.0	6.429451009	0.040647801	-0.126062003	6.371232314	0.474569351563	0.486502760048	746
58	1.0	0.25	0.0	6.24369629339	0.180789781752	0.171766099219	6.18099547144	0.573243278736	0.997235768697	747
58	1.0	0.5	0.0	5.81065501564	0.188025317377	0.270963718172	5.75030260913	0.546628317874	1.29132499622	748
58	1.0	0.75	0.0	5.25683568356	0.132552334564	0.271912633789	5.22935442933	0.448458832954	1.46345950453	749
58	1.0	1.0	0.0	4.708746805	0.08456876	0.274994626	4.7683516343	0.332469187956	1.60832835552	750
61	0.0	0.0	0.0	6.429451009	0.040647801	-0.126062003	6.371232314	0.474569351563	0.486502760048	751
61	0.0	0.25	0.0	6.24369629339	0.180789781752	0.171766099219	6.18099547144	0.573243278736	0.997235768697	752
61	0.0	0.5	0.0	5.81065501564	0.188025317377	0.270963718172	5.75030260913	0.546628317874	1.29132499622	753
61	0.0	0.75	0.0	5.25683568356	0.132552334564	0.271912633789	5.22935442933	0.448458832954	1.46345950453	754
61	0.0	1.0	0.0	4.708746805	0.08456876	0.274994626	4.7683516343	0.332469187956	1.60832835552	755
61	0.25	0.0	0.0	6.43243498588	0.050592403596	-0.1322682435	6.36666578581	0.482529203007	0.473073578228	756
61	0.25	0.25	0.0	6.25055709088	0.24362636111	0.132358353945	6.18225099436	0.644775375943	0.952136937065	757
61	0.25	0.5	0.0	5.82717713245	0.295578587686	0.211553189409	5.76413456168	0.671575128799	1.21911612128	758
61	0.25	0.75	0.0	5.28668083515	0.271004912574	0.200488097611	5.256013535	0.617716919811	1.37094556456	759
61	0.25	1.0	0.0	4.7534539235	0.234461165027	0.194334913272	4.80158496153	0.537989207215	1.50455970056	760
61	0.5	0.0	0.0	6.438999735	0.0589222995524	-0.139196929864	6.35661942378	0.486492646427	0.450254420962	761
61	0.5	0.25	0.0	6.26087715942	0.306566371445	0.0913827839629	6.1786792536	0.712999756419	0.898794323164	762
61	0.5	0.5	0.0	5.8466822302	0.416603234527	0.147475057549	5.77485779253	0.803839303425	1.13642797598	763
61	0.5	0.75	0.0	5.31799344955	0.436948930217	0.11669347446	5.28147292071	0.804741022975	1.25894539592	764
61	0.5	1.0	0.0	4.79638931972	0.415519499931	0.0866516182615	4.83484251827	0.7614346506	1.36213659951	765
61	0.75	0.0	0.0	6.44556448412	0.0661091704826	-0.147305126795	6.34657306175	0.489313064822	0.426255753128	766
61	0.75	0.25	0.0	6.27197396954	0.363921669129	0.0462140532908	6.17449866054	0.773723588643	0.839265116642	767
61	0.75	0.5	0.0	5.86802766651	0.530233833623	0.0781806631751	5.78359658357	0.92575996072	1.04507177515	768
61	0.75	0.75	0.0	5.35038025033	0.594629999644	0.0257901474908	5.30326533508	0.977957338065	1.13710795026	769
61	0.75	1.0	0.0	4.83568639632	0.58669450287	-0.0337620491295	4.8629034193	0.962850877692	1.2088058636	770
61	1.0	0.0	0.0	6.448548461	0.072624698	-0.157049899	6.34200653356	0.493843841187	0.409288039604	771
61	1.0	0.25	0.0	6.28116499177	0.410004110533	-0.00577317405242	6.17392762653	0.822754041095	0.775606507149	772
61	1.0	0.5	0.0	5.89007079905	0.615604960694	0.00312134687222	5.7914752167	1.01967621965	0.946858733634	773
61	1.0	0.75	0.0	5.38344796105	0.708293733007	-0.0669605001392	5.31892352676	1.1057920607	1.01508217922	774
61	1.0	1.0	0.0	4.869478556	0.706936912	-0.152612879	4.88054677938	1.10228324807	1.07231430408	775
62	0.0	0.0	0.0	6.448548461	0.072624698	-0.157049899	6.34200653356	0.493843841187	0.409288039604	776
62	0.0	0.25	0.0	6.28116499177	0.410004110533	-0.00577317405242	6.17392762653	0.822754041095	0.775606507149	777
62	0.0	0.5	0.0	5.89007079905	0.615604960694	0.00312134687222	5.7914752167	1.01967621965	0.946858733634	778
62	0.0	0.75	0.0	5.38344796105	0.708293733007	-0.0669605001392	5.31892352676	1.1057920607	1.01508217922	779
62	0.0	1.0	0.0	4.869478556	0.706936912	-0.152612879	4.88054677938	1.10228324807	1.07231430408	780
62	0.25	0.0	0.0	6.45470632303	0.0789769974323	-0.168440184361	6.34068293247	0.50064269378	0.405814464793	781
62	0.25	0.25	0.0	6.29198242981	0.444905816959	-0.0665954909923	6.17544491954	0.864587036517	0.707665020763	782
62	0.25	0.5	0.0	5.91063457972	0.666797965272	-0.0845183502843	5.79894728978	1.08309399311	0.842874769723	783
62	0.25	0.75	0.0	5.41260068697	0.767164770513	-0.172567158761	5.33171682654	1.18027062005	0.89246768138	784
62	0.25	1.0	0.0	4.89981866576	0.768517560826	-0.281100312949	4.89428031316	1.18022397384	0.93746772544	785
62	0.5	0.0	0.0	6.4682536195	0.082514205275	-0.177426682347	6.33777101006	0.505162318577	0.414244730015	786
62	0.5	0.25	0.0	6.30804947154	0.467379346266	-0.122065745972	6.17598301703	0.899549999071	0.645101535248	787
62	0.5	0.5	0.0	5.9328280591	0.70096659218	-0.180562223476	5.80737198802	1.13365335397	0.735546454431	788
62	0.5	0.75	0.0	5.44190474991	0.810240077187	-0.30477907704	5.34829616877	1.24084990966	0.752786256604	789
62	0.5	1.0	0.0	4.93459491171	0.822163935453	-0.446579268847	4.915113805	1.25451719253	0.76402771081	790
62	0.75	0.0	0.0	6.48180091597	0.0840441347302	-0.18696231016	6.33485908765	0.507674664986	0.422125865411	791
62	0.75	0.25	0.0	6.32420186968	0.484294412349	-0.181566511466	6.17654498222	0.930617831737	0.576235565832	792
62	0.75	0.5	0.0	5.95544167899	0.731962607771	-0.283266117854	5.81643042672	1.18047077585	0.622351871424	793
62	0.75	0.75	0.0	5.47180013743	0.855865906203	-0.444449704997	5.36698143368	1.30110935737	0.60924344132	794
62	0.75	1.0	0.0	4.96955703855	0.884821492854	-0.617505848572	4.94066401558	1.33640943638	0.585678934655	795
62	1.0	0.0	0.0	6.487958778	0.084374599	-0.199999985	6.33353548656	0.508451682417	0.41700490112	796
62	1.0	0.25	0.0	6.33527537697	0.502520729105	-0.254480359952	6.17813387837	0.960765437494	0.489386627741	797
62	1.0	0.5	0.0	5.97726588121	0.773637778396	-0.390885878571	5.82580372118	1.23266273235	0.50076910437	798
62	1.0	0.75	0.0	5.5027268371	0.922388510739	-0.572432492654	5.38609250144	1.37462839104	0.475044771953	799
62	1.0	1.0	0.0	5.000454791	0.97343569	-0.762336154	4.96854770558	1.43714723761	0.436106071438	800
