Elem	xi[0]	xi[1]	xi[2]	Y[0]	Y[1]	Y[2]	y[0]	y[1]	y[2]	Index
1	0.0	0.0	0.0	0.126057866	1.912086343	-0.591083372	0.19202811241	1.81748235632	0.503133566694	1
1	0.0	0.25	0.0	-0.419804864485	2.10869098381	-0.634559361427	-0.37252040668	1.91911704114	0.525369597146	2
1	0.0	0.5	0.0	-0.970478513362	2.33926215114	-0.701533527468	-0.92264666952	2.0574978788	0.566415890768	3
1	0.0	0.75	0.0	-1.50576845181	2.5546018894	-0.764585300524	-1.46481258225	2.18353262856	0.63941705949	4
1	0.0	1.0	0.0	-2.005480051	2.705512243	-0.796294111	-2.005480051	2.24812904966	0.757517715239	5
1	0.25	0.0	0.0	0.179865338417	1.86203097766	-0.836521128149	0.236907131821	1.79845470662	0.133986232333	6
1	0.25	0.25	0.0	-0.372409697729	2.07810643399	-0.882452334762	-0.322242660044	1.90006515435	0.143615073237	7
1	0.25	0.5	0.0	-0.933584196172	2.35615242854	-0.945772430486	-0.886247544547	2.06205136168	0.165240302937	8
1	0.25	0.75	0.0	-1.4796111967	2.62181873121	-1.00738663881	-1.4445128086	2.22423663095	0.219635886565	9
1	0.25	1.0	0.0	-1.98644373911	2.80075511189	-1.04820018321	-1.98644373911	2.32644426451	0.327575789251	10
1	0.5	0.0	0.0	0.242200698184	1.72694330858	-1.14391420796	0.326117062554	1.72161125011	-0.287853075449	11
1	0.5	0.25	0.0	-0.314346155784	1.96102741693	-1.19900782523	-0.235502908617	1.81018144645	-0.330599830686	12
1	0.5	0.5	0.0	-0.887756787071	2.26002022244	-1.2694337101	-0.819563135308	1.96333755773	-0.339228263653	13
1	0.5	0.75	0.0	-1.44742681571	2.54183675468	-1.34280665667	-1.40300049414	2.1311581567	-0.300186848593	14
1	0.5	1.0	0.0	-1.96275186173	2.72439204318	-1.40674145903	-1.96275186173	2.26372181611	-0.199924059752	15
1	0.75	0.0	0.0	0.283729682359	1.57432900821	-1.47058980929	0.41115924	1.62270944075	-0.68323017733	16
1	0.75	0.25	0.0	-0.274371649151	1.81142460364	-1.52417995233	-0.166179690056	1.6869017822	-0.785684773953	17
1	0.75	0.5	0.0	-0.850008363519	2.10584968816	-1.58751357195	-0.766543822887	1.81170098186	-0.823513192771	18
1	0.75	0.75	0.0	-1.41433511478	2.37601158306	-1.66286413781	-1.36547287352	1.96388294361	-0.797648499325	19
1	0.75	1.0	0.0	-1.93850655699	2.54031760963	-1.75250511959	-1.93850655699	2.1102235713	-0.709023759156	20
1	1.0	0.0	0.0	0.275118028	1.471693749	-1.77387513	0.443534999548	1.53750673249	-0.97299089399	21
1	1.0	0.25	0.0	-0.281243588327	1.68326866514	-1.79792283555	-0.168151542019	1.56766202635	-1.11004941589	22
1	1.0	0.5	0.0	-0.837351002975	1.94862498102	-1.81500822167	-0.771139988365	1.65748614898	-1.16413786819	23
1	1.0	0.75	0.0	-1.38545589989	2.18569883964	-1.85957786596	-1.35712718139	1.78199672947	-1.15034641897	24
1	1.0	1.0	0.0	-1.917809963	2.312426384	-1.966078346	-1.917809963	1.91621139691	-1.08376523635	25
2	0.0	0.0	0.0	0.275118028	1.471693749	-1.77387513	0.443534999548	1.53750673249	-0.97299089399	26
2	0.0	0.25	0.0	-0.281243588327	1.68326866514	-1.79792283555	-0.168151542019	1.56766202635	-1.11004941589	27
2	0.0	0.5	0.0	-0.837351002975	1.94862498102	-1.81500822167	-0.771139988365	1.65748614898	-1.16413786819	28
2	0.0	0.75	0.0	-1.38545589989	2.18569883964	-1.85957786596	-1.35712718139	1.78199672947	-1.15034641897	29
2	0.0	1.0	0.0	-1.917809963	2.312426384	-1.966078346	-1.917809963	1.91621139691	-1.08376523635	30
2	0.25	0.0	0.0	0.247804857106	1.48845714839	-1.99757100902	0.405151734879	1.53798854563	-1.20333696792	31
2	0.25	0.25	0.0	-0.296784634702	1.62270554058	-1.99620051932	-0.207237982345	1.50700321809	-1.34452320426	32
2	0.25	0.5	0.0	-0.833989458493	1.80338483014	-1.97049360533	-0.79800189211	1.52987221775	-1.4107555412	33
2	0.25	0.75	0.0	-1.36405074818	1.9602928241	-1.96259420862	-1.36027933152	1.58525622783	-1.40489144745	34
2	0.25	1.0	0.0	-1.88720963766	2.02322732952	-2.01464627075	-1.88720963766	1.65181593155	-1.32978839169	35
2	0.5	0.0	0.0	0.228179332454	1.56838473646	-2.24435938485	0.331615454969	1.59343699646	-1.53250005059	36
2	0.5	0.25	0.0	-0.296586407474	1.58250319655	-2.22780714011	-0.241841187089	1.47029178875	-1.65734745384	37
2	0.5	0.5	0.0	-0.829878872637	1.63459087386	-2.16269719633	-0.815101551313	1.39262740034	-1.70806931481	38
2	0.5	0.75	0.0	-1.35241721764	1.67683615652	-2.07194331616	-1.35913742541	1.34463294061	-1.66827418641	39
2	0.5	1.0	0.0	-1.8449205971	1.66142743262	-1.97845926224	-1.8449205971	1.31049751894	-1.52157062158	40
2	0.75	0.0	0.0	0.215337818324	1.63618634356	-2.48009843225	0.263362624519	1.6405934838	-1.87492070972	41
2	0.75	0.25	0.0	-0.288025821008	1.53499856282	-2.44895747823	-0.270022087976	1.42454041946	-1.97537359706	42
2	0.75	0.5	0.0	-0.820736944956	1.45649181822	-2.33831836825	-0.833839664247	1.23542589084	-1.989883415	43
2	0.75	0.75	0.0	-1.34202233103	1.37916284213	-2.15767438036	-1.36767394145	1.07908174665	-1.89528887796	44
2	0.75	1.0	0.0	-1.81110875673	1.28150836691	-1.91651879261	-1.81110875673	0.961339835599	-1.66842870038	45
2	1.0	0.0	0.0	0.208376679	1.6165718	-2.670646326	0.240829708232	1.61619940649	-2.14503951306	46
2	1.0	0.25	0.0	-0.278479789674	1.4525285692	-2.61586631401	-0.289841616731	1.33676179132	-2.22545306637	47
2	1.0	0.5	0.0	-0.802281374999	1.28333636926	-2.44405649466	-0.865616929183	1.04794188332	-2.1900020678	48
2	1.0	0.75	0.0	-1.32433311107	1.11110688618	-2.18983659298	-1.39986135799	0.807557524807	-2.04072976419	49
2	1.0	1.0	0.0	-1.805940032	0.937951806	-1.887826334	-1.805940032	0.673426558071	-1.77967940243	50
5	0.0	0.0	0.0	0.208376679	1.6165718	-2.670646326	0.240829708232	1.61619940649	-2.14503951306	51
5	0.0	0.25	0.0	-0.278479789674	1.4525285692	-2.61586631401	-0.289841616731	1.33676179132	-2.22545306637	52
5	0.0	0.5	0.0	-0.802281374999	1.28333636926	-2.44405649466	-0.865616929183	1.04794188332	-2.1900020678	53
5	0.0	0.75	0.0	-1.32433311107	1.11110688618	-2.18983659298	-1.39986135799	0.807557524807	-2.04072976419	54
5	0.0	1.0	0.0	-1.805940032	0.937951806	-1.887826334	-1.805940032	0.673426558071	-1.77967940243	55
5	0.25	0.0	0.0	0.187423868271	0.982617324758	-3.0276876821	0.267062361829	0.91386210739	-2.78657540441	56
5	0.25	0.25	0.0	-0.301558184728	0.864334437771	-2.86719957168	-0.339440392956	0.665744109629	-2.75998535701	57
5	0.25	0.5	0.0	-0.812621427846	0.731000800147	-2.54512692396	-0.95152274131	0.409545103261	-2.55577761563	58
5	0.25	0.75	0.0	-1.34434987785	0.589428357427	-2.16258423704	-1.49491001643	0.232354869102	-2.24560600204	59
5	0.25	1.0	0.0	-1.89532755153	0.446429055149	-1.82068600901	-1.89532755153	0.221263187967	-1.90112433804	60
5	0.5	0.0	0.0	0.163694697738	-0.0151725091157	-2.97710744212	0.266146731512	-0.263860309415	-3.08472160889	61
5	0.5	0.25	0.0	-0.36118777184	-0.0422688070027	-2.73219674994	-0.402335976093	-0.420923326592	-2.93440401397	62
5	0.5	0.5	0.0	-0.885293447685	-0.071959717828	-2.39684330894	-1.03565615078	-0.520092512446	-2.70571076017	63
5	0.5	0.75	0.0	-1.44227203341	-0.0854332926292	-2.01795346217	-1.60105487535	-0.516859913516	-2.39562817677	64
5	0.5	1.0	0.0	-2.06577323261	-0.0638775824441	-1.64243355264	-2.06577323261	-0.366717576336	-2.00114259307	65
5	0.75	0.0	0.0	0.143112238836	-1.10023021543	-2.74798829958	0.287223068557	-1.51511138527	-3.1081737319	66
5	0.75	0.25	0.0	-0.427744883957	-1.03300912243	-2.49048794825	-0.429892269184	-1.5660205302	-2.90247179732	67
5	0.75	0.5	0.0	-0.979291844845	-0.928063359454	-2.19022008447	-1.08731779104	-1.48272439889	-2.71717251273	68
5	0.75	0.75	0.0	-1.56630978039	-0.773377828063	-1.83751572359	-1.69017360703	-1.29014574903	-2.4819586857	69
5	0.75	1.0	0.0	-2.24357982714	-0.556937429815	-1.42270588094	-2.24357982714	-1.01320733832	-2.12651312378	70
5	1.0	0.0	0.0	0.131599563	-1.995988308	-2.569412948	0.379431624242	-2.43803466151	-2.92562737882	71
5	1.0	0.25	0.0	-0.471605854026	-1.87361446582	-2.4217032661	-0.373473175272	-2.41232751403	-2.81795146712	72
5	1.0	0.5	0.0	-1.05361102965	-1.63982829952	-2.1162716854	-1.07580829558	-2.22010399115	-2.66753388462	73
5	1.0	0.75	0.0	-1.66467332146	-1.33430501295	-1.7028424765	-1.73414388378	-1.93756156343	-2.49575992613	74
5	1.0	1.0	0.0	-2.355050087	-0.99671981	-1.23113991	-2.355050087	-1.64089770145	-2.32401488642	75
6	0.0	0.0	0.0	0.131599563	-1.995988308	-2.569412948	0.379431624242	-2.43803466151	-2.92562737882	76
6	0.0	0.25	0.0	-0.471605854026	-1.87361446582	-2.4217032661	-0.373473175272	-2.41232751403	-2.81795146712	77
6	0.0	0.5	0.0	-1.05361102965	-1.63982829952	-2.1162716854	-1.07580829558	-2.22010399115	-2.66753388462	78
6	0.0	0.75	0.0	-1.66467332146	-1.33430501295	-1.7028424765	-1.73414388378	-1.93756156343	-2.49575992613	79
6	0.0	1.0	0.0	-2.355050087	-0.99671981	-1.23113991	-2.355050087	-1.64089770145	-2.32401488642	80
6	0.25	0.0	0.0	0.208390968375	-2.7358283053	-2.2549677902	0.519773992632	-3.15804584967	-2.4674829993	81
6	0.25	0.25	0.0	-0.412777726775	-2.58139808899	-2.21603175027	-0.264414903082	-3.10715011553	-2.47529997609	82
6	0.25	0.5	0.0	-1.02808623856	-2.27382806304	-1.92630271424	-1.01577950411	-2.89703912423	-2.33977566319	83
6	0.25	0.75	0.0	-1.67430854845	-1.89754812235	-1.48733815081	-1.7263655144	-2.61564480338	-2.20509551262	84
6	0.25	1.0	0.0	-2.38821863789	-1.5369881618	-1.00069552862	-2.38821863789	-2.35089908059	-2.21544497643	85
6	0.5	0.0	0.0	0.376511815652	-3.493823546	-1.60902542076	0.641101247495	-3.98695546492	-1.73339736597	86
6	0.5	0.25	0.0	-0.260656164485	-3.29060757089	-1.57265270305	-0.174952123048	-3.93201850176	-1.73774376927	87
6	0.5	0.5	0.0	-0.905943272884	-2.9421947671	-1.39446529597	-0.956584174033	-3.70292962348	-1.63787399485	88
6	0.5	0.75	0.0	-1.60032205351	-2.53643461028	-1.09332617788	-1.69584008871	-3.39213120571	-1.54378248898	89
6	0.5	1.0	0.0	-2.38476505034	-2.16117657611	-0.688098327144	-2.38476505034	-3.09206562405	-1.56546369793	90
6	0.75	0.0	0.0	0.527529970103	-4.21036677569	-0.846205021941	0.727532167306	-4.80771906211	-0.893756344342	91
6	0.75	0.25	0.0	-0.12466145746	-3.96662314103	-0.777113087717	-0.118235729997	-4.75879037384	-0.846431063125	92
6	0.75	0.5	0.0	-0.785795336396	-3.58025836516	-0.719888846821	-0.924237125004	-4.4972742766	-0.785929609368	93
6	0.75	0.75	0.0	-1.5142762972	-3.13261411067	-0.601692954648	-1.67836415828	-4.12572574931	-0.734452053659	94
6	0.75	1.0	0.0	-2.36850897037	-2.70503204011	-0.349686066597	-2.36850897037	-3.74669977092	-0.714198466586	95
6	1.0	0.0	0.0	0.553013297	-4.82585074	-0.181125776	0.763185530544	-5.5032921961	-0.118945799934	96
6	1.0	0.25	0.0	-0.114213896	-4.5748250289	-0.114959867522	-0.107416618757	-5.45932343291	-0.0425100741289	97
6	1.0	0.5	0.0	-0.76625563287	-4.12334881071	-0.101702783056	-0.944753176686	-5.13957187127	-0.00804323649195	98
6	1.0	0.75	0.0	-1.48773374005	-3.56773625741	-0.0933248780608	-1.70973427464	-4.67513341308	0.000264594896155	99
6	1.0	1.0	0.0	-2.363270044	-3.004301541	-0.041796508	-2.363270044	-4.19710396024	-0.00177669804529	100
9	0.0	0.0	0.0	0.553013297	-4.82585074	-0.181125776	0.763185530544	-5.5032921961	-0.118945799934	101
9	0.0	0.25	0.0	-0.114213896	-4.5748250289	-0.114959867522	-0.107416618757	-5.45932343291	-0.0425100741289	102
9	0.0	0.5	0.0	-0.76625563287	-4.12334881071	-0.101702783056	-0.944753176686	-5.13957187127	-0.00804323649195	103
9	0.0	0.75	0.0	-1.48773374005	-3.56773625741	-0.0933248780608	-1.70973427464	-4.67513341308	0.000264594896155	104
9	0.0	1.0	0.0	-2.363270044	-3.004301541	-0.041796508	-2.363270044	-4.19710396024	-0.00177669804529	105
9	0.25	0.0	0.0	0.440334173459	-4.95824061872	0.594631655144	0.717351559587	-5.7048586333	0.888662036027	106
9	0.25	0.25	0.0	-0.225734883723	-4.71239658309	0.649101782196	-0.15079642559	-5.63441482174	0.976431983167	107
9	0.25	0.5	0.0	-0.842244590263	-4.20334823631	0.64553230671	-0.993980709473	-5.24889271899	0.998974069807	108
9	0.25	0.75	0.0	-1.51731815533	-3.54492783945	0.572328735812	-1.75060644575	-4.70451556023	0.97426903358	109
9	0.25	1.0	0.0	-2.3590787881	-2.85096765356	0.417896576628	-2.3590787881	-4.15750658063	0.920297612122	110
9	0.5	0.0	0.0	0.286178886756	-4.40432508256	1.53407155554	0.598011996901	-5.21874110366	2.17312442736	111
9	0.5	0.25	0.0	-0.353486499604	-4.14657765808	1.61190665036	-0.231631549853	-5.08788407269	2.2805341683	112
9	0.5	0.5	0.0	-0.924419494294	-3.63584486118	1.53010217146	-1.02389756106	-4.65960606424	2.27954156586	113
9	0.5	0.75	0.0	-1.54566366695	-2.98140352262	1.31730916179	-1.73877743931	-4.09227214301	2.21927738048	114
9	0.5	1.0	0.0	-2.3362625872	-2.29253047317	1.00217866428	-2.3362625872	-3.54424737372	2.1488723726	115
9	0.75	0.0	0.0	0.127139592175	-3.51337982411	2.32999245392	0.448605522289	-4.34386321015	3.36060432416	116
9	0.75	0.25	0.0	-0.476816034836	-3.25368768922	2.42979471041	-0.333923776817	-4.16167405323	3.47581159467	117
9	0.75	0.5	0.0	-1.0022233664	-2.78436845982	2.2812206885	-1.05028137877	-3.72534115323	3.45540043501	118
9	0.75	0.75	0.0	-1.57167414208	-2.20188705502	1.94027106084	-1.70628693613	-3.1825776478	3.34827799798	119
9	0.75	1.0	0.0	-2.30776010146	-1.60270839394	1.46294650005	-2.30776010146	-2.68109667461	3.20335143639	120
9	1.0	0.0	0.0	-0.000191555	-2.634680536	2.675192879	0.312570815551	-3.37914855579	4.07726467653	121
9	1.0	0.25	0.0	-0.575070780614	-2.41004611187	2.75910593576	-0.441674891754	-3.19772763083	4.16827937571	122
9	1.0	0.5	0.0	-1.06509922801	-2.01244880674	2.62810173512	-1.08890980993	-2.79972723219	4.14829186062	123
9	1.0	0.75	0.0	-1.5942534479	-1.53110218474	2.23986909392	-1.68517461701	-2.31960656099	3.97425924847	124
9	1.0	1.0	0.0	-2.286509991	-1.05521981	1.552096829	-2.286509991	-1.89182481839	3.60313865646	125
10	0.0	0.0	0.0	-0.000191555	-2.634680536	2.675192879	0.312570815551	-3.37914855579	4.07726467653	126
10	0.0	0.25	0.0	-0.575070780614	-2.41004611187	2.75910593576	-0.441674891754	-3.19772763083	4.16827937571	127
10	0.0	0.5	0.0	-1.06509922801	-2.01244880674	2.62810173512	-1.08890980993	-2.79972723219	4.14829186062	128
10	0.0	0.75	0.0	-1.5942534479	-1.53110218474	2.23986909392	-1.68517461701	-2.31960656099	3.97425924847	129
10	0.0	1.0	0.0	-2.286509991	-1.05521981	1.552096829	-2.286509991	-1.89182481839	3.60313865646	130
10	0.25	0.0	0.0	-0.0574507954283	-1.86391493442	2.56321441554	0.225214276986	-2.42775465843	4.21103877156	131
10	0.25	0.25	0.0	-0.607348851196	-1.72003013818	2.57733115865	-0.499579202206	-2.30580222126	4.24428608936	132
10	0.25	0.5	0.0	-1.09119772622	-1.46526600659	2.45149571541	-1.11734495029	-2.06028513884	4.17905875458	133
10	0.25	0.75	0.0	-1.61351391241	-1.14876690358	2.10608636913	-1.68983812939	-1.7754907687	3.96575006947	134
10	0.25	1.0	0.0	-2.27881390164	-0.819677193104	1.46148140316	-2.27881390164	-1.53570646837	3.55475333628	135
10	0.5	0.0	0.0	-0.0682381252483	-0.96836285107	2.23979177139	0.16912335269	-1.3134974154	4.04650398294	136
10	0.5	0.25	0.0	-0.590001913746	-0.896969720574	2.18897549214	-0.50134932817	-1.22880013718	4.05124547306	137
10	0.5	0.5	0.0	-1.09585226977	-0.785174188239	2.02988622295	-1.11345262927	-1.12701250812	3.94571431196	138
10	0.5	0.75	0.0	-1.63838496522	-0.653026974524	1.75138454598	-1.69409772056	-1.06992566719	3.7494315842	139
10	0.5	1.0	0.0	-2.27019577197	-0.52057879989	1.34233104339	-2.27019577197	-1.11933075336	3.48191837432	140
10	0.75	0.0	0.0	-0.0469786501942	-0.124030245935	1.7686479258	0.15717054263	-0.300601013292	3.65417187061	141
10	0.75	0.25	0.0	-0.550032371183	-0.119899504471	1.68968274922	-0.468782694691	-0.255746149605	3.66272561591	142
10	0.75	0.5	0.0	-1.09046768016	-0.132791797987	1.5131463036	-1.09673366712	-0.265147139659	3.55801026582	143
10	0.75	0.75	0.0	-1.66319187625	-0.163387446739	1.3132799608	-1.70280323497	-0.389328036825	3.42938595442	144
10	0.75	1.0	0.0	-2.26311225857	-0.212366770981	1.16432509268	-2.26311225857	-0.688812894474	3.36621281577	145
10	1.0	0.0	0.0	-0.008097476	0.493076921	1.213505858	0.202228346775	0.346710361302	3.10455399451	146
10	1.0	0.25	0.0	-0.514442626422	0.432145864701	1.1750967429	-0.423676726814	0.32433497042	3.15229460704	147
10	1.0	0.5	0.0	-1.08644877889	0.33126271787	1.05114900323	-1.08668888408	0.26007316691	3.12569834923	148
10	1.0	0.75	0.0	-1.68225991542	0.200646630605	0.929288949943	-1.72080451712	0.0798853420606	3.10969534188	149
10	1.0	1.0	0.0	-2.260020018	0.050516753	0.897142894	-2.260020018	-0.290268112838	3.18921570583	150
13	0.0	0.0	0.0	-0.008097476	0.493076921	1.213505858	0.202228346775	0.346710361302	3.10455399451	151
13	0.0	0.25	0.0	-0.514442626422	0.432145864701	1.1750967429	-0.423676726814	0.32433497042	3.15229460704	152
13	0.0	0.5	0.0	-1.08644877889	0.33126271787	1.05114900323	-1.08668888408	0.26007316691	3.12569834923	153
13	0.0	0.75	0.0	-1.68225991542	0.200646630605	0.929288949943	-1.72080451712	0.0798853420606	3.10969534188	154
13	0.0	1.0	0.0	-2.260020018	0.050516753	0.897142894	-2.260020018	-0.290268112838	3.18921570583	155
13	0.25	0.0	0.0	-0.000849520485863	0.723059511324	0.992035379195	0.228517111695	0.565149223763	2.86549932115	156
13	0.25	0.25	0.0	-0.517725503705	0.66729353866	0.958191408795	-0.40579335186	0.536102727725	2.92059313777	157
13	0.25	0.5	0.0	-1.0964900301	0.56921150835	0.831026857539	-1.0828106464	0.485281202428	2.90611011262	158
13	0.25	0.75	0.0	-1.69344585233	0.437018924282	0.690882035687	-1.72751727059	0.347144073268	2.89554103046	159
13	0.25	1.0	0.0	-2.26489572308	0.278921290345	0.618097253494	-2.26489572308	0.0561507656437	2.96237667607	160
13	0.5	0.0	0.0	-0.00237651942327	1.02113629983	0.767623201725	0.24375591155	0.874798395538	2.60416073916	161
13	0.5	0.25	0.0	-0.530554918081	0.978919296682	0.731497776095	-0.383162337036	0.842059933905	2.67894148155	162
13	0.5	0.5	0.0	-1.10591468648	0.857214786384	0.615531064084	-1.05352340532	0.754683953917	2.69609415111	163
13	0.5	0.75	0.0	-1.69753137445	0.692808241014	0.4828854921	-1.70480392601	0.601768230204	2.69868111973	164
13	0.5	1.0	0.0	-2.27448053184	0.522485132654	0.396723486555	-2.27448053184	0.372410537393	2.72976475925	165
13	0.75	0.0	0.0	0.00116246085095	1.30514861866	0.545623926393	0.241002589994	1.18507292111	2.31682975643	166
13	0.75	0.25	0.0	-0.541156882816	1.27970641888	0.507501942151	-0.371790655954	1.15160744763	2.42038134642	167
13	0.75	0.5	0.0	-1.11480209374	1.14008833744	0.410476816323	-1.02438963902	1.02374583408	2.48715141003	168
13	0.75	0.75	0.0	-1.70085566682	0.948498988664	0.298830180704	-1.67464317931	0.8418128909	2.52431065919	169
13	0.75	1.0	0.0	-2.28040009694	0.767142986886	0.216843667088	-2.28040009694	0.646133428549	2.53902980582	170
13	1.0	0.0	0.0	0.023608354	1.4929378	0.331392154	0.213314990682	1.40538784494	1.99979788083	171
13	1.0	0.25	0.0	-0.537757411174	1.48233818538	0.298690004312	-0.387685282224	1.37414612758	2.13795444045	172
13	1.0	0.5	0.0	-1.12323159763	1.36264794698	0.221679307721	-1.02097182569	1.24793125561	2.27078283469	173
13	1.0	0.75	0.0	-1.70975791451	1.1845755751	0.132246963019	-1.65901372639	1.06533313339	2.37762469836	174
13	1.0	1.0	0.0	-2.274280071	0.99882956	0.062279869	-2.274280071	0.86494166525	2.43782166625	175
14	0.0	0.0	0.0	0.023608354	1.4929378	0.331392154	0.213314990682	1.40538784494	1.99979788083	176
14	0.0	0.25	0.0	-0.537757411174	1.48233818538	0.298690004312	-0.387685282224	1.37414612758	2.13795444045	177
14	0.0	0.5	0.0	-1.12323159763	1.36264794698	0.221679307721	-1.02097182569	1.24793125561	2.27078283469	178
14	0.0	0.75	0.0	-1.70975791451	1.1845755751	0.132246963019	-1.65901372639	1.06533313339	2.37762469836	179
14	0.0	1.0	0.0	-2.274280071	0.99882956	0.062279869	-2.274280071	0.86494166525	2.43782166625	180
14	0.25	0.0	0.0	0.0493440763559	1.60438353181	0.12766887834	0.190785370609	1.52880679811	1.67026395166	181
14	0.25	0.25	0.0	-0.521593497109	1.64312207741	0.089538732114	-0.401735494458	1.53429520074	1.80008548721	182
14	0.25	0.5	0.0	-1.1160105661	1.61961970991	0.00289848971748	-1.0122003175	1.48990640403	1.94838357574	183
14	0.25	0.75	0.0	-1.69599051521	1.53738047623	-0.0921114124813	-1.6247728214	1.38197670146	2.09806519282	184
14	0.25	1.0	0.0	-2.22361672901	1.39990842329	-0.155350538115	-2.22361672901	1.19684238654	2.23203731401	185
14	0.5	0.0	0.0	0.0729177059497	1.73938548006	-0.129624691994	0.18386262738	1.65811512653	1.25046335268	186
14	0.5	0.25	0.0	-0.490191597309	1.83726299424	-0.168003962675	-0.397787013457	1.70105424476	1.34556217278	187
14	0.5	0.5	0.0	-1.07107974075	1.89975223074	-0.2437699675	-0.977949145141	1.72088468213	1.48598811377	188
14	0.5	0.75	0.0	-1.63306331986	1.91611941906	-0.321523263645	-1.55803577993	1.69002025334	1.64869890615	189
14	0.5	1.0	0.0	-2.1394589301	1.87563078868	-0.365864408284	-2.1394589301	1.58087477312	1.81065228038	190
14	0.75	0.0	0.0	0.0974490375687	1.85595072403	-0.387028720832	0.186344346234	1.76408344201	0.831163939233	191
14	0.75	0.25	0.0	-0.45308446777	2.01052970625	-0.425512015405	-0.384996447954	1.84060195858	0.884088781355	192
14	0.75	0.5	0.0	-1.01403657278	2.15548616073	-0.488516995905	-0.940628024014	1.91777790277	0.989898276284	193
14	0.75	0.75	0.0	-1.55748605616	2.27159301848	-0.548258067363	-1.49323742567	1.96527011904	1.12924360586	194
14	0.75	1.0	0.0	-2.05551169664	2.33962321049	-0.576949634812	-2.05551169664	1.95273745186	1.28277595193	195
14	1.0	0.0	0.0	0.126057866	1.912086343	-0.591083372	0.19202811241	1.81748235632	0.503133566694	196
14	1.0	0.25	0.0	-0.419804864485	2.10869098381	-0.634559361427	-0.37252040668	1.91911704114	0.525369597146	197
14	1.0	0.5	0.0	-0.970478513362	2.33926215114	-0.701533527468	-0.92264666952	2.0574978788	0.566415890768	198
14	1.0	0.75	0.0	-1.50576845181	2.5546018894	-0.764585300524	-1.46481258225	2.18353262856	0.63941705949	199
14	1.0	1.0	0.0	-2.005480051	2.705512243	-0.796294111	-2.005480051	2.24812904966	0.757517715239	200
17	0.0	0.0	0.0	5.000454791	0.97343569	-0.762336154	5.05820727646	1.44710968468	0.444870420369	201
17	0.0	0.25	0.0	4.38187327285	1.05804355658	-0.884727186591	4.55231750763	1.54438049607	0.439894562668	202
17	0.0	0.5	0.0	3.75800567142	1.2326896991	-0.857134726434	3.98469614958	1.66042169778	0.48279291852	203
17	0.0	0.75	0.0	3.15533494978	1.41760082207	-0.768045936811	3.38408615261	1.75599226574	0.534229333182	204
17	0.0	1.0	0.0	2.600344071	1.53300363	-0.705947981	2.77923046699	1.79185117589	0.554867651911	205
17	0.25	0.0	0.0	5.01724065988	1.14346697635	-0.883098761455	5.06831271091	1.62309283376	0.267958778221	206
17	0.25	0.25	0.0	4.39329902683	1.23221182841	-1.00922619503	4.55734431835	1.72499286188	0.246161724135	207
17	0.25	0.5	0.0	3.77154414469	1.38723767375	-0.991240840468	3.98399459099	1.80947180253	0.27618526112	208
17	0.25	0.75	0.0	3.17419153692	1.53946232914	-0.916061616944	3.38072964816	1.86288007674	0.314108976646	209
17	0.25	1.0	0.0	2.623456727	1.61980361139	-0.870607443646	2.78001560916	1.87156810553	0.316012458185	210
17	0.5	0.0	0.0	5.01182362881	1.35588382825	-0.979857880076	5.05453896862	1.83845730381	0.0471624397507	211
17	0.5	0.25	0.0	4.39165731448	1.44525827929	-1.10265299198	4.52853198497	1.93384174605	0.0141337317502	212
17	0.5	0.5	0.0	3.7718261669	1.57783900105	-1.11219518283	3.94827122464	1.98278660114	0.0406443001511	213
17	0.5	0.75	0.0	3.17970849027	1.68954948844	-1.0802943453	3.35336456384	1.99121052592	0.0688269822431	214
17	0.5	1.0	0.0	2.64268258883	1.71631323636	-1.07876037205	2.78341987879	1.96503217725	0.040814615316	215
17	0.75	0.0	0.0	4.99544059533	1.53493533177	-1.07357901966	5.03295017608	2.0105679477	-0.19060923281	216
17	0.75	0.25	0.0	4.38527173616	1.63037594226	-1.18660259704	4.4934737406	2.10404854769	-0.230464379049	217
17	0.75	0.5	0.0	3.76933693641	1.7489314335	-1.22368846188	3.91185258303	2.13509584684	-0.198918389883	218
17	0.75	0.75	0.0	3.18045914823	1.82999845854	-1.23908225467	3.32848288708	2.1158906868	-0.170836419786	219
17	0.75	1.0	0.0	2.65146132375	1.8129736704	-1.28702961593	2.78376083642	2.0586139092	-0.221083623233	220
17	1.0	0.0	0.0	4.979328457	1.604870573	-1.18522769	5.01961045978	2.05678961831	-0.41844687723	221
17	1.0	0.25	0.0	4.38246589224	1.72075785038	-1.28267002981	4.47976281832	2.16873466588	-0.461907572823	222
17	1.0	0.5	0.0	3.77456165159	1.84495272358	-1.32941138594	3.90906519867	2.22112929288	-0.417591234477	223
17	1.0	0.75	0.0	3.18501684914	1.92294539799	-1.37076347786	3.33257660528	2.2118276329	-0.374100999199	224
17	1.0	1.0	0.0	2.643232599	1.900226079	-1.452038025	2.77535604259	2.13868381952	-0.420040003997	225
18	0.0	0.0	0.0	2.600344071	1.53300363	-0.705947981	2.77923046699	1.79185117589	0.554867651911	226
18	0.0	0.25	0.0	2.02879594567	1.5892076497	-0.672542796262	2.15523111635	1.77808000322	0.538787396732	227
18	0.0	0.5	0.0	1.3952563047	1.6601127508	-0.62650862338	1.50035527042	1.7643806398	0.515592406377	228
18	0.0	0.75	0.0	0.74568899564	1.76223396975	-0.591477977058	0.838116434132	1.77082433953	0.499101517485	229
18	0.0	1.0	0.0	0.126057866	1.912086343	-0.591083372	0.19202811241	1.81748235632	0.503133566694	230
18	0.25	0.0	0.0	2.623456727	1.61980361139	-0.870607443646	2.78001560916	1.87156810553	0.316012458185	231
18	0.25	0.25	0.0	2.05666226349	1.63682486943	-0.858330098614	2.16165144668	1.83918319751	0.26738701033	232
18	0.25	0.5	0.0	1.43315314775	1.66440397365	-0.836292556411	1.51286425145	1.79770857465	0.202684485179	233
18	0.25	0.75	0.0	0.793897974485	1.73023973832	-0.822890878952	0.861875615746	1.77488536751	0.149139390068	234
18	0.25	1.0	0.0	0.179865338417	1.86203097766	-0.836521128149	0.236907131821	1.79845470662	0.133986232333	235
18	0.5	0.0	0.0	2.64268258883	1.71631323636	-1.07876037205	2.78341987879	1.96503217725	0.040814615316	236
18	0.5	0.25	0.0	2.08891053589	1.6614009505	-1.10231970579	2.19689431767	1.89501080065	-0.043777555162	237
18	0.5	0.5	0.0	1.47514153929	1.60961643775	-1.1079984203	1.56798560193	1.80071140192	-0.134496471616	238
18	0.5	0.75	0.0	0.845022594797	1.61383784235	-1.11534656967	0.93246832057	1.72771715906	-0.219726767295	239
18	0.5	1.0	0.0	0.242200698184	1.72694330858	-1.14391420796	0.326117062554	1.72161125011	-0.287853075449	240
18	0.75	0.0	0.0	2.65146132375	1.8129736704	-1.28702961593	2.78376083642	2.0586139092	-0.221083623233	241
18	0.75	0.25	0.0	2.10542293574	1.69000345439	-1.35384964885	2.22683722949	1.94408137918	-0.33347628111	242
18	0.75	0.5	0.0	1.49947841065	1.55436383791	-1.39551649158	1.62656024129	1.79137286136	-0.44135083993	243
18	0.75	0.75	0.0	0.877592431769	1.48836797213	-1.42882994482	1.01173315155	1.66330875035	-0.554628428925	244
18	0.75	1.0	0.0	0.283729682359	1.57432900821	-1.47058980929	0.41115924	1.62270944075	-0.68323017733	245
18	1.0	0.0	0.0	2.643232599	1.900226079	-1.452038025	2.77535604259	2.13868381952	-0.420040003997	246
18	1.0	0.25	0.0	2.08608163587	1.74969994252	-1.56225795887	2.21735768231	1.98491349964	-0.540479148879	247
18	1.0	0.5	0.0	1.48442069314	1.55725986896	-1.65273704676	1.64942908895	1.78767669276	-0.663278995686	248
18	1.0	0.75	0.0	0.870137060595	1.42916981793	-1.72332590002	1.06150871166	1.6156491775	-0.802697069146	249
18	1.0	1.0	0.0	0.275118028	1.471693749	-1.77387513	0.443534999548	1.53750673249	-0.97299089399	250
19	0.0	0.0	0.0	4.979328457	1.604870573	-1.18522769	5.01961045978	2.05678961831	-0.41844687723	251
19	0.0	0.25	0.0	4.38246589224	1.72075785038	-1.28267002981	4.47976281832	2.16873466588	-0.461907572823	252
19	0.0	0.5	0.0	3.77456165159	1.84495272358	-1.32941138594	3.90906519867	2.22112929288	-0.417591234477	253
19	0.0	0.75	0.0	3.18501684914	1.92294539799	-1.37076347786	3.33257660528	2.2118276329	-0.374100999199	254
19	0.0	1.0	0.0	2.643232599	1.900226079	-1.452038025	2.77535604259	2.13868381952	-0.420040003997	255
19	0.25	0.0	0.0	4.94929462981	1.53782677144	-1.25680765885	5.01884784647	1.96901691575	-0.604250198078	256
19	0.25	0.25	0.0	4.3656821412	1.67971530756	-1.36109397927	4.48583574492	2.11247404804	-0.653537002966	257
19	0.25	0.5	0.0	3.77029704367	1.83620441297	-1.42114963509	3.92199675732	2.21608461017	-0.597513551618	258
19	0.25	0.75	0.0	3.18537500397	1.94804233583	-1.47816308204	3.34247898115	2.25495925574	-0.537876580232	259
19	0.25	1.0	0.0	2.63315168885	1.95597732426	-1.57332277582	2.7624305139	2.20420863833	-0.576322825003	260
19	0.5	0.0	0.0	4.8919232371	1.38950924493	-1.2897225215	5.02131244582	1.80989407526	-0.805918133129	261
19	0.5	0.25	0.0	4.32418276357	1.55960165591	-1.43015572943	4.4941355806	1.99117002888	-0.869743506799	262
19	0.5	0.5	0.0	3.74753384143	1.7712306255	-1.53071877139	3.92769909315	2.1646964783	-0.812474563682	263
19	0.5	0.75	0.0	3.17693590279	1.94463988425	-1.62126344334	3.339414518	2.2785676537	-0.749677946458	264
19	0.5	1.0	0.0	2.62734837971	2.00007316272	-1.73164154124	2.74669338969	2.28087778526	-0.796920297811	265
19	0.75	0.0	0.0	4.82779164358	1.21611860495	-1.30874732065	5.02513189915	1.63249964736	-0.988565928424	266
19	0.75	0.25	0.0	4.27412838354	1.41171756726	-1.49185805157	4.50156116621	1.84800774831	-1.07060281495	267
19	0.75	0.5	0.0	3.71775328338	1.67938055614	-1.64030258452	3.92930060424	2.0891363805	-1.02201085934	268
19	0.75	0.75	0.0	3.16511582886	1.91508231089	-1.76828422426	3.3316293214	2.27721281903	-0.966332756817	269
19	0.75	1.0	0.0	2.62266550571	2.01479757083	-1.89000627554	2.73182642586	2.33356433898	-1.02711120262	270
19	1.0	0.0	0.0	4.777477214	1.073855463	-1.338657099	5.02843384775	1.48991218255	-1.11730883001	271
19	1.0	0.25	0.0	4.23167962532	1.28736371344	-1.54820371699	4.50501134258	1.72617234623	-1.21619065806	272
19	1.0	0.5	0.0	3.692436608	1.5900033999	-1.73208486421	3.92992968868	2.01157580004	-1.18565902727	273
19	1.0	0.75	0.0	3.15533106543	1.86171388341	-1.88744508733	3.32736949695	2.24545474399	-1.14466867025	274
19	1.0	1.0	0.0	2.615945901	1.982434525	-2.011428933	2.72151137829	2.32714137814	-1.21217431962	275
20	0.0	0.0	0.0	2.643232599	1.900226079	-1.452038025	2.77535604259	2.13868381952	-0.420040003997	276
20	0.0	0.25	0.0	2.08608163587	1.74969994252	-1.56225795887	2.21735768231	1.98491349964	-0.540479148879	277
20	0.0	0.5	0.0	1.48442069314	1.55725986896	-1.65273704676	1.64942908895	1.78767669276	-0.663278995686	278
20	0.0	0.75	0.0	0.870137060595	1.42916981793	-1.72332590002	1.06150871166	1.6156491775	-0.802697069146	279
20	0.0	1.0	0.0	0.275118028	1.471693749	-1.77387513	0.443534999548	1.53750673249	-0.97299089399	280
20	0.25	0.0	0.0	2.63315168885	1.95597732426	-1.57332277582	2.7624305139	2.20420863833	-0.576322825003	281
20	0.25	0.25	0.0	2.06133216783	1.82919940602	-1.70903321489	2.18193562789	2.05301799894	-0.709575468479	282
20	0.25	0.5	0.0	1.45479210853	1.64473845221	-1.83853878712	1.61156666631	1.85267880769	-0.858666724655	283
20	0.25	0.75	0.0	0.84109513146	1.49901689046	-1.94149841201	1.02730993377	1.66154950859	-1.02333956674	284
20	0.25	1.0	0.0	0.247804857106	1.48845714839	-1.99757100902	0.405151734879	1.53798854563	-1.20333696792	285
20	0.5	0.0	0.0	2.62734837971	2.00007316272	-1.73164154124	2.74669338969	2.28087778526	-0.796920297811	286
20	0.5	0.25	0.0	2.04544677981	1.92023254176	-1.88430714405	2.14004150705	2.16349644255	-0.962378914663	287
20	0.5	0.5	0.0	1.42676088827	1.78228983017	-2.04708888805	1.53556942699	1.9835976704	-1.1541807469	288
20	0.5	0.75	0.0	0.808576480634	1.6453166783	-2.18032641954	0.932889844598	1.78047875848	-1.35124729279	289
20	0.5	1.0	0.0	0.228179332454	1.56838473646	-2.24435938485	0.331615454969	1.59343699646	-1.53250005059	290
20	0.75	0.0	0.0	2.62266550571	2.01479757083	-1.89000627554	2.73182642586	2.33356433898	-1.02711120262	291
20	0.75	0.25	0.0	2.03327314868	1.97898193524	-2.0513830865	2.10381216564	2.25165702328	-1.22480743724	292
20	0.75	0.5	0.0	1.4025656423	1.89078543279	-2.24227091345	1.46338318847	2.09426892625	-1.45967138109	293
20	0.75	0.75	0.0	0.780076145789	1.76994219254	-2.40454946062	0.840059879663	1.88328582178	-1.69020761247	294
20	0.75	1.0	0.0	0.215337818324	1.63618634356	-2.48009843225	0.263362624519	1.6405934838	-1.87492070972	295
20	1.0	0.0	0.0	2.615945901	1.982434525	-2.011428933	2.72151137829	2.32714137814	-1.21217431962	296
20	1.0	0.25	0.0	2.01965895126	1.96163017196	-2.17356438238	2.08538444951	2.25280793396	-1.42277898602	297
20	1.0	0.5	0.0	1.38444498058	1.89109669001	-2.38796842726	1.43695376824	2.09852822062	-1.68498894587	298
20	1.0	0.75	0.0	0.763089164601	1.7747664443	-2.57890707325	0.81063147448	1.88081959313	-1.94400789095	299
20	1.0	1.0	0.0	0.208376679	1.6165718	-2.670646326	0.240829708232	1.61619940649	-2.14503951306	300
25	0.0	0.0	0.0	4.777477214	1.073855463	-1.338657099	5.02843384775	1.48991218255	-1.11730883001	301
25	0.0	0.25	0.0	4.23167962532	1.28736371344	-1.54820371699	4.50501134258	1.72617234623	-1.21619065806	302
25	0.0	0.5	0.0	3.692436608	1.5900033999	-1.73208486421	3.92992968868	2.01157580004	-1.18565902727	303
25	0.0	0.75	0.0	3.15533106543	1.86171388341	-1.88744508733	3.32736949695	2.24545474399	-1.14466867025	304
25	0.0	1.0	0.0	2.615945901	1.982434525	-2.011428933	2.72151137829	2.32714137814	-1.21217431962	305
25	0.25	0.0	0.0	4.65409095904	0.576600934292	-1.55013456328	5.00986670063	0.962221678572	-1.50784043841	306
25	0.25	0.25	0.0	4.1371558858	0.768250652886	-1.79469587316	4.5002209776	1.16388870838	-1.69481509685	307
25	0.25	0.5	0.0	3.63590871584	1.03997776324	-2.06545818223	3.93317172873	1.43926172212	-1.81800649752	308
25	0.25	0.75	0.0	3.1239655727	1.27777558438	-2.28568386821	3.33253454539	1.66067761806	-1.90238365246	309
25	0.25	1.0	0.0	2.57494257994	1.36763743533	-2.3786353088	2.72212501894	1.70047329445	-1.97291557369	310
25	0.5	0.0	0.0	4.56812675016	-0.0198444808827	-1.79213216298	4.9711876691	0.287526637999	-1.89677369744	311
25	0.5	0.25	0.0	4.09384281141	0.0798458661332	-2.00588063061	4.49770667962	0.371006803753	-2.12745702472	312
25	0.5	0.5	0.0	3.60360026297	0.245190209899	-2.24410202345	3.94396240727	0.52457855835	-2.31748373705	313
25	0.5	0.75	0.0	3.09395046074	0.391224662067	-2.42540791521	3.3607521223	0.646116604332	-2.44571842186	314
25	0.5	1.0	0.0	2.56144476058	0.43298533429	-2.46840987962	2.79887309496	0.633495644236	-2.49102566657	315
25	0.75	0.0	0.0	4.52285293996	-0.622193912616	-1.98078476894	4.96593085786	-0.415803767016	-2.15373174188	316
25	0.75	0.25	0.0	4.08427061988	-0.63700681881	-2.13789689135	4.52760982719	-0.461787247842	-2.38774606154	317
25	0.75	0.5	0.0	3.59261532047	-0.605426618363	-2.29569799803	3.99356434454	-0.459525729894	-2.58614267123	318
25	0.75	0.75	0.0	3.08024835055	-0.572515538237	-2.40445271915	3.43921489166	-0.46226783125	-2.71720354197	319
25	0.75	1.0	0.0	2.57953101893	-0.583335805396	-2.41442568488	2.93998195031	-0.523262169989	-2.74921064476	320
25	1.0	0.0	0.0	4.521537881	-1.137160491	-2.032227252	5.04763037159	-1.02940036432	-2.14833770652	321
25	1.0	0.25	0.0	4.09096952897	-1.24146357394	-2.14688355734	4.62007179888	-1.1438073266	-2.34931182721	322
25	1.0	0.5	0.0	3.6000579594	-1.32294007979	-2.2479277161	4.1132401608	-1.24010318122	-2.52603522546	323
25	1.0	0.75	0.0	3.09782186312	-1.38802167125	-2.32065377081	3.59511551746	-1.32851522274	-2.65936957628	324
25	1.0	1.0	0.0	2.633279931	-1.443140011	-2.350355764	3.13367792894	-1.41927074573	-2.73017655472	325
26	0.0	0.0	0.0	2.615945901	1.982434525	-2.011428933	2.72151137829	2.32714137814	-1.21217431962	326
26	0.0	0.25	0.0	2.01965895126	1.96163017196	-2.17356438238	2.08538444951	2.25280793396	-1.42277898602	327
26	0.0	0.5	0.0	1.38444498058	1.89109669001	-2.38796842726	1.43695376824	2.09852822062	-1.68498894587	328
26	0.0	0.75	0.0	0.763089164601	1.7747664443	-2.57890707325	0.81063147448	1.88081959313	-1.94400789095	329
26	0.0	1.0	0.0	0.208376679	1.6165718	-2.670646326	0.240829708232	1.61619940649	-2.14503951306	330
26	0.25	0.0	0.0	2.57494257994	1.36763743533	-2.3786353088	2.72212501894	1.70047329445	-1.97291557369	331
26	0.25	0.25	0.0	1.94932012253	1.31675381961	-2.48531607562	2.08998469411	1.56408606417	-2.11721722767	332
26	0.25	0.5	0.0	1.32444571417	1.22490807253	-2.71836376105	1.47686258648	1.37270891103	-2.35623763576	333
26	0.25	0.75	0.0	0.727940060778	1.10817197922	-2.94381031368	0.872606030794	1.14856115283	-2.60701197049	334
26	0.25	1.0	0.0	0.187423868271	0.982617324758	-3.0276876821	0.267062361829	0.91386210739	-2.78657540441	335
26	0.5	0.0	0.0	2.56144476058	0.43298533429	-2.46840987962	2.79887309496	0.633495644236	-2.49102566657	336
26	0.5	0.25	0.0	1.92766286215	0.342992069683	-2.53780809008	2.18130967003	0.451056236428	-2.58740297669	337
26	0.5	0.5	0.0	1.30353057192	0.202834590194	-2.7641221151	1.55137050446	0.205105635053	-2.81314153554	338
26	0.5	0.75	0.0	0.708917860313	0.0657130219021	-2.969754413	0.912001043289	-0.0509889501429	-3.02624614549	339
26	0.5	1.0	0.0	0.163694697738	-0.0151725091157	-2.97710744212	0.266146731512	-0.263860309415	-3.08472160889	340
26	0.75	0.0	0.0	2.57953101893	-0.583335805396	-2.41442568488	2.93998195031	-0.523262169989	-2.74921064476	341
26	0.75	0.25	0.0	1.95265490446	-0.706139534149	-2.46363453006	2.33364262533	-0.733410966461	-2.81911789648	342
26	0.75	0.5	0.0	1.31841447636	-0.892145133521	-2.64589465434	1.66350826023	-1.0295804951	-3.00563511364	343
26	0.75	0.75	0.0	0.705627624529	-1.05296967134	-2.79581094756	0.968421019741	-1.320553165	-3.15368086815	344
26	0.75	1.0	0.0	0.143112238836	-1.10023021543	-2.74798829958	0.287223068557	-1.51511138527	-3.1081737319	345
26	1.0	0.0	0.0	2.633279931	-1.443140011	-2.350355764	3.13367792894	-1.41927074573	-2.73017655472	346
26	1.0	0.25	0.0	2.02226398383	-1.57712544823	-2.39538949982	2.52126680809	-1.63644496168	-2.79814365046	347
26	1.0	0.5	0.0	1.36581235005	-1.77705247512	-2.48433254369	1.81630659182	-1.9566483672	-2.8836528385	348
26	1.0	0.75	0.0	0.71767441475	-1.9482353442	-2.56105149371	1.08147046793	-2.26285394093	-2.94128659067	349
26	1.0	1.0	0.0	0.131599563	-1.995988308	-2.569412948	0.379431624242	-2.43803466151	-2.92562737882	350
27	0.0	0.0	0.0	4.521537881	-1.137160491	-2.032227252	5.04763037159	-1.02940036432	-2.14833770652	351
27	0.0	0.25	0.0	4.09096952897	-1.24146357394	-2.14688355734	4.62007179888	-1.1438073266	-2.34931182721	352
27	0.0	0.5	0.0	3.6000579594	-1.32294007979	-2.2479277161	4.1132401608	-1.24010318122	-2.52603522546	353
27	0.0	0.75	0.0	3.09782186312	-1.38802167125	-2.32065377081	3.59511551746	-1.32851522274	-2.65936957628	354
27	0.0	1.0	0.0	2.633279931	-1.443140011	-2.350355764	3.13367792894	-1.41927074573	-2.73017655472	355
27	0.25	0.0	0.0	4.589420211	-1.55932564587	-1.85882654078	5.17414728022	-1.52070701094	-1.75646657921	356
27	0.25	0.25	0.0	4.1401295425	-1.77441194335	-1.96025011958	4.74157733265	-1.7177408066	-1.91272434841	357
27	0.25	0.5	0.0	3.64029822498	-1.99391731754	-2.04468634922	4.25204184036	-1.93606627149	-2.05985842253	358
27	0.25	0.75	0.0	3.13104639418	-2.16483923394	-2.11021616882	3.74501411241	-2.12634577606	-2.19691748276	359
27	0.25	1.0	0.0	2.65349418585	-2.23417515805	-2.15492051755	3.25996745781	-2.23924169077	-2.32295021033	360
27	0.5	0.0	0.0	4.71027252227	-1.99043621155	-1.49313721622	5.28973493978	-1.99448545434	-1.04684786232	361
27	0.5	0.25	0.0	4.2327058331	-2.35654908907	-1.58620548934	4.85186820912	-2.33712562326	-1.16027808615	362
27	0.5	0.5	0.0	3.70643660031	-2.73642708655	-1.65501504243	4.35274526461	-2.73346963858	-1.28058386479	363
27	0.5	0.75	0.0	3.15785041339	-3.01701506518	-1.69265111622	3.81503306179	-3.06725760559	-1.41132593758	364
27	0.5	1.0	0.0	2.61333286182	-3.08525788617	-1.69219895147	3.2613985562	-3.22222962956	-1.55606504388	365
27	0.75	0.0	0.0	4.81620456265	-2.31666047846	-1.0501578333	5.36861049077	-2.32035612706	-0.252533466631	366
27	0.75	0.25	0.0	4.31130252579	-2.80536990627	-1.12095938608	4.93074370731	-2.79652219058	-0.313312669261	367
27	0.75	0.5	0.0	3.76408997469	-3.31106551522	-1.15638083562	4.41629662428	-3.35403495559	-0.393760676605	368
27	0.75	0.75	0.0	3.18401462181	-3.69562173485	-1.14461714521	3.84094155031	-3.83968005883	-0.495769026496	369
27	0.75	1.0	0.0	2.58052417963	-3.8209129947	-1.07386327815	3.22035079402	-4.10024313705	-0.621229256768	370
27	1.0	0.0	0.0	4.83932608	-2.424166737	-0.644886947	5.38499107371	-2.36793946167	0.393424697044	371
27	1.0	0.25	0.0	4.31852374561	-2.93836929013	-0.660721529262	4.95800310623	-2.8904909226	0.406832273434	372
27	1.0	0.5	0.0	3.77887523739	-3.47842873197	-0.626250768656	4.4436421101	-3.51948389559	0.395062017657	373
27	1.0	0.75	0.0	3.21531972048	-3.95173181283	-0.542772787972	3.85850876264	-4.13204248326	0.35657916472	374
27	1.0	1.0	0.0	2.62279636	-4.265665283	-0.41158571	3.21920374118	-4.60529078819	0.289848949629	375
28	0.0	0.0	0.0	2.633279931	-1.443140011	-2.350355764	3.13367792894	-1.41927074573	-2.73017655472	376
28	0.0	0.25	0.0	2.02226398383	-1.57712544823	-2.39538949982	2.52126680809	-1.63644496168	-2.79814365046	377
28	0.0	0.5	0.0	1.36581235005	-1.77705247512	-2.48433254369	1.81630659182	-1.9566483672	-2.8836528385	378
28	0.0	0.75	0.0	0.71767441475	-1.9482353442	-2.56105149371	1.08147046793	-2.26285394093	-2.94128659067	379
28	0.0	1.0	0.0	0.131599563	-1.995988308	-2.569412948	0.379431624242	-2.43803466151	-2.92562737882	380
28	0.25	0.0	0.0	2.65349418585	-2.23417515805	-2.15492051755	3.25996745781	-2.23924169077	-2.32295021033	381
28	0.25	0.25	0.0	2.06950967099	-2.33453517819	-2.18184333548	2.6445129967	-2.42288837683	-2.40546175985	382
28	0.25	0.5	0.0	1.42458455131	-2.51611442753	-2.17788007163	1.93975152452	-2.71866338131	-2.41095019974	383
28	0.25	0.75	0.0	0.782838444531	-2.68213732895	-2.18744884889	1.21004965269	-3.00442858025	-2.40857184218	384
28	0.25	1.0	0.0	0.208390968375	-2.7358283053	-2.2549677902	0.519773992632	-3.15804584967	-2.4674829993	385
28	0.5	0.0	0.0	2.61333286182	-3.08525788617	-1.69219895147	3.2613985562	-3.22222962956	-1.55606504388	386
28	0.5	0.25	0.0	2.06569462548	-3.13848894909	-1.67453156079	2.66474655343	-3.3587739645	-1.65519973598	387
28	0.5	0.5	0.0	1.47795819258	-3.30137802736	-1.62635959609	1.98803614852	-3.60503867106	-1.67762553291	388
28	0.5	0.75	0.0	0.898703832753	-3.45834844999	-1.59031392641	1.29293262027	-3.85108031571	-1.68360416584	389
28	0.5	1.0	0.0	0.376511815652	-3.493823546	-1.60902542076	0.641101247495	-3.98695546492	-1.73339736597	390
28	0.75	0.0	0.0	2.58052417963	-3.8209129947	-1.07386327815	3.22035079402	-4.10024313705	-0.621229256768	391
28	0.75	0.25	0.0	2.06635556099	-3.88059155017	-1.00969012615	2.64827032122	-4.24474015889	-0.731933311904	392
28	0.75	0.5	0.0	1.52929530022	-4.04492745494	-0.950959861483	2.00127772994	-4.46460525059	-0.820685668303	393
28	0.75	0.75	0.0	1.00460092677	-4.19461957484	-0.896766741098	1.34061701401	-4.67915826678	-0.877841590828	394
28	0.75	1.0	0.0	0.527529970103	-4.21036677569	-0.846205021941	0.727532167306	-4.80771906211	-0.893756344342	395
28	1.0	0.0	0.0	2.62279636	-4.265665283	-0.41158571	3.21920374118	-4.60529078819	0.289848949629	396
28	1.0	0.25	0.0	2.12702919119	-4.45244777067	-0.323554981975	2.66138714298	-4.88142539423	0.179761779333	397
28	1.0	0.5	0.0	1.58195790059	-4.65884689063	-0.272869612178	2.01959353488	-5.14619413404	0.0228625637443	398
28	1.0	0.75	0.0	1.03986007395	-4.80870157103	-0.233927307791	1.36360047727	-5.36501155291	-0.102742146293	399
28	1.0	1.0	0.0	0.553013297	-4.82585074	-0.181125776	0.763185530544	-5.5032921961	-0.118945799934	400
33	0.0	0.0	0.0	4.83932608	-2.424166737	-0.644886947	5.38499107371	-2.36793946167	0.393424697044	401
33	0.0	0.25	0.0	4.31852374561	-2.93836929013	-0.660721529262	4.95800310623	-2.8904909226	0.406832273434	402
33	0.0	0.5	0.0	3.77887523739	-3.47842873197	-0.626250768656	4.4436421101	-3.51948389559	0.395062017657	403
33	0.0	0.75	0.0	3.21531972048	-3.95173181283	-0.542772787972	3.85850876264	-4.13204248326	0.35657916472	404
33	0.0	1.0	0.0	2.62279636	-4.265665283	-0.41158571	3.21920374118	-4.60529078819	0.289848949629	405
33	0.25	0.0	0.0	4.75519974688	-2.29470575198	-0.346409634817	5.30313800236	-2.2002655866	0.815425167463	406
33	0.25	0.25	0.0	4.22701476972	-2.7574081478	-0.307003694515	4.87691155124	-2.69221365913	0.898435967201	407
33	0.25	0.5	0.0	3.6965512778	-3.25668783412	-0.204211425508	4.3832523821	-3.29289985448	0.968515999394	408
33	0.25	0.75	0.0	3.1580580582	-3.74348022271	-0.0606913371406	3.83149728514	-3.92243080982	1.01266719346	409
33	0.25	1.0	0.0	2.605783898	-4.16872072536	0.100898061242	3.23098305053	-4.50091316228	1.0178914788	410
33	0.5	0.0	0.0	4.61113383434	-2.0220965376	-0.0356271993631	5.13998448589	-1.94305424416	1.25078315165	411
33	0.5	0.25	0.0	4.07342427224	-2.41329845441	0.0484861149761	4.69668914535	-2.38443086999	1.39942039917	412
33	0.5	0.5	0.0	3.5341539979	-2.84472539501	0.208396595164	4.23001090869	-2.91098188698	1.56386083533	413
33	0.5	0.75	0.0	2.99657325261	-3.27380970442	0.402689211501	3.73209267356	-3.46353027778	1.70898353114	414
33	0.5	1.0	0.0	2.46393227765	-3.65798372767	0.589948934289	3.19507733764	-3.98289902505	1.79966755764	415
33	0.75	0.0	0.0	4.47277291813	-1.68581852317	0.234247487022	4.96361674813	-1.645487394	1.62284182563	416
33	0.75	0.25	0.0	3.92646436655	-2.00189161396	0.353073714503	4.49937369211	-2.02623149478	1.82682189261	417
33	0.75	0.5	0.0	3.37542620837	-2.3490571881	0.557107072765	4.04826206141	-2.45527106148	2.07631086714	418
33	0.75	0.75	0.0	2.8303000844	-2.68557931284	0.792165816137	3.59226910491	-2.88875634527	2.31719602004	419
33	0.75	1.0	0.0	2.30172763547	-2.9697220554	1.00406819894	3.1133820715	-3.2828375973	2.49536462218	420
33	1.0	0.0	0.0	4.405761574	-1.365351138	0.410001552	4.84212101288	-1.3567469958	1.8549443654	421
33	1.0	0.25	0.0	3.85484716606	-1.61903903042	0.554084919355	4.36700299506	-1.67670447309	2.09767677077	422
33	1.0	0.5	0.0	3.30411071987	-1.87619898682	0.787453786704	3.90235021184	-2.00730844638	2.4010804365	423
33	1.0	0.75	0.0	2.75867333425	-2.12164810282	1.05253543495	3.4440007562	-2.3315244704	2.70897250245	424
33	1.0	1.0	0.0	2.223656108	-2.340203474	1.291757145	2.98779272109	-2.63231809983	2.96517010848	425
34	0.0	0.0	0.0	2.62279636	-4.265665283	-0.41158571	3.21920374118	-4.60529078819	0.289848949629	426
34	0.0	0.25	0.0	2.12702919119	-4.45244777067	-0.323554981975	2.66138714298	-4.88142539423	0.179761779333	427
34	0.0	0.5	0.0	1.58195790059	-4.65884689063	-0.272869612178	2.01959353488	-5.14619413404	0.0228625637443	428
34	0.0	0.75	0.0	1.03986007395	-4.80870157103	-0.233927307791	1.36360047727	-5.36501155291	-0.102742146293	429
34	0.0	1.0	0.0	0.553013297	-4.82585074	-0.181125776	0.763185530544	-5.5032921961	-0.118945799934	430
34	0.25	0.0	0.0	2.605783898	-4.16872072536	0.100898061242	3.23098305053	-4.50091316228	1.0178914788	431
34	0.25	0.25	0.0	2.10889278372	-4.46498979814	0.23900911218	2.67110220945	-4.90146927179	0.976108017024	432
34	0.25	0.5	0.0	1.54186348555	-4.7350450709	0.380966787012	2.01449812575	-5.26321447712	0.904430693235	433
34	0.25	0.75	0.0	0.965431962462	-4.91931814423	0.506323497435	1.33772863171	-5.54479539278	0.857176401536	434
34	0.25	1.0	0.0	0.440334173459	-4.95824061872	0.594631655144	0.717351559587	-5.7048586333	0.888662036027	435
34	0.5	0.0	0.0	2.46393227765	-3.65798372767	0.589948934289	3.19507733764	-3.98289902505	1.79966755764	436
34	0.5	0.25	0.0	1.95681094571	-3.94902465361	0.796617440882	2.62878351737	-4.39606765671	1.86418361892	437
34	0.5	0.5	0.0	1.40002142609	-4.21173214327	1.06702880986	1.95688772144	-4.78352663513	1.94533247551	438
34	0.5	0.75	0.0	0.830748984529	-4.38415076386	1.33493089637	1.25482039842	-5.07963232815	2.0470130906	439
34	0.5	1.0	0.0	0.286178886756	-4.40432508256	1.53407155554	0.598011996901	-5.21874110366	2.17312442736	440
34	0.75	0.0	0.0	2.30172763547	-2.9697220554	1.00406819894	3.1133820715	-3.2828375973	2.49536462218	441
34	0.75	0.25	0.0	1.77541632473	-3.20188802086	1.27547556925	2.54528407696	-3.643017123	2.67574894792	442
34	0.75	0.5	0.0	1.23171315862	-3.40664480071	1.65568390348	1.86536426508	-3.99006145179	2.91336863701	443
34	0.75	0.75	0.0	0.679370220113	-3.52885465009	2.04156544918	1.14325921911	-4.24875025655	3.15829624418	444
34	0.75	1.0	0.0	0.127139592175	-3.51337982411	2.32999245392	0.448605522289	-4.34386321015	3.36060432416	445
34	1.0	0.0	0.0	2.223656108	-2.340203474	1.291757145	2.98779272109	-2.63231809983	2.96517010848	446
34	1.0	0.25	0.0	1.6693415684	-2.5209155837	1.60178906242	2.43145689842	-2.92011424467	3.24256436688	447
34	1.0	0.5	0.0	1.11222011955	-2.63751973618	2.01729951497	1.75852969984	-3.16574977085	3.57633990415	448
34	1.0	0.75	0.0	0.55485474917	-2.67908502307	2.41589771604	1.0314285355	-3.3313770755	3.8825541856	449
34	1.0	1.0	0.0	-0.000191555	-2.634680536	2.675192879	0.312570815551	-3.37914855579	4.07726467653	450
35	0.0	0.0	0.0	4.405761574	-1.365351138	0.410001552	4.84212101288	-1.3567469958	1.8549443654	451
35	0.0	0.25	0.0	3.85484716606	-1.61903903042	0.554084919355	4.36700299506	-1.67670447309	2.09767677077	452
35	0.0	0.5	0.0	3.30411071987	-1.87619898682	0.787453786704	3.90235021184	-2.00730844638	2.4010804365	453
35	0.0	0.75	0.0	2.75867333425	-2.12164810282	1.05253543495	3.4440007562	-2.3315244704	2.70897250245	454
35	0.0	1.0	0.0	2.223656108	-2.340203474	1.291757145	2.98779272109	-2.63231809983	2.96517010848	455
35	0.25	0.0	0.0	4.43157837142	-1.03063912316	0.470884897162	4.79806583871	-1.02141535789	1.92648312339	456
35	0.25	0.25	0.0	3.86456888048	-1.22391586695	0.623231869601	4.32045204171	-1.28609292808	2.18487618314	457
35	0.25	0.5	0.0	3.31450201096	-1.39926260444	0.867568624815	3.8298648361	-1.52219248881	2.50811243532	458
35	0.25	0.75	0.0	2.7713991192	-1.56878564272	1.13969548673	3.3383208795	-1.74653787305	2.84004136388	459
35	0.25	1.0	0.0	2.22528156152	-1.74459128893	1.37541277926	2.85783682953	-1.97595291377	3.12451245279	460
35	0.5	0.0	0.0	4.5088092188	-0.622871413673	0.456029154752	4.79460631076	-0.576676583266	1.90015391717	461
35	0.5	0.25	0.0	3.90951758448	-0.741697275141	0.597788561576	4.31107941516	-0.784276684932	2.15698126811	462
35	0.5	0.5	0.0	3.34425822851	-0.839985500053	0.832336827121	3.8025121031	-0.923767749233	2.47871113068	463
35	0.5	0.75	0.0	2.79196643634	-0.932496952533	1.08370283517	3.27985572902	-1.03678583272	2.80145339024	464
35	0.5	1.0	0.0	2.23157749344	-1.0339924967	1.27591546949	2.75406164738	-1.16496699193	3.06131793218	465
35	0.75	0.0	0.0	4.61026255153	-0.223863591853	0.384407879466	4.82205160433	-0.103202559813	1.80254734863	466
35	0.75	0.25	0.0	3.98183578065	-0.273942363045	0.501535199366	4.32916608347	-0.254615355522	2.04712530033	467
35	0.75	0.5	0.0	3.3916895602	-0.305662006632	0.699904806771	3.80582542437	-0.32285308738	2.33984608101	468
35	0.75	0.75	0.0	2.81860787444	-0.330676193461	0.906653157276	3.25849615346	-0.355023075558	2.62172981524	469
35	0.75	1.0	0.0	2.24137470764	-0.360638594378	1.04891670648	2.69364479716	-0.398232640227	2.83379662756	470
35	1.0	0.0	0.0	4.708746805	0.08456876	0.274994626	4.87071089469	0.318334824586	1.66025401967	471
35	1.0	0.25	0.0	4.07366597157	0.0777897612817	0.358251987059	4.36499301468	0.219531448268	1.88844155447	472
35	1.0	0.5	0.0	3.45510619371	0.0964135428674	0.488418976913	3.82533821143	0.169732637019	2.11848684477	473
35	1.0	0.75	0.0	2.84955602224	0.118782473269	0.630642130061	3.26413300148	0.145995672263	2.32939187256	474
35	1.0	1.0	0.0	2.253504008	0.123238921	0.750067981	2.69376390138	0.12537783542	2.50015861983	475
36	0.0	0.0	0.0	2.223656108	-2.340203474	1.291757145	2.98779272109	-2.63231809983	2.96517010848	476
36	0.0	0.25	0.0	1.6693415684	-2.5209155837	1.60178906242	2.43145689842	-2.92011424467	3.24256436688	477
36	0.0	0.5	0.0	1.11222011955	-2.63751973618	2.01729951497	1.75852969984	-3.16574977085	3.57633990415	478
36	0.0	0.75	0.0	0.55485474917	-2.67908502307	2.41589771604	1.0314285355	-3.3313770755	3.8825541856	479
36	0.0	1.0	0.0	-0.000191555	-2.634680536	2.675192879	0.312570815551	-3.37914855579	4.07726467653	480
36	0.25	0.0	0.0	2.22528156152	-1.74459128893	1.37541277926	2.85783682953	-1.97595291377	3.12451245279	481
36	0.25	0.25	0.0	1.64971386847	-1.88246045962	1.66721258292	2.3039733936	-2.19168873783	3.4245336553	482
36	0.25	0.5	0.0	1.06619094145	-1.93073880504	2.04792787635	1.64339398263	-2.34099472615	3.76410342372	483
36	0.25	0.75	0.0	0.491530235225	-1.91577430378	2.3893360303	0.931880356968	-2.42073024444	4.05550928637	484
36	0.25	1.0	0.0	-0.0574507954283	-1.86391493442	2.56321441554	0.225214276986	-2.42775465843	4.21103877156	485
36	0.5	0.0	0.0	2.23157749344	-1.0339924967	1.27591546949	2.75406164738	-1.16496699193	3.06131793218	486
36	0.5	0.25	0.0	1.64741535094	-1.09655602684	1.50661400241	2.18122672171	-1.2857866994	3.32109116379	487
36	0.5	0.5	0.0	1.04766439739	-1.07908801931	1.82984637954	1.52570016635	-1.34448840613	3.6262304458	488
36	0.5	0.75	0.0	0.464916087192	-1.02266483907	2.11708237713	0.838119777838	-1.35056201162	3.89520998369	489
36	0.5	1.0	0.0	-0.0682381252483	-0.96836285107	2.23979177139	0.16912335269	-1.3134974154	4.04650398294	490
36	0.75	0.0	0.0	2.24137470764	-0.360638594378	1.04891670648	2.69364479716	-0.398232640227	2.83379662756	491
36	0.75	0.25	0.0	1.65737960853	-0.347116203542	1.20990103789	2.10425011911	-0.429316591568	3.02998851732	492
36	0.75	0.5	0.0	1.05252626674	-0.266873961673	1.45368141354	1.45367147431	-0.408002777076	3.27248651099	493
36	0.75	0.75	0.0	0.470008805947	-0.174361949046	1.67501224049	0.788960927308	-0.357395987425	3.50073337371	494
36	0.75	1.0	0.0	-0.0469786501942	-0.124030245935	1.7686479258	0.15717054263	-0.300601013292	3.65417187061	495
36	1.0	0.0	0.0	2.253504008	0.123238921	0.750067981	2.69376390138	0.12537783542	2.50015861983	496
36	1.0	0.25	0.0	1.67454023401	0.1819450921	0.866981406365	2.11407682218	0.150813123492	2.64897734083	497
36	1.0	0.5	0.0	1.07666232891	0.321596785203	1.01005936732	1.47553112981	0.236690194723	2.81263715988	498
36	1.0	0.75	0.0	0.501804892363	0.454529046204	1.13900110436	0.823217934578	0.322244217772	2.97115655257	499
36	1.0	1.0	0.0	-0.008097476	0.493076921	1.213505858	0.202228346775	0.346710361302	3.10455399451	500
41	0.0	0.0	0.0	4.708746805	0.08456876	0.274994626	4.87071089469	0.318334824586	1.66025401967	501
41	0.0	0.25	0.0	4.07366597157	0.0777897612817	0.358251987059	4.36499301468	0.219531448268	1.88844155447	502
41	0.0	0.5	0.0	3.45510619371	0.0964135428674	0.488418976913	3.82533821143	0.169732637019	2.11848684477	503
41	0.0	0.75	0.0	2.84955602224	0.118782473269	0.630642130061	3.26413300148	0.145995672263	2.32939187256	504
41	0.0	1.0	0.0	2.253504008	0.123238921	0.750067981	2.69376390138	0.12537783542	2.50015861983	505
41	0.25	0.0	0.0	4.7534539235	0.234461165027	0.194334913272	4.90061145651	0.529763280921	1.54980361658	506
41	0.25	0.25	0.0	4.11750616941	0.223292060646	0.258147737941	4.38543072322	0.444625341473	1.76443654839	507
41	0.25	0.5	0.0	3.48148441029	0.233578761071	0.362551858571	3.83501719073	0.368232953427	1.97341008304	508
41	0.25	0.75	0.0	2.85563509195	0.248712768042	0.483078293998	3.27014599444	0.308098244403	2.16416089249	509
41	0.25	1.0	0.0	2.25020466017	0.252085583298	0.595258063061	2.71159226972	0.27173334202	2.32412564868	510
41	0.5	0.0	0.0	4.79638931972	0.415519499931	0.0866516182615	4.93027323273	0.759550790693	1.39805748735	511
41	0.5	0.25	0.0	4.15108264524	0.390527035948	0.117643978363	4.40358917908	0.682691972903	1.58096657748	512
41	0.5	0.5	0.0	3.49721747012	0.382253559698	0.196920724962	3.84279220503	0.585638842125	1.76879963388	513
41	0.5	0.75	0.0	2.85383113444	0.38434769516	0.295993463514	3.27673210079	0.499292232406	1.94396994959	514
41	0.5	1.0	0.0	2.23996097831	0.390458066311	0.386373799474	2.73425865658	0.454552977792	2.08889081762	515
41	0.75	0.0	0.0	4.83568639632	0.58669450287	-0.0337620491295	4.95560754268	0.966581828842	1.23543401521	516
41	0.75	0.25	0.0	4.17831979205	0.54796859972	-0.0388912636781	4.41914653886	0.895504128843	1.38557660813	517
41	0.75	0.5	0.0	3.51273682524	0.52540029156	0.021710382633	3.85247594183	0.791991475547	1.55232206814	518
41	0.75	0.75	0.0	2.85871095353	0.51853870813	0.10540323782	3.28697973028	0.695998968061	1.71229230991	519
41	0.75	1.0	0.0	2.23601563455	0.526932979169	0.1695476499	2.7540418829	0.647481705493	1.8421092481	520
41	1.0	0.0	0.0	4.869478556	0.706936912	-0.152612879	4.97252570572	1.10974087031	1.09235158339	521
41	1.0	0.25	0.0	4.20314200282	0.664090664496	-0.187089960188	4.4317809592	1.04483459558	1.22581160676	522
41	1.0	0.5	0.0	3.53847392774	0.645981309467	-0.132894361873	3.86788108865	0.957332026125	1.37164395668	523
41	1.0	0.75	0.0	2.88484135304	0.644137260456	-0.052676783872	3.30397729262	0.874639783157	1.51260123951	524
41	1.0	1.0	0.0	2.251611301	0.650086931	-0.009087926	2.76322076961	0.824164487879	1.63143606159	525
42	0.0	0.0	0.0	2.253504008	0.123238921	0.750067981	2.69376390138	0.12537783542	2.50015861983	526
42	0.0	0.25	0.0	1.67454023401	0.1819450921	0.866981406365	2.11407682218	0.150813123492	2.64897734083	527
42	0.0	0.5	0.0	1.07666232891	0.321596785203	1.01005936732	1.47553112981	0.236690194723	2.81263715988	528
42	0.0	0.75	0.0	0.501804892363	0.454529046204	1.13900110436	0.823217934578	0.322244217772	2.97115655257	529
42	0.0	1.0	0.0	-0.008097476	0.493076921	1.213505858	0.202228346775	0.346710361302	3.10455399451	530
42	0.25	0.0	0.0	2.25020466017	0.252085583298	0.595258063061	2.71159226972	0.27173334202	2.32412564868	531
42	0.25	0.25	0.0	1.67634691028	0.327391087288	0.702382562058	2.14626556064	0.313528263561	2.46097671526	532
42	0.25	0.5	0.0	1.08596239265	0.499765399419	0.820454025448	1.5103674927	0.428253696995	2.60275296882	533
42	0.25	0.75	0.0	0.514935463608	0.666043285496	0.925121836678	0.854313023759	0.538072923378	2.74055898044	534
42	0.25	1.0	0.0	-0.000849520485863	0.723059511324	0.992035379195	0.228517111695	0.565149223763	2.86549932115	535
42	0.5	0.0	0.0	2.23996097831	0.390458066311	0.386373799474	2.73425865658	0.454552977792	2.08889081762	536
42	0.5	0.25	0.0	1.67323791038	0.490119435142	0.481481880342	2.18324094548	0.514681202952	2.21196884189	537
42	0.5	0.5	0.0	1.09354183754	0.70335909104	0.60024481746	1.54255231825	0.662698813488	2.34450104084	538
42	0.5	0.75	0.0	0.526470960644	0.917817792952	0.707384596148	0.87509117393	0.811704860612	2.47804560857	539
42	0.5	1.0	0.0	-0.00237651942327	1.02113629983	0.767623201725	0.24375591155	0.874798395538	2.60416073916	540
42	0.75	0.0	0.0	2.23601563455	0.526932979169	0.1695476499	2.7540418829	0.647481705493	1.8421092481	541
42	0.75	0.25	0.0	1.67335230647	0.646726060871	0.248180190357	2.20806540575	0.72027391259	1.94832629493	542
42	0.75	0.5	0.0	1.10531682051	0.896611622338	0.373212793541	1.5575139847	0.897040182142	2.0657852596	543
42	0.75	0.75	0.0	0.543917448136	1.15621177209	0.490431894028	0.876966689518	1.08342501727	2.19008634561	544
42	0.75	1.0	0.0	0.00116246085095	1.30514861866	0.545623926393	0.241002589994	1.18507292111	2.31682975643	545
42	1.0	0.0	0.0	2.251611301	0.650086931	-0.009087926	2.76322076961	0.824164487879	1.63143606159	546
42	1.0	0.25	0.0	1.68482917072	0.773806889686	0.0463783212436	2.20380137051	0.896308363394	1.71642164856	547
42	1.0	0.5	0.0	1.12720349848	1.04375675559	0.163139003876	1.54068087026	1.0882924409	1.79450950878	548
42	1.0	0.75	0.0	0.574780990747	1.32758442644	0.278906241571	0.851353874949	1.29351838116	1.88315110021	549
42	1.0	1.0	0.0	0.023608354	1.4929378	0.331392154	0.213314990682	1.40538784494	1.99979788083	550
43	0.0	0.0	0.0	4.869478556	0.706936912	-0.152612879	4.97252570572	1.10974087031	1.09235158339	551
43	0.0	0.25	0.0	4.20314200282	0.664090664496	-0.187089960188	4.4317809592	1.04483459558	1.22581160676	552
43	0.0	0.5	0.0	3.53847392774	0.645981309467	-0.132894361873	3.86788108865	0.957332026125	1.37164395668	553
43	0.0	0.75	0.0	2.88484135304	0.644137260456	-0.052676783872	3.30397729262	0.874639783157	1.51260123951	554
43	0.0	1.0	0.0	2.251611301	0.650086931	-0.009087926	2.76322076961	0.824164487879	1.63143606159	555
43	0.25	0.0	0.0	4.89981866576	0.768517560826	-0.281100312949	4.98705936811	1.18966699011	0.954107753678	556
43	0.25	0.25	0.0	4.24154508504	0.749567610078	-0.340981965028	4.4521469707	1.15672721966	1.0645343955	557
43	0.25	0.5	0.0	3.59035019668	0.780451240722	-0.295460202955	3.89425591943	1.13110282258	1.1800045775	558
43	0.25	0.75	0.0	2.94929536381	0.825279230866	-0.219361245091	3.32782773464	1.10538284776	1.29159853254	559
43	0.25	1.0	0.0	2.32144194959	0.848162358619	-0.187511309796	2.76730393664	1.07215634411	1.39039649351	560
43	0.5	0.0	0.0	4.93459491171	0.822163935453	-0.446579268847	5.00845990792	1.26537466328	0.777884848021	561
43	0.5	0.25	0.0	4.29465923484	0.841470748639	-0.529568031331	4.48361380558	1.28089076336	0.852443235607	562
43	0.5	0.5	0.0	3.65356389357	0.935245696956	-0.486168747022	3.92326976885	1.32383909304	0.952030361225	563
43	0.5	0.75	0.0	3.02653249268	1.043864509	-0.400960975187	3.34684992683	1.36163975235	1.05133600137	564
43	0.5	1.0	0.0	2.42878863691	1.10770291339	-0.358524275091	2.77377640866	1.36171284132	1.12504993256	565
43	0.75	0.0	0.0	4.96955703855	0.884821492854	-0.617505848572	5.03331373931	1.34760764356	0.597025019294	566
43	0.75	0.25	0.0	4.34669758614	0.94317206815	-0.721324368662	4.51929835438	1.41191269829	0.630557000266	567
43	0.75	0.5	0.0	3.71411554347	1.09208505685	-0.681300189655	3.9537930434	1.50909424796	0.71165018314	568
43	0.75	0.75	0.0	3.10054745091	1.25595205327	-0.587260897861	3.36446301692	1.59473479299	0.797113112692	569
43	0.75	1.0	0.0	2.53472984878	1.35916465171	-0.52903407959	2.77897348551	1.62441683382	0.843754333697	570
43	1.0	0.0	0.0	5.000454791	0.97343569	-0.762336154	5.05820727646	1.44710968468	0.444870420369	571
43	1.0	0.25	0.0	4.38187327285	1.05804355658	-0.884727186591	4.55231750763	1.54438049607	0.439894562668	572
43	1.0	0.5	0.0	3.75800567142	1.2326896991	-0.857134726434	3.98469614958	1.66042169778	0.48279291852	573
43	1.0	0.75	0.0	3.15533494978	1.41760082207	-0.768045936811	3.38408615261	1.75599226574	0.534229333182	574
43	1.0	1.0	0.0	2.600344071	1.53300363	-0.705947981	2.77923046699	1.79185117589	0.554867651911	575
44	0.0	0.0	0.0	2.251611301	0.650086931	-0.009087926	2.76322076961	0.824164487879	1.63143606159	576
44	0.0	0.25	0.0	1.68482917072	0.773806889686	0.0463783212436	2.20380137051	0.896308363394	1.71642164856	577
44	0.0	0.5	0.0	1.12720349848	1.04375675559	0.163139003876	1.54068087026	1.0882924409	1.79450950878	578
44	0.0	0.75	0.0	0.574780990747	1.32758442644	0.278906241571	0.851353874949	1.29351838116	1.88315110021	579
44	0.0	1.0	0.0	0.023608354	1.4929378	0.331392154	0.213314990682	1.40538784494	1.99979788083	580
44	0.25	0.0	0.0	2.32144194959	0.848162358619	-0.187511309796	2.76730393664	1.07215634411	1.39039649351	581
44	0.25	0.25	0.0	1.74619476883	0.952792321802	-0.145878500745	2.18534893122	1.11785701582	1.45867013548	582
44	0.25	0.5	0.0	1.17744042584	1.18937461229	-0.0364389505093	1.51844894811	1.26853742536	1.51320714646	583
44	0.25	0.75	0.0	0.612662376421	1.44440606923	0.0762594671174	0.831846817756	1.43518990777	1.57630569551	584
44	0.25	1.0	0.0	0.0493440763559	1.60438353181	0.12766887834	0.190785370609	1.52880679811	1.67026395166	585
44	0.5	0.0	0.0	2.42878863691	1.10770291339	-0.358524275091	2.77377640866	1.36171284132	1.12504993256	586
44	0.5	0.25	0.0	1.8562600497	1.19640195214	-0.324332676212	2.17835053364	1.3832990965	1.15955490733	587
44	0.5	0.5	0.0	1.26021185069	1.3742616391	-0.242526199085	1.51501034439	1.47145331614	1.17918882538	588
44	0.5	0.75	0.0	0.659484312047	1.57676260487	-0.161493864186	0.833574741953	1.57883786968	1.20310665205	589
44	0.5	1.0	0.0	0.0729177059497	1.73938548006	-0.129624691994	0.18386262738	1.65811512653	1.25046335268	590
44	0.75	0.0	0.0	2.53472984878	1.35916465171	-0.52903407959	2.77897348551	1.62441683382	0.843754333697	591
44	0.75	0.25	0.0	1.96660158482	1.43256424126	-0.497161632328	2.17193499097	1.62568872058	0.84446448684	592
44	0.75	0.5	0.0	1.34349230099	1.54798522296	-0.443192752993	1.51432560365	1.65181081903	0.833101570395	593
44	0.75	0.75	0.0	0.706681588246	1.69319243712	-0.396643197268	0.840882872443	1.69915257692	0.823917436984	594
44	0.75	1.0	0.0	0.0974490375687	1.85595072403	-0.387028720832	0.186344346234	1.76408344201	0.831163939233	595
44	1.0	0.0	0.0	2.600344071	1.53300363	-0.705947981	2.77923046699	1.79185117589	0.554867651911	596
44	1.0	0.25	0.0	2.02879594567	1.5892076497	-0.672542796262	2.15523111635	1.77808000322	0.538787396732	597
44	1.0	0.5	0.0	1.3952563047	1.6601127508	-0.62650862338	1.50035527042	1.7643806398	0.515592406377	598
44	1.0	0.75	0.0	0.74568899564	1.76223396975	-0.591477977058	0.838116434132	1.77082433953	0.499101517485	599
44	1.0	1.0	0.0	0.126057866	1.912086343	-0.591083372	0.19202811241	1.81748235632	0.503133566694	600
49	0.0	0.0	0.0	6.487958778	0.084374599	-0.199999985	6.45178995869	0.472577120112	0.396844808244	601
49	0.0	0.25	0.0	6.33527537697	0.502520729105	-0.254480359952	6.29249435153	0.939849403022	0.464700545412	602
49	0.0	0.5	0.0	5.97726588121	0.773637778396	-0.390885878571	5.93129128762	1.21986177067	0.485729908885	603
49	0.0	0.75	0.0	5.5027268371	0.922388510739	-0.572432492654	5.48194188869	1.36986495418	0.474323125068	604
49	0.0	1.0	0.0	5.000454791	0.97343569	-0.762336154	5.05820727646	1.44710968468	0.444870420369	605
49	0.25	0.0	0.0	6.49213719644	0.0838274764684	-0.212127141655	6.45563366209	0.475270085197	0.381973093844	606
49	0.25	0.25	0.0	6.34694079497	0.53709250868	-0.32594775333	6.30114533015	0.97056315107	0.369312120854	607
49	0.25	0.5	0.0	6.00347423597	0.860050104986	-0.49265595931	5.94949018583	1.30008012966	0.347530130995	608
49	0.25	0.75	0.0	5.53561502307	1.059806262	-0.686842661412	5.50407654184	1.50414777315	0.314466043655	609
49	0.25	1.0	0.0	5.01724065988	1.14346697635	-0.883098761455	5.06831271091	1.62309283376	0.267958778221	610
49	0.5	0.0	0.0	6.501329717	0.0819364448163	-0.222415244462	6.46408980956	0.480507246302	0.365646963996	611
49	0.5	0.25	0.0	6.36181601861	0.580653755689	-0.393344492709	6.31624802906	0.99516579791	0.266123774698	612
49	0.5	0.5	0.0	6.02825080885	0.970541803631	-0.586536327043	5.97546561974	1.39083869804	0.188481320132	613
49	0.5	0.75	0.0	5.55884853112	1.23461401802	-0.787028278989	5.52660759509	1.67083338668	0.119800556437	614
49	0.5	1.0	0.0	5.01182362881	1.35588382825	-0.979857880076	5.05453896862	1.83845730381	0.0471624397507	615
49	0.75	0.0	0.0	6.51052223756	0.078327015006	-0.232233246538	6.47254595703	0.484026009249	0.349790934879	616
49	0.75	0.25	0.0	6.37355885928	0.609288037053	-0.463572546866	6.33054757503	0.999615249997	0.15243977763	617
49	0.75	0.5	0.0	6.0437713722	1.05438439003	-0.685294738873	5.99865890354	1.4498041975	0.0138287611031	618
49	0.75	0.75	0.0	5.56858890725	1.37560413469	-0.890822627993	5.54381481355	1.7987395355	-0.0919012104583	619
49	0.75	1.0	0.0	4.99544059533	1.53493533177	-1.07357901966	5.03295017608	2.0105679477	-0.19060923281	620
49	1.0	0.0	0.0	6.514700656	0.072624698	-0.242950101	6.47638966043	0.48156377986	0.336329522672	621
49	1.0	0.25	0.0	6.37582712837	0.599078919692	-0.543533884577	6.33678909483	0.969869413784	0.0255644003389	622
49	1.0	0.5	0.0	6.04221169838	1.0608493799	-0.801698951906	6.00851135141	1.43464334972	-0.171182261282	623
49	1.0	0.75	0.0	5.56099769744	1.41156896791	-1.01605899103	5.54997796234	1.81668396034	-0.302867130901	624
49	1.0	1.0	0.0	4.979328457	1.604870573	-1.18522769	5.01961045978	2.05678961831	-0.41844687723	625
50	0.0	0.0	0.0	6.514700656	0.072624698	-0.242950101	6.47638966043	0.48156377986	0.336329522672	626
50	0.0	0.25	0.0	6.37582712837	0.599078919692	-0.543533884577	6.33678909483	0.969869413784	0.0255644003389	627
50	0.0	0.5	0.0	6.04221169838	1.0608493799	-0.801698951906	6.00851135141	1.43464334972	-0.171182261282	628
50	0.0	0.75	0.0	5.56099769744	1.41156896791	-1.01605899103	5.54997796234	1.81668396034	-0.302867130901	629
50	0.0	1.0	0.0	4.979328457	1.604870573	-1.18522769	5.01961045978	2.05678961831	-0.41844687723	630
50	0.25	0.0	0.0	6.50665838116	0.0653873436475	-0.25502452067	6.4817338279	0.470781811555	0.317228409971	631
50	0.25	0.25	0.0	6.3605647873	0.550256942806	-0.614855257769	6.33909144056	0.906867815436	-0.0967323321569	632
50	0.25	0.5	0.0	6.01315915533	0.988130338713	-0.888236143716	6.00531096697	1.34556649998	-0.336484379944	633
50	0.25	0.75	0.0	5.52316219844	1.33274209404	-1.09545700268	5.54402042848	1.72143161636	-0.479749684785	634
50	0.25	1.0	0.0	4.94929462981	1.53782677144	-1.25680765885	5.01884784647	1.96901691575	-0.604250198078	635
50	0.5	0.0	0.0	6.4889653765	0.060008529354	-0.261923972567	6.49349099632	0.457604846567	0.294870233406	636
50	0.5	0.25	0.0	6.33136030261	0.493028089914	-0.64212730469	6.34469079044	0.841547666099	-0.161925349487	637
50	0.5	0.5	0.0	5.9607336916	0.883583618849	-0.914394152283	5.99914425854	1.23079433353	-0.454264685601	638
50	0.5	0.75	0.0	5.45496238819	1.19472678193	-1.11737554725	5.5327264579	1.57151856466	-0.647233653845	639
50	0.5	1.0	0.0	4.8919232371	1.38950924493	-1.2897225215	5.02131244582	1.80989407526	-0.805918133129	640
50	0.75	0.0	0.0	6.47127237184	0.0529435751334	-0.267083462681	6.50524816474	0.442741741652	0.274252018625	641
50	0.75	0.25	0.0	6.30187749356	0.424156468477	-0.657223756958	6.35062166671	0.767474070817	-0.212512217607	642
50	0.75	0.5	0.0	5.90693815828	0.762144647452	-0.923492117731	5.99391000372	1.10350510763	-0.553176671421	643
50	0.75	0.75	0.0	5.38329574772	1.03632604772	-1.12197211547	5.52283835485	1.40659393788	-0.795831266974	644
50	0.75	1.0	0.0	4.82779164358	1.21611860495	-1.30874732065	5.02513189915	1.63249964736	-0.988565928424	645
50	1.0	0.0	0.0	6.463230097	0.040647801	-0.273937997	6.51059233221	0.426901353567	0.260370791275	646
50	1.0	0.25	0.0	6.28578017943	0.340406185954	-0.692018346195	6.35391859158	0.678212134629	-0.290990502472	647
50	1.0	0.5	0.0	5.87377540649	0.638748851662	-0.958849180183	5.9935069801	0.976877079516	-0.66187383057	648
50	1.0	0.75	0.0	5.33505975806	0.896342907538	-1.14940419808	5.52109842356	1.26630686867	-0.916054753066	649
50	1.0	1.0	0.0	4.777477214	1.073855463	-1.338657099	5.02843384775	1.48991218255	-1.11730883001	650
53	0.0	0.0	0.0	6.463230097	0.040647801	-0.273937997	6.51059233221	0.426901353567	0.260370791275	651
53	0.0	0.25	0.0	6.28578017943	0.340406185954	-0.692018346195	6.35391859158	0.678212134629	-0.290990502472	652
53	0.0	0.5	0.0	5.87377540649	0.638748851662	-0.958849180183	5.9935069801	0.976877079516	-0.66187383057	653
53	0.0	0.75	0.0	5.33505975806	0.896342907538	-1.14940419808	5.52109842356	1.26630686867	-0.916054753066	654
53	0.0	1.0	0.0	4.777477214	1.073855463	-1.338657099	5.02843384775	1.48991218255	-1.11730883001	655
53	0.25	0.0	0.0	6.45392510106	0.0196332632682	-0.283615535534	6.52208179804	0.40633340277	0.246568002897	656
53	0.25	0.25	0.0	6.26060177449	0.167138189477	-0.789201253216	6.36211656168	0.490333550455	-0.460863563525	657
53	0.25	0.5	0.0	5.81383385892	0.317436358617	-1.12038553245	5.99491371684	0.646441947889	-0.93499673409	658
53	0.25	0.75	0.0	5.23715302891	0.458074897839	-1.34981457016	5.51324113825	0.821468141714	-1.25694964649	659
53	0.25	1.0	0.0	4.65409095904	0.576600934292	-1.55013456328	5.00986670063	0.962221678572	-1.50784043841	660
53	0.5	0.0	0.0	6.43345411	0.00136698603386	-0.287018297054	6.54735862288	0.389049616792	0.234089691721	661
53	0.5	0.25	0.0	6.22969788959	-0.00277530640112	-0.870279276553	6.37771789589	0.294596982954	-0.578503658655	662
53	0.5	0.5	0.0	5.7618888648	-0.0150042053654	-1.28102615446	5.99086439398	0.276437749208	-1.15544500676	663
53	0.5	0.75	0.0	5.16353062265	-0.0243503753592	-1.57104757015	5.48821526807	0.289203704556	-1.57033485291	664
53	0.5	1.0	0.0	4.56812675016	-0.0198444808827	-1.79213216298	4.9711876691	0.287526637999	-1.89677369744	665
53	0.75	0.0	0.0	6.41298311894	-0.0169971592174	-0.284190985047	6.57263544771	0.371667962797	0.227841454072	666
53	0.75	0.25	0.0	6.20577444014	-0.177601167331	-0.910287442637	6.4006062719	0.0944209204762	-0.613506716558	667
53	0.75	0.5	0.0	5.73189550473	-0.346924167403	-1.38895504884	6.00897864059	-0.110173209344	-1.26509058546	668
53	0.75	0.75	0.0	5.12602783168	-0.502582851731	-1.73938906912	5.49750326537	-0.270714685547	-1.76560173358	669
53	0.75	1.0	0.0	4.52285293996	-0.622193912616	-1.98078476894	4.96593085786	-0.415803767016	-2.15373174188	670
53	1.0	0.0	0.0	6.403678123	-0.038305301	-0.275178303	6.58412491354	0.350806407949	0.232728886275	671
53	1.0	0.25	0.0	6.20153734152	-0.365606258964	-0.884260777898	6.43066536741	-0.106776148627	-0.535468665933	672
53	1.0	0.5	0.0	5.73780885925	-0.66667485461	-1.39235621819	6.07687608574	-0.490428620585	-1.20580540709	673
53	1.0	0.75	0.0	5.13647994836	-0.928272470951	-1.78112493814	5.59258758247	-0.798515271343	-1.75214164977	674
53	1.0	1.0	0.0	4.521537881	-1.137160491	-2.032227252	5.04763037159	-1.02940036432	-2.14833770652	675
54	0.0	0.0	0.0	6.403678123	-0.038305301	-0.275178303	6.58412491354	0.350806407949	0.232728886275	676
54	0.0	0.25	0.0	6.20153734152	-0.365606258964	-0.884260777898	6.43066536741	-0.106776148627	-0.535468665933	677
54	0.0	0.5	0.0	5.73780885925	-0.66667485461	-1.39235621819	6.07687608574	-0.490428620585	-1.20580540709	678
54	0.0	0.75	0.0	5.13647994836	-0.928272470951	-1.78112493814	5.59258758247	-0.798515271343	-1.75214164977	679
54	0.0	1.0	0.0	4.521537881	-1.137160491	-2.032227252	5.04763037159	-1.02940036432	-2.14833770652	680
54	0.25	0.0	0.0	6.40135108097	-0.0572968803968	-0.261834685256	6.58947799148	0.325321368658	0.251686473261	681
54	0.25	0.25	0.0	6.21029551018	-0.527836345019	-0.786760683162	6.45602798464	-0.272179692396	-0.3601450506	682
54	0.25	0.5	0.0	5.77115923995	-0.932882909131	-1.25309430349	6.14595100087	-0.798506670058	-0.93861612175	683
54	0.25	0.75	0.0	5.19413617274	-1.27564365024	-1.62304607858	5.70380483459	-1.22442672326	-1.42397415851	684
54	0.25	1.0	0.0	4.589420211	-1.55932564587	-1.85882654078	5.17414728022	-1.52070701094	-1.75646657921	685
54	0.5	0.0	0.0	6.3962315885	-0.0718228396117	-0.244013075115	6.60125476294	0.296509797675	0.281858815733	686
54	0.5	0.25	0.0	6.21845148553	-0.658970340051	-0.631875045467	6.47339786329	-0.404616504238	-0.114529975971	687
54	0.5	0.5	0.0	5.81195800479	-1.16665082371	-0.996652709523	6.18131299168	-1.05175987028	-0.499636584583	688
54	0.5	0.75	0.0	5.27611154935	-1.60657065831	-1.29739159165	5.77131904991	-1.59751721535	-0.826172162549	689
54	0.5	1.0	0.0	4.71027252227	-1.99043621155	-1.49313721622	5.28973493978	-1.99448545434	-1.04684786232	690
54	0.75	0.0	0.0	6.39111209603	-0.0811073540207	-0.222979504917	6.6130315344	0.272939671498	0.315243118263	691
54	0.75	0.25	0.0	6.22428208532	-0.745140000621	-0.447655558704	6.48165795828	-0.484685167257	0.163584559736	692
54	0.75	0.5	0.0	5.84512173246	-1.32981493989	-0.690498999952	6.18913220387	-1.20583079524	-0.00340599337963	693
54	0.75	0.75	0.0	5.34522967804	-1.84902436734	-0.906377275777	5.79745085383	-1.8359151395	-0.153016136898	694
54	0.75	1.0	0.0	4.81620456265	-2.31666047846	-1.0501578333	5.36861049077	-2.32035612706	-0.252533466631	695
54	1.0	0.0	0.0	6.388785054	-0.084374599	-0.200000007	6.61838461234	0.263178966624	0.343836585421	696
54	1.0	0.25	0.0	6.22606412731	-0.772477083291	-0.262153916764	6.47969122446	-0.492984264556	0.436406558305	697
54	1.0	0.5	0.0	5.85556700167	-1.38421159923	-0.402100738431	6.17557878312	-1.21636201893	0.435536454075	698
54	1.0	0.75	0.0	5.36431415869	-1.93097564955	-0.552218929382	5.78452087173	-1.85774888759	0.401213443424	699
54	1.0	1.0	0.0	4.83932608	-2.424166737	-0.644886947	5.38499107371	-2.36793946167	0.393424697044	700
57	0.0	0.0	0.0	6.388785054	-0.084374599	-0.200000007	6.61838461234	0.263178966624	0.343836585421	701
57	0.0	0.25	0.0	6.22606412731	-0.772477083291	-0.262153916764	6.47969122446	-0.492984264556	0.436406558305	702
57	0.0	0.5	0.0	5.85556700167	-1.38421159923	-0.402100738431	6.17557878312	-1.21636201893	0.435536454075	703
57	0.0	0.75	0.0	5.36431415869	-1.93097564955	-0.552218929382	5.78452087173	-1.85774888759	0.401213443424	704
57	0.0	1.0	0.0	4.83932608	-2.424166737	-0.644886947	5.38499107371	-2.36793946167	0.393424697044	705
57	0.25	0.0	0.0	6.39285782916	-0.0812373917896	-0.176648936624	6.60681295721	0.273558559591	0.380879084194	706
57	0.25	0.25	0.0	6.22020553704	-0.7359473128	-0.0934872754373	6.46016521725	-0.441107430599	0.665388313108	707
57	0.25	0.5	0.0	5.82530896409	-1.31936343294	-0.164191145239	6.13644149184	-1.11742661184	0.762017559984	708
57	0.25	0.75	0.0	5.3047723031	-1.83708362255	-0.283564085281	5.72198476041	-1.71670924392	0.776714089782	709
57	0.25	1.0	0.0	4.75519974688	-2.29470575198	-0.346409634817	5.30313800236	-2.2002655866	0.815425167463	710
57	0.5	0.0	0.0	6.4018179345	-0.0721696028143	-0.155774436167	6.58135531592	0.298559597231	0.431874727123	711
57	0.5	0.25	0.0	6.20824449601	-0.648012088183	0.0601342053384	6.42321471198	-0.349530508489	0.85160848885	712
57	0.5	0.5	0.0	5.76503349614	-1.1676062831	0.0683601345632	6.06816787552	-0.958568614453	1.05666990416	713
57	0.5	0.75	0.0	5.19254369041	-1.62696387156	-0.00544441237595	5.60937205176	-1.49944607492	1.15406083708	714
57	0.5	1.0	0.0	4.61113383434	-2.0220965376	-0.0356271993631	5.13998448589	-1.94305424416	1.25078315165	715
57	0.75	0.0	0.0	6.41077803984	-0.0576869874318	-0.138218143626	6.55589767463	0.328975461278	0.479552162136	716
57	0.75	0.25	0.0	6.19681663302	-0.521797105597	0.186429081291	6.38379033917	-0.223016078887	0.997820122742	717
57	0.75	0.5	0.0	5.7065569159	-0.959939701184	0.264776512468	5.99209775725	-0.757256402039	1.29687455232	718
57	0.75	0.75	0.0	5.08390648032	-1.35398882383	0.23474302326	5.4842349024	-1.24199650735	1.47309020268	719
57	0.75	1.0	0.0	4.47277291813	-1.68581852317	0.234247487022	4.96361674813	-1.645487394	1.62284182563	720
57	1.0	0.0	0.0	6.414850815	-0.038305301	-0.124821697	6.5443260195	0.355599533467	0.506640037158	721
57	1.0	0.25	0.0	6.19255757685	-0.370428061199	0.273115908149	6.35684272935	-0.0663267224539	1.106776252	722
57	1.0	0.5	0.0	5.68169554144	-0.727363238676	0.394281399966	5.92957096012	-0.530958349888	1.46001257018	723
57	1.0	0.75	0.0	5.03513883255	-1.07153090656	0.389601155551	5.38412546893	-0.980397667961	1.67363870392	724
57	1.0	1.0	0.0	4.405761574	-1.365351138	0.410001552	4.84212101288	-1.3567469958	1.8549443654	725
58	0.0	0.0	0.0	6.414850815	-0.038305301	-0.124821697	6.5443260195	0.355599533467	0.506640037158	726
58	0.0	0.25	0.0	6.19255757685	-0.370428061199	0.273115908149	6.35684272935	-0.0663267224539	1.106776252	727
58	0.0	0.5	0.0	5.68169554144	-0.727363238676	0.394281399966	5.92957096012	-0.530958349888	1.46001257018	728
58	0.0	0.75	0.0	5.03513883255	-1.07153090656	0.389601155551	5.38412546893	-0.980397667961	1.67363870392	729
58	0.0	1.0	0.0	4.405761574	-1.365351138	0.410001552	4.84212101288	-1.3567469958	1.8549443654	730
58	0.25	0.0	0.0	6.41713209531	-0.0189188214157	-0.117780961045	6.53523649968	0.375106943457	0.508743055458	731
58	0.25	0.25	0.0	6.19980420912	-0.225129153716	0.30130956048	6.3366272079	0.0903676505462	1.1472229994	732
58	0.25	0.5	0.0	5.69782537632	-0.49672009812	0.438451125413	5.88654462102	-0.287208861306	1.51893098949	733
58	0.25	0.75	0.0	5.05911147203	-0.782340479607	0.444643111668	5.32651530823	-0.682758046113	1.73998002954	734
58	0.25	1.0	0.0	4.43157837142	-1.03063912316	0.470884897162	4.79806583871	-1.02141535789	1.92648312339	735
58	0.5	0.0	0.0	6.422150912	0.0013250611238	-0.11565055545	6.51523955608	0.39561687289	0.500010482212	736
58	0.5	0.25	0.0	6.21472451415	-0.07800882849	0.284660566635	6.31258090492	0.253250112623	1.12482445621	737
58	0.5	0.5	0.0	5.7330712964	-0.249751460763	0.424103609821	5.85493296898	-0.00345933852153	1.49863827049	738
58	0.5	0.75	0.0	5.11762246315	-0.452004950792	0.436589497922	5.29728001526	-0.303704047999	1.72317404937	739
58	0.5	1.0	0.0	4.5088092188	-0.622871413673	0.456029154752	4.79460631076	-0.576676583266	1.90015391717	740
58	0.75	0.0	0.0	6.42716972869	0.0214920381014	-0.11841579713	6.49524261248	0.41604989676	0.48638226169	741
58	0.75	0.25	0.0	6.23134602966	0.060706341119	0.236901791315	6.2948163042	0.410478192887	1.06360450985	742
58	0.75	0.5	0.0	5.77486920755	-0.0127415733496	0.364015568854	5.84264481411	0.28159730554	1.41943860097	743
58	0.75	0.75	0.0	5.19031585172	-0.130411589581	0.37561958255	5.29847447116	0.0901295996591	1.63778579418	744
58	0.75	1.0	0.0	4.61026255153	-0.223863591853	0.384407879466	4.82205160433	-0.103202559813	1.80254734863	745
58	1.0	0.0	0.0	6.429451009	0.040647801	-0.126062003	6.48615309266	0.435326590065	0.473798338165	746
58	1.0	0.25	0.0	6.24369629339	0.180789781752	0.171766099219	6.29344588958	0.550209420451	0.987587047708	747
58	1.0	0.5	0.0	5.81065501564	0.188025317377	0.270963718172	5.85758896655	0.529268157953	1.30163616868	748
58	1.0	0.75	0.0	5.25683568356	0.132552334564	0.271912633789	5.33215355708	0.432108170141	1.49838029478	749
58	1.0	1.0	0.0	4.708746805	0.08456876	0.274994626	4.87071089469	0.318334824586	1.66025401967	750
61	0.0	0.0	0.0	6.429451009	0.040647801	-0.126062003	6.48615309266	0.435326590065	0.473798338165	751
61	0.0	0.25	0.0	6.24369629339	0.180789781752	0.171766099219	6.29344588958	0.550209420451	0.987587047708	752
61	0.0	0.5	0.0	5.81065501564	0.188025317377	0.270963718172	5.85758896655	0.529268157953	1.30163616868	753
61	0.0	0.75	0.0	5.25683568356	0.132552334564	0.271912633789	5.33215355708	0.432108170141	1.49838029478	754
61	0.0	1.0	0.0	4.708746805	0.08456876	0.274994626	4.87071089469	0.318334824586	1.66025401967	755
61	0.25	0.0	0.0	6.43243498588	0.050592403596	-0.1322682435	6.48190990306	0.44399446037	0.460230311992	756
61	0.25	0.25	0.0	6.25055709088	0.24362636111	0.132358353945	6.29474850432	0.621715511238	0.941063331418	757
61	0.25	0.5	0.0	5.82717713245	0.295578587686	0.211553189409	5.87070292431	0.65549305898	1.22591654673	758
61	0.25	0.75	0.0	5.28668083515	0.271004912574	0.200488097611	5.35693622204	0.604963512555	1.40031997081	759
61	0.25	1.0	0.0	4.7534539235	0.234461165027	0.194334913272	4.90061145651	0.529763280921	1.54980361658	760
61	0.5	0.0	0.0	6.438999735	0.0589222995524	-0.139196929864	6.47257488595	0.449515545287	0.43710569715	761
61	0.5	0.25	0.0	6.26087715942	0.306566371445	0.0913827839629	6.29111031757	0.689761718521	0.886903240838	762
61	0.5	0.5	0.0	5.8466822302	0.416603234527	0.147475057549	5.87970446385	0.789420835425	1.13952842432	763
61	0.5	0.75	0.0	5.31799344955	0.436948930217	0.11669347446	5.37915840788	0.796636118612	1.28118019176	764
61	0.5	1.0	0.0	4.79638931972	0.415519499931	0.0866516182615	4.93027323273	0.759550790693	1.39805748735	765
61	0.75	0.0	0.0	6.44556448412	0.0661091704826	-0.147305126795	6.46323986885	0.453893605177	0.41280157174	766
61	0.75	0.25	0.0	6.27197396954	0.363921669129	0.0462140532908	6.28695129909	0.750500477937	0.826092020411	767
61	0.75	0.5	0.0	5.86802766651	0.530233833623	0.0781806631751	5.88702871759	0.912928597908	1.04412822255	768
61	0.75	0.75	0.0	5.35038025033	0.594629999644	0.0257901474908	5.39830363017	0.97401127743	1.15215921015	769
61	0.75	1.0	0.0	4.83568639632	0.58669450287	-0.0337620491295	4.95560754268	0.966581828842	1.23543401521	770
61	1.0	0.0	0.0	6.448548461	0.072624698	-0.157049899	6.45899667925	0.459132400404	0.395695013863	771
61	1.0	0.25	0.0	6.28116499177	0.410004110533	-0.00577317405242	6.28669141865	0.800084225119	0.759614914584	772
61	1.0	0.5	0.0	5.89007079905	0.615604960694	0.00312134687222	5.89511081793	1.00789345705	0.941372362535	773
61	1.0	0.75	0.0	5.38344796105	0.708293733007	-0.0669605001392	5.41385540449	1.10397427813	1.02445527853	774
61	1.0	1.0	0.0	4.869478556	0.706936912	-0.152612879	4.97252570572	1.10974087031	1.09235158339	775
62	0.0	0.0	0.0	6.448548461	0.072624698	-0.157049899	6.45899667925	0.459132400404	0.395695013863	776
62	0.0	0.25	0.0	6.28116499177	0.410004110533	-0.00577317405242	6.28669141865	0.800084225119	0.759614914584	777
62	0.0	0.5	0.0	5.89007079905	0.615604960694	0.00312134687222	5.89511081793	1.00789345705	0.941372362535	778
62	0.0	0.75	0.0	5.38344796105	0.708293733007	-0.0669605001392	5.41385540449	1.10397427813	1.02445527853	779
62	0.0	1.0	0.0	4.869478556	0.706936912	-0.152612879	4.97252570572	1.10974087031	1.09235158339	780
62	0.25	0.0	0.0	6.45470632303	0.0789769974323	-0.168440184361	6.45787062916	0.465749515259	0.391195334812	781
62	0.25	0.25	0.0	6.29198242981	0.444905816959	-0.0665954909923	6.28869972677	0.843059272838	0.688046237862	782
62	0.25	0.5	0.0	5.91063457972	0.666797965272	-0.0845183502843	5.90361322774	1.07187609864	0.833053112752	783
62	0.25	0.75	0.0	5.41260068697	0.767164770513	-0.172567158761	5.42795261417	1.17860900147	0.897859203388	784
62	0.25	1.0	0.0	4.89981866576	0.768517560826	-0.281100312949	4.98705936811	1.18966699011	0.954107753678	785
62	0.5	0.0	0.0	6.4682536195	0.082514205275	-0.177426682347	6.45539331897	0.469869317033	0.397368170707	786
62	0.5	0.25	0.0	6.30804947154	0.467379346266	-0.122065745972	6.28972995404	0.878794684123	0.623496540762	787
62	0.5	0.5	0.0	5.9328280591	0.70096659218	-0.180562223476	5.9126369547	1.12233949632	0.723130090892	788
62	0.5	0.75	0.0	5.44190474991	0.810240077187	-0.30477907704	5.44518878474	1.23852555543	0.755011850259	789
62	0.5	1.0	0.0	4.93459491171	0.822163935453	-0.446579268847	5.00845990792	1.26537466328	0.777884848021	790
62	0.75	0.0	0.0	6.48180091597	0.0840441347302	-0.18696231016	6.45291600878	0.471981840419	0.402991876775	791
62	0.75	0.25	0.0	6.32420186968	0.484294412349	-0.181566511466	6.29069164683	0.910116160382	0.55327743828	792
62	0.75	0.5	0.0	5.95544167899	0.731962607771	-0.283266117854	5.9219427307	1.16857195276	0.608417591442	793
62	0.75	0.75	0.0	5.47180013743	0.855865906203	-0.444449704997	5.46377988624	1.29763913975	0.609353172899	794
62	0.75	1.0	0.0	4.96955703855	0.884821492854	-0.617505848572	5.03331373931	1.34760764356	0.597025019294	795
62	1.0	0.0	0.0	6.487958778	0.084374599	-0.199999985	6.45178995869	0.472577120112	0.396844808244	796
62	1.0	0.25	0.0	6.33527537697	0.502520729105	-0.254480359952	6.29249435153	0.939849403022	0.464700545412	797
62	1.0	0.5	0.0	5.97726588121	0.773637778396	-0.390885878571	5.93129128762	1.21986177067	0.485729908885	798
62	1.0	0.75	0.0	5.5027268371	0.922388510739	-0.572432492654	5.48194188869	1.36986495418	0.474323125068	799
62	1.0	1.0	0.0	5.000454791	0.97343569	-0.762336154	5.05820727646	1.44710968468	0.444870420369	800
