Elem	xi[0]	xi[1]	xi[2]	Y[0]	Y[1]	Y[2]	y[0]	y[1]	y[2]	Index
1	0.0	0.0	0.0	1.031429191	1.559569583	0.229657102	1.07694103063	1.43684103371	-0.363679074772	1
1	0.0	0.25	0.0	0.513544660543	1.49487959547	0.163789425391	0.528325942205	1.3645499084	-0.381819092403	2
1	0.0	0.5	0.0	-0.0106634707701	1.32553616678	0.123264158547	-0.0222249878227	1.20795965459	-0.404923900839	3
1	0.0	0.75	0.0	-0.557000068948	1.12846265121	0.0957299369303	-0.577745666281	1.03698148333	-0.429417678825	4
1	0.0	1.0	0.0	-1.14127	0.980582403	0.068835396	-1.14127	0.921526605687	-0.451724605104	5
1	0.25	0.0	0.0	1.03131202337	1.35217269537	0.0227637106914	1.09829396657	1.27781596603	-0.67075146317	6
1	0.25	0.25	0.0	0.515487079605	1.29516553872	-0.05157199569	0.544030199079	1.21002139204	-0.701421498634	7
1	0.25	0.5	0.0	-0.0147382296051	1.14479481022	-0.118570341775	-0.0158575606604	1.07297036191	-0.746187240196	8
1	0.25	0.75	0.0	-0.56631485153	0.977823129522	-0.172484950547	-0.579791481787	0.928082463747	-0.793839592686	9
1	0.25	1.0	0.0	-1.14619373344	0.871013116262	-0.207569444989	-1.14619373344	0.83677728568	-0.833169460934	10
1	0.5	0.0	0.0	1.04848884842	1.0910788383	-0.217210544239	1.13540175977	1.0614142126	-1.01410125635	11
1	0.5	0.25	0.0	0.532862372043	1.03543173794	-0.311933984562	0.576369016807	0.995026894234	-1.07307239496	12
1	0.5	0.5	0.0	-0.0105613151595	0.91091927974	-0.41315546731	-0.00151629723592	0.879470875327	-1.15137554052	13
1	0.5	0.75	0.0	-0.57588768955	0.774497617942	-0.493350260409	-0.584098579591	0.754715213405	-1.22528204304	14
1	0.5	1.0	0.0	-1.15722222749	0.683122906792	-0.524993631784	-1.15722222749	0.660728965998	-1.2710632525	15
1	0.75	0.0	0.0	1.07382045127	0.812050392071	-0.464158053799	1.17769467937	0.832914518785	-1.35750315534	16
1	0.75	0.25	0.0	0.555037842217	0.756177221416	-0.579658156488	0.612576206358	0.762365700173	-1.44356963694	17
1	0.75	0.5	0.0	-0.00703339332281	0.663652537385	-0.704903340827	0.0112770228745	0.663574916833	-1.54549397496	18
1	0.75	0.75	0.0	-0.589868971335	0.557413129536	-0.799126528437	-0.593973154155	0.550369076252	-1.63372992272	19
1	0.75	1.0	0.0	-1.1709446078	0.460395787426	-0.821560640937	-1.1709446078	0.436575085916	-1.67873123356	20
1	1.0	0.0	0.0	1.098167617	0.550849737	-0.691971209	1.21460299449	0.637595629983	-1.66473186115	21
1	1.0	0.25	0.0	0.571380794487	0.497901017414	-0.817106126734	0.639885578701	0.554837095058	-1.75971108012	22
1	1.0	0.5	0.0	-0.0130551299847	0.442737545194	-0.938226085099	0.0130006200946	0.461396208417	-1.85354771663	23
1	1.0	0.75	0.0	-0.612409085214	0.365496677377	-1.02207429041	-0.612721399937	0.34853339624	-1.92916812458	24
1	1.0	1.0	0.0	-1.18395	0.246315771	-1.035393949	-1.18395	0.20750908471	-1.96949865786	25
2	0.0	0.0	0.0	1.098167617	0.550849737	-0.691971209	1.21460299449	0.637595629983	-1.66473186115	26
2	0.0	0.25	0.0	0.571380794487	0.497901017414	-0.817106126734	0.639885578701	0.554837095058	-1.75971108012	27
2	0.0	0.5	0.0	-0.0130551299847	0.442737545194	-0.938226085099	0.0130006200946	0.461396208417	-1.85354771663	28
2	0.0	0.75	0.0	-0.612409085214	0.365496677377	-1.02207429041	-0.612721399937	0.34853339624	-1.92916812458	29
2	0.0	1.0	0.0	-1.18395	0.246315771	-1.035393949	-1.18395	0.20750908471	-1.96949865786	30
2	0.25	0.0	0.0	1.11487202746	0.384223969646	-0.915577114301	1.23961131563	0.513076784792	-1.94187953684	31
2	0.25	0.25	0.0	0.583596593232	0.32428448222	-1.02688196192	0.653043893751	0.41099072404	-2.02413706683	32
2	0.25	0.5	0.0	-0.0109347394382	0.277280355136	-1.12202095926	0.0116906866957	0.298085451601	-2.09237937116	33
2	0.25	0.75	0.0	-0.620521130415	0.206898993251	-1.17364574239	-0.624845469691	0.165663683963	-2.13778708141	34
2	0.25	1.0	0.0	-1.19696173956	0.0768278014246	-1.1544079474	-1.19696173956	0.00502813761488	-2.15154082921	35
2	0.5	0.0	0.0	1.12872472364	0.275647516411	-1.1969196002	1.26271405799	0.40286957242	-2.26513802034	36
2	0.5	0.25	0.0	0.598013791091	0.189361797718	-1.28358273691	0.661288838065	0.270328029361	-2.33377378532	37
2	0.5	0.5	0.0	0.00380406887482	0.104258020498	-1.35325189283	0.0120018440089	0.103215504763	-2.39009447047	38
2	0.5	0.75	0.0	-0.614253742818	0.00152307828915	-1.36762296259	-0.631734793503	-0.0821242162732	-2.41287851079	39
2	0.5	1.0	0.0	-1.21650894379	-0.137656135371	-1.28839184081	-1.21650894379	-0.269347348649	-2.38090434131	40
2	0.75	0.0	0.0	1.13917713075	0.19012326897	-1.49398073626	1.28544561491	0.278589953976	-2.58914304846	41
2	0.75	0.25	0.0	0.611869142442	0.0749945997066	-1.55915066117	0.670469803418	0.115519689201	-2.64929629789	42
2	0.75	0.5	0.0	0.0219991793397	-0.0611971929131	-1.59331387547	0.0148858779756	-0.107939842942	-2.6885789464	43
2	0.75	0.75	0.0	-0.603297134777	-0.208072522017	-1.55758996736	-0.636000626757	-0.347728372053	-2.68041186565	44
2	0.75	1.0	0.0	-1.23688417613	-0.355251800731	-1.41309852507	-1.23688417613	-0.559785627732	-2.59821592729	45
2	1.0	0.0	0.0	1.145680674	0.092654119	-1.764742592	1.30934037975	0.111853890564	-2.86853035804	46
2	1.0	0.25	0.0	0.622399401658	-0.0369554760177	-1.82552794416	0.686436181584	-0.0707636182652	-2.93137966685	47
2	1.0	0.5	0.0	0.0344884763418	-0.203953019294	-1.80360189681	0.0212945745373	-0.320106802365	-2.92971873081	48
2	1.0	0.75	0.0	-0.597341518645	-0.379329262173	-1.69713077306	-0.640254224841	-0.584046850962	-2.86635659895	49
2	1.0	1.0	0.0	-1.25238	-0.534074956	-1.504280896	-1.25238	-0.810454953285	-2.74410232029	50
5	0.0	0.0	0.0	1.145680674	0.092654119	-1.764742592	1.30934037975	0.111853890564	-2.86853035804	51
5	0.0	0.25	0.0	0.622399401658	-0.0369554760177	-1.82552794416	0.686436181584	-0.0707636182652	-2.93137966685	52
5	0.0	0.5	0.0	0.0344884763418	-0.203953019294	-1.80360189681	0.0212945745373	-0.320106802365	-2.92971873081	53
5	0.0	0.75	0.0	-0.597341518645	-0.379329262173	-1.69713077306	-0.640254224841	-0.584046850962	-2.86635659895	54
5	0.0	1.0	0.0	-1.25238	-0.534074956	-1.504280896	-1.25238	-0.810454953285	-2.74410232029	55
5	0.25	0.0	0.0	1.13513590273	-0.428411808282	-2.25545974533	1.35301691527	-0.656183962792	-3.34232182893	56
5	0.25	0.25	0.0	0.611825245531	-0.562071200636	-2.30734223884	0.716908419371	-0.854934206496	-3.39644016861	57
5	0.25	0.5	0.0	0.0242364241202	-0.718666107391	-2.13872803722	0.0260890062029	-1.0750678511	-3.26274671353	58
5	0.25	0.75	0.0	-0.613599270763	-0.875675184159	-1.86504754887	-0.661433318345	-1.29546454185	-3.04452537269	59
5	0.25	1.0	0.0	-1.28765054838	-1.01057708656	-1.60173118216	-1.28765054838	-1.49500392402	-2.84506005508	60
5	0.5	0.0	0.0	1.09846873523	-1.22609465794	-2.46051122397	1.36439755875	-1.72871247242	-3.50505596335	61
5	0.5	0.25	0.0	0.564269188507	-1.36257149936	-2.4636297946	0.71166383999	-1.93110278293	-3.50739191321	62
5	0.5	0.5	0.0	-0.0197699754579	-1.4732192253	-2.22168925487	0.00628370036595	-2.10399449699	-3.29816954207	63
5	0.5	0.75	0.0	-0.652217662631	-1.56095575017	-1.87847684147	-0.694049594498	-2.25176158255	-3.00257857231	64
5	0.5	1.0	0.0	-1.33164277898	-1.6286989884	-1.57777979106	-1.33164277898	-2.37877800757	-2.74580872632	65
5	0.75	0.0	0.0	1.06243137787	-2.06057159039	-2.40183556588	1.36121777665	-2.81647611216	-3.37834496678	66
5	0.75	0.25	0.0	0.51805399469	-2.18146550257	-2.34721156261	0.695257669241	-3.00186891314	-3.31959237467	67
5	0.75	0.5	0.0	-0.0664796046416	-2.22765673989	-2.09020898817	-0.0180583903713	-3.11708531569	-3.08444130944	68
5	0.75	0.75	0.0	-0.695001462207	-2.22793500706	-1.74658475116	-0.724876715659	-3.18372710733	-2.77393950156	69
5	0.75	1.0	0.0	-1.37134362009	-2.21109000879	-1.43209576017	-1.37134362009	-3.22339607558	-2.48913468154	70
5	1.0	0.0	0.0	1.053776037	-2.692019766	-2.101371309	1.36121303539	-3.63021935589	-2.98380104473	71
5	1.0	0.25	0.0	0.511502428181	-2.76176234066	-2.01090849403	0.692245132926	-3.7698321627	-2.88839902701	72
5	1.0	0.5	0.0	-0.0848413456798	-2.74202301805	-1.78201067553	-0.0268743134062	-3.82453888286	-2.67001610865	73
5	1.0	0.75	0.0	-0.723755437451	-2.66937700167	-1.47853737826	-0.740688344188	-3.82215025049	-2.39203146422	74
5	1.0	1.0	0.0	-1.39374	-2.580399495	-1.164348127	-1.39374	-3.79047699971	-2.1178242683	75
6	0.0	0.0	0.0	1.053776037	-2.692019766	-2.101371309	1.36121303539	-3.63021935589	-2.98380104473	76
6	0.0	0.25	0.0	0.511502428181	-2.76176234066	-2.01090849403	0.692245132926	-3.7698321627	-2.88839902701	77
6	0.0	0.5	0.0	-0.0848413456798	-2.74202301805	-1.78201067553	-0.0268743134062	-3.82453888286	-2.67001610865	78
6	0.0	0.75	0.0	-0.723755437451	-2.66937700167	-1.47853737826	-0.740688344188	-3.82215025049	-2.39203146422	79
6	0.0	1.0	0.0	-1.39374	-2.580399495	-1.164348127	-1.39374	-3.79047699971	-2.1178242683	80
6	0.25	0.0	0.0	1.08058422479	-3.12062138926	-1.65440822362	1.3777776388	-4.15892395904	-2.40839037499	81
6	0.25	0.25	0.0	0.535012587134	-3.11684100315	-1.5593501819	0.702365924181	-4.23710148787	-2.31514101164	82
6	0.25	0.5	0.0	-0.0698948564318	-3.01926929625	-1.37135403958	-0.0202712087256	-4.21385603429	-2.13925964171	83
6	0.25	0.75	0.0	-0.720802265158	-2.87078326217	-1.12440319427	-0.739421777142	-4.1332145199	-1.922330959	84
6	0.25	1.0	0.0	-1.40437379829	-2.71425989448	-0.852481043627	-1.40437379829	-4.03920386629	-1.70593965731	85
6	0.5	0.0	0.0	1.1248138792	-3.56716785647	-1.07646887528	1.40571884768	-4.69136335129	-1.64628854118	86
6	0.5	0.25	0.0	0.555848034163	-3.49161338147	-0.983572591897	0.71094718457	-4.71371930786	-1.56661533279	87
6	0.5	0.5	0.0	-0.0516089641996	-3.30768176226	-0.826419275237	-0.0138404926726	-4.61039777138	-1.42976174956	88
6	0.5	0.75	0.0	-0.706776651094	-3.0682016642	-0.635810275545	-0.734996852092	-4.44368621242	-1.27591759374	89
6	0.5	1.0	0.0	-1.41887456173	-2.82600175268	-0.442546943062	-1.41887456173	-4.27587210153	-1.14527266757	90
6	0.75	0.0	0.0	1.16740631327	-3.90907368719	-0.466448137552	1.43133279707	-5.11241061169	-0.827437318898	91
6	0.75	0.25	0.0	0.568055166203	-3.78140253071	-0.386925437878	0.715785633382	-5.09340410332	-0.776392194264	92
6	0.75	0.5	0.0	-0.0464868646291	-3.53471646633	-0.265207461939	-0.0117911737669	-4.93540756653	-0.690038805109	93
6	0.75	0.75	0.0	-0.703738395904	-3.22682331927	-0.132767737786	-0.73344370584	-4.70800648343	-0.606500173319	94
6	0.75	1.0	0.0	-1.4312180443	-2.91553091479	-0.0210797934658	-1.4312180443	-4.48078633616	-0.56389932078	95
6	1.0	0.0	0.0	1.18930284	-4.023753401	0.076759116	1.44091562204	-5.3069388193	-0.0817784837328	96
6	1.0	0.25	0.0	0.565680380187	-3.88153150596	0.127241566289	0.714677989907	-5.26987435491	-0.0780417998923	97
6	1.0	0.5	0.0	-0.0710317533667	-3.62782945874	0.194280320889	-0.0183322605282	-5.11012889212	-0.0686071812744	98
6	1.0	0.75	0.0	-0.733747300238	-3.31183933889	0.264715303294	-0.74079247519	-4.88061648834	-0.0677875026174	99
6	1.0	1.0	0.0	-1.43538	-2.982753226	0.325386437	-1.43538	-4.63425120092	-0.0898956386599	100
9	0.0	0.0	0.0	1.18930284	-4.023753401	0.076759116	1.44091562204	-5.3069388193	-0.0817784837328	101
9	0.0	0.25	0.0	0.565680380187	-3.88153150596	0.127241566289	0.714677989907	-5.26987435491	-0.0780417998923	102
9	0.0	0.5	0.0	-0.0710317533667	-3.62782945874	0.194280320889	-0.0183322605282	-5.11012889212	-0.0686071812744	103
9	0.0	0.75	0.0	-0.733747300238	-3.31183933889	0.264715303294	-0.74079247519	-4.88061648834	-0.0677875026174	104
9	0.0	1.0	0.0	-1.43538	-2.982753226	0.325386437	-1.43538	-4.63425120092	-0.0898956386599	105
9	0.25	0.0	0.0	1.18546683913	-3.68663061769	0.735312247311	1.41711546784	-5.02733208512	0.850935159902	106
9	0.25	0.25	0.0	0.569202035255	-3.57100473461	0.741866492677	0.70899454515	-4.9944235997	0.800946936839	107
9	0.25	0.5	0.0	-0.0825468891014	-3.4006519147	0.780398206691	-0.0132616528186	-4.91290671064	0.761155157189	108
9	0.25	0.75	0.0	-0.742711633968	-3.18602485926	0.836022138555	-0.720664132261	-4.78090043014	0.72539081162	109
9	0.25	1.0	0.0	-1.38422389937	-2.93757626959	0.893853037472	-1.38422389937	-4.59652377043	0.687484890802	110
9	0.5	0.0	0.0	1.16941879981	-2.97941219804	1.38676609964	1.3714549804	-4.27388130151	1.75250686856	111
9	0.5	0.25	0.0	0.604184977459	-2.91120455886	1.36126531686	0.710977444697	-4.25966910016	1.67942605927	112
9	0.5	0.5	0.0	-0.0117003586773	-2.85918232484	1.41714325822	0.0278814885598	-4.273136125	1.65426147111	113
9	0.5	0.75	0.0	-0.647474583412	-2.79227718457	1.50115694196	-0.644385234646	-4.2682807447	1.6444725352	114
9	0.5	1.0	0.0	-1.27237507155	-2.67942082661	1.56006338635	-1.27237507155	-4.19910132791	1.61751868266	115
9	0.75	0.0	0.0	1.15627955133	-2.19034815463	2.05752881215	1.32987824095	-3.35569154498	2.58819917709	116
9	0.75	0.25	0.0	0.646024408378	-2.1898196019	2.02675753999	0.725648667032	-3.38351135123	2.52434692175	117
9	0.75	0.5	0.0	0.0781142404688	-2.23798360242	2.06847283964	0.083893657965	-3.47210272854	2.50450618369	118
9	0.75	0.75	0.0	-0.527994086831	-2.28895739771	2.12219677771	-0.555549546835	-3.5647889397	2.48781933051	119
9	0.75	1.0	0.0	-1.15284370796	-2.29685822932	2.12745142081	-1.15284370796	-3.6048932475	2.43342872978	120
9	1.0	0.0	0.0	1.161169923	-1.6076885	2.774008524	1.31832933076	-2.58186789206	3.32327462033	121
9	1.0	0.25	0.0	0.670115529587	-1.69453848693	2.7796626632	0.758030190641	-2.68385084785	3.30266087862	122
9	1.0	0.5	0.0	0.1235033109	-1.77161866068	2.69834431515	0.133571349755	-2.79109211454	3.20568371816	123
9	1.0	0.75	0.0	-0.464228082487	-1.83442658159	2.56121871003	-0.497750833318	-2.89245652281	3.05379285996	124
9	1.0	1.0	0.0	-1.07864	-1.87845981	2.399451078	-1.07864	-2.97680890333	2.86843802504	125
10	0.0	0.0	0.0	1.161169923	-1.6076885	2.774008524	1.31832933076	-2.58186789206	3.32327462033	126
10	0.0	0.25	0.0	0.670115529587	-1.69453848693	2.7796626632	0.758030190641	-2.68385084785	3.30266087862	127
10	0.0	0.5	0.0	0.1235033109	-1.77161866068	2.69834431515	0.133571349755	-2.79109211454	3.20568371816	128
10	0.0	0.75	0.0	-0.464228082487	-1.83442658159	2.56121871003	-0.497750833318	-2.89245652281	3.05379285996	129
10	0.0	1.0	0.0	-1.07864	-1.87845981	2.399451078	-1.07864	-2.97680890333	2.86843802504	130
10	0.25	0.0	0.0	1.16710186801	-1.09889617356	3.09699097301	1.29894274764	-1.88270531409	3.59960318949	131
10	0.25	0.25	0.0	0.669694154185	-1.24378679454	3.11577780184	0.753782763809	-2.04056073377	3.59353417613	132
10	0.25	0.5	0.0	0.123813334526	-1.32123659893	2.94651728332	0.140060410587	-2.14768245002	3.43611598738	133
10	0.25	0.75	0.0	-0.457661424027	-1.36394481243	2.68385599463	-0.484419199654	-2.2318210842	3.19617305595	134
10	0.25	1.0	0.0	-1.06185095454	-1.40461066077	2.42244051296	-1.06185095454	-2.32072725768	2.94252981454	135
10	0.5	0.0	0.0	1.15482918403	-0.342681669566	2.94121182693	1.24066335371	-0.948907686501	3.40619148062	136
10	0.5	0.25	0.0	0.654536598028	-0.511375904421	2.92833587786	0.693656053428	-1.13095843237	3.37335096811	137
10	0.5	0.5	0.0	0.115034863351	-0.628771098657	2.79402632572	0.105013935495	-1.27449456655	3.24503635503	138
10	0.5	0.75	0.0	-0.459798727101	-0.716117078406	2.59376906614	-0.492491031863	-1.39691526581	3.06805503418	139
10	0.5	1.0	0.0	-1.06608688042	-0.794663669801	2.38304999473	-1.06608688042	-1.51561970694	2.88921439838	140
10	0.75	0.0	0.0	1.12850298877	0.502397106461	2.56457814512	1.17480281803	0.030228622895	2.95957918076	141
10	0.75	0.25	0.0	0.621948372569	0.32214088556	2.53327878464	0.618192722865	-0.164140555296	2.91495800787	142
10	0.75	0.5	0.0	0.0878789847796	0.140949587433	2.48159039638	0.0495710789238	-0.36346150992	2.85713474322	143
10	0.75	0.75	0.0	-0.47869086473	-0.0298686018392	2.39920633518	-0.520822116496	-0.55541875771	2.78838446565	144
10	0.75	1.0	0.0	-1.08274686609	-0.17900549618	2.27581995589	-1.08274686609	-0.727696815398	2.71098225401	145
10	1.0	0.0	0.0	1.0922744	1.277782249	2.224996987	1.13267280963	0.865407246277	2.47630597697	146
10	1.0	0.25	0.0	0.569234989264	1.07621027754	2.24654841555	0.567935435489	0.6507962858	2.49120204874	147
10	1.0	0.5	0.0	0.0330567862185	0.823097206649	2.24992844931	-0.00512900468251	0.393483674084	2.49710107407	148
10	1.0	0.75	0.0	-0.522388709936	0.55587539493	2.20841621242	-0.568268240105	0.124988750061	2.47610702133	149
10	1.0	1.0	0.0	-1.10323	0.311977201	2.095290829	-1.10323	-0.123169147339	2.4103238589	150
13	0.0	0.0	0.0	1.0922744	1.277782249	2.224996987	1.13267280963	0.865407246277	2.47630597697	151
13	0.0	0.25	0.0	0.569234989264	1.07621027754	2.24654841555	0.567935435489	0.6507962858	2.49120204874	152
13	0.0	0.5	0.0	0.0330567862185	0.823097206649	2.24992844931	-0.00512900468251	0.393483674084	2.49710107407	153
13	0.0	0.75	0.0	-0.522388709936	0.55587539493	2.20841621242	-0.568268240105	0.124988750061	2.47610702133	154
13	0.0	1.0	0.0	-1.10323	0.311977201	2.095290829	-1.10323	-0.123169147339	2.4103238589	155
13	0.25	0.0	0.0	1.07781196539	1.53355048951	2.08620465629	1.12265628402	1.12281102034	2.25010646237	156
13	0.25	0.25	0.0	0.546862595678	1.31475594838	2.13630288376	0.556325827555	0.894726306139	2.29767931233	157
13	0.25	0.5	0.0	0.00933652540328	1.03802588364	2.15196527628	-0.0197363543568	0.619482420726	2.32427169023	158
13	0.25	0.75	0.0	-0.543297605346	0.738938242764	2.10976200267	-0.585159077205	0.327391404378	2.31080093292	159
13	0.25	1.0	0.0	-1.11957115648	0.453070973193	1.98626323174	-1.11957115648	0.0487652973621	2.23818437721	160
13	0.5	0.0	0.0	1.06538779919	1.77236364789	1.87206074253	1.11025208355	1.36231843076	1.92784162303	161
13	0.5	0.25	0.0	0.527391413684	1.5352016766	1.9343469937	0.541014898088	1.12313575539	1.99468158277	162
13	0.5	0.5	0.0	-0.0100958612122	1.24587911947	1.96997064985	-0.0321522904847	0.840210278028	2.04688790689	163
13	0.5	0.75	0.0	-0.563055946727	0.926859898201	1.94747007666	-0.598548003949	0.536470671863	2.05950907555	164
13	0.5	1.0	0.0	-1.14747076409	0.600607934527	1.83538363982	-1.14747076409	0.234845610061	2.00759356891	165
13	0.75	0.0	0.0	1.05784060114	1.95500651282	1.62832274875	1.10020253862	1.55199963795	1.57347683912	166
13	0.75	0.25	0.0	0.513313408781	1.70675958604	1.69571473361	0.525813261922	1.30899298302	1.65517083949	167
13	0.75	0.5	0.0	-0.0240562411325	1.41583150345	1.75468074846	-0.0443524673641	1.02814056106	1.73737549966	168
13	0.75	0.75	0.0	-0.578804492607	1.09071356418	1.76342326833	-0.611158200726	0.724776299563	1.78760414032	169
13	0.75	1.0	0.0	-1.17546748965	0.739897067347	1.68014476823	-1.17546748965	0.414234126058	1.77337008218	170
13	1.0	0.0	0.0	1.058009071	2.042263873	1.400748178	1.09724997961	1.65992480231	1.25097749079	171
13	1.0	0.25	0.0	0.507120546468	1.7986418005	1.47544009168	0.514531533892	1.42526633854	1.35210906193	172
13	1.0	0.5	0.0	-0.031360481862	1.51705762494	1.55683175052	-0.0583125392929	1.15574658488	1.46816024417	173
13	1.0	0.75	0.0	-0.587684001511	1.20157244365	1.5995044116	-0.625712847929	0.864858034523	1.56045881831	174
13	1.0	1.0	0.0	-1.1921	0.856247354	1.558039332	-1.1921	0.566093180654	1.59033256516	175
14	0.0	0.0	0.0	1.058009071	2.042263873	1.400748178	1.09724997961	1.65992480231	1.25097749079	176
14	0.0	0.25	0.0	0.507120546468	1.7986418005	1.47544009168	0.514531533892	1.42526633854	1.35210906193	177
14	0.0	0.5	0.0	-0.031360481862	1.51705762494	1.55683175052	-0.0583125392929	1.15574658488	1.46816024417	178
14	0.0	0.75	0.0	-0.587684001511	1.20157244365	1.5995044116	-0.625712847929	0.864858034523	1.56045881831	179
14	0.0	1.0	0.0	-1.1921	0.856247354	1.558039332	-1.1921	0.566093180654	1.59033256516	180
14	0.25	0.0	0.0	1.05904420374	2.01317051452	1.12253003867	1.09367460778	1.68060856548	0.869775344332	181
14	0.25	0.25	0.0	0.508875338565	1.81063888485	1.17119402482	0.509125356537	1.48843935953	0.954442191803	182
14	0.25	0.5	0.0	-0.0287073553335	1.56709246529	1.22785470764	-0.0677901163172	1.26239857337	1.04593326623	183
14	0.25	0.75	0.0	-0.585170850379	1.29319672875	1.26915156473	-0.635387408817	1.01874991402	1.1281813891	184
14	0.25	1.0	0.0	-1.191982119	0.99961714811	1.27172407365	-1.191982119	0.773757088468	1.18511938189	185
14	0.5	0.0	0.0	1.05304254999	1.8950906306	0.787635575047	1.08361043389	1.63396946275	0.416067735334	186
14	0.5	0.25	0.0	0.514148153359	1.75020804167	0.790388485296	0.513762280433	1.49493390897	0.462265247415	187
14	0.5	0.5	0.0	-0.0174290160389	1.54098755143	0.816275012368	-0.0533477700123	1.30128322731	0.515869781726	188
14	0.5	0.75	0.0	-0.570370918271	1.29753007516	0.844834312599	-0.61622120533	1.08759995757	0.569700647291	189
14	0.5	1.0	0.0	-1.17335951341	1.04993652812	0.855605542329	-1.17335951341	0.888466639575	0.616577153133	190
14	0.75	0.0	0.0	1.04287918675	1.72992379539	0.466524643899	1.07528879562	1.54453708764	-0.0238491373259	191
14	0.75	0.25	0.0	0.517513193227	1.63805352665	0.424196082393	0.522232433136	1.45141556566	-0.0184718282975	192
14	0.75	0.5	0.0	-0.00794215688296	1.45503730978	0.416581788174	-0.0323659204801	1.28045282745	-0.00631950780947	193
14	0.75	0.75	0.0	-0.556556544642	1.2356071577	0.421908491304	-0.58980902773	1.0881099018	0.00912986670759	194
14	0.75	1.0	0.0	-1.15139965111	1.03449508332	0.418402921842	-1.15139965111	0.930847817479	0.0243983378231	195
14	1.0	0.0	0.0	1.031429191	1.559569583	0.229657102	1.07694103063	1.43684103371	-0.363679074772	196
14	1.0	0.25	0.0	0.513544660543	1.49487959547	0.163789425391	0.528325942205	1.3645499084	-0.381819092403	197
14	1.0	0.5	0.0	-0.0106634707701	1.32553616678	0.123264158547	-0.0222249878227	1.20795965459	-0.404923900839	198
14	1.0	0.75	0.0	-0.557000068948	1.12846265121	0.0957299369303	-0.577745666281	1.03698148333	-0.429417678825	199
14	1.0	1.0	0.0	-1.14127	0.980582403	0.068835396	-1.14127	0.921526605687	-0.451724605104	200
17	0.0	0.0	0.0	5.348771418	1.274440841	0.312304812	5.51935599295	1.34021538642	-0.17950204843	201
17	0.0	0.25	0.0	4.89041157105	1.35270898378	0.408300534433	5.04597778146	1.3988790506	-0.190652174692	202
17	0.0	0.5	0.0	4.40088597981	1.41800038691	0.46137224081	4.550800982	1.42082752444	-0.210051500527	203
17	0.0	0.75	0.0	3.91418333341	1.46377358208	0.492304896532	4.0599144955	1.41803481537	-0.232943916881	204
17	0.0	1.0	0.0	3.464292321	1.483487101	0.521883467	3.5994072229	1.40247493084	-0.254573314696	205
17	0.25	0.0	0.0	5.33478212659	1.19501443065	0.16972681941	5.52289881213	1.28945939324	-0.332833370183	206
17	0.25	0.25	0.0	4.87644542575	1.23746995259	0.252734954457	5.05008203271	1.32600613768	-0.369676734045	207
17	0.25	0.5	0.0	4.3907403886	1.2708407344	0.303133087349	4.55406041898	1.32401510413	-0.40092000861	208
17	0.25	0.75	0.0	3.90527327716	1.2871707163	0.338217886164	4.06093930382	1.29487488918	-0.428380055041	209
17	0.25	1.0	0.0	3.44765035348	1.27850383852	0.375286018979	3.5968240201	1.24997408945	-0.453873734505	210
17	0.5	0.0	0.0	5.32622919617	1.14546646686	0.00103162340683	5.52961539137	1.25715576828	-0.513580743579	211
17	0.5	0.25	0.0	4.86017144557	1.14905082437	0.0749737670256	5.05015863714	1.26541190618	-0.567091207088	212
17	0.5	0.5	0.0	4.37400935342	1.13695307799	0.130213120116	4.55297845957	1.22444462116	-0.609546214794	213
17	0.5	0.75	0.0	3.88867639146	1.11344152498	0.170919771859	4.05972985744	1.15780572116	-0.646261274844	214
17	0.5	1.0	0.0	3.42510603142	1.08278446265	0.201263811437	3.59206782953	1.08904701415	-0.682551895388	215
17	0.75	0.0	0.0	5.32435419591	1.10287191939	-0.1672767888	5.53934434036	1.22302563704	-0.697790187622	216
17	0.75	0.25	0.0	4.85035651265	1.07176859052	-0.102577785343	5.05189848521	1.20425454631	-0.763199163033	217
17	0.75	0.5	0.0	4.35905837534	1.01531887112	-0.0431893356309	4.55102148242	1.12427955206	-0.816676995756	218
17	0.75	0.75	0.0	3.87017657407	0.950464599618	0.00220008736619	4.05616238339	1.02058331861	-0.864813779775	219
17	0.75	1.0	0.0	3.40342789891	0.894147614459	0.0249020106776	3.58677023949	0.930648510313	-0.914199609074	220
17	1.0	0.0	0.0	5.330398695	1.044305758	-0.30869443	5.55192426883	1.16679012499	-0.861507721318	221
17	1.0	0.25	0.0	4.85576750915	0.98994024242	-0.257514460132	5.0609924674	1.12969224827	-0.938304171094	222
17	1.0	0.5	0.0	4.35425295543	0.904919567243	-0.202875954633	4.55165586621	1.02568337334	-1.00305922817	223
17	1.0	0.75	0.0	3.85555772275	0.806118531695	-0.156151633568	4.05011310867	0.896963688814	-1.06226377332	224
17	1.0	1.0	0.0	3.3893845	0.710411935	-0.128714217	3.58256283823	0.785733383291	-1.12240868729	225
18	0.0	0.0	0.0	3.464292321	1.483487101	0.521883467	3.5994072229	1.40247493084	-0.254573314696	226
18	0.0	0.25	0.0	2.88630062464	1.4959285415	0.518926524855	3.00134707467	1.39626256691	-0.282707035151	227
18	0.0	0.5	0.0	2.26000923847	1.51721931015	0.443616100352	2.35529459032	1.41183526931	-0.313749787399	228
18	0.0	0.75	0.0	1.62764361106	1.54066459471	0.334382767924	1.70068187419	1.43131932819	-0.342480743315	229
18	0.0	1.0	0.0	1.031429191	1.559569583	0.229657102	1.07694103063	1.43684103371	-0.363679074772	230
18	0.25	0.0	0.0	3.44765035348	1.27850383852	0.375286018979	3.5968240201	1.24997408945	-0.453873734505	231
18	0.25	0.25	0.0	2.86245923884	1.26972754769	0.367287174969	3.00220221411	1.22183324823	-0.501606526397	232
18	0.25	0.5	0.0	2.23792395746	1.29168900377	0.268059039649	2.36332727952	1.23944668804	-0.567684556115	233
18	0.25	0.75	0.0	1.61416729156	1.32547509143	0.134313816922	1.71656820184	1.2692842977	-0.631076607194	234
18	0.25	1.0	0.0	1.03131202337	1.35217269537	0.0227637106914	1.09829396657	1.27781596603	-0.67075146317	235
18	0.5	0.0	0.0	3.42510603142	1.08278446265	0.201263811437	3.59206782953	1.08904701415	-0.682551895388	236
18	0.5	0.25	0.0	2.84100139281	1.06118833996	0.171457192284	3.00295624138	1.04687183264	-0.752445617079	237
18	0.5	0.5	0.0	2.22282747456	1.06701708086	0.0523110453167	2.3722192999	1.05130576275	-0.850289265651	238
18	0.5	0.75	0.0	1.61163853899	1.08280310657	-0.0969773075088	1.73724010579	1.06770211817	-0.947151569332	239
18	0.5	1.0	0.0	1.04848884842	1.0910788383	-0.217210544239	1.13540175977	1.0614142126	-1.01410125635	240
18	0.75	0.0	0.0	3.40342789891	0.894147614459	0.0249020106776	3.58677023949	0.930648510313	-0.914199609074	241
18	0.75	0.25	0.0	2.82721673829	0.855244478301	-0.0266580883184	3.0064042962	0.877085342917	-1.00584405211	242
18	0.75	0.5	0.0	2.21767368599	0.839938619809	-0.164430573429	2.38459726138	0.865321522445	-1.13258644251	243
18	0.75	0.75	0.0	1.61860587824	0.831212953045	-0.329801782606	1.76160782558	0.861787698025	-1.26096130276	244
18	0.75	1.0	0.0	1.07382045127	0.812050392071	-0.464158053799	1.17769467937	0.832914518785	-1.35750315534	245
18	1.0	0.0	0.0	3.3893845	0.710411935	-0.128714217	3.58256283823	0.785733383291	-1.12240868729	246
18	1.0	0.25	0.0	2.82639492706	0.636829522712	-0.185153331954	3.01534151829	0.718180801865	-1.2324215764	247
18	1.0	0.5	0.0	2.22541648798	0.607188699011	-0.342968507373	2.40308777389	0.699402996136	-1.38559861318	248
18	1.0	0.75	0.0	1.63361783416	0.589268943804	-0.534470785605	1.78858160072	0.686755945658	-1.54276148049	249
18	1.0	1.0	0.0	1.098167617	0.550849737	-0.691971209	1.21460299449	0.637595629983	-1.66473186115	250
19	0.0	0.0	0.0	5.330398695	1.044305758	-0.30869443	5.55192426883	1.16679012499	-0.861507721318	251
19	0.0	0.25	0.0	4.85576750915	0.98994024242	-0.257514460132	5.0609924674	1.12969224827	-0.938304171094	252
19	0.0	0.5	0.0	4.35425295543	0.904919567243	-0.202875954633	4.55165586621	1.02568337334	-1.00305922817	253
19	0.0	0.75	0.0	3.85555772275	0.806118531695	-0.156151633568	4.05011310867	0.896963688814	-1.06226377332	254
19	0.0	1.0	0.0	3.3893845	0.710411935	-0.128714217	3.58256283823	0.785733383291	-1.12240868729	255
19	0.25	0.0	0.0	5.33835858203	0.944266948335	-0.400422664613	5.56210594671	1.06388839831	-0.983337467033	256
19	0.25	0.25	0.0	4.8685017452	0.888012535818	-0.375737542781	5.07731129198	1.0312137879	-1.08367576579	257
19	0.25	0.5	0.0	4.36324129546	0.79078572396	-0.346955823725	4.5660509254	0.923045317023	-1.17588371728	258
19	0.25	0.75	0.0	3.85752910813	0.671938330321	-0.317771128684	4.06047387848	0.784901568377	-1.25916686611	259
19	0.25	1.0	0.0	3.38631705853	0.550822172463	-0.291877078896	3.59272918271	0.662301124652	-1.3327307569	260
19	0.5	0.0	0.0	5.34353409909	0.802562540264	-0.468659287319	5.57033833148	0.917774629892	-1.08767296261	261
19	0.5	0.25	0.0	4.87835751346	0.759574016602	-0.482147540635	5.09788231876	0.906149761426	-1.22524288293	262
19	0.5	0.5	0.0	4.38014532313	0.655665169726	-0.495508982086	4.59581003032	0.80185373339	-1.36394582172	263
19	0.5	0.75	0.0	3.87498166776	0.527507432481	-0.504300280837	4.0935922555	0.661025905629	-1.4888153148	264
19	0.5	1.0	0.0	3.38895068702	0.411772237715	-0.504078106053	3.62069978367	0.539805637988	-1.58488489794	265
19	0.75	0.0	0.0	5.34693798285	0.64979292331	-0.535403957116	5.58208074038	0.765725161177	-1.18872616242	266
19	0.75	0.25	0.0	4.88723787977	0.621131921316	-0.58468540494	5.1209989908	0.771111643247	-1.36259364138	267
19	0.75	0.5	0.0	4.39820204399	0.516229606337	-0.637497056198	4.62925106384	0.670431377217	-1.54626454912	268
19	0.75	0.75	0.0	3.89496834674	0.38868227892	-0.686680952432	4.13188057693	0.529081565724	-1.71331781214	269
19	0.75	1.0	0.0	3.39267465924	0.29208623961	-0.725079135184	3.65393114748	0.412459411408	-1.83733235693	270
19	1.0	0.0	0.0	5.34958297	0.516558487	-0.622656333	5.60279249064	0.645016333594	-1.30070902081	271
19	1.0	0.25	0.0	4.89704590995	0.489193486499	-0.691292086946	5.14495475114	0.642710907743	-1.49531616	272
19	1.0	0.5	0.0	4.41064846357	0.38915073559	-0.761881672546	4.65469190889	0.537101003272	-1.70185890708	273
19	1.0	0.75	0.0	3.90454209016	0.271319310386	-0.835855005873	4.15775117998	0.392813413817	-1.89478305091	274
19	1.0	1.0	0.0	3.392878249	0.190588287	-0.914642003	3.67987978048	0.274474933017	-2.04853438037	275
20	0.0	0.0	0.0	3.3893845	0.710411935	-0.128714217	3.58256283823	0.785733383291	-1.12240868729	276
20	0.0	0.25	0.0	2.82639492706	0.636829522712	-0.185153331954	3.01534151829	0.718180801865	-1.2324215764	277
20	0.0	0.5	0.0	2.22541648798	0.607188699011	-0.342968507373	2.40308777389	0.699402996136	-1.38559861318	278
20	0.0	0.75	0.0	1.63361783416	0.589268943804	-0.534470785605	1.78858160072	0.686755945658	-1.54276148049	279
20	0.0	1.0	0.0	1.098167617	0.550849737	-0.691971209	1.21460299449	0.637595629983	-1.66473186115	280
20	0.25	0.0	0.0	3.38631705853	0.550822172463	-0.291877078896	3.59272918271	0.662301124652	-1.3327307569	281
20	0.25	0.25	0.0	2.82397370721	0.461363568693	-0.35280591674	3.03091031607	0.590466864142	-1.45771855841	282
20	0.25	0.5	0.0	2.22852638931	0.437414778426	-0.533962288654	2.42448609575	0.577959533016	-1.63461971713	283
20	0.25	0.75	0.0	1.64411314825	0.428520134472	-0.75000106454	1.81390395214	0.570316912743	-1.81286359072	284
20	0.25	1.0	0.0	1.11487202746	0.384223969646	-0.915577114301	1.23961131563	0.513076784792	-1.94187953684	285
20	0.5	0.0	0.0	3.38895068702	0.411772237715	-0.504078106053	3.62069978367	0.539805637988	-1.58488489794	286
20	0.5	0.25	0.0	2.80968658364	0.341957945972	-0.59261912492	3.05278737807	0.476097413381	-1.73024622207	287
20	0.5	0.5	0.0	2.21763718232	0.331087314283	-0.805372791609	2.44825134211	0.469824431909	-1.93711710659	288
20	0.5	0.75	0.0	1.6461880425	0.326527963984	-1.04068948906	1.84044309551	0.464308037085	-2.13793516739	289
20	0.5	1.0	0.0	1.12872472364	0.275647516411	-1.1969196002	1.26271405799	0.40286957242	-2.26513802034	290
20	0.75	0.0	0.0	3.39267465924	0.29208623961	-0.725079135184	3.65393114748	0.412459411408	-1.83733235693	291
20	0.75	0.25	0.0	2.79323133292	0.251736059073	-0.853514603196	3.07815591952	0.357254292583	-2.00683141948	292
20	0.75	0.5	0.0	2.20303576736	0.251953463858	-1.09486664022	2.47351810241	0.353125555876	-2.23945330526	293
20	0.75	0.75	0.0	1.64428526561	0.246746513859	-1.34355032499	1.8669654247	0.345196382577	-2.45896738975	294
20	0.75	1.0	0.0	1.13917713075	0.19012326897	-1.49398073626	1.28544561491	0.278589953976	-2.58914304846	295
20	1.0	0.0	0.0	3.392878249	0.190588287	-0.914642003	3.67987978048	0.274474933017	-2.04853438037	296
20	1.0	0.25	0.0	2.78430573161	0.163821312519	-1.08441399827	3.10419915566	0.216119344747	-2.24430100274	297
20	1.0	0.5	0.0	2.19500904477	0.163760384427	-1.34011045845	2.49942096612	0.205990767975	-2.4879908368	298
20	1.0	0.75	0.0	1.6428475663	0.152629865622	-1.59559783815	1.89223733358	0.189449013112	-2.71695143706	299
20	1.0	1.0	0.0	1.145680674	0.092654119	-1.764742592	1.30934037975	0.111853890564	-2.86853035804	300
25	0.0	0.0	0.0	5.34958297	0.516558487	-0.622656333	5.60279249064	0.645016333594	-1.30070902081	301
25	0.0	0.25	0.0	4.89704590995	0.489193486499	-0.691292086946	5.14495475114	0.642710907743	-1.49531616	302
25	0.0	0.5	0.0	4.41064846357	0.38915073559	-0.761881672546	4.65469190889	0.537101003272	-1.70185890708	303
25	0.0	0.75	0.0	3.90454209016	0.271319310386	-0.835855005873	4.15775117998	0.392813413817	-1.89478305091	304
25	0.0	1.0	0.0	3.392878249	0.190588287	-0.914642003	3.67987978048	0.274474933017	-2.04853438037	305
25	0.25	0.0	0.0	5.3575500589	0.125751638805	-1.01588419617	5.68592369673	0.214460728029	-1.70497087799	306
25	0.25	0.25	0.0	4.91368840558	0.0750176733636	-1.07027472888	5.2124220668	0.1512881514	-1.89102560122	307
25	0.25	0.5	0.0	4.41924284485	-0.00261746421615	-1.07680314703	4.69989109469	0.0322405304629	-2.04054991301	308
25	0.25	0.75	0.0	3.89058760365	-0.0851387312931	-1.08733159986	4.18177739081	-0.106674182178	-2.17555919093	309
25	0.25	1.0	0.0	3.3440969089	-0.150531085226	-1.15372223662	3.69152756555	-0.229448033921	-2.31806881256	310
25	0.5	0.0	0.0	5.35813429921	-0.291041245295	-1.41889621503	5.75260523548	-0.385750180186	-2.05076916621	311
25	0.5	0.25	0.0	4.89554581737	-0.375803295436	-1.43640562822	5.25955099378	-0.502230695344	-2.21167948342	312
25	0.5	0.5	0.0	4.39328983927	-0.481579843116	-1.35670106544	4.73008926832	-0.664285157612	-2.28683003588	313
25	0.5	0.75	0.0	3.84497653733	-0.589318052732	-1.26153124257	4.1914942042	-0.835700908399	-2.33283501162	314
25	0.5	1.0	0.0	3.24421608396	-0.679965088682	-1.23264487551	3.67103994649	-0.980265289115	-2.40630859868	315
25	0.75	0.0	0.0	5.34163648816	-0.700201259248	-1.68467864411	5.79109688599	-1.01770760533	-2.22404235588	316
25	0.75	0.25	0.0	4.8490102389	-0.822754656478	-1.66612270435	5.28156848813	-1.18010406125	-2.35702811346	317
25	0.75	0.5	0.0	4.33469040896	-0.966811149194	-1.51887049167	4.74451405417	-1.38267043499	-2.37596528918	318
25	0.75	0.75	0.0	3.7742106039	-1.11540022307	-1.33888438441	4.19583673103	-1.59016306283	-2.35427564931	319
25	0.75	1.0	0.0	3.14310442928	-1.2515513638	-1.2221267609	3.65143966564	-1.76733828105	-2.36538096013	320
25	1.0	0.0	0.0	5.298357423	-1.068109497	-1.666217738	5.78965842735	-1.54350276169	-2.11072891745	321
25	1.0	0.25	0.0	4.78047376377	-1.22532164634	-1.63586387665	5.27370150589	-1.74459037508	-2.22682179821	322
25	1.0	0.5	0.0	4.24534551606	-1.37738613053	-1.48060648963	4.74239307659	-1.9531096757	-2.24322168638	323
25	1.0	0.75	0.0	3.68479151606	-1.53756681146	-1.29982147579	4.20374008217	-2.16595694345	-2.2275462403	324
25	1.0	1.0	0.0	3.0906306	-1.719127551	-1.192884734	3.66574946533	-2.38002845823	-2.24741311829	325
26	0.0	0.0	0.0	3.392878249	0.190588287	-0.914642003	3.67987978048	0.274474933017	-2.04853438037	326
26	0.0	0.25	0.0	2.78430573161	0.163821312519	-1.08441399827	3.10419915566	0.216119344747	-2.24430100274	327
26	0.0	0.5	0.0	2.19500904477	0.163760384427	-1.34011045845	2.49942096612	0.205990767975	-2.4879908368	328
26	0.0	0.75	0.0	1.6428475663	0.152629865622	-1.59559783815	1.89223733358	0.189449013112	-2.71695143706	329
26	0.0	1.0	0.0	1.145680674	0.092654119	-1.764742592	1.30934037975	0.111853890564	-2.86853035804	330
26	0.25	0.0	0.0	3.3440969089	-0.150531085226	-1.15372223662	3.69152756555	-0.229448033921	-2.31806881256	331
26	0.25	0.25	0.0	2.72485399286	-0.205672544363	-1.36743812466	3.12497320329	-0.331692419008	-2.54934357626	332
26	0.25	0.5	0.0	2.15062801238	-0.263555536399	-1.67757626091	2.53087271879	-0.416965236906	-2.83531198454	333
26	0.25	0.75	0.0	1.62089622862	-0.334396483612	-2.0012217622	1.93247199511	-0.51516343553	-3.11872206092	334
26	0.25	1.0	0.0	1.13513590273	-0.428411808282	-2.25545974533	1.35301691527	-0.656183962792	-3.34232182893	335
26	0.5	0.0	0.0	3.24421608396	-0.679965088682	-1.23264487551	3.67103994649	-0.980265289115	-2.40630859868	336
26	0.5	0.25	0.0	2.60640891243	-0.785132274368	-1.42072258935	3.10327303209	-1.13344388602	-2.62291861119	337
26	0.5	0.5	0.0	2.06268911403	-0.923491559176	-1.78804274872	2.52473057522	-1.31792145444	-2.94791673479	338
26	0.5	0.75	0.0	1.57329596341	-1.07662000105	-2.1846305586	1.94268220705	-1.52068273603	-3.2767976315	339
26	0.5	1.0	0.0	1.09846873523	-1.22609465794	-2.46051122397	1.36439755875	-1.72871247242	-3.50505596335	340
26	0.75	0.0	0.0	3.14310442928	-1.2515513638	-1.2221267609	3.65143966564	-1.76733828105	-2.36538096013	341
26	0.75	0.25	0.0	2.50586730884	-1.42229715055	-1.36301978046	3.08093079784	-1.98139897389	-2.54615689509	342
26	0.75	0.5	0.0	1.98950883551	-1.64311339429	-1.74646012617	2.51236719233	-2.26535445989	-2.87183879965	343
26	0.75	0.75	0.0	1.52977989621	-1.87040367943	-2.16266099049	1.94078435123	-2.56258631425	-3.19753278611	344
26	0.75	1.0	0.0	1.06243137787	-2.06057159039	-2.40183556588	1.36121777665	-2.81647611216	-3.37834496678	345
26	1.0	0.0	0.0	3.0906306	-1.719127551	-1.192884734	3.66574946533	-2.38002845823	-2.24741311829	346
26	1.0	0.25	0.0	2.50012600062	-1.96490644597	-1.3130820861	3.09977865632	-2.66782160025	-2.40018921551	347
26	1.0	0.5	0.0	1.98940366261	-2.24948675213	-1.62777859755	2.52515522708	-3.02774082852	-2.65311189121	348
26	1.0	0.75	0.0	1.52008115254	-2.51211051148	-1.95214982098	1.94469480949	-3.37635159606	-2.88728216207	349
26	1.0	1.0	0.0	1.053776037	-2.692019766	-2.101371309	1.36121303539	-3.63021935589	-2.98380104473	350
27	0.0	0.0	0.0	5.298357423	-1.068109497	-1.666217738	5.78965842735	-1.54350276169	-2.11072891745	351
27	0.0	0.25	0.0	4.78047376377	-1.22532164634	-1.63586387665	5.27370150589	-1.74459037508	-2.22682179821	352
27	0.0	0.5	0.0	4.24534551606	-1.37738613053	-1.48060648963	4.74239307659	-1.9531096757	-2.24322168638	353
27	0.0	0.75	0.0	3.68479151606	-1.53756681146	-1.29982147579	4.20374008217	-2.16595694345	-2.2275462403	354
27	0.0	1.0	0.0	3.0906306	-1.719127551	-1.192884734	3.66574946533	-2.38002845823	-2.24741311829	355
27	0.25	0.0	0.0	5.26867360939	-1.25019112182	-1.39196343916	5.79762525899	-1.84228066647	-1.74074689104	356
27	0.25	0.25	0.0	4.74308450728	-1.48393477651	-1.35848801967	5.28812619041	-2.11437294863	-1.84502395464	357
27	0.25	0.5	0.0	4.20421140489	-1.7190945798	-1.23407523258	4.77399917204	-2.39747858553	-1.86816863499	358
27	0.25	0.75	0.0	3.66681965167	-1.96700305494	-1.10821585246	4.25742866715	-2.69279320629	-1.87368048502	359
27	0.25	1.0	0.0	3.14567459708	-2.23899272522	-1.07040065387	3.74059913901	-3.00151244003	-1.92505905766	360
27	0.5	0.0	0.0	5.26383041103	-1.30957552904	-0.973425642352	5.84309019128	-2.06603979343	-1.1872718123	361
27	0.5	0.25	0.0	4.75048878105	-1.66515188176	-0.931275254659	5.34785952564	-2.43724892971	-1.27997732062	362
27	0.5	0.5	0.0	4.25270482323	-2.05816310115	-0.851502810344	4.85594562199	-2.84862580853	-1.30782710978	363
27	0.5	0.75	0.0	3.76455740665	-2.45786725855	-0.784843186812	4.35741092943	-3.2754662457	-1.31990517158	364
27	0.5	1.0	0.0	3.28012540041	-2.8335224253	-0.782031261468	3.84231789709	-3.69306605703	-1.36529549784	365
27	0.75	0.0	0.0	5.27007613265	-1.30178181198	-0.526887318365	5.89920410011	-2.20372799091	-0.596115540359	366
27	0.75	0.25	0.0	4.77158645792	-1.77885762264	-0.46780575327	5.4212469446	-2.672086966	-0.661952972578	367
27	0.75	0.5	0.0	4.32569941166	-2.32499587247	-0.418033970829	4.94965408497	-3.20872816833	-0.682158188792	368
27	0.75	0.75	0.0	3.88666701787	-2.8597715648	-0.389786701335	4.46064195097	-3.75287454085	-0.686802181206	369
27	0.75	1.0	0.0	3.40874130053	-3.30275970298	-0.395278675081	3.9304269724	-4.2437490265	-0.705955942025	370
27	1.0	0.0	0.0	5.273659079	-1.282329064	-0.168631438	5.93911786136	-2.24429310726	-0.113089934348	371
27	1.0	0.25	0.0	4.77527741073	-1.83493665971	-0.0816596871552	5.47663388031	-2.77775570517	-0.121221986967	372
27	1.0	0.5	0.0	4.35806881077	-2.44999707161	-0.0188134619524	5.0165462195	-3.37996248854	-0.111122950091	373
27	1.0	0.75	0.0	3.94181072217	-3.0223281162	0.0168703814767	4.52407681373	-3.96391657088	-0.0949533951181	374
27	1.0	1.0	0.0	3.446280588	-3.44674761	0.022354987	3.9644475978	-4.44262106572	-0.0848738934459	375
28	0.0	0.0	0.0	3.0906306	-1.719127551	-1.192884734	3.66574946533	-2.38002845823	-2.24741311829	376
28	0.0	0.25	0.0	2.50012600062	-1.96490644597	-1.3130820861	3.09977865632	-2.66782160025	-2.40018921551	377
28	0.0	0.5	0.0	1.98940366261	-2.24948675213	-1.62777859755	2.52515522708	-3.02774082852	-2.65311189121	378
28	0.0	0.75	0.0	1.52008115254	-2.51211051148	-1.95214982098	1.94469480949	-3.37635159606	-2.88728216207	379
28	0.0	1.0	0.0	1.053776037	-2.692019766	-2.101371309	1.36121303539	-3.63021935589	-2.98380104473	380
28	0.25	0.0	0.0	3.14567459708	-2.23899272522	-1.07040065387	3.74059913901	-3.00151244003	-1.92505905766	381
28	0.25	0.25	0.0	2.62093309559	-2.52769339283	-1.18899192615	3.18668750742	-3.33348714623	-2.06283115703	382
28	0.25	0.5	0.0	2.08932302996	-2.79577363482	-1.3980283568	2.58871105547	-3.67030737469	-2.23376717835	383
28	0.25	0.75	0.0	1.56961615481	-3.00587058803	-1.58925282843	1.97597327024	-3.96208301558	-2.37118196865	384
28	0.25	1.0	0.0	1.08058422479	-3.12062138926	-1.65440822362	1.3777776388	-4.15892395904	-2.40839037499	385
28	0.5	0.0	0.0	3.28012540041	-2.8335224253	-0.782031261468	3.84231789709	-3.69306605703	-1.36529549784	386
28	0.5	0.25	0.0	2.78045610601	-3.1306052223	-0.862694250076	3.29583009202	-4.03857862753	-1.46018666616	387
28	0.5	0.5	0.0	2.2188823747	-3.3625909142	-0.974927442413	2.67225670464	-4.3290029097	-1.56247230367	388
28	0.5	0.75	0.0	1.64910227594	-3.51345371944	-1.06432194773	2.02456415113	-4.55103308909	-1.6364177991	389
28	0.5	1.0	0.0	1.1248138792	-3.56716785647	-1.07646887528	1.40571884768	-4.69136335129	-1.64628854118	390
28	0.75	0.0	0.0	3.40874130053	-3.30275970298	-0.395278675081	3.9304269724	-4.2437490265	-0.705955942025	391
28	0.75	0.25	0.0	2.9071373263	-3.58300242394	-0.428310524066	3.38222979453	-4.58021323997	-0.748096661412	392
28	0.75	0.5	0.0	2.32227570493	-3.78410783672	-0.463937160594	2.73860952116	-4.83544835776	-0.793340463247	393
28	0.75	0.75	0.0	1.72031313454	-3.89611767868	-0.483026919983	2.06612442958	-5.01199920622	-0.825262348689	394
28	0.75	1.0	0.0	1.16740631327	-3.90907368719	-0.466448137552	1.43133279707	-5.11241061169	-0.827437318898	395
28	1.0	0.0	0.0	3.446280588	-3.44674761	0.022354987	3.9644475978	-4.44262106572	-0.0848738934459	396
28	1.0	0.25	0.0	2.92941905094	-3.69424548727	0.0200377857042	3.40090999935	-4.75550817938	-0.0824020613277	397
28	1.0	0.5	0.0	2.34369702876	-3.8944936488	0.0294811824538	2.75058685162	-5.02126464313	-0.0804848531712	398
28	1.0	0.75	0.0	1.7450223492	-4.01512023867	0.0489625137265	2.07631108304	-5.21377875657	-0.0799883127238	399
28	1.0	1.0	0.0	1.18930284	-4.023753401	0.076759116	1.44091562204	-5.3069388193	-0.0817784837328	400
33	0.0	0.0	0.0	5.273659079	-1.282329064	-0.168631438	5.93911786136	-2.24429310726	-0.113089934348	401
33	0.0	0.25	0.0	4.77527741073	-1.83493665971	-0.0816596871552	5.47663388031	-2.77775570517	-0.121221986967	402
33	0.0	0.5	0.0	4.35806881077	-2.44999707161	-0.0188134619524	5.0165462195	-3.37996248854	-0.111122950091	403
33	0.0	0.75	0.0	3.94181072217	-3.0223281162	0.0168703814767	4.52407681373	-3.96391657088	-0.0949533951181	404
33	0.0	1.0	0.0	3.446280588	-3.44674761	0.022354987	3.9644475978	-4.44262106572	-0.0848738934459	405
33	0.25	0.0	0.0	5.28306841321	-1.18648830905	0.2157895899	5.97060884412	-2.12424806714	0.422591392411	406
33	0.25	0.25	0.0	4.77944503177	-1.7126194122	0.358246019551	5.51580678128	-2.64681402065	0.518287153549	407
33	0.25	0.5	0.0	4.35278214689	-2.28341490248	0.481693949803	5.0492396549	-3.23256155882	0.607936440817	408
33	0.25	0.75	0.0	3.91930665677	-2.78299328612	0.559054377947	4.5384012187	-3.77001413708	0.673598367262	409
33	0.25	1.0	0.0	3.39524545964	-3.09547306936	0.563248301275	3.95078522639	-4.14769521081	0.697332045934	410
33	0.5	0.0	0.0	5.30639062721	-0.953124872523	0.657537074456	5.99672306536	-1.83275327511	1.03781069748	411
33	0.5	0.25	0.0	4.81136674494	-1.35838078799	0.853141452952	5.53886526232	-2.26320498432	1.22359545054	412
33	0.5	0.5	0.0	4.35562693917	-1.82490183353	1.01338105364	5.0496662224	-2.77464991758	1.3799542709	413
33	0.5	0.75	0.0	3.88810025728	-2.22656154529	1.10137117769	4.51855565223	-3.23767534899	1.47759894823	414
33	0.5	1.0	0.0	3.35771574662	-2.43723345941	1.08022712626	3.93496325844	-3.52286855264	1.48724127219	415
33	0.75	0.0	0.0	5.32804331811	-0.639585496234	1.06022168078	5.99553974898	-1.43158441983	1.58594943569	416
33	0.75	0.25	0.0	4.84794543776	-0.901870571954	1.29249470738	5.53511996784	-1.7437294728	1.83686370204	417
33	0.75	0.5	0.0	4.36429484122	-1.24883936286	1.48076616117	5.02668119456	-2.15353929369	2.04819217525	418
33	0.75	0.75	0.0	3.87016929361	-1.56073270858	1.59073920485	4.48582925624	-2.53574946127	2.18589186159	419
33	0.75	1.0	0.0	3.35864656004	-1.71779144875	1.58811700112	3.92816997997	-2.76509555433	2.21591976732	420
33	1.0	0.0	0.0	5.332444083	-0.303216922	1.327454074	5.94513811889	-0.982517189987	1.92038906187	421
33	1.0	0.25	0.0	4.86608399779	-0.472738548972	1.56577387717	5.4938815423	-1.20518836269	2.20025270611	422
33	1.0	0.5	0.0	4.37647750665	-0.729608988549	1.788367584	4.98913984399	-1.51654141599	2.45591178896	423
33	1.0	0.75	0.0	3.8874915357	-0.993206590851	1.97407688357	4.46151117265	-1.83308572854	2.66732062112	424
33	1.0	1.0	0.0	3.422993011	-1.182909706	2.101743465	3.941593677	-2.07133067902	2.81443351328	425
34	0.0	0.0	0.0	3.446280588	-3.44674761	0.022354987	3.9644475978	-4.44262106572	-0.0848738934459	426
34	0.0	0.25	0.0	2.92941905094	-3.69424548727	0.0200377857042	3.40090999935	-4.75550817938	-0.0824020613277	427
34	0.0	0.5	0.0	2.34369702876	-3.8944936488	0.0294811824538	2.75058685162	-5.02126464313	-0.0804848531712	428
34	0.0	0.75	0.0	1.7450223492	-4.01512023867	0.0489625137265	2.07631108304	-5.21377875657	-0.0799883127238	429
34	0.0	1.0	0.0	1.18930284	-4.023753401	0.076759116	1.44091562204	-5.3069388193	-0.0817784837328	430
34	0.25	0.0	0.0	3.39524545964	-3.09547306936	0.563248301275	3.95078522639	-4.14769521081	0.697332045934	431
34	0.25	0.25	0.0	2.85560537649	-3.28413118485	0.569959912515	3.3584890034	-4.40881236628	0.726310388942	432
34	0.25	0.5	0.0	2.28555614677	-3.50154641768	0.637998470741	2.70701293869	-4.70130729509	0.796770545175	433
34	0.25	0.75	0.0	1.71790691837	-3.66371436344	0.711677930744	2.04400557819	-4.93690540034	0.85591223028	434
34	0.25	1.0	0.0	1.18546683913	-3.68663061769	0.735312247311	1.41711546784	-5.02733208512	0.850935159902	435
34	0.5	0.0	0.0	3.35771574662	-2.43723345941	1.08022712626	3.93496325844	-3.52286855264	1.48724127219	436
34	0.5	0.25	0.0	2.80257876166	-2.56887425772	1.09266665226	3.32275273442	-3.72295417861	1.51967094189	437
34	0.5	0.5	0.0	2.23636838254	-2.77734696946	1.23195773129	2.66166748208	-3.98684234074	1.64797030686	438
34	0.5	0.75	0.0	1.68375744876	-2.95130761083	1.37201825115	1.9963530484	-4.20649679604	1.76222155358	439
34	0.5	1.0	0.0	1.16941879981	-2.97941219804	1.38676609964	1.3714549804	-4.27388130151	1.75250686856	440
34	0.75	0.0	0.0	3.35864656004	-1.71779144875	1.58811700112	3.92816997997	-2.76509555433	2.21591976732	441
34	0.75	0.25	0.0	2.80381526473	-1.81952401086	1.63656802055	3.30784319266	-2.92327389355	2.27110779287	442
34	0.75	0.5	0.0	2.22851308425	-1.99193237477	1.83122174006	2.62959853608	-3.12627579705	2.4334858223	443
34	0.75	0.75	0.0	1.66768588949	-2.14540945214	2.02167604286	1.95106666669	-3.29633657684	2.58015067668	444
34	0.75	1.0	0.0	1.15627955133	-2.19034815463	2.05752881215	1.32987824095	-3.35569154498	2.58819917709	445
34	1.0	0.0	0.0	3.422993011	-1.182909706	2.101743465	3.941593677	-2.07133067902	2.81443351328	446
34	1.0	0.25	0.0	2.89279094398	-1.30712974921	2.250074033	3.32790237835	-2.2351117883	2.95404913723	447
34	1.0	0.5	0.0	2.29436960011	-1.41533970426	2.45565327304	2.62585415501	-2.36801368096	3.11368848193	448
34	1.0	0.75	0.0	1.69480418969	-1.51352935868	2.6523438738	1.9258596061	-2.48020837591	3.25091061907	449
34	1.0	1.0	0.0	1.161169923	-1.6076885	2.774008524	1.31832933076	-2.58186789206	3.32327462033	450
35	0.0	0.0	0.0	5.332444083	-0.303216922	1.327454074	5.94513811889	-0.982517189987	1.92038906187	451
35	0.0	0.25	0.0	4.86608399779	-0.472738548972	1.56577387717	5.4938815423	-1.20518836269	2.20025270611	452
35	0.0	0.5	0.0	4.37647750665	-0.729608988549	1.788367584	4.98913984399	-1.51654141599	2.45591178896	453
35	0.0	0.75	0.0	3.8874915357	-0.993206590851	1.97407688357	4.46151117265	-1.83308572854	2.66732062112	454
35	0.0	1.0	0.0	3.422993011	-1.182909706	2.101743465	3.941593677	-2.07133067902	2.81443351328	455
35	0.25	0.0	0.0	5.32288717636	0.199430484692	1.50310019116	5.82574090433	-0.335427301703	2.06567893389	456
35	0.25	0.25	0.0	4.87028991925	0.0815488179099	1.7187131237	5.39034008115	-0.499515184163	2.33818654666	457
35	0.25	0.5	0.0	4.39156985791	-0.137151971456	1.94870709976	4.90789312649	-0.761877981678	2.60480925768	458
35	0.25	0.75	0.0	3.91949453288	-0.397351152593	2.1866138291	4.4072257586	-1.05868117086	2.86176123958	459
35	0.25	1.0	0.0	3.48683148467	-0.639727994691	2.4259650215	3.91716369569	-1.32609022834	3.10525666497	460
35	0.5	0.0	0.0	5.33055321879	0.814487781988	1.59690171884	5.70353747951	0.40402245483	2.0559544892	461
35	0.5	0.25	0.0	4.88793578703	0.774344279106	1.79158424895	5.26890433294	0.322406622658	2.30654340604	462
35	0.5	0.5	0.0	4.41323845761	0.604424286034	1.99862491884	4.79551326451	0.112932343458	2.56353076989	463
35	0.5	0.75	0.0	3.93848109139	0.373201722109	2.21409982177	4.30681694928	-0.149154937255	2.81242892814	464
35	0.5	1.0	0.0	3.49568354924	0.149150506665	2.43408505097	3.82626806227	-0.388609773967	3.03875022818	465
35	0.75	0.0	0.0	5.37517937983	1.41578217129	1.57696175786	5.62866485172	1.10305962857	1.88249301291	466
35	0.75	0.25	0.0	4.93065043966	1.46278460833	1.74846418302	5.18209246195	1.11438303354	2.09818364704	467
35	0.75	0.5	0.0	4.44738190534	1.3525839875	1.92162511708	4.70168123389	0.967101860147	2.3346544314	468
35	0.75	0.75	0.0	3.95582562578	1.16929489911	2.08631702098	4.2085201921	0.754357574644	2.55613674919	469
35	0.75	1.0	0.0	3.48643344993	0.997031933439	2.23241235571	3.72369836117	0.569291643288	2.72686198359	470
35	1.0	0.0	0.0	5.476502829	1.877140854	1.411383409	5.65126002824	1.62891176847	1.53657179009	471
35	1.0	0.25	0.0	5.01006271565	2.00400657928	1.55342985605	5.18242263246	1.73022002426	1.70596763246	472
35	1.0	0.5	0.0	4.49989880066	1.96479133652	1.70121177032	4.67607801046	1.65984286912	1.92075834804	473
35	1.0	0.75	0.0	3.98290255058	1.84177124425	1.83304758618	4.16057093449	1.5107209672	2.12969776511	474
35	1.0	1.0	0.0	3.495965432	1.717222421	1.927255738	3.6642461768	1.37579498262	2.28153971192	475
36	0.0	0.0	0.0	3.422993011	-1.182909706	2.101743465	3.941593677	-2.07133067902	2.81443351328	476
36	0.0	0.25	0.0	2.89279094398	-1.30712974921	2.250074033	3.32790237835	-2.2351117883	2.95404913723	477
36	0.0	0.5	0.0	2.29436960011	-1.41533970426	2.45565327304	2.62585415501	-2.36801368096	3.11368848193	478
36	0.0	0.75	0.0	1.69480418969	-1.51352935868	2.6523438738	1.9258596061	-2.48020837591	3.25091061907	479
36	0.0	1.0	0.0	1.161169923	-1.6076885	2.774008524	1.31832933076	-2.58186789206	3.32327462033	480
36	0.25	0.0	0.0	3.48683148467	-0.639727994691	2.4259650215	3.91716369569	-1.32609022834	3.10525666497	481
36	0.25	0.25	0.0	2.97020687595	-0.803712556059	2.64605819018	3.31438687824	-1.51540527044	3.3061808101	482
36	0.25	0.5	0.0	2.35243957748	-0.885569426642	2.81351505237	2.60620527043	-1.62861821658	3.4299941514	483
36	0.25	0.75	0.0	1.72193582845	-0.959297625966	2.954953387	1.89894763823	-1.72972094003	3.51502538062	484
36	0.25	1.0	0.0	1.16710186801	-1.09889617356	3.09699097301	1.29894274764	-1.88270531409	3.59960318949	485
36	0.5	0.0	0.0	3.49568354924	0.149150506665	2.43408505097	3.82626806227	-0.388609773967	3.03875022818	486
36	0.5	0.25	0.0	2.95893644204	-0.0104362246428	2.63531038496	3.22641357134	-0.561147074747	3.21824247355	487
36	0.5	0.5	0.0	2.33820498307	-0.100818210105	2.77249089147	2.53648796002	-0.67288044115	3.3198777081	488
36	0.5	0.75	0.0	1.71099921588	-0.18917388124	2.86725017173	1.8450512227	-0.782552952095	3.37280951581	489
36	0.5	1.0	0.0	1.15482918403	-0.342681669566	2.94121182693	1.24066335371	-0.948907686501	3.40619148062	490
36	0.75	0.0	0.0	3.48643344993	0.997031933439	2.23241235571	3.72369836117	0.569291643288	2.72686198359	491
36	0.75	0.25	0.0	2.92049136303	0.865085949131	2.37307633264	3.1221862207	0.431690520822	2.85456823624	492
36	0.75	0.5	0.0	2.30079211733	0.761380806293	2.4853884856	2.4554084482	0.316575787403	2.93683663382	493
36	0.75	0.75	0.0	1.68443092264	0.651842520284	2.55425402098	1.7855517464	0.193053226828	2.97229700558	494
36	0.75	1.0	0.0	1.12850298877	0.502397106461	2.56457814512	1.17480281803	0.030228622895	2.95957918076	495
36	1.0	0.0	0.0	3.495965432	1.717222421	1.927255738	3.6642461768	1.37579498262	2.28153971192	496
36	1.0	0.25	0.0	2.91638335971	1.61524066935	2.01460174854	3.05990858939	1.26713523832	2.37949220687	497
36	1.0	0.5	0.0	2.28932728072	1.5234944835	2.10501553003	2.40167295936	1.15712661117	2.43436841036	498
36	1.0	0.75	0.0	1.66466751937	1.41875222339	2.18098472775	1.74183059626	1.02885523566	2.46152183089	499
36	1.0	1.0	0.0	1.0922744	1.277782249	2.224996987	1.13267280963	0.865407246277	2.47630597697	500
41	0.0	0.0	0.0	5.476502829	1.877140854	1.411383409	5.65126002824	1.62891176847	1.53657179009	501
41	0.0	0.25	0.0	5.01006271565	2.00400657928	1.55342985605	5.18242263246	1.73022002426	1.70596763246	502
41	0.0	0.5	0.0	4.49989880066	1.96479133652	1.70121177032	4.67607801046	1.65984286912	1.92075834804	503
41	0.0	0.75	0.0	3.98290255058	1.84177124425	1.83304758618	4.16057093449	1.5107209672	2.12969776511	504
41	0.0	1.0	0.0	3.495965432	1.717222421	1.927255738	3.6642461768	1.37579498262	2.28153971192	505
41	0.25	0.0	0.0	5.50766129182	1.9675062242	1.29533808278	5.66516744356	1.73756564245	1.35968929381	506
41	0.25	0.25	0.0	5.03137195926	2.12784010433	1.42188513487	5.18781089131	1.87500495683	1.50315135161	507
41	0.25	0.5	0.0	4.51331848743	2.15729744081	1.55690134771	4.67283428641	1.86997730129	1.69023266411	508
41	0.25	0.75	0.0	3.99178807719	2.10657557094	1.67983967457	4.14999436464	1.78796832322	1.87874052917	509
41	0.25	1.0	0.0	3.50506792936	2.02637183202	1.77015306874	3.64904786178	1.69446366996	2.02648224466	510
41	0.5	0.0	0.0	5.52248158746	2.03154665898	1.12380897835	5.66129607973	1.82901870943	1.1175761588	511
41	0.5	0.25	0.0	5.03689279848	2.22045964864	1.23412640883	5.17605286426	1.99542570057	1.2336540369	512
41	0.5	0.5	0.0	4.5153537808	2.33282679973	1.36038450636	4.6574705418	2.05830084461	1.39397970773	513
41	0.5	0.75	0.0	3.99313012415	2.37746934441	1.48236870085	4.13173698248	2.0524320552	1.56174968627	514
41	0.5	1.0	0.0	3.5054874182	2.36320851486	1.57986442222	3.62504005645	2.01260724602	1.70016048752	515
41	0.75	0.0	0.0	5.51934721487	2.05702885277	0.94902092799	5.64644783729	1.88886215994	0.871469366638	516
41	0.75	0.25	0.0	5.02705838557	2.2639848421	1.03767878601	5.15619052994	2.07680772585	0.953541602661	517
41	0.75	0.5	0.0	4.50754941242	2.44673178056	1.14344999124	4.63814657696	2.19576384728	1.07676300142	518
41	0.75	0.75	0.0	3.98858354476	2.57604722005	1.25359991486	4.11234196613	2.25373126374	1.21369064879	519
41	0.75	1.0	0.0	3.49792403194	2.62270871252	1.35539392809	3.59880268526	2.25871071477	1.33688163064	520
41	1.0	0.0	0.0	5.496641673	2.0317195	0.823198764	5.62742461675	1.90268718455	0.682605898903	521
41	1.0	0.25	0.0	5.00230187282	2.24053531457	0.880067374486	5.13726586695	2.104476503	0.718879963225	522
41	1.0	0.5	0.0	4.49145011394	2.45436475054	0.937886547271	4.62302219221	2.25331665749	0.783346067695	523
41	1.0	0.75	0.0	3.97980319234	2.62390385325	1.00649856642	4.09835249372	2.34148504943	0.869528829085	524
41	1.0	1.0	0.0	3.483077904	2.699848668	1.095745716	3.57691567268	2.36125908021	0.970952864166	525
42	0.0	0.0	0.0	3.495965432	1.717222421	1.927255738	3.6642461768	1.37579498262	2.28153971192	526
42	0.0	0.25	0.0	2.91638335971	1.61524066935	2.01460174854	3.05990858939	1.26713523832	2.37949220687	527
42	0.0	0.5	0.0	2.28932728072	1.5234944835	2.10501553003	2.40167295936	1.15712661117	2.43436841036	528
42	0.0	0.75	0.0	1.66466751937	1.41875222339	2.18098472775	1.74183059626	1.02885523566	2.46152183089	529
42	0.0	1.0	0.0	1.0922744	1.277782249	2.224996987	1.13267280963	0.865407246277	2.47630597697	530
42	0.25	0.0	0.0	3.50506792936	2.02637183202	1.77015306874	3.64904786178	1.69446366996	2.02648224466	531
42	0.25	0.25	0.0	2.9252426544	1.93177668849	1.85258852817	3.04278012005	1.59110822171	2.1264350472	532
42	0.25	0.5	0.0	2.29304536159	1.82459420405	1.937360237	2.38592330251	1.46204107591	2.17855789975	533
42	0.25	0.75	0.0	1.66004536167	1.69509519797	2.01754125858	1.72903087016	1.30627206473	2.21054897918	534
42	0.25	1.0	0.0	1.07781196539	1.53355048951	2.08620465629	1.12265628402	1.12281102034	2.25010646237	535
42	0.5	0.0	0.0	3.5054874182	2.36320851486	1.57986442222	3.62504005645	2.01260724602	1.70016048752	536
42	0.5	0.25	0.0	2.92286492318	2.28243439372	1.66529279641	3.01473113084	1.92076871352	1.79716541582	537
42	0.5	0.5	0.0	2.28915178165	2.14634373565	1.73934661224	2.36388628019	1.7665532324	1.84645693292	538
42	0.5	0.75	0.0	1.65358155363	1.97097425044	1.80670841313	1.71492132444	1.57279255428	1.87952051119	539
42	0.5	1.0	0.0	1.06538779919	1.77236364789	1.87206074253	1.11025208355	1.36231843076	1.92784162303	540
42	0.75	0.0	0.0	3.49792403194	2.62270871252	1.35539392809	3.59880268526	2.25871071477	1.33688163064	541
42	0.75	0.25	0.0	2.91003534722	2.55750104144	1.44936059746	2.98332579354	2.17684620374	1.43189752043	542
42	0.75	0.5	0.0	2.27957927061	2.39823603315	1.51820810771	2.34163136479	2.00368188494	1.48323253106	543
42	0.75	0.75	0.0	1.64827471696	2.18428181461	1.57388073331	1.70387255962	1.78135421185	1.5205408936	544
42	0.75	1.0	0.0	1.05784060114	1.95500651282	1.62832274875	1.10020253862	1.55199963795	1.57347683912	545
42	1.0	0.0	0.0	3.483077904	2.699848668	1.095745716	3.57691567268	2.36125908021	0.970952864166	546
42	1.0	0.25	0.0	2.88753910769	2.64726388806	1.20143797553	2.95612827995	2.28007018241	1.07084556875	547
42	1.0	0.5	0.0	2.26626055819	2.48976405139	1.28117817536	2.32522802872	2.10644583784	1.13405171538	548
42	1.0	0.75	0.0	1.64712347335	2.27291032428	1.34445276102	1.70025517621	1.88489454498	1.18571459305	549
42	1.0	1.0	0.0	1.058009071	2.042263873	1.400748178	1.09724997961	1.65992480231	1.25097749079	550
43	0.0	0.0	0.0	5.496641673	2.0317195	0.823198764	5.62742461675	1.90268718455	0.682605898903	551
43	0.0	0.25	0.0	5.00230187282	2.24053531457	0.880067374486	5.13726586695	2.104476503	0.718879963225	552
43	0.0	0.5	0.0	4.49145011394	2.45436475054	0.937886547271	4.62302219221	2.25331665749	0.783346067695	553
43	0.0	0.75	0.0	3.97980319234	2.62390385325	1.00649856642	4.09835249372	2.34148504943	0.869528829085	554
43	0.0	1.0	0.0	3.483077904	2.699848668	1.095745716	3.57691567268	2.36125908021	0.970952864166	555
43	0.25	0.0	0.0	5.45093906831	1.89555020213	0.706710777992	5.59471460727	1.82090240872	0.468644517601	556
43	0.25	0.25	0.0	4.96105610208	2.08748475384	0.752976509733	5.10832119357	2.01168214352	0.475466801826	557
43	0.25	0.5	0.0	4.46195861284	2.28929895372	0.780510944105	4.60191438346	2.15152926617	0.499175994157	558
43	0.25	0.75	0.0	3.96275014433	2.45428132996	0.813879353049	4.08586429816	2.23403740658	0.545209056522	559
43	0.25	1.0	0.0	3.47253424026	2.53572041073	0.877647008505	3.57054105887	2.25280019469	0.619002950848	560
43	0.5	0.0	0.0	5.41020502865	1.68470784273	0.591349124905	5.55843873044	1.65794640544	0.242385552116	561
43	0.5	0.25	0.0	4.92984433594	1.8460530115	0.66035385353	5.07484078852	1.80587679116	0.249897727983	562
43	0.5	0.5	0.0	4.43443348342	2.00461342002	0.69346541943	4.5751135293	1.90598190321	0.253183587199	563
43	0.5	0.75	0.0	3.94239969113	2.13485790557	0.715632611521	4.07239134367	1.96383434492	0.264535978386	564
43	0.5	1.0	0.0	3.47217017909	2.21125530544	0.751804218724	3.57980862253	1.98500671966	0.29624775017	565
43	0.75	0.0	0.0	5.37572174741	1.45805164722	0.464188803366	5.5296386408	1.47674284217	0.0207097731909	566
43	0.75	0.25	0.0	4.9068887628	1.57990583801	0.559646247792	5.04975090132	1.57297193163	0.0314367372818	567
43	0.75	0.5	0.0	4.41277563573	1.68571246067	0.60950188206	4.55421170404	1.62597963412	0.0239230284328	568
43	0.75	0.75	0.0	3.92434602381	1.76992488723	0.634270429971	4.06228946465	1.65159407699	0.0107411391089	569
43	0.75	1.0	0.0	3.47256358463	1.82699648968	0.654466615331	3.59325259883	1.66564338756	0.00446356177523	570
43	1.0	0.0	0.0	5.348771418	1.274440841	0.312304812	5.51935599295	1.34021538642	-0.17950204843	571
43	1.0	0.25	0.0	4.89041157105	1.35270898378	0.408300534433	5.04597778146	1.3988790506	-0.190652174692	572
43	1.0	0.5	0.0	4.40088597981	1.41800038691	0.46137224081	4.550800982	1.42082752444	-0.210051500527	573
43	1.0	0.75	0.0	3.91418333341	1.46377358208	0.492304896532	4.0599144955	1.41803481537	-0.232943916881	574
43	1.0	1.0	0.0	3.464292321	1.483487101	0.521883467	3.5994072229	1.40247493084	-0.254573314696	575
44	0.0	0.0	0.0	3.483077904	2.699848668	1.095745716	3.57691567268	2.36125908021	0.970952864166	576
44	0.0	0.25	0.0	2.88753910769	2.64726388806	1.20143797553	2.95612827995	2.28007018241	1.07084556875	577
44	0.0	0.5	0.0	2.26626055819	2.48976405139	1.28117817536	2.32522802872	2.10644583784	1.13405171538	578
44	0.0	0.75	0.0	1.64712347335	2.27291032428	1.34445276102	1.70025517621	1.88489454498	1.18571459305	579
44	0.0	1.0	0.0	1.058009071	2.042263873	1.400748178	1.09724997961	1.65992480231	1.25097749079	580
44	0.25	0.0	0.0	3.47253424026	2.53572041073	0.877647008505	3.57054105887	2.25280019469	0.619002950848	581
44	0.25	0.25	0.0	2.87754361176	2.50416875579	0.967253615546	2.95002773915	2.18545168066	0.703533375946	582
44	0.25	0.5	0.0	2.26275554724	2.37823358003	1.03394381313	2.32216466256	2.0427091647	0.759603140828	583
44	0.25	0.75	0.0	1.6494843201	2.20040434557	1.08370636595	1.69927317135	1.86196425644	0.80806590909	584
44	0.25	1.0	0.0	1.05904420374	2.01317051452	1.12253003867	1.09367460778	1.68060856548	0.869775344332	585
44	0.5	0.0	0.0	3.47217017909	2.21125530544	0.751804218724	3.57980862253	1.98500671966	0.29624775017	586
44	0.5	0.25	0.0	2.88841624145	2.21023623714	0.7953269309	2.96666155347	1.95327133191	0.337764115212	587
44	0.5	0.5	0.0	2.27077779288	2.13027305407	0.81004573889	2.33084510964	1.86339484255	0.363409414418	588
44	0.5	0.75	0.0	1.64905363015	2.01175982798	0.804601625878	1.6954608751	1.7465649775	0.385428877792	589
44	0.5	1.0	0.0	1.05304254999	1.8950906306	0.787635575047	1.08361043389	1.63396946275	0.416067735334	590
44	0.75	0.0	0.0	3.47256358463	1.82699648968	0.654466615331	3.59325259883	1.66564338756	0.00446356177523	591
44	0.75	0.25	0.0	2.89854068349	1.8469837073	0.655827905899	2.98933342971	1.66353850454	0.000147430270828	592
44	0.75	0.5	0.0	2.27497859124	1.81892184146	0.61232336413	2.34423365666	1.6319533759	-0.00941353720635	593
44	0.75	0.75	0.0	1.64278789622	1.77062912615	0.542904955103	1.69415240389	1.58693667811	-0.019114129968	594
44	0.75	1.0	0.0	1.04287918675	1.72992379539	0.466524643899	1.07528879562	1.54453708764	-0.0238491373259	595
44	1.0	0.0	0.0	3.464292321	1.483487101	0.521883467	3.5994072229	1.40247493084	-0.254573314696	596
44	1.0	0.25	0.0	2.88630062464	1.4959285415	0.518926524855	3.00134707467	1.39626256691	-0.282707035151	597
44	1.0	0.5	0.0	2.26000923847	1.51721931015	0.443616100352	2.35529459032	1.41183526931	-0.313749787399	598
44	1.0	0.75	0.0	1.62764361106	1.54066459471	0.334382767924	1.70068187419	1.43131932819	-0.342480743315	599
44	1.0	1.0	0.0	1.031429191	1.559569583	0.229657102	1.07694103063	1.43684103371	-0.363679074772	600
49	0.0	0.0	0.0	7.127153519	0.204288	0.0131746	7.42470195235	0.0368068455824	-0.0382598110588	601
49	0.0	0.25	0.0	6.93362104449	0.668620544374	0.0696954175181	7.21627819963	0.574718655587	-0.0171965817498	602
49	0.0	0.5	0.0	6.48281098154	0.970958300439	0.122458297894	6.73006901815	0.95372775316	-0.0683990522916	603
49	0.0	0.75	0.0	5.90957666207	1.15749911653	0.195361882323	6.11483981391	1.20012853215	-0.13984246156	604
49	0.0	1.0	0.0	5.348771418	1.274440841	0.312304812	5.51935599295	1.34021538642	-0.17950204843	605
49	0.25	0.0	0.0	7.126588174	0.204969633538	-0.0049540581764	7.42516870467	0.0388766094078	-0.0624199639965	606
49	0.25	0.25	0.0	6.93113821956	0.663425635619	-0.0177577040375	7.21621915279	0.576623450256	-0.120564414169	607
49	0.25	0.5	0.0	6.47579456714	0.95250627343	0.00557724308011	6.72917085086	0.945080719584	-0.196120868165	608
49	0.25	0.75	0.0	5.8978962063	1.11532979057	0.0673167589662	6.11455400271	1.17308162978	-0.272430221624	609
49	0.25	1.0	0.0	5.33478212659	1.19501443065	0.16972681941	5.52289881213	1.28945939324	-0.332833370183	610
49	0.5	0.0	0.0	7.125344415	0.202531913363	-0.0229185457117	7.42619555976	0.0394927758649	-0.0936537400066	611
49	0.5	0.25	0.0	6.92999473512	0.652016878289	-0.107511828786	7.21872531881	0.568468597117	-0.223641747035	612
49	0.5	0.5	0.0	6.47414170095	0.937370632928	-0.122179472627	6.73454927038	0.933601420361	-0.337610444767	613
49	0.5	0.75	0.0	5.89411121909	1.09103866616	-0.0812291107307	6.12205132454	1.15609566946	-0.434582541012	614
49	0.5	1.0	0.0	5.32622919617	1.14546646686	0.00103162340683	5.52961539137	1.25715576828	-0.513580743579	615
49	0.75	0.0	0.0	7.124100656	0.197088411506	-0.0402111603911	7.42722241485	0.0371031606406	-0.124215643161	616
49	0.75	0.25	0.0	6.92907222532	0.630043336848	-0.194141609532	7.22170367103	0.545900462126	-0.324000384817	617
49	0.75	0.5	0.0	6.47369075988	0.913705169227	-0.247341706505	6.74149404913	0.908355056612	-0.481236570987	618
49	0.75	0.75	0.0	5.89357762747	1.06550449972	-0.228742937523	6.13217909148	1.13166432221	-0.60335592936	619
49	0.75	1.0	0.0	5.32435419591	1.10287191939	-0.1672767888	5.53934434036	1.22302563704	-0.697790187622	620
49	1.0	0.0	0.0	7.123535311	0.1887527	-0.0563242	7.42768916717	0.0301555794215	-0.146360177531	621
49	1.0	0.25	0.0	6.92725232431	0.593154075763	-0.272221699082	7.22306118275	0.504565411235	-0.419212131986	622
49	1.0	0.5	0.0	6.47028012087	0.869663672623	-0.356439315831	6.74529495957	0.858406829458	-0.615368035715	623
49	1.0	0.75	0.0	5.89165135849	1.01960604767	-0.353691932164	6.13978461561	1.08228125905	-0.755806896298	624
49	1.0	1.0	0.0	5.330398695	1.044305758	-0.30869443	5.55192426883	1.16679012499	-0.861507721318	625
50	0.0	0.0	0.0	7.123535311	0.1887527	-0.0563242	7.42768916717	0.0301555794215	-0.146360177531	626
50	0.0	0.25	0.0	6.92725232431	0.593154075763	-0.272221699082	7.22306118275	0.504565411235	-0.419212131986	627
50	0.0	0.5	0.0	6.47028012087	0.869663672623	-0.356439315831	6.74529495957	0.858406829458	-0.615368035715	628
50	0.0	0.75	0.0	5.89165135849	1.01960604767	-0.353691932164	6.13978461561	1.08228125905	-0.755806896298	629
50	0.0	1.0	0.0	5.330398695	1.044305758	-0.30869443	5.55192426883	1.16679012499	-0.861507721318	630
50	0.25	0.0	0.0	7.1214871635	0.177681085922	-0.0708668689322	7.43317900415	0.0159371208859	-0.161700708474	631
50	0.25	0.25	0.0	6.92330347328	0.53225498927	-0.331933242903	7.22558738698	0.438746373579	-0.499751916794	632
50	0.25	0.5	0.0	6.46365090466	0.780941228559	-0.430212241966	6.74292623378	0.76325864323	-0.720856195092	633
50	0.25	0.75	0.0	5.88713432009	0.919643862133	-0.431207503433	6.1376232014	0.976097971064	-0.867791919721	634
50	0.25	1.0	0.0	5.33835858203	0.944266948335	-0.400422664613	5.56210594671	1.06388839831	-0.983337467033	635
50	0.5	0.0	0.0	7.116981239	0.164462781319	-0.0831049437562	7.4452566455	-0.00420424152523	-0.175694079722	636
50	0.5	0.25	0.0	6.91750889212	0.450537985471	-0.373492206073	7.23172629249	0.35389158526	-0.561183132315	637
50	0.5	0.5	0.0	6.45591157895	0.650166633299	-0.476877919473	6.73824303792	0.62896247107	-0.80124632555	638
50	0.5	0.75	0.0	5.88148731084	0.766468294873	-0.479765730905	6.12953700864	0.817944718437	-0.956528116594	639
50	0.5	1.0	0.0	5.34353409909	0.802562540264	-0.468659287319	5.57033833148	0.917774629892	-1.08767296261	640
50	0.75	0.0	0.0	7.1124753145	0.149321961056	-0.0928645217022	7.45733428686	-0.0262681195958	-0.187208954091	641
50	0.75	0.25	0.0	6.91159168944	0.361594923287	-0.406556968963	7.23891340768	0.26187196216	-0.608480440172	642
50	0.75	0.5	0.0	6.44778192867	0.509772206239	-0.516359248607	6.73673187214	0.488694368711	-0.868521558157	643
50	0.75	0.75	0.0	5.8749345279	0.602842107162	-0.525049023652	6.12603815734	0.656033851302	-1.03828567619	644
50	0.75	1.0	0.0	5.34693798285	0.64979292331	-0.535403957116	5.58208074038	0.765725161177	-1.18872616242	645
50	1.0	0.0	0.0	7.110427167	0.1324828	-0.0999717	7.46282412384	-0.04625412511	-0.1951139944	646
50	1.0	0.25	0.0	6.90727497388	0.279017661637	-0.440785911939	7.24458424098	0.174558420161	-0.646618501989	647
50	1.0	0.5	0.0	6.43998173872	0.392190266769	-0.568579129623	6.74387923659	0.375630391886	-0.93466502398	648
50	1.0	0.75	0.0	5.86770016846	0.471528060268	-0.592739790745	6.13763876752	0.538577719789	-1.12933478778	649
50	1.0	1.0	0.0	5.34958297	0.516558487	-0.622656333	5.60279249064	0.645016333594	-1.30070902081	650
53	0.0	0.0	0.0	7.110427167	0.1324828	-0.0999717	7.46282412384	-0.04625412511	-0.1951139944	651
53	0.0	0.25	0.0	6.90727497388	0.279017661637	-0.440785911939	7.24458424098	0.174558420161	-0.646618501989	652
53	0.0	0.5	0.0	6.43998173872	0.392190266769	-0.568579129623	6.74387923659	0.375630391886	-0.93466502398	653
53	0.0	0.75	0.0	5.86770016846	0.471528060268	-0.592739790745	6.13763876752	0.538577719789	-1.12933478778	654
53	0.0	1.0	0.0	5.34958297	0.516558487	-0.622656333	5.60279249064	0.645016333594	-1.30070902081	655
53	0.25	0.0	0.0	7.10974218153	0.105809148834	-0.104780188587	7.47317492862	-0.0794083957768	-0.193579792514	656
53	0.25	0.25	0.0	6.90646891024	0.128018101278	-0.533106648584	7.27000755879	0.0111967809097	-0.732976740161	657
53	0.25	0.5	0.0	6.44091183801	0.143570965446	-0.781483265015	6.80170539657	0.115991273708	-1.14504201657	658
53	0.25	0.75	0.0	5.87172190688	0.145228543801	-0.919284345129	6.22232519241	0.196553212716	-1.45922395233	659
53	0.25	1.0	0.0	5.3575500589	0.125751638805	-1.01588419617	5.68592369673	0.214460728029	-1.70497087799	660
53	0.5	0.0	0.0	7.1082352135	0.0787483616724	-0.102620279099	7.49594669913	-0.120726545841	-0.177465963985	661
53	0.5	0.25	0.0	6.91579299911	-0.0436091306552	-0.621165281502	7.30830425945	-0.196315889367	-0.802956722306	662
53	0.5	0.5	0.0	6.47071247204	-0.137959140313	-1.00519851342	6.87178664446	-0.252700797746	-1.32806846728	663
53	0.5	0.75	0.0	5.90686808713	-0.216402800721	-1.26701161217	6.31151369089	-0.309354488759	-1.74620476117	664
53	0.5	1.0	0.0	5.35813429921	-0.291041245295	-1.41889621503	5.75260523548	-0.385750180186	-2.05076916621	665
53	0.75	0.0	0.0	7.10672824547	0.0530553936744	-0.0938554050612	7.51871846964	-0.160676876741	-0.154747170906	666
53	0.75	0.25	0.0	6.9249877817	-0.214894418143	-0.661240034701	7.34261140976	-0.420397661719	-0.816229391755	667
53	0.75	0.5	0.0	6.49870613887	-0.415603270325	-1.14295890121	6.92884128786	-0.649934727806	-1.40703387754	668
53	0.75	0.75	0.0	5.93516261001	-0.570296953738	-1.49783182941	6.37810436094	-0.849100550508	-1.88901880625	669
53	0.75	1.0	0.0	5.34163648816	-0.700201259248	-1.68467864411	5.79109688599	-1.01770760533	-2.22404235588	670
53	1.0	0.0	0.0	7.10604326	0.0304852	-0.078849	7.52906927442	-0.189727689916	-0.133398075371	671
53	1.0	0.25	0.0	6.92379379922	-0.364868145165	-0.609609132189	7.3560660765	-0.6334666072	-0.73246569184	672
53	1.0	0.5	0.0	6.49421533654	-0.652564644402	-1.09799845473	6.94758763441	-0.995199421801	-1.30522774877	673
53	1.0	0.75	0.0	5.91862937634	-0.873384895688	-1.47365523441	6.39499730056	-1.2926401384	-1.78640767952	674
53	1.0	1.0	0.0	5.298357423	-1.068109497	-1.666217738	5.78965842735	-1.54350276169	-2.11072891745	675
54	0.0	0.0	0.0	7.10604326	0.0304852	-0.078849	7.52906927442	-0.189727689916	-0.133398075371	676
54	0.0	0.25	0.0	6.92379379922	-0.364868145165	-0.609609132189	7.3560660765	-0.6334666072	-0.73246569184	677
54	0.0	0.5	0.0	6.49421533654	-0.652564644402	-1.09799845473	6.94758763441	-0.995199421801	-1.30522774877	678
54	0.0	0.75	0.0	5.91862937634	-0.873384895688	-1.47365523441	6.39499730056	-1.2926401384	-1.78640767952	679
54	0.0	1.0	0.0	5.298357423	-1.068109497	-1.666217738	5.78965842735	-1.54350276169	-2.11072891745	680
54	0.25	0.0	0.0	7.09427244	0.0105999981738	-0.0589143580616	7.52737208612	-0.217176452339	-0.106666788047	681
54	0.25	0.25	0.0	6.90395172698	-0.464639448663	-0.477909507574	7.35075890642	-0.796965522874	-0.560625912521	682
54	0.25	0.5	0.0	6.45891630838	-0.781732233854	-0.894763776206	6.93655704367	-1.22195570151	-1.03732197904	683
54	0.25	0.75	0.0	5.87515924794	-1.01785668303	-1.22695560604	6.38532599535	-1.5508323091	-1.45721047581	684
54	0.25	1.0	0.0	5.26867360939	-1.25019112182	-1.39196343916	5.79762525899	-1.84228066647	-1.74074689104	685
54	0.5	0.0	0.0	7.068376636	-0.00090552307439	-0.0399512955064	7.52363827186	-0.2453218069	-0.0727511056423	686
54	0.5	0.25	0.0	6.87073679804	-0.494246203248	-0.329349269179	7.34193195748	-0.871322974485	-0.369213152191	687
54	0.5	0.5	0.0	6.41379618559	-0.810397751486	-0.632064083786	6.92188039636	-1.3507890827	-0.69049737699	688
54	0.5	0.75	0.0	5.83300924211	-1.04897068701	-0.872091090965	6.38257075285	-1.73270104964	-0.98153864278	689
54	0.5	1.0	0.0	5.26383041103	-1.30957552904	-0.973425642352	5.84309019128	-2.06603979343	-1.1872718123	690
54	0.75	0.0	0.0	7.042480832	-0.00549948278541	-0.0182517526979	7.5199044576	-0.266555599924	-0.0360989429847	691
54	0.75	0.25	0.0	6.84054810525	-0.480995662258	-0.169418969687	7.33403075396	-0.886890169424	-0.16728767633	692
54	0.75	0.5	0.0	6.37751317716	-0.780493323803	-0.351021611456	6.91040289286	-1.40139301546	-0.325425654068	693
54	0.75	0.75	0.0	5.80386090165	-1.01656464714	-0.493398215262	6.38635072476	-1.83277025148	-0.478904425608	694
54	0.75	1.0	0.0	5.27007613265	-1.30178181198	-0.526887318365	5.89920410011	-2.20372799091	-0.596115540359	695
54	1.0	0.0	0.0	7.030710012	-0.00465	0.00989233	7.5182072693	-0.273269677735	-0.00115821490082	696
54	1.0	0.25	0.0	6.82978474146	-0.45219507903	-0.00360916178219	7.33150082016	-0.874018315079	0.0360902495776	697
54	1.0	0.5	0.0	6.36872549206	-0.733951077311	-0.0927585931964	6.90896973351	-1.39346094991	-0.00277852172293	698
54	1.0	0.75	0.0	5.79939576938	-0.970476302937	-0.175213505012	6.39628506278	-1.84556380603	-0.0688200694742	699
54	1.0	1.0	0.0	5.273659079	-1.282329064	-0.168631438	5.93911786136	-2.24429310726	-0.113089934348	700
57	0.0	0.0	0.0	7.030710012	-0.00465	0.00989233	7.5182072693	-0.273269677735	-0.00115821490082	701
57	0.0	0.25	0.0	6.82978474146	-0.45219507903	-0.00360916178219	7.33150082016	-0.874018315079	0.0360902495776	702
57	0.0	0.5	0.0	6.36872549206	-0.733951077311	-0.0927585931964	6.90896973351	-1.39346094991	-0.00277852172293	703
57	0.0	0.75	0.0	5.79939576938	-0.970476302937	-0.175213505012	6.39628506278	-1.84556380603	-0.0688200694742	704
57	0.0	1.0	0.0	5.273659079	-1.282329064	-0.168631438	5.93911786136	-2.24429310726	-0.113089934348	705
57	0.25	0.0	0.0	7.02893310169	8.80593122159e-05	0.032531019987	7.51282550254	-0.266288224033	0.0246113427171	706
57	0.25	0.25	0.0	6.83319912859	-0.417239330275	0.135451440302	7.33218309272	-0.839007346132	0.201923489296	707
57	0.25	0.5	0.0	6.38143088821	-0.67393032793	0.149172354976	6.92253812699	-1.3233315954	0.298299941688	708
57	0.25	0.75	0.0	5.81694758246	-0.890256224054	0.150387244634	6.42248268443	-1.74362411977	0.357327107018	709
57	0.25	1.0	0.0	5.28306841321	-1.18648830905	0.2157895899	5.97060884412	-2.12424806714	0.422591392411	710
57	0.5	0.0	0.0	7.025023899	0.00958769092852	0.0534696893479	7.50098561566	-0.25185312476	0.0524379208661	711
57	0.5	0.25	0.0	6.83365084285	-0.359312865776	0.271913906965	7.32966513445	-0.767419422988	0.363527176128	712
57	0.5	0.5	0.0	6.39117724538	-0.573474989247	0.40323290616	6.93847672198	-1.18289907929	0.624672153486	713
57	0.5	0.75	0.0	5.83596865677	-0.736783913494	0.510687143226	6.45247711878	-1.52808079591	0.846043208686	714
57	0.5	1.0	0.0	5.30639062721	-0.953124872523	0.657537074456	5.99672306536	-1.83275327511	1.03781069748	715
57	0.75	0.0	0.0	7.02111469631	0.0233599270806	0.071881546535	7.48914572879	-0.233145420951	0.0777376868412	716
57	0.75	0.25	0.0	6.8317083378	-0.277111166556	0.39596901278	7.32255987658	-0.661167742174	0.508282340107	717
57	0.75	0.5	0.0	6.39454884679	-0.429128896873	0.637703016606	6.94005667927	-0.97831407704	0.920319427105	718
57	0.75	0.75	0.0	5.84740443599	-0.520638571042	0.843611318959	6.45869651176	-1.22248583358	1.28811858118	719
57	0.75	1.0	0.0	5.32804331811	-0.639585496234	1.06022168078	5.99553974898	-1.43158441983	1.58594943569	720
57	1.0	0.0	0.0	7.019337786	0.0409158	0.0869398	7.48376396203	-0.213346153642	0.0959268079372	721
57	1.0	0.25	0.0	6.82794006699	-0.16932971364	0.497807532319	7.30948025036	-0.522165500216	0.623570011265	722
57	1.0	0.5	0.0	6.38812997569	-0.237435886414	0.820862642563	6.91054915963	-0.715727264157	1.12922307598	723
57	1.0	0.75	0.0	5.8422003638	-0.252399396481	1.08708490002	6.41356900932	-0.850391231927	1.57434357016	724
57	1.0	1.0	0.0	5.332444083	-0.303216922	1.327454074	5.94513811889	-0.982517189987	1.92038906187	725
58	0.0	0.0	0.0	7.019337786	0.0409158	0.0869398	7.48376396203	-0.213346153642	0.0959268079372	726
58	0.0	0.25	0.0	6.82794006699	-0.16932971364	0.497807532319	7.30948025036	-0.522165500216	0.623570011265	727
58	0.0	0.5	0.0	6.38812997569	-0.237435886414	0.820862642563	6.91054915963	-0.715727264157	1.12922307598	728
58	0.0	0.75	0.0	5.8422003638	-0.252399396481	1.08708490002	6.41356900932	-0.850391231927	1.57434357016	729
58	0.0	1.0	0.0	5.332444083	-0.303216922	1.327454074	5.94513811889	-0.982517189987	1.92038906187	730
58	0.25	0.0	0.0	7.02729707241	0.0617513036649	0.0988819265084	7.47563577496	-0.188350308695	0.107061233829	731
58	0.25	0.25	0.0	6.83355729132	-0.0229931714772	0.591724369255	7.28574483749	-0.338577597615	0.7188470989	732
58	0.25	0.5	0.0	6.38942287354	0.0487593859133	0.971984276662	6.85256807785	-0.346397077803	1.26310720185	733
58	0.25	0.75	0.0	5.83812308119	0.161427697436	1.26674757515	6.31845144911	-0.311962421688	1.71899874581	734
58	0.25	1.0	0.0	5.32288717636	0.199430484692	1.50310019116	5.82574090433	-0.335427301703	2.06567893389	735
58	0.5	0.0	0.0	7.0448075025	0.0816529565523	0.105123893435	7.45775376341	-0.159295904986	0.1115262594	736
58	0.5	0.25	0.0	6.85592735023	0.130158957749	0.65940808772	7.2617458893	-0.151652183309	0.773389893848	737
58	0.5	0.5	0.0	6.42091803208	0.362663344122	1.06325103123	6.81152686806	0.0396752840819	1.3091525507	738
58	0.5	0.75	0.0	5.86928987821	0.637871243069	1.36097486219	6.24586722352	0.272346746893	1.73220911935	739
58	0.5	1.0	0.0	5.33055321879	0.814487781988	1.59690171884	5.70353747951	0.40402245483	2.0559544892	740
58	0.75	0.0	0.0	7.06231793259	0.102492431164	0.105992363644	7.43987175186	-0.129303679553	0.110617788253	741
58	0.75	0.25	0.0	6.88679735659	0.287700780804	0.687303587076	7.2473319157	0.0394339658796	0.77671885525	742
58	0.75	0.5	0.0	6.47811913431	0.669767188686	1.08119039456	6.79994923087	0.40783132918	1.25989457863	743
58	0.75	0.75	0.0	5.93975567297	1.09651865284	1.35522053513	6.21972608149	0.815752015144	1.61140071298	744
58	0.75	1.0	0.0	5.37517937983	1.41578217129	1.57696175786	5.62866485172	1.10305962857	1.88249301291	745
58	1.0	0.0	0.0	7.070277219	0.1261414	0.101814	7.43174356479	-0.101494369434	0.105631723993	746
58	1.0	0.25	0.0	6.91791442329	0.447206404453	0.661855766684	7.25235142661	0.235504073128	0.718354442244	747
58	1.0	0.5	0.0	6.55652986322	0.935562120077	1.01232985493	6.83035886689	0.723412565174	1.10786874177	748
58	1.0	0.75	0.0	6.05357538354	1.45695733916	1.23493836795	6.26393777197	1.23146912439	1.35399954893	749
58	1.0	1.0	0.0	5.476502829	1.877140854	1.411383409	5.65126002824	1.62891176847	1.53657179009	750
61	0.0	0.0	0.0	7.070277219	0.1261414	0.101814	7.43174356479	-0.101494369434	0.105631723993	751
61	0.0	0.25	0.0	6.91791442329	0.447206404453	0.661855766684	7.25235142661	0.235504073128	0.718354442244	752
61	0.0	0.5	0.0	6.55652986322	0.935562120077	1.01232985493	6.83035886689	0.723412565174	1.10786874177	753
61	0.0	0.75	0.0	6.05357538354	1.45695733916	1.23493836795	6.26393777197	1.23146912439	1.35399954893	754
61	0.0	1.0	0.0	5.476502829	1.877140854	1.411383409	5.65126002824	1.62891176847	1.53657179009	755
61	0.25	0.0	0.0	7.07336753916	0.139881716605	0.0974093215929	7.42835408244	-0.0846026279535	0.100850331131	756
61	0.25	0.25	0.0	6.92662456502	0.52357007207	0.625471836985	7.25227472135	0.331276435084	0.664729036201	757
61	0.25	0.5	0.0	6.57686145229	1.03136478175	0.947128130224	6.83716093107	0.839129986655	1.00790960428	758
61	0.25	0.75	0.0	6.08392482116	1.55032408575	1.14340720944	6.27684705675	1.34065929852	1.21227027645	759
61	0.25	1.0	0.0	5.50766129182	1.9675062242	1.29533808278	5.66516744356	1.73756564245	1.35968929381	760
61	0.5	0.0	0.0	7.0801662435	0.152204710045	0.0915246127972	7.42089722128	-0.0653464997873	0.0941368505337	761
61	0.5	0.25	0.0	6.93501450514	0.591623606156	0.571224973627	7.2451900355	0.415881080432	0.588910237129	762
61	0.5	0.5	0.0	6.58820596494	1.12012825981	0.848376747909	6.83062937581	0.945578240561	0.867202126892	763
61	0.5	0.75	0.0	6.09795640001	1.63450662582	1.00517354602	6.27130235347	1.44340433282	1.01482120554	764
61	0.5	1.0	0.0	5.52248158746	2.03154665898	1.12380897835	5.66129607973	1.82901870943	1.1175761588	765
61	0.75	0.0	0.0	7.08696494784	0.163542823463	0.0839132226029	7.41344036011	-0.0470752516439	0.0856966885381	766
61	0.75	0.25	0.0	6.9407142529	0.649027295661	0.507547667538	7.2361138173	0.488599947045	0.502971457772	767
61	0.75	0.5	0.0	6.5907513591	1.18937795271	0.740332913545	6.8177432779	1.03214147096	0.717754787692	768
61	0.75	0.75	0.0	6.09699082643	1.69018255246	0.861185240427	6.25547314891	1.52005898647	0.81295223756	769
61	0.75	1.0	0.0	5.51934721487	2.05702885277	0.94902092799	5.64644783729	1.88886215994	0.871469366638	770
61	1.0	0.0	0.0	7.090055268	0.1743285	0.0743285	7.41005087776	-0.0331381502316	0.0757352514801	771
61	1.0	0.25	0.0	6.94135381755	0.693441429538	0.442872409649	7.23006251499	0.548714972796	0.418986110876	772
61	1.0	0.5	0.0	6.58468559274	1.22663925887	0.647253832693	6.80548171415	1.08820382193	0.591576064762	773
61	1.0	0.75	0.0	6.08234880681	1.69802945877	0.75239015539	6.23752892986	1.55097801868	0.657963273863	774
61	1.0	1.0	0.0	5.496641673	2.0317195	0.823198764	5.62742461675	1.90268718455	0.682605898903	775
62	0.0	0.0	0.0	7.090055268	0.1743285	0.0743285	7.41005087776	-0.0331381502316	0.0757352514801	776
62	0.0	0.25	0.0	6.94135381755	0.693441429538	0.442872409649	7.23006251499	0.548714972796	0.418986110876	777
62	0.0	0.5	0.0	6.58468559274	1.22663925887	0.647253832693	6.80548171415	1.08820382193	0.591576064762	778
62	0.0	0.75	0.0	6.08234880681	1.69802945877	0.75239015539	6.23752892986	1.55097801868	0.657963273863	779
62	0.0	1.0	0.0	5.496641673	2.0317195	0.823198764	5.62742461675	1.90268718455	0.682605898903	780
62	0.25	0.0	0.0	7.09585186972	0.186568358069	0.0604969680966	7.41234010816	-0.0146505584421	0.05364728793	781
62	0.25	0.25	0.0	6.93888480176	0.718372764498	0.355335626462	7.22610739517	0.592105947302	0.31241881754	782
62	0.25	0.5	0.0	6.56328278599	1.20496638377	0.529741967437	6.78733657937	1.09798558207	0.433732575015	783
62	0.25	0.75	0.0	6.04273711172	1.60960645121	0.631079261216	6.20666115275	1.50643538838	0.468752996365	784
62	0.25	1.0	0.0	5.45093906831	1.89555020213	0.706710777992	5.59471460727	1.82090240872	0.468644517601	785
62	0.5	0.0	0.0	7.1086043935	0.195183298149	0.0466297049584	7.41737641506	0.00770939582412	0.0216158751691	786
62	0.5	0.25	0.0	6.93802546759	0.708584557018	0.26299503182	7.22253611886	0.595160689168	0.205801839598	787
62	0.5	0.5	0.0	6.53404920204	1.12645626068	0.397604875455	6.76474604287	1.05426998309	0.260039883551	788
62	0.5	0.75	0.0	5.992750691	1.45107261922	0.492906988828	6.16853673181	1.40265823578	0.25025834255	789
62	0.5	1.0	0.0	5.41020502865	1.68470784273	0.591349124905	5.55843873044	1.65794640544	0.242385552116	790
62	0.75	0.0	0.0	7.12135691728	0.200860714154	0.031323364341	7.42241272195	0.0271318260159	-0.0118546150711	791
62	0.75	0.25	0.0	6.93689711513	0.685019564506	0.16729887806	7.21928196178	0.581493493546	0.0967313241381	792
62	0.75	0.5	0.0	6.50466516064	1.03411739707	0.259093378392	6.743670168	0.993902286335	0.0871215034295	793
62	0.75	0.75	0.0	5.944370292	1.28088462144	0.345219231455	6.13423613091	1.285328603	0.0361647205362	794
62	0.75	1.0	0.0	5.37572174741	1.45805164722	0.464188803366	5.5296386408	1.47674284217	0.0207097731909	795
62	1.0	0.0	0.0	7.127153519	0.204288	0.0131746	7.42470195235	0.0368068455824	-0.0382598110588	796
62	1.0	0.25	0.0	6.93362104449	0.668620544374	0.0696954175181	7.21627819963	0.574718655587	-0.0171965817498	797
62	1.0	0.5	0.0	6.48281098154	0.970958300439	0.122458297894	6.73006901815	0.95372775316	-0.0683990522916	798
62	1.0	0.75	0.0	5.90957666207	1.15749911653	0.195361882323	6.11483981391	1.20012853215	-0.13984246156	799
62	1.0	1.0	0.0	5.348771418	1.274440841	0.312304812	5.51935599295	1.34021538642	-0.17950204843	800
