Elem	xi[0]	xi[1]	xi[2]	Y[0]	Y[1]	Y[2]	y[0]	y[1]	y[2]	Index
1	0.0	0.0	0.0	0.286175336	2.189973286	-0.291273722	0.194709848065	2.41452258149	0.385207923913	1
1	0.0	0.25	0.0	-0.20806914714	2.06272602387	-0.289080467095	-0.28119488241	2.28783039344	0.384994119529	2
1	0.0	0.5	0.0	-0.695301118249	1.97602389512	-0.29632619097	-0.739749311429	2.19355420705	0.41283138592	3
1	0.0	0.75	0.0	-1.18241619623	1.88830775081	-0.29699114836	-1.19882912272	2.10471630155	0.467637582301	4
1	0.0	1.0	0.0	-1.67631	1.758018442	-0.275055594	-1.67631	1.99433895615	0.548330567885	5
1	0.25	0.0	0.0	0.321687515997	2.06262178045	-0.514775502281	0.242340986193	2.36458934076	0.027538616551	6
1	0.25	0.25	0.0	-0.182277427138	1.91229534526	-0.525597356885	-0.247569577228	2.192500873	-0.00612367751653	7
1	0.25	0.5	0.0	-0.681311017678	1.81012566903	-0.547696835847	-0.723944787166	2.06837146634	-0.000902602061575	8
1	0.25	0.75	0.0	-1.18065615897	1.71742627201	-0.555307781995	-1.19915129556	1.97862800967	0.0559755147444	9
1	0.25	1.0	0.0	-1.68555575435	1.59551067447	-0.522664038158	-1.68555575435	1.90969739187	0.17728434473	10
1	0.5	0.0	0.0	0.381824743113	1.8542079148	-0.761240423262	0.313867921145	2.25028162201	-0.380497577355	11
1	0.5	0.25	0.0	-0.151058843958	1.68246792622	-0.781509897119	-0.198797246862	2.02390999407	-0.421951840402	12
1	0.5	0.5	0.0	-0.670355760303	1.573989145	-0.813470892897	-0.698318551476	1.8687235379	-0.436384570837	13
1	0.5	0.75	0.0	-1.1857569057	1.48669209407	-0.830270988567	-1.19695189505	1.78241115672	-0.383486117954	14
1	0.5	1.0	0.0	-1.70695317992	1.37849729632	-0.805057762099	-1.70695317992	1.76266175373	-0.22294683105	15
1	0.75	0.0	0.0	0.433447910673	1.5909861995	-0.974858447862	0.378043617539	2.06479197632	-0.771938389523	16
1	0.75	0.25	0.0	-0.126461022992	1.41071100347	-1.00075545901	-0.15741504324	1.7869585576	-0.801199153659	17
1	0.75	0.5	0.0	-0.663961843134	1.29802156124	-1.03575264386	-0.676987934313	1.59992944855	-0.817254826027	18
1	0.75	0.75	0.0	-1.19147326792	1.2097501229	-1.05397666593	-1.19390945773	1.51146958577	-0.758356944927	19
1	0.75	1.0	0.0	-1.72141401553	1.10272893852	-1.02955418874	-1.72141401553	1.52934390588	-0.562757048657	20
1	1.0	0.0	0.0	0.443417912	1.299211145	-1.099819539	0.403621039996	1.80131295477	-1.07982155167	21
1	1.0	0.25	0.0	-0.120531589629	1.13449181374	-1.12727141378	-0.145960118286	1.48654736455	-1.08257440182	22
1	1.0	0.5	0.0	-0.66365576318	1.01263015594	-1.15664637047	-0.67407026563	1.26730822513	-1.06715367326	23
1	1.0	0.75	0.0	-1.19156007714	0.900245264417	-1.15852071193	-1.19170252016	1.16120713994	-0.97624659531	24
1	1.0	1.0	0.0	-1.70985	0.763956232	-1.103470741	-1.70985	1.18585571245	-0.752540397293	25
2	0.0	0.0	0.0	0.443417912	1.299211145	-1.099819539	0.403621039996	1.80131295477	-1.07982155167	26
2	0.0	0.25	0.0	-0.120531589629	1.13449181374	-1.12727141378	-0.145960118286	1.48654736455	-1.08257440182	27
2	0.0	0.5	0.0	-0.66365576318	1.01263015594	-1.15664637047	-0.67407026563	1.26730822513	-1.06715367326	28
2	0.0	0.75	0.0	-1.19156007714	0.900245264417	-1.15852071193	-1.19170252016	1.16120713994	-0.97624659531	29
2	0.0	1.0	0.0	-1.70985	0.763956232	-1.103470741	-1.70985	1.18585571245	-0.752540397293	30
2	0.25	0.0	0.0	0.41137200817	0.973945737329	-1.16264329407	0.378641948634	1.44189910736	-1.29545147298	31
2	0.25	0.25	0.0	-0.125937196177	0.845944989711	-1.18671935097	-0.16063939317	1.14734166987	-1.26218438093	32
2	0.25	0.5	0.0	-0.652741158674	0.732253445556	-1.2023431927	-0.680825048677	0.949078447442	-1.18993522738	33
2	0.25	0.75	0.0	-1.16662104783	0.617552874755	-1.18355331371	-1.18222720073	0.852884018385	-1.06274937439	34
2	0.25	1.0	0.0	-1.66515803216	0.486525047197	-1.10438820846	-1.66515803216	0.864532960993	-0.86467218402	35
2	0.5	0.0	0.0	0.373501615575	0.643585088578	-1.23060538965	0.326824652245	1.04776305909	-1.44589215223	36
2	0.5	0.25	0.0	-0.126890675743	0.53700762532	-1.24745569854	-0.179381088264	0.812881402994	-1.38014683823	37
2	0.5	0.5	0.0	-0.624934363929	0.424776302726	-1.25128185486	-0.680008922934	0.661099904958	-1.26789026519	38
2	0.5	0.75	0.0	-1.11657788346	0.320268417701	-1.22537770009	-1.15836855028	0.581859967528	-1.14245614764	39
2	0.5	1.0	0.0	-1.59776966881	0.236861267146	-1.15303707574	-1.59776966881	0.564602993244	-1.03717820013	40
2	0.75	0.0	0.0	0.346784391443	0.320389940538	-1.32238131015	0.269546391268	0.665240535768	-1.57029355134	41
2	0.75	0.25	0.0	-0.12221102694	0.227231922441	-1.32409496848	-0.197482999435	0.495982575549	-1.47570465304	42
2	0.75	0.5	0.0	-0.594449349605	0.12129643546	-1.31948790154	-0.671592018058	0.399847489101	-1.34115168845	43
2	0.75	0.75	0.0	-1.06609664237	0.0335927702011	-1.29589984278	-1.1258481726	0.346237609285	-1.23569136849	44
2	0.75	1.0	0.0	-1.53331897105	-0.0048697827282	-1.24067052565	-1.53331897105	0.304555268962	-1.22838040408	45
2	1.0	0.0	0.0	0.348197993	0.016621035	-1.45664654	0.228184406138	0.340667263184	-1.7078056322	46
2	1.0	0.25	0.0	-0.110717248383	-0.0638299170542	-1.43125167276	-0.21024292255	0.209461199146	-1.58810070464	47
2	1.0	0.5	0.0	-0.575500086364	-0.147088448233	-1.42298687733	-0.655544463706	0.161796091297	-1.44985239894	48
2	1.0	0.75	0.0	-1.03984338291	-0.217273190796	-1.40702571348	-1.09038767147	0.144119565573	-1.3627794904	49
2	1.0	1.0	0.0	-1.49744	-0.258502777	-1.358541741	-1.49744	0.10287924791	-1.39660075433	50
5	0.0	0.0	0.0	0.348197993	0.016621035	-1.45664654	0.228184406138	0.340667263184	-1.7078056322	51
5	0.0	0.25	0.0	-0.110717248383	-0.0638299170542	-1.43125167276	-0.21024292255	0.209461199146	-1.58810070464	52
5	0.0	0.5	0.0	-0.575500086364	-0.147088448233	-1.42298687733	-0.655544463706	0.161796091297	-1.44985239894	53
5	0.0	0.75	0.0	-1.03984338291	-0.217273190796	-1.40702571348	-1.09038767147	0.144119565573	-1.3627794904	54
5	0.0	1.0	0.0	-1.49744	-0.258502777	-1.358541741	-1.49744	0.10287924791	-1.39660075433	55
5	0.25	0.0	0.0	0.388092152391	-0.746448243984	-1.90227886682	0.22155570847	-0.421769016445	-2.10292326858	56
5	0.25	0.25	0.0	-0.0810618905892	-0.809453629213	-1.79008002579	-0.210667285895	-0.51838739552	-1.9399917748	57
5	0.25	0.5	0.0	-0.560144630723	-0.847324351812	-1.73749005638	-0.623403378318	-0.497808054229	-1.79958320818	58
5	0.25	0.75	0.0	-1.03841286188	-0.895956863563	-1.68649175159	-1.04532969895	-0.44041409958	-1.70405070773	59
5	0.25	1.0	0.0	-1.50512337794	-0.991247616247	-1.57906790444	-1.50512337794	-0.42658863858	-1.67574741244	60
5	0.5	0.0	0.0	0.406253730739	-1.54020184535	-2.35456593025	0.294426089367	-1.23229007578	-2.43659785752	61
5	0.5	0.25	0.0	-0.0686330647931	-1.60874329184	-2.16259900796	-0.181866409105	-1.29748701955	-2.25013716605	62
5	0.5	0.5	0.0	-0.556456112714	-1.64585307164	-2.00429469856	-0.617838429052	-1.25139250078	-2.07574271784	63
5	0.5	0.75	0.0	-1.05697492465	-1.68104881603	-1.83614840673	-1.06377196518	-1.1600618507	-1.92251611818	64
5	0.5	1.0	0.0	-1.56994901221	-1.74384815629	-1.61465553717	-1.56994901221	-1.08955040056	-1.79955897235	65
5	0.75	0.0	0.0	0.410481860468	-2.31740145079	-2.71141725531	0.386925409738	-1.99732446636	-2.62116681463	66
5	0.75	0.25	0.0	-0.072615418318	-2.39922470741	-2.46600926679	-0.139021766066	-2.05357438473	-2.42456487812	67
5	0.75	0.5	0.0	-0.564190428698	-2.44534150219	-2.19490410222	-0.612914900799	-2.01674104209	-2.20953175175	68
5	0.75	0.75	0.0	-1.08374791971	-2.46443298074	-1.89443485169	-1.09631739279	-1.92607156038	-2.00345454638	69
5	0.75	1.0	0.0	-1.65079264038	-2.46518028869	-1.56093460531	-1.65079264038	-1.82081306155	-1.83372037285	70
5	1.0	0.0	0.0	0.408575674	-3.030808742	-2.870742367	0.439183530493	-2.6233007397	-2.56896755551	71
5	1.0	0.25	0.0	-0.0921935984878	-3.11842367844	-2.61751144978	-0.0973148306639	-2.71238620282	-2.36930291074	72
5	1.0	0.5	0.0	-0.583103475035	-3.14845653795	-2.28082156571	-0.58269807845	-2.71163747189	-2.13215113377	73
5	1.0	0.75	0.0	-1.10695019556	-3.13799329024	-1.89979025929	-1.09356890439	-2.64969110121	-1.93214481699	74
5	1.0	1.0	0.0	-1.70653	-3.104119905	-1.513535075	-1.70653	-2.55518364509	-1.84391655275	75
6	0.0	0.0	0.0	0.408575674	-3.030808742	-2.870742367	0.439183530493	-2.6233007397	-2.56896755551	76
6	0.0	0.25	0.0	-0.0921935984878	-3.11842367844	-2.61751144978	-0.0973148306639	-2.71238620282	-2.36930291074	77
6	0.0	0.5	0.0	-0.583103475035	-3.14845653795	-2.28082156571	-0.58269807845	-2.71163747189	-2.13215113377	78
6	0.0	0.75	0.0	-1.10695019556	-3.13799329024	-1.89979025929	-1.09356890439	-2.64969110121	-1.93214481699	79
6	0.0	1.0	0.0	-1.70653	-3.104119905	-1.513535075	-1.70653	-2.55518364509	-1.84391655275	80
6	0.25	0.0	0.0	0.46452020752	-3.72962446608	-2.6503108878	0.495966432299	-3.22045447566	-2.13595107248	81
6	0.25	0.25	0.0	-0.0620517746233	-3.80884798046	-2.43400780286	-0.0430808731054	-3.33888771621	-1.97105747283	82
6	0.25	0.5	0.0	-0.570202726263	-3.79098685993	-2.11975875934	-0.545626733642	-3.35159251419	-1.77535246152	83
6	0.25	0.75	0.0	-1.10697942159	-3.72647448392	-1.76248943795	-1.08122477799	-3.29624442161	-1.63120786743	84
6	0.25	1.0	0.0	-1.71942863481	-3.66574423184	-1.41712551938	-1.71942863481	-3.21051899046	-1.62099551945	85
6	0.5	0.0	0.0	0.584999997117	-4.41615150246	-2.07116924611	0.610528015211	-3.89051499286	-1.37421065459	86
6	0.5	0.25	0.0	0.0333026651248	-4.49675508031	-1.91070727462	0.0384332358781	-4.01651675674	-1.2785853411	87
6	0.5	0.5	0.0	-0.515189206844	-4.46706863816	-1.67742441938	-0.517411965235	-4.0477351281	-1.16762738634	88
6	0.5	0.75	0.0	-1.08895321178	-4.38015966341	-1.41641479899	-1.0910359156	-4.00862095005	-1.08210188552	89
6	0.5	1.0	0.0	-1.71646694269	-4.28909564344	-1.17277253205	-1.71646694269	-3.92362506571	-1.06277393384	90
6	0.75	0.0	0.0	0.692125063405	-4.89941950336	-1.33321765211	0.734387366284	-4.46925401964	-0.51232096715	91
6	0.75	0.25	0.0	0.122529599589	-4.98195570995	-1.22988123328	0.123066578094	-4.58532079469	-0.484071227929	92
6	0.75	0.5	0.0	-0.464094243634	-4.9679517657	-1.09287354356	-0.490237591802	-4.63311729327	-0.462863858048	93
6	0.75	0.75	0.0	-1.07223889399	-4.89116148095	-0.94721164395	-1.10142531903	-4.61697431814	-0.434220457852	94
6	0.75	1.0	0.0	-1.70639677922	-4.78533866607	-0.817912595455	-1.70639677922	-4.54122267205	-0.383662627689	95
6	1.0	0.0	0.0	0.708005427	-4.988458121	-0.636356316	0.819063572576	-4.79244328432	0.221143324523	96
6	1.0	0.25	0.0	0.1342889076	-5.06426060135	-0.573801047075	0.186658235349	-4.88534730037	0.220300154313	97
6	1.0	0.5	0.0	-0.462949163488	-5.0848861356	-0.505161129637	-0.456287431918	-4.94079098939	0.185050173542	98
6	1.0	0.75	0.0	-1.07620379608	-5.0515925888	-0.44052527438	-1.09081599008	-4.95145815746	0.163042828938	99
6	1.0	1.0	0.0	-1.69797	-4.965637826	-0.389982192	-1.69797	-4.91003261069	0.20192756723	100
9	0.0	0.0	0.0	0.708005427	-4.988458121	-0.636356316	0.819063572576	-4.79244328432	0.221143324523	101
9	0.0	0.25	0.0	0.1342889076	-5.06426060135	-0.573801047075	0.186658235349	-4.88534730037	0.220300154313	102
9	0.0	0.5	0.0	-0.462949163488	-5.0848861356	-0.505161129637	-0.456287431918	-4.94079098939	0.185050173542	103
9	0.0	0.75	0.0	-1.07620379608	-5.0515925888	-0.44052527438	-1.09081599008	-4.95145815746	0.163042828938	104
9	0.0	1.0	0.0	-1.69797	-4.965637826	-0.389982192	-1.69797	-4.91003261069	0.20192756723	105
9	0.25	0.0	0.0	0.622103407545	-4.59787181887	-0.0909415178472	0.824744682797	-4.7036475771	0.976913056033	106
9	0.25	0.25	0.0	0.0608316741567	-4.66057944357	-0.0307954545735	0.198312291984	-4.77899910896	1.00011457261	107
9	0.25	0.5	0.0	-0.519960950103	-4.70343192656	0.0480817885036	-0.440409424046	-4.84580694779	0.99360872198	108
9	0.25	0.75	0.0	-1.10814024581	-4.70867650639	0.116364297156	-1.07563325574	-4.88988624211	0.978717414114	109
9	0.25	1.0	0.0	-1.69157199353	-4.65856042164	0.144726157154	-1.69157199353	-4.89705214044	0.976762559	110
9	0.5	0.0	0.0	0.507142886663	-3.89129679039	0.330947587705	0.773553804105	-4.252575636	1.8965963441	111
9	0.5	0.25	0.0	-0.0293126304682	-3.94808834124	0.386339830947	0.162075051642	-4.31850721823	1.93287667257	112
9	0.5	0.5	0.0	-0.585346440482	-3.9935622135	0.460879293916	-0.46696479432	-4.3870077278	1.94539034229	113
9	0.5	0.75	0.0	-1.14367958124	-4.00962017941	0.521715283791	-1.09089206474	-4.43966210309	1.93412926393	114
9	0.5	1.0	0.0	-1.68703309059	-3.97816401118	0.535997107748	-1.68703309059	-4.4580552825	1.89908534815	115
9	0.75	0.0	0.0	0.405828929949	-3.03806222421	0.683859490155	0.713686800931	-3.59506700024	2.78368511982	116
9	0.75	0.25	0.0	-0.101932297564	-3.09145735938	0.736067152634	0.116627613722	-3.65646897975	2.82791792727	117
9	0.75	0.5	0.0	-0.633964231988	-3.12856234078	0.793023568356	-0.505366343258	-3.71983915112	2.85280777513	118
9	0.75	0.75	0.0	-1.16930310352	-3.14041049501	0.832010649806	-1.11800171397	-3.7698012314	2.84592500579	119
9	0.75	1.0	0.0	-1.68698514236	-3.11803514862	0.830310309469	-1.68698514236	-3.79097893768	2.79483996164	120
9	1.0	0.0	0.0	0.360866603	-2.207497309	1.022342679	0.693339537705	-2.88696120904	3.44167131427	121
9	1.0	0.25	0.0	-0.122815618421	-2.25535656302	1.07684885364	0.100651077626	-2.94548174508	3.49456980984	122
9	1.0	0.5	0.0	-0.640672921983	-2.28171765273	1.10430679358	-0.525026871379	-2.99974703944	3.52827376117	123
9	1.0	0.75	0.0	-1.1714921138	-2.28703434033	1.10373335948	-1.13837150027	-3.04931911806	3.53075126708	124
9	1.0	1.0	0.0	-1.69406	-2.271760388	1.074145412	-1.69406	-3.09376000683	3.48997042643	125
10	0.0	0.0	0.0	0.360866603	-2.207497309	1.022342679	0.693339537705	-2.88696120904	3.44167131427	126
10	0.0	0.25	0.0	-0.122815618421	-2.25535656302	1.07684885364	0.100651077626	-2.94548174508	3.49456980984	127
10	0.0	0.5	0.0	-0.640672921983	-2.28171765273	1.10430679358	-0.525026871379	-2.99974703944	3.52827376117	128
10	0.0	0.75	0.0	-1.1714921138	-2.28703434033	1.10373335948	-1.13837150027	-3.04931911806	3.53075126708	129
10	0.0	1.0	0.0	-1.69406	-2.271760388	1.074145412	-1.69406	-3.09376000683	3.48997042643	130
10	0.25	0.0	0.0	0.406175643636	-1.30951161399	1.45347115495	0.691258584956	-1.93097496302	3.88452780163	131
10	0.25	0.25	0.0	-0.082768298833	-1.37189600132	1.49642916403	0.0924379022638	-2.0170604841	3.93051444265	132
10	0.25	0.5	0.0	-0.609952013276	-1.43756262037	1.44823542203	-0.538802570478	-2.11814533604	3.92591752336	133
10	0.25	0.75	0.0	-1.15958476687	-1.4904032381	1.35053387487	-1.15679606845	-2.22726448888	3.88744837134	134
10	0.25	1.0	0.0	-1.71587582681	-1.51430962146	1.24496846847	-1.71587582681	-2.33745291267	3.83181831415	135
10	0.5	0.0	0.0	0.504052093977	-0.378336836838	1.84088615072	0.657145836377	-0.749068830992	4.07922607668	136
10	0.5	0.25	0.0	-0.0211358117319	-0.458614530202	1.85743684167	0.0497626695429	-0.871221384587	4.11486044758	137
10	0.5	0.5	0.0	-0.57368164434	-0.564088683393	1.72210362759	-0.574697864879	-1.03150397014	4.06326984556	138
10	0.5	0.75	0.0	-1.15075143124	-0.66662273127	1.5134302105	-1.18490080772	-1.21000715921	3.96912768551	139
10	0.5	1.0	0.0	-1.74951119981	-0.738080108689	1.30996029245	-1.74951119981	-1.38682152335	3.87710738229	140
10	0.75	0.0	0.0	0.588809547829	0.515996517982	2.00491077188	0.601429009897	0.42936335207	3.93781563458	141
10	0.75	0.25	0.0	0.0271690797207	0.415815810884	1.99275956098	-0.0134573114112	0.283788800735	3.97207551393	142
10	0.75	0.5	0.0	-0.54539114501	0.276312996561	1.80486937968	-0.619990699103	0.0810252752469	3.90361059176	143
10	0.75	0.75	0.0	-1.1430799035	0.13364446381	1.53226277393	-1.211197978	-0.148615158061	3.78964570647	144
10	0.75	1.0	0.0	-1.78010597291	0.0239666014297	1.26596228971	-1.78010597291	-0.374820432857	3.68740569646	145
10	1.0	0.0	0.0	0.594761599	1.303457946	1.765868124	0.534535823443	1.3749277512	3.37234597046	146
10	1.0	0.25	0.0	0.0272336123631	1.1827229825	1.73528499642	-0.0833047314726	1.23972331914	3.42662733103	147
10	1.0	0.5	0.0	-0.538609845121	1.02125125787	1.57549064774	-0.661959017671	1.04029061713	3.41021962595	148
10	1.0	0.75	0.0	-1.13465798029	0.859735630802	1.3468719727	-1.22419983917	0.805843485568	3.36285893108	149
10	1.0	1.0	0.0	-1.7928	0.73886896	1.109815866	-1.7928	0.565595764835	3.32428132227	150
13	0.0	0.0	0.0	0.594761599	1.303457946	1.765868124	0.534535823443	1.3749277512	3.37234597046	151
13	0.0	0.25	0.0	0.0272336123631	1.1827229825	1.73528499642	-0.0833047314726	1.23972331914	3.42662733103	152
13	0.0	0.5	0.0	-0.538609845121	1.02125125787	1.57549064774	-0.661959017671	1.04029061713	3.41021962595	153
13	0.0	0.75	0.0	-1.13465798029	0.859735630802	1.3468719727	-1.22419983917	0.805843485568	3.36285893108	154
13	0.0	1.0	0.0	-1.7928	0.73886896	1.109815866	-1.7928	0.565595764835	3.32428132227	155
13	0.25	0.0	0.0	0.548313875843	1.50424575939	1.55253006396	0.48236497592	1.60428930823	3.05733590696	156
13	0.25	0.25	0.0	-0.00532161842226	1.38985010119	1.5308216694	-0.123022660537	1.48275386612	3.12512434441	157
13	0.25	0.5	0.0	-0.562956879303	1.24136249596	1.41079066391	-0.685004660131	1.30370177357	3.14628282656	158
13	0.25	0.75	0.0	-1.14873659954	1.09300549761	1.23550122745	-1.23059445364	1.08894026644	3.14601831612	159
13	0.25	1.0	0.0	-1.78680547186	0.97900166007	1.04801753998	-1.78680547186	0.860276580555	3.1495377758	160
13	0.5	0.0	0.0	0.464439524897	1.65391567251	1.27609781038	0.392588558761	1.79839908111	2.67989834687	161
13	0.5	0.25	0.0	-0.0663828792677	1.56220440088	1.27917635349	-0.182554825738	1.69238170356	2.76246519179	162
13	0.5	0.5	0.0	-0.615231463158	1.45035065847	1.21500996297	-0.721101395559	1.54385679843	2.82612100812	163
13	0.5	0.75	0.0	-1.18363317385	1.33581344349	1.1112730515	-1.24422886751	1.3638467278	2.878240689	164
13	0.5	1.0	0.0	-1.77311495841	1.23605175412	0.995640031746	-1.77311495841	1.16337385372	2.92619912756	165
13	0.75	0.0	0.0	0.371543492752	1.77707474762	0.986429507862	0.296988342871	1.96151043426	2.29259230964	166
13	0.75	0.25	0.0	-0.136379787324	1.70974016518	1.01840115771	-0.240309623164	1.86869681327	2.38704853583	167
13	0.75	0.5	0.0	-0.672673084071	1.6411442358	1.01394719387	-0.756389386769	1.75071061533	2.49118192819	168
13	0.75	0.75	0.0	-1.21898633203	1.5685154102	0.984351467655	-1.25926973771	1.61171219539	2.59293226992	169
13	0.75	1.0	0.0	-1.75696946575	1.48908213911	0.94089783039	-1.75696946575	1.45586190839	2.6802393442	170
13	1.0	0.0	0.0	0.298030726	1.898330047	0.733383301	0.227346099153	2.0978767321	1.94797681473	171
13	1.0	0.25	0.0	-0.195741959744	1.84241167774	0.786548191076	-0.274695448903	2.01178917708	2.04727303919	172
13	1.0	0.5	0.0	-0.712521229431	1.80667171835	0.833401005529	-0.777008796574	1.91421814789	2.18291334431	173
13	1.0	0.75	0.0	-1.2344347029	1.77146733954	0.864900498717	-1.26988372117	1.81368599495	2.32349927904	174
13	1.0	1.0	0.0	-1.74361	1.717155712	0.872005425	-1.74361	1.71871506867	2.43763239237	175
14	0.0	0.0	0.0	0.298030726	1.898330047	0.733383301	0.227346099153	2.0978767321	1.94797681473	176
14	0.0	0.25	0.0	-0.195741959744	1.84241167774	0.786548191076	-0.274695448903	2.01178917708	2.04727303919	177
14	0.0	0.5	0.0	-0.712521229431	1.80667171835	0.833401005529	-0.777008796574	1.91421814789	2.18291334431	178
14	0.0	0.75	0.0	-1.2344347029	1.77146733954	0.864900498717	-1.26988372117	1.81368599495	2.32349927904	179
14	0.0	1.0	0.0	-1.74361	1.717155712	0.872005425	-1.74361	1.71871506867	2.43763239237	180
14	0.25	0.0	0.0	0.267366856404	2.02007288402	0.497203486615	0.19538256248	2.21202696062	1.60352427212	181
14	0.25	0.25	0.0	-0.223732205594	1.9625357336	0.548589028919	-0.28721661087	2.13121150678	1.68793321397	182
14	0.25	0.5	0.0	-0.722343375368	1.94741773249	0.605006998153	-0.778502722748	2.05661704734	1.80632787731	183
14	0.25	0.75	0.0	-1.22455974299	1.93701657711	0.651025763583	-1.26331043227	1.99223450209	1.93142765886	184
14	0.25	1.0	0.0	-1.72647439855	1.89362996385	0.671213694472	-1.72647439855	1.94205479087	2.03595195532	185
14	0.5	0.0	0.0	0.262965236787	2.13452170787	0.209571671046	0.179814612246	2.31949751766	1.16749183379	186
14	0.5	0.25	0.0	-0.230614875159	2.05767232414	0.247727544983	-0.29351169382	2.23453701126	1.23268148008	187
14	0.5	0.5	0.0	-0.719413628896	2.02924492781	0.289877666337	-0.766570878173	2.16770166414	1.32187803269	188
14	0.5	0.75	0.0	-1.20902887037	2.00253800968	0.324648308206	-1.23765558176	2.10580823026	1.41672598637	189
14	0.5	1.0	0.0	-1.70505844553	1.93085006055	0.340665743689	-1.70505844553	2.03567346359	1.49886983587	190
14	0.75	0.0	0.0	0.273132514277	2.20378551103	-0.072318585296	0.179853342694	2.39531914427	0.731009663231	191
14	0.75	0.25	0.0	-0.223142883865	2.10025717801	-0.0526307804485	-0.292023512688	2.29549890274	0.76915579583	192
14	0.75	0.5	0.0	-0.708732654896	2.04212356259	-0.0359217950075	-0.750543121512	2.2218785376	0.825425354276	193
14	0.75	0.75	0.0	-1.19319628735	1.98173421	-0.022075963684	-1.21035115134	2.14607841741	0.891445536031	194
14	0.75	1.0	0.0	-1.68609326974	1.87143866547	-0.0109776211892	-1.68609326974	2.03971891072	0.958843538556	195
14	1.0	0.0	0.0	0.286175336	2.189973286	-0.291273722	0.194709848065	2.41452258149	0.385207923913	196
14	1.0	0.25	0.0	-0.20806914714	2.06272602387	-0.289080467095	-0.28119488241	2.28783039344	0.384994119529	197
14	1.0	0.5	0.0	-0.695301118249	1.97602389512	-0.29632619097	-0.739749311429	2.19355420705	0.41283138592	198
14	1.0	0.75	0.0	-1.18241619623	1.88830775081	-0.29699114836	-1.19882912272	2.10471630155	0.467637582301	199
14	1.0	1.0	0.0	-1.67631	1.758018442	-0.275055594	-1.67631	1.99433895615	0.548330567885	200
17	0.0	0.0	0.0	5.097498723	1.761457284	-0.648926891	5.40394592704	2.48915225176	0.195373224828	201
17	0.0	0.25	0.0	4.41317418932	1.904877855	-0.660262128358	4.76853869989	2.69554207565	0.204108960486	202
17	0.0	0.5	0.0	3.77857554107	2.26134990826	-0.675322601256	4.12508801889	2.94037790292	0.254836686622	203
17	0.0	0.75	0.0	3.18926867754	2.65166109614	-0.672097401026	3.47094154848	3.15066100895	0.321371660435	204
17	0.0	1.0	0.0	2.640819498	2.896599071	-0.628575619	2.8034469531	3.2533926691	0.377529139127	205
17	0.25	0.0	0.0	5.0877926253	1.75503623861	-0.819306644798	5.40809963385	2.48407758325	-0.0362844977192	206
17	0.25	0.25	0.0	4.41331206258	1.90719394233	-0.830957354436	4.78366255737	2.70100153326	-0.037101500034	207
17	0.25	0.5	0.0	3.782042327	2.26309162888	-0.849361005362	4.14444979662	2.96138591668	0.00679772257718	208
17	0.25	0.75	0.0	3.19438816161	2.64563952764	-0.853301432101	3.50130285669	3.1843191734	0.0697873695491	209
17	0.25	1.0	0.0	2.65075430941	2.87774786796	-0.821562469176	2.86506324267	3.28888974334	0.126241640317	210
17	0.5	0.0	0.0	5.07089107337	1.75150421506	-1.01698076246	5.41500645076	2.46827539976	-0.312585575001	211
17	0.5	0.25	0.0	4.41095059745	1.91916939471	-1.01936539776	4.80351451588	2.69900610498	-0.312258459554	212
17	0.5	0.5	0.0	3.79411676331	2.27461501364	-1.03505604705	4.1766463561	2.9818263743	-0.269851525727	213
17	0.5	0.75	0.0	3.21391421444	2.63980936453	-1.04883241377	3.54849695323	3.22135508457	-0.21332653815	214
17	0.5	1.0	0.0	2.66386759433	2.83672074003	-1.04547420139	2.93316128913	3.32221111268	-0.170645261454	215
17	0.75	0.0	0.0	5.05269204575	1.73398699498	-1.20642728665	5.42310171295	2.4351509575	-0.588123823195	216
17	0.75	0.25	0.0	4.41271774021	1.91677114073	-1.195712189	4.82485003469	2.67641489008	-0.583435425776	217
17	0.75	0.5	0.0	3.81021877528	2.27078167305	-1.21093509635	4.21301967394	2.97811642373	-0.539428169799	218
17	0.75	0.75	0.0	3.23544500205	2.61590739067	-1.23705174166	3.5990218841	3.23086836481	-0.489180496235	219
17	0.75	1.0	0.0	2.67864627159	2.77203709234	-1.25901785791	2.99426791858	3.32528351965	-0.465770846053	220
17	1.0	0.0	0.0	5.039093521	1.68561036	-1.35212426	5.4308207556	2.37810951267	-0.817493058478	221
17	1.0	0.25	0.0	4.4252414371	1.87596610902	-1.33022365881	4.84442457304	2.62008698781	-0.812705906403	222
17	1.0	0.5	0.0	3.82576828819	2.22645321763	-1.35552552331	4.24491172677	2.92667321294	-0.766249321149	223
17	1.0	0.75	0.0	3.24657869043	2.55567038993	-1.39632081141	3.63937569529	3.18195863645	-0.718984938278	224
17	1.0	1.0	0.0	2.69357726	2.68221633	-1.420900481	3.03490995711	3.27003370676	-0.711774393352	225
18	0.0	0.0	0.0	2.640819498	2.896599071	-0.628575619	2.8034469531	3.2533926691	0.377529139127	226
18	0.0	0.25	0.0	2.11748471549	2.88186948543	-0.542199276218	2.16327884606	3.17055040022	0.403884636359	227
18	0.0	0.5	0.0	1.53346400865	2.69549863803	-0.435092708437	1.49652545044	2.94004714313	0.409805644897	228
18	0.0	0.75	0.0	0.914460005984	2.43302156087	-0.340402121687	0.8310485299	2.65649912712	0.401508096747	229
18	0.0	1.0	0.0	0.286175336	2.189973286	-0.291273722	0.194709848065	2.41452258149	0.385207923913	230
18	0.25	0.0	0.0	2.65075430941	2.87774786796	-0.821562469176	2.86506324267	3.28888974334	0.126241640317	231
18	0.25	0.25	0.0	2.13022094257	2.84420632257	-0.745903454861	2.24145725356	3.20024203474	0.145200879439	232
18	0.25	0.5	0.0	1.55736928031	2.63102921511	-0.644970674088	1.57104266394	2.95917485009	0.127765127857	233
18	0.25	0.75	0.0	0.94894343425	2.3374299122	-0.555637049135	0.891957799563	2.65189001142	0.0848918765634	234
18	0.25	1.0	0.0	0.321687515997	2.06262178045	-0.514775502281	0.242340986193	2.36458934076	0.027538616551	235
18	0.5	0.0	0.0	2.66386759433	2.83672074003	-1.04547420139	2.93316128913	3.32221111268	-0.170645261454	236
18	0.5	0.25	0.0	2.13515171611	2.76023587229	-0.992765367884	2.31213158016	3.21390824765	-0.180338896568	237
18	0.5	0.5	0.0	1.59216725829	2.50286870329	-0.893793958181	1.64974025762	2.94617367535	-0.237793219471	238
18	0.5	0.75	0.0	1.01452225568	2.16679934635	-0.79960422555	0.974236108833	2.59847544904	-0.314136642341	239
18	0.5	1.0	0.0	0.381824743113	1.8542079148	-0.761240423262	0.313867921145	2.25028162201	-0.380497577355	240
18	0.75	0.0	0.0	2.67864627159	2.77203709234	-1.25901785791	2.99426791858	3.32528351965	-0.465770846053	241
18	0.75	0.25	0.0	2.14115456669	2.63918154931	-1.2213956268	2.36724513677	3.1886491837	-0.511352371636	242
18	0.75	0.5	0.0	1.62350861979	2.32012494403	-1.11782525955	1.71449283233	2.87861188298	-0.610503817388	243
18	0.75	0.75	0.0	1.07213190856	1.93176168969	-1.01381133896	1.04757199575	2.47678751476	-0.713830663339	244
18	0.75	1.0	0.0	0.433447910673	1.5909861995	-0.974858447862	0.378043617539	2.06479197632	-0.771938389523	245
18	1.0	0.0	0.0	2.69357726	2.68221633	-1.420900481	3.03490995711	3.27003370676	-0.711774393352	246
18	1.0	0.25	0.0	2.15710702491	2.49026676841	-1.37040484314	2.39874123431	3.10156498765	-0.786457225741	247
18	1.0	0.5	0.0	1.63704404204	2.0919057788	-1.25332727704	1.74717498893	2.73405773707	-0.914001086195	248
18	1.0	0.75	0.0	1.08270783115	1.64294876854	-1.13976607742	1.08165399837	2.26735828334	-1.03244338981	249
18	1.0	1.0	0.0	0.443417912	1.299211145	-1.099819539	0.403621039996	1.80131295477	-1.07982155167	250
19	0.0	0.0	0.0	5.039093521	1.68561036	-1.35212426	5.4308207556	2.37810951267	-0.817493058478	251
19	0.0	0.25	0.0	4.4252414371	1.87596610902	-1.33022365881	4.84442457304	2.62008698781	-0.812705906403	252
19	0.0	0.5	0.0	3.82576828819	2.22645321763	-1.35552552331	4.24491172677	2.92667321294	-0.766249321149	253
19	0.0	0.75	0.0	3.24657869043	2.55567038993	-1.39632081141	3.63937569529	3.18195863645	-0.718984938278	254
19	0.0	1.0	0.0	2.69357726	2.68221633	-1.420900481	3.03490995711	3.27003370676	-0.711774393352	255
19	0.25	0.0	0.0	5.01432373687	1.57614294981	-1.47398937185	5.44680824375	2.26951002013	-1.0456983962	256
19	0.25	0.25	0.0	4.42154370935	1.74967550619	-1.46052529203	4.87522757532	2.49361329014	-1.07287871711	257
19	0.25	0.5	0.0	3.81672882459	2.0586770081	-1.52063476818	4.2810435025	2.76955665521	-1.07285381781	258
19	0.25	0.75	0.0	3.2353138526	2.3310023314	-1.58575723495	3.67358980542	2.98755584542	-1.07443602757	259
19	0.25	1.0	0.0	2.71273356338	2.39450635192	-1.58733212696	3.0622002642	3.03782659088	-1.10643767567	260
19	0.5	0.0	0.0	4.96981217523	1.41727873922	-1.59360267261	5.46888090744	2.10997207078	-1.29769504214	261
19	0.5	0.25	0.0	4.38844429235	1.56110008337	-1.58099797782	4.90850244267	2.31423486568	-1.3572849122	262
19	0.5	0.5	0.0	3.78776723982	1.81054210682	-1.63153887257	4.30033607539	2.55768806228	-1.38793386655	263
19	0.5	0.75	0.0	3.21409079853	2.00640640469	-1.67980563975	3.67338542486	2.73116716851	-1.41516120887	264
19	0.5	1.0	0.0	2.71372474939	1.98949457206	-1.6603785622	3.05665411037	2.72550769234	-1.46448624281	265
19	0.75	0.0	0.0	4.92059830847	1.24267853552	-1.69785917882	5.48047926759	1.92262449837	-1.53201068413	266
19	0.75	0.25	0.0	4.34481173845	1.34614718589	-1.68986541528	4.92830698385	2.09752422094	-1.62244225291	267
19	0.75	0.5	0.0	3.7510835366	1.52007830872	-1.72550840563	4.30498436478	2.29296263408	-1.67752289135	268
19	0.75	0.75	0.0	3.18655470699	1.62976476998	-1.75543871926	3.65973732949	2.41008894493	-1.72036199081	269
19	0.75	1.0	0.0	2.6983662537	1.54049943566	-1.73030692559	3.04179179705	2.35005236066	-1.77406894268	270
19	1.0	0.0	0.0	4.881721609	1.086003146	-1.773653907	5.46504384516	1.73059613668	-1.70717300997	271
19	1.0	0.25	0.0	4.30951460001	1.14072415907	-1.78535130355	4.91869900759	1.85905386245	-1.82486850048	272
19	1.0	0.5	0.0	3.71887771766	1.2253154087	-1.83981393649	4.29718329003	1.97727557056	-1.90765431615	273
19	1.0	0.75	0.0	3.15635075674	1.24895958747	-1.88962916693	3.65362029516	2.0216175139	-1.96923988204	274
19	1.0	1.0	0.0	2.668473512	1.120839388	-1.887384356	3.04113362569	1.92843594536	-2.0233346232	275
20	0.0	0.0	0.0	2.69357726	2.68221633	-1.420900481	3.03490995711	3.27003370676	-0.711774393352	276
20	0.0	0.25	0.0	2.15710702491	2.49026676841	-1.37040484314	2.39874123431	3.10156498765	-0.786457225741	277
20	0.0	0.5	0.0	1.63704404204	2.0919057788	-1.25332727704	1.74717498893	2.73405773707	-0.914001086195	278
20	0.0	0.75	0.0	1.08270783115	1.64294876854	-1.13976607742	1.08165399837	2.26735828334	-1.03244338981	279
20	0.0	1.0	0.0	0.443417912	1.299211145	-1.099819539	0.403621039996	1.80131295477	-1.07982155167	280
20	0.25	0.0	0.0	2.71273356338	2.39450635192	-1.58733212696	3.0622002642	3.03782659088	-1.10643767567	281
20	0.25	0.25	0.0	2.19158243824	2.14406298786	-1.48432130014	2.40554122589	2.82332019095	-1.17463590165	282
20	0.25	0.5	0.0	1.64180764312	1.71622578304	-1.33418275098	1.73556085125	2.41035246851	-1.24334683274	283
20	0.25	0.75	0.0	1.05215541933	1.27238870902	-1.20444668159	1.0580106042	1.91213993638	-1.29085663462	284
20	0.25	1.0	0.0	0.41137200817	0.973945737329	-1.16264329407	0.378641948634	1.44189910736	-1.29545147298	285
20	0.5	0.0	0.0	2.71372474939	1.98949457206	-1.6603785622	3.05665411037	2.72550769234	-1.46448624281	286
20	0.5	0.25	0.0	2.19189057348	1.69001877009	-1.54221080504	2.37891786993	2.44550491492	-1.51229459538	287
20	0.5	0.5	0.0	1.62110155839	1.27946243082	-1.39241876171	1.68553730843	1.98964672466	-1.51425020054	288
20	0.5	0.75	0.0	1.01156835535	0.887444791304	-1.26916332549	0.995257783362	1.48228285993	-1.48667530419	289
20	0.5	1.0	0.0	0.373501615575	0.643585088578	-1.23060538965	0.326824652245	1.04776305909	-1.44589215223	290
20	0.75	0.0	0.0	2.6983662537	1.54049943566	-1.73030692559	3.04179179705	2.35005236066	-1.77406894268	291
20	0.75	0.25	0.0	2.170531579	1.21706245861	-1.62216712459	2.34619312823	2.02293375947	-1.79865372106	292
20	0.75	0.5	0.0	1.59230529705	0.846918738719	-1.48675680748	1.62899594311	1.54800892011	-1.74618963697	293
20	0.75	0.75	0.0	0.979214027864	0.518537993515	-1.37114014557	0.925135333513	1.0529028448	-1.6567213579	294
20	0.75	1.0	0.0	0.346784391443	0.320389940538	-1.32238131015	0.269546391268	0.665240535768	-1.57029355134	295
20	1.0	0.0	0.0	2.668473512	1.120839388	-1.887384356	3.04113362569	1.92843594536	-2.0233346232	296
20	1.0	0.25	0.0	2.14000560314	0.814122396947	-1.80228402553	2.33468896257	1.6104213245	-2.03293369285	297
20	1.0	0.5	0.0	1.57279836828	0.483897723303	-1.67591838654	1.59782833795	1.16150746944	-1.95864358941	298
20	1.0	0.75	0.0	0.973359825539	0.196089293758	-1.54760127828	0.879383052305	0.699115681802	-1.83781675512	299
20	1.0	1.0	0.0	0.348197993	0.016621035	-1.45664654	0.228184406138	0.340667263184	-1.7078056322	300
25	0.0	0.0	0.0	4.881721609	1.086003146	-1.773653907	5.46504384516	1.73059613668	-1.70717300997	301
25	0.0	0.25	0.0	4.30951460001	1.14072415907	-1.78535130355	4.91869900759	1.85905386245	-1.82486850048	302
25	0.0	0.5	0.0	3.71887771766	1.2253154087	-1.83981393649	4.29718329003	1.97727557056	-1.90765431615	303
25	0.0	0.75	0.0	3.15635075674	1.24895958747	-1.88962916693	3.65362029516	2.0216175139	-1.96923988204	304
25	0.0	1.0	0.0	2.668473512	1.120839388	-1.887384356	3.04113362569	1.92843594536	-2.0233346232	305
25	0.25	0.0	0.0	4.81939671313	0.631234612536	-1.94563356981	5.36992458329	1.14650111686	-1.9924372461	306
25	0.25	0.25	0.0	4.2679055946	0.595522516512	-2.03394506214	4.8331289494	1.1761958536	-2.15805256036	307
25	0.25	0.5	0.0	3.69498375021	0.545856222853	-2.18054685959	4.2398185673	1.15853212868	-2.2867719346	308
25	0.25	0.75	0.0	3.14159153217	0.458888037013	-2.3205803921	3.63112019958	1.09025928854	-2.37916214891	309
25	0.25	1.0	0.0	2.64868929271	0.311270264448	-2.38918708962	3.04816060886	0.968126679598	-2.43578998336	310
25	0.5	0.0	0.0	4.78819473437	0.0846052965857	-2.11093713512	5.29577275893	0.492767865762	-2.12680002321	311
25	0.5	0.25	0.0	4.26359754118	-0.0292086971956	-2.28084224206	4.76647335008	0.438367261947	-2.33671938847	312
25	0.5	0.5	0.0	3.72408577992	-0.165513372093	-2.51299845416	4.18356306576	0.320975809653	-2.51656170695	313
25	0.5	0.75	0.0	3.19616382482	-0.323388058636	-2.72896584996	3.59226698258	0.164835030314	-2.6525589738	314
25	0.5	1.0	0.0	2.70633605014	-0.501912087354	-2.85030450799	3.03781017715	-0.00581355463386	-2.73094318419	315
25	0.75	0.0	0.0	4.78097829517	-0.472761811157	-2.22357297887	5.2701211096	-0.149143668478	-2.13380599358	316
25	0.75	0.25	0.0	4.27835493188	-0.65942167669	-2.4543093798	4.75134754072	-0.278661729181	-2.36633597173	317
25	0.75	0.5	0.0	3.77159621651	-0.860193773441	-2.74123956436	4.17787014957	-0.465061076758	-2.57907293321	318
25	0.75	0.75	0.0	3.27110563562	-1.07054562144	-3.00188048212	3.59615377056	-0.678920055638	-2.7474819123	319
25	0.75	1.0	0.0	2.78728667575	-1.28594474073	-3.15374908262	3.05266323809	-0.890817010249	-2.84702794333	320
25	1.0	0.0	0.0	4.790610018	-0.95974372	-2.237549477	5.32050237281	-0.697773537725	-2.03699980947	321
25	1.0	0.25	0.0	4.29394225884	-1.22106861661	-2.48261301189	4.8203668524	-0.899120936451	-2.25236929705	322
25	1.0	0.5	0.0	3.80292746973	-1.48958537849	-2.76934103436	4.27219318289	-1.12924622078	-2.45635491338	323
25	1.0	0.75	0.0	3.3174549655	-1.75526157338	-3.02641923016	3.70187368993	-1.3652707642	-2.62198252001	324
25	1.0	1.0	0.0	2.837414061	-2.008064769	-3.182533285	3.1353006992	-1.58431594016	-2.72227797846	325
26	0.0	0.0	0.0	2.668473512	1.120839388	-1.887384356	3.04113362569	1.92843594536	-2.0233346232	326
26	0.0	0.25	0.0	2.14000560314	0.814122396947	-1.80228402553	2.33468896257	1.6104213245	-2.03293369285	327
26	0.0	0.5	0.0	1.57279836828	0.483897723303	-1.67591838654	1.59782833795	1.16150746944	-1.95864358941	328
26	0.0	0.75	0.0	0.973359825539	0.196089293758	-1.54760127828	0.879383052305	0.699115681802	-1.83781675512	329
26	0.0	1.0	0.0	0.348197993	0.016621035	-1.45664654	0.228184406138	0.340667263184	-1.7078056322	330
26	0.25	0.0	0.0	2.64868929271	0.311270264448	-2.38918708962	3.04816060886	0.968126679598	-2.43578998336	331
26	0.25	0.25	0.0	2.11985265617	0.047466107304	-2.35988168468	2.35652417662	0.700893512264	-2.45097094971	332
26	0.25	0.5	0.0	1.56916836897	-0.265859788574	-2.25795071475	1.61267734729	0.31260459116	-2.40376311301	333
26	0.25	0.75	0.0	0.993095258555	-0.555050285049	-2.09991087656	0.879920923642	-0.0953972097357	-2.28935203279	334
26	0.25	1.0	0.0	0.388092152391	-0.746448243984	-1.90227886682	0.22155570847	-0.421769016445	-2.10292326858	335
26	0.5	0.0	0.0	2.70633605014	-0.501912087354	-2.85030450799	3.03781017715	-0.00581355463386	-2.73094318419	336
26	0.5	0.25	0.0	2.15951349735	-0.76247978454	-2.85362788252	2.39042118964	-0.270024139046	-2.7575516092	337
26	0.5	0.5	0.0	1.58159222067	-1.06984099563	-2.76410731715	1.67692928525	-0.621055418945	-2.72681587366	338
26	0.5	0.75	0.0	0.99102227888	-1.35281019209	-2.59375070276	0.958031804861	-0.971084896975	-2.62455746173	339
26	0.5	1.0	0.0	0.406253730739	-1.54020184535	-2.35456593025	0.294426089367	-1.23229007578	-2.43659785752	340
26	0.75	0.0	0.0	2.78728667575	-1.28594474073	-3.15374908262	3.05266323809	-0.890817010249	-2.84702794333	341
26	0.75	0.25	0.0	2.22026763615	-1.56147527441	-3.17723705428	2.43374082281	-1.16451703031	-2.88508740874	342
26	0.75	0.5	0.0	1.60494179557	-1.86529849263	-3.10154135314	1.74981246304	-1.48886687453	-2.86636878727	343
26	0.75	0.75	0.0	0.98658719126	-2.13730901242	-2.94136655992	1.0508750337	-1.79081865063	-2.78151446165	344
26	0.75	1.0	0.0	0.410481860468	-2.31740145079	-2.71141725531	0.386925409738	-1.99732446636	-2.62116681463	345
26	1.0	0.0	0.0	2.837414061	-2.008064769	-3.182533285	3.1353006992	-1.58431594016	-2.72227797846	346
26	1.0	0.25	0.0	2.26339458207	-2.29528035815	-3.22442363521	2.48384389732	-1.84477056239	-2.76599008576	347
26	1.0	0.5	0.0	1.63408896584	-2.58948487433	-3.17740598216	1.79055519187	-2.14022408924	-2.76098876971	348
26	1.0	0.75	0.0	0.99923630044	-2.84866533109	-3.05500425103	1.09560994791	-2.41746974143	-2.69830445229	349
26	1.0	1.0	0.0	0.408575674	-3.030808742	-2.870742367	0.439183530493	-2.6233007397	-2.56896755551	350
27	0.0	0.0	0.0	4.790610018	-0.95974372	-2.237549477	5.32050237281	-0.697773537725	-2.03699980947	351
27	0.0	0.25	0.0	4.29394225884	-1.22106861661	-2.48261301189	4.8203668524	-0.899120936451	-2.25236929705	352
27	0.0	0.5	0.0	3.80292746973	-1.48958537849	-2.76934103436	4.27219318289	-1.12924622078	-2.45635491338	353
27	0.0	0.75	0.0	3.3174549655	-1.75526157338	-3.02641923016	3.70187368993	-1.3652707642	-2.62198252001	354
27	0.0	1.0	0.0	2.837414061	-2.008064769	-3.182533285	3.1353006992	-1.58431594016	-2.72227797846	355
27	0.25	0.0	0.0	4.87321667579	-1.45273328931	-2.06453028268	5.45581387809	-1.26299366593	-1.68110587253	356
27	0.25	0.25	0.0	4.38041875639	-1.78844207819	-2.27510103094	4.96466979548	-1.52456477721	-1.82737143138	357
27	0.25	0.5	0.0	3.89506387031	-2.12989591455	-2.51291066661	4.43410795972	-1.79620213812	-1.97694877967	358
27	0.25	0.75	0.0	3.41153227835	-2.45636290589	-2.72445434426	3.86844758814	-2.05558187634	-2.10974506134	359
27	0.25	1.0	0.0	2.9242042413	-2.74711115966	-2.85622721847	3.27200789805	-2.28038011955	-2.20566742031	360
27	0.5	0.0	0.0	5.03543377827	-1.94722154538	-1.71165242148	5.62256584615	-1.85069933215	-1.04190825076	361
27	0.5	0.25	0.0	4.55740514005	-2.34854583295	-1.86264546405	5.12132122184	-2.16042698282	-1.09305416726	362
27	0.5	0.5	0.0	4.07900256362	-2.76290260092	-2.02981024066	4.58341332445	-2.49866281367	-1.16466696043	363
27	0.5	0.75	0.0	3.5909346015	-3.1541981369	-2.17567877545	4.01146464576	-2.82406662799	-1.25103633506	364
27	0.5	1.0	0.0	3.08390980619	-3.4863387285	-2.26278309257	3.4080976775	-3.0952982291	-1.3464519959	365
27	0.75	0.0	0.0	5.19919952387	-2.33048175976	-1.26542489529	5.77532794151	-2.32379806604	-0.309776625125	366
27	0.75	0.25	0.0	4.73231942304	-2.77606375942	-1.34772463608	5.25804637516	-2.67834890449	-0.280031184651	367
27	0.75	0.5	0.0	4.2511971476	-3.23562167278	-1.4355861674	4.70360310335	-3.07495675224	-0.280800959182	368
27	0.75	0.75	0.0	3.74797143813	-3.66451271128	-1.50816629844	4.12084928265	-3.46096635507	-0.317514343856	369
27	0.75	1.0	0.0	3.21478103523	-4.01809408634	-1.54462183839	3.51863606962	-3.78372245877	-0.395599733811	370
27	1.0	0.0	0.0	5.286452111	-2.489787204	-0.812356706	5.86866982865	-2.54519739723	0.324919323409	371
27	1.0	0.25	0.0	4.8125796186	-2.94567973611	-0.832816871866	5.34257049915	-2.94997189343	0.381083836469	372
27	1.0	0.5	0.0	4.30810122018	-3.39506936534	-0.845784857707	4.77817112269	-3.36341245865	0.413357720563	373
27	1.0	0.75	0.0	3.77495229141	-3.80305207389	-0.849990687945	4.18652591867	-3.75652239349	0.419162909575	374
27	1.0	1.0	0.0	3.215068208	-4.134723844	-0.844164387	3.57868910646	-4.10030499854	0.395921337383	375
28	0.0	0.0	0.0	2.837414061	-2.008064769	-3.182533285	3.1353006992	-1.58431594016	-2.72227797846	376
28	0.0	0.25	0.0	2.26339458207	-2.29528035815	-3.22442363521	2.48384389732	-1.84477056239	-2.76599008576	377
28	0.0	0.5	0.0	1.63408896584	-2.58948487433	-3.17740598216	1.79055519187	-2.14022408924	-2.76098876971	378
28	0.0	0.75	0.0	0.99923630044	-2.84866533109	-3.05500425103	1.09560994791	-2.41746974143	-2.69830445229	379
28	0.0	1.0	0.0	0.408575674	-3.030808742	-2.870742367	0.439183530493	-2.6233007397	-2.56896755551	380
28	0.25	0.0	0.0	2.9242042413	-2.74711115966	-2.85622721847	3.27200789805	-2.28038011955	-2.20566742031	381
28	0.25	0.25	0.0	2.34884749873	-3.03464301657	-2.89999544318	2.57888035549	-2.51279072781	-2.26169193575	382
28	0.25	0.5	0.0	1.72070287912	-3.30603003514	-2.8736449063	1.85994456646	-2.76109005825	-2.27348779805	383
28	0.25	0.75	0.0	1.07938793215	-3.54358594257	-2.78710644284	1.15303007679	-3.00405300836	-2.23394438452	384
28	0.25	1.0	0.0	0.46452020752	-3.72962446608	-2.6503108878	0.495966432299	-3.22045447566	-2.13595107248	385
28	0.5	0.0	0.0	3.08390980619	-3.4863387285	-2.26278309257	3.4080976775	-3.0952982291	-1.3464519959	386
28	0.5	0.25	0.0	2.49969827082	-3.77231020518	-2.2830027479	2.72257026309	-3.31821261177	-1.42244822894	387
28	0.5	0.5	0.0	1.86458880223	-4.02110305958	-2.25056282317	2.00136135998	-3.51548950551	-1.45041393842	388
28	0.5	0.75	0.0	1.21441238336	-4.23496694193	-2.17632957153	1.28412820005	-3.70147495198	-1.43333834131	389
28	0.5	1.0	0.0	0.584999997117	-4.41615150246	-2.07116924611	0.610528015211	-3.89051499286	-1.37421065459	390
28	0.75	0.0	0.0	3.21478103523	-4.01809408634	-1.54462183839	3.51863606962	-3.78372245877	-0.395599733811	391
28	0.75	0.25	0.0	2.62034937075	-4.29910276537	-1.5348335126	2.85833661846	-4.01587689171	-0.478429748015	392
28	0.75	0.5	0.0	1.97992759561	-4.53451764887	-1.48789534129	2.14773156779	-4.18263738928	-0.524507371279	393
28	0.75	0.75	0.0	1.32626854733	-4.73205210535	-1.41646937196	1.4265165922	-4.32132331181	-0.535311484143	394
28	0.75	1.0	0.0	0.692125063405	-4.89941950336	-1.33321765211	0.734387366284	-4.46925401964	-0.51232096715	395
28	1.0	0.0	0.0	3.215068208	-4.134723844	-0.844164387	3.57868910646	-4.10030499854	0.395921337383	396
28	1.0	0.25	0.0	2.61520327094	-4.40584153858	-0.816875700546	2.92960241994	-4.36062424507	0.340192724322	397
28	1.0	0.5	0.0	1.98090011969	-4.64608750424	-0.765378069194	2.23198118527	-4.54174866781	0.2714917229	398
28	1.0	0.75	0.0	1.33691531735	-4.84408520902	-0.701321578995	1.51780752772	-4.67518582737	0.221311025504	399
28	1.0	1.0	0.0	0.708005427	-4.988458121	-0.636356316	0.819063572576	-4.79244328432	0.221143324523	400
33	0.0	0.0	0.0	5.286452111	-2.489787204	-0.812356706	5.86866982865	-2.54519739723	0.324919323409	401
33	0.0	0.25	0.0	4.8125796186	-2.94567973611	-0.832816871866	5.34257049915	-2.94997189343	0.381083836469	402
33	0.0	0.5	0.0	4.30810122018	-3.39506936534	-0.845784857707	4.77817112269	-3.36341245865	0.413357720563	403
33	0.0	0.75	0.0	3.77495229141	-3.80305207389	-0.849990687945	4.18652591867	-3.75652239349	0.419162909575	404
33	0.0	1.0	0.0	3.215068208	-4.134723844	-0.844164387	3.57868910646	-4.10030499854	0.395921337383	405
33	0.25	0.0	0.0	5.26673864837	-2.37679764155	-0.272086027245	5.87863075039	-2.46846286608	1.01556627295	406
33	0.25	0.25	0.0	4.77368553357	-2.79142711412	-0.286009957369	5.34452556796	-2.89816206264	1.04620011456	407
33	0.25	0.5	0.0	4.24408875828	-3.17823368469	-0.324505370516	4.77253273865	-3.28245661347	1.04026261046	408
33	0.25	0.75	0.0	3.68558194104	-3.52094117736	-0.364780174835	4.17436549726	-3.62805888985	1.02356126287	409
33	0.25	1.0	0.0	3.1057987004	-3.80327341621	-0.384042278478	3.56173707858	-3.94168126306	1.02190357401	410
33	0.5	0.0	0.0	5.19212524279	-2.06098905103	0.31385169655	5.81907689698	-2.16182645206	1.79630636558	411
33	0.5	0.25	0.0	4.68330785791	-2.39222851	0.276410791951	5.27201921208	-2.56423850453	1.82725083305	412
33	0.5	0.5	0.0	4.14182763665	-2.69218487662	0.16468625073	4.69003627885	-2.91002206159	1.80192855293	413
33	0.5	0.75	0.0	3.57112189998	-2.95799796315	0.0384869545847	4.08936161603	-3.21100251424	1.76281414597	414
33	0.5	1.0	0.0	2.97462796885	-3.18680758184	-0.0423782147906	3.48622874233	-3.47900525348	1.75238223293	415
33	0.75	0.0	0.0	5.11700536857	-1.61004210124	0.837606567319	5.71963021998	-1.67902225601	2.49523602068	416
33	0.75	0.25	0.0	4.5990563886	-1.85484309595	0.776784691141	5.16183200115	-2.03497837083	2.55269705967	417
33	0.75	0.5	0.0	4.05371014245	-2.07274070674	0.59317936936	4.56889113188	-2.34788306897	2.52648166582	418
33	0.75	0.75	0.0	3.47757362706	-2.2689314553	0.383845039427	3.96690152472	-2.62041020707	2.47310218003	419
33	0.75	1.0	0.0	2.86725383937	-2.4486118633	0.245836138792	3.38195709222	-2.85523364174	2.44907094319	420
33	1.0	0.0	0.0	5.0957725	-1.091637461	1.191328687	5.60991267093	-1.07378437881	2.94045165764	421
33	1.0	0.25	0.0	4.57854092265	-1.2860300442	1.13745105525	5.05074450482	-1.39715881325	3.05099986216	422
33	1.0	0.5	0.0	4.03212856283	-1.45571894068	0.9323633487	4.4473066863	-1.69781390158	3.042048067	423
33	1.0	0.75	0.0	3.4509385811	-1.60845067782	0.695328418801	3.84237247306	-1.97133890876	2.99060598621	424
33	1.0	1.0	0.0	2.829374138	-1.751971783	0.545609117	3.27871512277	-2.21332309978	2.97368333383	425
34	0.0	0.0	0.0	3.215068208	-4.134723844	-0.844164387	3.57868910646	-4.10030499854	0.395921337383	426
34	0.0	0.25	0.0	2.61520327094	-4.40584153858	-0.816875700546	2.92960241994	-4.36062424507	0.340192724322	427
34	0.0	0.5	0.0	1.98090011969	-4.64608750424	-0.765378069194	2.23198118527	-4.54174866781	0.2714917229	428
34	0.0	0.75	0.0	1.33691531735	-4.84408520902	-0.701321578995	1.51780752772	-4.67518582737	0.221311025504	429
34	0.0	1.0	0.0	0.708005427	-4.988458121	-0.636356316	0.819063572576	-4.79244328432	0.221143324523	430
34	0.25	0.0	0.0	3.1057987004	-3.80327341621	-0.384042278478	3.56173707858	-3.94168126306	1.02190357401	431
34	0.25	0.25	0.0	2.49856260722	-4.05322683921	-0.347777585118	2.91347211997	-4.21489484105	1.01350022745	432
34	0.25	0.5	0.0	1.87295769299	-4.2875090761	-0.261136249525	2.22622958145	-4.43193333281	0.981374033686	433
34	0.25	0.75	0.0	1.24284945925	-4.47832308371	-0.162672738251	1.52249269255	-4.5943373682	0.95826498059	434
34	0.25	1.0	0.0	0.622103407545	-4.59787181887	-0.0909415178472	0.824744682797	-4.7036475771	0.976913056033	435
34	0.5	0.0	0.0	2.97462796885	-3.18680758184	-0.0423782147906	3.48622874233	-3.47900525348	1.75238223293	436
34	0.5	0.25	0.0	2.35301000729	-3.40431767593	-0.0142835452912	2.84859614306	-3.73316550637	1.77443973964	437
34	0.5	0.5	0.0	1.73343556863	-3.61233156512	0.103876051743	2.1713808528	-3.96158019264	1.80538875791	438
34	0.5	0.75	0.0	1.11758605953	-3.78370576481	0.242239966135	1.47342077274	-4.14210000496	1.84588804149	439
34	0.5	1.0	0.0	0.507142886663	-3.89129679039	0.330947587705	0.773553804105	-4.252575636	1.8965963441	440
34	0.75	0.0	0.0	2.86725383937	-2.4486118633	0.245836138792	3.38195709222	-2.85523364174	2.44907094319	441
34	0.75	0.25	0.0	2.22830191008	-2.62777626717	0.263498706324	2.76588436341	-3.08401637772	2.49530014894	442
34	0.75	0.5	0.0	1.60902789083	-2.79670239037	0.402428884626	2.10393165379	-3.30322764402	2.59077662298	443
34	0.75	0.75	0.0	1.00351061849	-2.93894584026	0.572568527852	1.41392409056	-3.48340024881	2.69905380128	444
34	0.75	1.0	0.0	0.405828929949	-3.03806222421	0.683859490155	0.713686800931	-3.59506700024	2.78368511982	445
34	1.0	0.0	0.0	2.829374138	-1.751971783	0.545609117	3.27871512277	-2.21332309978	2.97368333383	446
34	1.0	0.25	0.0	2.17419475452	-1.89226483133	0.565461457119	2.6962466552	-2.4360275918	3.04837034341	447
34	1.0	0.5	0.0	1.54642880381	-2.01676897089	0.707292299138	2.06037863894	-2.62941408368	3.18477835628	448
34	1.0	0.75	0.0	0.943008636444	-2.12275589801	0.887464940588	1.38733496832	-2.78316461093	3.33263585304	449
34	1.0	1.0	0.0	0.360866603	-2.207497309	1.022342679	0.693339537705	-2.88696120904	3.44167131427	450
35	0.0	0.0	0.0	5.0957725	-1.091637461	1.191328687	5.60991267093	-1.07378437881	2.94045165764	451
35	0.0	0.25	0.0	4.57854092265	-1.2860300442	1.13745105525	5.05074450482	-1.39715881325	3.05099986216	452
35	0.0	0.5	0.0	4.03212856283	-1.45571894068	0.9323633487	4.4473066863	-1.69781390158	3.042048067	453
35	0.0	0.75	0.0	3.4509385811	-1.60845067782	0.695328418801	3.84237247306	-1.97133890876	2.99060598621	454
35	0.0	1.0	0.0	2.829374138	-1.751971783	0.545609117	3.27871512277	-2.21332309978	2.97368333383	455
35	0.25	0.0	0.0	5.10589361798	-0.585293943825	1.29832688823	5.51362619975	-0.456193424438	3.04833642811	456
35	0.25	0.25	0.0	4.58104999125	-0.739763305372	1.28099490161	4.93902578	-0.734479156829	3.21589665339	457
35	0.25	0.5	0.0	4.02405464523	-0.863502777125	1.11923875162	4.31966536454	-0.994801898301	3.25450741059	458
35	0.25	0.75	0.0	3.42999869981	-0.968052638734	0.927261198107	3.70629387961	-1.23921874082	3.24420848008	459
35	0.25	1.0	0.0	2.79397327487	-1.06495316985	0.819265000894	3.14966025145	-1.46978677636	3.26503964226	460
35	0.5	0.0	0.0	5.10451787893	-0.0184724300826	1.25408701724	5.42012112506	0.229668261265	2.9631515214	461
35	0.5	0.25	0.0	4.55345347983	-0.12362907333	1.27221040583	4.81170451228	0.0178263778491	3.16699553859	462
35	0.5	0.5	0.0	3.97036923479	-0.21019967211	1.16167913168	4.17719857394	-0.192540240441	3.25043029307	463
35	0.5	0.75	0.0	3.35372054379	-0.277066213481	1.02666829811	3.5559136028	-0.390504068019	3.28366746802	464
35	0.5	1.0	0.0	2.70196280683	-0.323110684502	0.97135300843	2.98715989164	-0.565137579301	3.33691874664	465
35	0.75	0.0	0.0	5.10516440667	0.538281787701	1.10751786939	5.35327421052	0.896228547	2.74096098697	466
35	0.75	0.25	0.0	4.52352104743	0.485483765937	1.1556995036	4.71402144264	0.76201951091	2.9576943844	467
35	0.75	0.5	0.0	3.90779721101	0.442496043936	1.09314885862	4.06483559125	0.616623226622	3.06967126127	468
35	0.75	0.75	0.0	3.26751675384	0.418924945604	1.01455930387	3.43156677087	0.483248551403	3.13323748868	469
35	0.75	1.0	0.0	2.61220353237	0.424376794847	1.01462420875	2.84006509605	0.385104342519	3.20473893772	470
35	1.0	0.0	0.0	5.121352325	1.014423417	0.90752824	5.33696221979	1.45591530147	2.43782887428	471
35	1.0	0.25	0.0	4.51902235309	1.01068632644	0.976064130617	4.69121731203	1.40036196248	2.64139105746	472
35	1.0	0.5	0.0	3.87306345339	1.03289004058	0.947112302228	4.02750569321	1.3403406575	2.75208486204	473
35	1.0	0.75	0.0	3.21679997075	1.07433718618	0.911943800476	3.37358851207	1.2904825592	2.81717308073	474
35	1.0	1.0	0.0	2.58355625	1.12833039	0.961829671	2.75722691739	1.26541884024	2.88391850624	475
36	0.0	0.0	0.0	2.829374138	-1.751971783	0.545609117	3.27871512277	-2.21332309978	2.97368333383	476
36	0.0	0.25	0.0	2.17419475452	-1.89226483133	0.565461457119	2.6962466552	-2.4360275918	3.04837034341	477
36	0.0	0.5	0.0	1.54642880381	-2.01676897089	0.707292299138	2.06037863894	-2.62941408368	3.18477835628	478
36	0.0	0.75	0.0	0.943008636444	-2.12275589801	0.887464940588	1.38733496832	-2.78316461093	3.33263585304	479
36	0.0	1.0	0.0	0.360866603	-2.207497309	1.022342679	0.693339537705	-2.88696120904	3.44167131427	480
36	0.25	0.0	0.0	2.79397327487	-1.06495316985	0.819265000894	3.14966025145	-1.46978677636	3.26503964226	481
36	0.25	0.25	0.0	2.14858438246	-1.14831478567	0.878721336948	2.60104380583	-1.65595451751	3.38033602486	482
36	0.25	0.5	0.0	1.53868512905	-1.20560470703	1.06159552113	1.99712834432	-1.77282913394	3.56169743794	483
36	0.25	0.75	0.0	0.959480540734	-1.25370847083	1.28185598371	1.35487841975	-1.85347961825	3.74960199302	484
36	0.25	1.0	0.0	0.406175643636	-1.30951161399	1.45347115495	0.691258584956	-1.93097496302	3.88452780163	485
36	0.5	0.0	0.0	2.70196280683	-0.323110684502	0.97135300843	2.98715989164	-0.565137579301	3.33691874664	486
36	0.5	0.25	0.0	2.1002903178	-0.343394514247	1.09172680875	2.45809297409	-0.666694202705	3.48028018898	487
36	0.5	0.5	0.0	1.54632428517	-0.341130079371	1.35165079596	1.87868900155	-0.689987550374	3.70080682436	488
36	0.5	0.75	0.0	1.02069983515	-0.343662485144	1.63880917497	1.27101696024	-0.696838725429	3.92496625338	489
36	0.5	1.0	0.0	0.504052093977	-0.378336836838	1.84088615072	0.657145836377	-0.749068830992	4.07922607668	490
36	0.75	0.0	0.0	2.61220353237	0.424376794847	1.01462420875	2.84006509605	0.385104342519	3.20473893772	491
36	0.75	0.25	0.0	2.06356580523	0.459467440312	1.18463956995	2.31789249611	0.370313939911	3.3481163663	492
36	0.75	0.5	0.0	1.56109423994	0.509051346713	1.49099017174	1.75322742405	0.419594318464	3.56570594178	493
36	0.75	0.75	0.0	1.07832882473	0.539202907965	1.80672943281	1.17232216645	0.462694461432	3.78608118945	494
36	0.75	1.0	0.0	0.588809547829	0.515996517982	2.00491077188	0.601429009897	0.42936335207	3.93781563458	495
36	1.0	0.0	0.0	2.58355625	1.12833039	0.961829671	2.75722691739	1.26541884024	2.88391850624	496
36	1.0	0.25	0.0	2.07266408945	1.19724253537	1.13762131802	2.23094070807	1.29363049765	2.98375808737	497
36	1.0	0.5	0.0	1.57474296114	1.27733600585	1.39314569661	1.66891042525	1.356400124	3.11999421647	498
36	1.0	0.75	0.0	1.08402981451	1.32670855741	1.63402167565	1.09536561501	1.40105633622	3.26029935652	499
36	1.0	1.0	0.0	0.594761599	1.303457946	1.765868124	0.534535823443	1.3749277512	3.37234597046	500
41	0.0	0.0	0.0	5.121352325	1.014423417	0.90752824	5.33696221979	1.45591530147	2.43782887428	501
41	0.0	0.25	0.0	4.51902235309	1.01068632644	0.976064130617	4.69121731203	1.40036196248	2.64139105746	502
41	0.0	0.5	0.0	3.87306345339	1.03289004058	0.947112302228	4.02750569321	1.3403406575	2.75208486204	503
41	0.0	0.75	0.0	3.21679997075	1.07433718618	0.911943800476	3.37358851207	1.2904825592	2.81717308073	504
41	0.0	1.0	0.0	2.58355625	1.12833039	0.961829671	2.75722691739	1.26541884024	2.88391850624	505
41	0.25	0.0	0.0	5.14035512175	1.21640069462	0.785963674467	5.34633361784	1.68778116013	2.2477129458	506
41	0.25	0.25	0.0	4.5294331181	1.22775776703	0.862175249099	4.70159026648	1.6631315019	2.44319340901	507
41	0.25	0.5	0.0	3.87300547247	1.27707266508	0.851367485627	4.0358684985	1.63412791139	2.55578166591	508
41	0.25	0.75	0.0	3.21405325102	1.34491679811	0.833430986267	3.37600660315	1.6104967838	2.6222364673	509
41	0.25	1.0	0.0	2.59555751991	1.41186157543	0.888256353237	2.74884286966	1.60196451435	2.67931656399	510
41	0.5	0.0	0.0	5.16537240226	1.42770242501	0.624342633983	5.35860552663	1.930316387	1.99536112126	511
41	0.5	0.25	0.0	4.54064152028	1.45136609741	0.70614788596	4.70914017434	1.93730767587	2.18256239143	512
41	0.5	0.5	0.0	3.87586894616	1.52861913456	0.720015789701	4.04647204905	1.93602517619	2.30418929702	513
41	0.5	0.75	0.0	3.21749350697	1.6234119984	0.720564321312	3.38745852241	1.93199771103	2.37834371123	514
41	0.5	1.0	0.0	2.61195402981	1.69969515087	0.762411456899	2.74895696605	1.93075410346	2.42312750724	515
41	0.75	0.0	0.0	5.18681425239	1.6125669719	0.443467249258	5.37283053683	2.1474382137	1.71948591093	516
41	0.75	0.25	0.0	4.54724887112	1.64720805001	0.524085427336	4.71883284596	2.18546426835	1.89167880763	517
41	0.75	0.5	0.0	3.87730567047	1.75991567859	0.560079080938	4.05896005836	2.21525041558	2.0201329768	518
41	0.75	0.75	0.0	3.22296442444	1.89047239826	0.578417716225	3.40094028359	2.23365327006	2.10340675384	519
41	0.75	1.0	0.0	2.63020490706	1.97866074962	0.606070839361	2.75250163122	2.23752944646	2.14005847413	520
41	1.0	0.0	0.0	5.195090758	1.735232699	0.264139651	5.38806123911	2.30306387186	1.45879982509	521
41	1.0	0.25	0.0	4.5438564821	1.78098035724	0.332091259364	4.7356340917	2.37017506329	1.60272346052	522
41	1.0	0.5	0.0	3.87296744142	1.94334852675	0.378579225823	4.07297623993	2.44102159325	1.72643792666	523
41	1.0	0.75	0.0	3.22630968928	2.12674760888	0.41206508162	3.40944790044	2.49413139011	1.81533753643	524
41	1.0	1.0	0.0	2.647769279	2.235588005	0.441010358	2.75440928986	2.50803238223	1.8548166028	525
42	0.0	0.0	0.0	2.58355625	1.12833039	0.961829671	2.75722691739	1.26541884024	2.88391850624	526
42	0.0	0.25	0.0	2.07266408945	1.19724253537	1.13762131802	2.23094070807	1.29363049765	2.98375808737	527
42	0.0	0.5	0.0	1.57474296114	1.27733600585	1.39314569661	1.66891042525	1.356400124	3.11999421647	528
42	0.0	0.75	0.0	1.08402981451	1.32670855741	1.63402167565	1.09536561501	1.40105633622	3.26029935652	529
42	0.0	1.0	0.0	0.594761599	1.303457946	1.765868124	0.534535823443	1.3749277512	3.37234597046	530
42	0.25	0.0	0.0	2.59555751991	1.41186157543	0.888256353237	2.74884286966	1.60196451435	2.67931656399	531
42	0.25	0.25	0.0	2.0863515387	1.46943820192	1.04126695017	2.20919268749	1.61770955214	2.75260426451	532
42	0.25	0.5	0.0	1.56944876937	1.5215706038	1.25126947201	1.63956970409	1.64225729142	2.85132488616	533
42	0.25	0.75	0.0	1.0537894643	1.54194453748	1.44583386215	1.05796383004	1.64723984063	2.95854618247	534
42	0.25	1.0	0.0	0.548313875843	1.50424575939	1.55253006396	0.48236497592	1.60428930823	3.05733590696	535
42	0.5	0.0	0.0	2.61195402981	1.69969515087	0.762411456899	2.74895696605	1.93075410346	2.42312750724	536
42	0.5	0.25	0.0	2.09343360179	1.73346730856	0.872449540879	2.18241502533	1.92617083524	2.46281083233	537
42	0.5	0.5	0.0	1.54796991283	1.73764003018	1.02943305632	1.59311301893	1.90597064095	2.51969667453	538
42	0.5	0.75	0.0	0.997619656121	1.71139544255	1.18132736042	0.992640884271	1.86507342234	2.592490643	539
42	0.5	1.0	0.0	0.464439524897	1.65391567251	1.27609781038	0.392588558761	1.79839908111	2.67989834687	540
42	0.75	0.0	0.0	2.63020490706	1.97866074962	0.606070839361	2.75250163122	2.23752944646	2.14005847413	541
42	0.75	0.25	0.0	2.09979248546	1.98488373229	0.674378009164	2.1557465945	2.20851760395	2.15231010591	542
42	0.75	0.5	0.0	1.52307413584	1.93609099093	0.78357880641	1.53845049315	2.14135891007	2.17440472212	543
42	0.75	0.75	0.0	0.935255818261	1.85818662841	0.899115287256	0.914301638751	2.05328073133	2.21745967322	544
42	0.75	1.0	0.0	0.371543492752	1.77707474762	0.986429507862	0.296988342871	1.96151043426	2.29259230964	545
42	1.0	0.0	0.0	2.647769279	2.235588005	0.441010358	2.75440928986	2.50803238223	1.8548166028	546
42	1.0	0.25	0.0	2.1113103964	2.2192413501	0.490261274032	2.13432626791	2.45425311531	1.85903440031	547
42	1.0	0.5	0.0	1.50752918277	2.12747019196	0.569649079166	1.48449225013	2.34224083623	1.86474416945	548
42	1.0	0.75	0.0	0.886433379015	2.00544345084	0.657810759466	0.837850954541	2.21058541761	1.88878020824	549
42	1.0	1.0	0.0	0.298030726	1.898330047	0.733383301	0.227346099153	2.0978767321	1.94797681473	550
43	0.0	0.0	0.0	5.195090758	1.735232699	0.264139651	5.38806123911	2.30306387186	1.45879982509	551
43	0.0	0.25	0.0	4.5438564821	1.78098035724	0.332091259364	4.7356340917	2.37017506329	1.60272346052	552
43	0.0	0.5	0.0	3.87296744142	1.94334852675	0.378579225823	4.07297623993	2.44102159325	1.72643792666	553
43	0.0	0.75	0.0	3.22630968928	2.12674760888	0.41206508162	3.40944790044	2.49413139011	1.81533753643	554
43	0.0	1.0	0.0	2.647769279	2.235588005	0.441010358	2.75440928986	2.50803238223	1.8548166028	555
43	0.25	0.0	0.0	5.18005024801	1.7849179999	0.0655124640045	5.39818538633	2.39255259133	1.18098583814	556
43	0.25	0.25	0.0	4.51730576464	1.85390515251	0.111847777948	4.74971503293	2.4967667447	1.28733029363	557
43	0.25	0.5	0.0	3.85465294308	2.08362612199	0.151130070446	4.0864622298	2.62329049725	1.39270501133	558
43	0.25	0.75	0.0	3.22320788387	2.33885170939	0.187670683205	3.41600918982	2.72710655671	1.47735922205	559
43	0.25	1.0	0.0	2.65408668754	2.48435271578	0.225780957935	2.74593812586	2.76319763077	1.52154215665	560
43	0.5	0.0	0.0	5.14826930497	1.79469504552	-0.179544754793	5.40182222768	2.45063271563	0.839509021797	561
43	0.5	0.25	0.0	4.47187238527	1.89533167155	-0.153984693798	4.75519948116	2.5977988242	0.911942417221	562
43	0.5	0.5	0.0	3.82452827191	2.18856003617	-0.126936677785	4.09960357789	2.7765067962	1.00435576467	563
43	0.5	0.75	0.0	3.21368568898	2.51110931944	-0.0941311653058	3.42879591095	2.92707722231	1.08842581808	564
43	0.5	1.0	0.0	2.64679336052	2.69970870144	-0.0512986149116	2.73653787343	2.9898306932	1.1358293314	565
43	0.75	0.0	0.0	5.1155010797	1.78129706414	-0.431026406194	5.40254974673	2.48145051301	0.491820957039	566
43	0.75	0.25	0.0	4.42976048112	1.91055690787	-0.424867535894	4.7591273867	2.66636077634	0.532291437449	567
43	0.75	0.5	0.0	3.79502521041	2.25038854101	-0.415720930982	4.11245920174	2.8868195711	0.609147289001	568
43	0.75	0.75	0.0	3.20121524129	2.62241444603	-0.393875511015	3.44728203884	3.07470737652	0.689456804295	569
43	0.75	1.0	0.0	2.63825054749	2.84825710539	-0.349620195552	2.74833274503	3.16190467185	0.740288275934	570
43	1.0	0.0	0.0	5.097498723	1.761457284	-0.648926891	5.40394592704	2.48915225176	0.195373224828	571
43	1.0	0.25	0.0	4.41317418932	1.904877855	-0.660262128358	4.76853869989	2.69554207565	0.204108960486	572
43	1.0	0.5	0.0	3.77857554107	2.26134990826	-0.675322601256	4.12508801889	2.94037790292	0.254836686622	573
43	1.0	0.75	0.0	3.18926867754	2.65166109614	-0.672097401026	3.47094154848	3.15066100895	0.321371660435	574
43	1.0	1.0	0.0	2.640819498	2.896599071	-0.628575619	2.8034469531	3.2533926691	0.377529139127	575
44	0.0	0.0	0.0	2.647769279	2.235588005	0.441010358	2.75440928986	2.50803238223	1.8548166028	576
44	0.0	0.25	0.0	2.1113103964	2.2192413501	0.490261274032	2.13432626791	2.45425311531	1.85903440031	577
44	0.0	0.5	0.0	1.50752918277	2.12747019196	0.569649079166	1.48449225013	2.34224083623	1.86474416945	578
44	0.0	0.75	0.0	0.886433379015	2.00544345084	0.657810759466	0.837850954541	2.21058541761	1.88878020824	579
44	0.0	1.0	0.0	0.298030726	1.898330047	0.733383301	0.227346099153	2.0978767321	1.94797681473	580
44	0.25	0.0	0.0	2.65408668754	2.48435271578	0.225780957935	2.74593812586	2.76319763077	1.52154215665	581
44	0.25	0.25	0.0	2.11652635878	2.45561389745	0.279383010606	2.10782455326	2.68881293635	1.53043656323	582
44	0.25	0.5	0.0	1.50551178577	2.32726337489	0.354356176409	1.443718355	2.53063772473	1.53616621335	583
44	0.25	0.75	0.0	0.872104705865	2.16138756484	0.432897365145	0.793083151318	2.35094979859	1.55507936398	584
44	0.25	1.0	0.0	0.267366856404	2.02007288402	0.497203486615	0.19538256248	2.21202696062	1.60352427212	585
44	0.5	0.0	0.0	2.64679336052	2.69970870144	-0.0512986149116	2.73653787343	2.9898306932	1.1358293314	586
44	0.5	0.25	0.0	2.10761225283	2.67264444486	0.00762086494067	2.08092033688	2.90698554302	1.14029567424	587
44	0.5	0.5	0.0	1.5072493109	2.5189140105	0.082429248874	1.42104756155	2.71403588052	1.13239026777	588
44	0.5	0.75	0.0	0.880701362837	2.31428417322	0.155591272404	0.779739126859	2.49140033047	1.13412001872	589
44	0.5	1.0	0.0	0.262965236787	2.13452170787	0.209571671046	0.179814612246	2.31949751766	1.16749183379	590
44	0.75	0.0	0.0	2.63825054749	2.84825710539	-0.349620195552	2.74833274503	3.16190467185	0.740288275934	591
44	0.75	0.25	0.0	2.10209079845	2.82863047872	-0.280936213741	2.08795723055	3.07786625707	0.745736707295	592
44	0.75	0.5	0.0	1.51561047843	2.65684984835	-0.197073210416	1.43310741247	2.86098809089	0.731056641897	593
44	0.75	0.75	0.0	0.89917068464	2.41965494791	-0.120158297094	0.793750410081	2.6029218333	0.718672740341	594
44	0.75	1.0	0.0	0.273132514277	2.20378551103	-0.072318585296	0.179853342694	2.39531914427	0.731009663231	595
44	1.0	0.0	0.0	2.640819498	2.896599071	-0.628575619	2.8034469531	3.2533926691	0.377529139127	596
44	1.0	0.25	0.0	2.11748471549	2.88186948543	-0.542199276218	2.16327884606	3.17055040022	0.403884636359	597
44	1.0	0.5	0.0	1.53346400865	2.69549863803	-0.435092708437	1.49652545044	2.94004714313	0.409805644897	598
44	1.0	0.75	0.0	0.914460005984	2.43302156087	-0.340402121687	0.8310485299	2.65649912712	0.401508096747	599
44	1.0	1.0	0.0	0.286175336	2.189973286	-0.291273722	0.194709848065	2.41452258149	0.385207923913	600
49	0.0	0.0	0.0	6.817538404	0.4880699	-0.799999989	7.23755136102	0.744948169628	-0.0450096987516	601
49	0.0	0.25	0.0	6.65046046593	1.02337732224	-0.77604958654	7.04005756536	1.40825629083	0.0324921063097	602
49	0.0	0.5	0.0	6.25210473247	1.43029674317	-0.723542901805	6.58154492316	1.91761750952	0.116716661497	603
49	0.0	0.75	0.0	5.70645591452	1.68444958852	-0.671496486167	5.99263414139	2.2766950788	0.180173767455	604
49	0.0	1.0	0.0	5.097498723	1.761457284	-0.648926891	5.40394592704	2.48915225176	0.195373224828	605
49	0.25	0.0	0.0	6.81797227603	0.487369770836	-0.811046412191	7.23302965042	0.745820640021	-0.059360762798	606
49	0.25	0.25	0.0	6.64836929298	1.01726869393	-0.854131131815	7.03507640593	1.3956994403	-0.063086464461	607
49	0.25	0.5	0.0	6.24499516843	1.41850422097	-0.85205191077	6.57655598182	1.90218129365	-0.0451631289521	608
49	0.25	0.75	0.0	5.695564685	1.67108913989	-0.831534998587	5.99003988787	2.265047056	-0.0285695440965	609
49	0.25	1.0	0.0	5.0877926253	1.75503623861	-0.819306644798	5.40809963385	2.48407758325	-0.0362844977192	610
49	0.5	0.0	0.0	6.8189267945	0.485295087442	-0.821900041845	7.22308188712	0.747205675654	-0.0774846023355	611
49	0.5	0.25	0.0	6.64761951446	1.00449320245	-0.93745186852	7.02812522287	1.36935167188	-0.167719443473	612
49	0.5	0.5	0.0	6.24001413076	1.39935387354	-0.998043649637	6.57610088924	1.86989774091	-0.233734574761	613
49	0.5	0.75	0.0	5.68485614865	1.65373743349	-1.01933380701	5.99554819546	2.23936520834	-0.280399963002	614
49	0.5	1.0	0.0	5.07089107337	1.75150421506	-1.01698076246	5.41500645076	2.46827539976	-0.312585575001	615
49	0.75	0.0	0.0	6.81988131297	0.481884410327	-0.832410647827	7.21313412381	0.747254717565	-0.0952654182003	616
49	0.75	0.25	0.0	6.64492602065	0.983957869246	-1.01989293495	7.02176308262	1.33243004834	-0.27526135242	617
49	0.75	0.5	0.0	6.2297922528	1.36869773541	-1.14308799653	6.57736613803	1.82319147196	-0.425312471707	618
49	0.75	0.75	0.0	5.66790569823	1.62305658519	-1.20444854347	6.0033450836	2.19795857836	-0.53355466549	619
49	0.75	1.0	0.0	5.05269204575	1.73398699498	-1.20642728665	5.42310171295	2.4351509575	-0.588123823195	620
49	1.0	0.0	0.0	6.820315185	0.4771763	-0.842428	7.20861241321	0.744119206796	-0.108587411229	621
49	1.0	0.25	0.0	6.63700370185	0.954569715755	-1.09533546939	7.01854905161	1.28815163247	-0.379566712994	622
49	1.0	0.5	0.0	6.20696016788	1.3223878411	-1.26875482959	6.57753822076	1.76448710745	-0.596211615571	623
49	1.0	0.75	0.0	5.63828872647	1.56970871089	-1.35643483999	6.00761657173	2.13913620857	-0.746270827789	624
49	1.0	1.0	0.0	5.039093521	1.68561036	-1.35212426	5.4308207556	2.37810951267	-0.817493058478	625
50	0.0	0.0	0.0	6.820315185	0.4771763	-0.842428	7.20861241321	0.744119206796	-0.108587411229	626
50	0.0	0.25	0.0	6.63700370185	0.954569715755	-1.09533546939	7.01854905161	1.28815163247	-0.379566712994	627
50	0.0	0.5	0.0	6.20696016788	1.3223878411	-1.26875482959	6.57753822076	1.76448710745	-0.596211615571	628
50	0.0	0.75	0.0	5.63828872647	1.56970871089	-1.35643483999	6.00761657173	2.13913620857	-0.746270827789	629
50	0.0	1.0	0.0	5.039093521	1.68561036	-1.35212426	5.4308207556	2.37810951267	-0.817493058478	630
50	0.25	0.0	0.0	6.81792892625	0.470343644876	-0.853156756685	7.2013250852	0.73410654281	-0.123802619904	631
50	0.25	0.25	0.0	6.62577319445	0.907287816449	-1.16848313292	7.0134170044	1.22602416174	-0.486221365518	632
50	0.25	0.5	0.0	6.17924103755	1.24279050331	-1.38076815204	6.57805496147	1.67441905845	-0.762220339602	633
50	0.25	0.75	0.0	5.60115152765	1.4685195872	-1.48445562728	6.01569877004	2.03650856666	-0.94948439791	634
50	0.25	1.0	0.0	5.01432373687	1.57614294981	-1.47398937185	5.44680824375	2.26951002013	-1.0456983962	635
50	0.5	0.0	0.0	6.812679157	0.462397082291	-0.862408932291	7.18529296358	0.719163960727	-0.142924989888	636
50	0.5	0.25	0.0	6.61649823298	0.84690280361	-1.22935693915	7.00275833208	1.15141565682	-0.577368064835	637
50	0.5	0.5	0.0	6.15996247273	1.13664661994	-1.47425395519	6.57950430318	1.55611252556	-0.917274679644	638
50	0.5	0.75	0.0	5.56906830918	1.32798608167	-1.59602689486	6.03004159044	1.8900371394	-1.15869896264	639
50	0.5	1.0	0.0	4.96981217523	1.41727873922	-1.59360267261	5.46888090744	2.10997207078	-1.29769504214	640
50	0.75	0.0	0.0	6.80742938775	0.45315305356	-0.870363641751	7.16926084196	0.702923912499	-0.160749893727	641
50	0.75	0.25	0.0	6.60879572542	0.778433770896	-1.28007006822	6.99113522431	1.06896190491	-0.657181929413	642
50	0.75	0.5	0.0	6.14450238543	1.01939545448	-1.54934343516	6.57752608418	1.42239600602	-1.05566590098	643
50	0.75	0.75	0.0	5.53996477678	1.1746173081	-1.68600078966	6.03758892936	1.72101920684	-1.34950706652	644
50	0.75	1.0	0.0	4.92059830847	1.24267853552	-1.69785917882	5.48047926759	1.92262449837	-1.53201068413	645
50	1.0	0.0	0.0	6.805043129	0.442428	-0.8772	7.16197351395	0.689018850076	-0.172072703966	646
50	1.0	0.25	0.0	6.60228257977	0.706899811967	-1.32273570027	6.98310987069	0.98329869324	-0.729838077722	647
50	1.0	0.5	0.0	6.12823868763	0.906476270466	-1.6061677881	6.56776014277	1.28609799706	-1.1716852689	648
50	1.0	0.75	0.0	5.51176663618	1.03492238023	-1.74922945863	6.02528468325	1.55075204904	-1.49750125411	649
50	1.0	1.0	0.0	4.881721609	1.086003146	-1.773653907	5.46504384516	1.73059613668	-1.70717300997	650
53	0.0	0.0	0.0	6.805043129	0.442428	-0.8772	7.16197351395	0.689018850076	-0.172072703966	651
53	0.0	0.25	0.0	6.60228257977	0.706899811967	-1.32273570027	6.98310987069	0.98329869324	-0.729838077722	652
53	0.0	0.5	0.0	6.12823868763	0.906476270466	-1.6061677881	6.56776014277	1.28609799706	-1.1716852689	653
53	0.0	0.75	0.0	5.51176663618	1.03492238023	-1.74922945863	6.02528468325	1.55075204904	-1.49750125411	654
53	0.0	1.0	0.0	4.881721609	1.086003146	-1.773653907	5.46504384516	1.73059613668	-1.70717300997	655
53	0.25	0.0	0.0	6.79709995338	0.421774416054	-0.886449755741	7.15299283069	0.662923634451	-0.184086247684	656
53	0.25	0.25	0.0	6.58261614438	0.549348618227	-1.39314382432	6.96231434396	0.790709250968	-0.862100789905	657
53	0.25	0.5	0.0	6.08541614835	0.62488596218	-1.70469420316	6.52100946777	0.932572375576	-1.37176937755	658
53	0.25	0.75	0.0	5.44963224477	0.65123258219	-1.87191831181	5.94992921118	1.06050550022	-1.73968414986	659
53	0.25	1.0	0.0	4.81939671313	0.631234612536	-1.94563356981	5.36992458329	1.14650111686	-1.9924372461	660
53	0.5	0.0	0.0	6.779624967	0.402824978651	-0.889905220605	7.13323532751	0.632002607353	-0.193622046097	661
53	0.5	0.25	0.0	6.56161151257	0.384903506079	-1.43759042238	6.93487891864	0.593032110694	-0.945447025871	662
53	0.5	0.5	0.0	6.05866795636	0.311986527665	-1.77356105039	6.47752774371	0.553859797487	-1.47602510664	663
53	0.5	0.75	0.0	5.41834534731	0.204933854228	-1.97296174214	5.88866471853	0.518950203815	-1.84869615142	664
53	0.5	1.0	0.0	4.78819473437	0.0846052965857	-2.11093713512	5.29577275893	0.492767865762	-2.12680002321	665
53	0.75	0.0	0.0	6.76214998062	0.383695451923	-0.887630075166	7.11347782432	0.60090149093	-0.197427234207	666
53	0.75	0.25	0.0	6.54597979183	0.214802876059	-1.44674384465	6.91419764468	0.400818579631	-0.961381875364	667
53	0.75	0.5	0.0	6.0481995823	-0.00551223266612	-1.79802892633	6.4560520313	0.188482766404	-1.48421747963	668
53	0.75	0.75	0.0	5.41210165057	-0.245337814867	-2.02810030836	5.86578013575	-0.00515497441119	-1.84775265102	669
53	0.75	1.0	0.0	4.78097829517	-0.472761811157	-2.22357297887	5.2701211096	-0.149143668478	-2.13380599358	670
53	1.0	0.0	0.0	6.754206805	0.3625016	-0.879688	7.10449714106	0.574266007328	-0.192248947018	671
53	1.0	0.25	0.0	6.54243208964	0.0402851287075	-1.41127244134	6.91366457202	0.224619964993	-0.891410428122	672
53	1.0	0.5	0.0	6.05421649679	-0.300900518401	-1.76335842753	6.47531939125	-0.125036214056	-1.39611151994	673
53	1.0	0.75	0.0	5.42509686129	-0.640946436309	-2.0130745692	5.90556439332	-0.443051168676	-1.76006904091	674
53	1.0	1.0	0.0	4.790610018	-0.95974372	-2.237549477	5.32050237281	-0.697773537725	-2.03699980947	675
54	0.0	0.0	0.0	6.754206805	0.3625016	-0.879688	7.10449714106	0.574266007328	-0.192248947018	676
54	0.0	0.25	0.0	6.54243208964	0.0402851287075	-1.41127244134	6.91366457202	0.224619964993	-0.891410428122	677
54	0.0	0.5	0.0	6.05421649679	-0.300900518401	-1.76335842753	6.47531939125	-0.125036214056	-1.39611151994	678
54	0.0	0.75	0.0	5.42509686129	-0.640946436309	-2.0130745692	5.90556439332	-0.443051168676	-1.76006904091	679
54	0.0	1.0	0.0	4.790610018	-0.95974372	-2.237549477	5.32050237281	-0.697773537725	-2.03699980947	680
54	0.25	0.0	0.0	6.7588953225	0.341223720947	-0.865870124398	7.12921479631	0.556355607634	-0.175743418006	681
54	0.25	0.25	0.0	6.55910176997	-0.145068518995	-1.31999056815	6.95633985254	0.0320966473838	-0.730943873788	682
54	0.25	0.5	0.0	6.09815933811	-0.609224786425	-1.63148339393	6.55795157935	-0.467704872087	-1.15856206498	683
54	0.25	0.75	0.0	5.49616523677	-1.04664605273	-1.85983462452	6.02684468507	-0.910313470087	-1.47111154632	684
54	0.25	1.0	0.0	4.87321667579	-1.45273328931	-2.06453028268	5.45581387809	-1.26299366593	-1.68110587253	685
54	0.5	0.0	0.0	6.769210061	0.32532599994	-0.84738953729	7.18359363785	0.54786634122	-0.151349993393	686
54	0.5	0.25	0.0	6.58970977487	-0.312407979573	-1.18020842684	7.03151812002	-0.162775844767	-0.512462214352	687
54	0.5	0.5	0.0	6.17649881695	-0.908152323059	-1.40339905343	6.67841081686	-0.836837418177	-0.779082254495	688
54	0.5	0.75	0.0	5.62619941037	-1.45529439138	-1.564650643	6.18763797627	-1.41818853023	-0.954475728429	689
54	0.5	1.0	0.0	5.03543377827	-1.94722154538	-1.71165242148	5.62256584615	-1.85069933215	-1.04190825076	690
54	0.75	0.0	0.0	6.7795247995	0.315373203964	-0.825136183537	7.23797247939	0.545321999835	-0.123183802136	691
54	0.75	0.25	0.0	6.62036875235	-0.433510758001	-1.00225796239	7.10492498783	-0.304755855175	-0.257521845393	692
54	0.75	0.5	0.0	6.25503119143	-1.13353956004	-1.11235961642	6.79290841437	-1.11803785402	-0.327919647729	693
54	0.75	0.75	0.0	5.75685911564	-1.77057572101	-1.18892173194	6.33776273895	-1.81691994241	-0.342597733016	694
54	0.75	1.0	0.0	5.19919952387	-2.33048175976	-1.26542489529	5.77532794151	-2.32379806604	-0.309776625125	695
54	1.0	0.0	0.0	6.784213317	0.3119301	-0.800000008	7.26269013464	0.545246375231	-0.0953599731881	696
54	1.0	0.25	0.0	6.6371913504	-0.480154359253	-0.796471119821	7.14228606935	-0.338601727553	0.0123208375118	697
54	1.0	0.5	0.0	6.29955271967	-1.22124292911	-0.791619293285	6.85765568247	-1.19691018133	0.124678196057	698
54	1.0	0.75	0.0	5.82980408611	-1.89617431041	-0.794046998606	6.42703744518	-1.95675129994	0.232086294128	699
54	1.0	1.0	0.0	5.286452111	-2.489787204	-0.812356706	5.86866982865	-2.54519739723	0.324919323409	700
57	0.0	0.0	0.0	6.784213317	0.3119301	-0.800000008	7.26269013464	0.545246375231	-0.0953599731881	701
57	0.0	0.25	0.0	6.6371913504	-0.480154359253	-0.796471119821	7.14228606935	-0.338601727553	0.0123208375118	702
57	0.0	0.5	0.0	6.29955271967	-1.22124292911	-0.791619293285	6.85765568247	-1.19691018133	0.124678196057	703
57	0.0	0.75	0.0	5.82980408611	-1.89617431041	-0.794046998606	6.42703744518	-1.95675129994	0.232086294128	704
57	0.0	1.0	0.0	5.286452111	-2.489787204	-0.812356706	5.86866982865	-2.54519739723	0.324919323409	705
57	0.25	0.0	0.0	6.790282297	0.31521467194	-0.774412815906	7.27195435891	0.547493035529	-0.0529495245806	706
57	0.25	0.25	0.0	6.64322689052	-0.447648836398	-0.566027734044	7.15424137919	-0.270903454313	0.302132652254	707
57	0.25	0.5	0.0	6.30334249363	-1.16177956134	-0.41024555578	6.87411269693	-1.08267173147	0.62486533885	708
57	0.25	0.75	0.0	5.82604208627	-1.81041624802	-0.310965310413	6.44457394352	-1.83334660053	0.875819543112	709
57	0.25	1.0	0.0	5.26673864837	-2.37679764155	-0.272086027245	5.87863075039	-2.46846286608	1.01556627295	710
57	0.5	0.0	0.0	6.803634053	0.324903252551	-0.75234218839	7.29233565229	0.554898210528	0.0061322672643	711
57	0.5	0.25	0.0	6.64888993275	-0.353954866314	-0.347971450481	7.16684695345	-0.149938053042	0.578538144655	712
57	0.5	0.5	0.0	6.28855709464	-0.99720757756	-0.0160522597454	6.86679398893	-0.872582237883	1.13074474098	713
57	0.5	0.75	0.0	5.78288553315	-1.57587794965	0.214270437903	6.41119716726	-1.56066736416	1.56818862503	714
57	0.5	1.0	0.0	5.19212524279	-2.06098905103	0.31385169655	5.81907689698	-2.16182645206	1.79630636558	715
57	0.75	0.0	0.0	6.816985809	0.340748131887	-0.734178468679	7.31271694567	0.568459684252	0.0613071513042	716
57	0.75	0.25	0.0	6.65335346578	-0.20431772922	-0.164630420244	7.17196121309	0.0257355103104	0.814424860991	717
57	0.75	0.5	0.0	6.27041286577	-0.739289411284	0.32580966619	6.83605610704	-0.566699596201	1.55977046764	718
57	0.75	0.75	0.0	5.73576362727	-1.22193988004	0.679201944189	6.34020973887	-1.15342554755	2.16436663347	719
57	0.75	1.0	0.0	5.11700536857	-1.61004210124	0.837606567319	5.71963021998	-1.67902225601	2.49523602068	720
57	1.0	0.0	0.0	6.823054789	0.3625016	-0.720312	7.32198116994	0.589175240723	0.0919968764967	721
57	1.0	0.25	0.0	6.65579047832	-0.00398270533133	-0.0383327944444	7.1614425791	0.257558269792	0.982680347543	722
57	1.0	0.5	0.0	6.26412615013	-0.399787496037	0.550189293399	6.78225559982	-0.165081702073	1.82939658404	723
57	1.0	0.75	0.0	5.72010556913	-0.777982503975	0.981370906293	6.24491428085	-0.626333107424	2.51952666205	724
57	1.0	1.0	0.0	5.0957725	-1.091637461	1.191328687	5.60991267093	-1.07378437881	2.94045165764	725
58	0.0	0.0	0.0	6.823054789	0.3625016	-0.720312	7.32198116994	0.589175240723	0.0919968764967	726
58	0.0	0.25	0.0	6.65579047832	-0.00398270533133	-0.0383327944444	7.1614425791	0.257558269792	0.982680347543	727
58	0.0	0.5	0.0	6.26412615013	-0.399787496037	0.550189293399	6.78225559982	-0.165081702073	1.82939658404	728
58	0.0	0.75	0.0	5.72010556913	-0.777982503975	0.981370906293	6.24491428085	-0.626333107424	2.51952666205	729
58	0.0	1.0	0.0	5.0957725	-1.091637461	1.191328687	5.60991267093	-1.07378437881	2.94045165764	730
58	0.25	0.0	0.0	6.82701370181	0.382547747615	-0.713471955059	7.31847665575	0.618308984697	0.100443194755	731
58	0.25	0.25	0.0	6.65840861777	0.182677347704	0.000190846798783	7.14208440545	0.470501048032	1.03762554871	732
58	0.25	0.5	0.0	6.2641959412	-0.071599491425	0.609783383587	6.72791558744	0.219271679391	1.89242742279	733
58	0.25	0.75	0.0	5.72111212398	-0.340763133894	1.06069796187	6.15781468959	-0.10106463888	2.58821049119	734
58	0.25	1.0	0.0	5.10589361798	-0.585293943825	1.29832688823	5.51362619975	-0.456193424438	3.04833642811	735
58	0.5	0.0	0.0	6.83572331	0.402777493082	-0.711617664489	7.31076672453	0.658531442153	0.105831286621	736
58	0.5	0.25	0.0	6.66325305594	0.369083936505	-0.0210002958097	7.12259264944	0.67737612806	1.01326276475	737
58	0.5	0.5	0.0	6.26021600435	0.267566642695	0.568162944822	6.68009588212	0.604524588857	1.83481543421	738
58	0.5	0.75	0.0	5.71213124781	0.128342293287	1.00886205123	6.08027313613	0.45146068108	2.50620608857	739
58	0.5	1.0	0.0	5.10451787893	-0.0184724300826	1.25408701724	5.42012112506	0.229668261265	2.9631515214	740
58	0.75	0.0	0.0	6.84443291819	0.422850892008	-0.714738466675	7.3030567933	0.698597553068	0.106244285732	741
58	0.75	0.25	0.0	6.66872479551	0.547666131502	-0.0848097212193	7.10684667971	0.873670611396	0.931560484787	742
58	0.75	0.5	0.0	6.25796443699	0.596512827231	0.455823684285	6.64437349706	0.970773658164	1.68933127608	743
58	0.75	0.75	0.0	5.70562119119	0.587386279271	0.866740098325	6.02379631683	0.981196400867	2.31423774751	744
58	0.75	1.0	0.0	5.10516440667	0.538281787701	1.10751786939	5.35327421052	0.896228547	2.74096098697	745
58	1.0	0.0	0.0	6.848391831	0.442428	-0.7228237	7.29955227911	0.727262257419	0.0997653257238	746
58	1.0	0.25	0.0	6.67322483915	0.710853003124	-0.174140928379	7.09872586486	1.05487159957	0.814487197922	747
58	1.0	0.5	0.0	6.26321933653	0.894040983089	0.303261309158	6.62632544546	1.29811551916	1.48874560616	748
58	1.0	0.75	0.0	5.71404020464	0.99442132576	0.675209027117	5.99989092805	1.43809606889	2.05302976132	749
58	1.0	1.0	0.0	5.121352325	1.014423417	0.90752824	5.33696221979	1.45591530147	2.43782887428	750
61	0.0	0.0	0.0	6.848391831	0.442428	-0.7228237	7.29955227911	0.727262257419	0.0997653257238	751
61	0.0	0.25	0.0	6.67322483915	0.710853003124	-0.174140928379	7.09872586486	1.05487159957	0.814487197922	752
61	0.0	0.5	0.0	6.26321933653	0.894040983089	0.303261309158	6.62632544546	1.29811551916	1.48874560616	753
61	0.0	0.75	0.0	5.71404020464	0.99442132576	0.675209027117	5.99989092805	1.43809606889	2.05302976132	754
61	0.0	1.0	0.0	5.121352325	1.014423417	0.90752824	5.33696221979	1.45591530147	2.43782887428	755
61	0.25	0.0	0.0	6.84756600459	0.452903740174	-0.729590292215	7.29516044667	0.734670892406	0.0863805549038	756
61	0.25	0.25	0.0	6.67551301824	0.791804433327	-0.229947162589	7.09513685081	1.14475935956	0.740230955051	757
61	0.25	0.5	0.0	6.27205374741	1.03462549893	0.212268052316	6.62492523528	1.45006880924	1.3637002618	758
61	0.25	0.75	0.0	5.72954788446	1.17745992377	0.562442586626	6.00262451825	1.63595686744	1.88884281283	759
61	0.25	1.0	0.0	5.14035512175	1.21640069462	0.785963674467	5.34633361784	1.68778116013	2.2477129458	760
61	0.5	0.0	0.0	6.8457491865	0.462274915306	-0.737725084694	7.2854984153	0.737294436126	0.0636857694946	761
61	0.5	0.25	0.0	6.67870717757	0.870226005643	-0.294281789977	7.08889150928	1.22987960558	0.654230941252	762
61	0.5	0.5	0.0	6.28568486501	1.17851888019	0.103694799406	6.62605135952	1.60199622767	1.21095836247	763
61	0.5	0.75	0.0	5.75260051713	1.37004664972	0.421478376407	6.01121151548	1.84001744171	1.67696832514	764
61	0.5	1.0	0.0	5.16537240226	1.42770242501	0.624342633983	5.35860552663	1.930316387	1.99536112126	765
61	0.75	0.0	0.0	6.84393236841	0.470409707785	-0.747096259826	7.27583638394	0.738681597194	0.0397546014324	766
61	0.75	0.25	0.0	6.68214601574	0.939299603767	-0.365071182953	7.08285370791	1.30531306472	0.559469951248	767
61	0.75	0.5	0.0	6.29968568454	1.30756290532	-0.0141156073399	6.62790886018	1.73787713202	1.04516957707	768
61	0.75	0.75	0.0	5.77506916627	1.54278892413	0.267990519301	6.02117631255	2.02303258603	1.44809454246	769
61	0.75	1.0	0.0	5.18681425239	1.6125669719	0.443467249258	5.37283053683	2.1474382137	1.71948591093	770
61	1.0	0.0	0.0	6.843106542	0.4771763	-0.757572	7.2714445515	0.742381084222	0.0226606826535	771
61	1.0	0.25	0.0	6.68516823137	0.992207111391	-0.440241713928	7.07988731434	1.36614046407	0.458930779764	772
61	1.0	0.5	0.0	6.30962920125	1.40359935275	-0.132820325686	6.62870277929	1.84169087986	0.88098357453	773
61	1.0	0.75	0.0	5.7888248955	1.66629416749	0.117653138149	6.02804330226	2.15775709473	1.23290970897	774
61	1.0	1.0	0.0	5.195090758	1.735232699	0.264139651	5.38806123911	2.30306387186	1.45879982509	775
62	0.0	0.0	0.0	6.843106542	0.4771763	-0.757572	7.2714445515	0.742381084222	0.0226606826535	776
62	0.0	0.25	0.0	6.68516823137	0.992207111391	-0.440241713928	7.07988731434	1.36614046407	0.458930779764	777
62	0.0	0.5	0.0	6.30962920125	1.40359935275	-0.132820325686	6.62870277929	1.84169087986	0.88098357453	778
62	0.0	0.75	0.0	5.7888248955	1.66629416749	0.117653138149	6.02804330226	2.15775709473	1.23290970897	779
62	0.0	1.0	0.0	5.195090758	1.735232699	0.264139651	5.38806123911	2.30306387186	1.45879982509	780
62	0.25	0.0	0.0	6.83911152044	0.48244278471	-0.768218680115	7.26614874049	0.746346551027	0.00806987872494	781
62	0.25	0.25	0.0	6.68207173012	1.02194331838	-0.51997179309	7.07418645038	1.40344588916	0.353850069947	782
62	0.25	0.5	0.0	6.3066551156	1.45035543789	-0.262996859414	6.62315716274	1.90058682174	0.706728619417	783
62	0.25	0.75	0.0	5.7827013854	1.72043003461	-0.050200050059	6.02663282544	2.23215912904	1.00350678839	784
62	0.25	1.0	0.0	5.18005024801	1.7849179999	0.0655124640045	5.39818538633	2.39255259133	1.18098583814	785
62	0.5	0.0	0.0	6.830322473	0.485791419168	-0.777972510835	7.25449795626	0.746832946093	-0.0103610243844	786
62	0.5	0.25	0.0	6.67154856342	1.03125144126	-0.602549442988	7.06179470722	1.41636378671	0.247706740571	787
62	0.5	0.5	0.0	6.29080499909	1.45890331405	-0.414343229686	6.61028369709	1.9240272386	0.508938625056	788
62	0.5	0.75	0.0	5.75930687971	1.72722514599	-0.258344717948	6.01771088439	2.26904348663	0.722988196366	789
62	0.5	1.0	0.0	5.14826930497	1.79469504552	-0.179544754793	5.40182222768	2.45063271563	0.839509021797	790
62	0.75	0.0	0.0	6.82153342556	0.487555894042	-0.788133083388	7.24284717203	0.745735181575	-0.029198669326	791
62	0.75	0.25	0.0	6.65915828933	1.02882995191	-0.687925196509	7.04849183037	1.41469897963	0.140565762428	792
62	0.75	0.5	0.0	6.26998586646	1.44647355716	-0.572608791987	6.5948303085	1.92528113351	0.306104377173	793
62	0.75	0.75	0.0	5.73007913667	1.70809362337	-0.475777863867	6.00510286207	2.28001914428	0.43424637526	794
62	0.75	1.0	0.0	5.1155010797	1.78129706414	-0.431026406194	5.40254974673	2.48145051301	0.491820957039	795
62	1.0	0.0	0.0	6.817538404	0.4880699	-0.799999989	7.23755136102	0.744948169628	-0.0450096987516	796
62	1.0	0.25	0.0	6.65046046593	1.02337732224	-0.77604958654	7.04005756536	1.40825629083	0.0324921063097	797
62	1.0	0.5	0.0	6.25210473247	1.43029674317	-0.723542901805	6.58154492316	1.91761750952	0.116716661497	798
62	1.0	0.75	0.0	5.70645591452	1.68444958852	-0.671496486167	5.99263414139	2.2766950788	0.180173767455	799
62	1.0	1.0	0.0	5.097498723	1.761457284	-0.648926891	5.40394592704	2.48915225176	0.195373224828	800
