Elem	xi[0]	xi[1]	xi[2]	Y[0]	Y[1]	Y[2]	y[0]	y[1]	y[2]	Index
1	0.0	0.0	0.0	0.286175336	2.189973286	-0.291273722	0.325708862343	1.70496159359	0.330332219942	1
1	0.0	0.25	0.0	-0.20806914714	2.06272602387	-0.289080467095	-0.169950812628	1.60514767063	0.315448176978	2
1	0.0	0.5	0.0	-0.695301118249	1.97602389512	-0.29632619097	-0.675680683143	1.52075440149	0.29043781728	3
1	0.0	0.75	0.0	-1.18241619623	1.88830775081	-0.29699114836	-1.1812204965	1.44072692276	0.265792357509	4
1	0.0	1.0	0.0	-1.67631	1.758018442	-0.275055594	-1.67631	1.35401037102	0.252003014327	5
1	0.25	0.0	0.0	0.321687515997	2.06262178045	-0.514775502281	0.356085093397	1.68857470087	-0.0696737599739	6
1	0.25	0.25	0.0	-0.182277427138	1.91229534526	-0.525597356885	-0.146440429697	1.57253905391	-0.097062219435	7
1	0.25	0.5	0.0	-0.681311017678	1.81012566903	-0.547696835847	-0.664753884402	1.48118902398	-0.131429039274	8
1	0.25	0.75	0.0	-1.18065615897	1.71742627201	-0.555307781995	-1.18305806215	1.39426560613	-0.155076571375	9
1	0.25	1.0	0.0	-1.68555575435	1.59551067447	-0.522664038158	-1.68555575435	1.29150979542	-0.150307167623	10
1	0.5	0.0	0.0	0.381824743113	1.8542079148	-0.761240423262	0.411587411002	1.6413613636	-0.553328194317	11
1	0.5	0.25	0.0	-0.151058843958	1.68246792622	-0.781509897119	-0.110569080023	1.50417996076	-0.59532244186	12
1	0.5	0.5	0.0	-0.670355760303	1.573989145	-0.813470892897	-0.643731619709	1.3986360347	-0.625568211013	13
1	0.5	0.75	0.0	-1.1857569057	1.48669209407	-0.830270988567	-1.17886979177	1.30519024369	-0.634888977979	14
1	0.5	1.0	0.0	-1.70695317992	1.37849729632	-0.805057762099	-1.70695317992	1.20430324599	-0.61410821896	15
1	0.75	0.0	0.0	0.433447910673	1.5909861995	-0.974858447862	0.462695239761	1.54765916099	-1.03150382964	16
1	0.75	0.25	0.0	-0.126461022992	1.41071100347	-1.00075545901	-0.07692564063	1.3910502291	-1.08063593949	17
1	0.75	0.5	0.0	-0.663961843134	1.29802156124	-1.03575264386	-0.623168883481	1.26935889362	-1.10077608549	18
1	0.75	0.75	0.0	-1.19147326792	1.2097501229	-1.05397666593	-1.17250737853	1.16431549817	-1.09699688187	19
1	0.75	1.0	0.0	-1.72141401553	1.10272893852	-1.02955418874	-1.72141401553	1.05765038638	-1.07437094286	20
1	1.0	0.0	0.0	0.443417912	1.299211145	-1.099819539	0.479888004277	1.39180567226	-1.41507341249	21
1	1.0	0.25	0.0	-0.120531589629	1.13449181374	-1.12727141378	-0.0600989885373	1.22412969686	-1.45430616151	22
1	1.0	0.5	0.0	-0.66365576318	1.01263015594	-1.15664637047	-0.613620670132	1.08962106069	-1.46584905025	23
1	1.0	0.75	0.0	-1.19156007714	0.900245264417	-1.15852071193	-1.16782251559	0.962456032292	-1.46475230261	24
1	1.0	1.0	0.0	-1.70985	0.763956232	-1.103470741	-1.70985	0.816810880221	-1.4660661425	25
2	0.0	0.0	0.0	0.443417912	1.299211145	-1.099819539	0.479888004277	1.39180567226	-1.41507341249	26
2	0.0	0.25	0.0	-0.120531589629	1.13449181374	-1.12727141378	-0.0600989885373	1.22412969686	-1.45430616151	27
2	0.0	0.5	0.0	-0.66365576318	1.01263015594	-1.15664637047	-0.613620670132	1.08962106069	-1.46584905025	28
2	0.0	0.75	0.0	-1.19156007714	0.900245264417	-1.15852071193	-1.16782251559	0.962456032292	-1.46475230261	29
2	0.0	1.0	0.0	-1.70985	0.763956232	-1.103470741	-1.70985	0.816810880221	-1.4660661425	30
2	0.25	0.0	0.0	0.41137200817	0.973945737329	-1.16264329407	0.450793044456	1.1796819809	-1.72475059436	31
2	0.25	0.25	0.0	-0.125937196177	0.845944989711	-1.18671935097	-0.0670924484293	1.01503575175	-1.74306876472	32
2	0.25	0.5	0.0	-0.652741158674	0.732253445556	-1.2023431927	-0.60599351581	0.884269663546	-1.7350904072	33
2	0.25	0.75	0.0	-1.16662104783	0.617552874755	-1.18355331371	-1.14548907221	0.754369630214	-1.72340505774	34
2	0.25	1.0	0.0	-1.66515803216	0.486525047197	-1.10438820846	-1.66515803216	0.592321565688	-1.73060225229	35
2	0.5	0.0	0.0	0.373501615575	0.643585088578	-1.23060538965	0.401431660763	0.949227168477	-1.99829705184	36
2	0.5	0.25	0.0	-0.126890675743	0.53700762532	-1.24745569854	-0.0877791987063	0.787840277689	-2.01286859861	37
2	0.5	0.5	0.0	-0.624934363929	0.424776302726	-1.25128185486	-0.592338071294	0.653989347345	-2.00306742442	38
2	0.5	0.75	0.0	-1.11657788346	0.320268417701	-1.22537770009	-1.09981241025	0.526853096972	-1.9859790895	39
2	0.5	1.0	0.0	-1.59776966881	0.236861267146	-1.15303707574	-1.59776966881	0.3856102461	-1.97868915408	40
2	0.75	0.0	0.0	0.346784391443	0.320389940538	-1.32238131015	0.357806812989	0.691506774502	-2.23814209072	41
2	0.75	0.25	0.0	-0.12221102694	0.227231922441	-1.32409496848	-0.106814438706	0.534616754087	-2.25096908667	42
2	0.75	0.5	0.0	-0.594449349605	0.12129643546	-1.31948790154	-0.577641120876	0.400717385924	-2.24530969699	43
2	0.75	0.75	0.0	-1.06609664237	0.0335927702011	-1.29589984278	-1.05352528212	0.283484693622	-2.226371613	44
2	0.75	1.0	0.0	-1.53331897105	-0.0048697827282	-1.24067052565	-1.53331897105	0.176594700788	-2.19936252596	45
2	1.0	0.0	0.0	0.348197993	0.016621035	-1.45664654	0.345921460926	0.397586338497	-2.44671501677	46
2	1.0	0.25	0.0	-0.110717248383	-0.0638299170542	-1.43125167276	-0.108853367768	0.247438660358	-2.44463365239	47
2	1.0	0.5	0.0	-0.575500086364	-0.147088448233	-1.42298687733	-0.566889448849	0.126391053123	-2.43734682002	48
2	1.0	0.75	0.0	-1.03984338291	-0.217273190796	-1.40702571348	-1.02936044027	0.0278426812203	-2.41847984335	49
2	1.0	1.0	0.0	-1.49744	-0.258502777	-1.358541741	-1.49744	-0.0548072909188	-2.38165804602	50
5	0.0	0.0	0.0	0.348197993	0.016621035	-1.45664654	0.345921460926	0.397586338497	-2.44671501677	51
5	0.0	0.25	0.0	-0.110717248383	-0.0638299170542	-1.43125167276	-0.108853367768	0.247438660358	-2.44463365239	52
5	0.0	0.5	0.0	-0.575500086364	-0.147088448233	-1.42298687733	-0.566889448849	0.126391053123	-2.43734682002	53
5	0.0	0.75	0.0	-1.03984338291	-0.217273190796	-1.40702571348	-1.02936044027	0.0278426812203	-2.41847984335	54
5	0.0	1.0	0.0	-1.49744	-0.258502777	-1.358541741	-1.49744	-0.0548072909188	-2.38165804602	55
5	0.25	0.0	0.0	0.388092152391	-0.746448243984	-1.90227886682	0.398326238724	-0.494382347148	-2.94853685631	56
5	0.25	0.25	0.0	-0.0810618905892	-0.809453629213	-1.79008002579	-0.0805951291014	-0.630245562464	-2.87969940054	57
5	0.25	0.5	0.0	-0.560144630723	-0.847324351812	-1.73749005638	-0.562986179147	-0.717502763909	-2.82765701954	58
5	0.25	0.75	0.0	-1.03841286188	-0.895956863563	-1.68649175159	-1.04058342442	-0.780106112516	-2.77331251586	59
5	0.25	1.0	0.0	-1.50512337794	-0.991247616247	-1.57906790444	-1.50512337794	-0.842007769318	-2.69756869205	60
5	0.5	0.0	0.0	0.406253730739	-1.54020184535	-2.35456593025	0.479347879839	-1.50458917184	-3.38381082408	61
5	0.5	0.25	0.0	-0.0686330647931	-1.60874329184	-2.16259900796	-0.0504774084072	-1.62918846447	-3.25254980134	62
5	0.5	0.5	0.0	-0.556456112714	-1.64585307164	-2.00429469856	-0.574788239239	-1.69970702015	-3.12052263536	63
5	0.5	0.75	0.0	-1.05697492465	-1.68104881603	-1.83614840673	-1.08435523354	-1.74276333905	-2.97719806744	64
5	0.5	1.0	0.0	-1.56994901221	-1.74384815629	-1.61465553717	-1.56994901221	-1.78497592136	-2.8120448389	65
5	0.75	0.0	0.0	0.410481860468	-2.31740145079	-2.71141725531	0.570511696438	-2.51997930239	-3.61449875149	66
5	0.75	0.25	0.0	-0.072615418318	-2.39922470741	-2.46600926679	-0.0130690618348	-2.63650171563	-3.44059250679	67
5	0.75	0.5	0.0	-0.564190428698	-2.44534150219	-2.19490410222	-0.58387982734	-2.69593924673	-3.2322283398	68
5	0.75	0.75	0.0	-1.08374791971	-2.46443298074	-1.89443485169	-1.13282091516	-2.72205597794	-2.99724648145	69
5	0.75	1.0	0.0	-1.65079264038	-2.46518028869	-1.56093460531	-1.65079264038	-2.73861599148	-2.74348716266	70
5	1.0	0.0	0.0	0.408575674	-3.030808742	-2.870742367	0.653343000693	-3.42749790561	-3.50256246995	71
5	1.0	0.25	0.0	-0.0921935984878	-3.11842367844	-2.61751144978	0.0370610544661	-3.53929698595	-3.32123516891	72
5	1.0	0.5	0.0	-0.583103475035	-3.14845653795	-2.28082156571	-0.571845141662	-3.58191697482	-3.07905880519	73
5	1.0	0.75	0.0	-1.10695019556	-3.13799329024	-1.89979025929	-1.15812551679	-3.57991100872	-2.80056774123	74
5	1.0	1.0	0.0	-1.70653	-3.104119905	-1.513535075	-1.70653	-3.55783222414	-2.51029633945	75
6	0.0	0.0	0.0	0.408575674	-3.030808742	-2.870742367	0.653343000693	-3.42749790561	-3.50256246995	76
6	0.0	0.25	0.0	-0.0921935984878	-3.11842367844	-2.61751144978	0.0370610544661	-3.53929698595	-3.32123516891	77
6	0.0	0.5	0.0	-0.583103475035	-3.14845653795	-2.28082156571	-0.571845141662	-3.58191697482	-3.07905880519	78
6	0.0	0.75	0.0	-1.10695019556	-3.13799329024	-1.89979025929	-1.15812551679	-3.57991100872	-2.80056774123	79
6	0.0	1.0	0.0	-1.70653	-3.104119905	-1.513535075	-1.70653	-3.55783222414	-2.51029633945	80
6	0.25	0.0	0.0	0.46452020752	-3.72962446608	-2.6503108878	0.720192587039	-4.23512160241	-2.90083688811	81
6	0.25	0.25	0.0	-0.0620517746233	-3.80884798046	-2.43400780286	0.0922088483493	-4.32640878909	-2.75723291162	82
6	0.25	0.5	0.0	-0.570202726263	-3.79098685993	-2.11975875934	-0.537203900036	-4.3186790929	-2.55514000213	83
6	0.25	0.75	0.0	-1.10697942159	-3.72647448392	-1.76248943795	-1.14782371035	-4.25793710085	-2.31858806446	84
6	0.25	1.0	0.0	-1.71942863481	-3.66574423184	-1.41712551938	-1.71942863481	-4.1901873999	-2.07160700345	85
6	0.5	0.0	0.0	0.584999997117	-4.41615150246	-2.07116924611	0.778168487931	-4.98052637955	-1.90702808833	86
6	0.5	0.25	0.0	0.0333026651248	-4.49675508031	-1.91070727462	0.142242226505	-5.05349079644	-1.81980884256	87
6	0.5	0.5	0.0	-0.515189206844	-4.46706863816	-1.67742441938	-0.496684856348	-5.02022492309	-1.68815578118	88
6	0.5	0.75	0.0	-1.08895321178	-4.38015966341	-1.41641479899	-1.12184412472	-4.93257810366	-1.53170282645	89
6	0.5	1.0	0.0	-1.71646694269	-4.28909564344	-1.17277253205	-1.71646694269	-4.8423996823	-1.37008390061	90
6	0.75	0.0	0.0	0.692125063405	-4.89941950336	-1.33321765211	0.822939669303	-5.50527254116	-0.786698100306	91
6	0.75	0.25	0.0	0.122529599589	-4.98195570995	-1.22988123328	0.183190110782	-5.5618313603	-0.75788628981	92
6	0.75	0.5	0.0	-0.464094243634	-4.9679517657	-1.09287354356	-0.459415101301	-5.52643652439	-0.706041579269	93
6	0.75	0.75	0.0	-1.07223889399	-4.89116148095	-0.94721164395	-1.09317704021	-5.44107949631	-0.642812187571	94
6	0.75	1.0	0.0	-1.70639677922	-4.78533866607	-0.817912595455	-1.70639677922	-5.34775173894	-0.579846333607	95
6	1.0	0.0	0.0	0.708005427	-4.988458121	-0.636356316	0.850175097089	-5.65092039135	0.194591046303	96
6	1.0	0.25	0.0	0.1342889076	-5.06426060135	-0.573801047075	0.211081423029	-5.69271883296	0.179611418513	97
6	1.0	0.5	0.0	-0.462949163488	-5.0848861356	-0.505161129637	-0.4345217256	-5.67719595579	0.163267166688	98
6	1.0	0.75	0.0	-1.07620379608	-5.0515925888	-0.44052527438	-1.07481273716	-5.62068675791	0.145183691817	99
6	1.0	1.0	0.0	-1.69797	-4.965637826	-0.389982192	-1.69797	-5.5395262374	0.124986394889	100
9	0.0	0.0	0.0	0.708005427	-4.988458121	-0.636356316	0.850175097089	-5.65092039135	0.194591046303	101
9	0.0	0.25	0.0	0.1342889076	-5.06426060135	-0.573801047075	0.211081423029	-5.69271883296	0.179611418513	102
9	0.0	0.5	0.0	-0.462949163488	-5.0848861356	-0.505161129637	-0.4345217256	-5.67719595579	0.163267166688	103
9	0.0	0.75	0.0	-1.07620379608	-5.0515925888	-0.44052527438	-1.07481273716	-5.62068675791	0.145183691817	104
9	0.0	1.0	0.0	-1.69797	-4.965637826	-0.389982192	-1.69797	-5.5395262374	0.124986394889	105
9	0.25	0.0	0.0	0.622103407545	-4.59787181887	-0.0909415178472	0.824736853359	-5.33807760946	1.04432420595	106
9	0.25	0.25	0.0	0.0608316741567	-4.66057944357	-0.0307954545735	0.199716106189	-5.37146518776	1.0417181463	107
9	0.25	0.5	0.0	-0.519960950103	-4.70343192656	0.0480817885036	-0.439233301839	-5.38035347406	1.04694700246	108
9	0.25	0.75	0.0	-1.10814024581	-4.70867650639	0.116364297156	-1.07527484399	-5.35957526259	1.04229990186	109
9	0.25	1.0	0.0	-1.69157199353	-4.65856042164	0.144726157154	-1.69157199353	-5.30396334758	1.01006597195	110
9	0.5	0.0	0.0	0.507142886663	-3.89129679039	0.330947587705	0.744720385777	-4.70374217916	1.86511842189	111
9	0.5	0.25	0.0	-0.0293126304682	-3.94808834124	0.386339830947	0.146479408139	-4.73835730338	1.88288592844	112
9	0.5	0.5	0.0	-0.585346440482	-3.9935622135	0.460879293916	-0.473168756486	-4.76226140132	1.90503880433	113
9	0.5	0.75	0.0	-1.14367958124	-4.00962017941	0.521715283791	-1.09181071907	-4.76652509947	1.9200815658	114
9	0.5	1.0	0.0	-1.68703309059	-3.97816401118	0.535997107748	-1.68703309059	-4.74221902433	1.91651872909	115
9	0.75	0.0	0.0	0.405828929949	-3.03806222421	0.683859490155	0.656957988312	-3.90659897165	2.59761811087	116
9	0.75	0.25	0.0	-0.101932297564	-3.09145735938	0.736067152634	0.085338008126	-3.94602331852	2.63463113005	117
9	0.75	0.5	0.0	-0.633964231988	-3.12856234078	0.793023568356	-0.514718218906	-3.97567597427	2.6651582409	118
9	0.75	0.75	0.0	-1.16930310352	-3.14041049501	0.832010649806	-1.114922125	-3.99082279663	2.69121000709	119
9	0.75	1.0	0.0	-1.68698514236	-3.11803514862	0.830310309469	-1.68698514236	-3.98672964336	2.71479699231	120
9	1.0	0.0	0.0	0.360866603	-2.207497309	1.022342679	0.608281954932	-3.10533285817	3.18246768959	121
9	1.0	0.25	0.0	-0.122815618421	-2.25535656302	1.07684885364	0.0502585853974	-3.14709137185	3.22847011629	122
9	1.0	0.5	0.0	-0.640672921983	-2.28171765273	1.10430679358	-0.542271818466	-3.17335342958	3.25492098078	123
9	1.0	0.75	0.0	-1.1714921138	-2.28703434033	1.10373335948	-1.13511082436	-3.18175488216	3.26836654918	124
9	1.0	1.0	0.0	-1.69406	-2.271760388	1.074145412	-1.69406	-3.16993158039	3.27535308763	125
10	0.0	0.0	0.0	0.360866603	-2.207497309	1.022342679	0.608281954932	-3.10533285817	3.18246768959	126
10	0.0	0.25	0.0	-0.122815618421	-2.25535656302	1.07684885364	0.0502585853974	-3.14709137185	3.22847011629	127
10	0.0	0.5	0.0	-0.640672921983	-2.28171765273	1.10430679358	-0.542271818466	-3.17335342958	3.25492098078	128
10	0.0	0.75	0.0	-1.1714921138	-2.28703434033	1.10373335948	-1.13511082436	-3.18175488216	3.26836654918	129
10	0.0	1.0	0.0	-1.69406	-2.271760388	1.074145412	-1.69406	-3.16993158039	3.27535308763	130
10	0.25	0.0	0.0	0.406175643636	-1.30951161399	1.45347115495	0.630661742438	-2.11808844001	3.63043359424	131
10	0.25	0.25	0.0	-0.082768298833	-1.37189600132	1.49642916403	0.0570479425998	-2.1817825248	3.66600968948	132
10	0.25	0.5	0.0	-0.609952013276	-1.43756262037	1.44823542203	-0.546597389218	-2.2555425363	3.64430367023	133
10	0.25	0.75	0.0	-1.15958476687	-1.4904032381	1.35053387487	-1.14824754752	-2.31291791379	3.58912419663	134
10	0.25	1.0	0.0	-1.71587582681	-1.51430962146	1.24496846847	-1.71587582681	-2.32745809653	3.52427992881	135
10	0.5	0.0	0.0	0.504052093977	-0.378336836838	1.84088615072	0.689549899756	-0.973046419321	3.83083907622	136
10	0.5	0.25	0.0	-0.0211358117319	-0.458614530202	1.85743684167	0.0787123873345	-1.05926229861	3.85839839723	137
10	0.5	0.5	0.0	-0.57368164434	-0.564088683393	1.72210362759	-0.544594650765	-1.18583396835	3.79011305885	138
10	0.5	0.75	0.0	-1.15075143124	-0.66662273127	1.5134302105	-1.1605946885	-1.31044160494	3.6692266956	139
10	0.5	1.0	0.0	-1.74951119981	-0.738080108689	1.30996029245	-1.74951119981	-1.39076538481	3.53898294198	140
10	0.75	0.0	0.0	0.588809547829	0.515996517982	2.00491077188	0.72693724337	0.137207415455	3.72620898367	141
10	0.75	0.25	0.0	0.0271690797207	0.415815810884	1.99275956098	0.0828269450476	0.0337984592491	3.74695112905	142
10	0.75	0.5	0.0	-0.54539114501	0.276312996561	1.80486937968	-0.553480503006	-0.128061172948	3.65927718155	143
10	0.75	0.75	0.0	-1.1430799035	0.13364446381	1.53226277393	-1.17633988194	-0.3049437353	3.51317779582	144
10	0.75	1.0	0.0	-1.78010597291	0.0239666014297	1.26596228971	-1.78010597291	-0.453421481973	3.35864362648	145
10	1.0	0.0	0.0	0.594761599	1.303457946	1.765868124	0.684814589762	1.02008727589	3.25906816474	146
10	1.0	0.25	0.0	0.0272336123631	1.1827229825	1.73528499642	0.0369666411856	0.910728901298	3.27298277445	147
10	1.0	0.5	0.0	-0.538609845121	1.02125125787	1.57549064774	-0.590471845843	0.753942402658	3.21872407327	148
10	1.0	0.75	0.0	-1.13465798029	0.859735630802	1.3468719727	-1.19967076251	0.572957915481	3.12548124705	149
10	1.0	1.0	0.0	-1.7928	0.73886896	1.109815866	-1.7928	0.391005575275	3.02244348166	150
13	0.0	0.0	0.0	0.594761599	1.303457946	1.765868124	0.684814589762	1.02008727589	3.25906816474	151
13	0.0	0.25	0.0	0.0272336123631	1.1827229825	1.73528499642	0.0369666411856	0.910728901298	3.27298277445	152
13	0.0	0.5	0.0	-0.538609845121	1.02125125787	1.57549064774	-0.590471845843	0.753942402658	3.21872407327	153
13	0.0	0.75	0.0	-1.13465798029	0.859735630802	1.3468719727	-1.19967076251	0.572957915481	3.12548124705	154
13	0.0	1.0	0.0	-1.7928	0.73886896	1.109815866	-1.7928	0.391005575275	3.02244348166	155
13	0.25	0.0	0.0	0.548313875843	1.50424575939	1.55253006396	0.623003140954	1.19693203291	2.97105398935	156
13	0.25	0.25	0.0	-0.00532161842226	1.38985010119	1.5308216694	-0.00522034130234	1.09777720219	2.98945485558	157
13	0.25	0.5	0.0	-0.562956879303	1.24136249596	1.41079066391	-0.615387152266	0.961252124122	2.96337817494	158
13	0.25	0.75	0.0	-1.14873659954	1.09300549761	1.23550122745	-1.20881096982	0.804092190194	2.9106129443	159
13	0.25	1.0	0.0	-1.78680547186	0.97900166007	1.04801753998	-1.78680547186	0.643032791876	2.84894816048	160
13	0.5	0.0	0.0	0.464439524897	1.65391567251	1.27609781038	0.525864729169	1.29168124049	2.5925980545	161
13	0.5	0.25	0.0	-0.0663828792677	1.56220440088	1.27917635349	-0.0658275166331	1.21378259515	2.6242904811	162
13	0.5	0.5	0.0	-0.615231463158	1.45035065847	1.21500996297	-0.647529945064	1.10970207155	2.6336305256	163
13	0.5	0.75	0.0	-1.18363317385	1.33581344349	1.1112730515	-1.21727995827	0.993813941714	2.62825511075	164
13	0.5	1.0	0.0	-1.77311495841	1.23605175412	0.995640031746	-1.77311495841	0.88049247765	2.61580115933	165
13	0.75	0.0	0.0	0.371543492752	1.77707474762	0.986429507862	0.425631066181	1.34867656958	2.1911333994	166
13	0.75	0.25	0.0	-0.136379787324	1.70974016518	1.01840115771	-0.126775803654	1.29077095536	2.23745231019	167
13	0.75	0.5	0.0	-0.672673084071	1.6411442358	1.01394719387	-0.679226541443	1.22154092677	2.28331274408	168
13	0.75	0.75	0.0	-1.21898633203	1.5685154102	0.984351467655	-1.2248986084	1.1500040279	2.32445767592	169
13	0.75	1.0	0.0	-1.75696946575	1.48908213911	0.94089783039	-1.75696946575	1.08517780286	2.35663008055	170
13	1.0	0.0	0.0	0.298030726	1.898330047	0.733383301	0.354533863765	1.41225969112	1.83409306322	171
13	1.0	0.25	0.0	-0.195741959744	1.84241167774	0.786548191076	-0.169986121211	1.36076815799	1.88890300203	172
13	1.0	0.5	0.0	-0.712521229431	1.80667171835	0.833401005529	-0.702803258613	1.31901737159	1.96625644925	173
13	1.0	0.75	0.0	-1.2344347029	1.77146733954	0.864900498717	-1.23148780077	1.28054330662	2.04527056928	174
13	1.0	1.0	0.0	-1.74361	1.717155712	0.872005425	-1.74361	1.23888193777	2.10506252651	175
14	0.0	0.0	0.0	0.298030726	1.898330047	0.733383301	0.354533863765	1.41225969112	1.83409306322	176
14	0.0	0.25	0.0	-0.195741959744	1.84241167774	0.786548191076	-0.169986121211	1.36076815799	1.88890300203	177
14	0.0	0.5	0.0	-0.712521229431	1.80667171835	0.833401005529	-0.702803258613	1.31901737159	1.96625644925	178
14	0.0	0.75	0.0	-1.2344347029	1.77146733954	0.864900498717	-1.23148780077	1.28054330662	2.04527056928	179
14	0.0	1.0	0.0	-1.74361	1.717155712	0.872005425	-1.74361	1.23888193777	2.10506252651	180
14	0.25	0.0	0.0	0.267366856404	2.02007288402	0.497203486615	0.326129838555	1.49930987157	1.49859204973	181
14	0.25	0.25	0.0	-0.223732205594	1.9625357336	0.548589028919	-0.186431745975	1.44455141978	1.53820320415	182
14	0.25	0.5	0.0	-0.722343375368	1.94741773249	0.605006998153	-0.708320091963	1.41638493105	1.60023115179	183
14	0.25	0.75	0.0	-1.22455974299	1.93701657711	0.651025763583	-1.22613453197	1.39317603947	1.66430983476	184
14	0.25	1.0	0.0	-1.72647439855	1.89362996385	0.671213694472	-1.72647439855	1.35329037909	1.71007319514	185
14	0.5	0.0	0.0	0.262965236787	2.13452170787	0.209571671046	0.316562577852	1.5971335424	1.08818739595	186
14	0.5	0.25	0.0	-0.230614875159	2.05767232414	0.247727544983	-0.188141200913	1.52863908518	1.10779608611	187
14	0.5	0.5	0.0	-0.719413628896	2.02924492781	0.289877666337	-0.69841835666	1.4841119257	1.14226699942	188
14	0.5	0.75	0.0	-1.20902887037	2.00253800968	0.324648308206	-1.206610301	1.44710081027	1.1757784353	189
14	0.5	1.0	0.0	-1.70505844553	1.93085006055	0.340665743689	-1.70505844553	1.40115448519	1.19250869317	190
14	0.75	0.0	0.0	0.273132514277	2.20378551103	-0.072318585296	0.318774709749	1.67569576321	0.674795364981	191
14	0.75	0.25	0.0	-0.223142883865	2.10025717801	-0.0526307804485	-0.180764288855	1.58988616515	0.674578719764	192
14	0.75	0.5	0.0	-0.708732654896	2.04212356259	-0.0359217950075	-0.683928428466	1.51972590078	0.677342913971	193
14	0.75	0.75	0.0	-1.19319628735	1.98173421	-0.022075963684	-1.18695799384	1.45779273328	0.677123549892	194
14	0.75	1.0	0.0	-1.68609326974	1.87143866547	-0.0109776211892	-1.68609326974	1.3966644259	0.667956229817	195
14	1.0	0.0	0.0	0.286175336	2.189973286	-0.291273722	0.325708862343	1.70496159359	0.330332219942	196
14	1.0	0.25	0.0	-0.20806914714	2.06272602387	-0.289080467095	-0.169950812628	1.60514767063	0.315448176978	197
14	1.0	0.5	0.0	-0.695301118249	1.97602389512	-0.29632619097	-0.675680683143	1.52075440149	0.29043781728	198
14	1.0	0.75	0.0	-1.18241619623	1.88830775081	-0.29699114836	-1.1812204965	1.44072692276	0.265792357509	199
14	1.0	1.0	0.0	-1.67631	1.758018442	-0.275055594	-1.67631	1.35401037102	0.252003014327	200
17	0.0	0.0	0.0	5.097498723	1.761457284	-0.648926891	5.5822089041	1.83604594941	0.156592801063	201
17	0.0	0.25	0.0	4.41317418932	1.904877855	-0.660262128358	4.96554480314	2.08427141494	0.115842817602	202
17	0.0	0.5	0.0	3.77857554107	2.26134990826	-0.675322601256	4.35329481325	2.2641808226	0.114980138259	203
17	0.0	0.75	0.0	3.18926867754	2.65166109614	-0.672097401026	3.72164217706	2.35673236002	0.145481659883	204
17	0.0	1.0	0.0	2.640819498	2.896599071	-0.628575619	3.04677013717	2.34288421481	0.198824279322	205
17	0.25	0.0	0.0	5.0877926253	1.75503623861	-0.819306644798	5.59184313406	1.83705965756	-0.0630967962903	206
17	0.25	0.25	0.0	4.41331206258	1.90719394233	-0.830957354436	4.97853002321	2.08444559578	-0.115718117934	207
17	0.25	0.5	0.0	3.782042327	2.26309162888	-0.849361005362	4.36062421445	2.27677010717	-0.122896058091	208
17	0.25	0.75	0.0	3.19438816161	2.64563952764	-0.853301432101	3.72688621176	2.38357768898	-0.0986746809843	209
17	0.25	1.0	0.0	2.65075430941	2.87774786796	-0.821562469176	3.06607651912	2.37441283847	-0.0570980508357	210
17	0.5	0.0	0.0	5.07089107337	1.75150421506	-1.01698076246	5.6009135995	1.83138439247	-0.324804637086	211
17	0.5	0.25	0.0	4.41095059745	1.91916939471	-1.01936539776	4.9924199034	2.0860504386	-0.381628311842	212
17	0.5	0.5	0.0	3.79411676331	2.27461501364	-1.03505604705	4.37064885844	2.29040601898	-0.387907921323	213
17	0.5	0.75	0.0	3.21391421444	2.63980936453	-1.04883241377	3.7344481371	2.40768999042	-0.37096613562	214
17	0.5	1.0	0.0	2.66386759433	2.83672074003	-1.04547420139	3.08266541181	2.40114120974	-0.358125624823	215
17	0.75	0.0	0.0	5.05269204575	1.73398699498	-1.20642728665	5.6093077799	1.81229379248	-0.584928120142	216
17	0.75	0.25	0.0	4.41271774021	1.91677114073	-1.195712189	5.00630934935	2.07310543101	-0.643484201375	217
17	0.75	0.5	0.0	3.81021877528	2.27078167305	-1.21093509635	4.38197978593	2.28712419918	-0.648291268725	218
17	0.75	0.75	0.0	3.23544500205	2.61590739067	-1.23705174166	3.74337883481	2.41260085967	-0.639620376176	219
17	0.75	1.0	0.0	2.67864627159	2.77203709234	-1.25901785791	3.09756624121	2.40778617512	-0.657742577714	220
17	1.0	0.0	0.0	5.039093521	1.68561036	-1.35212426	5.61691315471	1.77306149592	-0.799864644278	221
17	1.0	0.25	0.0	4.4252414371	1.87596610902	-1.33022365881	5.01929326676	2.0296300606	-0.862882223787	222
17	1.0	0.5	0.0	3.82576828819	2.22645321763	-1.35552552331	4.39322803762	2.24896028894	-0.872281917583	223
17	1.0	0.75	0.0	3.24657869043	2.55567038993	-1.39632081141	3.75272918666	2.38184189206	-0.872865074803	224
17	1.0	1.0	0.0	2.69357726	2.68221633	-1.420900481	3.11180843328	2.3790645811	-0.909433044585	225
18	0.0	0.0	0.0	2.640819498	2.896599071	-0.628575619	3.04677013717	2.34288421481	0.198824279322	226
18	0.0	0.25	0.0	2.11748471549	2.88186948543	-0.542199276218	2.37315765989	2.23147368201	0.25271902751	227
18	0.0	0.5	0.0	1.53346400865	2.69549863803	-0.435092708437	1.66817121893	2.05977665277	0.296851654273	228
18	0.0	0.75	0.0	0.914460005984	2.43302156087	-0.340402121687	0.972218918378	1.87015274925	0.324847578715	229
18	0.0	1.0	0.0	0.286175336	2.189973286	-0.291273722	0.325708862343	1.70496159359	0.330332219942	230
18	0.25	0.0	0.0	2.65075430941	2.87774786796	-0.821562469176	3.06607651912	2.37441283847	-0.0570980508357	231
18	0.25	0.25	0.0	2.13022094257	2.84420632257	-0.745903454861	2.40029198609	2.2579668823	-0.0322105831206	232
18	0.25	0.5	0.0	1.55736928031	2.63102921511	-0.644970674088	1.69827354795	2.07913658925	-0.0321985675386	233
18	0.25	0.75	0.0	0.94894343425	2.3374299122	-0.555637049135	1.00265873896	1.8764848864	-0.0477802208898	234
18	0.25	1.0	0.0	0.321687515997	2.06262178045	-0.514775502281	0.356085093397	1.68857470087	-0.0696737599739	235
18	0.5	0.0	0.0	2.66386759433	2.83672074003	-1.04547420139	3.08266541181	2.40114120974	-0.358125624823	236
18	0.5	0.25	0.0	2.13515171611	2.76023587229	-0.992765367884	2.42056681869	2.27455987212	-0.37989412413	237
18	0.5	0.5	0.0	1.59216725829	2.50286870329	-0.893793958181	1.739999005	2.07953148036	-0.429835354637	238
18	0.5	0.75	0.0	1.01452225568	2.16679934635	-0.79960422555	1.06299489451	1.85536299175	-0.492722362609	239
18	0.5	1.0	0.0	0.381824743113	1.8542079148	-0.761240423262	0.411587411002	1.6413613636	-0.553328194317	240
18	0.75	0.0	0.0	2.67864627159	2.77203709234	-1.25901785791	3.09756624121	2.40778617512	-0.657742577714	241
18	0.75	0.25	0.0	2.14115456669	2.63918154931	-1.2213956268	2.43561843409	2.26613094486	-0.728460789476	242
18	0.75	0.5	0.0	1.62350861979	2.32012494403	-1.11782525955	1.77484217645	2.04434025363	-0.829168490826	243
18	0.75	0.75	0.0	1.07213190856	1.93176168969	-1.01381133896	1.11671020083	1.78924076962	-0.937603548602	244
18	0.75	1.0	0.0	0.433447910673	1.5909861995	-0.974858447862	0.462695239761	1.54765916099	-1.03150382964	245
18	1.0	0.0	0.0	2.69357726	2.68221633	-1.420900481	3.11180843328	2.3790645811	-0.909433044585	246
18	1.0	0.25	0.0	2.15710702491	2.49026676841	-1.37040484314	2.44708310874	2.21755839391	-1.01603977311	247
18	1.0	0.5	0.0	1.63704404204	2.0919057788	-1.25332727704	1.78429764868	1.95694183658	-1.16330775991	248
18	1.0	0.75	0.0	1.08270783115	1.64294876854	-1.13976607742	1.12728747367	1.6605719243	-1.31004848103	249
18	1.0	1.0	0.0	0.443417912	1.299211145	-1.099819539	0.479888004277	1.39180567226	-1.41507341249	250
19	0.0	0.0	0.0	5.039093521	1.68561036	-1.35212426	5.61691315471	1.77306149592	-0.799864644278	251
19	0.0	0.25	0.0	4.4252414371	1.87596610902	-1.33022365881	5.01929326676	2.0296300606	-0.862882223787	252
19	0.0	0.5	0.0	3.82576828819	2.22645321763	-1.35552552331	4.39322803762	2.24896028894	-0.872281917583	253
19	0.0	0.75	0.0	3.24657869043	2.55567038993	-1.39632081141	3.75272918666	2.38184189206	-0.872865074803	254
19	0.0	1.0	0.0	2.69357726	2.68221633	-1.420900481	3.11180843328	2.3790645811	-0.909433044585	255
19	0.25	0.0	0.0	5.01432373687	1.57614294981	-1.47398937185	5.61942898865	1.67608155004	-1.01191778779	256
19	0.25	0.25	0.0	4.42154370935	1.74967550619	-1.46052529203	5.02898025452	1.91150415466	-1.11263233319	257
19	0.25	0.5	0.0	3.81672882459	2.0586770081	-1.52063476818	4.39821108909	2.11898206258	-1.18773632104	258
19	0.25	0.75	0.0	3.2353138526	2.3310023314	-1.58575723495	3.75314941712	2.24591729075	-1.25387951925	259
19	0.25	1.0	0.0	2.71273356338	2.39450635192	-1.58733212696	3.11982316338	2.2397118561	-1.32771169573	260
19	0.5	0.0	0.0	4.96981217523	1.41727873922	-1.59360267261	5.61482775145	1.51917257907	-1.24756614748	261
19	0.5	0.25	0.0	4.38844429235	1.56110008337	-1.58099797782	5.03242874244	1.72976132396	-1.38504111483	262
19	0.5	0.5	0.0	3.78776723982	1.81054210682	-1.63153887257	4.39112373306	1.92209387636	-1.50962693842	263
19	0.5	0.75	0.0	3.21409079853	2.00640640469	-1.67980563975	3.7330511847	2.04132922466	-1.62301205098	264
19	0.5	1.0	0.0	2.71372474939	1.98949457206	-1.6603785622	3.10034955875	2.03262635724	-1.72688488525	265
19	0.75	0.0	0.0	4.92059830847	1.24267853552	-1.69785917882	5.60768301231	1.3395743025	-1.47110488451	266
19	0.75	0.25	0.0	4.34481173845	1.34614718589	-1.68986541528	5.03083505775	1.51898605305	-1.64365816481	267
19	0.75	0.5	0.0	3.7510835366	1.52007830872	-1.72550840563	4.37836970573	1.68478129215	-1.81018699396	268
19	0.75	0.75	0.0	3.18655470699	1.62976476998	-1.75543871926	3.70693290056	1.78482762151	-1.96182296524	269
19	0.75	1.0	0.0	2.6983662537	1.54049943566	-1.73030692559	3.07317058655	1.76699264282	-2.0896976719	270
19	1.0	0.0	0.0	4.881721609	1.086003146	-1.773653907	5.60256834041	1.17452643982	-1.64682916007	271
19	1.0	0.25	0.0	4.30951460001	1.14072415907	-1.78535130355	5.0253955277	1.31376282648	-1.85203307921	272
19	1.0	0.5	0.0	3.71887771766	1.2253154087	-1.83981393649	4.36635274332	1.43352987184	-2.06164971191	273
19	1.0	0.75	0.0	3.15635075674	1.24895958747	-1.88962916693	3.68929297587	1.49316240901	-2.25187255728	274
19	1.0	1.0	0.0	2.668473512	1.120839388	-1.887384356	3.05806921394	1.45199527112	-2.39889511439	275
20	0.0	0.0	0.0	2.69357726	2.68221633	-1.420900481	3.11180843328	2.3790645811	-0.909433044585	276
20	0.0	0.25	0.0	2.15710702491	2.49026676841	-1.37040484314	2.44708310874	2.21755839391	-1.01603977311	277
20	0.0	0.5	0.0	1.63704404204	2.0919057788	-1.25332727704	1.78429764868	1.95694183658	-1.16330775991	278
20	0.0	0.75	0.0	1.08270783115	1.64294876854	-1.13976607742	1.12728747367	1.6605719243	-1.31004848103	279
20	0.0	1.0	0.0	0.443417912	1.299211145	-1.099819539	0.479888004277	1.39180567226	-1.41507341249	280
20	0.25	0.0	0.0	2.71273356338	2.39450635192	-1.58733212696	3.11982316338	2.2397118561	-1.32771169573	281
20	0.25	0.25	0.0	2.19158243824	2.14406298786	-1.48432130014	2.44937651234	2.06482561671	-1.4307852159	282
20	0.25	0.5	0.0	1.64180764312	1.71622578304	-1.33418275098	1.766846139	1.78090323349	-1.54650735715	283
20	0.25	0.75	0.0	1.05215541933	1.27238870902	-1.20444668159	1.09354674811	1.46137769278	-1.65209139235	284
20	0.25	1.0	0.0	0.41137200817	0.973945737329	-1.16264329407	0.450793044456	1.1796819809	-1.72475059436	285
20	0.5	0.0	0.0	2.71372474939	1.98949457206	-1.6603785622	3.10034955875	2.03262635724	-1.72688488525	286
20	0.5	0.25	0.0	2.19189057348	1.69001877009	-1.54221080504	2.4190582975	1.85120151966	-1.82386801055	287
20	0.5	0.5	0.0	1.62110155839	1.27946243082	-1.39241876171	1.72741959985	1.55886137649	-1.89682143807	288
20	0.5	0.75	0.0	1.01156835535	0.887444791304	-1.26916332549	1.04751640715	1.2325539265	-1.95265963083	289
20	0.5	1.0	0.0	0.373501615575	0.643585088578	-1.23060538965	0.401431660763	0.949227168477	-1.99829705184	290
20	0.75	0.0	0.0	2.6983662537	1.54049943566	-1.73030692559	3.07317058655	1.76699264282	-2.0896976719	291
20	0.75	0.25	0.0	2.170531579	1.21706245861	-1.62216712459	2.38314766315	1.58191158334	-2.17997556271	292
20	0.75	0.5	0.0	1.59230529705	0.846918738719	-1.48675680748	1.68977482959	1.2917369359	-2.21264649837	293
20	0.75	0.75	0.0	0.979214027864	0.518537993515	-1.37114014557	1.00925893111	0.97031867484	-2.22095412551	294
20	0.75	1.0	0.0	0.346784391443	0.320389940538	-1.32238131015	0.357806812989	0.691506774502	-2.23814209072	295
20	1.0	0.0	0.0	2.668473512	1.120839388	-1.887384356	3.05806921394	1.45199527112	-2.39889511439	296
20	1.0	0.25	0.0	2.14000560314	0.814122396947	-1.80228402553	2.36866380825	1.26218128834	-2.48379527803	297
20	1.0	0.5	0.0	1.57279836828	0.483897723303	-1.67591838654	1.67766862655	0.980450582085	-2.49237903377	298
20	1.0	0.75	0.0	0.973359825539	0.196089293758	-1.54760127828	0.998836800297	0.670889987189	-2.46617580541	299
20	1.0	1.0	0.0	0.348197993	0.016621035	-1.45664654	0.345921460926	0.397586338497	-2.44671501677	300
25	0.0	0.0	0.0	4.881721609	1.086003146	-1.773653907	5.60256834041	1.17452643982	-1.64682916007	301
25	0.0	0.25	0.0	4.30951460001	1.14072415907	-1.78535130355	5.0253955277	1.31376282648	-1.85203307921	302
25	0.0	0.5	0.0	3.71887771766	1.2253154087	-1.83981393649	4.36635274332	1.43352987184	-2.06164971191	303
25	0.0	0.75	0.0	3.15635075674	1.24895958747	-1.88962916693	3.68929297587	1.49316240901	-2.25187255728	304
25	0.0	1.0	0.0	2.668473512	1.120839388	-1.887384356	3.05806921394	1.45199527112	-2.39889511439	305
25	0.25	0.0	0.0	4.81939671313	0.631234612536	-1.94563356981	5.59914142875	0.653508181834	-1.99640251819	306
25	0.25	0.25	0.0	4.2679055946	0.595522516512	-2.03394506214	5.02650380616	0.698484030314	-2.26209428579	307
25	0.25	0.5	0.0	3.69498375021	0.545856222853	-2.18054685959	4.38170392126	0.726610886821	-2.53875735208	308
25	0.25	0.75	0.0	3.14159153217	0.458888037013	-2.3205803921	3.72332451785	0.710088784873	-2.7842895601	309
25	0.25	1.0	0.0	2.64868929271	0.311270264448	-2.38918708962	3.10994833972	0.621117757987	-2.95658875289	310
25	0.5	0.0	0.0	4.78819473437	0.0846052965857	-2.11093713512	5.60269211516	-0.0177242217937	-2.23862932369	311
25	0.5	0.25	0.0	4.26359754118	-0.0292086971956	-2.28084224206	5.05413516052	-0.0682717285093	-2.55949264723	312
25	0.5	0.5	0.0	3.72408577992	-0.165513372093	-2.51299845416	4.4474045101	-0.138376138367	-2.8965827134	313
25	0.5	0.75	0.0	3.19616382482	-0.323388058636	-2.72896584996	3.82624267888	-0.237205934324	-3.19398641348	314
25	0.5	1.0	0.0	2.70633605014	-0.501912087354	-2.85030450799	3.23439218185	-0.373929599337	-3.39579063877	315
25	0.75	0.0	0.0	4.78097829517	-0.472761811157	-2.22357297887	5.6123582103	-0.721234419791	-2.33788317378	316
25	0.75	0.25	0.0	4.27835493188	-0.65942167669	-2.4543093798	5.09077780143	-0.865589268353	-2.68891505968	317
25	0.75	0.5	0.0	3.77159621651	-0.860193773441	-2.74123956436	4.52542877766	-1.03296520752	-3.05749311733	318
25	0.75	0.75	0.0	3.27110563562	-1.07054562144	-3.00188048212	3.94273131724	-1.21449326263	-3.38265624313	319
25	0.75	1.0	0.0	2.78728667575	-1.28594474073	-3.15374908262	3.36910559843	-1.40130445901	-3.60344333347	320
25	1.0	0.0	0.0	4.790610018	-0.95974372	-2.237549477	5.62727752486	-1.33908606089	-2.25853766569	321
25	1.0	0.25	0.0	4.29394225884	-1.22106861661	-2.48261301189	5.11891993952	-1.57255340758	-2.5950484193	322
25	1.0	0.5	0.0	3.80292746973	-1.48958537849	-2.76934103436	4.57775099176	-1.82869032443	-2.94385588536	323
25	1.0	0.75	0.0	3.3174549655	-1.75526157338	-3.02641923016	4.01747429123	-2.08754471408	-3.25199217477	324
25	1.0	1.0	0.0	2.837414061	-2.008064769	-3.182533285	3.45179344757	-2.32916447919	-3.46648939847	325
26	0.0	0.0	0.0	2.668473512	1.120839388	-1.887384356	3.05806921394	1.45199527112	-2.39889511439	326
26	0.0	0.25	0.0	2.14000560314	0.814122396947	-1.80228402553	2.36866380825	1.26218128834	-2.48379527803	327
26	0.0	0.5	0.0	1.57279836828	0.483897723303	-1.67591838654	1.67766862655	0.980450582085	-2.49237903377	328
26	0.0	0.75	0.0	0.973359825539	0.196089293758	-1.54760127828	0.998836800297	0.670889987189	-2.46617580541	329
26	0.0	1.0	0.0	0.348197993	0.016621035	-1.45664654	0.345921460926	0.397586338497	-2.44671501677	330
26	0.25	0.0	0.0	2.64868929271	0.311270264448	-2.38918708962	3.10994833972	0.621117757987	-2.95658875289	331
26	0.25	0.25	0.0	2.11985265617	0.047466107304	-2.35988168468	2.43301480797	0.402245845642	-3.05451331671	332
26	0.25	0.5	0.0	1.56916836897	-0.265859788574	-2.25795071475	1.73976944992	0.0997298175321	-3.07667354907	333
26	0.25	0.75	0.0	0.993095258555	-0.555050285049	-2.09991087656	1.05370801152	-0.220967266633	-3.03677840919	334
26	0.25	1.0	0.0	0.388092152391	-0.746448243984	-1.90227886682	0.398326238724	-0.494382347148	-2.94853685631	335
26	0.5	0.0	0.0	2.70633605014	-0.501912087354	-2.85030450799	3.23439218185	-0.373929599337	-3.39579063877	336
26	0.5	0.25	0.0	2.15951349735	-0.76247978454	-2.85362788252	2.56344665396	-0.61432967088	-3.51010054373	337
26	0.5	0.5	0.0	1.58159222067	-1.06984099563	-2.76410731715	1.85575708825	-0.929181788782	-3.54624091215	338
26	0.5	0.75	0.0	0.99102227888	-1.35281019209	-2.59375070276	1.14862399385	-1.24907270509	-3.50416119021	339
26	0.5	1.0	0.0	0.406253730739	-1.54020184535	-2.35456593025	0.479347879839	-1.50458917184	-3.38381082408	340
26	0.75	0.0	0.0	2.78728667575	-1.28594474073	-3.15374908262	3.36910559843	-1.40130445901	-3.60344333347	341
26	0.75	0.25	0.0	2.22026763615	-1.56147527441	-3.17723705428	2.70055725942	-1.66102507528	-3.73013412314	342
26	0.75	0.5	0.0	1.60494179557	-1.86529849263	-3.10154135314	1.97980120824	-1.97886301455	-3.77666586798	343
26	0.75	0.75	0.0	0.98658719126	-2.13730901242	-2.94136655992	1.25404887665	-2.2875903869	-3.73935020007	344
26	0.75	1.0	0.0	0.410481860468	-2.31740145079	-2.71141725531	0.570511696438	-2.51997930239	-3.61449875149	345
26	1.0	0.0	0.0	2.837414061	-2.008064769	-3.182533285	3.45179344757	-2.32916447919	-3.46648939847	346
26	1.0	0.25	0.0	2.26339458207	-2.29528035815	-3.22442363521	2.78494453757	-2.61132018161	-3.59419121899	347
26	1.0	0.5	0.0	1.63408896584	-2.58948487433	-3.17740598216	2.06607147655	-2.92189263746	-3.64353316152	348
26	1.0	0.75	0.0	0.99923630044	-2.84866533109	-3.05500425103	1.34044678932	-3.21068437078	-3.61337149039	349
26	1.0	1.0	0.0	0.408575674	-3.030808742	-2.870742367	0.653343000693	-3.42749790561	-3.50256246995	350
27	0.0	0.0	0.0	4.790610018	-0.95974372	-2.237549477	5.62727752486	-1.33908606089	-2.25853766569	351
27	0.0	0.25	0.0	4.29394225884	-1.22106861661	-2.48261301189	5.11891993952	-1.57255340758	-2.5950484193	352
27	0.0	0.5	0.0	3.80292746973	-1.48958537849	-2.76934103436	4.57775099176	-1.82869032443	-2.94385588536	353
27	0.0	0.75	0.0	3.3174549655	-1.75526157338	-3.02641923016	4.01747429123	-2.08754471408	-3.25199217477	354
27	0.0	1.0	0.0	2.837414061	-2.008064769	-3.182533285	3.45179344757	-2.32916447919	-3.46648939847	355
27	0.25	0.0	0.0	4.87321667579	-1.45273328931	-2.06453028268	5.67665681902	-1.94640459799	-1.87846257862	356
27	0.25	0.25	0.0	4.38041875639	-1.78844207819	-2.27510103094	5.16815926129	-2.2650042947	-2.15273520755	357
27	0.25	0.5	0.0	3.89506387031	-2.12989591455	-2.51291066661	4.63066739444	-2.59512732829	-2.43447164961	358
27	0.25	0.75	0.0	3.41153227835	-2.45636290589	-2.72445434426	4.07240282389	-2.91640931115	-2.68430548976	359
27	0.25	1.0	0.0	2.9242042413	-2.74711115966	-2.85622721847	3.50158715505	-3.20848585564	-2.86287031296	360
27	0.5	0.0	0.0	5.03543377827	-1.94722154538	-1.71165242148	5.76036712004	-2.53570299185	-1.23316656634	361
27	0.5	0.25	0.0	4.55740514005	-2.34854583295	-1.86264546405	5.25088980159	-2.93384883306	-1.41676147749	362
27	0.5	0.5	0.0	4.07900256362	-2.76290260092	-2.02981024066	4.71058850917	-3.33964804367	-1.60319864247	363
27	0.5	0.75	0.0	3.5909346015	-3.1541981369	-2.17567877545	4.1457246052	-3.72507357105	-1.76898913491	364
27	0.5	1.0	0.0	3.08390980619	-3.4863387285	-2.26278309257	3.56255945208	-4.06209836259	-1.89064402846	365
27	0.75	0.0	0.0	5.19919952387	-2.33048175976	-1.26542489529	5.8371893537	-2.97832134123	-0.48533765382	366
27	0.75	0.25	0.0	4.73231942304	-2.77606375942	-1.34772463608	5.32586016475	-3.43086774143	-0.568022762218	367
27	0.75	0.5	0.0	4.2511971476	-3.23562167278	-1.4355861674	4.77988688569	-3.88795361864	-0.650256551873	368
27	0.75	0.75	0.0	3.74797143813	-3.66451271128	-1.50816629844	4.20530838216	-4.31496686809	-0.724446717019	369
27	0.75	1.0	0.0	3.21478103523	-4.01809408634	-1.54462183839	3.60816351983	-4.67729538498	-0.78300095189	370
27	1.0	0.0	0.0	5.286452111	-2.489787204	-0.812356706	5.86590444575	-3.1455997449	0.202336133973	371
27	1.0	0.25	0.0	4.8125796186	-2.94567973611	-0.832816871866	5.35181895512	-3.60784173853	0.212585405195	372
27	1.0	0.5	0.0	4.30810122018	-3.39506936534	-0.845784857707	4.80093507373	-4.06574520129	0.224134934236	373
27	1.0	0.75	0.0	3.77495229141	-3.80305207389	-0.849990687945	4.21902290178	-4.48751857656	0.230918157106	374
27	1.0	1.0	0.0	3.215068208	-4.134723844	-0.844164387	3.61185253949	-4.84137030773	0.226868509814	375
28	0.0	0.0	0.0	2.837414061	-2.008064769	-3.182533285	3.45179344757	-2.32916447919	-3.46648939847	376
28	0.0	0.25	0.0	2.26339458207	-2.29528035815	-3.22442363521	2.78494453757	-2.61132018161	-3.59419121899	377
28	0.0	0.5	0.0	1.63408896584	-2.58948487433	-3.17740598216	2.06607147655	-2.92189263746	-3.64353316152	378
28	0.0	0.75	0.0	0.99923630044	-2.84866533109	-3.05500425103	1.34044678932	-3.21068437078	-3.61337149039	379
28	0.0	1.0	0.0	0.408575674	-3.030808742	-2.870742367	0.653343000693	-3.42749790561	-3.50256246995	380
28	0.25	0.0	0.0	2.9242042413	-2.74711115966	-2.85622721847	3.50158715505	-3.20848585564	-2.86287031296	381
28	0.25	0.25	0.0	2.34884749873	-3.03464301657	-2.89999544318	2.83830697397	-3.5035086798	-2.97057523763	382
28	0.25	0.5	0.0	1.72070287912	-3.30603003514	-2.8736449063	2.12834125655	-3.78597189093	-3.0099563028	383
28	0.25	0.75	0.0	1.07938793215	-3.54358594257	-2.78710644284	1.40964984637	-4.0363510211	-2.98528601685	384
28	0.25	1.0	0.0	0.46452020752	-3.72962446608	-2.6503108878	0.720192587039	-4.23512160241	-2.90083688811	385
28	0.5	0.0	0.0	3.08390980619	-3.4863387285	-2.26278309257	3.56255945208	-4.06209836259	-1.89064402846	386
28	0.5	0.25	0.0	2.49969827082	-3.77231020518	-2.2830027479	2.90457896533	-4.3561461483	-1.96090193468	387
28	0.5	0.5	0.0	1.86458880223	-4.02110305958	-2.25056282317	2.19839875955	-4.60369229442	-1.97969796192	388
28	0.5	0.75	0.0	1.21441238336	-4.23496694193	-2.17632957153	1.47820115899	-4.81004847887	-1.9580630374	389
28	0.5	1.0	0.0	0.584999997117	-4.41615150246	-2.07116924611	0.778168487931	-4.98052637955	-1.90702808833	390
28	0.75	0.0	0.0	3.21478103523	-4.01809408634	-1.54462183839	3.60816351983	-4.67729538498	-0.78300095189	391
28	0.75	0.25	0.0	2.62034937075	-4.29910276537	-1.5348335126	2.95518429967	-4.96523708154	-0.814748870681	392
28	0.75	0.5	0.0	1.97992759561	-4.53451764887	-1.48789534129	2.25261687805	-5.18996026703	-0.817256296146	393
28	0.75	0.75	0.0	1.32626854733	-4.73205210535	-1.41646937196	1.5315168147	-5.36534530054	-0.803560336587	394
28	0.75	1.0	0.0	0.692125063405	-4.89941950336	-1.33321765211	0.822939669303	-5.50527254116	-0.786698100306	395
28	1.0	0.0	0.0	3.215068208	-4.134723844	-0.844164387	3.61185253949	-4.84137030773	0.226868509814	396
28	1.0	0.25	0.0	2.61520327094	-4.40584153858	-0.816875700546	2.96154676501	-5.126785974	0.218306393853	397
28	1.0	0.5	0.0	1.98090011969	-4.64608750424	-0.765378069194	2.26736850459	-5.35968222785	0.212870537255	398
28	1.0	0.75	0.0	1.33691531735	-4.84408520902	-0.701321578995	1.55501290102	-5.53581004254	0.206364301059	399
28	1.0	1.0	0.0	0.708005427	-4.988458121	-0.636356316	0.850175097089	-5.65092039135	0.194591046303	400
33	0.0	0.0	0.0	5.286452111	-2.489787204	-0.812356706	5.86590444575	-3.1455997449	0.202336133973	401
33	0.0	0.25	0.0	4.8125796186	-2.94567973611	-0.832816871866	5.35181895512	-3.60784173853	0.212585405195	402
33	0.0	0.5	0.0	4.30810122018	-3.39506936534	-0.845784857707	4.80093507373	-4.06574520129	0.224134934236	403
33	0.0	0.75	0.0	3.77495229141	-3.80305207389	-0.849990687945	4.21902290178	-4.48751857656	0.230918157106	404
33	0.0	1.0	0.0	3.215068208	-4.134723844	-0.844164387	3.61185253949	-4.84137030773	0.226868509814	405
33	0.25	0.0	0.0	5.26673864837	-2.37679764155	-0.272086027245	5.82486220585	-3.00828168067	0.933658903368	406
33	0.25	0.25	0.0	4.77368553357	-2.79142711412	-0.286009957369	5.30036772857	-3.43943905617	0.977524195043	407
33	0.25	0.5	0.0	4.24408875828	-3.17823368469	-0.324505370516	4.74264028039	-3.85618063731	0.978960517516	408
33	0.25	0.75	0.0	3.68558194104	-3.52094117736	-0.364780174835	4.15669998036	-4.23415661045	0.962374490785	409
33	0.25	1.0	0.0	3.1057987004	-3.80327341621	-0.384042278478	3.54756694749	-4.549017162	0.952172734853	410
33	0.5	0.0	0.0	5.19212524279	-2.06098905103	0.31385169655	5.74434390919	-2.6629328327	1.68780857008	411
33	0.5	0.25	0.0	4.68330785791	-2.39222851	0.276410791951	5.20142616495	-3.04390974449	1.73899685223	412
33	0.5	0.5	0.0	4.14182763665	-2.69218487662	0.16468625073	4.63007027884	-3.4026517704	1.71114192811	413
33	0.5	0.75	0.0	3.57112189998	-2.95799796315	0.0384869545847	4.03718082569	-3.72166055808	1.65647365538	414
33	0.5	1.0	0.0	2.97462796885	-3.18680758184	-0.0423782147906	3.42966238035	-3.98343775517	1.62722189174	415
33	0.75	0.0	0.0	5.11700536857	-1.61004210124	0.837606567319	5.65759926295	-2.16461202881	2.34302237665	416
33	0.75	0.25	0.0	4.5990563886	-1.85484309595	0.776784691141	5.09888318172	-2.49014646881	2.40118389073	417
33	0.75	0.5	0.0	4.05371014245	-2.07274070674	0.59317936936	4.51195974997	-2.79323690986	2.35119989424	418
33	0.75	0.75	0.0	3.47757362706	-2.2689314553	0.383845039427	3.90964558444	-3.06042802926	2.26794915435	419
33	0.75	1.0	0.0	2.86725383937	-2.4486118633	0.245836138792	3.30475730192	-3.27826450434	2.22631043825	420
33	1.0	0.0	0.0	5.0957725	-1.091637461	1.191328687	5.59787797431	-1.56837809682	2.77753756564	421
33	1.0	0.25	0.0	4.57854092265	-1.2860300442	1.13745105525	5.0366276963	-1.84704189448	2.86826582451	422
33	1.0	0.5	0.0	4.03212856283	-1.45571894068	0.9323633487	4.43704337468	-2.11601436495	2.82965514413	423
33	1.0	0.75	0.0	3.4509385811	-1.60845067782	0.695328418801	3.82327440332	-2.3608566338	2.75153449114	424
33	1.0	1.0	0.0	2.829374138	-1.751971783	0.545609117	3.21947017606	-2.56712982664	2.72373283216	425
34	0.0	0.0	0.0	3.215068208	-4.134723844	-0.844164387	3.61185253949	-4.84137030773	0.226868509814	426
34	0.0	0.25	0.0	2.61520327094	-4.40584153858	-0.816875700546	2.96154676501	-5.126785974	0.218306393853	427
34	0.0	0.5	0.0	1.98090011969	-4.64608750424	-0.765378069194	2.26736850459	-5.35968222785	0.212870537255	428
34	0.0	0.75	0.0	1.33691531735	-4.84408520902	-0.701321578995	1.55501290102	-5.53581004254	0.206364301059	429
34	0.0	1.0	0.0	0.708005427	-4.988458121	-0.636356316	0.850175097089	-5.65092039135	0.194591046303	430
34	0.25	0.0	0.0	3.1057987004	-3.80327341621	-0.384042278478	3.54756694749	-4.549017162	0.952172734853	431
34	0.25	0.25	0.0	2.49856260722	-4.05322683921	-0.347777585118	2.89903363068	-4.81889119563	0.969470207158	432
34	0.25	0.5	0.0	1.87295769299	-4.2875090761	-0.261136249525	2.21578502847	-5.05743915142	1.00496126877	433
34	0.25	0.75	0.0	1.24284945925	-4.47832308371	-0.162672738251	1.51771986223	-5.23904122437	1.0370959312	434
34	0.25	1.0	0.0	0.622103407545	-4.59787181887	-0.0909415178472	0.824736853359	-5.33807760946	1.04432420595	435
34	0.5	0.0	0.0	2.97462796885	-3.18680758184	-0.0423782147906	3.42966238035	-3.98343775517	1.62722189174	436
34	0.5	0.25	0.0	2.35301000729	-3.40431767593	-0.0142835452912	2.7848830373	-4.21774793648	1.66160793175	437
34	0.5	0.5	0.0	1.73343556863	-3.61233156512	0.103876051743	2.11228527364	-4.43714061239	1.73808662118	438
34	0.5	0.75	0.0	1.11758605953	-3.78370576481	0.242239966135	1.42714056469	-4.60975796568	1.81860707842	439
34	0.5	1.0	0.0	0.507142886663	-3.89129679039	0.330947587705	0.744720385777	-4.70374217916	1.86511842189	440
34	0.75	0.0	0.0	2.86725383937	-2.4486118633	0.245836138792	3.30475730192	-3.27826450434	2.22631043825	441
34	0.75	0.25	0.0	2.22830191008	-2.62777626717	0.263498706324	2.66599097302	-3.47605289765	2.27698183247	442
34	0.75	0.5	0.0	1.60902789083	-2.79670239037	0.402428884626	2.00353447885	-3.66336494806	2.3881866974	443
34	0.75	0.75	0.0	1.00351061849	-2.93894584026	0.572568527852	1.32973956782	-3.81521039344	2.51128035091	444
34	0.75	1.0	0.0	0.405828929949	-3.03806222421	0.683859490155	0.656957988312	-3.90659897165	2.59761811087	445
34	1.0	0.0	0.0	2.829374138	-1.751971783	0.545609117	3.21947017606	-2.56712982664	2.72373283216	446
34	1.0	0.25	0.0	2.17419475452	-1.89226483133	0.565461457119	2.58925342597	-2.74650278022	2.79785417416	447
34	1.0	0.5	0.0	1.54642880381	-2.01676897089	0.707292299138	1.93619788286	-2.90069049578	2.93120160037	448
34	1.0	0.75	0.0	0.943008636444	-2.12275589801	0.887464940588	1.27198143106	-3.02264863465	3.07549835683	449
34	1.0	1.0	0.0	0.360866603	-2.207497309	1.022342679	0.608281954932	-3.10533285817	3.18246768959	450
35	0.0	0.0	0.0	5.0957725	-1.091637461	1.191328687	5.59787797431	-1.56837809682	2.77753756564	451
35	0.0	0.25	0.0	4.57854092265	-1.2860300442	1.13745105525	5.0366276963	-1.84704189448	2.86826582451	452
35	0.0	0.5	0.0	4.03212856283	-1.45571894068	0.9323633487	4.43704337468	-2.11601436495	2.82965514413	453
35	0.0	0.75	0.0	3.4509385811	-1.60845067782	0.695328418801	3.82327440332	-2.3608566338	2.75153449114	454
35	0.0	1.0	0.0	2.829374138	-1.751971783	0.545609117	3.21947017606	-2.56712982664	2.72373283216	455
35	0.25	0.0	0.0	5.10589361798	-0.585293943825	1.29832688823	5.56557395846	-0.96753094507	2.9063861809	456
35	0.25	0.25	0.0	4.58104999125	-0.739763305372	1.28099490161	4.99191248263	-1.18781686986	3.04493330074	457
35	0.25	0.5	0.0	4.02405464523	-0.863502777125	1.11923875162	4.37791284778	-1.40240805116	3.05852640325	458
35	0.25	0.75	0.0	3.42999869981	-0.968052638734	0.927261198107	3.75332348306	-1.60406298594	3.02965101752	459
35	0.25	1.0	0.0	2.79397327487	-1.06495316985	0.819265000894	3.14789281761	-1.78554017118	3.04079267266	460
35	0.5	0.0	0.0	5.10451787893	-0.0184724300826	1.25408701724	5.53618732596	-0.295359935401	2.84316404028	461
35	0.5	0.25	0.0	4.55345347983	-0.12362907333	1.27221040583	4.93106175479	-0.446349861666	3.01074434728	462
35	0.5	0.5	0.0	3.97036923479	-0.21019967211	1.16167913168	4.30078342082	-0.607425523896	3.06435438016	463
35	0.5	0.75	0.0	3.35372054379	-0.277066213481	1.02666829811	3.66885958006	-0.761793440258	3.07538732521	464
35	0.5	1.0	0.0	2.70196280683	-0.323110684502	0.97135300843	3.05879748853	-0.892660128921	3.11523636876	465
35	0.75	0.0	0.0	5.10516440667	0.538281787701	1.10751786939	5.52094599554	0.359722594205	2.64028307729	466
35	0.75	0.25	0.0	4.52352104743	0.485483765937	1.1556995036	4.88830008774	0.285924934649	2.81808169557	467
35	0.75	0.5	0.0	3.90779721101	0.442496043936	1.09314885862	4.24472330189	0.184021600568	2.89421766528	468
35	0.75	0.75	0.0	3.26751675384	0.418924945604	1.01455930387	3.60541450995	0.0832360948631	2.9313350103	469
35	0.75	1.0	0.0	2.61220353237	0.424376794847	1.01462420875	2.9855725839	0.0127919204332	2.99207775449	470
35	1.0	0.0	0.0	5.121352325	1.014423417	0.90752824	5.53107788591	0.909304305764	2.35015522542	471
35	1.0	0.25	0.0	4.51902235309	1.01068632644	0.976064130617	4.89785205643	0.917573323619	2.51932807707	472
35	1.0	0.5	0.0	3.87306345339	1.03289004058	0.947112302228	4.24880069909	0.887021705942	2.59519484907	473
35	1.0	0.75	0.0	3.21679997075	1.07433718618	0.911943800476	3.59852008839	0.848309711032	2.64008566886	474
35	1.0	1.0	0.0	2.58355625	1.12833039	0.961829671	2.96160649881	0.832097597187	2.7163306639	475
36	0.0	0.0	0.0	2.829374138	-1.751971783	0.545609117	3.21947017606	-2.56712982664	2.72373283216	476
36	0.0	0.25	0.0	2.17419475452	-1.89226483133	0.565461457119	2.58925342597	-2.74650278022	2.79785417416	477
36	0.0	0.5	0.0	1.54642880381	-2.01676897089	0.707292299138	1.93619788286	-2.90069049578	2.93120160037	478
36	0.0	0.75	0.0	0.943008636444	-2.12275589801	0.887464940588	1.27198143106	-3.02264863465	3.07549835683	479
36	0.0	1.0	0.0	0.360866603	-2.207497309	1.022342679	0.608281954932	-3.10533285817	3.18246768959	480
36	0.25	0.0	0.0	2.79397327487	-1.06495316985	0.819265000894	3.14789281761	-1.78554017118	3.04079267266	481
36	0.25	0.25	0.0	2.14858438246	-1.14831478567	0.878721336948	2.54160123042	-1.92478724643	3.15048731446	482
36	0.25	0.5	0.0	1.53868512905	-1.20560470703	1.06159552113	1.91343183656	-2.00969726357	3.32390942283	483
36	0.25	0.75	0.0	0.959480540734	-1.25370847083	1.28185598371	1.27318516444	-2.06566580173	3.50318338651	484
36	0.25	1.0	0.0	0.406175643636	-1.30951161399	1.45347115495	0.630661742438	-2.11808844001	3.63043359424	485
36	0.5	0.0	0.0	2.70196280683	-0.323110684502	0.97135300843	3.05879748853	-0.892660128921	3.11523636876	486
36	0.5	0.25	0.0	2.1002903178	-0.343394514247	1.09172680875	2.48913179326	-0.960082717917	3.25132420719	487
36	0.5	0.5	0.0	1.54632428517	-0.341130079371	1.35165079596	1.90035297409	-0.963570209884	3.464987628	488
36	0.5	0.75	0.0	1.02069983515	-0.343662485144	1.63880917497	1.29848451494	-0.95169923397	3.68267609605	489
36	0.5	1.0	0.0	0.504052093977	-0.378336836838	1.84088615072	0.689549899756	-0.973046419321	3.83083907622	490
36	0.75	0.0	0.0	2.61220353237	0.424376794847	1.01462420875	2.9855725839	0.0127919204332	2.99207775449	491
36	0.75	0.25	0.0	2.06356580523	0.459467440312	1.18463956995	2.44224354271	0.0171272782912	3.13743149	492
36	0.75	0.5	0.0	1.56109423994	0.509051346713	1.49099017174	1.88022613332	0.0795000401995	3.35916473605	493
36	0.75	0.75	0.0	1.07832882473	0.539202907965	1.80672943281	1.30622311408	0.13962261598	3.58088729862	494
36	0.75	1.0	0.0	0.588809547829	0.515996517982	2.00491077188	0.72693724337	0.137207415455	3.72620898367	495
36	1.0	0.0	0.0	2.58355625	1.12833039	0.961829671	2.96160649881	0.832097597187	2.7163306639	496
36	1.0	0.25	0.0	2.07266408945	1.19724253537	1.13762131802	2.41133490697	0.876359215166	2.8458758005	497
36	1.0	0.5	0.0	1.57474296114	1.27733600585	1.39314569661	1.83631615212	0.961322861584	3.01116926713	498
36	1.0	0.75	0.0	1.08402981451	1.32670855741	1.63402167565	1.25474459336	1.02867129548	3.16472780736	499
36	1.0	1.0	0.0	0.594761599	1.303457946	1.765868124	0.684814589762	1.02008727589	3.25906816474	500
41	0.0	0.0	0.0	5.121352325	1.014423417	0.90752824	5.53107788591	0.909304305764	2.35015522542	501
41	0.0	0.25	0.0	4.51902235309	1.01068632644	0.976064130617	4.89785205643	0.917573323619	2.51932807707	502
41	0.0	0.5	0.0	3.87306345339	1.03289004058	0.947112302228	4.24880069909	0.887021705942	2.59519484907	503
41	0.0	0.75	0.0	3.21679997075	1.07433718618	0.911943800476	3.59852008839	0.848309711032	2.64008566886	504
41	0.0	1.0	0.0	2.58355625	1.12833039	0.961829671	2.96160649881	0.832097597187	2.7163306639	505
41	0.25	0.0	0.0	5.14035512175	1.21640069462	0.785963674467	5.54692757142	1.13099966113	2.16259728573	506
41	0.25	0.25	0.0	4.5294331181	1.22775776703	0.862175249099	4.91859527964	1.17146265408	2.32536768288	507
41	0.25	0.5	0.0	3.87300547247	1.27707266508	0.851367485627	4.27150027703	1.16160069776	2.40374712821	508
41	0.25	0.75	0.0	3.21405325102	1.34491679811	0.833430986267	3.6172927883	1.13377521208	2.45290266088	509
41	0.25	1.0	0.0	2.59555751991	1.41186157543	0.888256353237	2.96762303818	1.12034761697	2.52800132005	510
41	0.5	0.0	0.0	5.16537240226	1.42770242501	0.624342633983	5.56700880398	1.35534513851	1.91112050599	511
41	0.5	0.25	0.0	4.54064152028	1.45136609741	0.70614788596	4.93842502525	1.42533176827	2.06442617486	512
41	0.5	0.5	0.0	3.87586894616	1.52861913456	0.720015789701	4.295885518	1.42779160921	2.14904689105	513
41	0.5	0.75	0.0	3.21749350697	1.6234119984	0.720564321312	3.64118528788	1.39761108839	2.2037522058	514
41	0.5	1.0	0.0	2.61195402981	1.69969515087	0.762411456899	2.9761193405	1.36967663286	2.26731167033	515
41	0.75	0.0	0.0	5.18681425239	1.6125669719	0.443467249258	5.58594847578	1.5516578475	1.63588583111	516
41	0.75	0.25	0.0	4.54724887112	1.64720805001	0.524085427336	4.95667733784	1.64944013256	1.77268059377	517
41	0.75	0.5	0.0	3.87730567047	1.75991567859	0.560079080938	4.31825855114	1.66388262504	1.85963570749	518
41	0.75	0.75	0.0	3.22296442444	1.89047239826	0.578417716225	3.66406857781	1.63047085089	1.9182588151	519
41	0.75	1.0	0.0	2.63020490706	1.97866074962	0.606070839361	2.98748387997	1.58469033609	1.9700575594	520
41	1.0	0.0	0.0	5.195090758	1.735232699	0.264139651	5.59837347902	1.68925489773	1.377054206	521
41	1.0	0.25	0.0	4.5438564821	1.78098035724	0.332091259364	4.97268826202	1.81404721334	1.4863079804	522
41	1.0	0.5	0.0	3.87296744142	1.94334852675	0.378579225823	4.33492150556	1.84816192994	1.56405514745	523
41	1.0	0.75	0.0	3.22630968928	2.12674760888	0.41206508162	3.67981364878	1.82300801048	1.62204700026	524
41	1.0	1.0	0.0	2.647769279	2.235588005	0.441010358	3.00210513081	1.7699944179	1.67203483193	525
42	0.0	0.0	0.0	2.58355625	1.12833039	0.961829671	2.96160649881	0.832097597187	2.7163306639	526
42	0.0	0.25	0.0	2.07266408945	1.19724253537	1.13762131802	2.41133490697	0.876359215166	2.8458758005	527
42	0.0	0.5	0.0	1.57474296114	1.27733600585	1.39314569661	1.83631615212	0.961322861584	3.01116926713	528
42	0.0	0.75	0.0	1.08402981451	1.32670855741	1.63402167565	1.25474459336	1.02867129548	3.16472780736	529
42	0.0	1.0	0.0	0.594761599	1.303457946	1.765868124	0.684814589762	1.02008727589	3.25906816474	530
42	0.25	0.0	0.0	2.59555751991	1.41186157543	0.888256353237	2.96762303818	1.12034761697	2.52800132005	531
42	0.25	0.25	0.0	2.0863515387	1.46943820192	1.04126695017	2.39562887678	1.146379862	2.64045894568	532
42	0.25	0.5	0.0	1.56944876937	1.5215706038	1.25126947201	1.80159815683	1.19277056922	2.77388426207	533
42	0.25	0.75	0.0	1.0537894643	1.54194453748	1.44583386215	1.20442490324	1.22209590429	2.89513127477	534
42	0.25	1.0	0.0	0.548313875843	1.50424575939	1.55253006396	0.623003140954	1.19693203291	2.97105398935	535
42	0.5	0.0	0.0	2.61195402981	1.69969515087	0.762411456899	2.9761193405	1.36967663286	2.26731167033	536
42	0.5	0.25	0.0	2.09343360179	1.73346730856	0.872449540879	2.37041795186	1.35984760517	2.34880460704	537
42	0.5	0.5	0.0	1.54796991283	1.73764003018	1.02943305632	1.74983390887	1.35152245323	2.44161063086	538
42	0.5	0.75	0.0	0.997619656121	1.71139544255	1.18132736042	1.12982892886	1.33277554301	2.52858877045	539
42	0.5	1.0	0.0	0.464439524897	1.65391567251	1.27609781038	0.525864729169	1.29168124049	2.5925980545	540
42	0.75	0.0	0.0	2.63020490706	1.97866074962	0.606070839361	2.98748387997	1.58469033609	1.9700575594	541
42	0.75	0.25	0.0	2.09979248546	1.98488373229	0.674378009164	2.34903041876	1.53691801408	2.02299531336	542
42	0.75	0.5	0.0	1.52307413584	1.93609099093	0.78357880641	1.69783297407	1.47467781063	2.07998189012	543
42	0.75	0.75	0.0	0.935255818261	1.85818662841	0.899115287256	1.05099777888	1.40844042829	2.13727526152	544
42	0.75	1.0	0.0	0.371543492752	1.77707474762	0.986429507862	0.425631066181	1.34867656958	2.1911333994	545
42	1.0	0.0	0.0	2.647769279	2.235588005	0.441010358	3.00210513081	1.7699944179	1.67203483193	546
42	1.0	0.25	0.0	2.1113103964	2.2192413501	0.490261274032	2.34479456407	1.6977466581	1.7151135934	547
42	1.0	0.5	0.0	1.50752918277	2.12747019196	0.569649079166	1.66240491827	1.59933593842	1.75463155644	548
42	1.0	0.75	0.0	0.886433379015	2.00544345084	0.657810759466	0.98797256198	1.49682077678	1.79336571506	549
42	1.0	1.0	0.0	0.298030726	1.898330047	0.733383301	0.354533863765	1.41225969112	1.83409306322	550
43	0.0	0.0	0.0	5.195090758	1.735232699	0.264139651	5.59837347902	1.68925489773	1.377054206	551
43	0.0	0.25	0.0	4.5438564821	1.78098035724	0.332091259364	4.97268826202	1.81404721334	1.4863079804	552
43	0.0	0.5	0.0	3.87296744142	1.94334852675	0.378579225823	4.33492150556	1.84816192994	1.56405514745	553
43	0.0	0.75	0.0	3.22630968928	2.12674760888	0.41206508162	3.67981364878	1.82300801048	1.62204700026	554
43	0.0	1.0	0.0	2.647769279	2.235588005	0.441010358	3.00210513081	1.7699944179	1.67203483193	555
43	0.25	0.0	0.0	5.18005024801	1.7849179999	0.0655124640045	5.59736596636	1.7637428105	1.10507443066	556
43	0.25	0.25	0.0	4.51730576464	1.85390515251	0.111847777948	4.97652285892	1.92553199295	1.17575208469	557
43	0.25	0.5	0.0	3.85465294308	2.08362612199	0.151130070446	4.34347554041	1.99663495501	1.23245102138	558
43	0.25	0.75	0.0	3.22320788387	2.33885170939	0.187670683205	3.69119065122	1.99859142412	1.28317903603	559
43	0.25	1.0	0.0	2.65408668754	2.48435271578	0.225780957935	3.01263483169	1.95294112773	1.33594392392	560
43	0.5	0.0	0.0	5.14826930497	1.79469504552	-0.179544754793	5.58737326584	1.8075601369	0.774121208739	561
43	0.5	0.25	0.0	4.47187238527	1.89533167155	-0.153984693798	4.96846435284	2.01279138551	0.805559730919	562
43	0.5	0.5	0.0	3.82452827191	2.18856003617	-0.126936677785	4.34723645409	2.12627724327	0.848242755518	563
43	0.5	0.75	0.0	3.21368568898	2.51110931944	-0.0941311653058	3.70339815126	2.15963472299	0.899010738437	564
43	0.5	1.0	0.0	2.64679336052	2.69970870144	-0.0512986149116	3.01665802603	2.12448083748	0.954704135578	565
43	0.75	0.0	0.0	5.1155010797	1.78129706414	-0.431026406194	5.57883952818	1.82892260663	0.439519134217	566
43	0.75	0.25	0.0	4.42976048112	1.91055690787	-0.424867535894	4.96073193664	2.06823474238	0.433125211188	567
43	0.75	0.5	0.0	3.79502521041	2.25038854101	-0.415720930982	4.34943322043	2.22086659803	0.45967193332	568
43	0.75	0.75	0.0	3.20121524129	2.62241444603	-0.393875511015	3.71427053213	2.28579575298	0.507219236662	569
43	0.75	1.0	0.0	2.63825054749	2.84825710539	-0.349620195552	3.02457102434	2.26199978666	0.563827057261	570
43	1.0	0.0	0.0	5.097498723	1.761457284	-0.648926891	5.5822089041	1.83604594941	0.156592801063	571
43	1.0	0.25	0.0	4.41317418932	1.904877855	-0.660262128358	4.96554480314	2.08427141494	0.115842817602	572
43	1.0	0.5	0.0	3.77857554107	2.26134990826	-0.675322601256	4.35329481325	2.2641808226	0.114980138259	573
43	1.0	0.75	0.0	3.18926867754	2.65166109614	-0.672097401026	3.72164217706	2.35673236002	0.145481659883	574
43	1.0	1.0	0.0	2.640819498	2.896599071	-0.628575619	3.04677013717	2.34288421481	0.198824279322	575
44	0.0	0.0	0.0	2.647769279	2.235588005	0.441010358	3.00210513081	1.7699944179	1.67203483193	576
44	0.0	0.25	0.0	2.1113103964	2.2192413501	0.490261274032	2.34479456407	1.6977466581	1.7151135934	577
44	0.0	0.5	0.0	1.50752918277	2.12747019196	0.569649079166	1.66240491827	1.59933593842	1.75463155644	578
44	0.0	0.75	0.0	0.886433379015	2.00544345084	0.657810759466	0.98797256198	1.49682077678	1.79336571506	579
44	0.0	1.0	0.0	0.298030726	1.898330047	0.733383301	0.354533863765	1.41225969112	1.83409306322	580
44	0.25	0.0	0.0	2.65408668754	2.48435271578	0.225780957935	3.01263483169	1.95294112773	1.33594392392	581
44	0.25	0.25	0.0	2.11652635878	2.45561389745	0.279383010606	2.3461504559	1.86660579839	1.38577762362	582
44	0.25	0.5	0.0	1.50551178577	2.32726337489	0.354356176409	1.64791964817	1.74201915039	1.43061465184	583
44	0.25	0.75	0.0	0.872104705865	2.16138756484	0.432897365145	0.960420183923	1.60948567703	1.46877834755	584
44	0.25	1.0	0.0	0.267366856404	2.02007288402	0.497203486615	0.326129838555	1.49930987157	1.49859204973	585
44	0.5	0.0	0.0	2.64679336052	2.69970870144	-0.0512986149116	3.01665802603	2.12448083748	0.954704135578	586
44	0.5	0.25	0.0	2.10761225283	2.67264444486	0.00762086494067	2.33940765518	2.02781349696	1.00355188548	587
44	0.5	0.5	0.0	1.5072493109	2.5189140105	0.082429248874	1.6406233577	1.88279766082	1.04376678751	588
44	0.5	0.75	0.0	0.880701362837	2.31428417322	0.155591272404	0.954832532346	1.72678658924	1.07282117866	589
44	0.5	1.0	0.0	0.262965236787	2.13452170787	0.209571671046	0.316562577852	1.5971335424	1.08818739595	590
44	0.75	0.0	0.0	2.63825054749	2.84825710539	-0.349620195552	3.02457102434	2.26199978666	0.563827057261	591
44	0.75	0.25	0.0	2.10209079845	2.82863047872	-0.280936213741	2.34244908286	2.15741953209	0.611508359826	592
44	0.75	0.5	0.0	1.51561047843	2.65684984835	-0.197073210416	1.64565942268	1.99695548864	0.647906332101	593
44	0.75	0.75	0.0	0.89917068464	2.41965494791	-0.120158297094	0.961876484686	1.82243758834	0.670006743887	594
44	0.75	1.0	0.0	0.273132514277	2.20378551103	-0.072318585296	0.318774709749	1.67569576321	0.674795364981	595
44	1.0	0.0	0.0	2.640819498	2.896599071	-0.628575619	3.04677013717	2.34288421481	0.198824279322	596
44	1.0	0.25	0.0	2.11748471549	2.88186948543	-0.542199276218	2.37315765989	2.23147368201	0.25271902751	597
44	1.0	0.5	0.0	1.53346400865	2.69549863803	-0.435092708437	1.66817121893	2.05977665277	0.296851654273	598
44	1.0	0.75	0.0	0.914460005984	2.43302156087	-0.340402121687	0.972218918378	1.87015274925	0.324847578715	599
44	1.0	1.0	0.0	0.286175336	2.189973286	-0.291273722	0.325708862343	1.70496159359	0.330332219942	600
49	0.0	0.0	0.0	6.817538404	0.4880699	-0.799999989	7.46116332393	0.126360955168	0.151289106798	601
49	0.0	0.25	0.0	6.65046046593	1.02337732224	-0.77604958654	7.2557013188	0.824179810714	0.166135287317	602
49	0.0	0.5	0.0	6.25210473247	1.43029674317	-0.723542901805	6.78012924533	1.28471326933	0.184657242722	603
49	0.0	0.75	0.0	5.70645591452	1.68444958852	-0.671496486167	6.17533560621	1.59349181942	0.187821053732	604
49	0.0	1.0	0.0	5.097498723	1.761457284	-0.648926891	5.5822089041	1.83604594941	0.156592801063	605
49	0.25	0.0	0.0	6.81797227603	0.487369770836	-0.811046412191	7.46077112363	0.13088503776	0.140710704184	606
49	0.25	0.25	0.0	6.64836929298	1.01726869393	-0.854131131815	7.25616151022	0.810489379431	0.0757330842165	607
49	0.25	0.5	0.0	6.24499516843	1.41850422097	-0.85205191077	6.78288064017	1.27393779863	0.0327192669457	608
49	0.25	0.75	0.0	5.695564685	1.67108913989	-0.831534998587	6.18131301445	1.59240349235	-0.0072507068245	609
49	0.25	1.0	0.0	5.0877926253	1.75503623861	-0.819306644798	5.59184313406	1.83705965756	-0.0630967962903	610
49	0.5	0.0	0.0	6.8189267945	0.485295087442	-0.821900041845	7.45990828297	0.140303620231	0.130886719798	611
49	0.5	0.25	0.0	6.64761951446	1.00449320245	-0.93745186852	7.25751323713	0.789406126717	-0.0231158103179	612
49	0.5	0.5	0.0	6.24001413076	1.39935387354	-0.998043649637	6.78884833023	1.24766796104	-0.143158309891	613
49	0.5	0.75	0.0	5.68485614865	1.65373743349	-1.01933380701	6.19096472884	1.57501781803	-0.24010113384	614
49	0.5	1.0	0.0	5.07089107337	1.75150421506	-1.01698076246	5.6009135995	1.83138439247	-0.324804637086	615
49	0.75	0.0	0.0	6.81988131297	0.481884410327	-0.832410647827	7.45904544231	0.14838620898	0.121405759084	616
49	0.75	0.25	0.0	6.64492602065	0.983957869246	-1.01989293495	7.25873804991	0.759977376781	-0.125071684603	617
49	0.75	0.5	0.0	6.2297922528	1.36869773541	-1.14308799653	6.79447174898	1.20963271022	-0.322291081343	618
49	0.75	0.75	0.0	5.66790569823	1.62305658519	-1.20444854347	6.20005787911	1.54464168891	-0.474245527676	619
49	0.75	1.0	0.0	5.05269204575	1.73398699498	-1.20642728665	5.6093077799	1.81229379248	-0.584928120142	620
49	1.0	0.0	0.0	6.820315185	0.4771763	-0.842428	7.45865324201	0.14890231041	0.111856427488	621
49	1.0	0.25	0.0	6.63700370185	0.954569715755	-1.09533546939	7.25881749895	0.721250453832	-0.224794826954	622
49	1.0	0.5	0.0	6.20696016788	1.3223878411	-1.26875482959	6.79619032985	1.16356099981	-0.483994640966	623
49	1.0	0.75	0.0	5.63828872647	1.56970871089	-1.35643483999	6.20435959501	1.50458199746	-0.673199188692	624
49	1.0	1.0	0.0	5.039093521	1.68561036	-1.35212426	5.61691315471	1.77306149592	-0.799864644278	625
50	0.0	0.0	0.0	6.820315185	0.4771763	-0.842428	7.45865324201	0.14890231041	0.111856427488	626
50	0.0	0.25	0.0	6.63700370185	0.954569715755	-1.09533546939	7.25881749895	0.721250453832	-0.224794826954	627
50	0.0	0.5	0.0	6.20696016788	1.3223878411	-1.26875482959	6.79619032985	1.16356099981	-0.483994640966	628
50	0.0	0.75	0.0	5.63828872647	1.56970871089	-1.35643483999	6.20435959501	1.50458199746	-0.673199188692	629
50	0.0	1.0	0.0	5.039093521	1.68561036	-1.35212426	5.61691315471	1.77306149592	-0.799864644278	630
50	0.25	0.0	0.0	6.81792892625	0.470343644876	-0.853156756685	7.45962396285	0.140731573647	0.0974867164173	631
50	0.25	0.25	0.0	6.62577319445	0.907287816449	-1.16848313292	7.25920974058	0.662919175214	-0.324281798528	632
50	0.25	0.5	0.0	6.17924103755	1.24279050331	-1.38076815204	6.79586428413	1.08574299297	-0.639583165133	633
50	0.25	0.75	0.0	5.60115152765	1.4685195872	-1.48445562728	6.20434992349	1.41989859517	-0.863700717016	634
50	0.25	1.0	0.0	5.01432373687	1.57614294981	-1.47398937185	5.61942898865	1.67608155004	-1.01191778779	635
50	0.5	0.0	0.0	6.812679157	0.462397082291	-0.862408932291	7.46175954871	0.129841231457	0.0802244411631	636
50	0.5	0.25	0.0	6.61649823298	0.84690280361	-1.22935693915	7.26127724387	0.593503669005	-0.403275163531	637
50	0.5	0.5	0.0	6.15996247273	1.13664661994	-1.47425395519	6.79723378097	0.97672005743	-0.779566085479	638
50	0.5	0.75	0.0	5.56906830918	1.32798608167	-1.59602689486	6.20372025263	1.28382986977	-1.05790939127	639
50	0.5	1.0	0.0	4.96981217523	1.41727873922	-1.59360267261	5.61482775145	1.51917257907	-1.24756614748	640
50	0.75	0.0	0.0	6.80742938775	0.45315305356	-0.870363641751	7.46389513457	0.117653423121	0.0642596320543	641
50	0.75	0.25	0.0	6.60879572542	0.778433770896	-1.28007006822	7.26366673494	0.517440470175	-0.466856778443	642
50	0.75	0.5	0.0	6.14450238543	1.01939545448	-1.54934343516	6.7992670792	0.855012970113	-0.900744900339	643
50	0.75	0.75	0.0	5.53996477678	1.1746173081	-1.68600078966	6.20312842058	1.1293859164	-1.23597188518	644
50	0.75	1.0	0.0	4.92059830847	1.24267853552	-1.69785917882	5.60768301231	1.3395743025	-1.47110488451	645
50	1.0	0.0	0.0	6.805043129	0.442428	-0.8772	7.46486585541	0.105590287922	0.0537823194197	646
50	1.0	0.25	0.0	6.60228257977	0.706899811967	-1.32273570027	7.26502493986	0.43916611369	-0.520108499743	647
50	1.0	0.5	0.0	6.12823868763	0.906476270466	-1.6061677881	6.8009324376	0.739142507958	-0.99992110805	648
50	1.0	0.75	0.0	5.51176663618	1.03492238023	-1.74922945863	6.20323226551	0.989576830183	-1.37803487249	649
50	1.0	1.0	0.0	4.881721609	1.086003146	-1.773653907	5.60256834041	1.17452643982	-1.64682916007	650
53	0.0	0.0	0.0	6.805043129	0.442428	-0.8772	7.46486585541	0.105590287922	0.0537823194197	651
53	0.0	0.25	0.0	6.60228257977	0.706899811967	-1.32273570027	7.26502493986	0.43916611369	-0.520108499743	652
53	0.0	0.5	0.0	6.12823868763	0.906476270466	-1.6061677881	6.8009324376	0.739142507958	-0.99992110805	653
53	0.0	0.75	0.0	5.51176663618	1.03492238023	-1.74922945863	6.20323226551	0.989576830183	-1.37803487249	654
53	0.0	1.0	0.0	4.881721609	1.086003146	-1.773653907	5.60256834041	1.17452643982	-1.64682916007	655
53	0.25	0.0	0.0	6.79709995338	0.421774416054	-0.886449755741	7.46427637507	0.0811565037363	0.0458454894179	656
53	0.25	0.25	0.0	6.58261614438	0.549348618227	-1.39314382432	7.26531191172	0.265037151222	-0.621146293643	657
53	0.25	0.5	0.0	6.08541614835	0.62488596218	-1.70469420316	6.80335818291	0.435918279753	-1.1936587635	658
53	0.25	0.75	0.0	5.44963224477	0.65123258219	-1.87191831181	6.2055798136	0.572506439801	-1.65698110879	659
53	0.25	1.0	0.0	4.81939671313	0.631234612536	-1.94563356981	5.59914142875	0.653508181834	-1.99640251819	660
53	0.5	0.0	0.0	6.779624967	0.402824978651	-0.889905220605	7.46297951832	0.0538906258063	0.0452784611799	661
53	0.5	0.25	0.0	6.56161151257	0.384903506079	-1.43759042238	7.26469922297	0.0741199284801	-0.690183048887	662
53	0.5	0.5	0.0	6.05866795636	0.311986527665	-1.77356105039	6.80557283435	0.0640259683416	-1.32107488128	663
53	0.5	0.75	0.0	5.41834534731	0.204933854228	-1.97296174214	6.21007793692	0.0309606250355	-1.83976698866	664
53	0.5	1.0	0.0	4.78819473437	0.0846052965857	-2.11093713512	5.60269211516	-0.0177242217937	-2.23862932369	665
53	0.75	0.0	0.0	6.76214998062	0.383695451923	-0.887630075166	7.46168266156	0.0264446585508	0.0504420432441	666
53	0.75	0.25	0.0	6.54597979183	0.214802876059	-1.44674384465	7.26471756217	-0.127023572807	-0.711389091778	667
53	0.75	0.5	0.0	6.0481995823	-0.00551223266612	-1.79802892633	6.8099331045	-0.328535104506	-1.36333061098	668
53	0.75	0.75	0.0	5.41210165057	-0.245337814867	-2.02810030836	6.21869231255	-0.539476524262	-1.90546710733	669
53	0.75	1.0	0.0	4.78097829517	-0.472761811157	-2.22357297887	5.6123582103	-0.721234419791	-2.33788317378	670
53	1.0	0.0	0.0	6.754206805	0.3625016	-0.879688	7.46109318122	0.00147060638871	0.0596970441491	671
53	1.0	0.25	0.0	6.54243208964	0.0402851287075	-1.41127244134	7.26689761788	-0.331831370913	-0.668934748618	672
53	1.0	0.5	0.0	6.05421649679	-0.300900518401	-1.76335842753	6.81879570593	-0.693765617019	-1.30158710218	673
53	1.0	0.75	0.0	5.42509686129	-0.640946436309	-2.0130745692	6.23338861755	-1.04322091824	-1.83315606003	674
53	1.0	1.0	0.0	4.790610018	-0.95974372	-2.237549477	5.62727752486	-1.33908606089	-2.25853766569	675
54	0.0	0.0	0.0	6.754206805	0.3625016	-0.879688	7.46109318122	0.00147060638871	0.0596970441491	676
54	0.0	0.25	0.0	6.54243208964	0.0402851287075	-1.41127244134	7.26689761788	-0.331831370913	-0.668934748618	677
54	0.0	0.5	0.0	6.05421649679	-0.300900518401	-1.76335842753	6.81879570593	-0.693765617019	-1.30158710218	678
54	0.0	0.75	0.0	5.42509686129	-0.640946436309	-2.0130745692	6.23338861755	-1.04322091824	-1.83315606003	679
54	0.0	1.0	0.0	4.790610018	-0.95974372	-2.237549477	5.62727752486	-1.33908606089	-2.25853766569	680
54	0.25	0.0	0.0	6.7588953225	0.341223720947	-0.865870124398	7.46334206419	-0.0189066762025	0.0765826809334	681
54	0.25	0.25	0.0	6.55910176997	-0.145068518995	-1.31999056815	7.27747827868	-0.553994142284	-0.542760835912	682
54	0.25	0.5	0.0	6.09815933811	-0.609224786425	-1.63148339393	6.84800157533	-1.06873261844	-1.07806598578	683
54	0.25	0.75	0.0	5.49616523677	-1.04664605273	-1.85983462452	6.27952380512	-1.54043260392	-1.52480811719	684
54	0.25	1.0	0.0	4.87321667579	-1.45273328931	-2.06453028268	5.67665681902	-1.94640459799	-1.87846257862	685
54	0.5	0.0	0.0	6.769210061	0.32532599994	-0.84738953729	7.46828960671	-0.0328230849918	0.101812342644	686
54	0.5	0.25	0.0	6.58970977487	-0.312407979573	-1.18020842684	7.29542928209	-0.761240942569	-0.347724544249	687
54	0.5	0.5	0.0	6.17649881695	-0.908152323059	-1.40339905343	6.89543940969	-1.42902027789	-0.710511125712	688
54	0.5	0.75	0.0	5.62619941037	-1.45529439138	-1.564650643	6.35489401414	-2.02442099347	-1.00088070024	689
54	0.5	1.0	0.0	5.03543377827	-1.94722154538	-1.71165242148	5.76036712004	-2.53570299185	-1.23316656634	690
54	0.75	0.0	0.0	6.7795247995	0.315373203964	-0.825136183537	7.47323714923	-0.0407945687513	0.130814770999	691
54	0.75	0.25	0.0	6.62036875235	-0.433510758001	-1.00225796239	7.31219487389	-0.908712571652	-0.10883767692	692
54	0.75	0.5	0.0	6.25503119143	-1.13353956004	-1.11235961642	6.93907005599	-1.69466232406	-0.272456535916	693
54	0.75	0.75	0.0	5.75685911564	-1.77057572101	-1.18892173194	6.42401683582	-2.38805989193	-0.38847784766	694
54	0.75	1.0	0.0	5.19919952387	-2.33048175976	-1.26542489529	5.8371893537	-2.97832134123	-0.48533765382	695
54	1.0	0.0	0.0	6.784213317	0.3119301	-0.800000008	7.4754860322	-0.0433370762531	0.159018707719	696
54	1.0	0.25	0.0	6.6371913504	-0.480154359253	-0.796471119821	7.31921929985	-0.951549829417	0.148887962786	697
54	1.0	0.5	0.0	6.29955271967	-1.22124292911	-0.791619293285	6.95685436117	-1.78569248563	0.162563769648	698
54	1.0	0.75	0.0	5.82980408611	-1.89617431041	-0.794046998606	6.45140986139	-2.52422310432	0.185296402108	699
54	1.0	1.0	0.0	5.286452111	-2.489787204	-0.812356706	5.86590444575	-3.1455997449	0.202336133973	700
57	0.0	0.0	0.0	6.784213317	0.3119301	-0.800000008	7.4754860322	-0.0433370762531	0.159018707719	701
57	0.0	0.25	0.0	6.6371913504	-0.480154359253	-0.796471119821	7.31921929985	-0.951549829417	0.148887962786	702
57	0.0	0.5	0.0	6.29955271967	-1.22124292911	-0.791619293285	6.95685436117	-1.78569248563	0.162563769648	703
57	0.0	0.75	0.0	5.82980408611	-1.89617431041	-0.794046998606	6.45140986139	-2.52422310432	0.185296402108	704
57	0.0	1.0	0.0	5.286452111	-2.489787204	-0.812356706	5.86590444575	-3.1455997449	0.202336133973	705
57	0.25	0.0	0.0	6.790282297	0.31521467194	-0.774412815906	7.47527005745	-0.04139933253	0.191848734296	706
57	0.25	0.25	0.0	6.64322689052	-0.447648836398	-0.566027734044	7.31624399591	-0.900744540588	0.429642400976	707
57	0.25	0.5	0.0	6.30334249363	-1.16177956134	-0.41024555578	6.94583649033	-1.70025027254	0.640967052209	708
57	0.25	0.75	0.0	5.82604208627	-1.81041624802	-0.310965310413	6.42754380542	-2.41205112152	0.813185086752	709
57	0.25	1.0	0.0	5.26673864837	-2.37679764155	-0.272086027245	5.82486220585	-3.00828168067	0.933658903368	710
57	0.5	0.0	0.0	6.803634053	0.324903252551	-0.75234218839	7.47479491299	-0.0346737739949	0.229853597674	711
57	0.5	0.25	0.0	6.64888993275	-0.353954866314	-0.347971450481	7.30967903243	-0.793938013475	0.701211355022	712
57	0.5	0.5	0.0	6.28855709464	-0.99720757756	-0.0160522597454	6.92214807765	-1.49855742208	1.13029850866	713
57	0.5	0.75	0.0	5.78288553315	-1.57587794965	0.214270437903	6.37832778959	-2.12829977132	1.47365194991	714
57	0.5	1.0	0.0	5.19212524279	-2.06098905103	0.31385169655	5.74434390919	-2.6629328327	1.68780857008	715
57	0.75	0.0	0.0	6.816985809	0.340748131887	-0.734178468679	7.47431976854	-0.0217919167352	0.263951553247	716
57	0.75	0.25	0.0	6.65335346578	-0.20431772922	-0.164630420244	7.30072821787	-0.623622890049	0.932195741067	717
57	0.75	0.5	0.0	6.27041286577	-0.739289411284	0.32580966619	6.89146060001	-1.19098190609	1.55093576866	718
57	0.75	0.75	0.0	5.73576362727	-1.22193988004	0.679201944189	6.31944244002	-1.70945095547	2.0459513944	719
57	0.75	1.0	0.0	5.11700536857	-1.61004210124	0.837606567319	5.65759926295	-2.16461202881	2.34302237665	720
57	1.0	0.0	0.0	6.823054789	0.3625016	-0.720312	7.47410379379	-0.00138527683827	0.285060856409	721
57	1.0	0.25	0.0	6.65579047832	-0.00398270533133	-0.0383327944444	7.2905953607	-0.382291812282	1.09119647526	722
57	1.0	0.5	0.0	6.26412615013	-0.399787496037	0.550189293399	6.8594455343	-0.787891696365	1.82325646186	723
57	1.0	0.75	0.0	5.72010556913	-0.777982503975	0.981370906293	6.26656838277	-1.19198657568	2.40933782304	724
57	1.0	1.0	0.0	5.0957725	-1.091637461	1.191328687	5.59787797431	-1.56837809682	2.77753756564	725
58	0.0	0.0	0.0	6.823054789	0.3625016	-0.720312	7.47410379379	-0.00138527683827	0.285060856409	726
58	0.0	0.25	0.0	6.65579047832	-0.00398270533133	-0.0383327944444	7.2905953607	-0.382291812282	1.09119647526	727
58	0.0	0.5	0.0	6.26412615013	-0.399787496037	0.550189293399	6.8594455343	-0.787891696365	1.82325646186	728
58	0.0	0.75	0.0	5.72010556913	-0.777982503975	0.981370906293	6.26656838277	-1.19198657568	2.40933782304	729
58	0.0	1.0	0.0	5.0957725	-1.091637461	1.191328687	5.59787797431	-1.56837809682	2.77753756564	730
58	0.25	0.0	0.0	6.82701370181	0.382547747615	-0.713471955059	7.47347858193	0.0278787550986	0.289826698663	731
58	0.25	0.25	0.0	6.65840861777	0.182677347704	0.000190846798783	7.28299227742	-0.159629432036	1.13734937029	732
58	0.25	0.5	0.0	6.2641959412	-0.071599491425	0.609783383587	6.83674552178	-0.405631923323	1.89466649575	733
58	0.25	0.75	0.0	5.72111212398	-0.340763133894	1.06069796187	6.23188914035	-0.683731500442	2.50370359323	734
58	0.25	1.0	0.0	5.10589361798	-0.585293943825	1.29832688823	5.56557395846	-0.96753094507	2.9063861809	735
58	0.5	0.0	0.0	6.83572331	0.402777493082	-0.711617664489	7.47210311584	0.0683878460738	0.28711774332	736
58	0.5	0.25	0.0	6.66325305594	0.369083936505	-0.0210002958097	7.27756905093	0.0502564855024	1.10755238	737
58	0.5	0.5	0.0	6.26021600435	0.267566642695	0.568162944822	6.8206997847	-0.0215243398182	1.844782642	738
58	0.5	0.75	0.0	5.71213124781	0.128342293287	1.00886205123	6.20555323656	-0.139286017561	2.44219202891	739
58	0.5	1.0	0.0	5.10451787893	-0.0184724300826	1.25408701724	5.53618732596	-0.295359935401	2.84316404028	740
58	0.75	0.0	0.0	6.84443291819	0.422850892008	-0.714738466675	7.47072764975	0.108740590508	0.279433695222	741
58	0.75	0.25	0.0	6.66872479551	0.547666131502	-0.0848097212193	7.27391108509	0.248056490715	1.02565248473	742
58	0.75	0.5	0.0	6.25796443699	0.596512827231	0.455823684285	6.81042722805	0.343182202166	1.70693032613	743
58	0.75	0.75	0.0	5.70562119119	0.587386279271	0.866740098325	6.1896481683	0.383832608713	2.2646721976	744
58	0.75	1.0	0.0	5.10516440667	0.538281787701	1.10751786939	5.52094599554	0.359722594205	2.64028307729	745
58	1.0	0.0	0.0	6.848391831	0.442428	-0.7228237	7.47010243789	0.137535582822	0.26927425921	746
58	1.0	0.25	0.0	6.67322483915	0.710853003124	-0.174140928379	7.27160378377	0.434461133982	0.915496664836	747
58	1.0	0.5	0.0	6.26321933653	0.894040983089	0.303261309158	6.80504675684	0.667238850647	1.51443497368	748
58	1.0	0.75	0.0	5.71404020464	0.99442132576	0.675209027117	6.18626143245	0.828107114135	2.01101316684	749
58	1.0	1.0	0.0	5.121352325	1.014423417	0.90752824	5.53107788591	0.909304305764	2.35015522542	750
61	0.0	0.0	0.0	6.848391831	0.442428	-0.7228237	7.47010243789	0.137535582822	0.26927425921	751
61	0.0	0.25	0.0	6.67322483915	0.710853003124	-0.174140928379	7.27160378377	0.434461133982	0.915496664836	752
61	0.0	0.5	0.0	6.26321933653	0.894040983089	0.303261309158	6.80504675684	0.667238850647	1.51443497368	753
61	0.0	0.75	0.0	5.71404020464	0.99442132576	0.675209027117	6.18626143245	0.828107114135	2.01101316684	754
61	0.0	1.0	0.0	5.121352325	1.014423417	0.90752824	5.53107788591	0.909304305764	2.35015522542	755
61	0.25	0.0	0.0	6.84756600459	0.452903740174	-0.729590292215	7.46971912736	0.143265397329	0.257984532934	756
61	0.25	0.25	0.0	6.67551301824	0.791804433327	-0.229947162589	7.27184053229	0.529737893001	0.845846720207	757
61	0.25	0.5	0.0	6.27205374741	1.03462549893	0.212268052316	6.80737352416	0.817859914807	1.39266551755	758
61	0.25	0.75	0.0	5.72954788446	1.17745992377	0.562442586626	6.19338142865	1.01561824382	1.84829701078	759
61	0.25	1.0	0.0	5.14035512175	1.21640069462	0.785963674467	5.54692757142	1.13099966113	2.16259728573	760
61	0.5	0.0	0.0	6.8457491865	0.462274915306	-0.737725084694	7.4688758442	0.142195535992	0.239898845521	761
61	0.5	0.25	0.0	6.67870717757	0.870226005643	-0.294281789977	7.27319487739	0.619844426967	0.762203148988	762
61	0.5	0.5	0.0	6.28568486501	1.17851888019	0.103694799406	6.81398344702	0.966962757614	1.2408810913	763
61	0.5	0.75	0.0	5.75260051713	1.37004664972	0.421478376407	6.20675145519	1.20498487808	1.63687332584	764
61	0.5	1.0	0.0	5.16537240226	1.42770242501	0.624342633983	5.56700880398	1.35534513851	1.91112050599	765
61	0.75	0.0	0.0	6.84393236841	0.470409707785	-0.747096259826	7.46803256105	0.139889292002	0.220576775455	766
61	0.75	0.25	0.0	6.68214601574	0.939299603767	-0.365071182953	7.27439360801	0.700548701003	0.669820816016	767
61	0.75	0.5	0.0	6.29968568454	1.30756290532	-0.0141156073399	6.82009844542	1.0990554321	1.07589008629	768
61	0.75	0.75	0.0	5.77506916627	1.54278892413	0.267990519301	6.21924931933	1.37092123203	1.40812996506	769
61	0.75	1.0	0.0	5.18681425239	1.6125669719	0.443467249258	5.58594847578	1.5516578475	1.63588583111	770
61	1.0	0.0	0.0	6.843106542	0.4771763	-0.757572	7.46764925052	0.14190995855	0.20557790122	771
61	1.0	0.25	0.0	6.68516823137	0.992207111391	-0.440241713928	7.2741635131	0.767618680233	0.573954586126	772
61	1.0	0.5	0.0	6.30962920125	1.40359935275	-0.132820325686	6.82094043937	1.1986459913	0.914500893887	773
61	1.0	0.75	0.0	5.7888248955	1.66629416749	0.117653138149	6.22375282834	1.48814152079	1.19345478151	774
61	1.0	1.0	0.0	5.195090758	1.735232699	0.264139651	5.59837347902	1.68925489773	1.377054206	775
62	0.0	0.0	0.0	6.843106542	0.4771763	-0.757572	7.46764925052	0.14190995855	0.20557790122	776
62	0.0	0.25	0.0	6.68516823137	0.992207111391	-0.440241713928	7.2741635131	0.767618680233	0.573954586126	777
62	0.0	0.5	0.0	6.30962920125	1.40359935275	-0.132820325686	6.82094043937	1.1986459913	0.914500893887	778
62	0.0	0.75	0.0	5.7888248955	1.66629416749	0.117653138149	6.22375282834	1.48814152079	1.19345478151	779
62	0.0	1.0	0.0	5.195090758	1.735232699	0.264139651	5.59837347902	1.68925489773	1.377054206	780
62	0.25	0.0	0.0	6.83911152044	0.48244278471	-0.768218680115	7.46663582449	0.143044786482	0.193077970258	781
62	0.25	0.25	0.0	6.68207173012	1.02194331838	-0.51997179309	7.27064225929	0.812759653096	0.474663730015	782
62	0.25	0.5	0.0	6.3066551156	1.45035543789	-0.262996859414	6.81278530448	1.25622451321	0.746634228226	783
62	0.25	0.75	0.0	5.7827013854	1.72043003461	-0.050200050059	6.21453614515	1.54827401596	0.969825712553	784
62	0.25	1.0	0.0	5.18005024801	1.7849179999	0.0655124640045	5.59736596636	1.7637428105	1.10507443066	785
62	0.5	0.0	0.0	6.830322473	0.485791419168	-0.777972510835	7.46440628722	0.137303776027	0.179246987674	786
62	0.5	0.25	0.0	6.67154856342	1.03125144126	-0.602549442988	7.26450702803	0.832095639162	0.372726584077	787
62	0.5	0.5	0.0	6.29080499909	1.45890331405	-0.414343229686	6.79897289322	1.28120892941	0.557398765857	788
62	0.5	0.75	0.0	5.75930687971	1.72722514599	-0.258344717948	6.19689720007	1.57593373318	0.701713613811	789
62	0.5	1.0	0.0	5.14826930497	1.79469504552	-0.179544754793	5.58737326584	1.8075601369	0.774121208739	790
62	0.75	0.0	0.0	6.82153342556	0.487555894042	-0.788133083388	7.46217674996	0.129978605988	0.165009263257	791
62	0.75	0.25	0.0	6.65915828933	1.02882995191	-0.687925196509	7.25858449073	0.833333428384	0.269448614462	792
62	0.75	0.5	0.0	6.26998586646	1.44647355716	-0.572608791987	6.78594145652	1.28642869606	0.364253454711	793
62	0.75	0.75	0.0	5.73007913667	1.70809362337	-0.475777863867	6.18058176359	1.58603491887	0.428063666974	794
62	0.75	1.0	0.0	5.1155010797	1.78129706414	-0.431026406194	5.57883952818	1.82892260663	0.439519134217	795
62	1.0	0.0	0.0	6.817538404	0.4880699	-0.799999989	7.46116332393	0.126360955168	0.151289106798	796
62	1.0	0.25	0.0	6.65046046593	1.02337732224	-0.77604958654	7.2557013188	0.824179810714	0.166135287317	797
62	1.0	0.5	0.0	6.25210473247	1.43029674317	-0.723542901805	6.78012924533	1.28471326933	0.184657242722	798
62	1.0	0.75	0.0	5.70645591452	1.68444958852	-0.671496486167	6.17533560621	1.59349181942	0.187821053732	799
62	1.0	1.0	0.0	5.097498723	1.761457284	-0.648926891	5.5822089041	1.83604594941	0.156592801063	800
