Elem	xi[0]	xi[1]	xi[2]	Y[0]	Y[1]	Y[2]	y[0]	y[1]	y[2]	Index
1	0.0	0.0	0.0	0.286175336	2.189973286	-0.291273722	0.325394895974	1.70707368713	0.32990829831	1
1	0.0	0.25	0.0	-0.20806914714	2.06272602387	-0.289080467095	-0.170228944876	1.60717677449	0.314959806652	2
1	0.0	0.5	0.0	-0.695301118249	1.97602389512	-0.29632619097	-0.675874282197	1.5227386772	0.289898159761	3
1	0.0	0.75	0.0	-1.18241619623	1.88830775081	-0.29699114836	-1.18131125443	1.44267720233	0.265215204882	4
1	0.0	1.0	0.0	-1.67631	1.758018442	-0.275055594	-1.67631	1.35591015695	0.251402789261	5
1	0.25	0.0	0.0	0.321687515997	2.06262178045	-0.514775502281	0.355766836174	1.69057150479	-0.0700148448482	6
1	0.25	0.25	0.0	-0.182277427138	1.91229534526	-0.525597356885	-0.146724079135	1.57444449928	-0.09749346316	7
1	0.25	0.5	0.0	-0.681311017678	1.81012566903	-0.547696835847	-0.664950655881	1.48307813375	-0.131921602613	8
1	0.25	0.75	0.0	-1.18065615897	1.71742627201	-0.555307781995	-1.18314913423	1.39615107968	-0.155608668014	9
1	0.25	1.0	0.0	-1.68555575435	1.59551067447	-0.522664038158	-1.68555575435	1.29334200852	-0.15086406417	10
1	0.5	0.0	0.0	0.381824743113	1.8542079148	-0.761240423262	0.411284284978	1.64310911608	-0.553565216708	11
1	0.5	0.25	0.0	-0.151058843958	1.68246792622	-0.781509897119	-0.110856730776	1.50585235019	-0.595674556843	12
1	0.5	0.5	0.0	-0.670355760303	1.573989145	-0.813470892897	-0.64393994363	1.40031876491	-0.626004756693	13
1	0.5	0.75	0.0	-1.1857569057	1.48669209407	-0.830270988567	-1.17897040841	1.3069098956	-0.635371288516	14
1	0.5	1.0	0.0	-1.70695317992	1.37849729632	-0.805057762099	-1.70695317992	1.20602727764	-0.614589624569	15
1	0.75	0.0	0.0	0.433447910673	1.5909861995	-0.974858447862	0.462412215004	1.54907311485	-1.03163211963	16
1	0.75	0.25	0.0	-0.126461022992	1.41071100347	-1.00075545901	-0.0772145273434	1.39242268011	-1.08089909874	17
1	0.75	0.5	0.0	-0.663961843134	1.29802156124	-1.03575264386	-0.623386510087	1.27076238347	-1.10114137866	18
1	0.75	0.75	0.0	-1.19147326792	1.2097501229	-1.05397666593	-1.17261568792	1.16578630766	-1.09740417501	19
1	0.75	1.0	0.0	-1.72141401553	1.10272893852	-1.02955418874	-1.72141401553	1.05918853538	-1.07473270337	20
1	1.0	0.0	0.0	0.443417912	1.299211145	-1.099819539	0.479615598873	1.39285009497	-1.41510485596	21
1	1.0	0.25	0.0	-0.120531589629	1.13449181374	-1.12727141378	-0.0603850963851	1.22517784191	-1.45448271318	22
1	1.0	0.5	0.0	-0.66365576318	1.01263015594	-1.15664637047	-0.613834719899	1.09071080226	-1.46612154471	23
1	1.0	0.75	0.0	-1.19156007714	0.900245264417	-1.15852071193	-1.16792558374	0.963612973431	-1.46503884587	24
1	1.0	1.0	0.0	-1.70985	0.763956232	-1.103470741	-1.70985	0.818048352845	-1.46625211201	25
2	0.0	0.0	0.0	0.443417912	1.299211145	-1.099819539	0.479615598873	1.39285009497	-1.41510485596	26
2	0.0	0.25	0.0	-0.120531589629	1.13449181374	-1.12727141378	-0.0603850963851	1.22517784191	-1.45448271318	27
2	0.0	0.5	0.0	-0.66365576318	1.01263015594	-1.15664637047	-0.613834719899	1.09071080226	-1.46612154471	28
2	0.0	0.75	0.0	-1.19156007714	0.900245264417	-1.15852071193	-1.16792558374	0.963612973431	-1.46503884587	29
2	0.0	1.0	0.0	-1.70985	0.763956232	-1.103470741	-1.70985	0.818048352845	-1.46625211201	30
2	0.25	0.0	0.0	0.41137200817	0.973945737329	-1.16264329407	0.450554019811	1.18035369173	-1.7247034982	31
2	0.25	0.25	0.0	-0.125937196177	0.845944989711	-1.18671935097	-0.0673253220089	1.01576073214	-1.74315815466	32
2	0.25	0.5	0.0	-0.652741158674	0.732253445556	-1.2023431927	-0.606164937602	0.885055643218	-1.73525304803	33
2	0.25	0.75	0.0	-1.16662104783	0.617552874755	-1.18355331371	-1.14557308748	0.755232208174	-1.72355419338	34
2	0.25	1.0	0.0	-1.66515803216	0.486525047197	-1.10438820846	-1.66515803216	0.593284210219	-1.73062760575	35
2	0.5	0.0	0.0	0.373501615575	0.643585088578	-1.23060538965	0.401264700253	0.949589702959	-1.99820317395	36
2	0.5	0.25	0.0	-0.126890675743	0.53700762532	-1.24745569854	-0.0879041265806	0.788279944033	-2.01287671631	37
2	0.5	0.5	0.0	-0.624934363929	0.424776302726	-1.25128185486	-0.592433243679	0.654487160649	-2.00311308751	38
2	0.5	0.75	0.0	-1.11657788346	0.320268417701	-1.22537770009	-1.09987198108	0.527433331022	-1.98598913543	39
2	0.5	1.0	0.0	-1.59776966881	0.236861267146	-1.15303707574	-1.59776966881	0.386340433365	-1.97858170794	40
2	0.75	0.0	0.0	0.346784391443	0.320389940538	-1.32238131015	0.357711894368	0.691644061428	-2.2380419112	41
2	0.75	0.25	0.0	-0.12221102694	0.227231922441	-1.32409496848	-0.106841812049	0.534841578417	-2.25092753845	42
2	0.75	0.5	0.0	-0.594449349605	0.12129643546	-1.31948790154	-0.577671462983	0.400993002867	-2.24526983644	43
2	0.75	0.75	0.0	-1.06609664237	0.0335927702011	-1.29589984278	-1.0535671516	0.283841960728	-2.22628115418	44
2	0.75	1.0	0.0	-1.53331897105	-0.0048697827282	-1.24067052565	-1.53331897105	0.177132077954	-2.19917384066	45
2	1.0	0.0	0.0	0.348197993	0.016621035	-1.45664654	0.345859856323	0.397602699902	-2.44665773793	46
2	1.0	0.25	0.0	-0.110717248383	-0.0638299170542	-1.43125167276	-0.108858680365	0.247551736116	-2.44459976137	47
2	1.0	0.5	0.0	-0.575500086364	-0.147088448233	-1.42298687733	-0.566911420365	0.126560818182	-2.43729146813	48
2	1.0	0.75	0.0	-1.03984338291	-0.217273190796	-1.40702571348	-1.0294034861	0.0280837160476	-2.41836773181	49
2	1.0	1.0	0.0	-1.49744	-0.258502777	-1.358541741	-1.49744	-0.0544258003434	-2.381463426	50
5	0.0	0.0	0.0	0.348197993	0.016621035	-1.45664654	0.345859856323	0.397602699902	-2.44665773793	51
5	0.0	0.25	0.0	-0.110717248383	-0.0638299170542	-1.43125167276	-0.108858680365	0.247551736116	-2.44459976137	52
5	0.0	0.5	0.0	-0.575500086364	-0.147088448233	-1.42298687733	-0.566911420365	0.126560818182	-2.43729146813	53
5	0.0	0.75	0.0	-1.03984338291	-0.217273190796	-1.40702571348	-1.0294034861	0.0280837160476	-2.41836773181	54
5	0.0	1.0	0.0	-1.49744	-0.258502777	-1.358541741	-1.49744	-0.0544258003434	-2.381463426	55
5	0.25	0.0	0.0	0.388092152391	-0.746448243984	-1.90227886682	0.398258125827	-0.494462197678	-2.94859202373	56
5	0.25	0.25	0.0	-0.0810618905892	-0.809453629213	-1.79008002579	-0.0806613060821	-0.630213226076	-2.87973688093	57
5	0.25	0.5	0.0	-0.560144630723	-0.847324351812	-1.73749005638	-0.563055278048	-0.717390835144	-2.82766387001	58
5	0.25	0.75	0.0	-1.03841286188	-0.895956863563	-1.68649175159	-1.04063792402	-0.77996091393	-2.77327562146	59
5	0.25	1.0	0.0	-1.50512337794	-0.991247616247	-1.57906790444	-1.50512337794	-0.841889351482	-2.69747476579	60
5	0.5	0.0	0.0	0.406253730739	-1.54020184535	-2.35456593025	0.479261040559	-1.50467619672	-3.38389449914	61
5	0.5	0.25	0.0	-0.0686330647931	-1.60874329184	-2.16259900796	-0.050557832217	-1.62917419825	-3.25260766893	62
5	0.5	0.5	0.0	-0.556456112714	-1.64585307164	-2.00429469856	-0.574849640756	-1.6996230503	-3.12056470866	63
5	0.5	0.75	0.0	-1.05697492465	-1.68104881603	-1.83614840673	-1.08438862183	-1.74266752481	-2.97722110571	64
5	0.5	1.0	0.0	-1.56994901221	-1.74384815629	-1.61465553717	-1.56994901221	-1.78495239371	-2.81203234745	65
5	0.75	0.0	0.0	0.410481860468	-2.31740145079	-2.71141725531	0.570403048558	-2.52003154795	-3.61459696027	66
5	0.75	0.25	0.0	-0.072615418318	-2.39922470741	-2.46600926679	-0.0131480237318	-2.63647826357	-3.44067060128	67
5	0.75	0.5	0.0	-0.564190428698	-2.44534150219	-2.19490410222	-0.583919967384	-2.69586820181	-3.2323019601	68
5	0.75	0.75	0.0	-1.08374791971	-2.46443298074	-1.89443485169	-1.1328293253	-2.7219764216	-2.99731185716	69
5	0.75	1.0	0.0	-1.65079264038	-2.46518028869	-1.56093460531	-1.65079264038	-2.73857798189	-2.74352111287	70
5	1.0	0.0	0.0	0.408575674	-3.030808742	-2.870742367	0.653218597865	-3.4275205021	-3.50273120321	71
5	1.0	0.25	0.0	-0.0921935984878	-3.11842367844	-2.61751144978	0.0369683544113	-3.53927250517	-3.32138415386	72
5	1.0	0.5	0.0	-0.583103475035	-3.14845653795	-2.28082156571	-0.571891716828	-3.58185866416	-3.07918360034	73
5	1.0	0.75	0.0	-1.10695019556	-3.13799329024	-1.89979025929	-1.15813378019	-3.57982790931	-2.80065554843	74
5	1.0	1.0	0.0	-1.70653	-3.104119905	-1.513535075	-1.70653	-3.55772917086	-2.51032600393	75
6	0.0	0.0	0.0	0.408575674	-3.030808742	-2.870742367	0.653218597865	-3.4275205021	-3.50273120321	76
6	0.0	0.25	0.0	-0.0921935984878	-3.11842367844	-2.61751144978	0.0369683544113	-3.53927250517	-3.32138415386	77
6	0.0	0.5	0.0	-0.583103475035	-3.14845653795	-2.28082156571	-0.571891716828	-3.58185866416	-3.07918360034	78
6	0.0	0.75	0.0	-1.10695019556	-3.13799329024	-1.89979025929	-1.15813378019	-3.57982790931	-2.80065554843	79
6	0.0	1.0	0.0	-1.70653	-3.104119905	-1.513535075	-1.70653	-3.55772917086	-2.51032600393	80
6	0.25	0.0	0.0	0.46452020752	-3.72962446608	-2.6503108878	0.720074370903	-4.23513702433	-2.90112228013	81
6	0.25	0.25	0.0	-0.0620517746233	-3.80884798046	-2.43400780286	0.0921137865957	-4.32639656456	-2.75749252086	82
6	0.25	0.5	0.0	-0.570202726263	-3.79098685993	-2.11975875934	-0.53725728342	-4.31863467995	-2.55534842071	83
6	0.25	0.75	0.0	-1.10697942159	-3.72647448392	-1.76248943795	-1.1478382777	-4.25785395545	-2.31873050333	84
6	0.25	1.0	0.0	-1.71942863481	-3.66574423184	-1.41712551938	-1.71942863481	-4.19005697598	-2.07167929239	85
6	0.5	0.0	0.0	0.584999997117	-4.41615150246	-2.07116924611	0.778073936272	-4.9805349358	-1.90741697759	86
6	0.5	0.25	0.0	0.0333026651248	-4.49675508031	-1.91070727462	0.142177888485	-5.05348360188	-1.82017098351	87
6	0.5	0.5	0.0	-0.515189206844	-4.46706863816	-1.67742441938	-0.496715453283	-5.02018750835	-1.68846375717	88
6	0.5	0.75	0.0	-1.08895321178	-4.38015966341	-1.41641479899	-1.12184932001	-4.93250163681	-1.53195045316	89
6	0.5	1.0	0.0	-1.71646694269	-4.28909564344	-1.17277253205	-1.71646694269	-4.84228096884	-1.37028622613	90
6	0.75	0.0	0.0	0.692125063405	-4.89941950336	-1.33321765211	0.822865935317	-5.50526361522	-0.787159700694	91
6	0.75	0.25	0.0	0.122529599589	-4.98195570995	-1.22988123328	0.183157076205	-5.56181531028	-0.758325466822	92
6	0.75	0.5	0.0	-0.464094243634	-4.9679517657	-1.09287354356	-0.459420948357	-5.52639550455	-0.706437054745	93
6	0.75	0.75	0.0	-1.07223889399	-4.89116148095	-0.94721164395	-1.09317120972	-5.44100725813	-0.643166295485	94
6	0.75	1.0	0.0	-1.70639677922	-4.78533866607	-0.817912595455	-1.70639677922	-5.34765363109	-0.580185020065	95
6	1.0	0.0	0.0	0.708005427	-4.988458121	-0.636356316	0.850099009383	-5.65087244131	0.194105145437	96
6	1.0	0.25	0.0	0.1342889076	-5.06426060135	-0.573801047075	0.211047765879	-5.69267338289	0.179138104215	97
6	1.0	0.5	0.0	-0.462949163488	-5.0848861356	-0.505161129637	-0.434528490581	-5.67713702373	0.162824241527	98
6	1.0	0.75	0.0	-1.07620379608	-5.0515925888	-0.44052527438	-1.0748082494	-5.62060712413	0.144771072154	99
6	1.0	1.0	0.0	-1.69797	-4.965637826	-0.389982192	-1.69797	-5.53942744438	0.124586110877	100
9	0.0	0.0	0.0	0.708005427	-4.988458121	-0.636356316	0.850099009383	-5.65087244131	0.194105145437	101
9	0.0	0.25	0.0	0.1342889076	-5.06426060135	-0.573801047075	0.211047765879	-5.69267338289	0.179138104215	102
9	0.0	0.5	0.0	-0.462949163488	-5.0848861356	-0.505161129637	-0.434528490581	-5.67713702373	0.162824241527	103
9	0.0	0.75	0.0	-1.07620379608	-5.0515925888	-0.44052527438	-1.0748082494	-5.62060712413	0.144771072154	104
9	0.0	1.0	0.0	-1.69797	-4.965637826	-0.389982192	-1.69797	-5.53942744438	0.124586110877	105
9	0.25	0.0	0.0	0.622103407545	-4.59787181887	-0.0909415178472	0.824628795067	-5.33797109806	1.04377791931	106
9	0.25	0.25	0.0	0.0608316741567	-4.66057944357	-0.0307954545735	0.199650105015	-5.37136740035	1.04117319242	107
9	0.25	0.5	0.0	-0.519960950103	-4.70343192656	0.0480817885036	-0.43926499808	-5.38025263777	1.04641981945	108
9	0.25	0.75	0.0	-1.10814024581	-4.70867650639	0.116364297156	-1.07528340175	-5.35945920299	1.04180080806	109
9	0.25	1.0	0.0	-1.69157199353	-4.65856042164	0.144726157154	-1.69157199353	-5.30381948866	1.0095991659	110
9	0.5	0.0	0.0	0.507142886663	-3.89129679039	0.330947587705	0.7445684665	-4.70357508271	1.86442037079	111
9	0.5	0.25	0.0	-0.0293126304682	-3.94808834124	0.386339830947	0.14637739572	-4.73819668629	1.88218461413	112
9	0.5	0.5	0.0	-0.585346440482	-3.9935622135	0.460879293916	-0.473224972921	-4.76209932315	1.90434684845	113
9	0.5	0.75	0.0	-1.14367958124	-4.00962017941	0.521715283791	-1.09183101112	-4.76634842724	1.9194124711	114
9	0.5	1.0	0.0	-1.68703309059	-3.97816401118	0.535997107748	-1.68703309059	-4.74200943249	1.91588687942	115
9	0.75	0.0	0.0	0.405828929949	-3.03806222421	0.683859490155	0.656764652999	-3.90637748216	2.59673879083	116
9	0.75	0.25	0.0	-0.101932297564	-3.09145735938	0.736067152634	0.0852012443253	-3.94580136696	2.63374901914	117
9	0.75	0.5	0.0	-0.633964231988	-3.12856234078	0.793023568356	-0.514799729153	-3.97544621155	2.66428060365	118
9	0.75	0.75	0.0	-1.16930310352	-3.14041049501	0.832010649806	-1.1149559604	-3.99057470647	2.69034782771	119
9	0.75	1.0	0.0	-1.68698514236	-3.11803514862	0.830310309469	-1.68698514236	-3.98644954226	2.71396497464	120
9	1.0	0.0	0.0	0.360866603	-2.207497309	1.022342679	0.608063983882	-3.10507138329	3.18143947038	121
9	1.0	0.25	0.0	-0.122815618421	-2.25535656302	1.07684885364	0.0500932571599	-3.14682156864	3.22744305725	122
9	1.0	0.5	0.0	-0.640672921983	-2.28171765273	1.10430679358	-0.542380580828	-3.17306243464	3.25389636017	123
9	1.0	0.75	0.0	-1.1714921138	-2.28703434033	1.10373335948	-1.13516313243	-3.18143795023	3.2673486443	124
9	1.0	1.0	0.0	-1.69406	-2.271760388	1.074145412	-1.69406	-3.16959208439	3.27434917479	125
10	0.0	0.0	0.0	0.360866603	-2.207497309	1.022342679	0.608063983882	-3.10507138329	3.18143947038	126
10	0.0	0.25	0.0	-0.122815618421	-2.25535656302	1.07684885364	0.0500932571599	-3.14682156864	3.22744305725	127
10	0.0	0.5	0.0	-0.640672921983	-2.28171765273	1.10430679358	-0.542380580828	-3.17306243464	3.25389636017	128
10	0.0	0.75	0.0	-1.1714921138	-2.28703434033	1.10373335948	-1.13516313243	-3.18143795023	3.2673486443	129
10	0.0	1.0	0.0	-1.69406	-2.271760388	1.074145412	-1.69406	-3.16959208439	3.27434917479	130
10	0.25	0.0	0.0	0.406175643636	-1.30951161399	1.45347115495	0.630429438903	-2.11787079547	3.62935594443	131
10	0.25	0.25	0.0	-0.082768298833	-1.37189600132	1.49642916403	0.0568633409564	-2.18154249305	3.66493354506	132
10	0.25	0.5	0.0	-0.609952013276	-1.43756262037	1.44823542203	-0.546727443542	-2.25525992113	3.64322193765	133
10	0.25	0.75	0.0	-1.15958476687	-1.4904032381	1.35053387487	-1.14831610325	-2.31258923866	3.58803348412	134
10	0.25	1.0	0.0	-1.71587582681	-1.51430962146	1.24496846847	-1.71587582681	-2.32709660462	3.52318054643	135
10	0.5	0.0	0.0	0.504052093977	-0.378336836838	1.84088615072	0.689309484523	-0.972942085123	3.82980603756	136
10	0.5	0.25	0.0	-0.0211358117319	-0.458614530202	1.85743684167	0.0785294967562	-1.05911990509	3.8573528777	137
10	0.5	0.5	0.0	-0.57368164434	-0.564088683393	1.72210362759	-0.544720529806	-1.185626051	3.78903695086	138
10	0.5	0.75	0.0	-1.15075143124	-0.66662273127	1.5134302105	-1.16066072029	-1.3101579328	3.66811238406	139
10	0.5	1.0	0.0	-1.74951119981	-0.738080108689	1.30996029245	-1.74951119981	-1.39041296041	3.53783330434	140
10	0.75	0.0	0.0	0.588809547829	0.515996517982	2.00491077188	0.726708568227	0.137257615112	3.72522568884	141
10	0.75	0.25	0.0	0.0271690797207	0.415815810884	1.99275956098	0.0826786544916	0.0338810258413	3.74593051701	142
10	0.75	0.5	0.0	-0.54539114501	0.276312996561	1.80486937968	-0.553563210508	-0.127908362447	3.65820006518	143
10	0.75	0.75	0.0	-1.1430799035	0.13364446381	1.53226277393	-1.17637282142	-0.304699976411	3.51203931941	144
10	0.75	1.0	0.0	-1.78010597291	0.0239666014297	1.26596228971	-1.78010597291	-0.453083242704	3.35745326578	145
10	1.0	0.0	0.0	0.594761599	1.303457946	1.765868124	0.684631137503	1.02027117261	3.25805083734	146
10	1.0	0.25	0.0	0.0272336123631	1.1827229825	1.73528499642	0.0368977440946	0.910895130334	3.27189592486	147
10	1.0	0.5	0.0	-0.538609845121	1.02125125787	1.57549064774	-0.590458856533	0.754145606369	3.217569946	148
10	1.0	0.75	0.0	-1.13465798029	0.859735630802	1.3468719727	-1.19962824452	0.573228686766	3.12426826546	149
10	1.0	1.0	0.0	-1.7928	0.73886896	1.109815866	-1.7928	0.391350457576	3.02118624798	150
13	0.0	0.0	0.0	0.594761599	1.303457946	1.765868124	0.684631137503	1.02027117261	3.25805083734	151
13	0.0	0.25	0.0	0.0272336123631	1.1827229825	1.73528499642	0.0368977440946	0.910895130334	3.27189592486	152
13	0.0	0.5	0.0	-0.538609845121	1.02125125787	1.57549064774	-0.590458856533	0.754145606369	3.217569946	153
13	0.0	0.75	0.0	-1.13465798029	0.859735630802	1.3468719727	-1.19962824452	0.573228686766	3.12426826546	154
13	0.0	1.0	0.0	-1.7928	0.73886896	1.109815866	-1.7928	0.391350457576	3.02118624798	155
13	0.25	0.0	0.0	0.548313875843	1.50424575939	1.55253006396	0.622825823385	1.19735131487	2.97003057257	156
13	0.25	0.25	0.0	-0.00532161842226	1.38985010119	1.5308216694	-0.00528715762468	1.09814719018	2.98836735172	157
13	0.25	0.5	0.0	-0.562956879303	1.24136249596	1.41079066391	-0.615371948155	0.961614528475	2.9622338334	158
13	0.25	0.75	0.0	-1.14873659954	1.09300549761	1.23550122745	-1.20876567673	0.804475493833	2.90942104772	159
13	0.25	1.0	0.0	-1.78680547186	0.97900166007	1.04801753998	-1.78680547186	0.643452250311	2.84772002477	160
13	0.5	0.0	0.0	0.464439524897	1.65391567251	1.27609781038	0.525669693009	1.29251531964	2.5916170307	161
13	0.5	0.25	0.0	-0.0663828792677	1.56220440088	1.27917635349	-0.0659380896506	1.21453499825	2.62327107467	162
13	0.5	0.5	0.0	-0.615231463158	1.45035065847	1.21500996297	-0.647566645393	1.11037972748	2.63257551919	163
13	0.5	0.75	0.0	-1.18363317385	1.33581344349	1.1112730515	-1.21727319479	0.994436480072	2.62716804934	164
13	0.5	1.0	0.0	-1.77311495841	1.23605175412	0.995640031746	-1.77311495841	0.881092228779	2.61468635018	165
13	0.75	0.0	0.0	0.371543492752	1.77707474762	0.986429507862	0.425406123783	1.34993564069	2.19022973035	166
13	0.75	0.25	0.0	-0.136379787324	1.70974016518	1.01840115771	-0.126946238494	1.29192989423	2.23653593327	167
13	0.75	0.5	0.0	-0.672673084071	1.6411442358	1.01394719387	-0.679331819908	1.22257686554	2.282379782	168
13	0.75	0.75	0.0	-1.21898633203	1.5685154102	0.984351467655	-1.22494232686	1.15092528398	2.32350639192	169
13	0.75	1.0	0.0	-1.75696946575	1.48908213911	0.94089783039	-1.75696946575	1.08602387894	2.3556608784	170
13	1.0	0.0	0.0	0.298030726	1.898330047	0.733383301	0.354278493115	1.41378473179	1.83328819012	171
13	1.0	0.25	0.0	-0.195741959744	1.84241167774	0.786548191076	-0.170202790665	1.36220321782	1.88809076706	172
13	1.0	0.5	0.0	-0.712521229431	1.80667171835	0.833401005529	-0.702956343361	1.32034160482	1.96543140044	173
13	1.0	0.75	0.0	-1.2344347029	1.77146733954	0.864900498717	-1.2315646011	1.28175554405	2.04443319704	174
13	1.0	1.0	0.0	-1.74361	1.717155712	0.872005425	-1.74361	1.24000068674	2.10421926361	175
14	0.0	0.0	0.0	0.298030726	1.898330047	0.733383301	0.354278493115	1.41378473179	1.83328819012	176
14	0.0	0.25	0.0	-0.195741959744	1.84241167774	0.786548191076	-0.170202790665	1.36220321782	1.88809076706	177
14	0.0	0.5	0.0	-0.712521229431	1.80667171835	0.833401005529	-0.702956343361	1.32034160482	1.96543140044	178
14	0.0	0.75	0.0	-1.2344347029	1.77146733954	0.864900498717	-1.2315646011	1.28175554405	2.04443319704	179
14	0.0	1.0	0.0	-1.74361	1.717155712	0.872005425	-1.74361	1.24000068674	2.10421926361	180
14	0.25	0.0	0.0	0.267366856404	2.02007288402	0.497203486615	0.325855156791	1.50099606615	1.49788763942	181
14	0.25	0.25	0.0	-0.223732205594	1.9625357336	0.548589028919	-0.18667228971	1.446176627	1.53748306585	182
14	0.25	0.5	0.0	-0.722343375368	1.94741773249	0.605006998153	-0.708494325426	1.41795375982	1.59949314708	183
14	0.25	0.75	0.0	-1.22455974299	1.93701657711	0.651025763583	-1.22622400887	1.39468623849	1.66356152339	184
14	0.25	1.0	0.0	-1.72647439855	1.89362996385	0.671213694472	-1.72647439855	1.35473283693	1.70933183505	185
14	0.5	0.0	0.0	0.262965236787	2.13452170787	0.209571671046	0.316274344649	1.59902313105	1.08759002709	186
14	0.5	0.25	0.0	-0.230614875159	2.05767232414	0.247727544983	-0.18839963639	1.53047339693	1.10717024386	187
14	0.5	0.5	0.0	-0.719413628896	2.02924492781	0.289877666337	-0.698606327763	1.48589928714	1.14160878562	188
14	0.5	0.75	0.0	-1.20902887037	2.00253800968	0.324648308206	-1.20670588047	1.44884665995	1.17509898034	189
14	0.5	1.0	0.0	-1.70505844553	1.93085006055	0.340665743689	-1.70505844553	1.40286137359	1.191834156	190
14	0.75	0.0	0.0	0.273132514277	2.20378551103	-0.072318585296	0.318474707455	1.67775323516	0.674296523319	191
14	0.75	0.25	0.0	-0.223142883865	2.10025717801	-0.0526307804485	-0.18103509876	1.59187846647	0.674034943363	192
14	0.75	0.5	0.0	-0.708732654896	2.04212356259	-0.0359217950075	-0.684122822607	1.5216652414	0.676752421393	193
14	0.75	0.75	0.0	-1.19319628735	1.98173421	-0.022075963684	-1.18705377572	1.45969193802	0.676499047602	194
14	0.75	1.0	0.0	-1.68609326974	1.87143866547	-0.0109776211892	-1.68609326974	1.39853693438	0.66732491218	195
14	1.0	0.0	0.0	0.286175336	2.189973286	-0.291273722	0.325394895974	1.70707368713	0.32990829831	196
14	1.0	0.25	0.0	-0.20806914714	2.06272602387	-0.289080467095	-0.170228944876	1.60717677449	0.314959806652	197
14	1.0	0.5	0.0	-0.695301118249	1.97602389512	-0.29632619097	-0.675874282197	1.5227386772	0.289898159761	198
14	1.0	0.75	0.0	-1.18241619623	1.88830775081	-0.29699114836	-1.18131125443	1.44267720233	0.265215204882	199
14	1.0	1.0	0.0	-1.67631	1.758018442	-0.275055594	-1.67631	1.35591015695	0.251402789261	200
17	0.0	0.0	0.0	5.097498723	1.761457284	-0.648926891	5.58148885857	1.83615600089	0.156582072587	201
17	0.0	0.25	0.0	4.41317418932	1.904877855	-0.660262128358	4.96468225243	2.08424092522	0.115839532946	202
17	0.0	0.5	0.0	3.77857554107	2.26134990826	-0.675322601256	4.35230414519	2.26473971833	0.114914717024	203
17	0.0	0.75	0.0	3.18926867754	2.65166109614	-0.672097401026	3.7206031921	2.35823434501	0.145331441371	204
17	0.0	1.0	0.0	2.640819498	2.896599071	-0.628575619	3.04582804837	2.34530677005	0.19861352254	205
17	0.25	0.0	0.0	5.0877926253	1.75503623861	-0.819306644798	5.59110570278	1.8371670212	-0.0630742186196	206
17	0.25	0.25	0.0	4.41331206258	1.90719394233	-0.830957354436	4.97767314437	2.08444630186	-0.115690833085	207
17	0.25	0.5	0.0	3.782042327	2.26309162888	-0.849361005362	4.35967062857	2.27736219178	-0.122943902841	208
17	0.25	0.75	0.0	3.19438816161	2.64563952764	-0.853301432101	3.72590309032	2.38508711112	-0.098826002492	209
17	0.25	1.0	0.0	2.65075430941	2.87774786796	-0.821562469176	3.06517546458	2.37679348005	-0.0573297066382	210
17	0.5	0.0	0.0	5.07089107337	1.75150421506	-1.01698076246	5.60015182876	1.83148889117	-0.324747885065	211
17	0.5	0.25	0.0	4.41095059745	1.91916939471	-1.01936539776	4.99157119905	2.08610587949	-0.381568096316	212
17	0.5	0.5	0.0	3.79411676331	2.27461501364	-1.03505604705	4.36974598318	2.29102006992	-0.387938736985	213
17	0.5	0.75	0.0	3.21391421444	2.63980936453	-1.04883241377	3.73354153894	2.40913968185	-0.371124506795	214
17	0.5	1.0	0.0	2.66386759433	2.83672074003	-1.04547420139	3.08182322408	2.40337293467	-0.358390105473	215
17	0.75	0.0	0.0	5.05269204575	1.73398699498	-1.20642728665	5.60852459896	1.81239396839	-0.584839571208	216
17	0.75	0.25	0.0	4.41271774021	1.91677114073	-1.195712189	5.00547274462	2.07321557053	-0.64339417949	217
17	0.75	0.5	0.0	3.81021877528	2.27078167305	-1.21093509635	4.38113050558	2.28775383944	-0.648309778125	218
17	0.75	0.75	0.0	3.23544500205	2.61590739067	-1.23705174166	3.74255266648	2.41397304617	-0.639787976807	219
17	0.75	1.0	0.0	2.67864627159	2.77203709234	-1.25901785791	3.09679401196	2.40983746178	-0.658030385232	220
17	1.0	0.0	0.0	5.039093521	1.68561036	-1.35212426	5.61612137581	1.77315461046	-0.799749921507	221
17	1.0	0.25	0.0	4.4252414371	1.87596610902	-1.33022365881	5.01847410924	2.02977128742	-0.862771005349	222
17	1.0	0.5	0.0	3.82576828819	2.22645321763	-1.35552552331	4.39242449229	2.24960398704	-0.87229701898	223
17	1.0	0.75	0.0	3.24657869043	2.55567038993	-1.39632081141	3.75197060149	2.38316819307	-0.873040317794	224
17	1.0	1.0	0.0	2.69357726	2.68221633	-1.420900481	3.11111051334	2.38097938926	-0.909713257181	225
18	0.0	0.0	0.0	2.640819498	2.896599071	-0.628575619	3.04582804837	2.34530677005	0.19861352254	226
18	0.0	0.25	0.0	2.11748471549	2.88186948543	-0.542199276218	2.3724118479	2.23427716571	0.252474679882	227
18	0.0	0.5	0.0	1.53346400865	2.69549863803	-0.435092708437	1.66762985677	2.06247197286	0.296563537544	228
18	0.0	0.75	0.0	0.914460005984	2.43302156087	-0.340402121687	0.971838673344	1.87252590787	0.324501081647	229
18	0.0	1.0	0.0	0.286175336	2.189973286	-0.291273722	0.325394895974	1.70707368713	0.32990829831	230
18	0.25	0.0	0.0	2.65075430941	2.87774786796	-0.821562469176	3.06517546458	2.37679348005	-0.0573297066382	231
18	0.25	0.25	0.0	2.13022094257	2.84420632257	-0.745903454861	2.39956157218	2.26070164151	-0.0324624047813	232
18	0.25	0.5	0.0	1.55736928031	2.63102921511	-0.644970674088	1.69773561031	2.08175546507	-0.0324434126993	233
18	0.25	0.75	0.0	0.94894343425	2.3374299122	-0.555637049135	1.00227741847	1.87877280231	-0.0480388521393	234
18	0.25	1.0	0.0	0.321687515997	2.06262178045	-0.514775502281	0.355766836174	1.69057150479	-0.0700148448482	235
18	0.5	0.0	0.0	2.66386759433	2.83672074003	-1.04547420139	3.08182322408	2.40337293467	-0.358390105473	236
18	0.5	0.25	0.0	2.13515171611	2.76023587229	-0.992765367884	2.41987055249	2.27709999935	-0.380168051765	237
18	0.5	0.5	0.0	1.59216725829	2.50286870329	-0.893793958181	1.73949252873	2.08191939487	-0.430045976519	238
18	0.5	0.75	0.0	1.01452225568	2.16679934635	-0.79960422555	1.06264511787	1.85739960565	-0.492889743559	239
18	0.5	1.0	0.0	0.381824743113	1.8542079148	-0.761240423262	0.411284284978	1.64310911608	-0.553565216708	240
18	0.75	0.0	0.0	2.67864627159	2.77203709234	-1.25901785791	3.09679401196	2.40983746178	-0.658030385232	241
18	0.75	0.25	0.0	2.14115456669	2.63918154931	-1.2213956268	2.43497363148	2.26841911537	-0.728739262777	242
18	0.75	0.5	0.0	1.62350861979	2.32012494403	-1.11782525955	1.77438305773	2.04640863656	-0.82933272692	243
18	0.75	0.75	0.0	1.07213190856	1.93176168969	-1.01381133896	1.11640251186	1.79092148362	-0.937675453817	244
18	0.75	1.0	0.0	0.433447910673	1.5909861995	-0.974858447862	0.462412215004	1.54907311485	-1.03163211963	245
18	1.0	0.0	0.0	2.69357726	2.68221633	-1.420900481	3.11111051334	2.38097938926	-0.909713257181	246
18	1.0	0.25	0.0	2.15710702491	2.49026676841	-1.37040484314	2.44650565179	2.21960586573	-1.01627303953	247
18	1.0	0.5	0.0	1.63704404204	2.0919057788	-1.25332727704	1.783889643	1.95866806441	-1.16339223691	248
18	1.0	0.75	0.0	1.08270783115	1.64294876854	-1.13976607742	1.12701034077	1.66185360194	-1.31001984412	249
18	1.0	1.0	0.0	0.443417912	1.299211145	-1.099819539	0.479615598873	1.39285009497	-1.41510485596	250
19	0.0	0.0	0.0	5.039093521	1.68561036	-1.35212426	5.61612137581	1.77315461046	-0.799749921507	251
19	0.0	0.25	0.0	4.4252414371	1.87596610902	-1.33022365881	5.01847410924	2.02977128742	-0.862771005349	252
19	0.0	0.5	0.0	3.82576828819	2.22645321763	-1.35552552331	4.39242449229	2.24960398704	-0.87229701898	253
19	0.0	0.75	0.0	3.24657869043	2.55567038993	-1.39632081141	3.75197060149	2.38316819307	-0.873040317794	254
19	0.0	1.0	0.0	2.69357726	2.68221633	-1.420900481	3.11111051334	2.38097938926	-0.909713257181	255
19	0.25	0.0	0.0	5.01432373687	1.57614294981	-1.47398937185	5.61863548141	1.67617086753	-1.01177764329	256
19	0.25	0.25	0.0	4.42154370935	1.74967550619	-1.46052529203	5.02817438478	1.91164815751	-1.11249146194	257
19	0.25	0.5	0.0	3.81672882459	2.0586770081	-1.52063476818	4.39744901624	2.11957948249	-1.18771774418	258
19	0.25	0.75	0.0	3.2353138526	2.3310023314	-1.58575723495	3.75246781681	2.247083334	-1.25400097426	259
19	0.25	1.0	0.0	2.71273356338	2.39450635192	-1.58733212696	3.11923922755	2.24127820357	-1.32788563646	260
19	0.5	0.0	0.0	4.96981217523	1.41727873922	-1.59360267261	5.61403136508	1.51926780479	-1.24740066912	261
19	0.5	0.25	0.0	4.38844429235	1.56110008337	-1.58099797782	5.03161899495	1.72988870203	-1.38484835165	262
19	0.5	0.5	0.0	3.78776723982	1.81054210682	-1.63153887257	4.39037416767	1.92255129439	-1.50951333054	263
19	0.5	0.75	0.0	3.21409079853	2.00640640469	-1.67980563975	3.7324080932	2.04216498122	-1.62299873598	264
19	0.5	1.0	0.0	2.71372474939	1.98949457206	-1.6603785622	3.0998319815	2.03363916182	-1.72690769819	265
19	0.75	0.0	0.0	4.92059830847	1.24267853552	-1.69785917882	5.60688955845	1.33968294215	-1.47091975187	266
19	0.75	0.25	0.0	4.34481173845	1.34614718589	-1.68986541528	5.03002607527	1.51909193909	-1.64341903014	267
19	0.75	0.5	0.0	3.7510835366	1.52007830872	-1.72550840563	4.37763312872	1.6850716086	-1.80998013364	268
19	0.75	0.75	0.0	3.18655470699	1.62976476998	-1.75543871926	3.70632133175	1.78529909383	-1.96168007316	269
19	0.75	1.0	0.0	2.6983662537	1.54049943566	-1.73030692559	3.07270129733	1.76745153795	-2.0895958595	270
19	1.0	0.0	0.0	4.881721609	1.086003146	-1.773653907	5.60179059313	1.17465379953	-1.64663564443	271
19	1.0	0.25	0.0	4.30951460001	1.14072415907	-1.78535130355	5.02461376127	1.31385688685	-1.85178085308	272
19	1.0	0.5	0.0	3.71887771766	1.2253154087	-1.83981393649	4.3656590815	1.43369261096	-2.06141450907	273
19	1.0	0.75	0.0	3.15635075674	1.24895958747	-1.88962916693	3.68873743356	1.49337163095	-2.25169145601	274
19	1.0	1.0	0.0	2.668473512	1.120839388	-1.887384356	3.0576596972	1.45210460588	-2.39876653752	275
20	0.0	0.0	0.0	2.69357726	2.68221633	-1.420900481	3.11111051334	2.38097938926	-0.909713257181	276
20	0.0	0.25	0.0	2.15710702491	2.49026676841	-1.37040484314	2.44650565179	2.21960586573	-1.01627303953	277
20	0.0	0.5	0.0	1.63704404204	2.0919057788	-1.25332727704	1.783889643	1.95866806441	-1.16339223691	278
20	0.0	0.75	0.0	1.08270783115	1.64294876854	-1.13976607742	1.12701034077	1.66185360194	-1.31001984412	279
20	0.0	1.0	0.0	0.443417912	1.299211145	-1.099819539	0.479615598873	1.39285009497	-1.41510485596	280
20	0.25	0.0	0.0	2.71273356338	2.39450635192	-1.58733212696	3.11923922755	2.24127820357	-1.32788563646	281
20	0.25	0.25	0.0	2.19158243824	2.14406298786	-1.48432130014	2.44891269324	2.06636690745	-1.43087250532	282
20	0.25	0.5	0.0	1.64180764312	1.71622578304	-1.33418275098	1.7665042473	1.78210184927	-1.5464588195	283
20	0.25	0.75	0.0	1.05215541933	1.27238870902	-1.20444668159	1.09329198955	1.46219384027	-1.65196300759	284
20	0.25	1.0	0.0	0.41137200817	0.973945737329	-1.16264329407	0.450554019811	1.18035369173	-1.7247034982	285
20	0.5	0.0	0.0	2.71372474939	1.98949457206	-1.6603785622	3.0998319815	2.03363916182	-1.72690769819	286
20	0.5	0.25	0.0	2.19189057348	1.69001877009	-1.54221080504	2.41865898401	1.85207457369	-1.82382798938	287
20	0.5	0.5	0.0	1.62110155839	1.27946243082	-1.39241876171	1.72710612196	1.55946994545	-1.89669062517	288
20	0.5	0.75	0.0	1.01156835535	0.887444791304	-1.26916332549	1.04727436937	1.23293756068	-1.95248566641	289
20	0.5	1.0	0.0	0.373501615575	0.643585088578	-1.23060538965	0.401264700253	0.949589702959	-1.99820317395	290
20	0.75	0.0	0.0	2.6983662537	1.54049943566	-1.73030692559	3.07270129733	1.76745153795	-2.0895958595	291
20	0.75	0.25	0.0	2.170531579	1.21706245861	-1.62216712459	2.38279404271	1.58217144026	-2.17986034771	292
20	0.75	0.5	0.0	1.59230529705	0.846918738719	-1.48675680748	1.68948516799	1.29184357637	-2.21249378287	293
20	0.75	0.75	0.0	0.979214027864	0.518537993515	-1.37114014557	1.00903700719	0.970367824145	-2.22078976927	294
20	0.75	1.0	0.0	0.346784391443	0.320389940538	-1.32238131015	0.357711894368	0.691644061428	-2.2380419112	295
20	1.0	0.0	0.0	2.668473512	1.120839388	-1.887384356	3.0576596972	1.45210460588	-2.39876653752	296
20	1.0	0.25	0.0	2.14000560314	0.814122396947	-1.80228402553	2.36836738797	1.26210008296	-2.48369043634	297
20	1.0	0.5	0.0	1.57279836828	0.483897723303	-1.67591838654	1.67743128641	0.980293965423	-2.49227442155	298
20	1.0	0.75	0.0	0.973359825539	0.196089293758	-1.54760127828	0.998659430033	0.67076769162	-2.46607726485	299
20	1.0	1.0	0.0	0.348197993	0.016621035	-1.45664654	0.345859856323	0.397602699902	-2.44665773793	300
25	0.0	0.0	0.0	4.881721609	1.086003146	-1.773653907	5.60179059313	1.17465379953	-1.64663564443	301
25	0.0	0.25	0.0	4.30951460001	1.14072415907	-1.78535130355	5.02461376127	1.31385688685	-1.85178085308	302
25	0.0	0.5	0.0	3.71887771766	1.2253154087	-1.83981393649	4.3656590815	1.43369261096	-2.06141450907	303
25	0.0	0.75	0.0	3.15635075674	1.24895958747	-1.88962916693	3.68873743356	1.49337163095	-2.25169145601	304
25	0.0	1.0	0.0	2.668473512	1.120839388	-1.887384356	3.0576596972	1.45210460588	-2.39876653752	305
25	0.25	0.0	0.0	4.81939671313	0.631234612536	-1.94563356981	5.59845366561	0.653687550481	-1.99623278704	306
25	0.25	0.25	0.0	4.2679055946	0.595522516512	-2.03394506214	5.02586102863	0.698599852074	-2.26189439847	307
25	0.25	0.5	0.0	3.69498375021	0.545856222853	-2.18054685959	4.38116842856	0.726668167783	-2.5385889703	308
25	0.25	0.75	0.0	3.14159153217	0.458888037013	-2.3205803921	3.72292102931	0.710071320405	-2.78418330971	309
25	0.25	1.0	0.0	2.64868929271	0.311270264448	-2.38918708962	3.10966399483	0.620988132737	-2.95654422385	310
25	0.5	0.0	0.0	4.78819473437	0.0846052965857	-2.11093713512	5.60211527155	-0.0175067837779	-2.23852271903	311
25	0.5	0.25	0.0	4.26359754118	-0.0292086971956	-2.28084224206	5.0536365204	-0.0681329777793	-2.55937529378	312
25	0.5	0.5	0.0	3.72408577992	-0.165513372093	-2.51299845416	4.4470084406	-0.138338592521	-2.89649670963	313
25	0.5	0.75	0.0	3.19616382482	-0.323388058636	-2.72896584996	3.82594918107	-0.237275156574	-3.19395439875	314
25	0.5	1.0	0.0	2.70633605014	-0.501912087354	-2.85030450799	3.23417689072	-0.374094198512	-3.39581579332	315
25	0.75	0.0	0.0	4.78097829517	-0.472761811157	-2.22357297887	5.61187954809	-0.720996586316	-2.33785928347	316
25	0.75	0.25	0.0	4.27835493188	-0.65942167669	-2.4543093798	5.09038977696	-0.865432487219	-2.68889459472	317
25	0.75	0.5	0.0	3.77159621651	-0.860193773441	-2.74123956436	4.52512610796	-1.03290228608	-3.05750015889	318
25	0.75	0.75	0.0	3.27110563562	-1.07054562144	-3.00188048212	3.94249851704	-1.21452072314	-3.38270515829	319
25	0.75	1.0	0.0	2.78728667575	-1.28594474073	-3.15374908262	3.36891698014	-1.40140253862	-3.60353877523	320
25	1.0	0.0	0.0	4.790610018	-0.95974372	-2.237549477	5.62685063243	-1.3388492402	-2.25859632344	321
25	1.0	0.25	0.0	4.29394225884	-1.22106861661	-2.48261301189	5.11857033872	-1.57238956075	-2.59512335698	322
25	1.0	0.5	0.0	3.80292746973	-1.48958537849	-2.76934103436	4.57746842097	-1.82859752903	-2.94396174991	323
25	1.0	0.75	0.0	3.3174549655	-1.75526157338	-3.02641923016	4.01724566543	-2.08751830243	-3.25213602348	324
25	1.0	1.0	0.0	2.837414061	-2.008064769	-3.182533285	3.45160285834	-2.32919703835	-3.46667069892	325
26	0.0	0.0	0.0	2.668473512	1.120839388	-1.887384356	3.0576596972	1.45210460588	-2.39876653752	326
26	0.0	0.25	0.0	2.14000560314	0.814122396947	-1.80228402553	2.36836738797	1.26210008296	-2.48369043634	327
26	0.0	0.5	0.0	1.57279836828	0.483897723303	-1.67591838654	1.67743128641	0.980293965423	-2.49227442155	328
26	0.0	0.75	0.0	0.973359825539	0.196089293758	-1.54760127828	0.998659430033	0.67076769162	-2.46607726485	329
26	0.0	1.0	0.0	0.348197993	0.016621035	-1.45664654	0.345859856323	0.397602699902	-2.44665773793	330
26	0.25	0.0	0.0	2.64868929271	0.311270264448	-2.38918708962	3.10966399483	0.620988132737	-2.95654422385	331
26	0.25	0.25	0.0	2.11985265617	0.047466107304	-2.35988168468	2.43282737211	0.402002200064	-3.05452022457	332
26	0.25	0.5	0.0	1.56916836897	-0.265859788574	-2.25795071475	1.73964481853	0.0994606915156	-3.07671529034	333
26	0.25	0.75	0.0	0.993095258555	-0.555050285049	-2.09991087656	1.05362038586	-0.221179679026	-3.03683677283	334
26	0.25	1.0	0.0	0.388092152391	-0.746448243984	-1.90227886682	0.398258125827	-0.494462197678	-2.94859202373	335
26	0.5	0.0	0.0	2.70633605014	-0.501912087354	-2.85030450799	3.23417689072	-0.374094198512	-3.39581579332	336
26	0.5	0.25	0.0	2.15951349735	-0.76247978454	-2.85362788252	2.56329118392	-0.614562149023	-3.51017644946	337
26	0.5	0.5	0.0	1.58159222067	-1.06984099563	-2.76410731715	1.85564472209	-0.929424142247	-3.54634666013	338
26	0.5	0.75	0.0	0.99102227888	-1.35281019209	-2.59375070276	1.14853538203	-1.24926666316	-3.50427111384	339
26	0.5	1.0	0.0	0.406253730739	-1.54020184535	-2.35456593025	0.479261040559	-1.50467619672	-3.38389449914	340
26	0.75	0.0	0.0	2.78728667575	-1.28594474073	-3.15374908262	3.36891698014	-1.40140253862	-3.60353877523	341
26	0.75	0.25	0.0	2.22026763615	-1.56147527441	-3.17723705428	2.70039602145	-1.66116942328	-3.73026611725	342
26	0.75	0.5	0.0	1.60494179557	-1.86529849263	-3.10154135314	1.97966035764	-1.97901831929	-3.77680785313	343
26	0.75	0.75	0.0	0.98658719126	-2.13730901242	-2.94136655992	1.25392452218	-2.2877165773	-3.73947959632	344
26	0.75	1.0	0.0	0.410481860468	-2.31740145079	-2.71141725531	0.570403048558	-2.52003154795	-3.61459696027	345
26	1.0	0.0	0.0	2.837414061	-2.008064769	-3.182533285	3.45160285834	-2.32919703835	-3.46667069892	346
26	1.0	0.25	0.0	2.26339458207	-2.29528035815	-3.22442363521	2.78477908273	-2.61139608169	-3.59439623412	347
26	1.0	0.5	0.0	1.63408896584	-2.58948487433	-3.17740598216	2.06592108571	-2.92197962305	-3.64373819154	348
26	1.0	0.75	0.0	0.99923630044	-2.84866533109	-3.05500425103	1.34030790989	-3.210752738	-3.61356152872	349
26	1.0	1.0	0.0	0.408575674	-3.030808742	-2.870742367	0.653218597865	-3.4275205021	-3.50273120321	350
27	0.0	0.0	0.0	4.790610018	-0.95974372	-2.237549477	5.62685063243	-1.3388492402	-2.25859632344	351
27	0.0	0.25	0.0	4.29394225884	-1.22106861661	-2.48261301189	5.11857033872	-1.57238956075	-2.59512335698	352
27	0.0	0.5	0.0	3.80292746973	-1.48958537849	-2.76934103436	4.57746842097	-1.82859752903	-2.94396174991	353
27	0.0	0.75	0.0	3.3174549655	-1.75526157338	-3.02641923016	4.01724566543	-2.08751830243	-3.25213602348	354
27	0.0	1.0	0.0	2.837414061	-2.008064769	-3.182533285	3.45160285834	-2.32919703835	-3.46667069892	355
27	0.25	0.0	0.0	4.87321667579	-1.45273328931	-2.06453028268	5.67624840274	-1.94617282542	-1.87862034572	356
27	0.25	0.25	0.0	4.38041875639	-1.78844207819	-2.27510103094	5.16780670602	-2.26483509097	-2.15292292721	357
27	0.25	0.5	0.0	3.89506387031	-2.12989591455	-2.51291066661	4.6303705144	-2.59501591905	-2.4346970312	358
27	0.25	0.75	0.0	3.41153227835	-2.45636290589	-2.72445434426	4.07215789918	-2.91635291169	-2.68456764764	359
27	0.25	1.0	0.0	2.9242042413	-2.74711115966	-2.85622721847	3.50138693165	-3.20848367095	-2.86315976646	360
27	0.5	0.0	0.0	5.03543377827	-1.94722154538	-1.71165242148	5.75997108942	-2.53546793837	-1.23344295337	361
27	0.5	0.25	0.0	4.55740514005	-2.34854583295	-1.86264546405	5.25053989636	-2.93366902628	-1.41707993733	362
27	0.5	0.5	0.0	4.07900256362	-2.76290260092	-2.02981024066	4.71028790433	-3.33951905353	-1.60355724129	363
27	0.5	0.75	0.0	3.5909346015	-3.1541981369	-2.17567877545	4.14547154357	-3.72499021438	-1.76937857586	364
27	0.5	1.0	0.0	3.08390980619	-3.4863387285	-2.26278309257	3.5623472443	-4.06205470304	-1.89104765161	365
27	0.75	0.0	0.0	5.19919952387	-2.33048175976	-1.26542489529	5.83679073623	-2.97808866381	-0.485727783251	366
27	0.75	0.25	0.0	4.73231942304	-2.77606375942	-1.34772463608	5.32550345123	-3.43068360331	-0.568460988278	367
27	0.75	0.5	0.0	4.2511971476	-3.23562167278	-1.4355861674	4.77957407505	-3.88781153685	-0.650731214847	368
27	0.75	0.75	0.0	3.74797143813	-3.66451271128	-1.50816629844	4.20503728442	-4.3148574964	-0.724942944499	369
27	0.75	1.0	0.0	3.21478103523	-4.01809408634	-1.54462183839	3.60792775604	-4.67720651394	-0.78350065877	370
27	1.0	0.0	0.0	5.286452111	-2.489787204	-0.812356706	5.86547938694	-3.14538908649	0.201861527757	371
27	1.0	0.25	0.0	4.8125796186	-2.94567973611	-0.832816871866	5.35143091208	-3.60767105871	0.212067319007	372
27	1.0	0.5	0.0	4.30810122018	-3.39506936534	-0.845784857707	4.80058251085	-4.06559797335	0.223592213489	373
27	1.0	0.75	0.0	3.77495229141	-3.80305207389	-0.849990687945	4.21870580758	-4.48738204368	0.230365110076	374
27	1.0	1.0	0.0	3.215068208	-4.134723844	-0.844164387	3.6115724266	-4.84123548299	0.226314907644	375
28	0.0	0.0	0.0	2.837414061	-2.008064769	-3.182533285	3.45160285834	-2.32919703835	-3.46667069892	376
28	0.0	0.25	0.0	2.26339458207	-2.29528035815	-3.22442363521	2.78477908273	-2.61139608169	-3.59439623412	377
28	0.0	0.5	0.0	1.63408896584	-2.58948487433	-3.17740598216	2.06592108571	-2.92197962305	-3.64373819154	378
28	0.0	0.75	0.0	0.99923630044	-2.84866533109	-3.05500425103	1.34030790989	-3.210752738	-3.61356152872	379
28	0.0	1.0	0.0	0.408575674	-3.030808742	-2.870742367	0.653218597865	-3.4275205021	-3.50273120321	380
28	0.25	0.0	0.0	2.9242042413	-2.74711115966	-2.85622721847	3.50138693165	-3.20848367095	-2.86315976646	381
28	0.25	0.25	0.0	2.34884749873	-3.03464301657	-2.89999544318	2.8381429054	-3.50354837585	-2.9708784334	382
28	0.25	0.5	0.0	1.72070287912	-3.30603003514	-2.8736449063	2.12820027154	-3.7860224966	-3.0102598983	383
28	0.25	0.75	0.0	1.07938793215	-3.54358594257	-2.78710644284	1.40952282755	-4.03639054287	-2.98558192569	384
28	0.25	1.0	0.0	0.46452020752	-3.72962446608	-2.6503108878	0.720074370903	-4.23513702433	-2.90112228013	385
28	0.5	0.0	0.0	3.08390980619	-3.4863387285	-2.26278309257	3.5623472443	-4.06205470304	-1.89104765161	386
28	0.5	0.25	0.0	2.49969827082	-3.77231020518	-2.2830027479	2.9044018531	-4.35613456703	-1.96130707195	387
28	0.5	0.5	0.0	1.86458880223	-4.02110305958	-2.25056282317	2.1982512004	-4.60369831258	-1.98009976535	388
28	0.5	0.75	0.0	1.21441238336	-4.23496694193	-2.17632957153	1.47808024265	-4.81006031155	-1.95845873337	389
28	0.5	1.0	0.0	0.584999997117	-4.41615150246	-2.07116924611	0.778073936272	-4.9805349358	-1.90741697759	390
28	0.75	0.0	0.0	3.21478103523	-4.01809408634	-1.54462183839	3.60792775604	-4.67720651394	-0.78350065877	391
28	0.75	0.25	0.0	2.62034937075	-4.29910276537	-1.5348335126	2.95498209567	-4.96516777135	-0.81523987606	392
28	0.75	0.5	0.0	1.97992759561	-4.53451764887	-1.48789534129	2.25245232491	-5.18991555918	-0.817735935919	393
28	0.75	0.75	0.0	1.32626854733	-4.73205210535	-1.41646937196	1.53139481454	-5.36532309971	-0.804029117684	394
28	0.75	1.0	0.0	0.692125063405	-4.89941950336	-1.33321765211	0.822865935317	-5.50526361522	-0.787159700694	395
28	1.0	0.0	0.0	3.215068208	-4.134723844	-0.844164387	3.6115724266	-4.84123548299	0.226314907644	396
28	1.0	0.25	0.0	2.61520327094	-4.40584153858	-0.816875700546	2.96130980296	-5.12666110495	0.217765427962	397
28	1.0	0.5	0.0	1.98090011969	-4.64608750424	-0.765378069194	2.26718209767	-5.35958272463	0.212353446756	398
28	1.0	0.75	0.0	1.33691531735	-4.84408520902	-0.701321578995	1.55488120254	-5.53573996307	0.205869755442	399
28	1.0	1.0	0.0	0.708005427	-4.988458121	-0.636356316	0.850099009383	-5.65087244131	0.194105145437	400
33	0.0	0.0	0.0	5.286452111	-2.489787204	-0.812356706	5.86547938694	-3.14538908649	0.201861527757	401
33	0.0	0.25	0.0	4.8125796186	-2.94567973611	-0.832816871866	5.35143091208	-3.60767105871	0.212067319007	402
33	0.0	0.5	0.0	4.30810122018	-3.39506936534	-0.845784857707	4.80058251085	-4.06559797335	0.223592213489	403
33	0.0	0.75	0.0	3.77495229141	-3.80305207389	-0.849990687945	4.21870580758	-4.48738204368	0.230365110076	404
33	0.0	1.0	0.0	3.215068208	-4.134723844	-0.844164387	3.6115724266	-4.84123548299	0.226314907644	405
33	0.25	0.0	0.0	5.26673864837	-2.37679764155	-0.272086027245	5.82438453221	-3.0081084052	0.933106836398	406
33	0.25	0.25	0.0	4.77368553357	-2.79142711412	-0.286009957369	5.29992504789	-3.4392866619	0.976939358869	407
33	0.25	0.5	0.0	4.24408875828	-3.17823368469	-0.324505370516	4.74223202547	-3.85602761897	0.978357076086	408
33	0.25	0.75	0.0	3.68558194104	-3.52094117736	-0.364780174835	4.15632723344	-4.23399285305	0.961761807906	409
33	0.25	1.0	0.0	3.1057987004	-3.80327341621	-0.384042278478	3.54723244032	-4.54884394083	0.951555374185	410
33	0.5	0.0	0.0	5.19212524279	-2.06098905103	0.31385169655	5.7438107594	-2.6627935021	1.68717639614	411
33	0.5	0.25	0.0	4.68330785791	-2.39222851	0.276410791951	5.20092940872	-3.04376265311	1.73833449241	412
33	0.5	0.5	0.0	4.14182763665	-2.69218487662	0.16468625073	4.62961237266	-3.40248370265	1.7104469053	413
33	0.5	0.75	0.0	3.57112189998	-2.95799796315	0.0384869545847	4.03675996827	-3.72146882232	1.65575082221	414
33	0.5	1.0	0.0	2.97462796885	-3.18680758184	-0.0423782147906	3.42927251258	-3.98323018371	1.62648343057	415
33	0.75	0.0	0.0	5.11700536857	-1.61004210124	0.837606567319	5.65702173229	-2.16450919193	2.34232741182	416
33	0.75	0.25	0.0	4.5990563886	-1.85484309595	0.776784691141	5.09834418208	-2.49001085499	2.40044873737	417
33	0.75	0.5	0.0	4.05371014245	-2.07274070674	0.59317936936	4.51146479625	-2.79306456875	2.35040916831	418
33	0.75	0.75	0.0	3.47757362706	-2.2689314553	0.383845039427	3.90919023264	-3.06022171479	2.26710596562	419
33	0.75	1.0	0.0	2.86725383937	-2.4486118633	0.245836138792	3.30432714909	-3.27803367471	2.22543639027	420
33	1.0	0.0	0.0	5.0957725	-1.091637461	1.191328687	5.59728111462	-1.56832028938	2.77681708827	421
33	1.0	0.25	0.0	4.57854092265	-1.2860300442	1.13745105525	5.03606955548	-1.8469430902	2.86747811149	422
33	1.0	0.5	0.0	4.03212856283	-1.45571894068	0.9323633487	4.43653054007	-2.11586856158	2.82879133232	423
33	1.0	0.75	0.0	3.4509385811	-1.60845067782	0.695328418801	3.82280424716	-2.36066329374	2.75060105076	424
33	1.0	1.0	0.0	2.829374138	-1.751971783	0.545609117	3.21903085553	-2.56689387688	2.7227515668	425
34	0.0	0.0	0.0	3.215068208	-4.134723844	-0.844164387	3.6115724266	-4.84123548299	0.226314907644	426
34	0.0	0.25	0.0	2.61520327094	-4.40584153858	-0.816875700546	2.96130980296	-5.12666110495	0.217765427962	427
34	0.0	0.5	0.0	1.98090011969	-4.64608750424	-0.765378069194	2.26718209767	-5.35958272463	0.212353446756	428
34	0.0	0.75	0.0	1.33691531735	-4.84408520902	-0.701321578995	1.55488120254	-5.53573996307	0.205869755442	429
34	0.0	1.0	0.0	0.708005427	-4.988458121	-0.636356316	0.850099009383	-5.65087244131	0.194105145437	430
34	0.25	0.0	0.0	3.1057987004	-3.80327341621	-0.384042278478	3.54723244032	-4.54884394083	0.951555374185	431
34	0.25	0.25	0.0	2.49856260722	-4.05322683921	-0.347777585118	2.89874764737	-4.81872258546	0.968863561337	432
34	0.25	0.5	0.0	1.87295769299	-4.2875090761	-0.261136249525	2.21555853818	-5.05728885443	1.00438241629	433
34	0.25	0.75	0.0	1.24284945925	-4.47832308371	-0.162672738251	1.51755546875	-5.23891445591	1.03654338647	434
34	0.25	1.0	0.0	0.622103407545	-4.59787181887	-0.0909415178472	0.824628795067	-5.33797109806	1.04377791931	435
34	0.5	0.0	0.0	2.97462796885	-3.18680758184	-0.0423782147906	3.42927251258	-3.98323018371	1.62648343057	436
34	0.5	0.25	0.0	2.35301000729	-3.40431767593	-0.0142835452912	2.78453413303	-4.21754008222	1.66087370942	437
34	0.5	0.5	0.0	1.73343556863	-3.61233156512	0.103876051743	2.11199785843	-4.43694428193	1.73737005736	438
34	0.5	0.75	0.0	1.11758605953	-3.78370576481	0.242239966135	1.42692289939	-4.60957765727	1.81790732696	439
34	0.5	1.0	0.0	0.507142886663	-3.89129679039	0.330947587705	0.7445684665	-4.70357508271	1.86442037079	440
34	0.75	0.0	0.0	2.86725383937	-2.4486118633	0.245836138792	3.30432714909	-3.27803367471	2.22543639027	441
34	0.75	0.25	0.0	2.22830191008	-2.62777626717	0.263498706324	2.66559349146	-3.47581286782	2.27610000772	442
34	0.75	0.5	0.0	1.60902789083	-2.79670239037	0.402428884626	2.0031962414	-3.66312858314	2.38730587018	443
34	0.75	0.75	0.0	1.00351061849	-2.93894584026	0.572568527852	1.32947382116	-3.81498279611	2.51040259282	444
34	0.75	1.0	0.0	0.405828929949	-3.03806222421	0.683859490155	0.656764652999	-3.90637748216	2.59673879083	445
34	1.0	0.0	0.0	2.829374138	-1.751971783	0.545609117	3.21903085553	-2.56689387688	2.7227515668	446
34	1.0	0.25	0.0	2.17419475452	-1.89226483133	0.565461457119	2.58884995421	-2.74624021483	2.79684659175	447
34	1.0	0.5	0.0	1.54642880381	-2.01676897089	0.707292299138	1.93584987007	-2.90042133411	2.93017935497	448
34	1.0	0.75	0.0	0.943008636444	-2.12275589801	0.887464940588	1.27169856075	-3.02238310138	3.0744702	449
34	1.0	1.0	0.0	0.360866603	-2.207497309	1.022342679	0.608063983882	-3.10507138329	3.18143947038	450
35	0.0	0.0	0.0	5.0957725	-1.091637461	1.191328687	5.59728111462	-1.56832028938	2.77681708827	451
35	0.0	0.25	0.0	4.57854092265	-1.2860300442	1.13745105525	5.03606955548	-1.8469430902	2.86747811149	452
35	0.0	0.5	0.0	4.03212856283	-1.45571894068	0.9323633487	4.43653054007	-2.11586856158	2.82879133232	453
35	0.0	0.75	0.0	3.4509385811	-1.60845067782	0.695328418801	3.82280424716	-2.36066329374	2.75060105076	454
35	0.0	1.0	0.0	2.829374138	-1.751971783	0.545609117	3.21903085553	-2.56689387688	2.7227515668	455
35	0.25	0.0	0.0	5.10589361798	-0.585293943825	1.29832688823	5.56496912868	-0.967518830005	2.90568534488	456
35	0.25	0.25	0.0	4.58104999125	-0.739763305372	1.28099490161	4.9913456793	-1.18777125728	3.04414645882	457
35	0.25	0.5	0.0	4.02405464523	-0.863502777125	1.11923875162	4.3773920212	-1.40231698854	3.05765392784	458
35	0.25	0.75	0.0	3.42999869981	-0.968052638734	0.927261198107	3.7528468825	-1.60391848144	3.02869944438	459
35	0.25	1.0	0.0	2.79397327487	-1.06495316985	0.819265000894	3.14744899133	-1.78533819367	3.03977470087	460
35	0.5	0.0	0.0	5.10451787893	-0.0184724300826	1.25408701724	5.5355657136	-0.295393833343	2.84251461941	461
35	0.5	0.25	0.0	4.55345347983	-0.12362907333	1.27221040583	4.93047236767	-0.446363198289	3.01001255075	462
35	0.5	0.5	0.0	3.97036923479	-0.21019967211	1.16167913168	4.30023406435	-0.607395971887	3.06353966246	463
35	0.5	0.75	0.0	3.35372054379	-0.277066213481	1.02666829811	3.66834756741	-0.761705399347	3.07448921662	464
35	0.5	1.0	0.0	2.70196280683	-0.323110684502	0.97135300843	3.0583096406	-0.892504725881	3.11425447533	465
35	0.75	0.0	0.0	5.10516440667	0.538281787701	1.10751786939	5.52030396488	0.359647449275	2.63970501976	466
35	0.75	0.25	0.0	4.52352104743	0.485483765937	1.1556995036	4.88766818843	0.285851178019	2.81743817238	467
35	0.75	0.5	0.0	3.90779721101	0.442496043936	1.09314885862	4.24409948602	0.184002848505	2.8935029232	468
35	0.75	0.75	0.0	3.26751675384	0.418924945604	1.01455930387	3.60480500452	0.0833028584092	2.93053734202	469
35	0.75	1.0	0.0	2.61220353237	0.424376794847	1.01462420875	2.98499189078	0.0129516054114	2.99117949863	470
35	1.0	0.0	0.0	5.121352325	1.014423417	0.90752824	5.53041697803	0.909197766518	2.34965665386	471
35	1.0	0.25	0.0	4.51902235309	1.01068632644	0.976064130617	4.89715170946	0.917441962875	2.51878510881	472
35	1.0	0.5	0.0	3.87306345339	1.03289004058	0.947112302228	4.2480311027	0.886987832779	2.59459809713	473
35	1.0	0.75	0.0	3.21679997075	1.07433718618	0.911943800476	3.59771789642	0.848433197705	2.63941079514	474
35	1.0	1.0	0.0	2.58355625	1.12833039	0.961829671	2.9608748293	0.832375879128	2.7155383792	475
36	0.0	0.0	0.0	2.829374138	-1.751971783	0.545609117	3.21903085553	-2.56689387688	2.7227515668	476
36	0.0	0.25	0.0	2.17419475452	-1.89226483133	0.565461457119	2.58884995421	-2.74624021483	2.79684659175	477
36	0.0	0.5	0.0	1.54642880381	-2.01676897089	0.707292299138	1.93584987007	-2.90042133411	2.93017935497	478
36	0.0	0.75	0.0	0.943008636444	-2.12275589801	0.887464940588	1.27169856075	-3.02238310138	3.0744702	479
36	0.0	1.0	0.0	0.360866603	-2.207497309	1.022342679	0.608063983882	-3.10507138329	3.18143947038	480
36	0.25	0.0	0.0	2.79397327487	-1.06495316985	0.819265000894	3.14744899133	-1.78533819367	3.03977470087	481
36	0.25	0.25	0.0	2.14858438246	-1.14831478567	0.878721336948	2.54119577126	-1.92455061224	3.1494263376	482
36	0.25	0.5	0.0	1.53868512905	-1.20560470703	1.06159552113	1.91308169992	-2.00946035337	3.32282910652	483
36	0.25	0.75	0.0	0.959480540734	-1.25370847083	1.28185598371	1.27289638617	-2.0654421651	3.5020999835	484
36	0.25	1.0	0.0	0.406175643636	-1.30951161399	1.45347115495	0.630429438903	-2.11787079547	3.62935594443	485
36	0.5	0.0	0.0	2.70196280683	-0.323110684502	0.97135300843	3.0583096406	-0.892504725881	3.11425447533	486
36	0.5	0.25	0.0	2.1002903178	-0.343394514247	1.09172680875	2.48868117973	-0.95990116957	3.25029063882	487
36	0.5	0.5	0.0	1.54632428517	-0.341130079371	1.35165079596	1.89996877447	-0.963414957128	3.46394065846	488
36	0.5	0.75	0.0	1.02069983515	-0.343662485144	1.63880917497	1.29817676325	-0.951582968872	3.68163547709	489
36	0.5	1.0	0.0	0.504052093977	-0.378336836838	1.84088615072	0.689309484523	-0.972942085123	3.82980603756	490
36	0.75	0.0	0.0	2.61220353237	0.424376794847	1.01462420875	2.98499189078	0.0129516054114	2.99117949863	491
36	0.75	0.25	0.0	2.06356580523	0.459467440312	1.18463956995	2.44172302389	0.0173124662749	3.13646909326	492
36	0.75	0.5	0.0	1.56109423994	0.509051346713	1.49099017174	1.87980074557	0.079640791131	3.35818499796	493
36	0.75	0.75	0.0	1.07832882473	0.539202907965	1.80672943281	1.30590320921	0.139701025552	3.57990970055	494
36	0.75	1.0	0.0	0.588809547829	0.515996517982	2.00491077188	0.726708568227	0.137257615112	3.72522568884	495
36	1.0	0.0	0.0	2.58355625	1.12833039	0.961829671	2.9608748293	0.832375879128	2.7155383792	496
36	1.0	0.25	0.0	2.07266408945	1.19724253537	1.13762131802	2.41073814801	0.876694648395	2.84499129875	497
36	1.0	0.5	0.0	1.57474296114	1.27733600585	1.39314569661	1.83586726506	0.961632827936	3.0102331122	498
36	1.0	0.75	0.0	1.08402981451	1.32670855741	1.63402167565	1.25443924128	1.02891635644	3.16375567368	499
36	1.0	1.0	0.0	0.594761599	1.303457946	1.765868124	0.684631137503	1.02027117261	3.25805083734	500
41	0.0	0.0	0.0	5.121352325	1.014423417	0.90752824	5.53041697803	0.909197766518	2.34965665386	501
41	0.0	0.25	0.0	4.51902235309	1.01068632644	0.976064130617	4.89715170946	0.917441962875	2.51878510881	502
41	0.0	0.5	0.0	3.87306345339	1.03289004058	0.947112302228	4.2480311027	0.886987832779	2.59459809713	503
41	0.0	0.75	0.0	3.21679997075	1.07433718618	0.911943800476	3.59771789642	0.848433197705	2.63941079514	504
41	0.0	1.0	0.0	2.58355625	1.12833039	0.961829671	2.9608748293	0.832375879128	2.7155383792	505
41	0.25	0.0	0.0	5.14035512175	1.21640069462	0.785963674467	5.5462557344	1.13089358456	2.16215241881	506
41	0.25	0.25	0.0	4.5294331181	1.22775776703	0.862175249099	4.91785320038	1.17130866552	2.32488428014	507
41	0.25	0.5	0.0	3.87300547247	1.27707266508	0.851367485627	4.27065700661	1.16158595942	2.40321829585	508
41	0.25	0.75	0.0	3.21405325102	1.34491679811	0.833430986267	3.61640208074	1.13399197712	2.45230236389	509
41	0.25	1.0	0.0	2.59555751991	1.41186157543	0.888256353237	2.96682335041	1.12079322948	2.5272843822	510
41	0.5	0.0	0.0	5.16537240226	1.42770242501	0.624342633983	5.56632220508	1.35525793441	1.91075286708	511
41	0.5	0.25	0.0	4.54064152028	1.45136609741	0.70614788596	4.93763667949	1.4251643938	2.06402308006	512
41	0.5	0.5	0.0	3.87586894616	1.52861913456	0.720015789701	4.29498171748	1.42782677871	2.14860720203	513
41	0.5	0.75	0.0	3.21749350697	1.6234119984	0.720564321312	3.64023325894	1.39799278564	2.20325320217	514
41	0.5	1.0	0.0	2.61195402981	1.69969515087	0.762411456899	2.97526724376	1.3704101111	2.26670904966	515
41	0.75	0.0	0.0	5.18681425239	1.6125669719	0.443467249258	5.58524822385	1.55160073651	1.63560049543	516
41	0.75	0.25	0.0	4.54724887112	1.64720805001	0.524085427336	4.9558499953	1.6492745441	1.77236313841	517
41	0.75	0.5	0.0	3.87730567047	1.75991567859	0.560079080938	4.31730929361	1.66399136799	1.85928775329	518
41	0.75	0.75	0.0	3.22296442444	1.89047239826	0.578417716225	3.66307446899	1.63105188802	1.91786270167	519
41	0.75	1.0	0.0	2.63020490706	1.97866074962	0.606070839361	2.98659387166	1.58575678403	1.96957634514	520
41	1.0	0.0	0.0	5.195090758	1.735232699	0.264139651	5.59766562455	1.68923191129	1.37683780061	521
41	1.0	0.25	0.0	4.5438564821	1.78098035724	0.332091259364	4.9718409963	1.81390451282	1.48606608499	522
41	1.0	0.5	0.0	3.87296744142	1.94334852675	0.378579225823	4.33394379327	1.84836080459	1.56378288727	523
41	1.0	0.75	0.0	3.22630968928	2.12674760888	0.41206508162	3.67878874885	1.82378554897	1.62173025412	524
41	1.0	1.0	0.0	2.647769279	2.235588005	0.441010358	3.00119059643	1.77136350832	1.67165023222	525
42	0.0	0.0	0.0	2.58355625	1.12833039	0.961829671	2.9608748293	0.832375879128	2.7155383792	526
42	0.0	0.25	0.0	2.07266408945	1.19724253537	1.13762131802	2.41073814801	0.876694648395	2.84499129875	527
42	0.0	0.5	0.0	1.57474296114	1.27733600585	1.39314569661	1.83586726506	0.961632827936	3.0102331122	528
42	0.0	0.75	0.0	1.08402981451	1.32670855741	1.63402167565	1.25443924128	1.02891635644	3.16375567368	529
42	0.0	1.0	0.0	0.594761599	1.303457946	1.765868124	0.684631137503	1.02027117261	3.25805083734	530
42	0.25	0.0	0.0	2.59555751991	1.41186157543	0.888256353237	2.96682335041	1.12079322948	2.5272843822	531
42	0.25	0.25	0.0	2.0863515387	1.46943820192	1.04126695017	2.39499883983	1.1469302627	2.63963432446	532
42	0.25	0.5	0.0	1.56944876937	1.5215706038	1.25126947201	1.80114049385	1.19332217478	2.7729796729	533
42	0.25	0.75	0.0	1.0537894643	1.54194453748	1.44583386215	1.2041241944	1.22258913556	2.89416392358	534
42	0.25	1.0	0.0	0.548313875843	1.50424575939	1.55253006396	0.622825823385	1.19735131487	2.97003057257	535
42	0.5	0.0	0.0	2.61195402981	1.69969515087	0.762411456899	2.97526724376	1.3704101111	2.26670904966	536
42	0.5	0.25	0.0	2.09343360179	1.73346730856	0.872449540879	2.36975418892	1.36076802548	2.34808318544	537
42	0.5	0.5	0.0	1.54796991283	1.73764003018	1.02943305632	1.74936146837	1.35248539863	2.44077644544	538
42	0.5	0.75	0.0	0.997619656121	1.71139544255	1.18132736042	1.12952224783	1.33369143015	2.5276630028	539
42	0.5	1.0	0.0	0.464439524897	1.65391567251	1.27609781038	0.525669693009	1.29251531964	2.5916170307	540
42	0.75	0.0	0.0	2.63020490706	1.97866074962	0.606070839361	2.98659387166	1.58575678403	1.96957634514	541
42	0.75	0.25	0.0	2.09979248546	1.98488373229	0.674378009164	2.34833912161	1.53825196796	2.0223935954	542
42	0.75	0.5	0.0	1.52307413584	1.93609099093	0.78357880641	1.69734481283	1.47608053112	2.0792433901	543
42	0.75	0.75	0.0	0.935255818261	1.85818662841	0.899115287256	1.0506780965	1.40979193489	2.13642300862	544
42	0.75	1.0	0.0	0.371543492752	1.77707474762	0.986429507862	0.425406123783	1.34993564069	2.19022973035	545
42	1.0	0.0	0.0	2.647769279	2.235588005	0.441010358	3.00119059643	1.77136350832	1.67165023222	546
42	1.0	0.25	0.0	2.1113103964	2.2192413501	0.490261274032	2.34408856423	1.69942612136	1.71462126806	547
42	1.0	0.5	0.0	1.50752918277	2.12747019196	0.569649079166	1.66190515147	1.60106560386	1.75400046719	548
42	1.0	0.75	0.0	0.886433379015	2.00544345084	0.657810759466	0.987636435365	1.49845934446	1.79261403831	549
42	1.0	1.0	0.0	0.298030726	1.898330047	0.733383301	0.354278493115	1.41378473179	1.83328819012	550
43	0.0	0.0	0.0	5.195090758	1.735232699	0.264139651	5.59766562455	1.68923191129	1.37683780061	551
43	0.0	0.25	0.0	4.5438564821	1.78098035724	0.332091259364	4.9718409963	1.81390451282	1.48606608499	552
43	0.0	0.5	0.0	3.87296744142	1.94334852675	0.378579225823	4.33394379327	1.84836080459	1.56378288727	553
43	0.0	0.75	0.0	3.22630968928	2.12674760888	0.41206508162	3.67878874885	1.82378554897	1.62173025412	554
43	0.0	1.0	0.0	2.647769279	2.235588005	0.441010358	3.00119059643	1.77136350832	1.67165023222	555
43	0.25	0.0	0.0	5.18005024801	1.7849179999	0.0655124640045	5.59665722977	1.76375927211	1.10491223614	556
43	0.25	0.25	0.0	4.51730576464	1.85390515251	0.111847777948	4.97566766661	1.925423849	1.17557587901	557
43	0.25	0.5	0.0	3.85465294308	2.08362612199	0.151130070446	4.34247638653	1.99693518835	1.23224112685	558
43	0.25	0.75	0.0	3.22320788387	2.33885170939	0.187670683205	3.69013533619	1.9995736158	1.28292196075	559
43	0.25	1.0	0.0	2.65408668754	2.48435271578	0.225780957935	3.01169646223	1.95461945698	1.33563236183	560
43	0.5	0.0	0.0	5.14826930497	1.79469504552	-0.179544754793	5.58666481031	1.80762156415	0.774013530041	561
43	0.5	0.25	0.0	4.47187238527	1.89533167155	-0.153984693798	4.96760155074	2.01271361445	0.805450457839	562
43	0.5	0.5	0.0	3.82452827191	2.18856003617	-0.126936677785	4.34622097144	2.12667499636	0.848093496977	563
43	0.5	0.75	0.0	3.21368568898	2.51110931944	-0.0941311653058	3.70232031033	2.16082579497	0.898805993242	564
43	0.5	1.0	0.0	2.64679336052	2.69970870144	-0.0512986149116	3.01569680531	2.12648609535	0.954451292415	565
43	0.75	0.0	0.0	5.1155010797	1.78129706414	-0.431026406194	5.57812860647	1.82902005215	0.439463027221	566
43	0.75	0.25	0.0	4.42976048112	1.91055690787	-0.424867535894	4.95986547168	2.06818293218	0.433076212231	567
43	0.75	0.5	0.0	3.79502521041	2.25038854101	-0.415720930982	4.34841705525	2.22135243692	0.459573519692	568
43	0.75	0.75	0.0	3.20121524129	2.62241444603	-0.393875511015	3.71319311454	2.28717005014	0.507052452983	569
43	0.75	1.0	0.0	2.63825054749	2.84825710539	-0.349620195552	3.02360340693	2.26427725564	0.563610515487	570
43	1.0	0.0	0.0	5.097498723	1.761457284	-0.648926891	5.58148885857	1.83615600089	0.156582072587	571
43	1.0	0.25	0.0	4.41317418932	1.904877855	-0.660262128358	4.96468225243	2.08424092522	0.115839532946	572
43	1.0	0.5	0.0	3.77857554107	2.26134990826	-0.675322601256	4.35230414519	2.26473971833	0.114914717024	573
43	1.0	0.75	0.0	3.18926867754	2.65166109614	-0.672097401026	3.7206031921	2.35823434501	0.145331441371	574
43	1.0	1.0	0.0	2.640819498	2.896599071	-0.628575619	3.04582804837	2.34530677005	0.19861352254	575
44	0.0	0.0	0.0	2.647769279	2.235588005	0.441010358	3.00119059643	1.77136350832	1.67165023222	576
44	0.0	0.25	0.0	2.1113103964	2.2192413501	0.490261274032	2.34408856423	1.69942612136	1.71462126806	577
44	0.0	0.5	0.0	1.50752918277	2.12747019196	0.569649079166	1.66190515147	1.60106560386	1.75400046719	578
44	0.0	0.75	0.0	0.886433379015	2.00544345084	0.657810759466	0.987636435365	1.49845934446	1.79261403831	579
44	0.0	1.0	0.0	0.298030726	1.898330047	0.733383301	0.354278493115	1.41378473179	1.83328819012	580
44	0.25	0.0	0.0	2.65408668754	2.48435271578	0.225780957935	3.01169646223	1.95461945698	1.33563236183	581
44	0.25	0.25	0.0	2.11652635878	2.45561389745	0.279383010606	2.34543251199	1.86861788865	1.38537829358	582
44	0.25	0.5	0.0	1.50551178577	2.32726337489	0.354356176409	1.64741169104	1.74402265666	1.43008774767	583
44	0.25	0.75	0.0	0.872104705865	2.16138756484	0.432897365145	0.960072929331	1.61131997713	1.46813332825	584
44	0.25	1.0	0.0	0.267366856404	2.02007288402	0.497203486615	0.325855156791	1.50099606615	1.49788763942	585
44	0.5	0.0	0.0	2.64679336052	2.69970870144	-0.0512986149116	3.01569680531	2.12648609535	0.954451292415	586
44	0.5	0.25	0.0	2.10761225283	2.67264444486	0.00762086494067	2.33867241058	2.0301881501	1.00323118388	587
44	0.5	0.5	0.0	1.5072493109	2.5189140105	0.082429248874	1.64010491136	1.88511369064	1.04333799102	588
44	0.5	0.75	0.0	0.880701362837	2.31428417322	0.155591272404	0.954477743944	1.72885969246	1.07228613252	589
44	0.5	1.0	0.0	0.262965236787	2.13452170787	0.209571671046	0.316274344649	1.59902313105	1.08759002709	590
44	0.75	0.0	0.0	2.63825054749	2.84825710539	-0.349620195552	3.02360340693	2.26427725564	0.563610515487	591
44	0.75	0.25	0.0	2.10209079845	2.82863047872	-0.280936213741	2.34170120692	2.16009015827	0.611242469233	592
44	0.75	0.5	0.0	1.51561047843	2.65684984835	-0.197073210416	1.64512942805	1.99953227347	0.647560240032	593
44	0.75	0.75	0.0	0.89917068464	2.41965494791	-0.120158297094	0.961512463761	1.82471587465	0.669574650517	594
44	0.75	1.0	0.0	0.273132514277	2.20378551103	-0.072318585296	0.318474707455	1.67775323516	0.674296523319	595
44	1.0	0.0	0.0	2.640819498	2.896599071	-0.628575619	3.04582804837	2.34530677005	0.19861352254	596
44	1.0	0.25	0.0	2.11748471549	2.88186948543	-0.542199276218	2.3724118479	2.23427716571	0.252474679882	597
44	1.0	0.5	0.0	1.53346400865	2.69549863803	-0.435092708437	1.66762985677	2.06247197286	0.296563537544	598
44	1.0	0.75	0.0	0.914460005984	2.43302156087	-0.340402121687	0.971838673344	1.87252590787	0.324501081647	599
44	1.0	1.0	0.0	0.286175336	2.189973286	-0.291273722	0.325394895974	1.70707368713	0.32990829831	600
49	0.0	0.0	0.0	6.817538404	0.4880699	-0.799999989	7.46031393257	0.126767431672	0.15114257723	601
49	0.0	0.25	0.0	6.65046046593	1.02337732224	-0.77604958654	7.25489280951	0.824319099259	0.166029714312	602
49	0.0	0.5	0.0	6.25210473247	1.43029674317	-0.723542901805	6.77939965164	1.28495649189	0.184579528546	603
49	0.0	0.75	0.0	5.70645591452	1.68444958852	-0.671496486167	6.17465736574	1.59384649672	0.187770740961	604
49	0.0	1.0	0.0	5.097498723	1.761457284	-0.648926891	5.58148885857	1.83615600089	0.156582072587	605
49	0.25	0.0	0.0	6.81797227603	0.487369770836	-0.811046412191	7.45992756599	0.131274672789	0.140553356225	606
49	0.25	0.25	0.0	6.64836929298	1.01726869393	-0.854131131815	7.25535345166	0.810639760237	0.0756301174966	607
49	0.25	0.5	0.0	6.24499516843	1.41850422097	-0.85205191077	6.7821405906	1.27418053087	0.0326571742971	608
49	0.25	0.75	0.0	5.695564685	1.67108913989	-0.831534998587	6.18061575143	1.59274145957	-0.00727457164962	609
49	0.25	1.0	0.0	5.0877926253	1.75503623861	-0.819306644798	5.59110570278	1.8371670212	-0.0630742186196	610
49	0.5	0.0	0.0	6.8189267945	0.485295087442	-0.821900041845	7.45907755953	0.140656204014	0.130705571379	611
49	0.5	0.25	0.0	6.64761951446	1.00449320245	-0.93745186852	7.25670953777	0.789582970162	-0.0232103207324	612
49	0.5	0.5	0.0	6.24001413076	1.39935387354	-0.998043649637	6.78809541706	1.24791135908	-0.143197643612	613
49	0.5	0.75	0.0	5.68485614865	1.65373743349	-1.01933380701	6.1902409349	1.57532034225	-0.240096723107	614
49	0.5	1.0	0.0	5.07089107337	1.75150421506	-1.01698076246	5.60015182876	1.83148889117	-0.324747885065	615
49	0.75	0.0	0.0	6.81988131297	0.481884410327	-0.832410647827	7.45822755307	0.148701741518	0.121200810205	616
49	0.75	0.25	0.0	6.64492602065	0.983957869246	-1.01989293495	7.25793854999	0.760184670765	-0.125157647076	617
49	0.75	0.5	0.0	6.2297922528	1.36869773541	-1.14308799653	6.79370579029	1.20987786717	-0.322308856115	618
49	0.75	0.75	0.0	5.66790569823	1.62305658519	-1.20444854347	6.19930817345	1.54490605747	-0.474215327347	619
49	0.75	1.0	0.0	5.05269204575	1.73398699498	-1.20642728665	5.60852459896	1.81239396839	-0.584839571208	620
49	1.0	0.0	0.0	6.820315185	0.4771763	-0.842428	7.45784118649	0.149201001472	0.111640660218	621
49	1.0	0.25	0.0	6.63700370185	0.954569715755	-1.09533546939	7.25801797048	0.721480803772	-0.224877908234	622
49	1.0	0.5	0.0	6.20696016788	1.3223878411	-1.26875482959	6.79541336953	1.16380894581	-0.484000394146	623
49	1.0	0.75	0.0	5.63828872647	1.56970871089	-1.35643483999	6.20359272438	1.50482151793	-0.673149998307	624
49	1.0	1.0	0.0	5.039093521	1.68561036	-1.35212426	5.61612137581	1.77315461046	-0.799749921507	625
50	0.0	0.0	0.0	6.820315185	0.4771763	-0.842428	7.45784118649	0.149201001472	0.111640660218	626
50	0.0	0.25	0.0	6.63700370185	0.954569715755	-1.09533546939	7.25801797048	0.721480803772	-0.224877908234	627
50	0.0	0.5	0.0	6.20696016788	1.3223878411	-1.26875482959	6.79541336953	1.16380894581	-0.484000394146	628
50	0.0	0.75	0.0	5.63828872647	1.56970871089	-1.35643483999	6.20359272438	1.50482151793	-0.673149998307	629
50	0.0	1.0	0.0	5.039093521	1.68561036	-1.35212426	5.61612137581	1.77315461046	-0.799749921507	630
50	0.25	0.0	0.0	6.81792892625	0.470343644876	-0.853156756685	7.45881926878	0.141022449333	0.0972744102974	631
50	0.25	0.25	0.0	6.62577319445	0.907287816449	-1.16848313292	7.25841542186	0.663169241394	-0.324365895901	632
50	0.25	0.5	0.0	6.17924103755	1.24279050331	-1.38076815204	6.79508818991	1.08600055856	-0.639585540161	633
50	0.25	0.75	0.0	5.60115152765	1.4685195872	-1.48445562728	6.20358055056	1.42012992566	-0.863638222589	634
50	0.25	1.0	0.0	5.01432373687	1.57614294981	-1.47398937185	5.61863548141	1.67617086753	-1.01177764329	635
50	0.5	0.0	0.0	6.812679157	0.462397082291	-0.862408932291	7.46097104981	0.130114913313	0.0800197495734	636
50	0.5	0.25	0.0	6.61649823298	0.84690280361	-1.22935693915	7.26049911637	0.593773617536	-0.403357570436	637
50	0.5	0.5	0.0	6.15996247273	1.13664661994	-1.47425395519	6.79647228183	0.976992137063	-0.779565439763	638
50	0.5	0.75	0.0	5.56906830918	1.32798608167	-1.59602689486	6.2029599101	1.28406026758	-1.05783581909	639
50	0.5	1.0	0.0	4.96981217523	1.41727873922	-1.59360267261	5.61403136508	1.51926780479	-1.24740066912	640
50	0.75	0.0	0.0	6.80742938775	0.45315305356	-0.870363641751	7.46312283085	0.117909911148	0.0640625549947	641
50	0.75	0.25	0.0	6.60879572542	0.778433770896	-1.28007006822	7.26290550474	0.517729031691	-0.466935252151	642
50	0.75	0.5	0.0	6.14450238543	1.01939545448	-1.54934343516	6.79852254235	0.855300487083	-0.900739488117	643
50	0.75	0.75	0.0	5.53996477678	1.1746173081	-1.68600078966	6.20238140612	1.12961991226	-1.23588827924	644
50	0.75	1.0	0.0	4.92059830847	1.24267853552	-1.69785917882	5.60688955845	1.33968294215	-1.47091975187	645
50	1.0	0.0	0.0	6.805043129	0.442428	-0.8772	7.46410091314	0.105838960573	0.0535887035102	646
50	1.0	0.25	0.0	6.60228257977	0.706899811967	-1.32273570027	7.26427103771	0.439470583351	-0.520181261359	647
50	1.0	0.5	0.0	6.12823868763	0.906476270466	-1.6061677881	6.80019586859	0.739442414364	-0.999907080389	648
50	1.0	0.75	0.0	5.51176663618	1.03492238023	-1.74922945863	6.20249564174	0.98981622822	-1.37794109445	649
50	1.0	1.0	0.0	4.881721609	1.086003146	-1.773653907	5.60179059313	1.17465379953	-1.64663564443	650
53	0.0	0.0	0.0	6.805043129	0.442428	-0.8772	7.46410091314	0.105838960573	0.0535887035102	651
53	0.0	0.25	0.0	6.60228257977	0.706899811967	-1.32273570027	7.26427103771	0.439470583351	-0.520181261359	652
53	0.0	0.5	0.0	6.12823868763	0.906476270466	-1.6061677881	6.80019586859	0.739442414364	-0.999907080389	653
53	0.0	0.75	0.0	5.51176663618	1.03492238023	-1.74922945863	6.20249564174	0.98981622822	-1.37794109445	654
53	0.0	1.0	0.0	4.881721609	1.086003146	-1.773653907	5.60179059313	1.17465379953	-1.64663564443	655
53	0.25	0.0	0.0	6.79709995338	0.421774416054	-0.886449755741	7.46352127552	0.0814078895443	0.0456639526719	656
53	0.25	0.25	0.0	6.58261614438	0.549348618227	-1.39314382432	7.26456670826	0.265362618853	-0.621208843165	657
53	0.25	0.5	0.0	6.08541614835	0.62488596218	-1.70469420316	6.8026350843	0.436236365096	-1.19363353204	658
53	0.25	0.75	0.0	5.44963224477	0.65123258219	-1.87191831181	6.20487965347	0.572765788798	-1.65688366349	659
53	0.25	1.0	0.0	4.81939671313	0.631234612536	-1.94563356981	5.59845366561	0.653687550481	-1.99623278704	660
53	0.5	0.0	0.0	6.779624967	0.402824978651	-0.889905220605	7.46224607276	0.0541479805596	0.0451234985936	661
53	0.5	0.25	0.0	6.56161151257	0.384903506079	-1.43759042238	7.2639773857	0.0744598764873	-0.690245725817	662
53	0.5	0.5	0.0	6.05866795636	0.311986527665	-1.77356105039	6.80488339437	0.0643659756668	-1.3210673219	663
53	0.5	0.75	0.0	5.41834534731	0.204933854228	-1.97296174214	6.20943804194	0.0312493862084	-1.83970506214	664
53	0.5	1.0	0.0	4.78819473437	0.0846052965857	-2.11093713512	5.60211527155	-0.0175067837779	-2.23852271903	665
53	0.75	0.0	0.0	6.76214998062	0.383695451923	-0.887630075166	7.46097087001	0.0267079822495	0.0503136548175	666
53	0.75	0.25	0.0	6.54597979183	0.214802876059	-1.44674384465	7.26402226498	-0.126674281578	-0.711463196906	667
53	0.75	0.5	0.0	6.0481995823	-0.00551223266612	-1.79802892633	6.80928472536	-0.3281773769	-1.36336012025	668
53	0.75	0.75	0.0	5.41210165057	-0.245337814867	-2.02810030836	6.21811742758	-0.539163934789	-1.90546339063	669
53	0.75	1.0	0.0	4.78097829517	-0.472761811157	-2.22357297887	5.61187954809	-0.720996586316	-2.33785928347	670
53	1.0	0.0	0.0	6.754206805	0.3625016	-0.879688	7.46039123239	0.00173664324433	0.059580734886	671
53	1.0	0.25	0.0	6.54243208964	0.0402851287075	-1.41127244134	7.26622054104	-0.331476493177	-0.669032544025	672
53	1.0	0.5	0.0	6.05421649679	-0.300900518401	-1.76335842753	6.81818300379	-0.693402315581	-1.30166359739	673
53	1.0	0.75	0.0	5.42509686129	-0.640946436309	-2.0130745692	6.23286443085	-1.04290512943	-1.8332167492	674
53	1.0	1.0	0.0	4.790610018	-0.95974372	-2.237549477	5.62685063243	-1.3388492402	-2.25859632344	675
54	0.0	0.0	0.0	6.754206805	0.3625016	-0.879688	7.46039123239	0.00173664324433	0.059580734886	676
54	0.0	0.25	0.0	6.54243208964	0.0402851287075	-1.41127244134	7.26622054104	-0.331476493177	-0.669032544025	677
54	0.0	0.5	0.0	6.05421649679	-0.300900518401	-1.76335842753	6.81818300379	-0.693402315581	-1.30166359739	678
54	0.0	0.75	0.0	5.42509686129	-0.640946436309	-2.0130745692	6.23286443085	-1.04290512943	-1.8332167492	679
54	0.0	1.0	0.0	4.790610018	-0.95974372	-2.237549477	5.62685063243	-1.3388492402	-2.25859632344	680
54	0.25	0.0	0.0	6.7588953225	0.341223720947	-0.865870124398	7.46263925021	-0.0186379370965	0.0764612266594	681
54	0.25	0.25	0.0	6.55910176997	-0.145068518995	-1.31999056815	7.27680924576	-0.553638007504	-0.542893856844	682
54	0.25	0.5	0.0	6.09815933811	-0.609224786425	-1.63148339393	6.84741337731	-1.0683735259	-1.07820153167	683
54	0.25	0.75	0.0	5.49616523677	-1.04664605273	-1.85983462452	6.27903273344	-1.54012497198	-1.52494822043	684
54	0.25	1.0	0.0	4.87321667579	-1.45273328931	-2.06453028268	5.67624840274	-1.94617282542	-1.87862034572	685
54	0.5	0.0	0.0	6.769210061	0.32532599994	-0.84738953729	7.46758488942	-0.032548400935	0.101679569346	686
54	0.5	0.25	0.0	6.58970977487	-0.312407979573	-1.18020842684	7.29476311676	-0.760890593746	-0.347896638156	687
54	0.5	0.5	0.0	6.17649881695	-0.908152323059	-1.40339905343	6.89486322151	-1.42866973805	-0.710714285734	688
54	0.5	0.75	0.0	5.62619941037	-1.45529439138	-1.564650643	6.35442071021	-2.02411809816	-1.00111563645	689
54	0.5	1.0	0.0	5.03543377827	-1.94722154538	-1.71165242148	5.75997108942	-2.53546793837	-1.23344295337	690
54	0.75	0.0	0.0	6.7795247995	0.315373203964	-0.825136183537	7.47253052863	-0.0405139397437	0.130670678677	691
54	0.75	0.25	0.0	6.62036875235	-0.433510758001	-1.00225796239	7.31152735289	-0.908376667653	-0.109047664843	692
54	0.75	0.5	0.0	6.25503119143	-1.13353956004	-1.11235961642	6.93849336792	-1.69432926958	-0.272726526992	693
54	0.75	0.75	0.0	5.75685911564	-1.77057572101	-1.18892173194	6.4235430152	-2.38776788761	-0.388806401788	694
54	0.75	1.0	0.0	5.19919952387	-2.33048175976	-1.26542489529	5.83679073623	-2.97808866381	-0.485727783251	695
54	1.0	0.0	0.0	6.784213317	0.3119301	-0.800000008	7.47477854645	-0.0430537449951	0.158869470386	696
54	1.0	0.25	0.0	6.6371913504	-0.480154359253	-0.796471119821	7.318547153	-0.951238644978	0.148646286217	697
54	1.0	0.5	0.0	6.29955271967	-1.22124292911	-0.791619293285	6.95626464807	-1.78539043806	0.162237077147	698
54	1.0	0.75	0.0	5.82980408611	-1.89617431041	-0.794046998606	6.45091430245	-2.52395771998	0.184892079039	699
54	1.0	1.0	0.0	5.286452111	-2.489787204	-0.812356706	5.86547938694	-3.14538908649	0.201861527757	700
57	0.0	0.0	0.0	6.784213317	0.3119301	-0.800000008	7.47477854645	-0.0430537449951	0.158869470386	701
57	0.0	0.25	0.0	6.6371913504	-0.480154359253	-0.796471119821	7.318547153	-0.951238644978	0.148646286217	702
57	0.0	0.5	0.0	6.29955271967	-1.22124292911	-0.791619293285	6.95626464807	-1.78539043806	0.162237077147	703
57	0.0	0.75	0.0	5.82980408611	-1.89617431041	-0.794046998606	6.45091430245	-2.52395771998	0.184892079039	704
57	0.0	1.0	0.0	5.286452111	-2.489787204	-0.812356706	5.86547938694	-3.14538908649	0.201861527757	705
57	0.25	0.0	0.0	6.790282297	0.31521467194	-0.774412815906	7.47455674635	-0.0411229731983	0.191694438009	706
57	0.25	0.25	0.0	6.64322689052	-0.447648836398	-0.566027734044	7.31555923695	-0.900462780765	0.429371855106	707
57	0.25	0.5	0.0	6.30334249363	-1.16177956134	-0.41024555578	6.94521895474	-1.69999199435	0.64058268714	708
57	0.25	0.75	0.0	5.82604208627	-1.81041624802	-0.310965310413	6.4270045148	-2.41183305537	0.812702494207	709
57	0.25	1.0	0.0	5.26673864837	-2.37679764155	-0.272086027245	5.82438453221	-3.0081084052	0.933106836398	710
57	0.5	0.0	0.0	6.803634053	0.324903252551	-0.75234218839	7.47406878613	-0.034412752901	0.229688171687	711
57	0.5	0.25	0.0	6.64888993275	-0.353954866314	-0.347971450481	7.30897517707	-0.793682754509	0.700915909579	712
57	0.5	0.5	0.0	6.28855709464	-0.99720757756	-0.0160522597454	6.92149742288	-1.49834486154	1.12985981605	713
57	0.5	0.75	0.0	5.78288553315	-1.57587794965	0.214270437903	6.37774084363	-2.12813610155	1.47308995645	714
57	0.5	1.0	0.0	5.19212524279	-2.06098905103	0.31385169655	5.7438107594	-2.6627935021	1.68717639614	715
57	0.75	0.0	0.0	6.816985809	0.340748131887	-0.734178468679	7.47358082592	-0.0215462338792	0.26377499756	716
57	0.75	0.25	0.0	6.65335346578	-0.20431772922	-0.164630420244	7.30000681745	-0.623394385539	0.931885360407	717
57	0.75	0.5	0.0	6.27041286577	-0.739289411284	0.32580966619	6.89078188759	-1.1908152883	1.55046408699	718
57	0.75	0.75	0.0	5.73576362727	-1.22193988004	0.679201944189	6.31881665348	-1.70934240336	2.04533637243	719
57	0.75	1.0	0.0	5.11700536857	-1.61004210124	0.837606567319	5.65702173229	-2.16450919193	2.34232741182	720
57	1.0	0.0	0.0	6.823054789	0.3625016	-0.720312	7.47335902582	-0.00114656590858	0.284879241768	721
57	1.0	0.25	0.0	6.65579047832	-0.00398270533133	-0.0383327944444	7.28986600222	-0.382093493179	1.09088711836	722
57	1.0	0.5	0.0	6.26412615013	-0.399787496037	0.550189293399	6.85875418398	-0.787769523329	1.82279112309	723
57	1.0	0.75	0.0	5.72010556913	-0.777982503975	0.981370906293	6.26592530886	-1.19192750564	2.40872364878	724
57	1.0	1.0	0.0	5.0957725	-1.091637461	1.191328687	5.59728111462	-1.56832028938	2.77681708827	725
58	0.0	0.0	0.0	6.823054789	0.3625016	-0.720312	7.47335902582	-0.00114656590858	0.284879241768	726
58	0.0	0.25	0.0	6.65579047832	-0.00398270533133	-0.0383327944444	7.28986600222	-0.382093493179	1.09088711836	727
58	0.0	0.5	0.0	6.26412615013	-0.399787496037	0.550189293399	6.85875418398	-0.787769523329	1.82279112309	728
58	0.0	0.75	0.0	5.72010556913	-0.777982503975	0.981370906293	6.26592530886	-1.19192750564	2.40872364878	729
58	0.0	1.0	0.0	5.0957725	-1.091637461	1.191328687	5.59728111462	-1.56832028938	2.77681708827	730
58	0.25	0.0	0.0	6.82701370181	0.382547747615	-0.713471955059	7.47272670893	0.0281081630376	0.289651841811	731
58	0.25	0.25	0.0	6.65840861777	0.182677347704	0.000190846798783	7.28225619294	-0.159447808313	1.13705409517	732
58	0.25	0.5	0.0	6.2641959412	-0.071599491425	0.609783383587	6.83604800511	-0.405534461027	1.89422943687	733
58	0.25	0.75	0.0	5.72111212398	-0.340763133894	1.06069796187	6.23123977413	-0.683706549969	2.50312435681	734
58	0.25	1.0	0.0	5.10589361798	-0.585293943825	1.29832688823	5.56496912868	-0.967518830005	2.90568534488	735
58	0.5	0.0	0.0	6.83572331	0.402777493082	-0.711617664489	7.47133561176	0.0685967874332	0.286957753605	736
58	0.5	0.25	0.0	6.66325305594	0.369083936505	-0.0210002958097	7.2768188204	0.0504365931126	1.10727971864	737
58	0.5	0.5	0.0	6.26021600435	0.267566642695	0.568162944822	6.81999050105	-0.0214322565224	1.84437797123	738
58	0.5	0.75	0.0	5.71213124781	0.128342293287	1.00886205123	6.20489226252	-0.139284239374	2.44165533146	739
58	0.5	1.0	0.0	5.10451787893	-0.0184724300826	1.25408701724	5.5355657136	-0.295393833343	2.84251461941	740
58	0.75	0.0	0.0	6.84443291819	0.422850892008	-0.714738466675	7.46994451459	0.108929065288	0.279288572644	741
58	0.75	0.25	0.0	6.66872479551	0.547666131502	-0.0848097212193	7.27314709025	0.248242658685	1.0254099501	742
58	0.75	0.5	0.0	6.25796443699	0.596512827231	0.455823684285	6.80970689243	0.343284407755	1.70656573326	743
58	0.75	0.75	0.0	5.70562119119	0.587386279271	0.866740098325	6.18897536826	0.383828081588	2.2641870479	744
58	0.75	1.0	0.0	5.10516440667	0.538281787701	1.10751786939	5.52030396488	0.359647449275	2.63970501976	745
58	1.0	0.0	0.0	6.848391831	0.442428	-0.7228237	7.4693121977	0.137714754611	0.269135894421	746
58	1.0	0.25	0.0	6.67322483915	0.710853003124	-0.174140928379	7.27083420815	0.434653335993	0.915290750875	747
58	1.0	0.5	0.0	6.26321933653	0.894040983089	0.303261309158	6.80432239987	0.667362849379	1.51412173006	748
58	1.0	0.75	0.0	5.71404020464	0.99442132576	0.675209027117	6.18558168559	0.828119068357	2.01058998129	749
58	1.0	1.0	0.0	5.121352325	1.014423417	0.90752824	5.53041697803	0.909197766518	2.34965665386	750
61	0.0	0.0	0.0	6.848391831	0.442428	-0.7228237	7.4693121977	0.137714754611	0.269135894421	751
61	0.0	0.25	0.0	6.67322483915	0.710853003124	-0.174140928379	7.27083420815	0.434653335993	0.915290750875	752
61	0.0	0.5	0.0	6.26321933653	0.894040983089	0.303261309158	6.80432239987	0.667362849379	1.51412173006	753
61	0.0	0.75	0.0	5.71404020464	0.99442132576	0.675209027117	6.18558168559	0.828119068357	2.01058998129	754
61	0.0	1.0	0.0	5.121352325	1.014423417	0.90752824	5.53041697803	0.909197766518	2.34965665386	755
61	0.25	0.0	0.0	6.84756600459	0.452903740174	-0.729590292215	7.46892362828	0.143463189401	0.257853626665	756
61	0.25	0.25	0.0	6.67551301824	0.791804433327	-0.229947162589	7.27106923823	0.529926738635	0.845659581056	757
61	0.25	0.5	0.0	6.27205374741	1.03462549893	0.212268052316	6.80665287698	0.817997960328	1.39238524457	758
61	0.25	0.75	0.0	5.72954788446	1.17745992377	0.562442586626	6.19270491791	1.01565939535	1.84791979717	759
61	0.25	1.0	0.0	5.14035512175	1.21640069462	0.785963674467	5.5462557344	1.13089358456	2.16215241881	760
61	0.5	0.0	0.0	6.8457491865	0.462274915306	-0.737725084694	7.46806877557	0.142434292688	0.239784347998	761
61	0.5	0.25	0.0	6.67870717757	0.870226005643	-0.294281789977	7.27241900358	0.62002524521	0.762030943559	762
61	0.5	0.5	0.0	6.28568486501	1.17851888019	0.103694799406	6.81326960373	0.967120011296	1.24063779706	763
61	0.5	0.75	0.0	5.75260051713	1.37004664972	0.421478376407	6.20608314717	1.20507782851	1.6365600558	764
61	0.5	1.0	0.0	5.16537240226	1.42770242501	0.624342633983	5.56632220508	1.35525793441	1.91075286708	765
61	0.75	0.0	0.0	6.84393236841	0.470409707785	-0.747096259826	7.46721392286	0.140169013323	0.220478686677	766
61	0.75	0.25	0.0	6.68214601574	0.939299603767	-0.365071182953	7.27361265591	0.700720651069	0.669662024534	767
61	0.75	0.5	0.0	6.29968568454	1.30756290532	-0.0141156073399	6.819390169	1.09923470495	1.0756832128	768
61	0.75	0.75	0.0	5.77506916627	1.54278892413	0.267990519301	6.21858813426	1.37107384381	1.40788259019	769
61	0.75	1.0	0.0	5.18681425239	1.6125669719	0.443467249258	5.58524822385	1.55160073651	1.63560049543	770
61	1.0	0.0	0.0	6.843106542	0.4771763	-0.757572	7.46682535344	0.142208300154	0.205487270963	771
61	1.0	0.25	0.0	6.68516823137	0.992207111391	-0.440241713928	7.27337934696	0.767784751563	0.573810010128	772
61	1.0	0.5	0.0	6.30962920125	1.40359935275	-0.132820325686	6.82023216169	1.19884774396	0.914325317073	773
61	1.0	0.75	0.0	5.7888248955	1.66629416749	0.117653138149	6.22309164007	1.48834691724	1.19325923338	774
61	1.0	1.0	0.0	5.195090758	1.735232699	0.264139651	5.59766562455	1.68923191129	1.37683780061	775
62	0.0	0.0	0.0	6.843106542	0.4771763	-0.757572	7.46682535344	0.142208300154	0.205487270963	776
62	0.0	0.25	0.0	6.68516823137	0.992207111391	-0.440241713928	7.27337934696	0.767784751563	0.573810010128	777
62	0.0	0.5	0.0	6.30962920125	1.40359935275	-0.132820325686	6.82023216169	1.19884774396	0.914325317073	778
62	0.0	0.75	0.0	5.7888248955	1.66629416749	0.117653138149	6.22309164007	1.48834691724	1.19325923338	779
62	0.0	1.0	0.0	5.195090758	1.735232699	0.264139651	5.59766562455	1.68923191129	1.37683780061	780
62	0.25	0.0	0.0	6.83911152044	0.48244278471	-0.768218680115	7.46580794393	0.143360024164	0.192978605733	781
62	0.25	0.25	0.0	6.68207173012	1.02194331838	-0.51997179309	7.26985419058	0.812919070708	0.474534435751	782
62	0.25	0.5	0.0	6.3066551156	1.45035543789	-0.262996859414	6.81207351753	1.25644384725	0.746486561077	783
62	0.25	0.75	0.0	5.7827013854	1.72043003461	-0.050200050059	6.21387237914	1.54852652423	0.969668116332	784
62	0.25	1.0	0.0	5.18005024801	1.7849179999	0.0655124640045	5.59665722977	1.76375927211	1.10491223614	785
62	0.5	0.0	0.0	6.830322473	0.485791419168	-0.777972510835	7.46356964301	0.137656185081	0.179128407761	786
62	0.5	0.25	0.0	6.67154856342	1.03125144126	-0.602549442988	7.26371183765	0.832246287702	0.372610382902	787
62	0.5	0.5	0.0	6.29080499909	1.45890331405	-0.414343229686	6.79825747499	1.28144175222	0.55727909948	788
62	0.5	0.75	0.0	5.75930687971	1.72722514599	-0.258344717948	6.19623298815	1.57623577793	0.701593750768	789
62	0.5	1.0	0.0	5.14826930497	1.79469504552	-0.179544754793	5.58666481031	1.80762156415	0.774013530041	790
62	0.75	0.0	0.0	6.82153342556	0.487555894042	-0.788133083388	7.46133134208	0.130368186414	0.164871467957	791
62	0.75	0.25	0.0	6.65915828933	1.02882995191	-0.687925196509	7.25778160502	0.833476323551	0.269341069711	792
62	0.75	0.5	0.0	6.26998586646	1.44647355716	-0.572608791987	6.78522064828	1.28666984004	0.364158299547	793
62	0.75	0.75	0.0	5.73007913667	1.70809362337	-0.475777863867	6.17991435454	1.58637549615	0.427980003404	794
62	0.75	1.0	0.0	5.1155010797	1.78129706414	-0.431026406194	5.57812860647	1.82902005215	0.439463027221	795
62	1.0	0.0	0.0	6.817538404	0.4880699	-0.799999989	7.46031393257	0.126767431672	0.15114257723	796
62	1.0	0.25	0.0	6.65046046593	1.02337732224	-0.77604958654	7.25489280951	0.824319099259	0.166029714312	797
62	1.0	0.5	0.0	6.25210473247	1.43029674317	-0.723542901805	6.77939965164	1.28495649189	0.184579528546	798
62	1.0	0.75	0.0	5.70645591452	1.68444958852	-0.671496486167	6.17465736574	1.59384649672	0.187770740961	799
62	1.0	1.0	0.0	5.097498723	1.761457284	-0.648926891	5.58148885857	1.83615600089	0.156582072587	800
