Elem	xi[0]	xi[1]	xi[2]	Y[0]	Y[1]	Y[2]	y[0]	y[1]	y[2]	Index
1	0.0	0.0	0.0	0.126057866	1.912086343	-0.591083372	0.391420890911	1.43748468531	0.104659523102	1
1	0.0	0.25	0.0	-0.419804864485	2.10869098381	-0.634559361427	-0.195201999203	1.48603092829	0.116780428149	2
1	0.0	0.5	0.0	-0.970478513362	2.33926215114	-0.701533527468	-0.798657263807	1.55335803528	0.129773532178	3
1	0.0	0.75	0.0	-1.50576845181	2.5546018894	-0.764585300524	-1.40629868653	1.62172072632	0.139292087522	4
1	0.0	1.0	0.0	-2.005480051	2.705512243	-0.796294111	-2.005480051	1.67337372148	0.140989346513	5
1	0.25	0.0	0.0	0.179865338417	1.86203097766	-0.836521128149	0.422804516066	1.42221662586	-0.290939808401	6
1	0.25	0.25	0.0	-0.372409697729	2.07810643399	-0.882452334762	-0.158855933189	1.47581471183	-0.290600676252	7
1	0.25	0.5	0.0	-0.933584196172	2.35615242854	-0.945772430486	-0.769434093258	1.56219579851	-0.276297085469	8
1	0.25	0.75	0.0	-1.4796111967	2.62181873121	-1.00738663881	-1.38620501246	1.6539424818	-0.264474060474	9
1	0.25	1.0	0.0	-1.98644373911	2.80075511189	-1.04820018321	-1.98644373911	1.72363735764	-0.271576625687	10
1	0.5	0.0	0.0	0.242200698184	1.72694330858	-1.14391420796	0.471485767593	1.36365953089	-0.760864094197	11
1	0.5	0.25	0.0	-0.314346155784	1.96102741693	-1.19900782523	-0.11646378624	1.41850252065	-0.794289740291	12
1	0.5	0.5	0.0	-0.887756787071	2.26002022244	-1.2694337101	-0.729540633349	1.50627703103	-0.802468656339	13
1	0.5	0.75	0.0	-1.44742681571	2.54183675468	-1.34280665667	-1.35066368732	1.60257589011	-0.804844111565	14
1	0.5	1.0	0.0	-1.96275186173	2.72439204318	-1.40674145903	-1.96275186173	1.68299192597	-0.820859375194	15
1	0.75	0.0	0.0	0.283729682359	1.57432900821	-1.47058980929	0.514029546276	1.28913220563	-1.226444935	16
1	0.75	0.25	0.0	-0.274371649151	1.81142460364	-1.52417995233	-0.0842694165552	1.33581368714	-1.29373119955	17
1	0.75	0.5	0.0	-0.850008363519	2.10584968816	-1.58751357195	-0.696606945579	1.40998755974	-1.32548087227	18
1	0.75	0.75	0.0	-1.41433511478	2.37601158306	-1.66286413781	-1.31676025449	1.49591993765	-1.34087978083	19
1	0.75	1.0	0.0	-1.93850655699	2.54031760963	-1.75250511959	-1.93850655699	1.57787693511	-1.3591137529	20
1	1.0	0.0	0.0	0.275118028	1.471693749	-1.77387513	0.527000752898	1.22595345525	-1.60901393152	21
1	1.0	0.25	0.0	-0.281243588327	1.68326866514	-1.79792283555	-0.078516682336	1.24946754373	-1.68836948963	22
1	1.0	0.5	0.0	-0.837351002975	1.94862498102	-1.81500822167	-0.688263091444	1.29771321155	-1.72207342511	23
1	1.0	0.75	0.0	-1.38545589989	2.18569883964	-1.85957786596	-1.30158025736	1.36227361082	-1.73164278334	24
1	1.0	1.0	0.0	-1.917809963	2.312426384	-1.966078346	-1.917809963	1.43473189369	-1.7385946097	25
2	0.0	0.0	0.0	0.275118028	1.471693749	-1.77387513	0.527000752898	1.22595345525	-1.60901393152	26
2	0.0	0.25	0.0	-0.281243588327	1.68326866514	-1.79792283555	-0.078516682336	1.24946754373	-1.68836948963	27
2	0.0	0.5	0.0	-0.837351002975	1.94862498102	-1.81500822167	-0.688263091444	1.29771321155	-1.72207342511	28
2	0.0	0.75	0.0	-1.38545589989	2.18569883964	-1.85957786596	-1.30158025736	1.36227361082	-1.73164278334	29
2	0.0	1.0	0.0	-1.917809963	2.312426384	-1.966078346	-1.917809963	1.43473189369	-1.7385946097	30
2	0.25	0.0	0.0	0.247804857106	1.48845714839	-1.99757100902	0.507880764844	1.24738294674	-1.89482537965	31
2	0.25	0.25	0.0	-0.296784634702	1.62270554058	-1.99620051932	-0.0883300031718	1.21307673541	-1.97959613598	32
2	0.25	0.5	0.0	-0.833989458493	1.80338483014	-1.97049360533	-0.688609921168	1.20003342604	-2.02302655525	33
2	0.25	0.75	0.0	-1.36405074818	1.9602928241	-1.96259420862	-1.28941709678	1.2052204031	-2.03617182414	34
2	0.25	1.0	0.0	-1.88720963766	2.02322732952	-2.01464627075	-1.88720963766	1.22560505101	-2.03008712931	35
2	0.5	0.0	0.0	0.228179332454	1.56838473646	-2.24435938485	0.473876104585	1.33080965668	-2.24821410007	36
2	0.5	0.25	0.0	-0.296586407474	1.58250319655	-2.22780714011	-0.0991585773879	1.20581923807	-2.33205165162	37
2	0.5	0.5	0.0	-0.829878872637	1.63459087386	-2.16269719633	-0.682383481925	1.09893116757	-2.37104954364	38
2	0.5	0.75	0.0	-1.35241721764	1.67683615652	-2.07194331616	-1.26717776863	1.0085416616	-2.37230618113	39
2	0.5	1.0	0.0	-1.8449205971	1.66142743262	-1.97845926224	-1.8449205971	0.933046936593	-2.34291996914	40
2	0.75	0.0	0.0	0.215337818324	1.63618634356	-2.48009843225	0.43911493457	1.39984303979	-2.59679524358	41
2	0.75	0.25	0.0	-0.288025821008	1.53499856282	-2.44895747823	-0.11221058699	1.18457954881	-2.67304565951	42
2	0.75	0.5	0.0	-0.820736944956	1.45649181822	-2.33831836825	-0.681759891561	0.973206631031	-2.69099756848	43
2	0.75	0.75	0.0	-1.34202233103	1.37916284213	-2.15767438036	-1.25342770589	0.771864726822	-2.6645751785	44
2	0.75	1.0	0.0	-1.81110875673	1.28150836691	-1.91651879261	-1.81110875673	0.586694276537	-2.60770269759	45
2	1.0	0.0	0.0	0.208376679	1.6165718	-2.670646326	0.417725417252	1.37809255078	-2.86818396096	46
2	1.0	0.25	0.0	-0.278479789674	1.4525285692	-2.61586631401	-0.128694213985	1.10624216468	-2.92988778257	47
2	1.0	0.5	0.0	-0.802281374999	1.28333636926	-2.44405649466	-0.698915267918	0.801660011339	-2.90772580798	48
2	1.0	0.75	0.0	-1.32433311107	1.11110688618	-2.18983659298	-1.26673234158	0.494816939258	-2.83750814041	49
2	1.0	1.0	0.0	-1.805940032	0.937951806	-1.887826334	-1.805940032	0.216183796936	-2.75504488307	50
5	0.0	0.0	0.0	0.208376679	1.6165718	-2.670646326	0.417725417252	1.37809255078	-2.86818396096	51
5	0.0	0.25	0.0	-0.278479789674	1.4525285692	-2.61586631401	-0.128694213985	1.10624216468	-2.92988778257	52
5	0.0	0.5	0.0	-0.802281374999	1.28333636926	-2.44405649466	-0.698915267918	0.801660011339	-2.90772580798	53
5	0.0	0.75	0.0	-1.32433311107	1.11110688618	-2.18983659298	-1.26673234158	0.494816939258	-2.83750814041	54
5	0.0	1.0	0.0	-1.805940032	0.937951806	-1.887826334	-1.805940032	0.216183796936	-2.75504488307	55
5	0.25	0.0	0.0	0.187423868271	0.982617324758	-3.0276876821	0.389878517198	0.593267738148	-3.51596480555	56
5	0.25	0.25	0.0	-0.301558184728	0.864334437771	-2.86719957168	-0.194571896249	0.369341954698	-3.45839708358	57
5	0.25	0.5	0.0	-0.812621427846	0.731000800147	-2.54512692396	-0.785256911383	0.0978244361041	-3.25866290315	58
5	0.25	0.75	0.0	-1.34434987785	0.589428357427	-2.16258423704	-1.35967572941	-0.178834269379	-3.00878782508	59
5	0.25	1.0	0.0	-1.89532755153	0.446429055149	-1.82068600901	-1.89532755153	-0.418183613498	-2.8007974102	60
5	0.5	0.0	0.0	0.163694697738	-0.0151725091157	-2.97710744212	0.38918050962	-0.726932353146	-3.80392271003	61
5	0.5	0.25	0.0	-0.36118777184	-0.0422688070027	-2.73219674994	-0.263285617934	-0.849699802408	-3.63073844185	62
5	0.5	0.5	0.0	-0.885293447685	-0.071959717828	-2.39684330894	-0.893852979915	-0.980711765101	-3.37854707583	63
5	0.5	0.75	0.0	-1.44227203341	-0.0854332926292	-2.01795346217	-1.49664203269	-1.08582765143	-3.07920830637	64
5	0.5	1.0	0.0	-2.06577323261	-0.0638775824441	-1.64243355264	-2.06577323261	-1.13090687159	-2.76458182789	65
5	0.75	0.0	0.0	0.143112238836	-1.10023021543	-2.74798829958	0.417871460715	-2.16175475564	-3.79663572888	66
5	0.75	0.25	0.0	-0.427744883957	-1.03300912243	-2.49048794825	-0.305392361306	-2.17605151418	-3.57883116375	67
5	0.75	0.5	0.0	-0.979291844845	-0.928063359454	-2.19022008447	-0.988034921748	-2.12747874944	-3.33757928004	68
5	0.75	0.75	0.0	-1.56630978039	-0.773377828063	-1.83751572359	-1.63308711292	-2.01746957828	-3.04840870504	69
5	0.75	1.0	0.0	-2.24357982714	-0.556937429815	-1.42270588094	-2.24357982714	-1.8474571176	-2.68684806606	70
5	1.0	0.0	0.0	0.131599563	-1.995988308	-2.569412948	0.478191436681	-3.29044650188	-3.55868191661	71
5	1.0	0.25	0.0	-0.471605854026	-1.87361446582	-2.4217032661	-0.29144910863	-3.23488158817	-3.43459455565	72
5	1.0	0.5	0.0	-1.05361102965	-1.63982829952	-2.1162716854	-1.03113418512	-3.03600667407	-3.20596046979	73
5	1.0	0.75	0.0	-1.66467332146	-1.33430501295	-1.7028424765	-1.72446683162	-2.76506642135	-2.91602814184	74
5	1.0	1.0	0.0	-2.355050087	-0.99671981	-1.23113991	-2.355050087	-2.49330549179	-2.60804605461	75
6	0.0	0.0	0.0	0.131599563	-1.995988308	-2.569412948	0.478191436681	-3.29044650188	-3.55868191661	76
6	0.0	0.25	0.0	-0.471605854026	-1.87361446582	-2.4217032661	-0.29144910863	-3.23488158817	-3.43459455565	77
6	0.0	0.5	0.0	-1.05361102965	-1.63982829952	-2.1162716854	-1.03113418512	-3.03600667407	-3.20596046979	78
6	0.0	0.75	0.0	-1.66467332146	-1.33430501295	-1.7028424765	-1.72446683162	-2.76506642135	-2.91602814184	79
6	0.0	1.0	0.0	-2.355050087	-0.99671981	-1.23113991	-2.355050087	-2.49330549179	-2.60804605461	80
6	0.25	0.0	0.0	0.208390968375	-2.7358283053	-2.2549677902	0.59092876802	-4.11889280738	-2.95153510368	81
6	0.25	0.25	0.0	-0.412777726775	-2.58139808899	-2.21603175027	-0.208997568263	-4.02979187878	-2.93631396634	82
6	0.25	0.5	0.0	-1.02808623856	-2.27382806304	-1.92630271424	-0.996834993964	-3.76866220618	-2.72803483677	83
6	0.25	0.75	0.0	-1.67430854845	-1.89754812235	-1.48733815081	-1.73557739015	-3.44200070444	-2.45447795192	84
6	0.25	1.0	0.0	-2.38821863789	-1.5369881618	-1.00069552862	-2.38821863789	-3.15630428842	-2.24342354871	85
6	0.5	0.0	0.0	0.376511815652	-3.493823546	-1.60902542076	0.736149689601	-4.89416089339	-1.97027951921	86
6	0.5	0.25	0.0	-0.260656164485	-3.29060757089	-1.57265270305	-0.0941689836869	-4.76830671347	-1.9644507584	87
6	0.5	0.5	0.0	-0.905943272884	-2.9421947671	-1.39446529597	-0.910702148696	-4.48534297664	-1.82722645733	88
6	0.5	0.75	0.0	-1.60032205351	-2.53643461028	-1.09332617788	-1.68403807954	-4.13090876849	-1.64036814177	89
6	0.5	1.0	0.0	-2.38476505034	-2.16117657611	-0.688098327144	-2.38476505034	-3.79064317462	-1.48563733752	90
6	0.75	0.0	0.0	0.527529970103	-4.21036677569	-0.846205021941	0.855653410262	-5.56424975268	-0.877137193024	91
6	0.75	0.25	0.0	-0.12466145746	-3.96662314103	-0.777113087717	0.00522047089147	-5.41180741323	-0.845442222425	92
6	0.75	0.5	0.0	-0.785795336396	-3.58025836516	-0.719888846821	-0.828135898544	-5.10974670381	-0.792650764553	93
6	0.75	0.75	0.0	-1.5142762972	-3.13261411067	-0.601692954648	-1.62563820873	-4.72065405898	-0.717907498924	94
6	0.75	1.0	0.0	-2.36850897037	-2.70503204011	-0.349686066597	-2.36850897037	-4.3071159133	-0.620357105055	95
6	1.0	0.0	0.0	0.553013297	-4.82585074	-0.181125776	0.89123913884	-6.07715837801	0.065669845055	96
6	1.0	0.25	0.0	-0.114213896	-4.5748250289	-0.114959867522	0.0413546212669	-5.92167529903	0.0942743510183	97
6	1.0	0.5	0.0	-0.76625563287	-4.12334881071	-0.101702783056	-0.804536492743	-5.56557110603	0.0865768084484	98
6	1.0	0.75	0.0	-1.48773374005	-3.56773625741	-0.0933248780608	-1.61616708667	-5.10010002136	0.068695189092	99
6	1.0	1.0	0.0	-2.363270044	-3.004301541	-0.041796508	-2.363270044	-4.61651626737	0.0667474646959	100
9	0.0	0.0	0.0	0.553013297	-4.82585074	-0.181125776	0.89123913884	-6.07715837801	0.065669845055	101
9	0.0	0.25	0.0	-0.114213896	-4.5748250289	-0.114959867522	0.0413546212669	-5.92167529903	0.0942743510183	102
9	0.0	0.5	0.0	-0.76625563287	-4.12334881071	-0.101702783056	-0.804536492743	-5.56557110603	0.0865768084484	103
9	0.0	0.75	0.0	-1.48773374005	-3.56773625741	-0.0933248780608	-1.61616708667	-5.10010002136	0.068695189092	104
9	0.0	1.0	0.0	-2.363270044	-3.004301541	-0.041796508	-2.363270044	-4.61651626737	0.0667474646959	105
9	0.25	0.0	0.0	0.440334173459	-4.95824061872	0.594631655144	0.797531006854	-6.0960339871	1.08657392866	106
9	0.25	0.25	0.0	-0.225734883723	-4.71239658309	0.649101782196	-0.0347207016918	-5.92797534022	1.10522833822	107
9	0.25	0.5	0.0	-0.842244590263	-4.20334823631	0.64553230671	-0.867590743593	-5.50777836584	1.06461399565	108
9	0.25	0.75	0.0	-1.51731815533	-3.54492783945	0.572328735812	-1.65705235901	-4.96345205888	0.993202676655	109
9	0.25	1.0	0.0	-2.3590787881	-2.85096765356	0.417896576628	-2.3590787881	-4.4230054143	0.919466156911	110
9	0.5	0.0	0.0	0.286178886756	-4.40432508256	1.53407155554	0.620861534946	-5.46215380704	2.26640343138	111
9	0.5	0.25	0.0	-0.353486499604	-4.14657765808	1.61190665036	-0.187478802791	-5.25478617514	2.30287073155	112
9	0.5	0.5	0.0	-0.924419494294	-3.63584486118	1.53010217146	-0.964540957891	-4.81502856302	2.22835274933	113
9	0.5	0.75	0.0	-1.54566366695	-2.98140352262	1.31730916179	-1.68818289711	-4.25282482765	2.11727278236	114
9	0.5	1.0	0.0	-2.3362625872	-2.29253047317	1.00217866428	-2.3362625872	-3.67811882594	2.04405412829	115
9	0.75	0.0	0.0	0.127139592175	-3.51337982411	2.32999245392	0.43394220144	-4.49830595653	3.32285274956	116
9	0.75	0.25	0.0	-0.476816034836	-3.25368768922	2.42979471041	-0.343090344185	-4.27118726917	3.37066817787	117
9	0.75	0.5	0.0	-1.0022233664	-2.78436845982	2.2812206885	-1.04220261877	-3.85379548812	3.28435606829	118
9	0.75	0.75	0.0	-1.57167414208	-2.20188705502	1.94027106084	-1.68866805898	-3.31971449739	3.14246325953	119
9	0.75	1.0	0.0	-2.30776010146	-1.60270839394	1.46294650005	-2.30776010146	-2.74252818096	3.02353659032	120
9	1.0	0.0	0.0	-0.000191555	-2.634680536	2.675192879	0.309484484662	-3.52727855425	3.9736162796	121
9	1.0	0.25	0.0	-0.575070780614	-2.41004611187	2.75910593576	-0.427725988033	-3.34625808772	3.99208732403	122
9	1.0	0.5	0.0	-1.06509922801	-2.01244880674	2.62810173512	-1.04739120937	-2.99055293166	3.93918695133	123
9	1.0	0.75	0.0	-1.5942534479	-1.53110218474	2.23986909392	-1.63761720261	-2.51561723784	3.77033186148	124
9	1.0	1.0	0.0	-2.286509991	-1.05521981	1.552096829	-2.286509991	-1.97690515804	3.44093875448	125
10	0.0	0.0	0.0	-0.000191555	-2.634680536	2.675192879	0.309484484662	-3.52727855425	3.9736162796	126
10	0.0	0.25	0.0	-0.575070780614	-2.41004611187	2.75910593576	-0.427725988033	-3.34625808772	3.99208732403	127
10	0.0	0.5	0.0	-1.06509922801	-2.01244880674	2.62810173512	-1.04739120937	-2.99055293166	3.93918695133	128
10	0.0	0.75	0.0	-1.5942534479	-1.53110218474	2.23986909392	-1.63761720261	-2.51561723784	3.77033186148	129
10	0.0	1.0	0.0	-2.286509991	-1.05521981	1.552096829	-2.286509991	-1.97690515804	3.44093875448	130
10	0.25	0.0	0.0	-0.0574507954283	-1.86391493442	2.56321441554	0.287988703999	-2.59652088559	4.13462857788	131
10	0.25	0.25	0.0	-0.607348851196	-1.72003013818	2.57733115865	-0.421756910784	-2.50261653467	4.09301232172	132
10	0.25	0.5	0.0	-1.09119772622	-1.46526600659	2.45149571541	-1.02736446435	-2.29198000555	4.00701130459	133
10	0.25	0.75	0.0	-1.61351391241	-1.14876690358	2.10608636913	-1.61699608515	-1.99196904197	3.81032555314	134
10	0.25	1.0	0.0	-2.27881390164	-0.819677193104	1.46148140316	-2.27881390164	-1.62994138768	3.43665509404	135
10	0.5	0.0	0.0	-0.0682381252483	-0.96836285107	2.23979177139	0.322318338362	-1.46061916738	4.02530403474	136
10	0.5	0.25	0.0	-0.590001913746	-0.896969720574	2.18897549214	-0.361570763121	-1.41640651737	3.98135455801	137
10	0.5	0.5	0.0	-1.09585226977	-0.785174188239	2.02988622295	-0.99633957551	-1.34187968771	3.85662936095	138
10	0.5	0.75	0.0	-1.63838496522	-0.653026974524	1.75138454598	-1.61990795855	-1.25523579897	3.66032166254	139
10	0.5	1.0	0.0	-2.27019577197	-0.52057879989	1.34233104339	-2.27019577197	-1.17467197174	3.40162468175	140
10	0.75	0.0	0.0	-0.0469786501942	-0.124030245935	1.7686479258	0.382865755161	-0.369232297398	3.66913000895	141
10	0.75	0.25	0.0	-0.550032371183	-0.119899504471	1.68968274922	-0.280246632828	-0.374930200268	3.67229642482	142
10	0.75	0.5	0.0	-1.09046768016	-0.132791797987	1.5131463036	-0.962083760575	-0.425302278841	3.56240000971	143
10	0.75	0.75	0.0	-1.66319187625	-0.163387446739	1.3132799608	-1.63294063389	-0.52511524788	3.41328005211	144
10	0.75	1.0	0.0	-2.26311225857	-0.212366770981	1.16432509268	-2.26311225857	-0.679135822149	3.29877584048	145
10	1.0	0.0	0.0	-0.008097476	0.493076921	1.213505858	0.440023321808	0.427980826599	3.08959385931	146
10	1.0	0.25	0.0	-0.514442626422	0.432145864701	1.1750967429	-0.210863607687	0.334510252214	3.18102031411	147
10	1.0	0.5	0.0	-1.08644877889	0.33126271787	1.05114900323	-0.932364237262	0.172701920353	3.19868214017	148
10	1.0	0.75	0.0	-1.68225991542	0.200646630605	0.929288949943	-1.64268192225	-0.0213051277523	3.16216058426	149
10	1.0	1.0	0.0	-2.260020018	0.050516753	0.897142894	-2.260020018	-0.211371850868	3.09103689312	150
13	0.0	0.0	0.0	-0.008097476	0.493076921	1.213505858	0.440023321808	0.427980826599	3.08959385931	151
13	0.0	0.25	0.0	-0.514442626422	0.432145864701	1.1750967429	-0.210863607687	0.334510252214	3.18102031411	152
13	0.0	0.5	0.0	-1.08644877889	0.33126271787	1.05114900323	-0.932364237262	0.172701920353	3.19868214017	153
13	0.0	0.75	0.0	-1.68225991542	0.200646630605	0.929288949943	-1.64268192225	-0.0213051277523	3.16216058426	154
13	0.0	1.0	0.0	-2.260020018	0.050516753	0.897142894	-2.260020018	-0.211371850868	3.09103689312	155
13	0.25	0.0	0.0	-0.000849520485863	0.723059511324	0.992035379195	0.439870694479	0.649118515354	2.77354197821	156
13	0.25	0.25	0.0	-0.517725503705	0.66729353866	0.958191408795	-0.21008401017	0.545978551714	2.88334547764	157
13	0.25	0.5	0.0	-1.0964900301	0.56921150835	0.831026857539	-0.93065091079	0.385882044167	2.94724993944	158
13	0.25	0.75	0.0	-1.69344585233	0.437018924282	0.690882035687	-1.64214861316	0.223967178855	2.93589260188	159
13	0.25	1.0	0.0	-2.26489572308	0.278921290345	0.618097253494	-2.26489572308	0.115372141917	2.81991070319	160
13	0.5	0.0	0.0	-0.00237651942327	1.02113629983	0.767623201725	0.418663630138	0.865858938228	2.38241118849	161
13	0.5	0.25	0.0	-0.530554918081	0.978919296682	0.731497776095	-0.227485547254	0.777458002299	2.4868562161	162
13	0.5	0.5	0.0	-1.10591468648	0.857214786384	0.615531064084	-0.926911755512	0.610505366223	2.57924786464	163
13	0.5	0.75	0.0	-1.69753137445	0.692808241014	0.4828854921	-1.62683631144	0.431746956325	2.61469848537	164
13	0.5	1.0	0.0	-2.27448053184	0.522485132654	0.396723486555	-2.27448053184	0.307928698933	2.54832042956	165
13	0.75	0.0	0.0	0.00116246085095	1.30514861866	0.545623926393	0.397105876238	1.05261414005	1.97490951835	166
13	0.75	0.25	0.0	-0.541156882816	1.27970641888	0.507501942151	-0.243488479736	0.985157041702	2.07143257018	167
13	0.75	0.5	0.0	-1.11480209374	1.14008833744	0.410476816323	-0.922568277543	0.816917656197	2.18575879105	168
13	0.75	0.75	0.0	-1.70085566682	0.948498988664	0.298830180704	-1.61118749175	0.614324178946	2.27422747483	169
13	0.75	1.0	0.0	-2.28040009694	0.767142986886	0.216843667088	-2.28040009694	0.443804805353	2.29317791538	170
13	1.0	0.0	0.0	0.023608354	1.4929378	0.331392154	0.395901180232	1.18379616566	1.60974499604	171
13	1.0	0.25	0.0	-0.537757411174	1.48233818538	0.298690004312	-0.238513068413	1.12528410765	1.71695458055	172
13	1.0	0.5	0.0	-1.12323159763	1.36264794698	0.221679307721	-0.919041983	0.97546468377	1.85786559394	173
13	1.0	0.75	0.0	-1.70975791451	1.1845755751	0.132246963019	-1.60964462878	0.783988821004	1.99012881034	174
13	1.0	1.0	0.0	-2.274280071	0.99882956	0.062279869	-2.274280071	0.600507446352	2.07139500383	175
14	0.0	0.0	0.0	0.023608354	1.4929378	0.331392154	0.395901180232	1.18379616566	1.60974499604	176
14	0.0	0.25	0.0	-0.537757411174	1.48233818538	0.298690004312	-0.238513068413	1.12528410765	1.71695458055	177
14	0.0	0.5	0.0	-1.12323159763	1.36264794698	0.221679307721	-0.919041983	0.97546468377	1.85786559394	178
14	0.0	0.75	0.0	-1.70975791451	1.1845755751	0.132246963019	-1.60964462878	0.783988821004	1.99012881034	179
14	0.0	1.0	0.0	-2.274280071	0.99882956	0.062279869	-2.274280071	0.600507446352	2.07139500383	180
14	0.25	0.0	0.0	0.0493440763559	1.60438353181	0.12766887834	0.399783317545	1.26183308773	1.28498565948	181
14	0.25	0.25	0.0	-0.521593497109	1.64312207741	0.089538732114	-0.229583373889	1.22837300217	1.37733464839	182
14	0.25	0.5	0.0	-1.1160105661	1.61961970991	0.00289848971748	-0.909690023139	1.14552841203	1.48725121452	183
14	0.25	0.75	0.0	-1.69599051521	1.53738047623	-0.0921114124813	-1.59091001369	1.03165552602	1.59430440666	184
14	0.25	1.0	0.0	-2.22361672901	1.39990842329	-0.155350538115	-2.22361672901	0.905110552898	1.67806327365	185
14	0.5	0.0	0.0	0.0729177059497	1.73938548006	-0.129624691994	0.393770207247	1.34065953748	0.865809692969	186
14	0.5	0.25	0.0	-0.490191597309	1.83726299424	-0.168003962675	-0.221838078472	1.3386433713	0.932426436104	187
14	0.5	0.5	0.0	-1.07107974075	1.89975223074	-0.2437699675	-0.870947007639	1.31217414129	1.01368079131	188
14	0.5	0.75	0.0	-1.63306331986	1.91611941906	-0.321523263645	-1.5210046137	1.26705471138	1.09570682583	189
14	0.5	1.0	0.0	-2.1394589301	1.87563078868	-0.365864408284	-2.1394589301	1.20908794551	1.16463860693	190
14	0.75	0.0	0.0	0.0974490375687	1.85595072403	-0.387028720832	0.387702511112	1.40447643123	0.44233000976	191
14	0.75	0.25	0.0	-0.45308446777	2.01052970625	-0.425512015405	-0.211602510722	1.43242081376	0.479738757938	192
14	0.75	0.5	0.0	-1.01403657278	2.15548616073	-0.488516995905	-0.82615530002	1.45493847966	0.530179753976	193
14	0.75	0.75	0.0	-1.55748605616	2.27159301848	-0.548258067363	-1.44458273569	1.47035392788	0.581611056547	194
14	0.75	1.0	0.0	-2.05551169664	2.33962321049	-0.576949634812	-2.05551169664	1.47699165733	0.621990724327	195
14	1.0	0.0	0.0	0.126057866	1.912086343	-0.591083372	0.391420890911	1.43748468531	0.104659523102	196
14	1.0	0.25	0.0	-0.419804864485	2.10869098381	-0.634559361427	-0.195201999203	1.48603092829	0.116780428149	197
14	1.0	0.5	0.0	-0.970478513362	2.33926215114	-0.701533527468	-0.798657263807	1.55335803528	0.129773532178	198
14	1.0	0.75	0.0	-1.50576845181	2.5546018894	-0.764585300524	-1.40629868653	1.62172072632	0.139292087522	199
14	1.0	1.0	0.0	-2.005480051	2.705512243	-0.796294111	-2.005480051	1.67337372148	0.140989346513	200
17	0.0	0.0	0.0	5.000454791	0.97343569	-0.762336154	5.57252684452	1.40774493366	-0.0440501898506	201
17	0.0	0.25	0.0	4.38187327285	1.05804355658	-0.884727186591	4.97808265713	1.52809321111	-0.0231340736365	202
17	0.0	0.5	0.0	3.75800567142	1.2326896991	-0.857134726434	4.35823685305	1.55126803819	-0.00655190240821	203
17	0.0	0.75	0.0	3.15533494978	1.41760082207	-0.768045936811	3.72081709859	1.52701513835	0.00869354524166	204
17	0.0	1.0	0.0	2.600344071	1.53300363	-0.705947981	3.07365106009	1.50508023505	0.0255994907205	205
17	0.25	0.0	0.0	5.01724065988	1.14346697635	-0.883098761455	5.55898020721	1.50763126089	-0.26392588429	206
17	0.25	0.25	0.0	4.39329902683	1.23221182841	-1.00922619503	4.96224543278	1.62898763449	-0.271184018835	207
17	0.25	0.5	0.0	3.77154414469	1.38723767375	-0.991240840468	4.34384995798	1.64190241058	-0.256106744628	208
17	0.25	0.75	0.0	3.17419153692	1.53946232914	-0.916061616944	3.71060277628	1.6031223438	-0.234839054069	209
17	0.25	1.0	0.0	2.623456727	1.61980361139	-0.870607443646	3.06931288115	1.56939418881	-0.223525939555	210
17	0.5	0.0	0.0	5.01182362881	1.35588382825	-0.979857880076	5.52709894429	1.63506110658	-0.521897787319	211
17	0.5	0.25	0.0	4.39165731448	1.44525827929	-1.10265299198	4.93836482557	1.74956128155	-0.546773755291	212
17	0.5	0.5	0.0	3.7718261669	1.57783900105	-1.11219518283	4.31775481163	1.75186157826	-0.534931975813	213
17	0.5	0.75	0.0	3.17970849027	1.68954948844	-1.0802943453	3.68366860607	1.69917101846	-0.517682603647	214
17	0.5	1.0	0.0	2.64268258883	1.71631323636	-1.07876037205	3.05450591247	1.64869862392	-0.526335793553	215
17	0.75	0.0	0.0	4.99544059533	1.53493533177	-1.07357901966	5.49588556016	1.73293162139	-0.782045628126	216
17	0.75	0.25	0.0	4.38527173616	1.63037594226	-1.18660259704	4.91636465274	1.84315210278	-0.81829392298	217
17	0.75	0.5	0.0	3.76933693641	1.7489314335	-1.22368846188	4.29350355864	1.8430881715	-0.809982573693	218
17	0.75	0.75	0.0	3.18045914823	1.82999845854	-1.23908225467	3.65698677168	1.78567008551	-0.799827036937	219
17	0.75	1.0	0.0	2.65146132375	1.8129736704	-1.28702961593	3.03649878567	1.72382810279	-0.830542769381	220
17	1.0	0.0	0.0	4.979328457	1.604870573	-1.18522769	5.4843425592	1.74413995599	-1.0084491359	221
17	1.0	0.25	0.0	4.38246589224	1.72075785038	-1.28267002981	4.90616873154	1.86309804868	-1.05413516188	222
17	1.0	0.5	0.0	3.77456165159	1.84495272358	-1.32941138594	4.28464834364	1.87752482058	-1.048213516	223
17	1.0	0.75	0.0	3.18501684914	1.92294539799	-1.37076347786	3.64752945681	1.83312846814	-1.04126228738	224
17	1.0	1.0	0.0	2.643232599	1.900226079	-1.452038025	3.02256013238	1.77561718783	-1.08385956515	225
18	0.0	0.0	0.0	2.600344071	1.53300363	-0.705947981	3.07365106009	1.50508023505	0.0255994907205	226
18	0.0	0.25	0.0	2.02879594567	1.5892076497	-0.672542796262	2.40538843816	1.48530254461	0.0464425033832	227
18	0.0	0.5	0.0	1.3952563047	1.6601127508	-0.62650862338	1.72114356601	1.45092410999	0.0689296261253	228
18	0.0	0.75	0.0	0.74568899564	1.76223396975	-0.591477977058	1.0425948986	1.42672485046	0.0895166892604	229
18	0.0	1.0	0.0	0.126057866	1.912086343	-0.591083372	0.391420890911	1.43748468531	0.104659523102	230
18	0.25	0.0	0.0	2.623456727	1.61980361139	-0.870607443646	3.06931288115	1.56939418881	-0.223525939555	231
18	0.25	0.25	0.0	2.05666226349	1.63682486943	-0.858330098614	2.40490092755	1.53361587712	-0.231390900391	232
18	0.25	0.5	0.0	1.43315314775	1.66440397365	-0.836292556411	1.72599648244	1.47431695654	-0.250763708367	233
18	0.25	0.75	0.0	0.793897974485	1.73023973832	-0.822890878952	1.05712314541	1.42576226136	-0.273371099149	234
18	0.25	1.0	0.0	0.179865338417	1.86203097766	-0.836521128149	0.422804516066	1.42221662586	-0.290939808401	235
18	0.5	0.0	0.0	2.64268258883	1.71631323636	-1.07876037205	3.05450591247	1.64869862392	-0.526335793553	236
18	0.5	0.25	0.0	2.08891053589	1.6614009505	-1.10231970579	2.40950095123	1.58060502821	-0.571476218352	237
18	0.5	0.5	0.0	1.47514153929	1.60961643775	-1.1079984203	1.75091608183	1.47457520926	-0.633016491201	238
18	0.5	0.75	0.0	0.845022594797	1.61383784235	-1.11534656967	1.09837109153	1.38434732439	-0.699848490388	239
18	0.5	1.0	0.0	0.242200698184	1.72694330858	-1.14391420796	0.471485767593	1.36365953089	-0.760864094197	240
18	0.75	0.0	0.0	2.65146132375	1.8129736704	-1.28702961593	3.03649878567	1.72382810279	-0.830542769381	241
18	0.75	0.25	0.0	2.10542293574	1.69000345439	-1.35384964885	2.40973490726	1.62355902949	-0.912594383374	242
18	0.75	0.5	0.0	1.49947841065	1.55436383791	-1.39551649158	1.77396510232	1.46809286075	-1.01481781427	243
18	0.75	0.75	0.0	0.877592431769	1.48836797213	-1.42882994482	1.13884482919	1.33182033874	-1.12387926412	244
18	0.75	1.0	0.0	0.283729682359	1.57432900821	-1.47058980929	0.514029546276	1.28913220563	-1.226444935	245
18	1.0	0.0	0.0	2.643232599	1.900226079	-1.452038025	3.02256013238	1.77561718783	-1.08385956515	246
18	1.0	0.25	0.0	2.08608163587	1.74969994252	-1.56225795887	2.3961491937	1.65976691257	-1.19352632833	247
18	1.0	0.5	0.0	1.48442069314	1.55725986896	-1.65273704676	1.77320628204	1.47126390361	-1.33315676945	248
18	1.0	0.75	0.0	0.870137060595	1.42916981793	-1.72332590002	1.15105045068	1.29752160362	-1.47942720001	249
18	1.0	1.0	0.0	0.275118028	1.471693749	-1.77387513	0.527000752898	1.22595345525	-1.60901393152	250
19	0.0	0.0	0.0	4.979328457	1.604870573	-1.18522769	5.4843425592	1.74413995599	-1.0084491359	251
19	0.0	0.25	0.0	4.38246589224	1.72075785038	-1.28267002981	4.90616873154	1.86309804868	-1.05413516188	252
19	0.0	0.5	0.0	3.77456165159	1.84495272358	-1.32941138594	4.28464834364	1.87752482058	-1.048213516	253
19	0.0	0.75	0.0	3.18501684914	1.92294539799	-1.37076347786	3.64752945681	1.83312846814	-1.04126228738	254
19	0.0	1.0	0.0	2.643232599	1.900226079	-1.452038025	3.02256013238	1.77561718783	-1.08385956515	255
19	0.25	0.0	0.0	4.94929462981	1.53782677144	-1.25680765885	5.4835901832	1.64301334048	-1.17318373166	256
19	0.25	0.25	0.0	4.3656821412	1.67971530756	-1.36109397927	4.90484473717	1.78685836706	-1.23153628845	257
19	0.25	0.5	0.0	3.77029704367	1.83620441297	-1.42114963509	4.28549740875	1.84696560646	-1.2317159093	258
19	0.25	0.75	0.0	3.18537500397	1.94804233583	-1.47816308204	3.64955258576	1.85096153477	-1.2293571477	259
19	0.25	1.0	0.0	2.63315168885	1.95597732426	-1.57332277582	3.02101465603	1.82647262807	-1.28009455714	260
19	0.5	0.0	0.0	4.8919232371	1.38950924493	-1.2897225215	5.47722160645	1.46075226391	-1.34664555721	261
19	0.5	0.25	0.0	4.32418276357	1.55960165591	-1.43015572943	4.90282720857	1.64144956743	-1.42770556753	262
19	0.5	0.5	0.0	3.74753384143	1.7712306255	-1.53071877139	4.28465847883	1.77960163118	-1.44843414804	263
19	0.5	0.75	0.0	3.17693590279	1.94463988425	-1.62126344334	3.64994677018	1.86872578644	-1.46505146401	264
19	0.5	1.0	0.0	2.62734837971	2.00007316272	-1.73164154124	3.02592343556	1.90233936449	-1.5337776807	265
19	0.75	0.0	0.0	4.82779164358	1.21611860495	-1.30874732065	5.46985641084	1.25975782792	-1.50834501562	266
19	0.75	0.25	0.0	4.27412838354	1.41171756726	-1.49185805157	4.89995954034	1.47538176741	-1.61513192821	267
19	0.75	0.5	0.0	3.71775328338	1.67938055614	-1.64030258452	4.28296051568	1.69353195862	-1.66139733479	268
19	0.75	0.75	0.0	3.16511582886	1.91508231089	-1.76828422426	3.64985783504	1.86964438894	-1.70036563439	269
19	0.75	1.0	0.0	2.62266550571	2.01479757083	-1.89000627554	3.03164999658	1.95915504571	-1.78526122603	270
19	1.0	0.0	0.0	4.777477214	1.073855463	-1.338657099	5.46611417822	1.10243113415	-1.63779250996	271
19	1.0	0.25	0.0	4.23167962532	1.28736371344	-1.54820371699	4.89608512706	1.33716508458	-1.7663042996	272
19	1.0	0.5	0.0	3.692436608	1.5900033999	-1.73208486421	4.28123248106	1.60685565267	-1.83363457211	273
19	1.0	0.75	0.0	3.15533106543	1.86171388341	-1.88744508733	3.65043160526	1.83694050805	-1.88732005689	274
19	1.0	1.0	0.0	2.615945901	1.982434525	-2.011428933	3.03255786471	1.95285732035	-1.97489748334	275
20	0.0	0.0	0.0	2.643232599	1.900226079	-1.452038025	3.02256013238	1.77561718783	-1.08385956515	276
20	0.0	0.25	0.0	2.08608163587	1.74969994252	-1.56225795887	2.3961491937	1.65976691257	-1.19352632833	277
20	0.0	0.5	0.0	1.48442069314	1.55725986896	-1.65273704676	1.77320628204	1.47126390361	-1.33315676945	278
20	0.0	0.75	0.0	0.870137060595	1.42916981793	-1.72332590002	1.15105045068	1.29752160362	-1.47942720001	279
20	0.0	1.0	0.0	0.275118028	1.471693749	-1.77387513	0.527000752898	1.22595345525	-1.60901393152	280
20	0.25	0.0	0.0	2.63315168885	1.95597732426	-1.57332277582	3.02101465603	1.82647262807	-1.28009455714	281
20	0.25	0.25	0.0	2.06133216783	1.82919940602	-1.70903321489	2.38675064637	1.72830857895	-1.41032231322	282
20	0.25	0.5	0.0	1.45479210853	1.64473845221	-1.83853878712	1.75666945331	1.54690615672	-1.57971776444	283
20	0.25	0.75	0.0	0.84109513146	1.49901689046	-1.94149841201	1.13047738881	1.36051454984	-1.75298431763	284
20	0.25	1.0	0.0	0.247804857106	1.48845714839	-1.99757100902	0.507880764844	1.24738294674	-1.89482537965	285
20	0.5	0.0	0.0	2.62734837971	2.00007316272	-1.73164154124	3.02592343556	1.90233936449	-1.5337776807	286
20	0.5	0.25	0.0	2.04544677981	1.92023254176	-1.88430714405	2.38664949855	1.84299885432	-1.6894727781	287
20	0.5	0.5	0.0	1.42676088827	1.78228983017	-2.04708888805	1.7375107095	1.69265599506	-1.89137037668	288
20	0.5	0.75	0.0	0.808576480634	1.6453166783	-2.18032641954	1.09456645074	1.50427239356	-2.09308073211	289
20	0.5	1.0	0.0	0.228179332454	1.56838473646	-2.24435938485	0.473876104585	1.33080965668	-2.24821410007	290
20	0.75	0.0	0.0	2.62266550571	2.01479757083	-1.89000627554	3.03164999658	1.95915504571	-1.78526122603	291
20	0.75	0.25	0.0	2.03327314868	1.97898193524	-2.0513830865	2.38820219816	1.93454359782	-1.96235973114	292
20	0.75	0.5	0.0	1.4025656423	1.89078543279	-2.24227091345	1.71926273558	1.81456337745	-2.19555770189	293
20	0.75	0.75	0.0	0.780076145789	1.76994219254	-2.40454946062	1.05838313799	1.62705098973	-2.4264909391	294
20	0.75	1.0	0.0	0.215337818324	1.63618634356	-2.48009843225	0.43911493457	1.39984303979	-2.59679524358	295
20	1.0	0.0	0.0	2.615945901	1.982434525	-2.011428933	3.03255786471	1.95285732035	-1.97489748334	296
20	1.0	0.25	0.0	2.01965895126	1.96163017196	-2.17356438238	2.38376519316	1.93364866857	-2.16036518051	297
20	1.0	0.5	0.0	1.38444498058	1.89109669001	-2.38796842726	1.7054582165	1.81867826272	-2.41972283577	298
20	1.0	0.75	0.0	0.763089164601	1.7747664443	-2.57890707325	1.03699295208	1.62710619328	-2.67998943422	299
20	1.0	1.0	0.0	0.208376679	1.6165718	-2.670646326	0.417725417252	1.37809255078	-2.86818396096	300
25	0.0	0.0	0.0	4.777477214	1.073855463	-1.338657099	5.46611417822	1.10243113415	-1.63779250996	301
25	0.0	0.25	0.0	4.23167962532	1.28736371344	-1.54820371699	4.89608512706	1.33716508458	-1.7663042996	302
25	0.0	0.5	0.0	3.692436608	1.5900033999	-1.73208486421	4.28123248106	1.60685565267	-1.83363457211	303
25	0.0	0.75	0.0	3.15533106543	1.86171388341	-1.88744508733	3.65043160526	1.83694050805	-1.88732005689	304
25	0.0	1.0	0.0	2.615945901	1.982434525	-2.011428933	3.03255786471	1.95285732035	-1.97489748334	305
25	0.25	0.0	0.0	4.65409095904	0.576600934292	-1.55013456328	5.44871740229	0.510025867424	-2.04952015937	306
25	0.25	0.25	0.0	4.1371558858	0.768250652886	-1.79469587316	4.89081310936	0.701673472441	-2.27101195479	307
25	0.25	0.5	0.0	3.63590871584	1.03997776324	-2.06545818223	4.29685023261	0.966192210724	-2.47044014964	308
25	0.25	0.75	0.0	3.1239655727	1.27777558438	-2.28568386821	3.68127461424	1.1913425094	-2.624171786	309
25	0.25	1.0	0.0	2.57494257994	1.36763743533	-2.3786353088	3.0585320965	1.2648847956	-2.70857390596	310
25	0.5	0.0	0.0	4.56812675016	-0.0198444808827	-1.79213216298	5.41823487671	-0.27261511829	-2.39765533892	311
25	0.5	0.25	0.0	4.09384281141	0.0798458661332	-2.00588063061	4.90224857146	-0.200738531049	-2.66113522088	312
25	0.5	0.5	0.0	3.60360026297	0.245190209899	-2.24410202345	4.33267875222	-0.0565498224602	-2.91662213153	313
25	0.5	0.75	0.0	3.09395046074	0.391224662067	-2.42540791521	3.73853272478	0.0674564474545	-3.11401140115	314
25	0.5	1.0	0.0	2.56144476058	0.43298533429	-2.46840987962	3.14881779493	0.0787857186718	-3.20319836004	315
25	0.75	0.0	0.0	4.52285293996	-0.622193912616	-1.98078476894	5.40270379942	-1.08117948242	-2.58425300813	316
25	0.75	0.25	0.0	4.08427061988	-0.63700681881	-2.13789689135	4.92992128898	-1.1496212956	-2.85090555721	317
25	0.75	0.5	0.0	3.59261532047	-0.605426618363	-2.29569799803	4.37980806819	-1.1696409717	-3.11174336294	318
25	0.75	0.75	0.0	3.08024835055	-0.572515538237	-2.40445271915	3.80555653142	-1.1866851226	-3.32005019698	319
25	0.75	1.0	0.0	2.57953101893	-0.583335805396	-2.41442568488	3.26035907306	-1.24620036017	-3.42910983099	320
25	1.0	0.0	0.0	4.521537881	-1.137160491	-2.032227252	5.43016136832	-1.7513548844	-2.51136812651	321
25	1.0	0.25	0.0	4.09096952897	-1.24146357394	-2.14688355734	4.97336103753	-1.92452519091	-2.75455442308	322
25	1.0	0.5	0.0	3.6000579594	-1.32294007979	-2.2479277161	4.4293282088	-2.08135176182	-2.99536668905	323
25	1.0	0.75	0.0	3.09782186312	-1.38802167125	-2.32065377081	3.86569662873	-2.22304964558	-3.20549946817	324
25	1.0	1.0	0.0	2.633279931	-1.443140011	-2.350355764	3.35010004389	-2.35083389069	-3.35664730421	325
26	0.0	0.0	0.0	2.615945901	1.982434525	-2.011428933	3.03255786471	1.95285732035	-1.97489748334	326
26	0.0	0.25	0.0	2.01965895126	1.96163017196	-2.17356438238	2.38376519316	1.93364866857	-2.16036518051	327
26	0.0	0.5	0.0	1.38444498058	1.89109669001	-2.38796842726	1.7054582165	1.81867826272	-2.41972283577	328
26	0.0	0.75	0.0	0.763089164601	1.7747664443	-2.57890707325	1.03699295208	1.62710619328	-2.67998943422	329
26	0.0	1.0	0.0	0.208376679	1.6165718	-2.670646326	0.417725417252	1.37809255078	-2.86818396096	330
26	0.25	0.0	0.0	2.57494257994	1.36763743533	-2.3786353088	3.0585320965	1.2648847956	-2.70857390596	331
26	0.25	0.25	0.0	1.94932012253	1.31675381961	-2.48531607562	2.38116832949	1.1734258481	-2.84658868742	332
26	0.25	0.5	0.0	1.32444571417	1.22490807253	-2.71836376105	1.69392857824	1.00962983152	-3.1003856316	333
26	0.25	0.75	0.0	0.727940060778	1.10817197922	-2.94381031368	1.02182719129	0.805557032618	-3.36012443787	334
26	0.25	1.0	0.0	0.187423868271	0.982617324758	-3.0276876821	0.389878517198	0.593267738148	-3.51596480555	335
26	0.5	0.0	0.0	2.56144476058	0.43298533429	-2.46840987962	3.14881779493	0.0787857186718	-3.20319836004	336
26	0.5	0.25	0.0	1.92766286215	0.342992069683	-2.53780809008	2.4600135384	-0.0762215803476	-3.32586483445	337
26	0.5	0.5	0.0	1.30353057192	0.202834590194	-2.7641221151	1.75068101898	-0.310681487693	-3.55777354702	338
26	0.5	0.75	0.0	0.708917860313	0.0657130219021	-2.969754413	1.05050756622	-0.55183730981	-3.7625757536	339
26	0.5	1.0	0.0	0.163694697738	-0.0151725091157	-2.97710744212	0.38918050962	-0.726932353146	-3.80392271003	340
26	0.75	0.0	0.0	2.57953101893	-0.583335805396	-2.41442568488	3.26035907306	-1.24620036017	-3.42910983099	341
26	0.75	0.25	0.0	1.95265490446	-0.706139534149	-2.46363453006	2.5736228941	-1.44981543429	-3.55260992103	342
26	0.75	0.5	0.0	1.31841447636	-0.892145133521	-2.64589465434	1.84207018556	-1.74203219155	-3.73036820327	343
26	0.75	0.75	0.0	0.705627624529	-1.05296967134	-2.79581094756	1.10904001768	-2.015221632	-3.84937877385	344
26	0.75	1.0	0.0	0.143112238836	-1.10023021543	-2.74798829958	0.417871460715	-2.16175475564	-3.79663572888	345
26	1.0	0.0	0.0	2.633279931	-1.443140011	-2.350355764	3.35010004389	-2.35083389069	-3.35664730421	346
26	1.0	0.25	0.0	2.02226398383	-1.57712544823	-2.39538949982	2.67531847083	-2.58187753123	-3.48124024656	347
26	1.0	0.5	0.0	1.36581235005	-1.77705247512	-2.48433254369	1.93445072477	-2.88419877669	-3.55665122159	348
26	1.0	0.75	0.0	0.71767441475	-1.9482353442	-2.56105149371	1.18343048647	-3.15474073194	-3.58256889103	349
26	1.0	1.0	0.0	0.131599563	-1.995988308	-2.569412948	0.478191436681	-3.29044650188	-3.55868191661	350
27	0.0	0.0	0.0	4.521537881	-1.137160491	-2.032227252	5.43016136832	-1.7513548844	-2.51136812651	351
27	0.0	0.25	0.0	4.09096952897	-1.24146357394	-2.14688355734	4.97336103753	-1.92452519091	-2.75455442308	352
27	0.0	0.5	0.0	3.6000579594	-1.32294007979	-2.2479277161	4.4293282088	-2.08135176182	-2.99536668905	353
27	0.0	0.75	0.0	3.09782186312	-1.38802167125	-2.32065377081	3.86569662873	-2.22304964558	-3.20549946817	354
27	0.0	1.0	0.0	2.633279931	-1.443140011	-2.350355764	3.35010004389	-2.35083389069	-3.35664730421	355
27	0.25	0.0	0.0	4.589420211	-1.55932564587	-1.85882654078	5.51228131125	-2.23921967381	-2.10635706683	356
27	0.25	0.25	0.0	4.1401295425	-1.77441194335	-1.96025011958	5.0436565418	-2.52757561926	-2.30753860305	357
27	0.25	0.5	0.0	3.64029822498	-1.99391731754	-2.04468634922	4.49669756484	-2.83108279821	-2.50396750149	358
27	0.25	0.75	0.0	3.13104639418	-2.16483923394	-2.11021616882	3.92520858398	-3.0958730569	-2.68823166396	359
27	0.25	1.0	0.0	2.65349418585	-2.23417515805	-2.15492051755	3.3829938028	-3.26807824161	-2.8529189923	360
27	0.5	0.0	0.0	4.71027252227	-1.99043621155	-1.49313721622	5.6261239994	-2.68900394992	-1.42752806153	361
27	0.5	0.25	0.0	4.2327058331	-2.35654908907	-1.58620548934	5.13740626409	-3.12760504686	-1.57306354544	362
27	0.5	0.5	0.0	3.70643660031	-2.73642708655	-1.65501504243	4.58289064946	-3.59055030488	-1.7085287403	363
27	0.5	0.75	0.0	3.15785041339	-3.01701506518	-1.69265111622	3.98755858838	-3.97298849159	-1.83599293543	364
27	0.5	1.0	0.0	2.61333286182	-3.08525788617	-1.69219895147	3.37639151372	-4.17006837461	-1.95752542017	365
27	0.75	0.0	0.0	4.81620456265	-2.31666047846	-1.0501578333	5.72379605581	-2.99366013636	-0.670264340613	366
27	0.75	0.25	0.0	4.31130252579	-2.80536990627	-1.12095938608	5.21399725894	-3.55494940918	-0.745602124291	367
27	0.75	0.5	0.0	3.76408997469	-3.31106551522	-1.15638083562	4.6469388031	-4.14608540885	-0.804743336769	368
27	0.75	0.75	0.0	3.18401462181	-3.69562173485	-1.14461714521	4.02884399021	-4.63951922936	-0.853873665555	369
27	0.75	1.0	0.0	2.58052417963	-3.8209129947	-1.07386327815	3.36593612218	-4.90770196468	-0.899178798155	370
27	1.0	0.0	0.0	4.83932608	-2.424166737	-0.644886947	5.75740410353	-3.04614065677	-0.0299491341011	371
27	1.0	0.25	0.0	4.31852374561	-2.93836929013	-0.660721529262	5.23281658089	-3.63994464168	-0.0196272136214	372
27	1.0	0.5	0.0	3.77887523739	-3.47842873197	-0.626250768656	4.64787336622	-4.28401923713	0.011695777835	373
27	1.0	0.75	0.0	3.21531972048	-3.95173181283	-0.542772787972	4.02516213775	-4.88058854991	0.0530357626922	374
27	1.0	1.0	0.0	2.62279636	-4.265665283	-0.41158571	3.38727057372	-5.33187668683	0.0934086633747	375
28	0.0	0.0	0.0	2.633279931	-1.443140011	-2.350355764	3.35010004389	-2.35083389069	-3.35664730421	376
28	0.0	0.25	0.0	2.02226398383	-1.57712544823	-2.39538949982	2.67531847083	-2.58187753123	-3.48124024656	377
28	0.0	0.5	0.0	1.36581235005	-1.77705247512	-2.48433254369	1.93445072477	-2.88419877669	-3.55665122159	378
28	0.0	0.75	0.0	0.71767441475	-1.9482353442	-2.56105149371	1.18343048647	-3.15474073194	-3.58256889103	379
28	0.0	1.0	0.0	0.131599563	-1.995988308	-2.569412948	0.478191436681	-3.29044650188	-3.55868191661	380
28	0.25	0.0	0.0	2.65349418585	-2.23417515805	-2.15492051755	3.3829938028	-3.26807824161	-2.8529189923	381
28	0.25	0.25	0.0	2.06950967099	-2.33453517819	-2.18184333548	2.72777462041	-3.48029534651	-2.95893273807	382
28	0.25	0.5	0.0	1.42458455131	-2.51611442753	-2.17788007163	2.00734838458	-3.75326218434	-2.94621253301	383
28	0.25	0.75	0.0	0.782838444531	-2.68213732895	-2.18744884889	1.27672859917	-3.99634069225	-2.91149958544	384
28	0.25	1.0	0.0	0.208390968375	-2.7358283053	-2.2549677902	0.59092876802	-4.11889280738	-2.95153510368	385
28	0.5	0.0	0.0	2.61333286182	-3.08525788617	-1.69219895147	3.37639151372	-4.17006837461	-1.95752542017	386
28	0.5	0.25	0.0	2.06569462548	-3.13848894909	-1.67453156079	2.74776005924	-4.33864208574	-2.02615745684	387
28	0.5	0.5	0.0	1.47795819258	-3.30137802736	-1.62635959609	2.06635405821	-4.58259052966	-1.9943981202	388
28	0.5	0.75	0.0	0.898703832753	-3.45834844999	-1.59031392641	1.37990632891	-4.80130102574	-1.94739095832	389
28	0.5	1.0	0.0	0.376511815652	-3.493823546	-1.60902542076	0.736149689601	-4.89416089339	-1.97027951921	390
28	0.75	0.0	0.0	2.58052417963	-3.8209129947	-1.07386327815	3.36593612218	-4.90770196468	-0.899178798155	391
28	0.75	0.25	0.0	2.06635556099	-3.88059155017	-1.00969012615	2.76994153246	-5.07221977988	-0.926181403678	392
28	0.75	0.5	0.0	1.52929530022	-4.04492745494	-0.950959861483	2.11729672747	-5.3019887024	-0.915643960775	393
28	0.75	0.75	0.0	1.00460092677	-4.19461957484	-0.896766741098	1.46140094185	-5.49875120307	-0.891363535279	394
28	0.75	1.0	0.0	0.527529970103	-4.21036677569	-0.846205021941	0.855653410262	-5.56424975268	-0.877137193024	395
28	1.0	0.0	0.0	2.62279636	-4.265665283	-0.41158571	3.38727057372	-5.33187668683	0.0934086633747	396
28	1.0	0.25	0.0	2.12702919119	-4.45244777067	-0.323554981975	2.82898578523	-5.5963304599	0.097728420586	397
28	1.0	0.5	0.0	1.58195790059	-4.65884689063	-0.272869612178	2.16600537418	-5.84126159236	0.0756139676839	398
28	1.0	0.75	0.0	1.03986007395	-4.80870157103	-0.233927307791	1.48964970418	-6.01782069485	0.0554621580472	399
28	1.0	1.0	0.0	0.553013297	-4.82585074	-0.181125776	0.89123913884	-6.07715837801	0.065669845055	400
33	0.0	0.0	0.0	4.83932608	-2.424166737	-0.644886947	5.75740410353	-3.04614065677	-0.0299491341011	401
33	0.0	0.25	0.0	4.31852374561	-2.93836929013	-0.660721529262	5.23281658089	-3.63994464168	-0.0196272136214	402
33	0.0	0.5	0.0	3.77887523739	-3.47842873197	-0.626250768656	4.64787336622	-4.28401923713	0.011695777835	403
33	0.0	0.75	0.0	3.21531972048	-3.95173181283	-0.542772787972	4.02516213775	-4.88058854991	0.0530357626922	404
33	0.0	1.0	0.0	2.62279636	-4.265665283	-0.41158571	3.38727057372	-5.33187668683	0.0934086633747	405
33	0.25	0.0	0.0	4.75519974688	-2.29470575198	-0.346409634817	5.71152597924	-2.85800024824	0.435391056302	406
33	0.25	0.25	0.0	4.22701476972	-2.7574081478	-0.307003694515	5.18114536152	-3.41343605969	0.521547531282	407
33	0.25	0.5	0.0	3.6965512778	-3.25668783412	-0.204211425508	4.59209626323	-4.02991308323	0.634670585384	408
33	0.25	0.75	0.0	3.1580580582	-3.74348022271	-0.0606913371406	3.98221264646	-4.64212394605	0.754498710093	409
33	0.25	1.0	0.0	2.605783898	-4.16872072536	0.100898061242	3.38932847329	-5.18476127535	0.860770396894	410
33	0.5	0.0	0.0	4.61113383434	-2.0220965376	-0.0356271993631	5.62510889457	-2.51871819465	0.946399321745	411
33	0.5	0.25	0.0	4.07342427224	-2.41329845441	0.0484861149761	5.09198503449	-3.01721627281	1.10716613212	412
33	0.5	0.5	0.0	3.5341539979	-2.84472539501	0.208396595164	4.51420751541	-3.56359832756	1.30689063444	413
33	0.5	0.75	0.0	2.99657325261	-3.27380970442	0.402689211501	3.92143487059	-4.10268659607	1.51097215799	414
33	0.5	1.0	0.0	2.46393227765	-3.65798372767	0.589948934289	3.3433256333	-4.57930331551	1.68481003203	415
33	0.75	0.0	0.0	4.47277291813	-1.68581852317	0.234247487022	5.54092772417	-2.1073622276	1.39839032588	416
33	0.75	0.25	0.0	3.92646436655	-2.00189161396	0.353073714503	5.00852754979	-2.53898942717	1.62299603812	417
33	0.75	0.5	0.0	3.37542620837	-2.3490571881	0.557107072765	4.4442463382	-2.99395643993	1.90139855364	418
33	0.75	0.75	0.0	2.8303000844	-2.68557931284	0.792165816137	3.86468681451	-3.42409451347	2.18505602454	419
33	0.75	1.0	0.0	2.30172763547	-2.9697220554	1.00406819894	3.28645170383	-3.78123489541	2.42542660293	420
33	1.0	0.0	0.0	4.405761574	-1.365351138	0.410001552	5.50175734265	-1.70300007873	1.68667873234	421
33	1.0	0.25	0.0	3.85484716606	-1.61903903042	0.554084919355	4.9739648574	-2.0664596689	1.95480469852	422
33	1.0	0.5	0.0	3.30411071987	-1.87619898682	0.787453786704	4.41225194705	-2.42986889012	2.29123697161	423
33	1.0	0.75	0.0	2.75867333425	-2.12164810282	1.05253543495	3.83382648258	-2.76816571176	2.63935022791	424
33	1.0	1.0	0.0	2.223656108	-2.340203474	1.291757145	3.25589633497	-3.05628810317	2.94251914372	425
34	0.0	0.0	0.0	2.62279636	-4.265665283	-0.41158571	3.38727057372	-5.33187668683	0.0934086633747	426
34	0.0	0.25	0.0	2.12702919119	-4.45244777067	-0.323554981975	2.82898578523	-5.5963304599	0.097728420586	427
34	0.0	0.5	0.0	1.58195790059	-4.65884689063	-0.272869612178	2.16600537418	-5.84126159236	0.0756139676839	428
34	0.0	0.75	0.0	1.03986007395	-4.80870157103	-0.233927307791	1.48964970418	-6.01782069485	0.0554621580472	429
34	0.0	1.0	0.0	0.553013297	-4.82585074	-0.181125776	0.89123913884	-6.07715837801	0.065669845055	430
34	0.25	0.0	0.0	2.605783898	-4.16872072536	0.100898061242	3.38932847329	-5.18476127535	0.860770396894	431
34	0.25	0.25	0.0	2.10889278372	-4.46498979814	0.23900911218	2.83048849902	-5.53780302748	0.931367564409	432
34	0.25	0.5	0.0	1.54186348555	-4.7350450709	0.380966787012	2.13703208738	-5.82968497658	0.989950083598	433
34	0.25	0.75	0.0	0.965431962462	-4.91931814423	0.506323497435	1.42177450209	-6.026923253	1.04039364238	434
34	0.25	1.0	0.0	0.440334173459	-4.95824061872	0.594631655144	0.797531006854	-6.0960339871	1.08657392866	435
34	0.5	0.0	0.0	2.46393227765	-3.65798372767	0.589948934289	3.3433256333	-4.57930331551	1.68481003203	436
34	0.5	0.25	0.0	1.95681094571	-3.94902465361	0.796617440882	2.74581973461	-4.92503300542	1.83582941898	437
34	0.5	0.5	0.0	1.40002142609	-4.21173214327	1.06702880986	2.02948075108	-5.22310330746	1.99635159244	438
34	0.5	0.75	0.0	0.830748984529	-4.38415076386	1.33493089637	1.28944818407	-5.4199862364	2.14650133553	439
34	0.5	1.0	0.0	0.286178886756	-4.40432508256	1.53407155554	0.620861534946	-5.46215380704	2.26640343138	440
34	0.75	0.0	0.0	2.30172763547	-2.9697220554	1.00406819894	3.28645170383	-3.78123489541	2.42542660293	441
34	0.75	0.25	0.0	1.77541632473	-3.20188802086	1.27547556925	2.64277431426	-4.07169798916	2.65965793065	442
34	0.75	0.5	0.0	1.23171315862	-3.40664480071	1.65568390348	1.90625442373	-4.32940273726	2.91808565734	443
34	0.75	0.75	0.0	0.679370220113	-3.52885465009	2.04156544918	1.14670579765	-4.49229132971	3.15454039349	444
34	0.75	1.0	0.0	0.127139592175	-3.51337982411	2.32999245392	0.43394220144	-4.49830595653	3.32285274956	445
34	1.0	0.0	0.0	2.223656108	-2.340203474	1.291757145	3.25589633497	-3.05628810317	2.94251914372	446
34	1.0	0.25	0.0	1.6693415684	-2.5209155837	1.60178906242	2.58914706025	-3.29147557412	3.25139704578	447
34	1.0	0.5	0.0	1.11222011955	-2.63751973618	2.01729951497	1.83025616379	-3.45646941824	3.57841944144	448
34	1.0	0.75	0.0	0.55485474917	-2.67908502307	2.41589771604	1.04758239035	-3.53912021759	3.84526597221	449
34	1.0	1.0	0.0	-0.000191555	-2.634680536	2.675192879	0.309484484662	-3.52727855425	3.9736162796	450
35	0.0	0.0	0.0	4.405761574	-1.365351138	0.410001552	5.50175734265	-1.70300007873	1.68667873234	451
35	0.0	0.25	0.0	3.85484716606	-1.61903903042	0.554084919355	4.9739648574	-2.0664596689	1.95480469852	452
35	0.0	0.5	0.0	3.30411071987	-1.87619898682	0.787453786704	4.41225194705	-2.42986889012	2.29123697161	453
35	0.0	0.75	0.0	2.75867333425	-2.12164810282	1.05253543495	3.83382648258	-2.76816571176	2.63935022791	454
35	0.0	1.0	0.0	2.223656108	-2.340203474	1.291757145	3.25589633497	-3.05628810317	2.94251914372	455
35	0.25	0.0	0.0	4.43157837142	-1.03063912316	0.470884897162	5.50510146959	-1.2497848258	1.7870774034	456
35	0.25	0.25	0.0	3.86456888048	-1.22391586695	0.623231869601	4.97306092415	-1.5415595667	2.07026386075	457
35	0.25	0.5	0.0	3.31450201096	-1.39926260444	0.867568624815	4.40339641347	-1.81917496038	2.42883803667	458
35	0.25	0.75	0.0	2.7713991192	-1.56878564272	1.13969548673	3.8184623926	-2.07834963033	2.80131449954	459
35	0.25	1.0	0.0	2.22528156152	-1.74459128893	1.37541277926	3.24061331658	-2.31480219999	3.12620781775	460
35	0.5	0.0	0.0	4.5088092188	-0.622871413673	0.456029154752	5.51609589445	-0.679530484877	1.77814277438	461
35	0.5	0.25	0.0	3.90951758448	-0.741697275141	0.597788561576	4.96699362451	-0.886918575554	2.05549377592	462
35	0.5	0.5	0.0	3.34425822851	-0.839985500053	0.832336827121	4.38698212184	-1.0717266267	2.4018537731	463
35	0.5	0.75	0.0	2.79196643634	-0.932496952533	1.08370283517	3.79449920909	-1.23212335409	2.75453836624	464
35	0.5	1.0	0.0	2.23157749344	-1.0339924967	1.27591546949	3.20798270887	-1.36627747352	3.05086315563	465
35	0.75	0.0	0.0	4.61026255153	-0.223863591853	0.384407879466	5.52934613422	-0.112323413472	1.68203874446	466
35	0.75	0.25	0.0	3.98183578065	-0.273942363045	0.501535199366	4.9630397358	-0.234958541508	1.94024005471	467
35	0.75	0.5	0.0	3.3916895602	-0.305662006632	0.699904806771	4.37012114055	-0.334484847815	2.24173500859	468
35	0.75	0.75	0.0	2.81860787444	-0.330676193461	0.906653157276	3.76543153151	-0.405495545957	2.53851404157	469
35	0.75	1.0	0.0	2.24137470764	-0.360638594378	1.04891670648	3.16381209177	-0.442583849501	2.78256758913	470
35	1.0	0.0	0.0	4.708746805	0.08456876	0.274994626	5.53945770593	0.33175003089	1.5209292128	471
35	1.0	0.25	0.0	4.07366597157	0.0777897612817	0.358251987059	4.96847603538	0.281898689398	1.75424830781	472
35	1.0	0.5	0.0	3.45510619371	0.0964135428674	0.488418976913	4.35992553795	0.24558941752	1.97993257079	473
35	1.0	0.75	0.0	2.84955602224	0.118782473269	0.630642130061	3.73475395934	0.225525131192	2.19273373909	474
35	1.0	1.0	0.0	2.253504008	0.123238921	0.750067981	3.11390904521	0.224408746354	2.38740355005	475
36	0.0	0.0	0.0	2.223656108	-2.340203474	1.291757145	3.25589633497	-3.05628810317	2.94251914372	476
36	0.0	0.25	0.0	1.6693415684	-2.5209155837	1.60178906242	2.58914706025	-3.29147557412	3.25139704578	477
36	0.0	0.5	0.0	1.11222011955	-2.63751973618	2.01729951497	1.83025616379	-3.45646941824	3.57841944144	478
36	0.0	0.75	0.0	0.55485474917	-2.67908502307	2.41589771604	1.04758239035	-3.53912021759	3.84526597221	479
36	0.0	1.0	0.0	-0.000191555	-2.634680536	2.675192879	0.309484484662	-3.52727855425	3.9736162796	480
36	0.25	0.0	0.0	2.22528156152	-1.74459128893	1.37541277926	3.24061331658	-2.31480219999	3.12620781775	481
36	0.25	0.25	0.0	1.64971386847	-1.88246045962	1.66721258292	2.57926959285	-2.49536996774	3.45305493731	482
36	0.25	0.5	0.0	1.06619094145	-1.93073880504	2.04792787635	1.81351800776	-2.58513695174	3.79140501784	483
36	0.25	0.75	0.0	0.491530235225	-1.91577430378	2.3893360303	1.02315792393	-2.61016623126	4.04926168835	484
36	0.25	1.0	0.0	-0.0574507954283	-1.86391493442	2.56321441554	0.287988703999	-2.59652088559	4.13462857788	485
36	0.5	0.0	0.0	2.23157749344	-1.0339924967	1.27591546949	3.20798270887	-1.36627747352	3.05086315563	486
36	0.5	0.25	0.0	1.64741535094	-1.09655602684	1.50661400241	2.55910839729	-1.45769402858	3.34128099463	487
36	0.5	0.5	0.0	1.04766439739	-1.07908801931	1.82984637954	1.80852175467	-1.4896946133	3.65744707601	488
36	0.5	0.75	0.0	0.464916087192	-1.02266483907	2.11708237713	1.03624949652	-1.48357205159	3.91393141698	489
36	0.5	1.0	0.0	-0.0682381252483	-0.96836285107	2.23979177139	0.322318338362	-1.46061916738	4.02530403474	490
36	0.75	0.0	0.0	2.24137470764	-0.360638594378	1.04891670648	3.16381209177	-0.442583849501	2.78256758913	491
36	0.75	0.25	0.0	1.65737960853	-0.347116203542	1.20990103789	2.52786247547	-0.44653113826	3.01386451841	492
36	0.75	0.5	0.0	1.05252626674	-0.266873961673	1.45368141354	1.80353663972	-0.424931634977	3.27854696438	493
36	0.75	0.75	0.0	0.470008805947	-0.174361949046	1.67501224049	1.06411194583	-0.39382035093	3.51688032768	494
36	0.75	1.0	0.0	-0.0469786501942	-0.124030245935	1.7686479258	0.382865755161	-0.369232297398	3.66913000895	495
36	1.0	0.0	0.0	2.253504008	0.123238921	0.750067981	3.11390904521	0.224408746354	2.38740355005	496
36	1.0	0.25	0.0	1.67454023401	0.1819450921	0.866981406365	2.48473082934	0.270035321605	2.56859480931	497
36	1.0	0.5	0.0	1.07666232891	0.321596785203	1.01005936732	1.78683189811	0.354362751178	2.75670603135	498
36	1.0	0.75	0.0	0.501804892363	0.454529046204	1.13900110436	1.08400010958	0.4246061984	2.93571359005	499
36	1.0	1.0	0.0	-0.008097476	0.493076921	1.213505858	0.440023321808	0.427980826599	3.08959385931	500
41	0.0	0.0	0.0	4.708746805	0.08456876	0.274994626	5.53945770593	0.33175003089	1.5209292128	501
41	0.0	0.25	0.0	4.07366597157	0.0777897612817	0.358251987059	4.96847603538	0.281898689398	1.75424830781	502
41	0.0	0.5	0.0	3.45510619371	0.0964135428674	0.488418976913	4.35992553795	0.24558941752	1.97993257079	503
41	0.0	0.75	0.0	2.84955602224	0.118782473269	0.630642130061	3.73475395934	0.225525131192	2.19273373909	504
41	0.0	1.0	0.0	2.253504008	0.123238921	0.750067981	3.11390904521	0.224408746354	2.38740355005	505
41	0.25	0.0	0.0	4.7534539235	0.234461165027	0.194334913272	5.54650535472	0.538581398534	1.38543569857	506
41	0.25	0.25	0.0	4.11750616941	0.223292060646	0.258147737941	4.96832448095	0.501450261063	1.61184241499	507
41	0.25	0.5	0.0	3.48148441029	0.233578761071	0.362551858571	4.34815100996	0.446283708377	1.81418054165	508
41	0.25	0.75	0.0	2.85563509195	0.248712768042	0.483078293998	3.71080599852	0.397823263535	1.9992788178	509
41	0.25	1.0	0.0	2.25020466017	0.252085583298	0.595258063061	3.08111050339	0.380810449596	2.17396598268	510
41	0.5	0.0	0.0	4.79638931972	0.415519499931	0.0866516182615	5.55618721123	0.775580336696	1.19421075572	511
41	0.5	0.25	0.0	4.15108264524	0.390527035948	0.117643978363	4.95790131429	0.742528754072	1.40661604392	512
41	0.5	0.5	0.0	3.49721747012	0.382253559698	0.196920724962	4.32216747957	0.649484947708	1.58589493592	513
41	0.5	0.75	0.0	2.85383113444	0.38434769516	0.295993463514	3.67239981889	0.555872439398	1.74202011307	514
41	0.5	1.0	0.0	2.23996097831	0.390458066311	0.386373799474	3.03201244409	0.521114750939	1.88496425673	515
41	0.75	0.0	0.0	4.83568639632	0.58669450287	-0.0337620491295	5.56165849105	0.992938074273	0.984430009672	516
41	0.75	0.25	0.0	4.17831979205	0.54796859972	-0.0388912636781	4.94408035915	0.963654359274	1.17989236366	517
41	0.75	0.5	0.0	3.51273682524	0.52540029156	0.021710382633	4.2979058054	0.835183783056	1.33927939013	518
41	0.75	0.75	0.0	2.85871095353	0.51853870813	0.10540323782	3.63978248378	0.698332274919	1.47059761935	519
41	0.75	1.0	0.0	2.23601563455	0.526932979169	0.1695476499	2.98635804828	0.643905764164	1.58185358159	520
41	1.0	0.0	0.0	4.869478556	0.706936912	-0.152612879	5.55607440976	1.14084584016	0.79326908583	521
41	1.0	0.25	0.0	4.20314200282	0.664090664496	-0.187089960188	4.93373543924	1.12334726751	0.972994543278	522
41	1.0	0.5	0.0	3.53847392774	0.645981309467	-0.132894361873	4.29129684607	0.983370861965	1.11853754085	523
41	1.0	0.75	0.0	2.88484135304	0.644137260456	-0.052676783872	3.63320105653	0.823862386234	1.23465133112	524
41	1.0	1.0	0.0	2.251611301	0.650086931	-0.009087926	2.96389049691	0.747767603047	1.32608916664	525
42	0.0	0.0	0.0	2.253504008	0.123238921	0.750067981	3.11390904521	0.224408746354	2.38740355005	526
42	0.0	0.25	0.0	1.67454023401	0.1819450921	0.866981406365	2.48473082934	0.270035321605	2.56859480931	527
42	0.0	0.5	0.0	1.07666232891	0.321596785203	1.01005936732	1.78683189811	0.354362751178	2.75670603135	528
42	0.0	0.75	0.0	0.501804892363	0.454529046204	1.13900110436	1.08400010958	0.4246061984	2.93571359005	529
42	0.0	1.0	0.0	-0.008097476	0.493076921	1.213505858	0.440023321808	0.427980826599	3.08959385931	530
42	0.25	0.0	0.0	2.25020466017	0.252085583298	0.595258063061	3.08111050339	0.380810449596	2.17396598268	531
42	0.25	0.25	0.0	1.67634691028	0.327391087288	0.702382562058	2.45484290278	0.436987012579	2.33485830913	532
42	0.25	0.5	0.0	1.08596239265	0.499765399419	0.820454025448	1.76867883099	0.546531897654	2.49213346559	533
42	0.25	0.75	0.0	0.514935463608	0.666043285496	0.925121836678	1.07842064317	0.640293075139	2.64021887947	534
42	0.25	1.0	0.0	-0.000849520485863	0.723059511324	0.992035379195	0.439870694479	0.649118515354	2.77354197821	535
42	0.5	0.0	0.0	2.23996097831	0.390458066311	0.386373799474	3.03201244409	0.521114750939	1.88496425673	536
42	0.5	0.25	0.0	1.67323791038	0.490119435142	0.481481880342	2.40942759493	0.5875419443	2.01788964048	537
42	0.5	0.5	0.0	1.09354183754	0.70335909104	0.60024481746	1.73832487617	0.713627905418	2.15055529097	538
42	0.5	0.75	0.0	0.526470960644	0.917817792952	0.707384596148	1.06072873789	0.829643336119	2.27478715729	539
42	0.5	1.0	0.0	-0.00237651942327	1.02113629983	0.767623201725	0.418663630138	0.865858938228	2.38241118849	540
42	0.75	0.0	0.0	2.23601563455	0.526932979169	0.1695476499	2.98635804828	0.643905764164	1.58185358159	541
42	0.75	0.25	0.0	1.67335230647	0.646726060871	0.248180190357	2.36227996737	0.715623227401	1.68356782299	542
42	0.75	0.5	0.0	1.10531682051	0.896611622338	0.373212793541	1.70405832179	0.853467510042	1.78946192842	543
42	0.75	0.75	0.0	0.543917448136	1.15621177209	0.490431894028	1.03967349644	0.988708013717	1.88981584463	544
42	0.75	1.0	0.0	0.00116246085095	1.30514861866	0.545623926393	0.397105876238	1.05261414005	1.97490951835	545
42	1.0	0.0	0.0	2.251611301	0.650086931	-0.009087926	2.96389049691	0.747767603047	1.32608916664	546
42	1.0	0.25	0.0	1.68482917072	0.773806889686	0.0463783212436	2.32719508168	0.815153972513	1.39777187634	547
42	1.0	0.5	0.0	1.12720349848	1.04375675559	0.163139003876	1.67416745598	0.963867447096	1.46634379887	548
42	1.0	0.75	0.0	0.574780990747	1.32758442644	0.278906241571	1.02400402158	1.11353814031	1.53570236263	549
42	1.0	1.0	0.0	0.023608354	1.4929378	0.331392154	0.395901180232	1.18379616566	1.60974499604	550
43	0.0	0.0	0.0	4.869478556	0.706936912	-0.152612879	5.55607440976	1.14084584016	0.79326908583	551
43	0.0	0.25	0.0	4.20314200282	0.664090664496	-0.187089960188	4.93373543924	1.12334726751	0.972994543278	552
43	0.0	0.5	0.0	3.53847392774	0.645981309467	-0.132894361873	4.29129684607	0.983370861965	1.11853754085	553
43	0.0	0.75	0.0	2.88484135304	0.644137260456	-0.052676783872	3.63320105653	0.823862386234	1.23465133112	554
43	0.0	1.0	0.0	2.251611301	0.650086931	-0.009087926	2.96389049691	0.747767603047	1.32608916664	555
43	0.25	0.0	0.0	4.89981866576	0.768517560826	-0.281100312949	5.55171272367	1.21933101785	0.609476720828	556
43	0.25	0.25	0.0	4.24154508504	0.749567610078	-0.340981965028	4.94000001461	1.2350350145	0.75950929069	557
43	0.25	0.5	0.0	3.59035019668	0.780451240722	-0.295460202955	4.30887133247	1.13325414798	0.871572130817	558
43	0.25	0.75	0.0	2.94929536381	0.825279230866	-0.219361245091	3.65550202236	0.999743995265	0.956507639757	559
43	0.25	1.0	0.0	2.32144194959	0.848162358619	-0.187511309796	2.9770674294	0.920260133311	1.02515821605	560
43	0.5	0.0	0.0	4.93459491171	0.822163935453	-0.446579268847	5.55757308794	1.28758817906	0.382157515034	561
43	0.5	0.25	0.0	4.29465923484	0.841470748639	-0.529568031331	4.95738965501	1.34552218648	0.49394639574	562
43	0.5	0.5	0.0	3.65356389357	0.935245696956	-0.486168747022	4.33116367467	1.29735395047	0.575872250333	563
43	0.5	0.75	0.0	3.02653249268	1.043864509	-0.400960975187	3.68216611036	1.21007981924	0.636887737942	564
43	0.5	1.0	0.0	2.42878863691	1.10770291339	-0.358524275091	3.01366792547	1.15069614096	0.685945517695	565
43	0.75	0.0	0.0	4.96955703855	0.884821492854	-0.617505848572	5.56679722182	1.3491989442	0.151064275719	566
43	0.75	0.25	0.0	4.34669758614	0.94317206815	-0.721324368662	4.974038992	1.44610838488	0.218875420331	567
43	0.75	0.5	0.0	3.71411554347	1.09208505685	-0.681300189655	4.35025760433	1.44643650277	0.270232654293	568
43	0.75	0.75	0.0	3.10054745091	1.25595205327	-0.587260897861	3.70625168196	1.40309511473	0.309660186245	569
43	0.75	1.0	0.0	2.53472984878	1.35916465171	-0.52903407959	3.05281984805	1.36899603765	0.341682224828	570
43	1.0	0.0	0.0	5.000454791	0.97343569	-0.762336154	5.57252684452	1.40774493366	-0.0440501898506	571
43	1.0	0.25	0.0	4.38187327285	1.05804355658	-0.884727186591	4.97808265713	1.52809321111	-0.0231340736365	572
43	1.0	0.5	0.0	3.75800567142	1.2326896991	-0.857134726434	4.35823685305	1.55126803819	-0.00655190240821	573
43	1.0	0.75	0.0	3.15533494978	1.41760082207	-0.768045936811	3.72081709859	1.52701513835	0.00869354524166	574
43	1.0	1.0	0.0	2.600344071	1.53300363	-0.705947981	3.07365106009	1.50508023505	0.0255994907205	575
44	0.0	0.0	0.0	2.251611301	0.650086931	-0.009087926	2.96389049691	0.747767603047	1.32608916664	576
44	0.0	0.25	0.0	1.68482917072	0.773806889686	0.0463783212436	2.32719508168	0.815153972513	1.39777187634	577
44	0.0	0.5	0.0	1.12720349848	1.04375675559	0.163139003876	1.67416745598	0.963867447096	1.46634379887	578
44	0.0	0.75	0.0	0.574780990747	1.32758442644	0.278906241571	1.02400402158	1.11353814031	1.53570236263	579
44	0.0	1.0	0.0	0.023608354	1.4929378	0.331392154	0.395901180232	1.18379616566	1.60974499604	580
44	0.25	0.0	0.0	2.32144194959	0.848162358619	-0.187511309796	2.9770674294	0.920260133311	1.02515821605	581
44	0.25	0.25	0.0	1.74619476883	0.952792321802	-0.145878500745	2.32388815009	0.961579491022	1.08457313974	582
44	0.25	0.5	0.0	1.17744042584	1.18937461229	-0.0364389505093	1.66778772118	1.08104625309	1.14566032557	583
44	0.25	0.75	0.0	0.612662376421	1.44440606923	0.0762594671174	1.02200611842	1.20551319387	1.21145331749	584
44	0.25	1.0	0.0	0.0493440763559	1.60438353181	0.12766887834	0.399783317545	1.26183308773	1.28498565948	585
44	0.5	0.0	0.0	2.42878863691	1.10770291339	-0.358524275091	3.01366792547	1.15069614096	0.685945517695	586
44	0.5	0.25	0.0	1.8562600497	1.19640195214	-0.324332676212	2.35455261744	1.16560544889	0.728025186146	587
44	0.5	0.5	0.0	1.26021185069	1.3742616391	-0.242526199085	1.68932277931	1.22784837322	0.769524008037	588
44	0.5	0.75	0.0	0.659484312047	1.57676260487	-0.161493864186	1.03129108471	1.29900603055	0.814199628576	589
44	0.5	1.0	0.0	0.0729177059497	1.73938548006	-0.129624691994	0.393770207247	1.34065953748	0.865809692969	590
44	0.75	0.0	0.0	2.53472984878	1.35916465171	-0.52903407959	3.05281984805	1.36899603765	0.341682224828	591
44	0.75	0.25	0.0	1.96660158482	1.43256424126	-0.497161632328	2.39108665603	1.3619428116	0.368518234409	592
44	0.75	0.5	0.0	1.34349230099	1.54798522296	-0.443192752993	1.71502420328	1.36442419602	0.392444042736	593
44	0.75	0.75	0.0	0.706681588246	1.69319243712	-0.396643197268	1.04158023868	1.37806159965	0.416150888341	594
44	0.75	1.0	0.0	0.0974490375687	1.85595072403	-0.387028720832	0.387702511112	1.40447643123	0.44233000976	595
44	1.0	0.0	0.0	2.600344071	1.53300363	-0.705947981	3.07365106009	1.50508023505	0.0255994907205	596
44	1.0	0.25	0.0	2.02879594567	1.5892076497	-0.672542796262	2.40538843816	1.48530254461	0.0464425033832	597
44	1.0	0.5	0.0	1.3952563047	1.6601127508	-0.62650862338	1.72114356601	1.45092410999	0.0689296261253	598
44	1.0	0.75	0.0	0.74568899564	1.76223396975	-0.591477977058	1.0425948986	1.42672485046	0.0895166892604	599
44	1.0	1.0	0.0	0.126057866	1.912086343	-0.591083372	0.391420890911	1.43748468531	0.104659523102	600
49	0.0	0.0	0.0	6.487958778	0.084374599	-0.199999985	7.29262976129	0.123233967129	0.0479790250748	601
49	0.0	0.25	0.0	6.33527537697	0.502520729105	-0.254480359952	7.09939892444	0.676826909571	0.0609134847303	602
49	0.0	0.5	0.0	5.97726588121	0.773637778396	-0.390885878571	6.65442712485	1.02960990375	0.0198103877929	603
49	0.0	0.75	0.0	5.5027268371	0.922388510739	-0.572432492654	6.09853091429	1.25033267125	-0.0302156942348	604
49	0.0	1.0	0.0	5.000454791	0.97343569	-0.762336154	5.57252684452	1.40774493366	-0.0440501898506	605
49	0.25	0.0	0.0	6.49213719644	0.0838274764684	-0.212127141655	7.29324798598	0.120235372094	0.0345370476132	606
49	0.25	0.25	0.0	6.34694079497	0.53709250868	-0.32594775333	7.10191389492	0.692071341494	-0.0310920882934	607
49	0.25	0.5	0.0	6.00347423597	0.860050104986	-0.49265595931	6.65993691642	1.07527697029	-0.124292618725	608
49	0.25	0.75	0.0	5.53561502307	1.059806262	-0.686842661412	6.10104852801	1.32781077219	-0.212694048963	609
49	0.25	1.0	0.0	5.01724065988	1.14346697635	-0.883098761455	5.55898020721	1.50763126089	-0.26392588429	610
49	0.5	0.0	0.0	6.501329717	0.0819364448163	-0.222415244462	7.29460808031	0.112951100934	0.0213563390309	611
49	0.5	0.25	0.0	6.36181601861	0.580653755689	-0.393344492709	7.10348401634	0.712172749791	-0.133044503193	612
49	0.5	0.5	0.0	6.02825080885	0.970541803631	-0.586536327043	6.66073460997	1.13709101766	-0.29462399738	613
49	0.5	0.75	0.0	5.55884853112	1.23461401802	-0.787028278989	6.09304465477	1.43046682858	-0.434026854949	614
49	0.5	1.0	0.0	5.01182362881	1.35588382825	-0.979857880076	5.52709894429	1.63506110658	-0.521897787319	615
49	0.75	0.0	0.0	6.51052223756	0.078327015006	-0.232233246538	7.29596817463	0.103948431616	0.00864573117955	616
49	0.75	0.25	0.0	6.37355885928	0.609288037053	-0.463572546866	7.10507168264	0.714188011641	-0.244463786231	617
49	0.75	0.5	0.0	6.0437713722	1.05438439003	-0.685294738873	6.66164559171	1.17280671441	-0.476800921528	618
49	0.75	0.75	0.0	5.56858890725	1.37560413469	-0.890822627993	6.08536013862	1.50424207323	-0.664087570298	619
49	0.75	1.0	0.0	4.99544059533	1.53493533177	-1.07357901966	5.49588556016	1.73293162139	-0.782045628126	620
49	1.0	0.0	0.0	6.514700656	0.072624698	-0.242950101	7.29658639932	0.0957946421061	-0.00338594408886	621
49	1.0	0.25	0.0	6.37582712837	0.599078919692	-0.543533884577	7.10763928779	0.67517400422	-0.364869963665	622
49	1.0	0.5	0.0	6.04221169838	1.0608493799	-0.801698951906	6.66749524786	1.1401787291	-0.656440564522	623
49	1.0	0.75	0.0	5.56099769744	1.41156896791	-1.01605899103	6.08883582363	1.49507773896	-0.872749653114	624
49	1.0	1.0	0.0	4.979328457	1.604870573	-1.18522769	5.4843425592	1.74413995599	-1.0084491359	625
50	0.0	0.0	0.0	6.514700656	0.072624698	-0.242950101	7.29658639932	0.0957946421061	-0.00338594408886	626
50	0.0	0.25	0.0	6.37582712837	0.599078919692	-0.543533884577	7.10763928779	0.67517400422	-0.364869963665	627
50	0.0	0.5	0.0	6.04221169838	1.0608493799	-0.801698951906	6.66749524786	1.1401787291	-0.656440564522	628
50	0.0	0.75	0.0	5.56099769744	1.41156896791	-1.01605899103	6.08883582363	1.49507773896	-0.872749653114	629
50	0.0	1.0	0.0	4.979328457	1.604870573	-1.18522769	5.4843425592	1.74413995599	-1.0084491359	630
50	0.25	0.0	0.0	6.50665838116	0.0653873436475	-0.25502452067	7.29853844141	0.0830332860208	-0.0206302383131	631
50	0.25	0.25	0.0	6.3605647873	0.550256942806	-0.614855257769	7.10829686077	0.594007898723	-0.479886380136	632
50	0.25	0.5	0.0	6.01315915533	0.988130338713	-0.888236143716	6.66584587526	1.03273147075	-0.808395697215	633
50	0.25	0.75	0.0	5.52316219844	1.33274209404	-1.09545700268	6.08600410827	1.38660096402	-1.03116065818	634
50	0.25	1.0	0.0	4.94929462981	1.53782677144	-1.25680765885	5.4835901832	1.64301334048	-1.17318373166	635
50	0.5	0.0	0.0	6.4889653765	0.060008529354	-0.261923972567	7.30283293401	0.0655016679151	-0.0389034142301	636
50	0.5	0.25	0.0	6.33136030261	0.493028089914	-0.64212730469	7.10670479364	0.514249028127	-0.540222143276	637
50	0.5	0.5	0.0	5.9607336916	0.883583618849	-0.914394152283	6.65282563949	0.900877790658	-0.913373236135	638
50	0.5	0.75	0.0	5.45496238819	1.19472678193	-1.11737554725	6.06754730071	1.21863114082	-1.17622495379	639
50	0.5	1.0	0.0	4.8919232371	1.38950924493	-1.2897225215	5.47722160645	1.46075226391	-1.34664555721	640
50	0.75	0.0	0.0	6.47127237184	0.0529435751334	-0.267083462681	7.30712742661	0.0462839098824	-0.0554366283635	641
50	0.75	0.25	0.0	6.30187749356	0.424156468477	-0.657223756958	7.10486873187	0.425741515588	-0.579421144605	642
50	0.75	0.5	0.0	5.90693815828	0.762144647452	-0.923492117731	6.63900717855	0.756649635996	-0.995579353327	643
50	0.75	0.75	0.0	5.38329574772	1.03632604772	-1.12197211547	6.04788799531	1.03574337286	-1.30489329638	644
50	0.75	1.0	0.0	4.82779164358	1.21611860495	-1.30874732065	5.46985641084	1.25975782792	-1.50834501562	645
50	1.0	0.0	0.0	6.463230097	0.040647801	-0.273937997	7.3090794687	0.0284641340162	-0.0674610372368	646
50	1.0	0.25	0.0	6.28578017943	0.340406185954	-0.692018346195	7.10479432095	0.318329484263	-0.63102727564	647
50	1.0	0.5	0.0	5.87377540649	0.638748851662	-0.958849180183	6.63496313042	0.612078953915	-1.07922022083	648
50	1.0	0.75	0.0	5.33505975806	0.896342907538	-1.14940419808	6.04144878642	0.88251276365	-1.41411644241	649
50	1.0	1.0	0.0	4.777477214	1.073855463	-1.338657099	5.46611417822	1.10243113415	-1.63779250996	650
53	0.0	0.0	0.0	6.463230097	0.040647801	-0.273937997	7.3090794687	0.0284641340162	-0.0674610372368	651
53	0.0	0.25	0.0	6.28578017943	0.340406185954	-0.692018346195	7.10479432095	0.318329484263	-0.63102727564	652
53	0.0	0.5	0.0	5.87377540649	0.638748851662	-0.958849180183	6.63496313042	0.612078953915	-1.07922022083	653
53	0.0	0.75	0.0	5.33505975806	0.896342907538	-1.14940419808	6.04144878642	0.88251276365	-1.41411644241	654
53	0.0	1.0	0.0	4.777477214	1.073855463	-1.338657099	5.46611417822	1.10243113415	-1.63779250996	655
53	0.25	0.0	0.0	6.45392510106	0.0196332632682	-0.283615535534	7.30879041895	0.0027278992791	-0.0749952971181	656
53	0.25	0.25	0.0	6.26060177449	0.167138189477	-0.789201253216	7.10673077368	0.103514697877	-0.760023780287	657
53	0.25	0.5	0.0	5.81383385892	0.317436358617	-1.12038553245	6.64038242073	0.241379060718	-1.31698688754	658
53	0.25	0.75	0.0	5.23715302891	0.458074897839	-1.34981457016	6.04321981272	0.386742334876	-1.74658541515	659
53	0.25	1.0	0.0	4.65409095904	0.576600934292	-1.55013456328	5.44871740229	0.510025867424	-2.04952015937	660
53	0.5	0.0	0.0	6.43345411	0.00136698603386	-0.287018297054	7.30815450949	-0.0259261113669	-0.0736828456023	661
53	0.5	0.25	0.0	6.22969788959	-0.00277530640112	-0.870279276553	7.10388118709	-0.116367142932	-0.857614505484	662
53	0.5	0.5	0.0	5.7618888648	-0.0150042053654	-1.28102615446	6.63316096955	-0.184215251004	-1.50495384546	663
53	0.5	0.75	0.0	5.16353062265	-0.0243503753592	-1.57104757015	6.0274576138	-0.234591040988	-2.01765080884	664
53	0.5	1.0	0.0	4.56812675016	-0.0198444808827	-1.79213216298	5.41823487671	-0.27261511829	-2.39765533892	665
53	0.75	0.0	0.0	6.41298311894	-0.0169971592174	-0.284190985047	7.30751860003	-0.0546779900299	-0.0661403205598	666
53	0.75	0.25	0.0	6.20577444014	-0.177601167331	-0.910287442637	7.10222620781	-0.342658733815	-0.889162136959	667
53	0.75	0.5	0.0	5.73189550473	-0.346924167403	-1.38895504884	6.63031736489	-0.623013252641	-1.58617369932	668
53	0.75	0.75	0.0	5.12602783168	-0.502582851731	-1.73938906912	6.02080543939	-0.87582551326	-2.1526967442	669
53	0.75	1.0	0.0	4.52285293996	-0.622193912616	-1.98078476894	5.40270379942	-1.08117948242	-2.58425300813	670
53	1.0	0.0	0.0	6.403678123	-0.038305301	-0.275178303	7.30722955028	-0.0807078288178	-0.0549843598607	671
53	1.0	0.25	0.0	6.20153734152	-0.365606258964	-0.884260777898	7.10774648249	-0.576702770425	-0.820029360436	672
53	1.0	0.5	0.0	5.73780885925	-0.66667485461	-1.39235621819	6.64887019471	-1.03332421559	-1.50369905386	673
53	1.0	0.75	0.0	5.13647994836	-0.928272470951	-1.78112493814	6.04990653922	-1.43129923126	-2.07710734195	674
53	1.0	1.0	0.0	4.521537881	-1.137160491	-2.032227252	5.43016136832	-1.7513548844	-2.51136812651	675
54	0.0	0.0	0.0	6.403678123	-0.038305301	-0.275178303	7.30722955028	-0.0807078288178	-0.0549843598607	676
54	0.0	0.25	0.0	6.20153734152	-0.365606258964	-0.884260777898	7.10774648249	-0.576702770425	-0.820029360436	677
54	0.0	0.5	0.0	5.73780885925	-0.66667485461	-1.39235621819	6.64887019471	-1.03332421559	-1.50369905386	678
54	0.0	0.75	0.0	5.13647994836	-0.928272470951	-1.78112493814	6.04990653922	-1.43129923126	-2.07710734195	679
54	0.0	1.0	0.0	4.521537881	-1.137160491	-2.032227252	5.43016136832	-1.7513548844	-2.51136812651	680
54	0.25	0.0	0.0	6.40135108097	-0.0572968803968	-0.261834685256	7.30785815035	-0.0992486380809	-0.0331055328484	681
54	0.25	0.25	0.0	6.21029551018	-0.527836345019	-0.786760683162	7.11938624233	-0.761830639765	-0.656020178629	682
54	0.25	0.5	0.0	5.77115923995	-0.932882909131	-1.25309430349	6.68591891261	-1.34379591093	-1.23714931858	683
54	0.25	0.75	0.0	5.19413617274	-1.27564365024	-1.62304607858	6.11452699198	-1.8384803046	-1.73456944916	684
54	0.25	1.0	0.0	4.589420211	-1.55932564587	-1.85882654078	5.51228131125	-2.23921967381	-2.10635706683	685
54	0.5	0.0	0.0	6.3962315885	-0.0718228396117	-0.244013075115	7.3092410705	-0.112782903002	0.00349353768196	686
54	0.5	0.25	0.0	6.21845148553	-0.658970340051	-0.631875045467	7.1321465245	-0.893603495571	-0.420917281348	687
54	0.5	0.5	0.0	5.81195800479	-1.16665082371	-0.996652709523	6.72703247163	-1.58813947541	-0.822287522141	688
54	0.5	0.75	0.0	5.27611154935	-1.60657065831	-1.29739159165	6.19224345043	-2.18905243077	-1.16852263283	689
54	0.5	1.0	0.0	4.71027252227	-1.99043621155	-1.49313721622	5.6261239994	-2.68900394992	-1.42752806153	690
54	0.75	0.0	0.0	6.39111209603	-0.0811073540207	-0.222979504917	7.31062399064	-0.121075723116	0.0433045682698	691
54	0.75	0.25	0.0	6.22428208532	-0.745140000621	-0.447655558704	7.14150467896	-0.96384228663	-0.154588018761	692
54	0.75	0.5	0.0	5.84512173246	-1.32981493989	-0.690498999952	6.75753545769	-1.73364975738	-0.35635564312	693
54	0.75	0.75	0.0	5.34522967804	-1.84902436734	-0.906377275777	6.25340351919	-2.41531631431	-0.536685389005	694
54	0.75	1.0	0.0	4.81620456265	-2.31666047846	-1.0501578333	5.72379605581	-2.99366013636	-0.670264340613	695
54	1.0	0.0	0.0	6.388785054	-0.084374599	-0.200000007	7.31125259071	-0.123892197962	0.0748192754547	696
54	1.0	0.25	0.0	6.22606412731	-0.772477083291	-0.262153916764	7.14293805567	-0.964367961726	0.103100258962	697
54	1.0	0.5	0.0	5.85556700167	-1.38421159923	-0.402100738431	6.76275245668	-1.74762160518	0.0634043399019	698
54	1.0	0.75	0.0	5.36431415869	-1.93097564955	-0.552218929382	6.26835480291	-2.44957265973	0.00322378622968	699
54	1.0	1.0	0.0	4.83932608	-2.424166737	-0.644886947	5.75740410353	-3.04614065677	-0.0299491341011	700
57	0.0	0.0	0.0	6.388785054	-0.084374599	-0.200000007	7.31125259071	-0.123892197962	0.0748192754547	701
57	0.0	0.25	0.0	6.22606412731	-0.772477083291	-0.262153916764	7.14293805567	-0.964367961726	0.103100258962	702
57	0.0	0.5	0.0	5.85556700167	-1.38421159923	-0.402100738431	6.76275245668	-1.74762160518	0.0634043399019	703
57	0.0	0.75	0.0	5.36431415869	-1.93097564955	-0.552218929382	6.26835480291	-2.44957265973	0.00322378622968	704
57	0.0	1.0	0.0	4.83932608	-2.424166737	-0.644886947	5.75740410353	-3.04614065677	-0.0299491341011	705
57	0.25	0.0	0.0	6.39285782916	-0.0812373917896	-0.176648936624	7.30998005645	-0.116240243621	0.106570991615	706
57	0.25	0.25	0.0	6.22020553704	-0.7359473128	-0.0934872754373	7.13585058793	-0.889526160108	0.328787855766	707
57	0.25	0.5	0.0	5.82530896409	-1.31936343294	-0.164191145239	6.74175905473	-1.62523774108	0.400503323579	708
57	0.25	0.75	0.0	5.3047723031	-1.83708362255	-0.283564085281	6.23216450309	-2.29189057448	0.407457641581	709
57	0.25	1.0	0.0	4.75519974688	-2.29470575198	-0.346409634817	5.71152597924	-2.85800024824	0.435391056302	710
57	0.5	0.0	0.0	6.4018179345	-0.0721696028143	-0.155774436167	7.30718048109	-0.0972400109591	0.145926912797	711
57	0.5	0.25	0.0	6.20824449601	-0.648012088183	0.0601342053384	7.12398525712	-0.748666235762	0.529363561191	712
57	0.5	0.5	0.0	5.76503349614	-1.1676062831	0.0683601345632	6.70712232426	-1.39620268163	0.731371837761	713
57	0.5	0.75	0.0	5.19254369041	-1.62696387156	-0.00544441237595	6.16977057318	-1.99962733808	0.840775754086	714
57	0.5	1.0	0.0	4.61113383434	-2.0220965376	-0.0356271993631	5.62510889457	-2.51871819465	0.946399321745	715
57	0.75	0.0	0.0	6.41077803984	-0.0576869874318	-0.138218143626	7.30438090573	-0.0728249518899	0.181964626062	716
57	0.75	0.25	0.0	6.19681663302	-0.521797105597	0.186429081291	7.11203104362	-0.560948529634	0.687306342896	717
57	0.75	0.5	0.0	5.7065569159	-0.959939701184	0.264776512468	6.6723365627	-1.10274142275	1.00781075903	718
57	0.75	0.75	0.0	5.08390648032	-1.35398882383	0.23474302326	6.1078009579	-1.63821039936	1.21949853363	719
57	0.75	1.0	0.0	4.47277291813	-1.68581852317	0.234247487022	5.54092772417	-2.1073622276	1.39839032588	720
57	1.0	0.0	0.0	6.414850815	-0.038305301	-0.124821697	7.30310837147	-0.0489285183277	0.203761718472	721
57	1.0	0.25	0.0	6.19255757685	-0.370428061199	0.273115908149	7.10467692779	-0.345533382673	0.785095168543	722
57	1.0	0.5	0.0	5.68169554144	-0.727363238676	0.394281399966	6.65089606751	-0.787078960378	1.18162096397	723
57	1.0	0.75	0.0	5.03513883255	-1.07153090656	0.389601155551	6.072883602	-1.27306720716	1.45994639012	724
57	1.0	1.0	0.0	4.405761574	-1.365351138	0.410001552	5.50175734265	-1.70300007873	1.68667873234	725
58	0.0	0.0	0.0	6.414850815	-0.038305301	-0.124821697	7.30310837147	-0.0489285183277	0.203761718472	726
58	0.0	0.25	0.0	6.19255757685	-0.370428061199	0.273115908149	7.10467692779	-0.345533382673	0.785095168543	727
58	0.0	0.5	0.0	5.68169554144	-0.727363238676	0.394281399966	6.65089606751	-0.787078960378	1.18162096397	728
58	0.0	0.75	0.0	5.03513883255	-1.07153090656	0.389601155551	6.072883602	-1.27306720716	1.45994639012	729
58	0.0	1.0	0.0	4.405761574	-1.365351138	0.410001552	5.50175734265	-1.70300007873	1.68667873234	730
58	0.25	0.0	0.0	6.41713209531	-0.0189188214157	-0.117780961045	7.30238983246	-0.0199773958562	0.209797110224	731
58	0.25	0.25	0.0	6.19980420912	-0.225129153716	0.30130956048	7.10118605484	-0.152809366242	0.807505990852	732
58	0.25	0.5	0.0	5.69782537632	-0.49672009812	0.438451125413	6.6417695164	-0.48112074227	1.2355671276	733
58	0.25	0.75	0.0	5.05911147203	-0.782340479607	0.444643111668	6.06334104528	-0.886312302578	1.54506332895	734
58	0.25	1.0	0.0	4.43157837142	-1.03063912316	0.470884897162	5.50510146959	-1.2497848258	1.7870774034	735
58	0.5	0.0	0.0	6.422150912	0.0013250611238	-0.11565055545	7.30080904665	0.0213087010353	0.209715758572	736
58	0.5	0.25	0.0	6.21472451415	-0.07800882849	0.284660566635	7.09767370613	0.0286741025636	0.776854725265	737
58	0.5	0.5	0.0	5.7330712964	-0.249751460763	0.424103609821	6.63389129569	-0.155074415572	1.21235232266	738
58	0.5	0.75	0.0	5.11762246315	-0.452004950792	0.436589497922	6.05738947268	-0.425841171882	1.53863839196	739
58	0.5	1.0	0.0	4.5088092188	-0.622871413673	0.456029154752	5.51609589445	-0.679530484877	1.77814277438	740
58	0.75	0.0	0.0	6.42716972869	0.0214920381014	-0.11841579713	7.29922826083	0.0625178923649	0.204738759644	741
58	0.75	0.25	0.0	6.23134602966	0.060706341119	0.236901791315	7.09455155504	0.192407087013	0.711908355672	742
58	0.75	0.5	0.0	5.77486920755	-0.0127415733496	0.364015568854	6.62723847587	0.153361978344	1.12842553936	743
58	0.75	0.75	0.0	5.19031585172	-0.130411589581	0.37561958255	6.05344975754	0.0251845002273	1.45242432939	744
58	0.75	1.0	0.0	4.61026255153	-0.223863591853	0.384407879466	5.52934613422	-0.112323413472	1.68203874446	745
58	1.0	0.0	0.0	6.429451009	0.040647801	-0.126062003	7.29850972182	0.0912382981507	0.196087209571	746
58	1.0	0.25	0.0	6.24369629339	0.180789781752	0.171766099219	7.09223127496	0.331879650375	0.631433865965	747
58	1.0	0.5	0.0	5.81065501564	0.188025317377	0.270963718172	6.62178812746	0.406490398108	1.00023576789	748
58	1.0	0.75	0.0	5.25683568356	0.132552334564	0.271912633789	6.04994277317	0.383603029048	1.29817389146	749
58	1.0	1.0	0.0	4.708746805	0.08456876	0.274994626	5.53945770593	0.33175003089	1.5209292128	750
61	0.0	0.0	0.0	6.429451009	0.040647801	-0.126062003	7.29850972182	0.0912382981507	0.196087209571	751
61	0.0	0.25	0.0	6.24369629339	0.180789781752	0.171766099219	7.09223127496	0.331879650375	0.631433865965	752
61	0.0	0.5	0.0	5.81065501564	0.188025317377	0.270963718172	6.62178812746	0.406490398108	1.00023576789	753
61	0.0	0.75	0.0	5.25683568356	0.132552334564	0.271912633789	6.04994277317	0.383603029048	1.29817389146	754
61	0.0	1.0	0.0	4.708746805	0.08456876	0.274994626	5.53945770593	0.33175003089	1.5209292128	755
61	0.25	0.0	0.0	6.43243498588	0.050592403596	-0.1322682435	7.29708943165	0.100521174221	0.184013967907	756
61	0.25	0.25	0.0	6.25055709088	0.24362636111	0.132358353945	7.09184378301	0.402527290977	0.579239624374	757
61	0.25	0.5	0.0	5.82717713245	0.295578587686	0.211553189409	6.62355065063	0.532473050134	0.907172909993	758
61	0.25	0.75	0.0	5.28668083515	0.271004912574	0.200488097611	6.05438088953	0.555957927413	1.17388215723	759
61	0.25	1.0	0.0	4.7534539235	0.234461165027	0.194334913272	5.54650535472	0.538581398534	1.38543569857	760
61	0.5	0.0	0.0	6.438999735	0.0589222995524	-0.139196929864	7.29396479328	0.107395271819	0.164177878985	761
61	0.5	0.25	0.0	6.26087715942	0.306566371445	0.0913827839629	7.09194972671	0.470211735511	0.51688188398	762
61	0.5	0.5	0.0	5.8466822302	0.416603234527	0.147475057549	6.63000338196	0.667335660568	0.79119379881	763
61	0.5	0.75	0.0	5.31799344955	0.436948930217	0.11669347446	6.06559334735	0.75153565747	1.00950597291	764
61	0.5	1.0	0.0	4.79638931972	0.415519499931	0.0866516182615	5.55618721123	0.775580336696	1.19421075572	765
61	0.75	0.0	0.0	6.44556448412	0.0661091704826	-0.147305126795	7.2908401549	0.113126344392	0.143162279494	766
61	0.75	0.25	0.0	6.27197396954	0.363921669129	0.0462140532908	7.09181145248	0.530987168825	0.44769571657	767
61	0.75	0.5	0.0	5.86802766651	0.530233833623	0.0781806631751	6.63552620506	0.790083127545	0.664665935651	768
61	0.75	0.75	0.0	5.35038025033	0.594629999644	0.0257901474908	6.07460251659	0.930653627159	0.831201259199	769
61	0.75	1.0	0.0	4.83568639632	0.58669450287	-0.0337620491295	5.56165849105	0.992938074273	0.984430009672	770
61	1.0	0.0	0.0	6.448548461	0.072624698	-0.157049899	7.28941986473	0.118980145383	0.127550506126	771
61	1.0	0.25	0.0	6.28116499177	0.410004110533	-0.00577317405242	7.09069130673	0.58090777577	0.375016193928	772
61	1.0	0.5	0.0	5.89007079905	0.615604960694	0.00312134687222	6.63449900357	0.879720349202	0.53995682183	773
61	1.0	0.75	0.0	5.38344796105	0.708293733007	-0.0669605001392	6.07243076724	1.05362924442	0.665123936806	774
61	1.0	1.0	0.0	4.869478556	0.706936912	-0.152612879	5.55607440976	1.14084584016	0.79326908583	775
62	0.0	0.0	0.0	6.448548461	0.072624698	-0.157049899	7.28941986473	0.118980145383	0.127550506126	776
62	0.0	0.25	0.0	6.28116499177	0.410004110533	-0.00577317405242	7.09069130673	0.58090777577	0.375016193928	777
62	0.0	0.5	0.0	5.89007079905	0.615604960694	0.00312134687222	6.63449900357	0.879720349202	0.53995682183	778
62	0.0	0.75	0.0	5.38344796105	0.708293733007	-0.0669605001392	6.07243076724	1.05362924442	0.665123936806	779
62	0.0	1.0	0.0	4.869478556	0.706936912	-0.152612879	5.55607440976	1.14084584016	0.79326908583	780
62	0.25	0.0	0.0	6.45470632303	0.0789769974323	-0.168440184361	7.28992141107	0.124161182432	0.110438127789	781
62	0.25	0.25	0.0	6.29198242981	0.444905816959	-0.0665954909923	7.09062531692	0.623343421657	0.296855283093	782
62	0.25	0.5	0.0	5.91063457972	0.666797965272	-0.0845183502843	6.63304704611	0.937795794439	0.414277985898	783
62	0.25	0.75	0.0	5.41260068697	0.767164770513	-0.172567158761	6.06935378593	1.11922332007	0.504540407909	784
62	0.25	1.0	0.0	4.89981866576	0.768517560826	-0.281100312949	5.55171272367	1.21933101785	0.609476720828	785
62	0.5	0.0	0.0	6.4682536195	0.082514205275	-0.177426682347	7.29102481301	0.125121613031	0.0888630252535	786
62	0.5	0.25	0.0	6.30804947154	0.467379346266	-0.122065745972	7.09284776787	0.65200410097	0.223877199274	787
62	0.5	0.5	0.0	5.9328280591	0.70096659218	-0.180562223476	6.63768877535	0.97887638601	0.282473350071	788
62	0.5	0.75	0.0	5.44190474991	0.810240077187	-0.30477907704	6.07583487039	1.16948792607	0.317587960905	789
62	0.5	1.0	0.0	4.93459491171	0.822163935453	-0.446579268847	5.55757308794	1.28758817906	0.382157515034	790
62	0.75	0.0	0.0	6.48180091597	0.0840441347302	-0.18696231016	7.29212821495	0.124074765243	0.0667387928919	791
62	0.75	0.25	0.0	6.32420186968	0.484294412349	-0.181566511466	7.09616889267	0.669096401134	0.147942935482	792
62	0.75	0.5	0.0	5.95544167899	0.731962607771	-0.283266117854	6.64571764902	1.00785134781	0.149373841614	793
62	0.75	0.75	0.0	5.47180013743	0.855865906203	-0.444449704997	6.08713894004	1.21099904795	0.130568594092	794
62	0.75	1.0	0.0	4.96955703855	0.884821492854	-0.617505848572	5.56679722182	1.3491989442	0.151064275719	795
62	1.0	0.0	0.0	6.487958778	0.084374599	-0.199999985	7.29262976129	0.123233967129	0.0479790250748	796
62	1.0	0.25	0.0	6.33527537697	0.502520729105	-0.254480359952	7.09939892444	0.676826909571	0.0609134847303	797
62	1.0	0.5	0.0	5.97726588121	0.773637778396	-0.390885878571	6.65442712485	1.02960990375	0.0198103877929	798
62	1.0	0.75	0.0	5.5027268371	0.922388510739	-0.572432492654	6.09853091429	1.25033267125	-0.0302156942348	799
62	1.0	1.0	0.0	5.000454791	0.97343569	-0.762336154	5.57252684452	1.40774493366	-0.0440501898506	800
