Elem	xi[0]	xi[1]	xi[2]	Y[0]	Y[1]	Y[2]	y[0]	y[1]	y[2]	Index
1	0.0	0.0	0.0	0.447153102	0.168609643	-0.113202237	0.562375128395	1.22259941362	0.213132125228	1
1	0.0	0.25	0.0	-0.329787260597	0.156655861805	-0.146206625186	-0.264936163265	1.26684502756	0.341440117057	2
1	0.0	0.5	0.0	-1.11489743847	0.107806976922	-0.194493235104	-1.07720888521	1.37910686589	0.484805363494	3
1	0.0	0.75	0.0	-1.89187559886	0.0607145708277	-0.262126242219	-1.87138835971	1.51399681855	0.615304396954	4
1	0.0	1.0	0.0	-2.644419909	0.054030226	-0.353169822	-2.644419909	1.6261267755	0.705013749853	5
1	0.25	0.0	0.0	0.396689271668	0.290669502508	-0.357417052888	0.469384495887	1.27980697609	-0.100009703388	6
1	0.25	0.25	0.0	-0.36295898546	0.288927384057	-0.388508174374	-0.342851840722	1.3254621789	0.0131034511185	7
1	0.25	0.5	0.0	-1.13004274611	0.277105033078	-0.416200136815	-1.13044003292	1.4558640647	0.149735055103	8
1	0.25	0.75	0.0	-1.88431754581	0.277744085099	-0.46036553074	-1.88684681472	1.60273387254	0.284410421521	9
1	0.25	1.0	0.0	-2.60553892011	0.313386175644	-0.540876946675	-2.60553892011	1.69779284149	0.391654863329	10
1	0.5	0.0	0.0	0.312157100881	0.462616805188	-0.613340867864	0.359470929389	1.35990914305	-0.457876182987	11
1	0.5	0.25	0.0	-0.387072177994	0.485099370097	-0.633571354796	-0.394768740129	1.40159119856	-0.371711288412	12
1	0.5	0.5	0.0	-1.11564816509	0.512698385614	-0.636620674073	-1.14047771951	1.528894515	-0.257313019986	13
1	0.5	0.75	0.0	-1.84294060935	0.544447429932	-0.642376784787	-1.86065992172	1.67851643775	-0.123862158003	14
1	0.5	1.0	0.0	-2.53831925975	0.57938008124	-0.670727646029	-2.53831925975	1.78715431219	0.0194605172436	15
1	0.75	0.0	0.0	0.223283132154	0.620404250774	-0.865359448658	0.257906457738	1.41354779431	-0.811263881355	16
1	0.75	0.25	0.0	-0.414078510267	0.67004602313	-0.870198011541	-0.435928329779	1.45094341005	-0.748384610194	17
1	0.75	0.5	0.0	-1.10144850083	0.732129459644	-0.849093951373	-1.14346659687	1.57205928389	-0.652536746454	18
1	0.75	0.75	0.0	-1.80044219182	0.779316054458	-0.817283229213	-1.83296368497	1.71848552953	-0.518514296727	19
1	0.75	1.0	0.0	-2.47267493552	0.784267301715	-0.790001806119	-2.47267493552	1.83181226064	-0.34111126761	20
1	1.0	0.0	0.0	0.159793908	0.699984539	-1.097858562	0.189963109771	1.39136480964	-1.11096936628	21
1	1.0	0.25	0.0	-0.45592965435	0.768641546361	-1.08718998969	-0.481572077968	1.42923013691	-1.05229702289	22
1	1.0	0.5	0.0	-1.11717855876	0.85294068028	-1.04695907321	-1.17555131692	1.5592194385	-0.952134008979	23
1	1.0	0.75	0.0	-1.78951969554	0.900841407809	-0.994208088871	-1.84389410873	1.69978216321	-0.808546949763	24
1	1.0	1.0	0.0	-2.438519955	0.860303196	-0.945979313	-2.438519955	1.76936775987	-0.61960247044	25
2	0.0	0.0	0.0	0.159793908	0.699984539	-1.097858562	0.189963109771	1.39136480964	-1.11096936628	26
2	0.0	0.25	0.0	-0.45592965435	0.768641546361	-1.08718998969	-0.481572077968	1.42923013691	-1.05229702289	27
2	0.0	0.5	0.0	-1.11717855876	0.85294068028	-1.04695907321	-1.17555131692	1.5592194385	-0.952134008979	28
2	0.0	0.75	0.0	-1.78951969554	0.900841407809	-0.994208088871	-1.84389410873	1.69978216321	-0.808546949763	29
2	0.0	1.0	0.0	-2.438519955	0.860303196	-0.945979313	-2.438519955	1.76936775987	-0.61960247044	30
2	0.25	0.0	0.0	0.089242460336	0.676208715208	-1.36997836746	0.118634837905	1.27449676887	-1.42799983397	31
2	0.25	0.25	0.0	-0.524392563484	0.73174107617	-1.33967429969	-0.542624772582	1.2859518058	-1.35134222908	32
2	0.25	0.5	0.0	-1.16470720271	0.799423978295	-1.27161052071	-1.22602475136	1.39939749552	-1.21649328233	33
2	0.25	0.75	0.0	-1.81111601524	0.824365047719	-1.1837993111	-1.87751203473	1.52359108549	-1.03890705009	34
2	0.25	1.0	0.0	-2.443033559	0.751671910578	-1.09425295144	-2.443033559	1.56728982318	-0.834037588751	35
2	0.5	0.0	0.0	-0.007605183512	0.579773054346	-1.68263543176	0.0231453771647	1.09875573776	-1.78774756293	36
2	0.5	0.25	0.0	-0.599974951271	0.592083148903	-1.63139386218	-0.605850438727	1.04697694956	-1.69077587367	37
2	0.5	0.5	0.0	-1.21277372531	0.60873609974	-1.5304090615	-1.26438044778	1.09241684849	-1.52018084958	38
2	0.5	0.75	0.0	-1.83698086138	0.593680457668	-1.384811449	-1.90082781747	1.18074555675	-1.3005412351	39
2	0.5	1.0	0.0	-2.46357571528	0.510864773497	-1.19973144396	-2.46357571528	1.25763319654	-1.05643577465	40
2	0.75	0.0	0.0	-0.089496496854	0.434277844811	-1.97700371993	-0.0555513945362	0.881270531476	-2.1246064054	41
2	0.75	0.25	0.0	-0.657368537054	0.397171135506	-1.9024482132	-0.654559231655	0.766082974409	-2.00750585224	42
2	0.75	0.5	0.0	-1.24687552671	0.36014586024	-1.76158443385	-1.29216039278	0.73894831814	-1.79876138201	43
2	0.75	0.75	0.0	-1.85727387182	0.310575391474	-1.55108329762	-1.91952420075	0.791460966029	-1.53034725206	44
2	0.75	1.0	0.0	-2.48781997841	0.235833101667	-1.26761572025	-2.48781997841	0.915215321435	-1.23423771973	45
2	1.0	0.0	0.0	-0.115178953	0.263323375	-2.194257197	-0.0765015992845	0.63916996517	-2.37297021361	46
2	1.0	0.25	0.0	-0.671265040176	0.194508406927	-2.09293688879	-0.672061306619	0.497047286588	-2.23844006035	47
2	1.0	0.5	0.0	-1.25251000706	0.132922075422	-1.90336637604	-1.31090657295	0.43966272522	-1.9877995509	48
2	1.0	0.75	0.0	-1.86215468442	0.0768376029564	-1.63645365202	-1.93928392837	0.475952702371	-1.66522284828	49
2	1.0	1.0	0.0	-2.503439903	0.024528212	-1.30310671	-2.503439903	0.614853639347	-1.31488411555	50
5	0.0	0.0	0.0	-0.115178953	0.263323375	-2.194257197	-0.0765015992845	0.63916996517	-2.37297021361	51
5	0.0	0.25	0.0	-0.671265040176	0.194508406927	-2.09293688879	-0.672061306619	0.497047286588	-2.23844006035	52
5	0.0	0.5	0.0	-1.25251000706	0.132922075422	-1.90336637604	-1.31090657295	0.43966272522	-1.9877995509	53
5	0.0	0.75	0.0	-1.86215468442	0.0768376029564	-1.63645365202	-1.93928392837	0.475952702371	-1.66522284828	54
5	0.0	1.0	0.0	-2.503439903	0.024528212	-1.30310671	-2.503439903	0.614853639347	-1.31488411555	55
5	0.25	0.0	0.0	-0.0369346807073	-0.374779323473	-2.421612962	0.0202606658148	-0.190868122182	-2.663866438	56
5	0.25	0.25	0.0	-0.606351294435	-0.469138278082	-2.2797650996	-0.606723145267	-0.327476834803	-2.49057171578	57
5	0.25	0.5	0.0	-1.20841884052	-0.518713378927	-1.99097306087	-1.27870925238	-0.360124128958	-2.15551321775	58
5	0.25	0.75	0.0	-1.84983331078	-0.53222250171	-1.62998185756	-1.94059824111	-0.303446181908	-1.73997562471	59
5	0.25	1.0	0.0	-2.53729069704	-0.518383522134	-1.27153650144	-2.53729069704	-0.172079170918	-1.32524361748	60
5	0.5	0.0	0.0	0.0856847103306	-1.23084311199	-2.34481170846	0.173303949566	-1.21834238747	-2.63501486157	61
5	0.5	0.25	0.0	-0.513658634735	-1.32721891866	-2.21127272514	-0.468858027108	-1.34644985449	-2.43017043125	62
5	0.5	0.5	0.0	-1.15241044544	-1.33863944636	-1.88796746938	-1.15162032737	-1.33150345322	-2.06181954273	63
5	0.5	0.75	0.0	-1.83856986096	-1.29480107252	-1.48048684599	-1.86028048167	-1.21691111866	-1.63892634745	64
5	0.5	1.0	0.0	-2.58013602049	-1.22540017453	-1.09442175976	-2.58013602049	-1.04608078583	-1.27045499682	65
5	0.75	0.0	0.0	0.210587953953	-2.08812575901	-2.06575274118	0.344950926721	-2.18807992512	-2.35485772853	66
5	0.75	0.25	0.0	-0.418625728764	-2.17666280443	-1.95907364303	-0.319312291217	-2.30058528668	-2.13738133151	67
5	0.75	0.5	0.0	-1.0926037836	-2.13591040911	-1.64190506226	-1.00486427187	-2.22972890527	-1.77817654391	68
5	0.75	0.75	0.0	-1.81822565645	-2.02570665897	-1.22494811546	-1.75233908321	-2.05168876117	-1.40356153383	69
5	0.75	1.0	0.0	-2.60237079321	-1.90588963991	-0.818903919203	-2.60237079321	-1.84264283463	-1.13985446935	70
5	1.0	0.0	0.0	0.295683784	-2.729885033	-1.686335365	0.497524272029	-2.84490782957	-1.8918372831	71
5	1.0	0.25	0.0	-0.346691244211	-2.81439922506	-1.59478173093	-0.21893227667	-2.93059664559	-1.69234954129	72
5	1.0	0.5	0.0	-1.03711781681	-2.71958054942	-1.30034130021	-0.913665559859	-2.81005414285	-1.37604223932	73
5	1.0	0.75	0.0	-1.77866201876	-2.53974781057	-0.900345164135	-1.67078247886	-2.59502576271	-1.07536770118	74
5	1.0	1.0	0.0	-2.574389935	-2.369219813	-0.492124414	-2.574389935	-2.39725694655	-0.922778250855	75
6	0.0	0.0	0.0	0.295683784	-2.729885033	-1.686335365	0.497524272029	-2.84490782957	-1.8918372831	76
6	0.0	0.25	0.0	-0.346691244211	-2.81439922506	-1.59478173093	-0.21893227667	-2.93059664559	-1.69234954129	77
6	0.0	0.5	0.0	-1.03711781681	-2.71958054942	-1.30034130021	-0.913665559859	-2.81005414285	-1.37604223932	78
6	0.0	0.75	0.0	-1.77866201876	-2.53974781057	-0.900345164135	-1.67078247886	-2.59502576271	-1.07536770118	79
6	0.0	1.0	0.0	-2.574389935	-2.369219813	-0.492124414	-2.574389935	-2.39725694655	-0.922778250855	80
6	0.25	0.0	0.0	0.36272238345	-3.11690984759	-1.18535341086	0.581852572691	-3.20736220537	-1.29362636185	81
6	0.25	0.25	0.0	-0.271316746517	-3.16504234416	-1.09480511606	-0.158897940234	-3.24280048618	-1.13939942842	82
6	0.25	0.5	0.0	-0.953683215107	-3.01264717885	-0.845482702718	-0.854904983154	-3.07502441638	-0.901780882496	83
6	0.25	0.75	0.0	-1.68652683137	-2.77414843909	-0.501375547564	-1.59599574242	-2.83959722833	-0.677818228251	84
6	0.25	1.0	0.0	-2.47199740437	-2.56397021236	-0.126473027348	-2.47199740437	-2.67208215439	-0.564558969866	85
6	0.5	0.0	0.0	0.451041870087	-3.43369288837	-0.482266061427	0.624597840611	-3.51682672256	-0.531768745242	86
6	0.5	0.25	0.0	-0.16444701738	-3.41032146917	-0.39016252407	-0.0861178870287	-3.49265745246	-0.430128430504	87
6	0.5	0.5	0.0	-0.824972280199	-3.20899631017	-0.201145228562	-0.765695993287	-3.29120037973	-0.289903996032	88
6	0.5	0.75	0.0	-1.53554456292	-2.93717552845	0.0617846160755	-1.48157027028	-3.04900165052	-0.140372303845	89
6	0.5	1.0	0.0	-2.30117451011	-2.70231724108	0.375625800819	-2.30117451011	-2.90260741101	-0.0108102159636	90
6	0.75	0.0	0.0	0.52650412693	-3.63272238598	0.267520988719	0.654834134422	-3.70280069546	0.247987688692	91
6	0.75	0.25	0.0	-0.070188799174	-3.54848803569	0.355638199984	-0.0180868061149	-3.64354721023	0.295949323029	92
6	0.75	0.5	0.0	-0.707482929535	-3.32138902611	0.483077206569	-0.685322769433	-3.44064842192	0.33670154565	93
6	0.75	0.75	0.0	-1.38970190022	-3.03862925923	0.660576100817	-1.37648115125	-3.2111408958	0.412606347162	94
6	0.75	1.0	0.0	-2.12116934729	-2.78741263701	0.898872975077	-2.12116934729	-3.07206119717	0.566025718174	95
6	1.0	0.0	0.0	0.554971037	-3.666486571	0.908602045	0.701635512761	-3.69478343838	0.899895061898	96
6	1.0	0.25	0.0	-0.0326488342751	-3.57779347936	0.979089211033	0.0277006134463	-3.65884942529	0.899319702743	97
6	1.0	0.5	0.0	-0.657713080566	-3.36258640943	1.05759068698	-0.653069490764	-3.50543493198	0.855148868128	98
6	1.0	0.75	0.0	-1.31298553007	-3.08830981204	1.16643968069	-1.32970347415	-3.31391683067	0.856753999892	99
6	1.0	1.0	0.0	-1.991230011	-2.822408138	1.3279694	-1.991230011	-3.16367199362	0.993506539871	100
9	0.0	0.0	0.0	0.554971037	-3.666486571	0.908602045	0.701635512761	-3.69478343838	0.899895061898	101
9	0.0	0.25	0.0	-0.0326488342751	-3.57779347936	0.979089211033	0.0277006134463	-3.65884942529	0.899319702743	102
9	0.0	0.5	0.0	-0.657713080566	-3.36258640943	1.05759068698	-0.653069490764	-3.50543493198	0.855148868128	103
9	0.0	0.75	0.0	-1.31298553007	-3.08830981204	1.16643968069	-1.32970347415	-3.31391683067	0.856753999892	104
9	0.0	1.0	0.0	-1.991230011	-2.822408138	1.3279694	-1.991230011	-3.16367199362	0.993506539871	105
9	0.25	0.0	0.0	0.556574482102	-3.45555727044	1.4731939296	0.756000694816	-3.4386979121	1.46410433312	106
9	0.25	0.25	0.0	-0.00978686410466	-3.4194356774	1.56583507322	0.0916629292603	-3.46742746993	1.46526990614	107
9	0.25	0.5	0.0	-0.619347872824	-3.27587284713	1.67193095854	-0.595996848682	-3.40693793698	1.43836894875	108
9	0.25	0.75	0.0	-1.24501282613	-3.07003181691	1.78878993608	-1.2615795301	-3.29445491822	1.44511573078	109
9	0.25	1.0	0.0	-1.85968600609	-2.84707562398	1.91372035635	-1.85968600609	-3.16720401864	1.54722452202	110
9	0.5	0.0	0.0	0.565920115411	-3.01990628426	2.06537688267	0.786164527963	-2.96526430827	2.06316735802	111
9	0.5	0.25	0.0	0.0425590851216	-3.04905313261	2.20983934782	0.187968306273	-3.04960356428	2.10202406639	112
9	0.5	0.5	0.0	-0.537328509423	-3.01396711862	2.36389975993	-0.466048529941	-3.08072942148	2.15313249156	113
9	0.5	0.75	0.0	-1.13567387929	-2.93593542407	2.51372049631	-1.11910202808	-3.07241196682	2.21894468462	114
9	0.5	1.0	0.0	-1.71440823554	-2.83624523073	2.64546393425	-1.71440823554	-3.03842128727	2.30191269663	115
9	0.75	0.0	0.0	0.571475818015	-2.4701596287	2.5628240814	0.77800772307	-2.34912796148	2.59959643135	116
9	0.75	0.25	0.0	0.0805863676022	-2.55863620069	2.7563083351	0.244066796892	-2.47560457563	2.68592340108	117
9	0.75	0.5	0.0	-0.47250295872	-2.62592374299	2.95744649706	-0.363362945812	-2.58665072645	2.81705311282	118
9	0.75	0.75	0.0	-1.04735969223	-2.67397616643	3.14550978891	-0.995497125898	-2.67877649731	2.94655649589	119
9	0.75	1.0	0.0	-1.60355136422	-2.70474738186	3.29976943227	-1.60355136422	-2.74849197158	3.02800447961	120
9	1.0	0.0	0.0	0.561709471	-1.91694332	2.843208703	0.71741099101	-1.66493420629	2.97590384785	121
9	1.0	0.25	0.0	0.0604923375356	-2.04017523734	3.05044833535	0.187408453522	-1.81565737124	3.0933091278	122
9	1.0	0.5	0.0	-0.485719189073	-2.1607972393	3.27652057585	-0.388078507566	-1.98454319287	3.24774442878	123
9	1.0	0.75	0.0	-1.04246126764	-2.27210957686	3.48843624143	-0.983990981369	-2.14453703055	3.39626679905	124
9	1.0	1.0	0.0	-1.575270057	-2.367412501	3.653206149	-1.575270057	-2.26858424362	3.49593328689	125
10	0.0	0.0	0.0	0.561709471	-1.91694332	2.843208703	0.71741099101	-1.66493420629	2.97590384785	126
10	0.0	0.25	0.0	0.0604923375356	-2.04017523734	3.05044833535	0.187408453522	-1.81565737124	3.0933091278	127
10	0.0	0.5	0.0	-0.485719189073	-2.1607972393	3.27652057585	-0.388078507566	-1.98454319287	3.24774442878	128
10	0.0	0.75	0.0	-1.04246126764	-2.27210957686	3.48843624143	-0.983990981369	-2.14453703055	3.39626679905	129
10	0.0	1.0	0.0	-1.575270057	-2.367412501	3.653206149	-1.575270057	-2.26858424362	3.49593328689	130
10	0.25	0.0	0.0	0.536879009533	-1.60655855155	2.81404219573	0.658823213858	-1.23723197588	3.00942027262	131
10	0.25	0.25	0.0	0.00398016651617	-1.72332898024	3.00211048519	0.0965581020439	-1.36260454906	3.12504181304	132
10	0.25	0.5	0.0	-0.558997853999	-1.81725256944	3.22393145488	-0.486732472871	-1.4983094032	3.27650504951	133
10	0.25	0.75	0.0	-1.12045261982	-1.90197007846	3.4315130346	-1.07414643257	-1.62840292971	3.42076294133	134
10	0.25	1.0	0.0	-1.64878169875	-1.99112226662	3.57686315414	-1.64878169875	-1.73694151999	3.5147684478	135
10	0.5	0.0	0.0	0.498046662295	-1.26695181719	2.63597245743	0.59484772193	-0.752327856481	2.88145250857	136
10	0.5	0.25	0.0	-0.071385861235	-1.39161228773	2.77616923988	-0.00465548396623	-0.848087984481	2.96695425434	137
10	0.5	0.5	0.0	-0.660111930326	-1.49048214841	2.95525490338	-0.612741028766	-0.959130876854	3.09014421807	138
10	0.5	0.75	0.0	-1.2421390795	-1.57959184627	3.11779360653	-1.21361283952	-1.07508137475	3.19705263247	139
10	0.5	1.0	0.0	-1.79147484329	-1.67497182836	3.20834950792	-1.79147484329	-1.18556431932	3.23370973023	140
10	0.75	0.0	0.0	0.464621921159	-0.955431937982	2.38314462267	0.546536492093	-0.296720181684	2.67178165366	141
10	0.75	0.25	0.0	-0.136543237406	-1.09866724341	2.46007576656	-0.0899413374325	-0.366355224822	2.71134205413	142
10	0.75	0.5	0.0	-0.756271086142	-1.22999629113	2.57135791689	-0.737609321302	-0.456472937029	2.77827459603	143
10	0.75	0.75	0.0	-1.3719174375	-1.34531736463	2.65946130088	-1.37004804748	-0.564084484617	2.82819623174	144
10	0.75	1.0	0.0	-1.96083810393	-1.44052874742	2.66685614574	-1.96083810393	-0.686201033896	2.81672391367	145
10	1.0	0.0	0.0	0.456014278	-0.729307735	2.129703826	0.534941501214	0.0430927149074	2.46018880584	146
10	1.0	0.25	0.0	-0.162429453686	-0.898135930871	2.14128123236	-0.133008491279	-0.0116538173992	2.45050081485	147
10	1.0	0.5	0.0	-0.814684989536	-1.08530531249	2.17310749096	-0.832842496527	-0.0798009069101	2.43050884495	148
10	1.0	0.75	0.0	-1.47418448462	-1.23948911786	2.16869946132	-1.51110990171	-0.174924378246	2.41725409844	149
10	1.0	1.0	0.0	-2.114360094	-1.309360585	2.071574003	-2.114360094	-0.310600056026	2.42777777761	150
13	0.0	0.0	0.0	0.456014278	-0.729307735	2.129703826	0.534941501214	0.0430927149074	2.46018880584	151
13	0.0	0.25	0.0	-0.162429453686	-0.898135930871	2.14128123236	-0.133008491279	-0.0116538173992	2.45050081485	152
13	0.0	0.5	0.0	-0.814684989536	-1.08530531249	2.17310749096	-0.832842496527	-0.0798009069101	2.43050884495	153
13	0.0	0.75	0.0	-1.47418448462	-1.23948911786	2.16869946132	-1.51110990171	-0.174924378246	2.41725409844	154
13	0.0	1.0	0.0	-2.114360094	-1.309360585	2.071574003	-2.114360094	-0.310600056026	2.42777777761	155
13	0.25	0.0	0.0	0.463444808019	-0.582633449212	1.8769456163	0.543437096817	0.278523763184	2.25260343918	156
13	0.25	0.25	0.0	-0.163218695367	-0.776317944407	1.85897615648	-0.152485934854	0.217409996395	2.23184840179	157
13	0.25	0.5	0.0	-0.826831690731	-1.03258559504	1.85919713496	-0.876347153446	0.131812742322	2.17034704844	158
13	0.25	0.75	0.0	-1.51364107629	-1.25223162435	1.79875999657	-1.57864895868	0.0188794253668	2.11080222448	159
13	0.25	1.0	0.0	-2.20989375027	-1.3360512556	1.59881618614	-2.20989375027	-0.124242530073	2.09591677529	160
13	0.5	0.0	0.0	0.469269948697	-0.439184418637	1.56405911661	0.55403776046	0.514325637091	1.98802230122	161
13	0.5	0.25	0.0	-0.175241903497	-0.65281125877	1.54270058424	-0.180769874332	0.441646060738	1.98977528396	162
13	0.5	0.5	0.0	-0.834245378922	-0.979674661838	1.54202848919	-0.906865126074	0.310849620979	1.93827835482	163
13	0.5	0.75	0.0	-1.53240611261	-1.28579677773	1.44757472699	-1.61461580956	0.158511261921	1.84123909326	164
13	0.5	1.0	0.0	-2.29438973958	-1.43719975635	1.14487119319	-2.29438973958	0.0212059276706	1.70636507875	165
13	0.75	0.0	0.0	0.476508821527	-0.300343213242	1.24101138736	0.581605174376	0.727784353947	1.70183620552	166
13	0.75	0.25	0.0	-0.200805456557	-0.519751817968	1.22255888407	-0.20108444929	0.652970159793	1.74091255409	167
13	0.75	0.5	0.0	-0.859752284724	-0.889661780362	1.22077055176	-0.943583563524	0.493559374816	1.72158555901	168
13	0.75	0.75	0.0	-1.56520536261	-1.25726362537	1.10631985757	-1.66439919987	0.320579388312	1.61563902935	169
13	0.75	1.0	0.0	-2.38203838986	-1.46974787793	0.749880268635	-2.38203838986	0.205057589574	1.39485677419	170
13	1.0	0.0	0.0	0.488180548	-0.167492403	0.957769489	0.6410010208	0.896185931072	1.42943596565	171
13	1.0	0.25	0.0	-0.242215733025	-0.369275566011	0.928655424412	-0.196653799305	0.843298077719	1.50189130489	172
13	1.0	0.5	0.0	-0.92617863875	-0.725636218078	0.894592320793	-1.00568961491	0.71619164959	1.50755145591	173
13	1.0	0.75	0.0	-1.64676459535	-1.08371121461	0.766171593277	-1.77338787511	0.581692061436	1.44107635732	174
13	1.0	1.0	0.0	-2.487030029	-1.290637411	0.453984657	-2.487030029	0.506624728006	1.29712594775	175
14	0.0	0.0	0.0	0.488180548	-0.167492403	0.957769489	0.6410010208	0.896185931072	1.42943596565	176
14	0.0	0.25	0.0	-0.242215733025	-0.369275566011	0.928655424412	-0.196653799305	0.843298077719	1.50189130489	177
14	0.0	0.5	0.0	-0.92617863875	-0.725636218078	0.894592320793	-1.00568961491	0.71619164959	1.50755145591	178
14	0.0	0.75	0.0	-1.64676459535	-1.08371121461	0.766171593277	-1.77338787511	0.581692061436	1.44107635732	179
14	0.0	1.0	0.0	-2.487030029	-1.290637411	0.453984657	-2.487030029	0.506624728006	1.29712594775	180
14	0.25	0.0	0.0	0.493281095551	-0.0657656756343	0.712698539958	0.681563622093	1.00915643552	1.16571315174	181
14	0.25	0.25	0.0	-0.27274627859	-0.22316208854	0.672608737483	-0.178943545544	0.988497485316	1.26255100824	182
14	0.25	0.5	0.0	-0.994908855278	-0.515500898129	0.607336990511	-1.04081482117	0.929466261053	1.30078521806	183
14	0.25	0.75	0.0	-1.74049698853	-0.810265856065	0.484906493355	-1.85608803878	0.875263215608	1.30658271616	184
14	0.25	1.0	0.0	-2.57680103236	-0.974940714013	0.273340440325	-2.57680103236	0.869088801854	1.30611043747	185
14	0.5	0.0	0.0	0.485481144705	0.0198770368553	0.428349620371	0.673197480912	1.10502801732	0.84424432783	186
14	0.5	0.25	0.0	-0.286544002247	-0.0778980613799	0.394231196366	-0.17242751777	1.10971307715	0.966983375384	187
14	0.5	0.5	0.0	-1.04014753229	-0.287472849174	0.333354324763	-1.02909693045	1.11056784225	1.06464619418	188
14	0.5	0.75	0.0	-1.81007024099	-0.508718170517	0.242504986223	-1.86068173866	1.13539825703	1.14652036383	189
14	0.5	1.0	0.0	-2.63105292391	-0.641504869396	0.118469161406	-2.63105292391	1.21201026591	1.22189346395	190
14	0.75	0.0	0.0	0.468774034007	0.0958605409172	0.140967703599	0.629076636573	1.17808192663	0.511295362724	191
14	0.75	0.25	0.0	-0.300070473186	0.0531600704186	0.114350256873	-0.195095221753	1.20360790673	0.648756910327	192
14	0.75	0.5	0.0	-1.07558146247	-0.0701656859222	0.0677192680557	-1.02355519954	1.26021013119	0.794273278057	193
14	0.75	0.75	0.0	-1.85926842151	-0.208560560655	0.00486232374363	-1.84612862791	1.35175638993	0.927293018153	194
14	0.75	1.0	0.0	-2.652640838	-0.296468386331	-0.0704329894666	-2.652640838	1.48211447289	1.02726468286	195
14	1.0	0.0	0.0	0.447153102	0.168609643	-0.113202237	0.562375128395	1.22259941362	0.213132125228	196
14	1.0	0.25	0.0	-0.329787260597	0.156655861805	-0.146206625186	-0.264936163265	1.26684502756	0.341440117057	197
14	1.0	0.5	0.0	-1.11489743847	0.107806976922	-0.194493235104	-1.07720888521	1.37910686589	0.484805363494	198
14	1.0	0.75	0.0	-1.89187559886	0.0607145708277	-0.262126242219	-1.87138835971	1.51399681855	0.615304396954	199
14	1.0	1.0	0.0	-2.644419909	0.054030226	-0.353169822	-2.644419909	1.6261267755	0.705013749853	200
17	0.0	0.0	0.0	3.767299734	0.417024474	0.287086573	4.0114042486	1.17650366801	0.355861089472	201
17	0.0	0.25	0.0	3.32585409044	0.366673295695	0.163919359912	3.53297163172	1.22885929698	0.346632987883	202
17	0.0	0.5	0.0	2.86168027595	0.368091280206	0.10205470666	3.04654601058	1.26990875786	0.30261611559	203
17	0.0	0.75	0.0	2.40687370574	0.381972676364	0.0715979863283	2.58109062232	1.29940888549	0.252649092308	204
17	0.0	1.0	0.0	1.993529795	0.369011733	0.042654572	2.16556870406	1.31711651469	0.225570537754	205
17	0.25	0.0	0.0	3.72882049316	0.561448567831	0.122713413081	3.95537480124	1.27033292624	0.154108845082	206
17	0.25	0.25	0.0	3.3020315561	0.528735313408	-0.0186178895847	3.47816424718	1.32196265576	0.098685943438	207
17	0.25	0.5	0.0	2.83541005735	0.534139121897	-0.108943500272	2.99230251284	1.35607585624	0.0170213557267	208
17	0.25	0.75	0.0	2.37317919791	0.539985464294	-0.165132999469	2.52927829216	1.37440412446	-0.061884945083	209
17	0.25	1.0	0.0	1.95956217877	0.508599811596	-0.20405596766	2.1205802791	1.37867905724	-0.109032986022	210
17	0.5	0.0	0.0	3.65754669496	0.769182036714	-0.00412638093918	3.90782236846	1.39838567781	-0.0854290771993	211
17	0.5	0.25	0.0	3.22890403699	0.742131982535	-0.181447873029	3.4337362353	1.43686814438	-0.187968852431	212
17	0.5	0.5	0.0	2.77636681884	0.736750874866	-0.322871434634	2.94899936369	1.45710037855	-0.306903422721	213
17	0.5	0.75	0.0	2.33113440557	0.717753719027	-0.427911988175	2.48107820119	1.45642098386	-0.41489469789	214
17	0.5	1.0	0.0	1.92440616227	0.649855520335	-0.496084456077	2.0574391954	1.43216856386	-0.484604587759	215
17	0.75	0.0	0.0	3.58713436178	0.954155970491	-0.127847375989	3.87273817648	1.48842586296	-0.334659286493	216
17	0.75	0.25	0.0	3.14861235575	0.938848548497	-0.338450757937	3.4040835397	1.52025081445	-0.477639968441	217
17	0.75	0.5	0.0	2.71190857169	0.919981190753	-0.52909421072	2.92266474377	1.52880013405	-0.627437707699	218
17	0.75	0.75	0.0	2.28874892276	0.870812855669	-0.683483806567	2.44923032276	1.50986312799	-0.757882120258	219
17	0.75	1.0	0.0	1.89085932213	0.764602501656	-0.785325617706	2.00452881074	1.4592291025	-0.842802822111	220
17	1.0	0.0	0.0	3.551239516	1.030301459	-0.282864139	3.85411345149	1.46821742192	-0.565488391922	221
17	1.0	0.25	0.0	3.10329733506	1.05087025672	-0.503506711824	3.39360210399	1.51878571759	-0.734635973311	222
17	1.0	0.5	0.0	2.6693933272	1.0278847212	-0.71697694283	2.91932683373	1.52699293201	-0.902860987155	223
17	1.0	0.75	0.0	2.25403234348	0.954698289328	-0.898593281421	2.4464746302	1.49913422118	-1.04234916634	224
17	1.0	1.0	0.0	1.861719235	0.824664398	-1.023674177	1.99023248285	1.44150474111	-1.12528624373	225
18	0.0	0.0	0.0	1.993529795	0.369011733	0.042654572	2.16556870406	1.31711651469	0.225570537754	226
18	0.0	0.25	0.0	1.63745969463	0.316511237574	0.00213577303014	1.80740947023	1.30856089009	0.210111740352	227
18	0.0	0.5	0.0	1.24790449503	0.246712459054	-0.0451423116303	1.40875472505	1.27620452217	0.188556997711	228
18	0.0	0.75	0.0	0.844567772168	0.187962795006	-0.0874861567257	0.987708575463	1.24067487524	0.18239942196	229
18	0.0	1.0	0.0	0.447153102	0.168609643	-0.113202237	0.562375128395	1.22259941362	0.213132125228	230
18	0.25	0.0	0.0	1.95956217877	0.508599811596	-0.20405596766	2.1205802791	1.37867905724	-0.109032986022	231
18	0.25	0.25	0.0	1.60360322068	0.441995279311	-0.242084348743	1.75969471489	1.36366303425	-0.127495544467	232
18	0.25	0.5	0.0	1.20938498009	0.368553701366	-0.286417623604	1.34717746158	1.33300132348	-0.138151332819	233
18	0.25	0.75	0.0	0.799537112063	0.310652601265	-0.3279103418	0.90856267123	1.3004604593	-0.131992127114	234
18	0.25	1.0	0.0	0.396689271668	0.290669502508	-0.357417052888	0.469384495887	1.27980697609	-0.100009703388	235
18	0.5	0.0	0.0	1.92440616227	0.649855520335	-0.496084456077	2.0574391954	1.43216856386	-0.484604587759	236
18	0.5	0.25	0.0	1.5543148136	0.564936255258	-0.536053759013	1.67446895931	1.40388674633	-0.508771548129	237
18	0.5	0.5	0.0	1.14101188579	0.502406802205	-0.567457805301	1.24704301402	1.38507735792	-0.509076025908	238
18	0.5	0.75	0.0	0.716343830872	0.466792029431	-0.592489279923	0.800323092923	1.37174871728	-0.490462683419	239
18	0.5	1.0	0.0	0.312157100881	0.462616805188	-0.613340867864	0.359470929389	1.35990914305	-0.457876182987	240
18	0.75	0.0	0.0	1.89085932213	0.764602501656	-0.785325617706	2.00452881074	1.4592291025	-0.842802822111	241
18	0.75	0.25	0.0	1.50511102745	0.663713754868	-0.831430177262	1.59374404679	1.41971349667	-0.870957094418	242
18	0.75	0.5	0.0	1.07112663269	0.615265099637	-0.850620603394	1.15029617009	1.41259711918	-0.866250966342	243
18	0.75	0.75	0.0	0.630114535156	0.605435582694	-0.85717199442	0.697309025462	1.4173764063	-0.841936030961	244
18	0.75	1.0	0.0	0.223283132154	0.620404250774	-0.865359448658	0.257906457738	1.41354779431	-0.811263881355	245
18	1.0	0.0	0.0	1.861719235	0.824664398	-1.023674177	1.99023248285	1.44150474111	-1.12528624373	246
18	1.0	0.25	0.0	1.47150841631	0.716707367595	-1.07987132297	1.55953182061	1.40162475562	-1.15129300711	247
18	1.0	0.5	0.0	1.02807064136	0.674121931727	-1.09826376456	1.09888171748	1.39572510093	-1.15171003891	248
18	1.0	0.75	0.0	0.575975831477	0.675637764246	-1.09790750862	0.633839653764	1.40018028347	-1.13533595375	249
18	1.0	1.0	0.0	0.159793908	0.699984539	-1.097858562	0.189963109771	1.39136480964	-1.11096936628	250
19	0.0	0.0	0.0	3.551239516	1.030301459	-0.282864139	3.85411345149	1.46821742192	-0.565488391922	251
19	0.0	0.25	0.0	3.10329733506	1.05087025672	-0.503506711824	3.39360210399	1.51878571759	-0.734635973311	252
19	0.0	0.5	0.0	2.6693933272	1.0278847212	-0.71697694283	2.91932683373	1.52699293201	-0.902860987155	253
19	0.0	0.75	0.0	2.25403234348	0.954698289328	-0.898593281421	2.4464746302	1.49913422118	-1.04234916634	254
19	0.0	1.0	0.0	1.861719235	0.824664398	-1.023674177	1.99023248285	1.44150474111	-1.12528624373	255
19	0.25	0.0	0.0	3.53889716591	0.97630148966	-0.3808256576	3.85262421025	1.35737820963	-0.707115996746	256
19	0.25	0.25	0.0	3.08616799779	1.02258264876	-0.624525747681	3.39152730601	1.42457998282	-0.905039726343	257
19	0.25	0.5	0.0	2.64708564206	1.01320980528	-0.866062085965	2.91823396214	1.44370799195	-1.10397357439	258
19	0.25	0.75	0.0	2.22497268858	0.947639705284	-1.07660318659	2.44376033792	1.42483257043	-1.26849406518	259
19	0.25	1.0	0.0	1.82315172721	0.825329094829	-1.22731756368	1.97912259261	1.37802405163	-1.36317772298	260
19	0.5	0.0	0.0	3.51554318571	0.852731602136	-0.450741657195	3.85719466007	1.17873159552	-0.854495993227	261
19	0.5	0.25	0.0	3.05916710278	0.911030240389	-0.746553922036	3.38747874988	1.25418922988	-1.09527379908	262
19	0.5	0.5	0.0	2.61859101498	0.924501627913	-1.03674856543	2.90774217371	1.29434546792	-1.33671907138	263
19	0.5	0.75	0.0	2.18874759217	0.885880387958	-1.2915953555	2.4239102924	1.29879931573	-1.54068431141	264
19	0.5	1.0	0.0	1.76456950422	0.787901143774	-1.48136406034	1.94190846677	1.2671497794	-1.66902202041	265
19	0.75	0.0	0.0	3.4880801719	0.704471942544	-0.490781648943	3.8647534056	0.980717350047	-0.98076510203	266
19	0.75	0.25	0.0	3.03059040674	0.764271359449	-0.841918045729	3.38765221721	1.05689625363	-1.2648394705	267
19	0.75	0.5	0.0	2.59122378583	0.795412729352	-1.18496371084	2.90137419025	1.11397005418	-1.55057664593	268
19	0.75	0.75	0.0	2.15572970814	0.782136098798	-1.4878020531	2.40738585792	1.13882848647	-1.79776206856	269
19	0.75	1.0	0.0	1.70985757261	0.708681514332	-1.71831648134	1.90715375341	1.11836128531	-1.96618117862	270
19	1.0	0.0	0.0	3.463410721	0.576402657	-0.499115144	3.87222905144	0.811775243672	-1.05906004382	271
19	1.0	0.25	0.0	3.00873366637	0.630364333777	-0.8829449296	3.39824348958	0.881983848922	-1.3732380196	272
19	1.0	0.5	0.0	2.57229829446	0.659595649855	-1.26663485179	2.91265273358	0.937646444989	-1.69502546585	273
19	1.0	0.75	0.0	2.13629169033	0.649122599255	-1.60945554433	2.4146483988	0.962714112036	-1.97856950019	274
19	1.0	1.0	0.0	1.682900939	0.583971176	-1.870677641	1.90342210061	0.941137930225	-2.17801724023	275
20	0.0	0.0	0.0	1.861719235	0.824664398	-1.023674177	1.99023248285	1.44150474111	-1.12528624373	276
20	0.0	0.25	0.0	1.47150841631	0.716707367595	-1.07987132297	1.55953182061	1.40162475562	-1.15129300711	277
20	0.0	0.5	0.0	1.02807064136	0.674121931727	-1.09826376456	1.09888171748	1.39572510093	-1.15171003891	278
20	0.0	0.75	0.0	0.575975831477	0.675637764246	-1.09790750862	0.633839653764	1.40018028347	-1.13533595375	279
20	0.0	1.0	0.0	0.159793908	0.699984539	-1.097858562	0.189963109771	1.39136480964	-1.11096936628	280
20	0.25	0.0	0.0	1.82315172721	0.825329094829	-1.22731756368	1.97912259261	1.37802405163	-1.36317772298	281
20	0.25	0.25	0.0	1.4285086746	0.72106083267	-1.30631408295	1.5358922389	1.34150868222	-1.40246929444	282
20	0.25	0.5	0.0	0.978537879633	0.672107333406	-1.35040608926	1.05410181257	1.32418092035	-1.43106679213	283
20	0.25	0.75	0.0	0.517396691733	0.662484619948	-1.36861903372	0.569699837583	1.30789290343	-1.441925283	284
20	0.25	1.0	0.0	0.089242460336	0.676208715208	-1.36997836746	0.118634837905	1.27449676887	-1.42799983397	285
20	0.5	0.0	0.0	1.76456950422	0.787901143774	-1.48136406034	1.94190846677	1.2671497794	-1.66902202041	286
20	0.5	0.25	0.0	1.35619035943	0.69125945103	-1.58728876854	1.48477559224	1.23201206803	-1.73133249001	287
20	0.5	0.5	0.0	0.894961596761	0.627809473335	-1.654150947	0.979918209945	1.20315566478	-1.77944362841	288
20	0.5	0.75	0.0	0.425493115885	0.592373308502	-1.68493752499	0.476365183659	1.16419780843	-1.80202534844	289
20	0.5	1.0	0.0	-0.007605183512	0.579773054346	-1.68263543176	0.0231453771647	1.09875573776	-1.78774756293	290
20	0.75	0.0	0.0	1.70985757261	0.708681514332	-1.71831648134	1.90715375341	1.11836128531	-1.96618117862	291
20	0.75	0.25	0.0	1.28824946209	0.619621035384	-1.85077328734	1.43834043635	1.08073865268	-2.05310064548	292
20	0.75	0.5	0.0	0.817932988783	0.540598154271	-1.93974559406	0.915764885056	1.03830168253	-2.11519422241	293
20	0.75	0.75	0.0	0.343740290022	0.477016035807	-1.98267515406	0.398207480955	0.976621825313	-2.14238758415	294
20	0.75	1.0	0.0	-0.089496496854	0.434277844811	-1.97700371993	-0.0555513945362	0.881270531476	-2.1246064054	295
20	1.0	0.0	0.0	1.682900939	0.583971176	-1.870677641	1.90342210061	0.941137930225	-2.17801724023	296
20	1.0	0.25	0.0	1.25838197388	0.498463398444	-2.02474554695	1.42874532693	0.895292175793	-2.28299181247	297
20	1.0	0.5	0.0	0.788043251743	0.409843178971	-2.13743728669	0.90107581336	0.835271321926	-2.35667224883	298
20	1.0	0.75	0.0	0.315613400231	0.328125007763	-2.19764409258	0.379598518438	0.752691780945	-2.38976342423	299
20	1.0	1.0	0.0	-0.115178953	0.263323375	-2.194257197	-0.0765015992845	0.63916996517	-2.37297021361	300
25	0.0	0.0	0.0	3.463410721	0.576402657	-0.499115144	3.87222905144	0.811775243672	-1.05906004382	301
25	0.0	0.25	0.0	3.00873366637	0.630364333777	-0.8829449296	3.39824348958	0.881983848922	-1.3732380196	302
25	0.0	0.5	0.0	2.57229829446	0.659595649855	-1.26663485179	2.91265273358	0.937646444989	-1.69502546585	303
25	0.0	0.75	0.0	2.13629169033	0.649122599255	-1.60945554433	2.4146483988	0.962714112036	-1.97856950019	304
25	0.0	1.0	0.0	1.682900939	0.583971176	-1.870677641	1.90342210061	0.941137930225	-2.17801724023	305
25	0.25	0.0	0.0	3.4476915093	0.27747335481	-0.453846500984	3.91305333274	0.409091576354	-1.11258305148	306
25	0.25	0.25	0.0	2.99418653167	0.283036047898	-0.836274620834	3.45293788341	0.413834977163	-1.45214827959	307
25	0.25	0.5	0.0	2.5528815752	0.25319705935	-1.24624048324	2.97042397365	0.396666261418	-1.80955973171	308
25	0.25	0.75	0.0	2.11525384337	0.18871299052	-1.62762152184	2.4708297537	0.355968748078	-2.13207851019	309
25	0.25	1.0	0.0	1.67278053966	0.0903404427624	-1.92429517029	1.9594733738	0.290125756101	-2.36696571739	310
25	0.5	0.0	0.0	3.48357524596	-0.0702798287031	-0.362138038414	3.98812513761	-0.0542823126245	-1.06072560016	311
25	0.5	0.25	0.0	3.01684507438	-0.142793579412	-0.69482987857	3.52302505998	-0.160002922324	-1.38559219751	312
25	0.5	0.5	0.0	2.55559925717	-0.240746482224	-1.05819038859	3.02749830406	-0.274930153814	-1.71239262384	313
25	0.5	0.75	0.0	2.10538974342	-0.365188399096	-1.40866181389	2.52188633742	-0.396795057251	-2.00756523389	314
25	0.5	1.0	0.0	1.67176848219	-0.517169191981	-1.70268639987	2.02653062762	-0.52332868279	-2.23754838242	315
25	0.75	0.0	0.0	3.53972923063	-0.409063939614	-0.229701892888	4.07399411511	-0.489087976037	-0.921984559313	316
25	0.75	0.25	0.0	3.05821209755	-0.565163516878	-0.497483670594	3.6030924734	-0.704950471572	-1.20812797146	317
25	0.75	0.5	0.0	2.5777899128	-0.729310301502	-0.784507983351	3.10088408936	-0.911717245912	-1.47027722085	318
25	0.75	0.75	0.0	2.11412884059	-0.910965135274	-1.0701114211	2.59762876732	-1.10942749416	-1.70176909169	319
25	0.75	1.0	0.0	1.68289504512	-1.11958885998	-1.33363057377	2.12358631165	-1.29812041143	-1.8959403682	320
25	1.0	0.0	0.0	3.584820763	-0.681086024	-0.062250201	4.14720991433	-0.80606696666	-0.714856798402	321
25	1.0	0.25	0.0	3.09979040421	-0.902112733228	-0.283108964695	3.68772757776	-1.08642829261	-0.954313799554	322
25	1.0	0.5	0.0	2.61679211449	-1.11956972512	-0.507216683028	3.20758969408	-1.34826946008	-1.14996660136	323
25	1.0	0.75	0.0	2.14890058502	-1.3470007837	-0.729505344097	2.72786766081	-1.59577875287	-1.31142950398	324
25	1.0	1.0	0.0	1.709190507	-1.597949693	-0.944906936	2.26963287546	-1.83314445481	-1.44831680759	325
26	0.0	0.0	0.0	1.682900939	0.583971176	-1.870677641	1.90342210061	0.941137930225	-2.17801724023	326
26	0.0	0.25	0.0	1.25838197388	0.498463398444	-2.02474554695	1.42874532693	0.895292175793	-2.28299181247	327
26	0.0	0.5	0.0	0.788043251743	0.409843178971	-2.13743728669	0.90107581336	0.835271321926	-2.35667224883	328
26	0.0	0.75	0.0	0.315613400231	0.328125007763	-2.19764409258	0.379598518438	0.752691780945	-2.38976342423	329
26	0.0	1.0	0.0	-0.115178953	0.263323375	-2.194257197	-0.0765015992845	0.63916996517	-2.37297021361	330
26	0.25	0.0	0.0	1.67278053966	0.0903404427624	-1.92429517029	1.9594733738	0.290125756101	-2.36696571739	331
26	0.25	0.25	0.0	1.26949880478	-0.0209894986932	-2.11879490663	1.49288273563	0.203087850655	-2.50334719413	332
26	0.25	0.5	0.0	0.827840941249	-0.148491334168	-2.2876544508	0.98286145226	0.0845144139857	-2.61049387779	333
26	0.25	0.75	0.0	0.381224071834	-0.272857222736	-2.39916380264	0.476342952661	-0.0515018211965	-2.67010166141	334
26	0.25	1.0	0.0	-0.0369346807073	-0.374779323473	-2.421612962	0.0202606658148	-0.190868122182	-2.663866438	335
26	0.5	0.0	0.0	1.67176848219	-0.517169191981	-1.70268639987	2.02653062762	-0.52332868279	-2.23754838242	336
26	0.5	0.25	0.0	1.29507087	-0.690384216041	-1.92429769089	1.58428006183	-0.66721901168	-2.39924232768	337
26	0.5	0.5	0.0	0.894018602892	-0.895785227924	-2.13348987763	1.1020909277	-0.854727654872	-2.54359287268	338
26	0.5	0.75	0.0	0.485320332466	-1.09029670184	-2.28781165264	0.618814974013	-1.05029023819	-2.63428779235	339
26	0.5	1.0	0.0	0.0856847103306	-1.23084311199	-2.34481170846	0.173303949566	-1.21834238747	-2.63501486157	340
26	0.75	0.0	0.0	1.68289504512	-1.11958885998	-1.33363057377	2.12358631165	-1.29812041143	-1.8959403682	341
26	0.75	0.25	0.0	1.32613340833	-1.36045784313	-1.56356957479	1.70685027808	-1.49998159597	-2.0641466034	342
26	0.75	0.5	0.0	0.962858479683	-1.64690074914	-1.79547603859	1.25192413136	-1.75050530276	-2.23300996195	343
26	0.75	0.75	0.0	0.591525060964	-1.91182193534	-1.97949031184	0.788170228559	-1.99732644231	-2.34806786371	344
26	0.75	1.0	0.0	0.210587953953	-2.08812575901	-2.06575274118	0.344950926721	-2.18807992512	-2.35485772853	345
26	1.0	0.0	0.0	1.709190507	-1.597949693	-0.944906936	2.26963287546	-1.83314445481	-1.44831680759	346
26	1.0	0.25	0.0	1.35372165853	-1.88194746948	-1.15892623338	1.86450635691	-2.07955308696	-1.59152941159	347
26	1.0	0.5	0.0	1.01064281463	-2.21670014468	-1.39414540508	1.42552095493	-2.37086894779	-1.75578587405	348
26	1.0	0.75	0.0	0.663461136164	-2.52506142904	-1.59010244948	0.965564362366	-2.64626340581	-1.87718792215	349
26	1.0	1.0	0.0	0.295683784	-2.729885033	-1.686335365	0.497524272029	-2.84490782957	-1.8918372831	350
27	0.0	0.0	0.0	3.584820763	-0.681086024	-0.062250201	4.14720991433	-0.80606696666	-0.714856798402	351
27	0.0	0.25	0.0	3.09979040421	-0.902112733228	-0.283108964695	3.68772757776	-1.08642829261	-0.954313799554	352
27	0.0	0.5	0.0	2.61679211449	-1.11956972512	-0.507216683028	3.20758969408	-1.34826946008	-1.14996660136	353
27	0.0	0.75	0.0	2.14890058502	-1.3470007837	-0.729505344097	2.72786766081	-1.59577875287	-1.31142950398	354
27	0.0	1.0	0.0	1.709190507	-1.597949693	-0.944906936	2.26963287546	-1.83314445481	-1.44831680759	355
27	0.25	0.0	0.0	3.63324829749	-0.919407542069	0.120363347357	4.19986336148	-1.02668193598	-0.429461218274	356
27	0.25	0.25	0.0	3.17350691391	-1.18252602305	-0.0636552023507	3.76769318152	-1.32885029675	-0.608522238174	357
27	0.25	0.5	0.0	2.70776946469	-1.44168828319	-0.244502268024	3.32201139558	-1.62467838019	-0.746515457049	358
27	0.25	0.75	0.0	2.24728928505	-1.70287633557	-0.418597676457	2.87117182972	-1.90799652027	-0.855075507485	359
27	0.25	1.0	0.0	1.80331971022	-1.9720721933	-0.582361254444	2.42352830998	-2.17263505096	-0.945837022064	360
27	0.5	0.0	0.0	3.71135441262	-1.18697632369	0.325783447966	4.250253483	-1.23807145176	-0.0506821874138	361
27	0.5	0.25	0.0	3.29962106041	-1.48878325084	0.196552962553	3.84941505326	-1.55917618505	-0.144013202975	362
27	0.5	0.5	0.0	2.85950937556	-1.79170346668	0.0715815546298	3.42992217036	-1.90047418643	-0.211271760289	363
27	0.5	0.75	0.0	2.41127238491	-2.08671168463	-0.0455640152462	2.99911698655	-2.23030408356	-0.26658388299	364
27	0.5	1.0	0.0	1.97516311533	-2.36478261809	-0.151316986519	2.56434165408	-2.51700450412	-0.32407559471	365
27	0.75	0.0	0.0	3.79841961069	-1.41580421322	0.543631015842	4.29942549943	-1.39222480835	0.351852793494	366
27	0.75	0.25	0.0	3.43200888294	-1.74615037483	0.472307327759	3.92626300173	-1.72750024382	0.344182512025	367
27	0.75	0.5	0.0	3.01454745899	-2.0780220934	0.408097713089	3.52241138489	-2.1016815171	0.347548671674	368
27	0.75	0.75	0.0	2.57714645292	-2.39357630629	0.351270184626	3.10151438441	-2.46636043296	0.343950969932	369
27	0.75	1.0	0.0	2.15091697878	-2.67496995084	0.302092755165	2.67721573582	-2.77312879621	0.315389104289	370
27	1.0	0.0	0.0	3.873724394	-1.537903055	0.763526966	4.34842463131	-1.44113130012	0.708516223765	371
27	1.0	0.25	0.0	3.52454642069	-1.87989335327	0.738399691013	3.99160683567	-1.78391675938	0.761034112805	372
27	1.0	0.5	0.0	3.11541932687	-2.20905098114	0.732109135509	3.59056840562	-2.1543250105	0.821730021587	373
27	1.0	0.75	0.0	2.68120805737	-2.51853967594	0.733579468251	3.16817527641	-2.51982455869	0.866434651704	374
27	1.0	1.0	0.0	2.256777557	-2.801523175	0.731734858	2.74729338329	-2.84788390915	0.870978704749	375
28	0.0	0.0	0.0	1.709190507	-1.597949693	-0.944906936	2.26963287546	-1.83314445481	-1.44831680759	376
28	0.0	0.25	0.0	1.35372165853	-1.88194746948	-1.15892623338	1.86450635691	-2.07955308696	-1.59152941159	377
28	0.0	0.5	0.0	1.01064281463	-2.21670014468	-1.39414540508	1.42552095493	-2.37086894779	-1.75578587405	378
28	0.0	0.75	0.0	0.663461136164	-2.52506142904	-1.59010244948	0.965564362366	-2.64626340581	-1.87718792215	379
28	0.0	1.0	0.0	0.295683784	-2.729885033	-1.686335365	0.497524272029	-2.84490782957	-1.8918372831	380
28	0.25	0.0	0.0	1.80331971022	-1.9720721933	-0.582361254444	2.42352830998	-2.17263505096	-0.945837022064	381
28	0.25	0.25	0.0	1.43635560305	-2.26586760752	-0.753094974887	2.00959189397	-2.43875525114	-1.0521261235	382
28	0.25	0.5	0.0	1.08572485004	-2.6083508576	-0.950262839435	1.55731882342	-2.74521202529	-1.18282812768	383
28	0.25	0.75	0.0	0.733742195426	-2.9189041891	-1.11422795059	1.07773156183	-3.02406210088	-1.281981914	384
28	0.25	1.0	0.0	0.36272238345	-3.11690984759	-1.18535341086	0.581852572691	-3.20736220537	-1.29362636185	385
28	0.5	0.0	0.0	1.97516311533	-2.36478261809	-0.151316986519	2.56434165408	-2.51700450412	-0.32407559471	386
28	0.5	0.25	0.0	1.5953106427	-2.65606234887	-0.257215092604	2.13229642234	-2.79008095022	-0.397742809982	387
28	0.5	0.5	0.0	1.21872252465	-2.98935244336	-0.373882465126	1.64430652843	-3.09793503311	-0.480658254776	388
28	0.5	0.75	0.0	0.839324390622	-3.27758519279	-0.462004367072	1.13139824398	-3.36527940611	-0.53720565717	389
28	0.5	1.0	0.0	0.451041870087	-3.43369288837	-0.482266061427	0.624597840611	-3.51682672256	-0.531768745242	390
28	0.75	0.0	0.0	2.15091697878	-2.67496995084	0.302092755165	2.67721573582	-2.77312879621	0.315389104289	391
28	0.75	0.25	0.0	1.75748046224	-2.95850166144	0.263961483737	2.22935608907	-3.04930867218	0.27166831256	392
28	0.75	0.5	0.0	1.34873033903	-3.27019193453	0.238518514039	1.70726839775	-3.34309796583	0.236929556036	393
28	0.75	0.75	0.0	0.934970322736	-3.52370932457	0.236219723293	1.16455897511	-3.58432064948	0.22457021974	394
28	0.75	1.0	0.0	0.52650412693	-3.63272238598	0.267520988719	0.654834134422	-3.70280069546	0.247987688692	395
28	1.0	0.0	0.0	2.256777557	-2.801523175	0.731734858	2.74729338329	-2.84788390915	0.870978704749	396
28	1.0	0.25	0.0	1.84975874642	-3.07915551312	0.745682824408	2.29750704123	-3.132216905	0.856155027709	397
28	1.0	0.5	0.0	1.41484279378	-3.36135636369	0.790462894251	1.76698875914	-3.39476081804	0.85614111612	398
28	1.0	0.75	0.0	0.975442592751	-3.57988146891	0.850095742718	1.21520832149	-3.59559115895	0.870775088132	399
28	1.0	1.0	0.0	0.554971037	-3.666486571	0.908602045	0.701635512761	-3.69478343838	0.899895061898	400
33	0.0	0.0	0.0	3.873724394	-1.537903055	0.763526966	4.34842463131	-1.44113130012	0.708516223765	401
33	0.0	0.25	0.0	3.52454642069	-1.87989335327	0.738399691013	3.99160683567	-1.78391675938	0.761034112805	402
33	0.0	0.5	0.0	3.11541932687	-2.20905098114	0.732109135509	3.59056840562	-2.1543250105	0.821730021587	403
33	0.0	0.75	0.0	2.68120805737	-2.51853967594	0.733579468251	3.16817527641	-2.51982455869	0.866434651704	404
33	0.0	1.0	0.0	2.256777557	-2.801523175	0.731734858	2.74729338329	-2.84788390915	0.870978704749	405
33	0.25	0.0	0.0	3.91255952611	-1.5239374808	1.00512891014	4.36190109626	-1.3637739699	1.02768849954	406
33	0.25	0.25	0.0	3.55942230729	-1.8380763634	1.01878145121	4.00969005549	-1.68584897023	1.11382864193	407
33	0.25	0.5	0.0	3.14604385533	-2.12783074941	1.05249670979	3.60581055007	-2.01902387175	1.20865598003	408
33	0.25	0.75	0.0	2.70763258117	-2.40052033366	1.09307650357	3.17910589196	-2.34882499092	1.2905259639	409
33	0.25	1.0	0.0	2.27939689572	-2.66346481097	1.12732265026	2.75841939311	-2.66077864424	1.33779404362	410
33	0.5	0.0	0.0	3.92285689035	-1.4207758534	1.29270901623	4.32867655343	-1.19527785421	1.37540539957	411
33	0.5	0.25	0.0	3.56688374006	-1.66993779352	1.34930630786	3.97549347433	-1.46441818094	1.490279208	412
33	0.5	0.5	0.0	3.14643068957	-1.89632161869	1.40747890683	3.56832868317	-1.74296816348	1.60665840145	413
33	0.5	0.75	0.0	2.7017414252	-2.11037511256	1.46888631988	3.13922943172	-2.01319184181	1.71585277446	414
33	0.5	1.0	0.0	2.27305963324	-2.32254605879	1.53518805372	2.72024297174	-2.25735325586	1.8091721216	415
33	0.75	0.0	0.0	3.91463953116	-1.26130934005	1.55943729445	4.27169762271	-0.977592226451	1.67803060535	416
33	0.75	0.25	0.0	3.55667307229	-1.43858045592	1.65197021795	3.91208635889	-1.18400549151	1.8177692201	417
33	0.75	0.5	0.0	3.12875627812	-1.59406265457	1.72858883193	3.49795459712	-1.39272962697	1.95537651648	418
33	0.75	0.75	0.0	2.67870806934	-1.74071642843	1.80527283589	3.06431186602	-1.58567492376	2.08887122874	419
33	0.75	1.0	0.0	2.25434736664	-1.89150226996	1.89800192932	2.64616769423	-1.74475167278	2.21627209112	420
33	1.0	0.0	0.0	3.897930493	-1.078429108	1.738483755	4.21391092401	-0.752666360032	1.86192779842	421
33	1.0	0.25	0.0	3.5385326573	-1.20710716287	1.84876913849	3.84253797589	-0.908992001956	2.02368208732	422
33	1.0	0.5	0.0	3.10519706951	-1.30059292261	1.94735959039	3.41452008413	-1.03488000346	2.19444955575	423
33	1.0	0.75	0.0	2.65370599348	-1.38415669705	2.04649997034	2.97011916521	-1.13902404919	2.35603747207	424
33	1.0	1.0	0.0	2.239841693	-1.483068796	2.158435138	2.54959713564	-1.23011782377	2.49025310463	425
34	0.0	0.0	0.0	2.256777557	-2.801523175	0.731734858	2.74729338329	-2.84788390915	0.870978704749	426
34	0.0	0.25	0.0	1.84975874642	-3.07915551312	0.745682824408	2.29750704123	-3.132216905	0.856155027709	427
34	0.0	0.5	0.0	1.41484279378	-3.36135636369	0.790462894251	1.76698875914	-3.39476081804	0.85614111612	428
34	0.0	0.75	0.0	0.975442592751	-3.57988146891	0.850095742718	1.21520832149	-3.59559115895	0.870775088132	429
34	0.0	1.0	0.0	0.554971037	-3.666486571	0.908602045	0.701635512761	-3.69478343838	0.899895061898	430
34	0.25	0.0	0.0	2.27939689572	-2.66346481097	1.12732265026	2.75841939311	-2.66077864424	1.33779404362	431
34	0.25	0.25	0.0	1.86011831173	-2.9224590943	1.18482002685	2.31088105411	-2.92992055472	1.36645472531	432
34	0.25	0.5	0.0	1.41347275203	-3.17150017593	1.28213077774	1.79058081662	-3.15991854794	1.40027273143	433
34	0.25	0.75	0.0	0.969083660776	-3.36454668995	1.38850528472	1.2535951928	-3.33482640627	1.43442896602	434
34	0.25	1.0	0.0	0.556574482102	-3.45555727044	1.4731939296	0.756000694816	-3.4386979121	1.46410433312	435
34	0.5	0.0	0.0	2.27305963324	-2.32254605879	1.53518805372	2.72024297174	-2.25735325586	1.8091721216	436
34	0.5	0.25	0.0	1.84493366105	-2.54006386749	1.63889017799	2.26809823045	-2.4741050595	1.89299128207	437
34	0.5	0.5	0.0	1.396414696	-2.74995468235	1.78358575672	1.75677343547	-2.67613782016	1.96690494279	438
34	0.5	0.75	0.0	0.959433320113	-2.9204812418	1.93662969118	1.24366379768	-2.84575606177	2.02545100202	439
34	0.5	1.0	0.0	0.565920115411	-3.01990628426	2.06537688267	0.786164527963	-2.96526430827	2.06316735802	440
34	0.75	0.0	0.0	2.25434736664	-1.89150226996	1.89800192932	2.64616769423	-1.74475167278	2.21627209112	441
34	0.75	0.25	0.0	1.82564076035	-2.05766586388	2.03750152229	2.19138774025	-1.8968463541	2.34246298215	442
34	0.75	0.5	0.0	1.38197592437	-2.22175571701	2.21358199306	1.69231725523	-2.06316947587	2.45407193597	443
34	0.75	0.75	0.0	0.953778922367	-2.36538318631	2.39807796998	1.20313199692	-2.22137776826	2.54261205243	444
34	0.75	1.0	0.0	0.571475818015	-2.4701596287	2.5628240814	0.77800772307	-2.34912796148	2.59959643135	445
34	1.0	0.0	0.0	2.239841693	-1.483068796	2.158435138	2.54959713564	-1.23011782377	2.49025310463	446
34	1.0	0.25	0.0	1.82367557555	-1.60096111467	2.31026230419	2.10297875357	-1.33022037325	2.62156810968	447
34	1.0	0.5	0.0	1.3884637358	-1.71193911396	2.49087364863	1.62396291547	-1.44076435618	2.75980789675	448
34	1.0	0.75	0.0	0.959407819142	-1.81695058528	2.67645912901	1.1497176513	-1.55468916854	2.88468297356	449
34	1.0	1.0	0.0	0.561709471	-1.91694332	2.843208703	0.71741099101	-1.66493420629	2.97590384785	450
35	0.0	0.0	0.0	3.897930493	-1.078429108	1.738483755	4.21391092401	-0.752666360032	1.86192779842	451
35	0.0	0.25	0.0	3.5385326573	-1.20710716287	1.84876913849	3.84253797589	-0.908992001956	2.02368208732	452
35	0.0	0.5	0.0	3.10519706951	-1.30059292261	1.94735959039	3.41452008413	-1.03488000346	2.19444955575	453
35	0.0	0.75	0.0	2.65370599348	-1.38415669705	2.04649997034	2.97011916521	-1.13902404919	2.35603747207	454
35	0.0	1.0	0.0	2.239841693	-1.483068796	2.158435138	2.54959713564	-1.23011782377	2.49025310463	455
35	0.25	0.0	0.0	3.87226297282	-0.933446114059	1.78016063149	4.17982929685	-0.572498238023	1.90452364809	456
35	0.25	0.25	0.0	3.51526525915	-1.04118750428	1.900218885	3.80823132976	-0.702188114081	2.07754032878	457
35	0.25	0.5	0.0	3.09206299892	-1.10661225214	2.01704403085	3.38069428555	-0.78441236787	2.26349924131	458
35	0.25	0.75	0.0	2.65385672039	-1.15992407297	2.13305449516	2.93689309685	-0.843961188182	2.43635332463	459
35	0.25	1.0	0.0	2.25184695183	-1.2313266821	2.25066870408	2.51650269634	-0.905624763811	2.57005551769	460
35	0.5	0.0	0.0	3.82775495937	-0.751336424176	1.773174552	4.1435143161	-0.330803897791	1.91188113651	461
35	0.5	0.25	0.0	3.47621656195	-0.829901041846	1.91159251039	3.78110527661	-0.423089928847	2.09438811959	462
35	0.5	0.5	0.0	3.0757403765	-0.865019524805	2.04954171439	3.36568617514	-0.465589006911	2.28331485278	463
35	0.5	0.75	0.0	2.66386773315	-0.886547043759	2.18040719003	2.93232529733	-0.48674119988	2.45741712032	464
35	0.5	1.0	0.0	2.27813996204	-0.924338769411	2.29757396331	2.51609092881	-0.514986575651	2.59545070645	465
35	0.75	0.0	0.0	3.78075173698	-0.573627202455	1.72720644401	4.11090130785	-0.0811606617373	1.88725899399	466
35	0.75	0.25	0.0	3.43375852099	-0.624698099931	1.88010860269	3.75831737008	-0.134955064385	2.07308250825	467
35	0.75	0.5	0.0	3.05213955433	-0.632341381554	2.02995464309	3.35508393459	-0.143633923867	2.25490267017	468
35	0.75	0.75	0.0	2.66280915587	-0.626072385206	2.16443597886	2.93315241326	-0.133993695681	2.41928098241	469
35	0.75	1.0	0.0	2.29268164448	-0.635406448772	2.27124402363	2.52447421795	-0.132830835327	2.55277894762	470
35	1.0	0.0	0.0	3.74759859	-0.441845613	1.651937235	4.08792559818	0.122854147734	1.83391595087	471
35	1.0	0.25	0.0	3.40026309157	-0.477029002896	1.80298574998	3.73702516382	0.0989588611707	2.01248054324	472
35	1.0	0.5	0.0	3.01717088449	-0.465104463325	1.94338481902	3.33447574558	0.116228877983	2.17926897347	473
35	1.0	0.75	0.0	2.62975111266	-0.440546873091	2.06101878555	2.91611109126	0.147651713017	2.32199703416	474
35	1.0	1.0	0.0	2.26943292	-0.437831111	2.143771993	2.51776494863	0.166214881121	2.4283805179	475
36	0.0	0.0	0.0	2.239841693	-1.483068796	2.158435138	2.54959713564	-1.23011782377	2.49025310463	476
36	0.0	0.25	0.0	1.82367557555	-1.60096111467	2.31026230419	2.10297875357	-1.33022037325	2.62156810968	477
36	0.0	0.5	0.0	1.3884637358	-1.71193911396	2.49087364863	1.62396291547	-1.44076435618	2.75980789675	478
36	0.0	0.75	0.0	0.959407819142	-1.81695058528	2.67645912901	1.1497176513	-1.55468916854	2.88468297356	479
36	0.0	1.0	0.0	0.561709471	-1.91694332	2.843208703	0.71741099101	-1.66493420629	2.97590384785	480
36	0.25	0.0	0.0	2.25184695183	-1.2313266821	2.25066870408	2.51650269634	-0.905624763811	2.57005551769	481
36	0.25	0.25	0.0	1.83601964893	-1.32449345338	2.38755275185	2.06662456225	-0.982588067589	2.6904472633	482
36	0.25	0.5	0.0	1.39486331136	-1.41511673028	2.53466215315	1.58788428859	-1.06338159551	2.81342677054	483
36	0.25	0.75	0.0	0.95345680845	-1.50765295045	2.68061820283	1.10903334818	-1.1481985106	2.92456184009	484
36	0.25	1.0	0.0	0.536879009533	-1.60655855155	2.81404219573	0.658823213858	-1.23723197588	3.00942027262	485
36	0.5	0.0	0.0	2.27813996204	-0.924338769411	2.29757396331	2.51609092881	-0.514986575651	2.59545070645	486
36	0.5	0.25	0.0	1.85044459434	-0.991578765684	2.40291447537	2.04910039745	-0.564368954397	2.70448924972	487
36	0.5	0.5	0.0	1.39155224662	-1.07243838474	2.48675161293	1.55337027749	-0.622767927451	2.78245422644	488
36	0.5	0.75	0.0	0.930930431683	-1.16490145807	2.56059954921	1.05868968147	-0.686611544813	2.8384178937	489
36	0.5	1.0	0.0	0.498046662295	-1.26695181719	2.63597245743	0.59484772193	-0.752327856481	2.88145250857	490
36	0.75	0.0	0.0	2.29268164448	-0.635406448772	2.27124402363	2.52447421795	-0.132830835327	2.55277894762	491
36	0.75	0.25	0.0	1.85571638247	-0.682576382916	2.34048853905	2.04309947538	-0.157545737101	2.64390536799	492
36	0.75	0.5	0.0	1.38225218298	-0.757934833996	2.36289475334	1.52944445659	-0.199771051928	2.67355729671	493
36	0.75	0.75	0.0	0.906987783404	-0.852035464766	2.36745075253	1.01881988703	-0.249498595045	2.67257072739	494
36	0.75	1.0	0.0	0.464621921159	-0.955431937982	2.38314462267	0.546536492093	-0.296720181684	2.67178165366	495
36	1.0	0.0	0.0	2.26943292	-0.437831111	2.143771993	2.51776494863	0.166214881121	2.4283805179	496
36	1.0	0.25	0.0	1.84060098401	-0.477845636422	2.18441600722	2.04131501222	0.155898880877	2.48890691719	497
36	1.0	0.5	0.0	1.37068476179	-0.54563683473	2.17884429976	1.52513040032	0.124761331125	2.49340301362	498
36	1.0	0.75	0.0	0.896787958178	-0.632394327174	2.15221939716	1.00955720072	0.0835700148165	2.47333993417	499
36	1.0	1.0	0.0	0.456014278	-0.729307735	2.129703826	0.534941501214	0.0430927149074	2.46018880584	500
41	0.0	0.0	0.0	3.74759859	-0.441845613	1.651937235	4.08792559818	0.122854147734	1.83391595087	501
41	0.0	0.25	0.0	3.40026309157	-0.477029002896	1.80298574998	3.73702516382	0.0989588611707	2.01248054324	502
41	0.0	0.5	0.0	3.01717088449	-0.465104463325	1.94338481902	3.33447574558	0.116228877983	2.17926897347	503
41	0.0	0.75	0.0	2.62975111266	-0.440546873091	2.06101878555	2.91611109126	0.147651713017	2.32199703416	504
41	0.0	1.0	0.0	2.26943292	-0.437831111	2.143771993	2.51776494863	0.166214881121	2.4283805179	505
41	0.25	0.0	0.0	3.74489692185	-0.332702848382	1.51817665556	4.07764446864	0.305786546982	1.7110601451	506
41	0.25	0.25	0.0	3.37910243344	-0.379709197725	1.64700192208	3.70610201698	0.295621927807	1.87131354657	507
41	0.25	0.5	0.0	2.9862213504	-0.382362264664	1.76291832651	3.29235738963	0.310746501873	2.01488510348	508
41	0.25	0.75	0.0	2.59529779864	-0.371545064455	1.85371134283	2.87068961981	0.33409458582	2.12715451941	509
41	0.25	1.0	0.0	2.23537590409	-0.378140612352	1.90716644499	2.47537774077	0.348600496288	2.19350149793	510
41	0.5	0.0	0.0	3.76410079427	-0.227115952972	1.33830401085	4.07088565719	0.477431254373	1.5265221797	511
41	0.5	0.25	0.0	3.36926878657	-0.305797787417	1.43489256874	3.66757754334	0.468162790804	1.66284268447	512
41	0.5	0.5	0.0	2.97419629001	-0.35191528218	1.52107649846	3.2421256016	0.458625728271	1.77235139072	513
41	0.5	0.75	0.0	2.58832090385	-0.379793763923	1.58493410258	2.81712129302	0.45177465124	1.84816539406	514
41	0.5	1.0	0.0	2.22108022731	-0.403758559305	1.6145436837	2.41515607866	0.450564144174	1.88340179011	515
41	0.75	0.0	0.0	3.77469745606	-0.131159290326	1.14623495046	4.0481262825	0.633906803237	1.32720224561	516
41	0.75	0.25	0.0	3.36922155076	-0.238993721469	1.21061521143	3.63122624705	0.618264262536	1.4374027509	517
41	0.75	0.5	0.0	2.96871413946	-0.323474871432	1.26101550445	3.2001353893	0.583457645547	1.50542142251	518
41	0.75	0.75	0.0	2.57731100954	-0.384614921725	1.29367003675	2.77298568806	0.548651285847	1.5420104071	519
41	0.75	1.0	0.0	2.19914794837	-0.422426053856	1.30481301556	2.3679091221	0.533009517014	1.55792185134	520
41	1.0	0.0	0.0	3.746174156	-0.050907224	0.975885124	3.98984346323	0.771331726909	1.16000053375	521
41	1.0	0.25	0.0	3.37742012583	-0.16299594938	1.0181273716	3.60682263226	0.74760915538	1.2453285398	522
41	1.0	0.5	0.0	2.95739333487	-0.246752387978	1.02589151409	3.18274176054	0.708833342069	1.26784878617	523
41	1.0	0.75	0.0	2.53075869698	-0.305330488087	1.01890211728	2.75586238207	0.67268386621	1.26567030752	524
41	1.0	1.0	0.0	2.142181126	-0.341884198	1.016883747	2.36444603087	0.656840307039	1.27690213853	525
42	0.0	0.0	0.0	2.26943292	-0.437831111	2.143771993	2.51776494863	0.166214881121	2.4283805179	526
42	0.0	0.25	0.0	1.84060098401	-0.477845636422	2.18441600722	2.04131501222	0.155898880877	2.48890691719	527
42	0.0	0.5	0.0	1.37068476179	-0.54563683473	2.17884429976	1.52513040032	0.124761331125	2.49340301362	528
42	0.0	0.75	0.0	0.896787958178	-0.632394327174	2.15221939716	1.00955720072	0.0835700148165	2.47333993417	529
42	0.0	1.0	0.0	0.456014278	-0.729307735	2.129703826	0.534941501214	0.0430927149074	2.46018880584	530
42	0.25	0.0	0.0	2.23537590409	-0.378140612352	1.90716644499	2.47537774077	0.348600496288	2.19350149793	531
42	0.25	0.25	0.0	1.81730918672	-0.410382225614	1.92950750942	2.01604478981	0.347065055754	2.22679069473	532
42	0.25	0.5	0.0	1.35704876351	-0.451622394438	1.92770311202	1.5155157816	0.333441846907	2.24158107346	533
42	0.25	0.75	0.0	0.892969136565	-0.507244881435	1.90807517394	1.01193259199	0.309878779474	2.24710714973	534
42	0.25	1.0	0.0	0.463444808019	-0.582633449212	1.8769456163	0.543437096817	0.278523763184	2.25260343918	535
42	0.5	0.0	0.0	2.22108022731	-0.403758559305	1.6145436837	2.41515607866	0.450564144174	1.88340179011	536
42	0.5	0.25	0.0	1.80176314371	-0.412911115259	1.62057050136	1.97042330311	0.466387300454	1.90511669607	537
42	0.5	0.5	0.0	1.3434949756	-0.401529734366	1.61551932737	1.49238969491	0.494891006082	1.9347978591	538
42	0.5	0.75	0.0	0.886066863698	-0.400119230775	1.59735918978	1.01045969903	0.517171653985	1.96493611541	539
42	0.5	1.0	0.0	0.469269948697	-0.439184418637	1.56405911661	0.55403776046	0.514325637091	1.98802230122	540
42	0.75	0.0	0.0	2.19914794837	-0.422426053856	1.30481301556	2.3679091221	0.533009517014	1.55792185134	541
42	0.75	0.25	0.0	1.78424685372	-0.409159716368	1.30172274746	1.94222226525	0.564923897093	1.58020042495	542
42	0.75	0.5	0.0	1.33425927794	-0.349455278692	1.29161360171	1.48806620711	0.63382501448	1.61953019723	543
42	0.75	0.75	0.0	0.886056255659	-0.295715518444	1.27215375584	1.02725561953	0.701012092368	1.66403438511	544
42	0.75	1.0	0.0	0.476508821527	-0.300343213242	1.24101138736	0.581605174376	0.727784353947	1.70183620552	545
42	1.0	0.0	0.0	2.142181126	-0.341884198	1.016883747	2.36444603087	0.656840307039	1.27690213853	546
42	1.0	0.25	0.0	1.75504431552	-0.32285543995	1.01708201215	1.96921338936	0.693733127782	1.30835738513	547
42	1.0	0.5	0.0	1.33357755037	-0.249495451595	1.00530659096	1.53485938507	0.774960077934	1.34225491454	548
42	1.0	0.75	0.0	0.902912428528	-0.178731887694	0.984541183291	1.08443745117	0.856963548646	1.38160951272	549
42	1.0	1.0	0.0	0.488180548	-0.167492403	0.957769489	0.6410010208	0.896185931072	1.42943596565	550
43	0.0	0.0	0.0	3.746174156	-0.050907224	0.975885124	3.98984346323	0.771331726909	1.16000053375	551
43	0.0	0.25	0.0	3.37742012583	-0.16299594938	1.0181273716	3.60682263226	0.74760915538	1.2453285398	552
43	0.0	0.5	0.0	2.95739333487	-0.246752387978	1.02589151409	3.18274176054	0.708833342069	1.26784878617	553
43	0.0	0.75	0.0	2.53075869698	-0.305330488087	1.01890211728	2.75586238207	0.67268386621	1.26567030752	554
43	0.0	1.0	0.0	2.142181126	-0.341884198	1.016883747	2.36444603087	0.656840307039	1.27690213853	555
43	0.25	0.0	0.0	3.71648375422	0.0495747438647	0.813725774478	3.95412375775	0.90123182797	0.983697491757	556
43	0.25	0.25	0.0	3.37418633113	-0.0493811576198	0.823436113298	3.59674123222	0.882651349539	1.04930830373	557
43	0.25	0.5	0.0	2.9326714779	-0.105076812566	0.796586497185	3.17250338473	0.863844360178	1.04279193976	558
43	0.25	0.75	0.0	2.47295852296	-0.136167982169	0.762318349325	2.73939664779	0.849777556602	1.01816659999	559
43	0.25	1.0	0.0	2.07606679469	-0.161310427627	0.749773092902	2.35540745385	0.845417635532	1.02945048453	560
43	0.5	0.0	0.0	3.73081030081	0.181078332329	0.643901149534	3.98431897651	1.01664080902	0.767186551914	561
43	0.5	0.25	0.0	3.35153115513	0.0929682095682	0.599408314294	3.58984632154	1.02099432862	0.815828991247	562
43	0.5	0.5	0.0	2.90188096445	0.0585474013788	0.55657705211	3.14349308624	1.0282952871	0.802984702315	563
43	0.5	0.75	0.0	2.44423280299	0.0477652035507	0.521340971272	2.6949102036	1.03618724419	0.77526282534	564
43	0.5	1.0	0.0	2.040959745	0.0305709118735	0.499633680072	2.2937486066	1.04231375965	0.779272500543	565
43	0.75	0.0	0.0	3.75810016949	0.313572067129	0.467868874073	4.02266663497	1.11068823429	0.546047741918	566
43	0.75	0.25	0.0	3.32892895563	0.239752808551	0.37118804102	3.5729768161	1.14295725649	0.572425565062	567
43	0.75	0.5	0.0	2.87491837147	0.223232637691	0.320265636165	3.10005818741	1.17328409545	0.554301339149	568
43	0.75	0.75	0.0	2.42779878221	0.226976334564	0.292318133486	2.63720690871	1.19752649761	0.52430748798	569
43	0.75	1.0	0.0	2.01930055307	0.213948679187	0.264562006956	2.21771913979	1.21154220938	0.515076435356	570
43	1.0	0.0	0.0	3.767299734	0.417024474	0.287086573	4.0114042486	1.17650366801	0.355861089472	571
43	1.0	0.25	0.0	3.32585409044	0.366673295695	0.163919359912	3.53297163172	1.22885929698	0.346632987883	572
43	1.0	0.5	0.0	2.86168027595	0.368091280206	0.10205470666	3.04654601058	1.26990875786	0.30261611559	573
43	1.0	0.75	0.0	2.40687370574	0.381972676364	0.0715979863283	2.58109062232	1.29940888549	0.252649092308	574
43	1.0	1.0	0.0	1.993529795	0.369011733	0.042654572	2.16556870406	1.31711651469	0.225570537754	575
44	0.0	0.0	0.0	2.142181126	-0.341884198	1.016883747	2.36444603087	0.656840307039	1.27690213853	576
44	0.0	0.25	0.0	1.75504431552	-0.32285543995	1.01708201215	1.96921338936	0.693733127782	1.30835738513	577
44	0.0	0.5	0.0	1.33357755037	-0.249495451595	1.00530659096	1.53485938507	0.774960077934	1.34225491454	578
44	0.0	0.75	0.0	0.902912428528	-0.178731887694	0.984541183291	1.08443745117	0.856963548646	1.38160951272	579
44	0.0	1.0	0.0	0.488180548	-0.167492403	0.957769489	0.6410010208	0.896185931072	1.42943596565	580
44	0.25	0.0	0.0	2.07606679469	-0.161310427627	0.749773092902	2.35540745385	0.845417635532	1.02945048453	581
44	0.25	0.25	0.0	1.71724478631	-0.157880456908	0.752944922452	1.98488724686	0.870925343356	1.06488492199	582
44	0.25	0.5	0.0	1.32312239639	-0.115972519467	0.745690263992	1.56485374205	0.925027180938	1.08726094112	583
44	0.25	0.75	0.0	0.909775780835	-0.0728473481087	0.731208381752	1.12163613521	0.980258945816	1.11479739876	584
44	0.25	1.0	0.0	0.493281095551	-0.0657656756343	0.712698539958	0.681563622093	1.00915643552	1.16571315174	585
44	0.5	0.0	0.0	2.040959745	0.0305709118735	0.499633680072	2.2937486066	1.04231375965	0.779272500543	586
44	0.5	0.25	0.0	1.68621786954	0.0136279641568	0.485305691672	1.92968809821	1.05287591446	0.796399885527	587
44	0.5	0.5	0.0	1.29813647478	0.0131229485929	0.464860511283	1.52508872576	1.07166565573	0.794532314703	588
44	0.5	0.75	0.0	0.892597065065	0.0186684459147	0.443980900364	1.09968151231	1.09145801337	0.80127779362	589
44	0.5	1.0	0.0	0.485481144705	0.0198770368553	0.428349620371	0.673197480912	1.10502801732	0.84424432783	590
44	0.75	0.0	0.0	2.01930055307	0.213948679187	0.264562006956	2.21771913979	1.21154220938	0.515076435356	591
44	0.75	0.25	0.0	1.66020802053	0.176736352549	0.229818061351	1.85380061535	1.20896203279	0.509332187671	592
44	0.75	0.5	0.0	1.26945282713	0.134961194221	0.191641572766	1.45868287412	1.19526245267	0.487240508997	593
44	0.75	0.75	0.0	0.865989866937	0.103157743809	0.159026725436	1.04592263992	1.18133768022	0.478121525344	594
44	0.75	1.0	0.0	0.468774034007	0.0958605409172	0.140967703599	0.629076636573	1.17808192663	0.511295362724	595
44	1.0	0.0	0.0	1.993529795	0.369011733	0.042654572	2.16556870406	1.31711651469	0.225570537754	596
44	1.0	0.25	0.0	1.63745969463	0.316511237574	0.00213577303014	1.80740947023	1.30856089009	0.210111740352	597
44	1.0	0.5	0.0	1.24790449503	0.246712459054	-0.0451423116303	1.40875472505	1.27620452217	0.188556997711	598
44	1.0	0.75	0.0	0.844567772168	0.187962795006	-0.0874861567257	0.987708575463	1.24067487524	0.18239942196	599
44	1.0	1.0	0.0	0.447153102	0.168609643	-0.113202237	0.562375128395	1.22259941362	0.213132125228	600
49	0.0	0.0	0.0	4.802915963	0.226549403	0.750000013	5.17692201249	0.597389638747	0.456279615479	601
49	0.0	0.25	0.0	4.65761282291	0.442902001566	0.697208755696	5.01733838685	0.867793744327	0.440337797476	602
49	0.0	0.5	0.0	4.39859466256	0.508694066784	0.574499765635	4.72369428937	1.03322519497	0.401657971978	603
49	0.0	0.75	0.0	4.08283309519	0.48103256786	0.423812539256	4.36528461247	1.12551737481	0.365184336729	604
49	0.0	1.0	0.0	3.767299734	0.417024474	0.287086573	4.0114042486	1.17650366801	0.355861089472	605
49	0.25	0.0	0.0	4.80365134816	0.225319602125	0.736429074476	5.1764405003	0.589055511857	0.437573181742	606
49	0.25	0.25	0.0	4.66137502189	0.473744744917	0.625480912213	5.02071306248	0.879692746315	0.351419376322	607
49	0.25	0.5	0.0	4.38881470923	0.583750737481	0.460648587251	4.71354799357	1.07900208013	0.268589445811	608
49	0.25	0.75	0.0	4.05496500229	0.598573403794	0.280277590552	4.33256275326	1.20365748341	0.199385299101	609
49	0.25	1.0	0.0	3.72882049316	0.561448567831	0.122713413081	3.95537480124	1.27033292624	0.154108845082	610
49	0.5	0.0	0.0	4.8052691955	0.221719814772	0.723328038803	5.1753811735	0.569826207269	0.413174056599	611
49	0.5	0.25	0.0	4.67472323355	0.520026368338	0.556410499804	5.03338371346	0.896296862703	0.261126976466	612
49	0.5	0.5	0.0	4.39413796949	0.69878094324	0.370331987841	4.72372626056	1.14743500524	0.125509049703	613
49	0.5	0.75	0.0	4.03218769331	0.775870509393	0.178887896424	4.32300656287	1.31690861642	0.00907284293757	614
49	0.5	1.0	0.0	3.65754669496	0.769182036714	-0.00412638093918	3.90782236846	1.39838567781	-0.0854290771993	615
49	0.75	0.0	0.0	4.80688704284	0.215884471033	0.711058386978	5.17432184669	0.548361346295	0.389606315306	616
49	0.75	0.25	0.0	4.69072117391	0.550010590542	0.486072616437	5.04815095185	0.891628486308	0.166224426781	617
49	0.75	0.5	0.0	4.40576870232	0.786406443926	0.278817633267	4.739704188	1.17998425316	-0.0265379180273	618
49	0.75	0.75	0.0	4.01643723073	0.922109185728	0.07795658621	4.32317033594	1.38754469574	-0.192294546619	619
49	0.75	1.0	0.0	3.58713436178	0.954155970491	-0.127847375989	3.87273817648	1.48842586296	-0.334659286493	620
49	1.0	0.0	0.0	4.807622428	0.207948001	0.6999816	5.1738403345	0.533320550246	0.373394033114	621
49	1.0	0.25	0.0	4.702432559	0.531961130237	0.410542360081	5.05781538974	0.839710009948	0.0634755561357	622
49	1.0	0.5	0.0	4.41491116668	0.779248999408	0.161373189388	4.74695687357	1.11811010676	-0.186506159059	623
49	1.0	0.75	0.0	4.00964967703	0.946474733874	-0.0642032107485	4.31960836712	1.33783964323	-0.391258384426	624
49	1.0	1.0	0.0	3.551239516	1.030301459	-0.282864139	3.85411345149	1.46821742192	-0.565488391922	625
50	0.0	0.0	0.0	4.807622428	0.207948001	0.6999816	5.1738403345	0.533320550246	0.373394033114	626
50	0.0	0.25	0.0	4.702432559	0.531961130237	0.410542360081	5.05781538974	0.839710009948	0.0634755561357	627
50	0.0	0.5	0.0	4.41491116668	0.779248999408	0.161373189388	4.74695687357	1.11811010676	-0.186506159059	628
50	0.0	0.75	0.0	4.00964967703	0.946474733874	-0.0642032107485	4.31960836712	1.33783964323	-0.391258384426	629
50	0.0	1.0	0.0	3.551239516	1.030301459	-0.282864139	3.85411345149	1.46821742192	-0.565488391922	630
50	0.25	0.0	0.0	4.80495108534	0.198626864006	0.690704152541	5.1760610809	0.517338519673	0.360211510186	631
50	0.25	0.25	0.0	4.7016199785	0.47937407679	0.354989865713	5.06236261541	0.760803002414	-0.0199741246807	632
50	0.25	0.5	0.0	4.4076644374	0.704406167221	0.0820327675372	4.74634623063	1.00558542046	-0.30253554492	633
50	0.25	0.75	0.0	3.99583874042	0.870967262458	-0.154471090672	4.31432805332	1.21625431061	-0.52055531434	634
50	0.25	1.0	0.0	3.53889716591	0.97630148966	-0.3808256576	3.85262421025	1.35737820963	-0.707115996746	635
50	0.5	0.0	0.0	4.7990741315	0.188395781808	0.683498476933	5.18094672299	0.492453471602	0.344414668546	636
50	0.5	0.25	0.0	4.68995017561	0.415618686126	0.319369412068	5.06482283609	0.673941873274	-0.0814752623644	637
50	0.5	0.5	0.0	4.38317403132	0.605461749925	0.0376046122488	4.74302838035	0.872183346927	-0.397944175371	638
50	0.5	0.75	0.0	3.96346520067	0.752855784747	-0.20477328876	4.30925508021	1.0521294139	-0.642961331862	639
50	0.5	1.0	0.0	3.51554318571	0.852731602136	-0.450741657195	3.85719466007	1.17873159552	-0.854495993227	640
50	0.75	0.0	0.0	4.79319717766	0.177040083955	0.678240637609	5.18583236508	0.466443807876	0.330565663189	641
50	0.75	0.25	0.0	4.67589867459	0.34471423137	0.298363468532	5.06608286012	0.582669979907	-0.126337301968	642
50	0.75	0.5	0.0	4.354436641	0.496201607028	0.0172244120638	4.73920566055	0.731494038556	-0.471595046472	643
50	0.75	0.75	0.0	3.92607562429	0.619966185797	-0.22566210327	4.30537207337	0.876361367409	-0.74360512745	644
50	0.75	1.0	0.0	3.4880801719	0.704471942544	-0.490781648943	3.8647534056	0.980717350047	-0.98076510203	645
50	1.0	0.0	0.0	4.790525835	0.1643451	0.674806699	5.18805311148	0.447087930342	0.323226649111	646
50	1.0	0.25	0.0	4.66794099972	0.270679985651	0.286654504491	5.06702949584	0.490530679689	-0.159869688545	647
50	1.0	0.5	0.0	4.33444895902	0.39041159804	0.010027855523	4.73708040902	0.597107647757	-0.522351154285	648
50	1.0	0.75	0.0	3.8972165778	0.500124350659	-0.227689832457	4.30366165843	0.719846585451	-0.80761539156	649
50	1.0	1.0	0.0	3.463410721	0.576402657	-0.499115144	3.87222905144	0.811775243672	-1.05906004382	650
53	0.0	0.0	0.0	4.790525835	0.1643451	0.674806699	5.18805311148	0.447087930342	0.323226649111	651
53	0.0	0.25	0.0	4.66794099972	0.270679985651	0.286654504491	5.06702949584	0.490530679689	-0.159869688545	652
53	0.0	0.5	0.0	4.33444895902	0.39041159804	0.010027855523	4.73708040902	0.597107647757	-0.522351154285	653
53	0.0	0.75	0.0	3.8972165778	0.500124350659	-0.227689832457	4.30366165843	0.719846585451	-0.80761539156	654
53	0.0	1.0	0.0	3.463410721	0.576402657	-0.499115144	3.87222905144	0.811775243672	-1.05906004382	655
53	0.25	0.0	0.0	4.7839214875	0.14453424712	0.672808723265	5.1839256388	0.42406409462	0.317432814648	656
53	0.25	0.25	0.0	4.66046904269	0.145230062711	0.286634434079	5.06834863379	0.33349017555	-0.182477604143	657
53	0.25	0.5	0.0	4.31920187933	0.185660324351	0.0198750382048	4.74565367612	0.332530679446	-0.556899267694	658
53	0.25	0.75	0.0	3.87623702551	0.238762324298	-0.202081321202	4.32437662327	0.373594761362	-0.851658856605	659
53	0.25	1.0	0.0	3.4476915093	0.27747335481	-0.453846500984	3.91305333274	0.409091576354	-1.11258305148	660
53	0.5	0.0	0.0	4.769391923	0.127450839159	0.675306453989	5.1748451989	0.399912124409	0.311579656171	661
53	0.5	0.25	0.0	4.65424341358	0.0335602946553	0.312341668112	5.07158913316	0.195037415527	-0.153553599298	662
53	0.5	0.5	0.0	4.32614939714	-0.0134868504017	0.0592717304319	4.77157390751	0.0775944534991	-0.514552553801	663
53	0.5	0.75	0.0	3.89822247437	-0.0394978176439	-0.14514196857	4.37651431223	0.00776171766747	-0.8055617174	664
53	0.5	1.0	0.0	3.48357524596	-0.0702798287031	-0.362138038414	3.98812513761	-0.0542823126245	-1.06072560016	665
53	0.75	0.0	0.0	4.7548623585	0.111839086619	0.682679007469	5.16576475899	0.377231809619	0.310601320449	666
53	0.75	0.25	0.0	4.65221063031	-0.066809190405	0.363231124206	5.07790951142	0.0787341755768	-0.0847470124688	667
53	0.75	0.5	0.0	4.34528271665	-0.196917389396	0.133434865538	4.80592260578	-0.146661681125	-0.41090442681	668
53	0.75	0.75	0.0	3.93936134195	-0.302873106937	-0.0498345472537	4.44091411577	-0.326690738868	-0.684455437462	669
53	0.75	1.0	0.0	3.53972923063	-0.409063939614	-0.229701892888	4.07399411511	-0.489087976037	-0.921984559313	670
53	1.0	0.0	0.0	4.748258011	0.0964432	0.6953055	5.16163728631	0.358622940159	0.319431954252	671
53	1.0	0.25	0.0	4.6573172108	-0.158358264358	0.438757719978	5.08846828601	-0.0118577683447	0.0122928178849	672
53	1.0	0.5	0.0	4.3665930421	-0.354518755806	0.247581376857	4.83978127348	-0.319198375467	-0.261548300925	673
53	1.0	0.75	0.0	3.97584204585	-0.519580575351	0.0908781700586	4.49841542437	-0.578800801481	-0.50347148031	674
53	1.0	1.0	0.0	3.584820763	-0.681086024	-0.062250201	4.14720991433	-0.80606696666	-0.714856798402	675
54	0.0	0.0	0.0	4.748258011	0.0964432	0.6953055	5.16163728631	0.358622940159	0.319431954252	676
54	0.0	0.25	0.0	4.6573172108	-0.158358264358	0.438757719978	5.08846828601	-0.0118577683447	0.0122928178849	677
54	0.0	0.5	0.0	4.3665930421	-0.354518755806	0.247581376857	4.83978127348	-0.319198375467	-0.261548300925	678
54	0.0	0.75	0.0	3.97584204585	-0.519580575351	0.0908781700586	4.49841542437	-0.578800801481	-0.50347148031	679
54	0.0	1.0	0.0	3.584820763	-0.681086024	-0.062250201	4.14720991433	-0.80606696666	-0.714856798402	680
54	0.25	0.0	0.0	4.75600005744	0.0838545166073	0.710558740797	5.16851859695	0.346029574812	0.338118356554	681
54	0.25	0.25	0.0	4.67638388719	-0.244323802176	0.522927685053	5.10903412839	-0.0877525630079	0.125613037605	682
54	0.25	0.5	0.0	4.3950333863	-0.500733636725	0.376964406391	4.8740778407	-0.457307304072	-0.0775722884648	683
54	0.25	0.75	0.0	4.013478281	-0.715664909278	0.250249446573	4.54417812227	-0.768371483393	-0.264807185732	684
54	0.25	1.0	0.0	3.63324829749	-0.919407542069	0.120363347357	4.19986336148	-1.02668193598	-0.429461218274	685
54	0.5	0.0	0.0	4.77297254051	0.0773812070453	0.725608049274	5.18359746127	0.33954596495	0.360720620342	686
54	0.5	0.25	0.0	4.70692975584	-0.317999607923	0.60644639278	5.13817393384	-0.150640151465	0.251382374996	687
54	0.5	0.5	0.0	4.43749521598	-0.646187792789	0.509463545795	4.91379433519	-0.582167163327	0.142231917569	688
54	0.5	0.75	0.0	4.07039480641	-0.928680860422	0.420596800223	4.59098030502	-0.947241965228	0.0394751095898	689
54	0.5	1.0	0.0	3.71135441262	-1.18697632369	0.325783447966	4.250253483	-1.23807145176	-0.0506821874138	690
54	0.75	0.0	0.0	4.78979497583	0.0749588689607	0.742371983114	5.19852627783	0.337113326565	0.385037509493	691
54	0.75	0.25	0.0	4.73742826057	-0.367330489608	0.699624869574	5.16486870436	-0.180366138122	0.391340699371	692
54	0.75	0.5	0.0	4.48378669676	-0.758091757696	0.653991287734	4.95009859242	-0.656832538754	0.382389158083	693
54	0.75	0.75	0.0	4.1353054312	-1.105018483	0.602862811767	4.63476712859	-1.06866054045	0.3664656135	694
54	0.75	1.0	0.0	3.79841961069	-1.41580421322	0.543631015842	4.29942549943	-1.39222480835	0.351852793494	695
54	1.0	0.0	0.0	4.797086879	0.0745231	0.7627691	5.2049574452	0.33667287565	0.408867787884	696
54	1.0	0.25	0.0	4.7563528452	-0.380261255241	0.812774141851	5.17809944194	-0.156776127386	0.547227880045	697
54	1.0	0.5	0.0	4.5237159943	-0.803656065146	0.819460124875	4.97415844786	-0.644358015874	0.627424273982	698
54	1.0	0.75	0.0	4.19692396449	-1.19106783123	0.797990061961	4.67148374897	-1.08587550254	0.67325453384	699
54	1.0	1.0	0.0	3.873724394	-1.537903055	0.763526966	4.34842463131	-1.44113130012	0.708516223765	700
57	0.0	0.0	0.0	4.797086879	0.0745231	0.7627691	5.2049574452	0.33667287565	0.408867787884	701
57	0.0	0.25	0.0	4.7563528452	-0.380261255241	0.812774141851	5.17809944194	-0.156776127386	0.547227880045	702
57	0.0	0.5	0.0	4.5237159943	-0.803656065146	0.819460124875	4.97415844786	-0.644358015874	0.627424273982	703
57	0.0	0.75	0.0	4.19692396449	-1.19106783123	0.797990061961	4.67148374897	-1.08587550254	0.67325453384	704
57	0.0	1.0	0.0	3.873724394	-1.537903055	0.763526966	4.34842463131	-1.44113130012	0.708516223765	705
57	0.25	0.0	0.0	4.80184072558	0.0752790872875	0.785506991209	5.2062503123	0.343126863043	0.442090111465	706
57	0.25	0.25	0.0	4.76398490187	-0.360477141268	0.930842891701	5.17641435997	-0.0964900204168	0.697627216859	707
57	0.25	0.5	0.0	4.5461887772	-0.785744553547	0.993500068253	4.97572901955	-0.565537283753	0.856511757856	708
57	0.25	0.75	0.0	4.23389832685	-1.18030428743	1.00706618602	4.67921702149	-1.00697768193	0.954585072676	709
57	0.25	1.0	0.0	3.91255952611	-1.5239374808	1.00512891014	4.36190109626	-1.3637739699	1.02768849954	710
57	0.5	0.0	0.0	4.81303328397	0.0790227612754	0.806543140566	5.20982871584	0.359406137264	0.48619201204	711
57	0.5	0.25	0.0	4.76890087178	-0.320310606358	1.03292016407	5.16815399189	-0.0248809542974	0.824087067596	712
57	0.5	0.5	0.0	4.5548998466	-0.732023827345	1.16334192599	4.95900113304	-0.459698072354	1.07013725831	713
57	0.5	0.75	0.0	4.24742144169	-1.11316340769	1.23690576412	4.65497402499	-0.873634083471	1.24651817277	714
57	0.5	1.0	0.0	3.92285689035	-1.4207758534	1.29270901623	4.32867655343	-1.19527785421	1.37540539957	715
57	0.75	0.0	0.0	4.82422280613	0.0875676293756	0.825106544389	5.21340408315	0.380486605597	0.527821167081	716
57	0.75	0.25	0.0	4.76866960728	-0.258915483935	1.11771975964	5.15552607213	0.065456597452	0.927982209908	717
57	0.75	0.5	0.0	4.55160767723	-0.642498218265	1.31342869369	4.931912523	-0.322510690086	1.250469068	718
57	0.75	0.75	0.0	4.24345749288	-0.998267271131	1.4485592406	4.61361813884	-0.698499037795	1.49918433519	719
57	0.75	1.0	0.0	3.91463953116	-1.26130934005	1.55943729445	4.27169762271	-0.977592226451	1.67803060535	720
57	1.0	0.0	0.0	4.828967544	0.102727199	0.840426199	5.21468784154	0.401344175327	0.553625254064	721
57	1.0	0.25	0.0	4.76085996072	-0.175445607422	1.18395547912	5.14073833512	0.181928161311	1.01068742145	722
57	1.0	0.5	0.0	4.53807074382	-0.517172058031	1.42820336694	4.9024009241	-0.149645445358	1.37967547957	723
57	1.0	0.75	0.0	4.22797066426	-0.844237956874	1.60307705979	4.57001274242	-0.494226875525	1.66271406102	724
57	1.0	1.0	0.0	3.897930493	-1.078429108	1.738483755	4.21391092401	-0.752666360032	1.86192779842	725
58	0.0	0.0	0.0	4.828967544	0.102727199	0.840426199	5.21468784154	0.401344175327	0.553625254064	726
58	0.0	0.25	0.0	4.76085996072	-0.175445607422	1.18395547912	5.14073833512	0.181928161311	1.01068742145	727
58	0.0	0.5	0.0	4.53807074382	-0.517172058031	1.42820336694	4.9024009241	-0.149645445358	1.37967547957	728
58	0.0	0.75	0.0	4.22797066426	-0.844237956874	1.60307705979	4.57001274242	-0.494226875525	1.66271406102	729
58	0.0	1.0	0.0	3.897930493	-1.078429108	1.738483755	4.21391092401	-0.752666360032	1.86192779842	730
58	0.25	0.0	0.0	4.82408751798	0.121658789578	0.850747189697	5.21130464996	0.430372511805	0.568811454896	731
58	0.25	0.25	0.0	4.74520530064	-0.0919717134164	1.21365558459	5.12461418328	0.291537658292	1.04960694953	732
58	0.25	0.5	0.0	4.51650548021	-0.400969032137	1.46660098155	4.87626304661	0.000988721396615	1.42391485996	733
58	0.25	0.75	0.0	4.20364054238	-0.71242866591	1.64397284304	4.53756387334	-0.325586007751	1.70459911615	734
58	0.25	1.0	0.0	3.87226297282	-0.933446114059	1.78016063149	4.17982929685	-0.572498238023	1.90452364809	735
58	0.5	0.0	0.0	4.81421850419	0.141546424063	0.855650749944	5.20472867195	0.47247298727	0.584418477438	736
58	0.5	0.25	0.0	4.72329036589	-0.00644482260002	1.21375880443	5.10406316601	0.393723145058	1.04821403661	737
58	0.5	0.5	0.0	4.48470507605	-0.274467100818	1.45876681892	4.84301969586	0.156054936695	1.41726385153	738
58	0.5	0.75	0.0	4.16426061407	-0.557703328655	1.63159774944	4.49752712478	-0.124223467646	1.70175664417	739
58	0.5	1.0	0.0	3.82775495937	-0.751336424176	1.773174552	4.1435143161	-0.330803897791	1.91188113651	740
58	0.75	0.0	0.0	4.80472487106	0.161726371017	0.854596009719	5.19852807459	0.514865775204	0.594067199508	741
58	0.75	0.25	0.0	4.70041542467	0.0776222187665	1.19226119559	5.08353671977	0.491416180106	1.02107704051	742
58	0.75	0.5	0.0	4.45053249607	-0.150537313739	1.4191500779	4.81054614107	0.307781601323	1.37875031568	743
58	0.75	0.75	0.0	4.12175247145	-0.406403397235	1.5819145347	4.45963983744	0.0786825002455	1.66737998138	744
58	0.75	1.0	0.0	3.78075173698	-0.573627202455	1.72720644401	4.11090130785	-0.0811606617373	1.88725899399	745
58	1.0	0.0	0.0	4.800970987	0.181534899	0.847042099	5.19627102497	0.544771049088	0.591378498924	746
58	1.0	0.25	0.0	4.68188074515	0.156716564423	1.157158815	5.06748628098	0.587548321932	0.982764319022	747
58	1.0	0.5	0.0	4.42185070504	-0.0420507205706	1.36219995735	4.78671765148	0.448397116069	1.3274021138	748
58	1.0	0.75	0.0	4.08803770665	-0.284870323779	1.51088595453	4.43363935203	0.251953651377	1.61466246413	749
58	1.0	1.0	0.0	3.74759859	-0.441845613	1.651937235	4.08792559818	0.122854147734	1.83391595087	750
61	0.0	0.0	0.0	4.800970987	0.181534899	0.847042099	5.19627102497	0.544771049088	0.591378498924	751
61	0.0	0.25	0.0	4.68188074515	0.156716564423	1.157158815	5.06748628098	0.587548321932	0.982764319022	752
61	0.0	0.5	0.0	4.42185070504	-0.0420507205706	1.36219995735	4.78671765148	0.448397116069	1.3274021138	753
61	0.0	0.75	0.0	4.08803770665	-0.284870323779	1.51088595453	4.43363935203	0.251953651377	1.61466246413	754
61	0.0	1.0	0.0	3.74759859	-0.441845613	1.651937235	4.08792559818	0.122854147734	1.83391595087	755
61	0.25	0.0	0.0	4.79500610841	0.19363337823	0.837363758751	5.19294522554	0.560726924129	0.57910277812	756
61	0.25	0.25	0.0	4.66848497295	0.210847412423	1.11271719999	5.05577730845	0.65725340553	0.929055917815	757
61	0.25	0.5	0.0	4.41086278228	0.0436164651346	1.28465045523	4.77497785085	0.564288515999	1.24590469355	758
61	0.25	0.75	0.0	4.08278495803	-0.180190082259	1.40314358643	4.42433689137	0.405807736247	1.51234185331	759
61	0.25	1.0	0.0	3.74489692185	-0.332702848382	1.51817665556	4.07764446864	0.305786546982	1.7110601451	760
61	0.5	0.0	0.0	4.78098154991	0.200098073529	0.826206873474	5.18472664122	0.575677890213	0.562231655621	761
61	0.5	0.25	0.0	4.6534053926	0.246641231729	1.05515049078	5.04117034687	0.702329129928	0.851476435595	762
61	0.5	0.5	0.0	4.40920222671	0.114494943591	1.18429343302	4.76225360022	0.656104669421	1.12428134972	763
61	0.5	0.75	0.0	4.09666853351	-0.0816532862032	1.26241737983	4.41611312806	0.54510516035	1.35713404781	764
61	0.5	1.0	0.0	3.76410079427	-0.227115952972	1.33830401085	4.07088565719	0.477431254373	1.5265221797	765
61	0.75	0.0	0.0	4.76694912321	0.204395231564	0.81309425121	5.17650018869	0.588461319032	0.543404796135	766
61	0.75	0.25	0.0	4.63352708028	0.275812689819	0.989071593485	5.02147408659	0.736542473782	0.770849181871	767
61	0.75	0.5	0.0	4.39222865733	0.176436793749	1.07087349685	4.73282537845	0.73677488251	0.993828439402	768
61	0.75	0.75	0.0	4.09022755053	0.00715148611442	1.10707095221	4.38392059888	0.674211880549	1.18754523767	769
61	0.75	1.0	0.0	3.77469745606	-0.131159290326	1.14623495046	4.0481262825	0.633906803237	1.32720224561	770
61	1.0	0.0	0.0	4.76096064	0.209991099	0.7975487	5.17315078464	0.597914582279	0.525261864369	771
61	1.0	0.25	0.0	4.60573511215	0.310076454169	0.919093414214	4.99449721795	0.773660415751	0.707997466156	772
61	1.0	0.5	0.0	4.3353016931	0.235294094559	0.95413525282	4.67097366439	0.81922846144	0.885842319702	773
61	1.0	0.75	0.0	4.0240011265	0.0826356564185	0.955467921017	4.30271184059	0.797493853706	1.04208161293	774
61	1.0	1.0	0.0	3.746174156	-0.050907224	0.975885124	3.98984346323	0.771331726909	1.16000053375	775
62	0.0	0.0	0.0	4.76096064	0.209991099	0.7975487	5.17315078464	0.597914582279	0.525261864369	776
62	0.0	0.25	0.0	4.60573511215	0.310076454169	0.919093414214	4.99449721795	0.773660415751	0.707997466156	777
62	0.0	0.5	0.0	4.3353016931	0.235294094559	0.95413525282	4.67097366439	0.81922846144	0.885842319702	778
62	0.0	0.75	0.0	4.0240011265	0.0826356564185	0.955467921017	4.30271184059	0.797493853706	1.04208161293	779
62	0.0	1.0	0.0	3.746174156	-0.050907224	0.975885124	3.98984346323	0.771331726909	1.16000053375	780
62	0.25	0.0	0.0	4.76789233398	0.216458781089	0.784477214184	5.17411621375	0.601713006941	0.508841384508	781
62	0.25	0.25	0.0	4.59474134715	0.35050804539	0.861341486607	4.97988708574	0.812827270438	0.659765008634	782
62	0.25	0.5	0.0	4.297734091	0.305690933555	0.854199595523	4.63370093793	0.901587967788	0.785797881117	783
62	0.25	0.75	0.0	3.97295381141	0.174536736181	0.819508653843	4.25272431404	0.915290889971	0.892066532108	784
62	0.25	1.0	0.0	3.71648375422	0.0495747438647	0.813725774478	3.95412375775	0.90123182797	0.983697491757	785
62	0.5	0.0	0.0	4.78227267906	0.221719536296	0.774502156502	5.17537077613	0.601101395809	0.491498539926	786
62	0.5	0.25	0.0	4.61511527906	0.389584170824	0.815539077582	4.990280734	0.842681780483	0.603707922632	787
62	0.5	0.5	0.0	4.33054668151	0.385974656784	0.773853871035	4.66419194778	0.965477209687	0.668148342876	788
62	0.5	0.75	0.0	4.00897548817	0.290077281509	0.699842555479	4.29592962584	1.00996958526	0.713185864642	789
62	0.5	1.0	0.0	3.73081030081	0.181078332329	0.643901149534	3.98431897651	1.01664080902	0.767186551914	790
62	0.75	0.0	0.0	4.79648583537	0.225255648855	0.764163198819	5.17645814972	0.598765142029	0.473791795343	791
62	0.75	0.25	0.0	4.64376855521	0.422112824779	0.766042672243	5.00849291646	0.861558940305	0.532880691222	792
62	0.75	0.5	0.0	4.38156002017	0.459268091957	0.688739965643	4.71125397218	1.00974126084	0.538299706117	793
62	0.75	0.75	0.0	4.06721797626	0.401496242152	0.575075294444	4.35816923798	1.08041629504	0.529528752269	794
62	0.75	1.0	0.0	3.75810016949	0.313572067129	0.467868874073	4.02266663497	1.11068823429	0.546047741918	795
62	1.0	0.0	0.0	4.802915963	0.226549403	0.750000013	5.17692201249	0.597389638747	0.456279615479	796
62	1.0	0.25	0.0	4.65761282291	0.442902001566	0.697208755696	5.01733838685	0.867793744327	0.440337797476	797
62	1.0	0.5	0.0	4.39859466256	0.508694066784	0.574499765635	4.72369428937	1.03322519497	0.401657971978	798
62	1.0	0.75	0.0	4.08283309519	0.48103256786	0.423812539256	4.36528461247	1.12551737481	0.365184336729	799
62	1.0	1.0	0.0	3.767299734	0.417024474	0.287086573	4.0114042486	1.17650366801	0.355861089472	800
