Elem	xi[0]	xi[1]	xi[2]	Y[0]	Y[1]	Y[2]	y[0]	y[1]	y[2]	Index
1	0.0	0.0	0.0	0.447153102	0.168609643	-0.113202237	0.611142328934	0.756820529971	-0.41982645664	1
1	0.0	0.25	0.0	-0.329787260597	0.156655861805	-0.146206625186	-0.197713194139	0.787075185768	-0.394021719097	2
1	0.0	0.5	0.0	-1.11489743847	0.107806976922	-0.194493235104	-1.03203590979	0.803806067243	-0.350227715867	3
1	0.0	0.75	0.0	-1.89187559886	0.0607145708277	-0.262126242219	-1.85866006557	0.818048299227	-0.31872465975	4
1	0.0	1.0	0.0	-2.644419909	0.054030226	-0.353169822	-2.644419909	0.840837006555	-0.32979276354	5
1	0.25	0.0	0.0	0.396689271668	0.290669502508	-0.357417052888	0.553595607158	0.806946255918	-0.734469984936	6
1	0.25	0.25	0.0	-0.36295898546	0.288927384057	-0.388508174374	-0.229553379682	0.839116214272	-0.71320673459	7
1	0.25	0.5	0.0	-1.13004274611	0.277105033078	-0.416200136815	-1.03807343083	0.862815544385	-0.671336712289	8
1	0.25	0.75	0.0	-1.88431754581	0.277744085099	-0.46036553074	-1.8405425948	0.882201442018	-0.643238378102	9
1	0.25	1.0	0.0	-2.60553892011	0.313386175644	-0.540876946675	-2.60553892011	0.901431102936	-0.663290192099	10
1	0.5	0.0	0.0	0.312157100881	0.462616805188	-0.613340867864	0.465821811042	0.893713354128	-1.09158223348	11
1	0.5	0.25	0.0	-0.387072177994	0.485099370097	-0.633571354796	-0.262626821192	0.924969296686	-1.08064221636	12
1	0.5	0.5	0.0	-1.11564816509	0.512698385614	-0.636620674073	-1.03002639117	0.952987288825	-1.04788928312	13
1	0.5	0.75	0.0	-1.84294060935	0.544447429932	-0.642376784787	-1.80053712774	0.972700965553	-1.01464388197	14
1	0.5	1.0	0.0	-2.53831925975	0.57938008124	-0.670727646029	-2.53831925975	0.97904396188	-1.00222646111	15
1	0.75	0.0	0.0	0.223283132154	0.620404250774	-0.865359448658	0.376011894073	0.962010888954	-1.44975824642	16
1	0.75	0.25	0.0	-0.414078510267	0.67004602313	-0.870198011541	-0.299796994567	0.992008093298	-1.44664077286	17
1	0.75	0.5	0.0	-1.10144850083	0.732129459644	-0.849093951373	-1.02909221429	1.02306154285	-1.41929924628	18
1	0.75	0.75	0.0	-1.80044219182	0.779316054458	-0.817283229213	-1.76800708723	1.03942557597	-1.37526158333	19
1	0.75	1.0	0.0	-2.47267493552	0.784267301715	-0.790001806119	-2.47267493552	1.02535453101	-1.32205570065	20
1	1.0	0.0	0.0	0.159793908	0.699984539	-1.097858562	0.312356809737	0.956727924749	-1.76759306789	21
1	1.0	0.25	0.0	-0.45592965435	0.768641546361	-1.08718998969	-0.343927375704	0.987606264393	-1.76151501253	22
1	1.0	0.5	0.0	-1.11717855876	0.85294068028	-1.04695907321	-1.05646832364	1.02177854876	-1.72498041966	23
1	1.0	0.75	0.0	-1.78951969554	0.900841407809	-0.994208088871	-1.77231589607	1.03225397942	-1.66741189414	24
1	1.0	1.0	0.0	-2.438519955	0.860303196	-0.945979313	-2.438519955	0.992041757971	-1.59823204082	25
2	0.0	0.0	0.0	0.159793908	0.699984539	-1.097858562	0.312356809737	0.956727924749	-1.76759306789	26
2	0.0	0.25	0.0	-0.45592965435	0.768641546361	-1.08718998969	-0.343927375704	0.987606264393	-1.76151501253	27
2	0.0	0.5	0.0	-1.11717855876	0.85294068028	-1.04695907321	-1.05646832364	1.02177854876	-1.72498041966	28
2	0.0	0.75	0.0	-1.78951969554	0.900841407809	-0.994208088871	-1.77231589607	1.03225397942	-1.66741189414	29
2	0.0	1.0	0.0	-2.438519955	0.860303196	-0.945979313	-2.438519955	0.992041757971	-1.59823204082	30
2	0.25	0.0	0.0	0.089242460336	0.676208715208	-1.36997836746	0.243244782335	0.847328025101	-2.1229644185	31
2	0.25	0.25	0.0	-0.524392563484	0.73174107617	-1.33967429969	-0.410090304071	0.862576541647	-2.10179294414	32
2	0.25	0.5	0.0	-1.16470720271	0.799423978295	-1.27161052071	-1.10909057869	0.877489130596	-2.0342040545	33
2	0.25	0.75	0.0	-1.81111601524	0.824365047719	-1.1837993111	-1.80349275813	0.865677708729	-1.94174184322	34
2	0.25	1.0	0.0	-2.443033559	0.751671910578	-1.09425295144	-2.443033559	0.80075419283	-1.84595040395	35
2	0.5	0.0	0.0	-0.007605183512	0.579773054346	-1.68263543176	0.149146904451	0.666655927404	-2.52938697238	36
2	0.5	0.25	0.0	-0.599974951271	0.592083148903	-1.63139386218	-0.490335011666	0.641509040485	-2.49613482279	37
2	0.5	0.5	0.0	-1.21277372531	0.60873609974	-1.5304090615	-1.16333918169	0.606252385152	-2.40108569919	38
2	0.5	0.75	0.0	-1.83698086138	0.593680457668	-1.384811449	-1.83328096358	0.550498663875	-2.26527802298	39
2	0.5	1.0	0.0	-2.46357571528	0.510864773497	-1.19973144396	-2.46357571528	0.463860579125	-2.10975021556	40
2	0.75	0.0	0.0	-0.089496496854	0.434277844811	-1.97700371993	0.0680255575462	0.442412408138	-2.9064884037	41
2	0.75	0.25	0.0	-0.657368537054	0.397171135506	-1.9024482132	-0.558242140655	0.373677274883	-2.86140089276	42
2	0.75	0.5	0.0	-1.24687552671	0.36014586024	-1.76158443385	-1.20752168913	0.288922652895	-2.73807239493	43
2	0.75	0.75	0.0	-1.85727387182	0.310575391474	-1.55108329762	-1.85798899826	0.194167915357	-2.5564580924	44
2	0.75	1.0	0.0	-2.48781997841	0.235833101667	-1.26761572025	-2.48781997841	0.0954324354557	-2.33651316739	45
2	1.0	0.0	0.0	-0.115178953	0.263323375	-2.194257197	0.0378431230805	0.202298243782	-3.17389638663	46
2	1.0	0.25	0.0	-0.671265040176	0.194508406927	-2.09293688879	-0.587392333205	0.108354758821	-3.11445139831	47
2	1.0	0.5	0.0	-1.25251000706	0.132922075422	-1.90336637604	-1.22994565748	0.00635427429226	-2.9576111829	48
2	1.0	0.75	0.0	-1.86215468442	0.0768376029564	-1.63645365202	-1.873925348	-0.0958634663311	-2.73371971048	49
2	1.0	1.0	0.0	-2.503439903	0.024528212	-1.30310671	-2.503439903	-0.190458719577	-2.47312095117	50
5	0.0	0.0	0.0	-0.115178953	0.263323375	-2.194257197	0.0378431230805	0.202298243782	-3.17389638663	51
5	0.0	0.25	0.0	-0.671265040176	0.194508406927	-2.09293688879	-0.587392333205	0.108354758821	-3.11445139831	52
5	0.0	0.5	0.0	-1.25251000706	0.132922075422	-1.90336637604	-1.22994565748	0.00635427429226	-2.9576111829	53
5	0.0	0.75	0.0	-1.86215468442	0.0768376029564	-1.63645365202	-1.873925348	-0.0958634663311	-2.73371971048	54
5	0.0	1.0	0.0	-2.503439903	0.024528212	-1.30310671	-2.503439903	-0.190458719577	-2.47312095117	55
5	0.25	0.0	0.0	-0.0369346807073	-0.374779323473	-2.421612962	0.11993983711	-0.629671699052	-3.45840097455	56
5	0.25	0.25	0.0	-0.606351294435	-0.469138278082	-2.2797650996	-0.538242443712	-0.744630353904	-3.36959753126	57
5	0.25	0.5	0.0	-1.20841884052	-0.518713378927	-1.99097306087	-1.21605913233	-0.824702618637	-3.14084003878	58
5	0.25	0.75	0.0	-1.84983331078	-0.53222250171	-1.62998185756	-1.89018396976	-0.88115589588	-2.83935386552	59
5	0.25	1.0	0.0	-2.53729069704	-0.518383522134	-1.27153650144	-2.53729069704	-0.92525758826	-2.53236437988	60
5	0.5	0.0	0.0	0.0856847103306	-1.23084311199	-2.34481170846	0.280544555605	-1.70846190085	-3.40305601883	61
5	0.5	0.25	0.0	-0.513658634735	-1.32721891866	-2.21127272514	-0.420968827422	-1.8344738561	-3.30304256708	62
5	0.5	0.5	0.0	-1.15241044544	-1.33863944636	-1.88796746938	-1.15319119638	-1.88227718713	-3.0411395578	63
5	0.5	0.75	0.0	-1.83856986096	-1.29480107252	-1.48048684599	-1.88371583337	-1.8793605984	-2.6988568647	64
5	0.5	1.0	0.0	-2.58013602049	-1.22540017453	-1.09442175976	-2.58013602049	-1.85321279438	-2.35770436148	65
5	0.75	0.0	0.0	0.210587953953	-2.08812575901	-2.06575274118	0.45303618416	-2.77013680226	-3.09278969556	66
5	0.75	0.25	0.0	-0.418625728764	-2.17666280443	-1.95907364303	-0.28912741708	-2.89912205454	-2.98998440177	67
5	0.75	0.5	0.0	-1.0926037836	-2.13591040911	-1.64190506226	-1.07138444035	-2.90525941183	-2.72303573829	68
5	0.75	0.75	0.0	-1.81822565645	-2.02570665897	-1.22494811546	-1.8552828957	-2.83561324506	-2.37276869742	69
5	0.75	1.0	0.0	-2.60237079321	-1.90588963991	-0.818903919203	-2.60237079321	-2.73724792517	-2.0200082715	70
5	1.0	0.0	0.0	0.295683784	-2.729885033	-1.686335365	0.570793628374	-3.55076084393	-2.6125301808	71
5	1.0	0.25	0.0	-0.346691244211	-2.81439922506	-1.59478173093	-0.196274145426	-3.67652125599	-2.50562093129	72
5	1.0	0.5	0.0	-1.03711781681	-2.71958054942	-1.30034130021	-1.00068145493	-3.63253927341	-2.25105457856	73
5	1.0	0.75	0.0	-1.77866201876	-2.53974781057	-0.900345164135	-1.80564711363	-3.49504950707	-1.92162935311	74
5	1.0	1.0	0.0	-2.574389935	-2.369219813	-0.492124414	-2.574389935	-3.34028656783	-1.59014348544	75
6	0.0	0.0	0.0	0.295683784	-2.729885033	-1.686335365	0.570793628374	-3.55076084393	-2.6125301808	76
6	0.0	0.25	0.0	-0.346691244211	-2.81439922506	-1.59478173093	-0.196274145426	-3.67652125599	-2.50562093129	77
6	0.0	0.5	0.0	-1.03711781681	-2.71958054942	-1.30034130021	-1.00068145493	-3.63253927341	-2.25105457856	78
6	0.0	0.75	0.0	-1.77866201876	-2.53974781057	-0.900345164135	-1.80564711363	-3.49504950707	-1.92162935311	79
6	0.0	1.0	0.0	-2.574389935	-2.369219813	-0.492124414	-2.574389935	-3.34028656783	-1.59014348544	80
6	0.25	0.0	0.0	0.36272238345	-3.11690984759	-1.18535341086	0.639105010674	-3.98924036508	-1.96526391808	81
6	0.25	0.25	0.0	-0.271316746517	-3.16504234416	-1.09480511606	-0.122290400715	-4.08549748727	-1.8598663299	82
6	0.25	0.5	0.0	-0.953683215107	-3.01264717885	-0.845482702718	-0.917567410459	-3.98701387135	-1.64846464322	83
6	0.25	0.75	0.0	-1.68652683137	-2.77414843909	-0.501375547564	-1.7122838134	-3.79086806882	-1.37936698411	84
6	0.25	1.0	0.0	-2.47199740437	-2.56397021236	-0.126473027348	-2.47199740437	-3.59413863119	-1.10088147865	85
6	0.5	0.0	0.0	0.451041870087	-3.43369288837	-0.482266061427	0.711214852107	-4.30383123572	-1.08946394299	86
6	0.5	0.25	0.0	-0.16444701738	-3.41032146917	-0.39016252407	-0.0209438988191	-4.35293892693	-0.988839195758	87
6	0.5	0.5	0.0	-0.824972280199	-3.20899631017	-0.201145228562	-0.7904266882	-4.21827699017	-0.833464781785	88
6	0.5	0.75	0.0	-1.53554456292	-2.93717552845	0.0617846160755	-1.56218604798	-3.99047922272	-0.642552975032	89
6	0.5	1.0	0.0	-2.30117451011	-2.70231724108	0.375625800819	-2.30117451011	-3.76017942186	-0.435316049458	90
6	0.75	0.0	0.0	0.52650412693	-3.63272238598	0.267520988719	0.767876613314	-4.45074520894	-0.166699762894	91
6	0.75	0.25	0.0	-0.070188799174	-3.54848803569	0.355638199984	0.0700984981259	-4.46099554554	-0.0794099303812	92
6	0.75	0.5	0.0	-0.707482929535	-3.32138902611	0.483077206569	-0.667520213778	-4.31111437588	0.0150036875018	93
6	0.75	0.75	0.0	-1.38970190022	-3.03862925923	0.660576100817	-1.40970200229	-4.07590259164	0.122000983132	94
6	0.75	1.0	0.0	-2.12116934729	-2.78741263701	0.898872975077	-2.12116934729	-3.83016108449	0.247041848887	95
6	1.0	0.0	0.0	0.554971037	-3.666486571	0.908602045	0.789843754939	-4.38619403783	0.621459114848	96
6	1.0	0.25	0.0	-0.0326488342751	-3.57779347936	0.979089211033	0.113169927985	-4.39181731366	0.681551064721	97
6	1.0	0.5	0.0	-0.657713080566	-3.36258640943	1.05759068698	-0.597108912813	-4.25031177448	0.717999446409	98
6	1.0	0.75	0.0	-1.31298553007	-3.08830981204	1.16643968069	-1.30917986122	-4.02915779844	0.747483199389	99
6	1.0	1.0	0.0	-1.991230011	-2.822408138	1.3279694	-1.991230011	-3.7958357637	0.786681263142	100
9	0.0	0.0	0.0	0.554971037	-3.666486571	0.908602045	0.789843754939	-4.38619403783	0.621459114848	101
9	0.0	0.25	0.0	-0.0326488342751	-3.57779347936	0.979089211033	0.113169927985	-4.39181731366	0.681551064721	102
9	0.0	0.5	0.0	-0.657713080566	-3.36258640943	1.05759068698	-0.597108912813	-4.25031177448	0.717999446409	103
9	0.0	0.75	0.0	-1.31298553007	-3.08830981204	1.16643968069	-1.30917986122	-4.02915779844	0.747483199389	104
9	0.0	1.0	0.0	-1.991230011	-2.822408138	1.3279694	-1.991230011	-3.7958357637	0.786681263142	105
9	0.25	0.0	0.0	0.556574482102	-3.45555727044	1.4731939296	0.784817732987	-4.02002484934	1.27711048198	106
9	0.25	0.25	0.0	-0.00978686410466	-3.4194356774	1.56583507322	0.136757281467	-4.04841486766	1.35062180937	107
9	0.25	0.5	0.0	-0.619347872824	-3.27587284713	1.67193095854	-0.539137809176	-3.94732162061	1.40496676093	108
9	0.25	0.75	0.0	-1.24501282613	-3.07003181691	1.78878993608	-1.21418106351	-3.77891225467	1.43950124319	109
9	0.25	1.0	0.0	-1.85968600609	-2.84707562398	1.91372035635	-1.85968600609	-3.60535391627	1.45358116269	110
9	0.5	0.0	0.0	0.565920115411	-3.01990628426	2.06537688267	0.771645660167	-3.38138389975	1.9131398597	111
9	0.5	0.25	0.0	0.0425590851216	-3.04905313261	2.20983934782	0.171613869172	-3.4416154402	2.0252197322	112
9	0.5	0.5	0.0	-0.537328509423	-3.01396711862	2.36389975993	-0.463962943296	-3.42161177139	2.11557468466	113
9	0.5	0.75	0.0	-1.13567387929	-2.93593542407	2.51372049631	-1.10324892796	-3.3554117415	2.18725270173	114
9	0.5	1.0	0.0	-1.71440823554	-2.83624523073	2.64546393425	-1.71440823554	-3.27705419872	2.24330176807	115
9	0.75	0.0	0.0	0.571475818015	-2.4701596287	2.5628240814	0.748050295447	-2.63125487907	2.4219267674	116
9	0.75	0.25	0.0	0.0805863676022	-2.55863620069	2.7563083351	0.190566146023	-2.71863453356	2.57191061593	117
9	0.75	0.5	0.0	-0.47250295872	-2.62592374299	2.95744649706	-0.411176239298	-2.78065401558	2.70167229529	118
9	0.75	0.75	0.0	-1.04735969223	-2.67397616643	3.14550978891	-1.02120577216	-2.81871013549	2.8180558892	119
9	0.75	1.0	0.0	-1.60355136422	-2.70474738186	3.29976943227	-1.60355136422	-2.83419970364	2.92790548137	120
9	1.0	0.0	0.0	0.561709471	-1.91694332	2.843208703	0.711754397797	-1.93062147734	2.69585072449	121
9	1.0	0.25	0.0	0.0604923375356	-2.04017523734	3.05044833535	0.166440566944	-2.02668765	2.85726024324	122
9	1.0	0.5	0.0	-0.485719189073	-2.1607972393	3.27652057585	-0.420369621305	-2.13192014196	3.01510867052	123
9	1.0	0.75	0.0	-1.04246126764	-2.27210957686	3.48843624143	-1.0128739137	-2.22886131318	3.15922911984	124
9	1.0	1.0	0.0	-1.575270057	-2.367412501	3.653206149	-1.575270057	-2.30005352363	3.2794547047	125
10	0.0	0.0	0.0	0.561709471	-1.91694332	2.843208703	0.711754397797	-1.93062147734	2.69585072449	126
10	0.0	0.25	0.0	0.0604923375356	-2.04017523734	3.05044833535	0.166440566944	-2.02668765	2.85726024324	127
10	0.0	0.5	0.0	-0.485719189073	-2.1607972393	3.27652057585	-0.420369621305	-2.13192014196	3.01510867052	128
10	0.0	0.75	0.0	-1.04246126764	-2.27210957686	3.48843624143	-1.0128739137	-2.22886131318	3.15922911984	129
10	0.0	1.0	0.0	-1.575270057	-2.367412501	3.653206149	-1.575270057	-2.30005352363	3.2794547047	130
10	0.25	0.0	0.0	0.536879009533	-1.60655855155	2.81404219573	0.689259161838	-1.54015573341	2.68591278478	131
10	0.25	0.25	0.0	0.00398016651617	-1.72332898024	3.00211048519	0.122597794332	-1.60664839584	2.83534747451	132
10	0.25	0.5	0.0	-0.558997853999	-1.81725256944	3.22393145488	-0.478101884102	-1.66847606843	2.99695093888	133
10	0.25	0.75	0.0	-1.12045261982	-1.90197007846	3.4315130346	-1.07963125471	-1.72744938685	3.13939124123	134
10	0.25	1.0	0.0	-1.64878169875	-1.99112226662	3.57686315414	-1.64878169875	-1.78537898678	3.23133644495	135
10	0.5	0.0	0.0	0.498046662295	-1.26695181719	2.63597245743	0.668415788978	-1.08435293659	2.56138415098	136
10	0.5	0.25	0.0	-0.071385861235	-1.39161228773	2.77616923988	0.0645752878704	-1.12912788772	2.67517677033	137
10	0.5	0.5	0.0	-0.660111930326	-1.49048214841	2.95525490338	-0.564876211888	-1.17263953269	2.8019077939	138
10	0.5	0.75	0.0	-1.2421390795	-1.57959184627	3.11779360653	-1.19265436928	-1.21585052168	2.90877206938	139
10	0.5	1.0	0.0	-1.79147484329	-1.67497182836	3.20834950792	-1.79147484329	-1.25972350485	2.96296444445	140
10	0.75	0.0	0.0	0.464621921159	-0.955431937982	2.38314462267	0.649647962962	-0.639735123025	2.37343705088	141
10	0.75	0.25	0.0	-0.136543237406	-1.09866724341	2.46007576656	0.00790036308552	-0.673371798043	2.43890796864	142
10	0.75	0.5	0.0	-0.756271086142	-1.22999629113	2.57135791689	-0.657716274683	-0.71372491444	2.50508962394	143
10	0.75	0.75	0.0	-1.3719174375	-1.34531736463	2.65946130088	-1.32227231035	-0.754380655683	2.55382254527	144
10	0.75	1.0	0.0	-1.96083810393	-1.44052874742	2.66685614574	-1.96083810393	-0.788925205242	2.56694726113	145
10	1.0	0.0	0.0	0.456014278	-0.729307735	2.129703826	0.633379367534	-0.282824328843	2.17324371228	146
10	1.0	0.25	0.0	-0.162429453686	-0.898135930871	2.14128123236	-0.0318996644948	-0.318625799232	2.18870090741	147
10	1.0	0.5	0.0	-0.814684989536	-1.08530531249	2.17310749096	-0.733645742503	-0.361046593378	2.18160681732	148
10	1.0	0.75	0.0	-1.47418448462	-1.23948911786	2.16869946132	-1.43881413088	-0.403355726879	2.16099360987	149
10	1.0	1.0	0.0	-2.114360094	-1.309360585	2.071574003	-2.114360094	-0.438822215333	2.13589345291	150
13	0.0	0.0	0.0	0.456014278	-0.729307735	2.129703826	0.633379367534	-0.282824328843	2.17324371228	151
13	0.0	0.25	0.0	-0.162429453686	-0.898135930871	2.14128123236	-0.0318996644948	-0.318625799232	2.18870090741	152
13	0.0	0.5	0.0	-0.814684989536	-1.08530531249	2.17310749096	-0.733645742503	-0.361046593378	2.18160681732	153
13	0.0	0.75	0.0	-1.47418448462	-1.23948911786	2.16869946132	-1.43881413088	-0.403355726879	2.16099360987	154
13	0.0	1.0	0.0	-2.114360094	-1.309360585	2.071574003	-2.114360094	-0.438822215333	2.13589345291	155
13	0.25	0.0	0.0	0.463444808019	-0.582633449212	1.8769456163	0.632241046534	-0.0435728136698	1.92880704233	156
13	0.25	0.25	0.0	-0.163218695367	-0.776317944407	1.85897615648	-0.0523801764399	-0.0957501083641	1.92983082383	157
13	0.25	0.5	0.0	-0.826831690731	-1.03258559504	1.85919713496	-0.770770087107	-0.178940638437	1.89962594563	158
13	0.25	0.75	0.0	-1.51364107629	-1.25223162435	1.79875999657	-1.49818813015	-0.267749811279	1.84639098733	159
13	0.25	1.0	0.0	-2.20989375027	-1.3360512556	1.59881618614	-2.20989375027	-0.336783034279	1.77832452857	160
13	0.5	0.0	0.0	0.469269948697	-0.439184418637	1.56405911661	0.647420098075	0.160128741604	1.58322121038	161
13	0.5	0.25	0.0	-0.175241903497	-0.65281125877	1.54270058424	-0.0719226344024	0.091786454621	1.59877709712	162
13	0.5	0.5	0.0	-0.834245378922	-0.979674661838	1.54202848919	-0.79906051389	-0.060522731125	1.58764007229	163
13	0.5	0.75	0.0	-1.53240611261	-1.28579677773	1.44757472699	-1.53841054681	-0.232314217721	1.53060991499	164
13	0.5	1.0	0.0	-2.29438973958	-1.43719975635	1.14487119319	-2.29438973958	-0.359103407255	1.40848640432	165
13	0.75	0.0	0.0	0.476508821527	-0.300343213242	1.24101138736	0.666655275051	0.333244323303	1.20729773035	166
13	0.75	0.25	0.0	-0.200805456557	-0.519751817968	1.22255888407	-0.0936660588591	0.259505227807	1.24396724683	167
13	0.75	0.5	0.0	-0.859752284724	-0.889661780362	1.22077055176	-0.839715288433	0.0584012728708	1.26369773771	168
13	0.75	0.75	0.0	-1.56520536261	-1.25726362537	1.10631985757	-1.59475265249	-0.176541877601	1.2214322905	169
13	0.75	1.0	0.0	-2.38203838986	-1.46974787793	0.749880268635	-2.38203838986	-0.351798559704	1.07211399271	170
13	1.0	0.0	0.0	0.488180548	-0.167492403	0.957769489	0.677685330354	0.480737917755	0.87184811611	171
13	1.0	0.25	0.0	-0.242215733025	-0.369275566011	0.928655424412	-0.120749470287	0.422927549276	0.913828792504	172
13	1.0	0.5	0.0	-0.92617863875	-0.725636218078	0.894592320793	-0.913932676314	0.242025517863	0.945847482304	173
13	1.0	0.75	0.0	-1.64676459535	-1.08371121461	0.766171593277	-1.70248571885	0.0200742776901	0.926640011563	174
13	1.0	1.0	0.0	-2.487030029	-1.290637411	0.453984657	-2.487030029	-0.16088371707	0.814942206335	175
14	0.0	0.0	0.0	0.488180548	-0.167492403	0.957769489	0.677685330354	0.480737917755	0.87184811611	176
14	0.0	0.25	0.0	-0.242215733025	-0.369275566011	0.928655424412	-0.120749470287	0.422927549276	0.913828792504	177
14	0.0	0.5	0.0	-0.92617863875	-0.725636218078	0.894592320793	-0.913932676314	0.242025517863	0.945847482304	178
14	0.0	0.75	0.0	-1.64676459535	-1.08371121461	0.766171593277	-1.70248571885	0.0200742776901	0.926640011563	179
14	0.0	1.0	0.0	-2.487030029	-1.290637411	0.453984657	-2.487030029	-0.16088371707	0.814942206335	180
14	0.25	0.0	0.0	0.493281095551	-0.0657656756343	0.712698539958	0.674660255398	0.587766757817	0.578859507517	181
14	0.25	0.25	0.0	-0.27274627859	-0.22316208854	0.672608737483	-0.14284353384	0.558540481557	0.615538573243	182
14	0.25	0.5	0.0	-0.994908855278	-0.515500898129	0.607336990511	-0.979302036056	0.443488377731	0.651049543449	183
14	0.25	0.75	0.0	-1.74049698853	-0.810265856065	0.484906493355	-1.80164471449	0.293048737505	0.661446924867	184
14	0.25	1.0	0.0	-2.57680103236	-0.974940714013	0.273340440325	-2.57680103236	0.157659852048	0.622785224225	185
14	0.5	0.0	0.0	0.485481144705	0.0198770368553	0.428349620371	0.661616611233	0.671240302099	0.235110917257	186
14	0.5	0.25	0.0	-0.286544002247	-0.0778980613799	0.394231196366	-0.157704299322	0.66818440675	0.273095324666	187
14	0.5	0.5	0.0	-1.04014753229	-0.287472849174	0.333354324763	-1.00813617961	0.611968525981	0.327099758577	188
14	0.5	0.75	0.0	-1.81007024099	-0.508718170517	0.242504986223	-1.84685904826	0.534068049746	0.374461615015	189
14	0.5	1.0	0.0	-2.63105292391	-0.641504869396	0.118469161406	-2.63105292391	0.465958368003	0.392518290002	190
14	0.75	0.0	0.0	0.468774034007	0.0958605409172	0.140967703599	0.639971576273	0.728483307264	-0.113187716765	191
14	0.75	0.25	0.0	-0.300070473186	0.0531600704186	0.114350256873	-0.173328581248	0.746236812329	-0.0759438178924	192
14	0.75	0.5	0.0	-1.07558146247	-0.0701656859222	0.0677192680557	-1.01939437988	0.735922307517	-0.0114949639746	193
14	0.75	0.75	0.0	-1.85926842151	-0.208560560655	0.00486232374363	-1.858930304	0.717583981344	0.0522243356087	194
14	0.75	1.0	0.0	-2.652640838	-0.296468386331	-0.0704329894666	-2.652640838	0.711266022328	0.0872795714771	195
14	1.0	0.0	0.0	0.447153102	0.168609643	-0.113202237	0.611142328934	0.756820529971	-0.41982645664	196
14	1.0	0.25	0.0	-0.329787260597	0.156655861805	-0.146206625186	-0.197713194139	0.787075185768	-0.394021719097	197
14	1.0	0.5	0.0	-1.11489743847	0.107806976922	-0.194493235104	-1.03203590979	0.803806067243	-0.350227715867	198
14	1.0	0.75	0.0	-1.89187559886	0.0607145708277	-0.262126242219	-1.85866006557	0.818048299227	-0.31872465975	199
14	1.0	1.0	0.0	-2.644419909	0.054030226	-0.353169822	-2.644419909	0.840837006555	-0.32979276354	200
17	0.0	0.0	0.0	3.767299734	0.417024474	0.287086573	4.07747092544	0.642769639761	-0.0814416090191	201
17	0.0	0.25	0.0	3.32585409044	0.366673295695	0.163919359912	3.62638939211	0.709321941546	-0.130179691424	202
17	0.0	0.5	0.0	2.86168027595	0.368091280206	0.10205470666	3.15021618909	0.75856290242	-0.186330429592	203
17	0.0	0.75	0.0	2.40687370574	0.381972676364	0.0715979863283	2.67724469145	0.791707605295	-0.240809884473	204
17	0.0	1.0	0.0	1.993529795	0.369011733	0.042654572	2.23576827428	0.809971133084	-0.284534117018	205
17	0.25	0.0	0.0	3.72882049316	0.561448567831	0.122713413081	4.03822514139	0.7435691757	-0.295896710031	206
17	0.25	0.25	0.0	3.3020315561	0.528735313408	-0.0186178895847	3.59577807465	0.807673767321	-0.387804939334	207
17	0.25	0.5	0.0	2.83541005735	0.534139121897	-0.108943500272	3.12209537876	0.84752059809	-0.475824845785	208
17	0.25	0.75	0.0	2.37317919791	0.539985464294	-0.165132999469	2.64790675643	0.868432347723	-0.551168920875	209
17	0.25	1.0	0.0	1.95956217877	0.508599811596	-0.20405596766	2.20394191042	0.875731695938	-0.605049656091	210
17	0.5	0.0	0.0	3.65754669496	0.769182036714	-0.00412638093918	4.00106080477	0.885243073262	-0.532630821406	211
17	0.5	0.25	0.0	3.22890403699	0.742131982535	-0.181447873029	3.56059004388	0.933069101142	-0.667457861632	212
17	0.5	0.5	0.0	2.77636681884	0.736750874866	-0.322871434634	3.09104108068	0.948817121077	-0.797263033682	213
17	0.5	0.75	0.0	2.33113440557	0.717753719027	-0.427911988175	2.6182760637	0.941547192956	-0.907760441303	214
17	0.5	1.0	0.0	1.92440616227	0.649855520335	-0.496084456077	2.16815714147	0.92031937667	-0.984664188244	215
17	0.75	0.0	0.0	3.58713436178	0.954155970491	-0.127847375989	3.96966247999	0.988989116349	-0.770340217677	216
17	0.75	0.25	0.0	3.14861235575	0.938848548497	-0.338450757937	3.52891450639	1.02615251141	-0.942957168494	217
17	0.75	0.5	0.0	2.71190857169	0.919981190753	-0.52909421072	3.06400606198	1.0185393509	-1.11289337797	218
17	0.75	0.75	0.0	2.28874892276	0.870812855669	-0.683483806567	2.59429305573	0.981796840208	-1.25934587186	219
17	0.75	1.0	0.0	1.89085932213	0.764602501656	-0.785325617706	2.13913139663	0.931572184719	-1.36151167592	220
17	1.0	0.0	0.0	3.551239516	1.030301459	-0.282864139	3.94771473147	0.976005088862	-0.987721173377	221
17	1.0	0.25	0.0	3.10329733506	1.05087025672	-0.503506711824	3.50884066878	1.02756856652	-1.1881215701	222
17	1.0	0.5	0.0	2.6693933272	1.0278847212	-0.71697694283	3.04794308976	1.01277416707	-1.38496426333	223
17	1.0	0.75	0.0	2.25403234348	0.954698289328	-0.898593281421	2.581898175	0.959925988692	-1.55468663864	224
17	1.0	1.0	0.0	1.861719235	0.824664398	-1.023674177	2.12758210509	0.897328129528	-1.67372608157	225
18	0.0	0.0	0.0	1.993529795	0.369011733	0.042654572	2.23576827428	0.809971133084	-0.284534117018	226
18	0.0	0.25	0.0	1.63745969463	0.316511237574	0.00213577303014	1.85229242839	0.803312554406	-0.323619866494	227
18	0.0	0.5	0.0	1.24790449503	0.246712459054	-0.0451423116303	1.44049849658	0.778002838828	-0.369264202966	228
18	0.0	0.75	0.0	0.844567772168	0.187962795006	-0.0874861567257	1.02018296728	0.755389619599	-0.406366581368	229
18	0.0	1.0	0.0	0.447153102	0.168609643	-0.113202237	0.611142328934	0.756820529971	-0.41982645664	230
18	0.25	0.0	0.0	1.95956217877	0.508599811596	-0.20405596766	2.20394191042	0.875731695938	-0.605049656091	231
18	0.25	0.25	0.0	1.60360322068	0.441995279311	-0.242084348743	1.81373649426	0.862116989269	-0.645196598592	232
18	0.25	0.5	0.0	1.20938498009	0.368553701366	-0.286417623604	1.39399123793	0.832248073398	-0.687273521595	233
18	0.25	0.75	0.0	0.799537112063	0.310652601265	-0.3279103418	0.966634742029	0.806924608792	-0.720593594057	234
18	0.25	1.0	0.0	0.396689271668	0.290669502508	-0.357417052888	0.553595607158	0.806946255918	-0.734469984936	235
18	0.5	0.0	0.0	1.92440616227	0.649855520335	-0.496084456077	2.16815714147	0.92031937667	-0.984664188244	236
18	0.5	0.25	0.0	1.5543148136	0.564936255258	-0.536053759013	1.75999249526	0.899624824992	-1.02868338973	237
18	0.5	0.5	0.0	1.14101188579	0.502406802205	-0.567457805301	1.323493142	0.886507925426	-1.06085543502	238
18	0.5	0.75	0.0	0.716343830872	0.466792029431	-0.592489279923	0.883741955875	0.883645245846	-1.08166136822	239
18	0.5	1.0	0.0	0.312157100881	0.462616805188	-0.613340867864	0.465821811042	0.893713354128	-1.09158223348	240
18	0.75	0.0	0.0	1.89085932213	0.764602501656	-0.785325617706	2.13913139663	0.931572184719	-1.36151167592	241
18	0.75	0.25	0.0	1.50511102745	0.663713754868	-0.831430177262	1.71192380658	0.90667110997	-1.41155135311	242
18	0.75	0.5	0.0	1.07112663269	0.615265099637	-0.850620603394	1.25578310284	0.915433503135	-1.43534391122	243
18	0.75	0.75	0.0	0.630114535156	0.605435582694	-0.85717199442	0.800536670358	0.939874913151	-1.44428199431	244
18	0.75	1.0	0.0	0.223283132154	0.620404250774	-0.865359448658	0.376011894073	0.962010888954	-1.44975824642	245
18	1.0	0.0	0.0	1.861719235	0.824664398	-1.023674177	2.12758210509	0.897328129528	-1.67372608157	246
18	1.0	0.25	0.0	1.47150841631	0.716707367595	-1.07987132297	1.69039380342	0.874090892598	-1.73127160191	247
18	1.0	0.5	0.0	1.02807064136	0.674121931727	-1.09826376456	1.21764001449	0.893675914748	-1.7560729182	248
18	1.0	0.75	0.0	0.575975831477	0.675637764246	-1.09790750862	0.746050947014	0.929936993093	-1.76316756276	249
18	1.0	1.0	0.0	0.159793908	0.699984539	-1.097858562	0.312356809737	0.956727924749	-1.76759306789	250
19	0.0	0.0	0.0	3.551239516	1.030301459	-0.282864139	3.94771473147	0.976005088862	-0.987721173377	251
19	0.0	0.25	0.0	3.10329733506	1.05087025672	-0.503506711824	3.50884066878	1.02756856652	-1.1881215701	252
19	0.0	0.5	0.0	2.6693933272	1.0278847212	-0.71697694283	3.04794308976	1.01277416707	-1.38496426333	253
19	0.0	0.75	0.0	2.25403234348	0.954698289328	-0.898593281421	2.581898175	0.959925988692	-1.55468663864	254
19	0.0	1.0	0.0	1.861719235	0.824664398	-1.023674177	2.12758210509	0.897328129528	-1.67372608157	255
19	0.25	0.0	0.0	3.53889716591	0.97630148966	-0.3808256576	3.94044199578	0.866222032698	-1.11642042028	256
19	0.25	0.25	0.0	3.08616799779	1.02258264876	-0.624525747681	3.49794062853	0.931028810151	-1.34930601798	257
19	0.25	0.5	0.0	2.64708564206	1.01320980528	-0.866062085965	3.0349598439	0.927520657319	-1.58371086661	258
19	0.25	0.75	0.0	2.22497268858	0.947639705284	-1.07660318659	2.56634436954	0.8843259882	-1.78901999025	259
19	0.25	1.0	0.0	1.82315172721	0.825329094829	-1.22731756368	2.10693893306	0.830073216793	-1.93461841299	260
19	0.5	0.0	0.0	3.51554318571	0.852731602136	-0.450741657195	3.93749204103	0.689114471387	-1.2444961663	261
19	0.5	0.25	0.0	3.05916710278	0.911030240389	-0.746553922036	3.48461600613	0.758368345357	-1.52464987348	262
19	0.5	0.5	0.0	2.61859101498	0.924501627913	-1.03674856543	3.01491067947	0.779040898994	-1.81081668803	263
19	0.5	0.75	0.0	2.18874759217	0.885880387958	-1.2915953555	2.53745519032	0.764110102156	-2.06634952354	264
19	0.5	1.0	0.0	1.76456950422	0.787901143774	-1.48136406034	2.06132866796	0.726553924702	-2.25460129358	265
19	0.75	0.0	0.0	3.4880801719	0.704471942544	-0.490781648943	3.93782632032	0.493970865614	-1.35202019786	266
19	0.75	0.25	0.0	3.03059040674	0.764271359449	-0.841918045729	3.47607410107	0.561031080852	-1.67891893235	267
19	0.75	0.5	0.0	2.59122378583	0.795412729352	-1.18496371084	2.99937837087	0.602253818012	-2.01680368838	268
19	0.75	0.75	0.0	2.15572970814	0.782136098798	-1.4878020531	2.51170992986	0.613109781287	-2.32323357464	269
19	0.75	1.0	0.0	1.70985757261	0.708681514332	-1.71831648134	2.01703957815	0.589069674863	-2.55576769979	270
19	1.0	0.0	0.0	3.463410721	0.576402657	-0.499115144	3.94040628673	0.330079676062	-1.4190643014	271
19	1.0	0.25	0.0	3.00873366637	0.630364333777	-0.8829449296	3.47952221282	0.390460925351	-1.77687899034	272
19	1.0	0.5	0.0	2.57229829446	0.659595649855	-1.26663485179	2.99994569255	0.432078340289	-2.15219382844	273
19	1.0	0.75	0.0	2.13629169033	0.649122599255	-1.60945554433	2.50558788069	0.44515647632	-2.49623047969	274
19	1.0	1.0	0.0	1.682900939	0.583971176	-1.870677641	2.000359932	0.419919888887	-2.76021060808	275
20	0.0	0.0	0.0	1.861719235	0.824664398	-1.023674177	2.12758210509	0.897328129528	-1.67372608157	276
20	0.0	0.25	0.0	1.47150841631	0.716707367595	-1.07987132297	1.69039380342	0.874090892598	-1.73127160191	277
20	0.0	0.5	0.0	1.02807064136	0.674121931727	-1.09826376456	1.21764001449	0.893675914748	-1.7560729182	278
20	0.0	0.75	0.0	0.575975831477	0.675637764246	-1.09790750862	0.746050947014	0.929936993093	-1.76316756276	279
20	0.0	1.0	0.0	0.159793908	0.699984539	-1.097858562	0.312356809737	0.956727924749	-1.76759306789	280
20	0.25	0.0	0.0	1.82315172721	0.825329094829	-1.22731756368	2.10693893306	0.830073216793	-1.93461841299	281
20	0.25	0.25	0.0	1.4285086746	0.72106083267	-1.30631408295	1.6642396709	0.806392920296	-2.0159512501	282
20	0.25	0.5	0.0	0.978537879633	0.672107333406	-1.35040608926	1.17739411601	0.814014127452	-2.07290730665	283
20	0.25	0.75	0.0	0.517396691733	0.662484619948	-1.36861903372	0.689397431972	0.833978581355	-2.10780541774	284
20	0.25	1.0	0.0	0.089242460336	0.676208715208	-1.36997836746	0.243244782335	0.847328025101	-2.1229644185	285
20	0.5	0.0	0.0	1.76456950422	0.787901143774	-1.48136406034	2.06132866796	0.726553924702	-2.25460129358	286
20	0.5	0.25	0.0	1.35619035943	0.69125945103	-1.58728876854	1.61064651682	0.698501623678	-2.36559879526	287
20	0.5	0.5	0.0	0.894961596761	0.627809473335	-1.654150947	1.11108059113	0.685897979808	-2.45148483173	288
20	0.5	0.75	0.0	0.425493115885	0.592373308502	-1.68493752499	0.608593262984	0.678647809061	-2.50762551882	289
20	0.5	1.0	0.0	-0.007605183512	0.579773054346	-1.68263543176	0.149146904451	0.666655927404	-2.52938697238	290
20	0.75	0.0	0.0	1.70985757261	0.708681514332	-1.71831648134	2.01703957815	0.589069674863	-2.55576769979	291
20	0.75	0.25	0.0	1.28824946209	0.619621035384	-1.85077328734	1.55932793486	0.553791015623	-2.69565135834	292
20	0.75	0.5	0.0	0.817932988783	0.540598154271	-1.93974559406	1.05123729589	0.519026452107	-2.80662806009	293
20	0.75	0.75	0.0	0.343740290022	0.477016035807	-1.98267515406	0.538794292897	0.482619183288	-2.87985475767	294
20	0.75	1.0	0.0	-0.089496496854	0.434277844811	-1.97700371993	0.0680255575462	0.442412408138	-2.9064884037	295
20	1.0	0.0	0.0	1.682900939	0.583971176	-1.870677641	2.000359932	0.419919888887	-2.76021060808	296
20	1.0	0.25	0.0	1.25838197388	0.498463398444	-2.02474554695	1.53999751871	0.37563510901	-2.92154606025	297
20	1.0	0.5	0.0	0.788043251743	0.409843178971	-2.13743728669	1.03040208633	0.323098524638	-3.05315955838	298
20	1.0	0.75	0.0	0.315613400231	0.328125007763	-2.19764409258	0.515156374553	0.264567211114	-3.141720026	299
20	1.0	1.0	0.0	-0.115178953	0.263323375	-2.194257197	0.0378431230805	0.202298243782	-3.17389638663	300
25	0.0	0.0	0.0	3.463410721	0.576402657	-0.499115144	3.94040628673	0.330079676062	-1.4190643014	301
25	0.0	0.25	0.0	3.00873366637	0.630364333777	-0.8829449296	3.47952221282	0.390460925351	-1.77687899034	302
25	0.0	0.5	0.0	2.57229829446	0.659595649855	-1.26663485179	2.99994569255	0.432078340289	-2.15219382844	303
25	0.0	0.75	0.0	2.13629169033	0.649122599255	-1.60945554433	2.50558788069	0.44515647632	-2.49623047969	304
25	0.0	1.0	0.0	1.682900939	0.583971176	-1.870677641	2.000359932	0.419919888887	-2.76021060808	305
25	0.25	0.0	0.0	3.4476915093	0.27747335481	-0.453846500984	3.97875160616	-0.0540816674424	-1.45847353776	306
25	0.25	0.25	0.0	2.99418653167	0.283036047898	-0.836274620834	3.52899171837	-0.0551639770893	-1.83694265413	307
25	0.25	0.5	0.0	2.5528815752	0.25319705935	-1.24624048324	3.04969123754	-0.0834115152845	-2.2418280866	308
25	0.25	0.75	0.0	2.11525384337	0.18871299052	-1.62762152184	2.55279082341	-0.137196197141	-2.61967086611	309
25	0.25	1.0	0.0	1.67278053966	0.0903404427624	-1.92429517029	2.05023113571	-0.214889937774	-2.9170120236	310
25	0.5	0.0	0.0	3.48357524596	-0.0702798287031	-0.362138038414	4.05487359291	-0.500071554188	-1.39452204501	311
25	0.5	0.25	0.0	3.01684507438	-0.142793579412	-0.69482987857	3.60312628746	-0.607708916063	-1.75300042482	312
25	0.5	0.5	0.0	2.55559925717	-0.240746482224	-1.05819038859	3.12247051668	-0.730537928886	-2.12657598367	313
25	0.5	0.75	0.0	2.10538974342	-0.365188399096	-1.40866181389	2.63025582133	-0.867060677748	-2.47818948735	314
25	0.5	1.0	0.0	1.67176848219	-0.517169191981	-1.70268639987	2.14383174219	-1.01577924774	-2.77078170168	315
25	0.75	0.0	0.0	3.53972923063	-0.409063939614	-0.229701892888	4.13535291807	-0.928153281279	-1.25248243387	316
25	0.75	0.25	0.0	3.05821209755	-0.565163516878	-0.497483670594	3.67931522556	-1.14736268755	-1.57057542942	317
25	0.75	0.5	0.0	2.5777899128	-0.729310301502	-0.784507983351	3.19862573859	-1.36492379113	-1.88490152041	318
25	0.75	0.75	0.0	2.11412884059	-0.910965135274	-1.0701114211	2.71353862992	-1.58284706298	-2.17961271967	319
25	0.75	1.0	0.0	1.68289504512	-1.11958885998	-1.33363057377	2.24430807234	-1.80314297408	-2.43886103998	320
25	1.0	0.0	0.0	3.584820763	-0.681086024	-0.062250201	4.18677025269	-1.25859014582	-1.05762731503	321
25	1.0	0.25	0.0	3.09979040421	-0.902112733228	-0.283108964695	3.73494783812	-1.55431408754	-1.33519079491	322
25	1.0	0.5	0.0	2.61679211449	-1.11956972512	-0.507216683028	3.25849911188	-1.84219199261	-1.59526869763	323
25	1.0	0.75	0.0	2.14890058502	-1.3470007837	-0.729505344097	2.77819500465	-2.12296545031	-1.83176693932	324
25	1.0	1.0	0.0	1.709190507	-1.597949693	-0.944906936	2.31480644708	-2.39737604987	-2.03859143613	325
26	0.0	0.0	0.0	1.682900939	0.583971176	-1.870677641	2.000359932	0.419919888887	-2.76021060808	326
26	0.0	0.25	0.0	1.25838197388	0.498463398444	-2.02474554695	1.53999751871	0.37563510901	-2.92154606025	327
26	0.0	0.5	0.0	0.788043251743	0.409843178971	-2.13743728669	1.03040208633	0.323098524638	-3.05315955838	328
26	0.0	0.75	0.0	0.315613400231	0.328125007763	-2.19764409258	0.515156374553	0.264567211114	-3.141720026	329
26	0.0	1.0	0.0	-0.115178953	0.263323375	-2.194257197	0.0378431230805	0.202298243782	-3.17389638663	330
26	0.25	0.0	0.0	1.67278053966	0.0903404427624	-1.92429517029	2.05023113571	-0.214889937774	-2.9170120236	331
26	0.25	0.25	0.0	1.26949880478	-0.0209894986932	-2.11879490663	1.59864625101	-0.304145564281	-3.11352489473	332
26	0.25	0.5	0.0	0.827840941249	-0.148491334168	-2.2876544508	1.10285441921	-0.412167186966	-3.2864347488	333
26	0.25	0.75	0.0	0.381224071834	-0.272857222736	-2.39916380264	0.598178121007	-0.525245625374	-3.40998047801	334
26	0.25	1.0	0.0	-0.0369346807073	-0.374779323473	-2.421612962	0.11993983711	-0.629671699052	-3.45840097455	335
26	0.5	0.0	0.0	1.67176848219	-0.517169191981	-1.70268639987	2.14383174219	-1.01577924774	-2.77078170168	336
26	0.5	0.25	0.0	1.29507087	-0.690384216041	-1.92429769089	1.70971503283	-1.17711793601	-2.98844006335	337
26	0.5	0.5	0.0	0.894018602892	-0.895785227924	-2.13348987763	1.23582328217	-1.37080575596	-3.190883536	338
26	0.5	0.75	0.0	0.485320332466	-1.09029670184	-2.28781165264	0.750113964871	-1.56015098508	-3.34134467078	339
26	0.5	1.0	0.0	0.0856847103306	-1.23084311199	-2.34481170846	0.280544555605	-1.70846190085	-3.40305601883	340
26	0.75	0.0	0.0	1.68289504512	-1.11958885998	-1.33363057377	2.24430807234	-1.80314297408	-2.43886103998	341
26	0.75	0.25	0.0	1.32613340833	-1.36045784313	-1.56356957479	1.82796120024	-2.03844211536	-2.65512702446	342
26	0.75	0.5	0.0	0.962858479683	-1.64690074914	-1.79547603859	1.37735763384	-2.31808798651	-2.86594818836	343
26	0.75	0.75	0.0	0.591525060964	-1.91182193534	-1.97949031184	0.912411314644	-2.5820098085	-3.02670794197	344
26	0.75	1.0	0.0	0.210587953953	-2.08812575901	-2.06575274118	0.45303618416	-2.77013680226	-3.09278969556	345
26	1.0	0.0	0.0	1.709190507	-1.597949693	-0.944906936	2.31480644708	-2.39737604987	-2.03859143613	346
26	1.0	0.25	0.0	1.35372165853	-1.88194746948	-1.15892623338	1.90814208933	-2.68327821151	-2.22242123644	347
26	1.0	0.5	0.0	1.01064281463	-2.21670014468	-1.39414540508	1.47550643286	-3.01928468277	-2.41107097429	348
26	1.0	0.75	0.0	0.663461136164	-2.52506142904	-1.59010244948	1.02651757883	-3.33268303609	-2.55696562923	349
26	1.0	1.0	0.0	0.295683784	-2.729885033	-1.686335365	0.570793628374	-3.55076084393	-2.6125301808	350
27	0.0	0.0	0.0	3.584820763	-0.681086024	-0.062250201	4.18677025269	-1.25859014582	-1.05762731503	351
27	0.0	0.25	0.0	3.09979040421	-0.902112733228	-0.283108964695	3.73494783812	-1.55431408754	-1.33519079491	352
27	0.0	0.5	0.0	2.61679211449	-1.11956972512	-0.507216683028	3.25849911188	-1.84219199261	-1.59526869763	353
27	0.0	0.75	0.0	2.14890058502	-1.3470007837	-0.729505344097	2.77819500465	-2.12296545031	-1.83176693932	354
27	0.0	1.0	0.0	1.709190507	-1.597949693	-0.944906936	2.31480644708	-2.39737604987	-2.03859143613	355
27	0.25	0.0	0.0	3.63324829749	-0.919407542069	0.120363347357	4.21967944861	-1.51460192362	-0.803319107422	356
27	0.25	0.25	0.0	3.17350691391	-1.18252602305	-0.0636552023507	3.78834902287	-1.84589173139	-1.02860128806	357
27	0.25	0.5	0.0	2.70776946469	-1.44168828319	-0.244502268024	3.32460562385	-2.17391455752	-1.23579759109	358
27	0.25	0.75	0.0	2.24728928505	-1.70287633557	-0.418597676457	2.85138715388	-2.49223733831	-1.41805030779	359
27	0.25	1.0	0.0	1.80331971022	-1.9720721933	-0.582361254444	2.39163151531	-2.79442701004	-1.56850172946	360
27	0.5	0.0	0.0	3.71135441262	-1.18697632369	0.325783447966	4.26227702665	-1.77173478627	-0.466769338786	361
27	0.5	0.25	0.0	3.29962106041	-1.48878325084	0.196552962553	3.86203409844	-2.12948213294	-0.609765097148	362
27	0.5	0.5	0.0	2.85950937556	-1.79170346668	0.0715815546298	3.4180132379	-2.49037489848	-0.73767497585	363
27	0.5	0.75	0.0	2.41127238491	-2.08671168463	-0.0455640152462	2.95835401438	-2.8378843355	-0.846734103212	364
27	0.5	1.0	0.0	1.97516311533	-2.36478261809	-0.151316986519	2.51119599718	-3.15548169664	-0.933177607557	365
27	0.75	0.0	0.0	3.79841961069	-1.41580421322	0.543631015842	4.3011498287	-1.96477282302	-0.102409136796	366
27	0.75	0.25	0.0	3.43200888294	-1.74615037483	0.472307327759	3.92928569711	-2.3379822628	-0.15745587576	367
27	0.75	0.5	0.0	3.01454745899	-2.0780220934	0.408097713089	3.50274009009	-2.71466946427	-0.199607087822	368
27	0.75	0.75	0.0	2.57714645292	-2.39357630629	0.351270184626	3.05539368211	-3.072706506	-0.230673106431	369
27	0.75	1.0	0.0	2.15091697878	-2.67496995084	0.302092755165	2.62112714763	-3.38996546658	-0.252464265033	370
27	1.0	0.0	0.0	3.873724394	-1.537903055	0.763526966	4.32288469666	-2.02850012311	0.235330370871	371
27	1.0	0.25	0.0	3.52454642069	-1.87989335327	0.738399691013	3.96338645117	-2.40428909159	0.249552722519	372
27	1.0	0.5	0.0	3.11541932687	-2.20905098114	0.732109135509	3.54280431646	-2.76989470371	0.279699837081	373
27	1.0	0.75	0.0	2.68120805737	-2.51853967594	0.733579468251	3.09880425308	-3.10950391395	0.317277901698	374
27	1.0	1.0	0.0	2.256777557	-2.801523175	0.731734858	2.66905222156	-3.40730367678	0.35379310351	375
28	0.0	0.0	0.0	1.709190507	-1.597949693	-0.944906936	2.31480644708	-2.39737604987	-2.03859143613	376
28	0.0	0.25	0.0	1.35372165853	-1.88194746948	-1.15892623338	1.90814208933	-2.68327821151	-2.22242123644	377
28	0.0	0.5	0.0	1.01064281463	-2.21670014468	-1.39414540508	1.47550643286	-3.01928468277	-2.41107097429	378
28	0.0	0.75	0.0	0.663461136164	-2.52506142904	-1.59010244948	1.02651757883	-3.33268303609	-2.55696562923	379
28	0.0	1.0	0.0	0.295683784	-2.729885033	-1.686335365	0.570793628374	-3.55076084393	-2.6125301808	380
28	0.25	0.0	0.0	1.80331971022	-1.9720721933	-0.582361254444	2.39163151531	-2.79442701004	-1.56850172946	381
28	0.25	0.25	0.0	1.43635560305	-2.26586760752	-0.753094974887	1.98369901426	-3.09972844805	-1.7000017028	382
28	0.25	0.5	0.0	1.08572485004	-2.6083508576	-0.950262839435	1.55060123705	-3.45025392732	-1.83668371264	383
28	0.25	0.75	0.0	0.733742195426	-2.9189041891	-1.11422795059	1.0998869728	-3.77156928672	-1.93846527804	384
28	0.25	1.0	0.0	0.36272238345	-3.11690984759	-1.18535341086	0.639105010674	-3.98924036508	-1.96526391808	385
28	0.5	0.0	0.0	1.97516311533	-2.36478261809	-0.151316986519	2.51119599718	-3.15548169664	-0.933177607557	386
28	0.5	0.25	0.0	1.5953106427	-2.65606234887	-0.257215092604	2.09712568344	-3.46603664261	-1.0027714455	387
28	0.5	0.5	0.0	1.21872252465	-2.98935244336	-0.373882465126	1.64801627028	-3.80964471127	-1.06687601399	388
28	0.5	0.75	0.0	0.839324390622	-3.27758519279	-0.462004367072	1.18050143431	-4.11325865739	-1.10320296312	389
28	0.5	1.0	0.0	0.451041870087	-3.43369288837	-0.482266061427	0.711214852107	-4.30383123572	-1.08946394299	390
28	0.75	0.0	0.0	2.15091697878	-2.67496995084	0.302092755165	2.62112714763	-3.38996546658	-0.252464265033	391
28	0.75	0.25	0.0	1.75748046224	-2.95850166144	0.263961483737	2.20007941227	-3.69289338463	-0.259038428649	392
28	0.75	0.5	0.0	1.34873033903	-3.27019193453	0.238518514039	1.7320146539	-4.01624245312	-0.247470416141	393
28	0.75	0.75	0.0	0.934970322736	-3.52370932457	0.236219723293	1.24519350882	-4.29164796392	-0.216958202544	394
28	0.75	1.0	0.0	0.52650412693	-3.63272238598	0.267520988719	0.767876613314	-4.45074520894	-0.166699762894	395
28	1.0	0.0	0.0	2.256777557	-2.801523175	0.731734858	2.66905222156	-3.40730367678	0.35379310351	396
28	1.0	0.25	0.0	1.84975874642	-3.07915551312	0.745682824408	2.24421751615	-3.69098926357	0.402889383646	397
28	1.0	0.5	0.0	1.41484279378	-3.36135636369	0.790462894251	1.76685950922	-3.98883257135	0.475710543094	398
28	1.0	0.75	0.0	0.975442592751	-3.57988146891	0.850095742718	1.2707957418	-4.24063402211	0.554489485584	399
28	1.0	1.0	0.0	0.554971037	-3.666486571	0.908602045	0.789843754939	-4.38619403783	0.621459114848	400
33	0.0	0.0	0.0	3.873724394	-1.537903055	0.763526966	4.32288469666	-2.02850012311	0.235330370871	401
33	0.0	0.25	0.0	3.52454642069	-1.87989335327	0.738399691013	3.96338645117	-2.40428909159	0.249552722519	402
33	0.0	0.5	0.0	3.11541932687	-2.20905098114	0.732109135509	3.54280431646	-2.76989470371	0.279699837081	403
33	0.0	0.75	0.0	2.68120805737	-2.51853967594	0.733579468251	3.09880425308	-3.10950391395	0.317277901698	404
33	0.0	1.0	0.0	2.256777557	-2.801523175	0.731734858	2.66905222156	-3.40730367678	0.35379310351	405
33	0.25	0.0	0.0	3.91255952611	-1.5239374808	1.00512891014	4.31586928548	-1.94291770138	0.554087527506	406
33	0.25	0.25	0.0	3.55942230729	-1.8380763634	1.01878145121	3.95254111708	-2.28546942144	0.618461382519	407
33	0.25	0.5	0.0	3.14604385533	-2.12783074941	1.05249670979	3.52693357178	-2.60413032091	0.696912561548	408
33	0.25	0.75	0.0	2.70763258117	-2.40052033366	1.09307650357	3.07817326444	-2.89443072871	0.779880044141	409
33	0.25	1.0	0.0	2.27939689572	-2.66346481097	1.12732265026	2.6453868099	-3.15190097374	0.85780280985	410
33	0.5	0.0	0.0	3.92285689035	-1.4207758534	1.29270901623	4.28766226003	-1.7570352455	0.908117765982	411
33	0.5	0.25	0.0	3.56688374006	-1.66993779352	1.34930630786	3.91605784568	-2.02911263896	1.02065555659	412
33	0.5	0.5	0.0	3.14643068957	-1.89632161869	1.40747890683	3.48244434802	-2.27228478334	1.13339517873	413
33	0.5	0.75	0.0	2.7017414252	-2.11037511256	1.46888631988	3.02767234376	-2.49124586214	1.24386132679	414
33	0.5	1.0	0.0	2.27305963324	-2.32254605879	1.53518805372	2.59259240959	-2.69069005888	1.34957869512	415
33	0.75	0.0	0.0	3.91463953116	-1.26130934005	1.55943729445	4.25107310783	-1.51575542854	1.22365730097	416
33	0.75	0.25	0.0	3.55667307229	-1.43858045592	1.65197021795	3.87137116898	-1.71103517891	1.37315726442	417
33	0.75	0.5	0.0	3.12875627812	-1.59406265457	1.72858883193	3.42958651857	-1.87110143101	1.50861183522	418
33	0.75	0.75	0.0	2.67870806934	-1.74071642843	1.80527283589	2.96990015337	-2.01102973007	1.63557299567	419
33	0.75	1.0	0.0	2.25434736664	-1.89150226996	1.89800192932	2.53649307013	-2.14589562135	1.7595927281	420
33	1.0	0.0	0.0	3.897930493	-1.078429108	1.738483755	4.21891131639	-1.26398092356	1.42694234713	421
33	1.0	0.25	0.0	3.5385326573	-1.20710716287	1.84876913849	3.83591561899	-1.40705347604	1.59298852567	422
33	1.0	0.5	0.0	3.10519706951	-1.30059292261	1.94735959039	3.38860995682	-1.49732360391	1.74202667757	423
33	1.0	0.75	0.0	2.65370599348	-1.38415669705	2.04649997034	2.9274553556	-1.5648627483	1.88136629685	424
33	1.0	1.0	0.0	2.239841693	-1.483068796	2.158435138	2.50291284105	-1.63974235031	2.01831687754	425
34	0.0	0.0	0.0	2.256777557	-2.801523175	0.731734858	2.66905222156	-3.40730367678	0.35379310351	426
34	0.0	0.25	0.0	1.84975874642	-3.07915551312	0.745682824408	2.24421751615	-3.69098926357	0.402889383646	427
34	0.0	0.5	0.0	1.41484279378	-3.36135636369	0.790462894251	1.76685950922	-3.98883257135	0.475710543094	428
34	0.0	0.75	0.0	0.975442592751	-3.57988146891	0.850095742718	1.2707957418	-4.24063402211	0.554489485584	429
34	0.0	1.0	0.0	0.554971037	-3.666486571	0.908602045	0.789843754939	-4.38619403783	0.621459114848	430
34	0.25	0.0	0.0	2.27939689572	-2.66346481097	1.12732265026	2.6453868099	-3.15190097374	0.85780280985	431
34	0.25	0.25	0.0	1.86011831173	-2.9224590943	1.18482002685	2.21638550246	-3.40074964704	0.95136045666	432
34	0.25	0.5	0.0	1.41347275203	-3.17150017593	1.28213077774	1.74260647415	-3.6591025244	1.071789913	433
34	0.25	0.75	0.0	0.969083660776	-3.36454668995	1.38850528472	1.25507534449	-3.88088559533	1.1900527358	434
34	0.25	1.0	0.0	0.556574482102	-3.45555727044	1.4731939296	0.784817732987	-4.02002484934	1.27711048198	435
34	0.5	0.0	0.0	2.27305963324	-2.32254605879	1.53518805372	2.59259240959	-2.69069005888	1.34957869512	436
34	0.5	0.25	0.0	1.84493366105	-2.54006386749	1.63889017799	2.15661031484	-2.88866624084	1.47803738111	437
34	0.5	0.5	0.0	1.396414696	-2.74995468235	1.78358575672	1.69034434389	-3.08811247448	1.63499710848	438
34	0.5	0.75	0.0	0.959433320113	-2.9204812418	1.93662969118	1.21996571843	-3.26152096054	1.79013792032	439
34	0.5	1.0	0.0	0.565920115411	-3.01990628426	2.06537688267	0.771645660167	-3.38138389975	1.9131398597	440
34	0.75	0.0	0.0	2.25434736664	-1.89150226996	1.89800192932	2.53649307013	-2.14589562135	1.7595927281	441
34	0.75	0.25	0.0	1.82564076035	-2.05766586388	2.03750152229	2.09662980224	-2.28626061181	1.91203142767	442
34	0.75	0.5	0.0	1.38197592437	-2.22175571701	2.21358199306	1.63620463802	-2.41971968101	2.09120508235	443
34	0.75	0.75	0.0	0.953778922367	-2.36538318631	2.39807796998	1.17881299619	-2.5376065348	2.27015606973	444
34	0.75	1.0	0.0	0.571475818015	-2.4701596287	2.5628240814	0.748050295447	-2.63125487907	2.4219267674	445
34	1.0	0.0	0.0	2.239841693	-1.483068796	2.158435138	2.50291284105	-1.63974235031	2.01831687754	446
34	1.0	0.25	0.0	1.82367557555	-1.60096111467	2.31026230419	2.06818181359	-1.72505432681	2.18245386703	447
34	1.0	0.5	0.0	1.3884637358	-1.71193911396	2.49087364863	1.60631887613	-1.79778140338	2.36628678739	448
34	1.0	0.75	0.0	0.959407819142	-1.81695058528	2.67645912901	1.14496331032	-1.86420873517	2.54551821457	449
34	1.0	1.0	0.0	0.561709471	-1.91694332	2.843208703	0.711754397797	-1.93062147734	2.69585072449	450
35	0.0	0.0	0.0	3.897930493	-1.078429108	1.738483755	4.21891131639	-1.26398092356	1.42694234713	451
35	0.0	0.25	0.0	3.5385326573	-1.20710716287	1.84876913849	3.83591561899	-1.40705347604	1.59298852567	452
35	0.0	0.5	0.0	3.10519706951	-1.30059292261	1.94735959039	3.38860995682	-1.49732360391	1.74202667757	453
35	0.0	0.75	0.0	2.65370599348	-1.38415669705	2.04649997034	2.9274553556	-1.5648627483	1.88136629685	454
35	0.0	1.0	0.0	2.239841693	-1.483068796	2.158435138	2.50291284105	-1.63974235031	2.01831687754	455
35	0.25	0.0	0.0	3.87226297282	-0.933446114059	1.78016063149	4.19346917382	-1.07091884882	1.47901897333	456
35	0.25	0.25	0.0	3.51526525915	-1.04118750428	1.900218885	3.8172522776	-1.18700882581	1.65140308639	457
35	0.25	0.5	0.0	3.09206299892	-1.10661225214	2.01704403085	3.37873966932	-1.24926911742	1.80899939447	458
35	0.25	0.75	0.0	2.65385672039	-1.15992407297	2.13305449516	2.92707931458	-1.28841646446	1.95551803665	459
35	0.25	1.0	0.0	2.25184695183	-1.2313266821	2.25066870408	2.51141917896	-1.33516760777	2.094669152	460
35	0.5	0.0	0.0	3.82775495937	-0.751336424176	1.773174552	4.15630636254	-0.823547739681	1.48894841983	461
35	0.5	0.25	0.0	3.47621656195	-0.829901041846	1.91159251039	3.7936497136	-0.898005522173	1.67237789005	462
35	0.5	0.5	0.0	3.0757403765	-0.865019524805	2.04954171439	3.37585033432	-0.929889729355	1.84251775501	463
35	0.5	0.75	0.0	2.66386773315	-0.886547043759	2.18040719003	2.94382790686	-0.943272695244	1.99652429273	464
35	0.5	1.0	0.0	2.27813996204	-0.924338769411	2.29757396331	2.53850211339	-0.962226753853	2.13155378123	465
35	0.75	0.0	0.0	3.78075173698	-0.573627202455	1.72720644401	4.11893917866	-0.574388627989	1.46271834166	466
35	0.75	0.25	0.0	3.43375852099	-0.624698099931	1.88010860269	3.76875713194	-0.607764607255	1.65195081095	467
35	0.75	0.5	0.0	3.05213955433	-0.632341381554	2.02995464309	3.37113534408	-0.608323609244	1.82802357738	468
35	0.75	0.75	0.0	2.66280915587	-0.626072385206	2.16443597886	2.95859579812	-0.595530399884	1.98254707466	469
35	0.75	1.0	0.0	2.29268164448	-0.635406448772	2.27124402363	2.56366047708	-0.588849745106	2.10713173649	470
35	1.0	0.0	0.0	3.74759859	-0.441845613	1.651937235	4.0928839183	-0.375962545575	1.40631639385	471
35	1.0	0.25	0.0	3.40026309157	-0.477029002896	1.80298574998	3.74622373758	-0.384007123203	1.58615972338	472
35	1.0	0.5	0.0	3.01717088449	-0.465104463325	1.94338481902	3.35578809089	-0.353708926594	1.75095867975	473
35	1.0	0.75	0.0	2.62975111266	-0.440546873091	2.06101878555	2.95227765402	-0.311288537603	1.89174839198	474
35	1.0	1.0	0.0	2.26943292	-0.437831111	2.143771993	2.56639310278	-0.282966538085	1.99956398909	475
36	0.0	0.0	0.0	2.239841693	-1.483068796	2.158435138	2.50291284105	-1.63974235031	2.01831687754	476
36	0.0	0.25	0.0	1.82367557555	-1.60096111467	2.31026230419	2.06818181359	-1.72505432681	2.18245386703	477
36	0.0	0.5	0.0	1.3884637358	-1.71193911396	2.49087364863	1.60631887613	-1.79778140338	2.36628678739	478
36	0.0	0.75	0.0	0.959407819142	-1.81695058528	2.67645912901	1.14496331032	-1.86420873517	2.54551821457	479
36	0.0	1.0	0.0	0.561709471	-1.91694332	2.843208703	0.711754397797	-1.93062147734	2.69585072449	480
36	0.25	0.0	0.0	2.25184695183	-1.2313266821	2.25066870408	2.51141917896	-1.33516760777	2.094669152	481
36	0.25	0.25	0.0	1.83601964893	-1.32449345338	2.38755275185	2.0745917553	-1.39295283286	2.24978751836	482
36	0.25	0.5	0.0	1.39486331136	-1.41511673028	2.53466215315	1.60517772662	-1.44210680024	2.41093970172	483
36	0.25	0.75	0.0	0.95345680845	-1.50765295045	2.68061820283	1.13334441983	-1.4890382028	2.56176751842	484
36	0.25	1.0	0.0	0.536879009533	-1.60655855155	2.81404219573	0.689259161838	-1.54015573341	2.68591278478	485
36	0.5	0.0	0.0	2.27813996204	-0.924338769411	2.29757396331	2.53850211339	-0.962226753853	2.13155378123	486
36	0.5	0.25	0.0	1.85044459434	-0.991578765684	2.40291447537	2.08936797496	-0.99211947622	2.26245910341	487
36	0.5	0.5	0.0	1.39155224662	-1.07243838474	2.48675161293	1.60788403426	-1.02095098596	2.3783485124	488
36	0.5	0.75	0.0	0.930930431683	-1.16490145807	2.56059954921	1.12418755203	-1.05095192533	2.47829814823	489
36	0.5	1.0	0.0	0.498046662295	-1.26695181719	2.63597245743	0.668415788978	-1.08435293659	2.56138415098	490
36	0.75	0.0	0.0	2.29268164448	-0.635406448772	2.27124402363	2.56366047708	-0.588849745106	2.10713173649	491
36	0.75	0.25	0.0	1.85571638247	-0.682576382916	2.34048853905	2.10257886805	-0.594165875907	2.20984679697	492
36	0.75	0.5	0.0	1.38225218298	-0.757934833996	2.36289475334	1.60945972534	-0.605017164235	2.28017277618	493
36	0.75	0.75	0.0	0.906987783404	-0.852035464766	2.36745075253	1.11493782998	-0.620506087478	2.33055456415	494
36	0.75	1.0	0.0	0.464621921159	-0.955431937982	2.38314462267	0.649647962962	-0.639735123025	2.37343705088	495
36	1.0	0.0	0.0	2.26943292	-0.437831111	2.143771993	2.56639310278	-0.282966538085	1.99956398909	496
36	1.0	0.25	0.0	1.84060098401	-0.477845636422	2.18441600722	2.10429283007	-0.270703650924	2.08132877378	497
36	1.0	0.5	0.0	1.37068476179	-0.54563683473	2.17884429976	1.60492672615	-0.265008538785	2.12807204984	498
36	1.0	0.75	0.0	0.896787958178	-0.632394327174	2.15221939716	1.10304037674	-0.268256873986	2.15398122632	499
36	1.0	1.0	0.0	0.456014278	-0.729307735	2.129703826	0.633379367534	-0.282824328843	2.17324371228	500
41	0.0	0.0	0.0	3.74759859	-0.441845613	1.651937235	4.0928839183	-0.375962545575	1.40631639385	501
41	0.0	0.25	0.0	3.40026309157	-0.477029002896	1.80298574998	3.74622373758	-0.384007123203	1.58615972338	502
41	0.0	0.5	0.0	3.01717088449	-0.465104463325	1.94338481902	3.35578809089	-0.353708926594	1.75095867975	503
41	0.0	0.75	0.0	2.62975111266	-0.440546873091	2.06101878555	2.95227765402	-0.311288537603	1.89174839198	504
41	0.0	1.0	0.0	2.26943292	-0.437831111	2.143771993	2.56639310278	-0.282966538085	1.99956398909	505
41	0.25	0.0	0.0	3.74489692185	-0.332702848382	1.51817665556	4.08872890291	-0.20441058668	1.27949747148	506
41	0.25	0.25	0.0	3.37910243344	-0.379709197725	1.64700192208	3.72538258348	-0.205333726079	1.43658011096	507
41	0.25	0.5	0.0	2.9862213504	-0.382362264664	1.76291832651	3.32799047557	-0.173999353125	1.57468985388	508
41	0.25	0.75	0.0	2.59529779864	-0.371545064455	1.85371134283	2.92383809963	-0.131363355752	1.68799286025	509
41	0.25	1.0	0.0	2.23537590409	-0.378140612352	1.90716644499	2.54021097613	-0.0983816218913	1.77065529011	510
41	0.5	0.0	0.0	3.76410079427	-0.227115952972	1.33830401085	4.09631082749	-0.0465040678613	1.08992545137	511
41	0.5	0.25	0.0	3.36926878657	-0.305797787417	1.43489256874	3.70684264885	-0.0460245520719	1.22156903787	512
41	0.5	0.5	0.0	2.97419629001	-0.35191528218	1.52107649846	3.2982488518	-0.0437983003398	1.32548590539	513
41	0.5	0.75	0.0	2.58832090385	-0.379793763923	1.58493410258	2.8892672331	-0.0344838031328	1.40280188689	514
41	0.5	1.0	0.0	2.22108022731	-0.403758559305	1.6145436837	2.49863558947	-0.0127395509185	1.45464281532	515
41	0.75	0.0	0.0	3.77469745606	-0.131159290326	1.14623495046	4.08873672489	0.0976885811757	0.884895170297	516
41	0.75	0.25	0.0	3.36922155076	-0.238993721469	1.21061521143	3.68879158211	0.0949682347913	0.989370007614	517
41	0.75	0.5	0.0	2.96871413946	-0.323474871432	1.26101550445	3.27020294608	0.0676796718463	1.05474537469	518
41	0.75	0.75	0.0	2.57731100954	-0.384614921725	1.29367003675	2.85098467466	0.044312648132	1.09336984827	519
41	0.75	1.0	0.0	2.19914794837	-0.422426053856	1.30481301556	2.44915062572	0.05335691944	1.11759200511	520
41	1.0	0.0	0.0	3.746174156	-0.050907224	0.975885124	4.03911362794	0.228098930727	0.711701465056	521
41	1.0	0.25	0.0	3.37742012583	-0.16299594938	1.0181273716	3.66941703167	0.218692470483	0.788226523708	522
41	1.0	0.5	0.0	2.95739333487	-0.246752387978	1.02589151409	3.24749248487	0.191220003516	0.813866802148	523
41	1.0	0.75	0.0	2.53075869698	-0.305330488087	1.01890211728	2.81141004457	0.169988525921	0.816891120739	524
41	1.0	1.0	0.0	2.142181126	-0.341884198	1.016883747	2.39923976781	0.179305033791	0.825568299845	525
42	0.0	0.0	0.0	2.26943292	-0.437831111	2.143771993	2.56639310278	-0.282966538085	1.99956398909	526
42	0.0	0.25	0.0	1.84060098401	-0.477845636422	2.18441600722	2.10429283007	-0.270703650924	2.08132877378	527
42	0.0	0.5	0.0	1.37068476179	-0.54563683473	2.17884429976	1.60492672615	-0.265008538785	2.12807204984	528
42	0.0	0.75	0.0	0.896787958178	-0.632394327174	2.15221939716	1.10304037674	-0.268256873986	2.15398122632	529
42	0.0	1.0	0.0	0.456014278	-0.729307735	2.129703826	0.633379367534	-0.282824328843	2.17324371228	530
42	0.25	0.0	0.0	2.23537590409	-0.378140612352	1.90716644499	2.54021097613	-0.0983816218913	1.77065529011	531
42	0.25	0.25	0.0	1.81730918672	-0.410382225614	1.92950750942	2.08796465133	-0.0724930570794	1.83626150629	532
42	0.25	0.5	0.0	1.35704876351	-0.451622394438	1.92770311202	1.59424884451	-0.0486954933953	1.88194060971	533
42	0.25	0.75	0.0	0.892969136565	-0.507244881435	1.90807517394	1.09652162111	-0.0360387919038	1.91151499139	534
42	0.25	1.0	0.0	0.463444808019	-0.582633449212	1.8769456163	0.632241046534	-0.0435728136698	1.92880704233	535
42	0.5	0.0	0.0	2.22108022731	-0.403758559305	1.6145436837	2.49863558947	-0.0127395509185	1.45464281532	536
42	0.5	0.25	0.0	1.80176314371	-0.412911115259	1.62057050136	2.05801554668	0.0334625072719	1.49817998559	537
42	0.5	0.5	0.0	1.3434949756	-0.401529734366	1.61551932737	1.57980013903	0.0929699751762	1.53565256388	538
42	0.5	0.75	0.0	0.886066863698	-0.400119230775	1.59735918978	1.09819858375	0.142839753164	1.56476486666	539
42	0.5	1.0	0.0	0.469269948697	-0.439184418637	1.56405911661	0.647420098075	0.160128741604	1.58322121038	540
42	0.75	0.0	0.0	2.19914794837	-0.422426053856	1.30481301556	2.44915062572	0.05335691944	1.11759200511	541
42	0.75	0.25	0.0	1.78424685372	-0.409159716368	1.30172274746	2.02128432093	0.115556260301	1.14174717005	542
42	0.75	0.5	0.0	1.33425927794	-0.349455278692	1.29161360171	1.56298242331	0.206589021672	1.16628371178	543
42	0.75	0.75	0.0	0.886056255659	-0.295715518444	1.27215375584	1.10214078922	0.290977582893	1.18890083148	544
42	0.75	1.0	0.0	0.476508821527	-0.300343213242	1.24101138736	0.666655275051	0.333244323303	1.20729773035	545
42	1.0	0.0	0.0	2.142181126	-0.341884198	1.016883747	2.39923976781	0.179305033791	0.825568299845	546
42	1.0	0.25	0.0	1.75504431552	-0.32285543995	1.01708201215	1.98460977886	0.242181420178	0.841626018044	547
42	1.0	0.5	0.0	1.33357755037	-0.249495451595	1.00530659096	1.54519751095	0.338762800833	0.850909852806	548
42	1.0	0.75	0.0	0.902912428528	-0.178731887694	0.984541183291	1.10241776211	0.430973518958	0.859092865153	549
42	1.0	1.0	0.0	0.488180548	-0.167492403	0.957769489	0.677685330354	0.480737917755	0.87184811611	550
43	0.0	0.0	0.0	3.746174156	-0.050907224	0.975885124	4.03911362794	0.228098930727	0.711701465056	551
43	0.0	0.25	0.0	3.37742012583	-0.16299594938	1.0181273716	3.66941703167	0.218692470483	0.788226523708	552
43	0.0	0.5	0.0	2.95739333487	-0.246752387978	1.02589151409	3.24749248487	0.191220003516	0.813866802148	553
43	0.0	0.75	0.0	2.53075869698	-0.305330488087	1.01890211728	2.81141004457	0.169988525921	0.816891120739	554
43	0.0	1.0	0.0	2.142181126	-0.341884198	1.016883747	2.39923976781	0.179305033791	0.825568299845	555
43	0.25	0.0	0.0	3.71648375422	0.0495747438647	0.813725774478	4.00428136638	0.357363936147	0.537519462894	556
43	0.25	0.25	0.0	3.37418633113	-0.0493811576198	0.823436113298	3.65503228453	0.352565096726	0.586252772652	557
43	0.25	0.5	0.0	2.9326714779	-0.105076812566	0.796586497185	3.22589761514	0.350029062788	0.582340073572	558
43	0.25	0.75	0.0	2.47295852296	-0.136167982169	0.762318349325	2.77258086829	0.354586478966	0.561414869513	559
43	0.25	1.0	0.0	2.07606679469	-0.161310427627	0.749773092902	2.35078555405	0.37106798989	0.559110664329	560
43	0.5	0.0	0.0	3.73081030081	0.181078332329	0.643901149534	4.0342235265	0.475817998143	0.331852268641	561
43	0.5	0.25	0.0	3.35153115513	0.0929682095682	0.599408314294	3.64928137292	0.494177886546	0.352896067778	562
43	0.5	0.5	0.0	2.90188096445	0.0585474013788	0.55657705211	3.20131110992	0.514846933169	0.333056563726	563
43	0.5	0.75	0.0	2.44423280299	0.0477652035507	0.521340971272	2.73779883709	0.535167928996	0.300002484475	564
43	0.5	1.0	0.0	2.040959745	0.0305709118735	0.499633680072	2.30623065402	0.552483665012	0.281402558012	565
43	0.75	0.0	0.0	3.75810016949	0.313572067129	0.467868874073	4.07620006172	0.57408020369	0.117823904076	566
43	0.75	0.25	0.0	3.32892895563	0.239752808551	0.37118804102	3.6428413808	0.620705336101	0.107603037086	567
43	0.75	0.5	0.0	2.87491837147	0.223232637691	0.320265636165	3.17549621823	0.659687063449	0.0741288651559	568
43	0.75	0.75	0.0	2.42779878221	0.226976334564	0.292318133486	2.70628107135	0.688589447332	0.0326091662662	569
43	0.75	1.0	0.0	2.01930055307	0.213948679187	0.264562006956	2.2673124375	0.704976549347	-0.001748281604	570
43	1.0	0.0	0.0	3.767299734	0.417024474	0.287086573	4.07747092544	0.642769639761	-0.0814416090191	571
43	1.0	0.25	0.0	3.32585409044	0.366673295695	0.163919359912	3.62638939211	0.709321941546	-0.130179691424	572
43	1.0	0.5	0.0	2.86168027595	0.368091280206	0.10205470666	3.15021618909	0.75856290242	-0.186330429592	573
43	1.0	0.75	0.0	2.40687370574	0.381972676364	0.0715979863283	2.67724469145	0.791707605295	-0.240809884473	574
43	1.0	1.0	0.0	1.993529795	0.369011733	0.042654572	2.23576827428	0.809971133084	-0.284534117018	575
44	0.0	0.0	0.0	2.142181126	-0.341884198	1.016883747	2.39923976781	0.179305033791	0.825568299845	576
44	0.0	0.25	0.0	1.75504431552	-0.32285543995	1.01708201215	1.98460977886	0.242181420178	0.841626018044	577
44	0.0	0.5	0.0	1.33357755037	-0.249495451595	1.00530659096	1.54519751095	0.338762800833	0.850909852806	578
44	0.0	0.75	0.0	0.902912428528	-0.178731887694	0.984541183291	1.10241776211	0.430973518958	0.859092865153	579
44	0.0	1.0	0.0	0.488180548	-0.167492403	0.957769489	0.677685330354	0.480737917755	0.87184811611	580
44	0.25	0.0	0.0	2.07606679469	-0.161310427627	0.749773092902	2.35078555405	0.37106798989	0.559110664329	581
44	0.25	0.25	0.0	1.71724478631	-0.157880456908	0.752944922452	1.94829116859	0.415774531749	0.570733652433	582
44	0.25	0.5	0.0	1.32312239639	-0.115972519467	0.745690263992	1.52302980986	0.48388498467	0.571600305367	583
44	0.25	0.75	0.0	0.909775780835	-0.0728473481087	0.731208381752	1.09261499856	0.549761632182	0.571159348578	584
44	0.25	1.0	0.0	0.493281095551	-0.0657656756343	0.712698539958	0.674660255398	0.587766757817	0.578859507517	585
44	0.5	0.0	0.0	2.040959745	0.0305709118735	0.499633680072	2.30623065402	0.552483665012	0.281402558012	586
44	0.5	0.25	0.0	1.68621786954	0.0136279641568	0.485305691672	1.91274590766	0.576188967928	0.27239018257	587
44	0.5	0.5	0.0	1.29813647478	0.0131229485929	0.464860511283	1.4961872879	0.610687999657	0.25287447081	588
44	0.5	0.75	0.0	0.892597065065	0.0186684459147	0.443980900364	1.0734968405	0.645774023336	0.236049892463	589
44	0.5	1.0	0.0	0.485481144705	0.0198770368553	0.428349620371	0.661616611233	0.671240302099	0.235110917257	590
44	0.75	0.0	0.0	2.01930055307	0.213948679187	0.264562006956	2.2673124375	0.704976549347	-0.001748281604	591
44	0.75	0.25	0.0	1.66020802053	0.176736352549	0.229818061351	1.8800532447	0.709882413788	-0.032646840691	592
44	0.75	0.5	0.0	1.26945282713	0.134961194221	0.191641572766	1.46767512386	0.711338424731	-0.0718771866914	593
44	0.75	0.75	0.0	0.865989866937	0.103157743809	0.159026725436	1.04828044453	0.715490187461	-0.103902938938	594
44	0.75	1.0	0.0	0.468774034007	0.0958605409172	0.140967703599	0.639971576273	0.728483307264	-0.113187716765	595
44	1.0	0.0	0.0	1.993529795	0.369011733	0.042654572	2.23576827428	0.809971133084	-0.284534117018	596
44	1.0	0.25	0.0	1.63745969463	0.316511237574	0.00213577303014	1.85229242839	0.803312554406	-0.323619866494	597
44	1.0	0.5	0.0	1.24790449503	0.246712459054	-0.0451423116303	1.44049849658	0.778002838828	-0.369264202966	598
44	1.0	0.75	0.0	0.844567772168	0.187962795006	-0.0874861567257	1.02018296728	0.755389619599	-0.406366581368	599
44	1.0	1.0	0.0	0.447153102	0.168609643	-0.113202237	0.611142328934	0.756820529971	-0.41982645664	600
49	0.0	0.0	0.0	4.802915963	0.226549403	0.750000013	5.23268562431	0.0617576525337	0.134511762589	601
49	0.0	0.25	0.0	4.65761282291	0.442902001566	0.697208755696	5.06998360143	0.349389083633	0.102177412739	602
49	0.0	0.5	0.0	4.39859466256	0.508694066784	0.574499765635	4.77200076394	0.509424971081	0.037683337947	603
49	0.0	0.75	0.0	4.08283309519	0.48103256786	0.423812539256	4.41555668193	0.590880196061	-0.0323848674263	604
49	0.0	1.0	0.0	3.767299734	0.417024474	0.287086573	4.07747092544	0.642769639761	-0.0814416090191	605
49	0.25	0.0	0.0	4.80365134816	0.225319602125	0.736429074476	5.2328178695	0.0568311787578	0.118141046325	606
49	0.25	0.25	0.0	4.66137502189	0.473744744917	0.625480912213	5.07488051253	0.362874645109	0.0182527018715	607
49	0.25	0.5	0.0	4.38881470923	0.583750737481	0.460648587251	4.76623832594	0.557971086843	-0.0960176191812	608
49	0.25	0.75	0.0	4.05496500229	0.598573403794	0.280277590552	4.39223772911	0.67418207377	-0.20671804657	609
49	0.25	1.0	0.0	3.72882049316	0.561448567831	0.122713413081	4.03822514139	0.7435691757	-0.295896710031	610
49	0.5	0.0	0.0	4.8052691955	0.221719814772	0.723328038803	5.23310880892	0.0450987110223	0.098880499624	611
49	0.5	0.25	0.0	4.67472323355	0.520026368338	0.556410499804	5.09018864006	0.382165610879	-0.0678672466371	612
49	0.5	0.5	0.0	4.39413796949	0.69878094324	0.370331987841	4.78195257252	0.630160541476	-0.237188209792	613
49	0.5	0.75	0.0	4.03218769331	0.775870509393	0.178887896424	4.39128262214	0.795660647406	-0.396352648496	614
49	0.5	1.0	0.0	3.65754669496	0.769182036714	-0.00412638093918	4.00106080477	0.885243073262	-0.532630821406	615
49	0.75	0.0	0.0	4.80688704284	0.215884471033	0.711058386978	5.23339974835	0.0311306869007	0.0804513367718	616
49	0.75	0.25	0.0	4.69072117391	0.550010590542	0.486072616437	5.10733827646	0.381553391945	-0.159608561067	617
49	0.75	0.5	0.0	4.40576870232	0.786406443926	0.278817633267	4.802227751	0.66801551944	-0.384989470763	618
49	0.75	0.75	0.0	4.01643723073	0.922109185728	0.07795658621	4.39676890713	0.875499838027	-0.590347865304	619
49	0.75	1.0	0.0	3.58713436178	0.954155970491	-0.127847375989	3.96966247999	0.988989116349	-0.770340217677	620
49	1.0	0.0	0.0	4.807622428	0.207948001	0.6999816	5.23353199354	0.019497543966	0.0665747720536	621
49	1.0	0.25	0.0	4.702432559	0.531961130237	0.410542360081	5.11775971417	0.335329399304	-0.260397369697	622
49	1.0	0.5	0.0	4.41491116668	0.779248999408	0.161373189388	4.81014810873	0.613558205193	-0.538582438974	623
49	1.0	0.75	0.0	4.00964967703	0.946474733874	-0.0642032107485	4.39277413019	0.833883566693	-0.777762889094	624
49	1.0	1.0	0.0	3.551239516	1.030301459	-0.282864139	3.94771473147	0.976005088862	-0.987721173377	625
50	0.0	0.0	0.0	4.807622428	0.207948001	0.6999816	5.23353199354	0.019497543966	0.0665747720536	626
50	0.0	0.25	0.0	4.702432559	0.531961130237	0.410542360081	5.11775971417	0.335329399304	-0.260397369697	627
50	0.0	0.5	0.0	4.41491116668	0.779248999408	0.161373189388	4.81014810873	0.613558205193	-0.538582438974	628
50	0.0	0.75	0.0	4.00964967703	0.946474733874	-0.0642032107485	4.39277413019	0.833883566693	-0.777762889094	629
50	0.0	1.0	0.0	3.551239516	1.030301459	-0.282864139	3.94771473147	0.976005088862	-0.987721173377	630
50	0.25	0.0	0.0	4.80495108534	0.198626864006	0.690704152541	5.23625053548	0.00510781883263	0.056000371587	631
50	0.25	0.25	0.0	4.7016199785	0.47937407679	0.354989865713	5.12236154502	0.260742203517	-0.339783263552	632
50	0.25	0.5	0.0	4.4076644374	0.704406167221	0.0820327675372	4.80832997955	0.506979130704	-0.646535360581	633
50	0.25	0.75	0.0	3.99583874042	0.870967262458	-0.154471090672	4.38430655712	0.717558955421	-0.895124789493	634
50	0.25	1.0	0.0	3.53889716591	0.97630148966	-0.3808256576	3.94044199578	0.866222032698	-1.11642042028	635
50	0.5	0.0	0.0	4.7990741315	0.188395781808	0.683498476933	5.24223132774	-0.0162741572726	0.045941399363	636
50	0.5	0.25	0.0	4.68995017561	0.415618686126	0.319369412068	5.12529938567	0.175887040085	-0.391943047295	637
50	0.5	0.5	0.0	4.38317403132	0.605461749925	0.0376046122488	4.80374256934	0.377976912083	-0.728559143654	638
50	0.5	0.75	0.0	3.96346520067	0.752855784747	-0.20477328876	4.37524531053	0.559288406568	-1.00053435992	639
50	0.5	1.0	0.0	3.51554318571	0.852731602136	-0.450741657195	3.93749204103	0.689114471387	-1.2444961663	640
50	0.75	0.0	0.0	4.79319717766	0.177040083955	0.678240637609	5.24821212	-0.0387807490317	0.0378302634222	641
50	0.75	0.25	0.0	4.67589867459	0.34471423137	0.298363468532	5.12699063852	0.0859481525008	-0.425983861678	642
50	0.75	0.5	0.0	4.354436641	0.496201607028	0.0172244120638	4.79855124139	0.24116770024	-0.787950533521	643
50	0.75	0.75	0.0	3.92607562429	0.619966185797	-0.22566210327	4.36734583365	0.389600927005	-1.08448942221	644
50	0.75	1.0	0.0	3.4880801719	0.704471942544	-0.490781648943	3.93782632032	0.493970865614	-1.35202019786	645
50	1.0	0.0	0.0	4.790525835	0.1643451	0.674806699	5.25093066194	-0.0565443211266	0.0330993718055	646
50	1.0	0.25	0.0	4.66794099972	0.270679985651	0.286654504491	5.12785270597	-0.00389021574308	-0.451012847452	647
50	1.0	0.5	0.0	4.33444895902	0.39041159804	0.010027855523	4.794921359	0.111167646083	-0.828006275509	648
50	1.0	0.75	0.0	3.8972165778	0.500124350659	-0.227689832457	4.36236356971	0.239025523602	-1.13748779821	649
50	1.0	1.0	0.0	3.463410721	0.576402657	-0.499115144	3.94040628673	0.330079676062	-1.4190643014	650
53	0.0	0.0	0.0	4.790525835	0.1643451	0.674806699	5.25093066194	-0.0565443211266	0.0330993718055	651
53	0.0	0.25	0.0	4.66794099972	0.270679985651	0.286654504491	5.12785270597	-0.00389021574308	-0.451012847452	652
53	0.0	0.5	0.0	4.33444895902	0.39041159804	0.010027855523	4.794921359	0.111167646083	-0.828006275509	653
53	0.0	0.75	0.0	3.8972165778	0.500124350659	-0.227689832457	4.36236356971	0.239025523602	-1.13748779821	654
53	0.0	1.0	0.0	3.463410721	0.576402657	-0.499115144	3.94040628673	0.330079676062	-1.4190643014	655
53	0.25	0.0	0.0	4.7839214875	0.14453424712	0.672808723265	5.24873118557	-0.078945595874	0.0275728218628	656
53	0.25	0.25	0.0	4.66046904269	0.145230062711	0.286634434079	5.13075177997	-0.153404974289	-0.465404997666	657
53	0.25	0.5	0.0	4.31920187933	0.185660324351	0.0198750382048	4.80412721519	-0.141135539993	-0.851218817661	658
53	0.25	0.75	0.0	3.87623702551	0.238762324298	-0.202081321202	4.38230974075	-0.0915551515287	-1.1691484078	659
53	0.25	1.0	0.0	3.4476915093	0.27747335481	-0.453846500984	3.97875160616	-0.0540816674424	-1.45847353776	660
53	0.5	0.0	0.0	4.769391923	0.127450839159	0.675306453989	5.24389233757	-0.101727931942	0.02230768933	661
53	0.5	0.25	0.0	4.65424341358	0.0335602946553	0.312341668112	5.13848615933	-0.284693929793	-0.432995687262	662
53	0.5	0.5	0.0	4.32614939714	-0.0134868504017	0.0592717304319	4.83469585588	-0.384555483039	-0.80410125333	663
53	0.5	0.75	0.0	3.89822247437	-0.0394978176439	-0.14514196857	4.43824910712	-0.442589166298	-1.11620978165	664
53	0.5	1.0	0.0	3.48357524596	-0.0702798287031	-0.362138038414	4.05487359291	-0.500071554188	-1.39452204501	665
53	0.75	0.0	0.0	4.7548623585	0.111839086619	0.682679007469	5.23905348957	-0.123038612589	0.0219173795526	666
53	0.75	0.25	0.0	4.65221063031	-0.066809190405	0.363231124206	5.1481366122	-0.399070370975	-0.365509323766	667
53	0.75	0.5	0.0	4.34528271665	-0.196917389396	0.133434865538	4.87005282961	-0.604778271716	-0.7027893352	668
53	0.75	0.75	0.0	3.93936134195	-0.302873106937	-0.0498345472537	4.50054423412	-0.770895010066	-0.996315942612	669
53	0.75	1.0	0.0	3.53972923063	-0.409063939614	-0.229701892888	4.13535291807	-0.928153281279	-1.25248243387	670
53	1.0	0.0	0.0	4.748258011	0.0964432	0.6953055	5.2368540132	-0.141024921075	0.0310152978757	671
53	1.0	0.25	0.0	4.6573172108	-0.158358264358	0.438757719978	5.15678390673	-0.497847586553	-0.274670314702	672
53	1.0	0.5	0.0	4.3665930421	-0.354518755806	0.247581376857	4.89362368488	-0.787489994681	-0.563418815949	673
53	1.0	0.75	0.0	3.97584204585	-0.519580575351	0.0908781700586	4.53955768706	-1.03329117219	-0.827110913511	674
53	1.0	1.0	0.0	3.584820763	-0.681086024	-0.062250201	4.18677025269	-1.25859014582	-1.05762731503	675
54	0.0	0.0	0.0	4.748258011	0.0964432	0.6953055	5.2368540132	-0.141024921075	0.0310152978757	676
54	0.0	0.25	0.0	4.6573172108	-0.158358264358	0.438757719978	5.15678390673	-0.497847586553	-0.274670314702	677
54	0.0	0.5	0.0	4.3665930421	-0.354518755806	0.247581376857	4.89362368488	-0.787489994681	-0.563418815949	678
54	0.0	0.75	0.0	3.97584204585	-0.519580575351	0.0908781700586	4.53955768706	-1.03329117219	-0.827110913511	679
54	0.0	1.0	0.0	3.584820763	-0.681086024	-0.062250201	4.18677025269	-1.25859014582	-1.05762731503	680
54	0.25	0.0	0.0	4.75600005744	0.0838545166073	0.710558740797	5.23819868282	-0.153154372911	0.0495441170589	681
54	0.25	0.25	0.0	4.67638388719	-0.244323802176	0.522927685053	5.16864428354	-0.587093754072	-0.172768170672	682
54	0.25	0.5	0.0	4.3950333863	-0.500733636725	0.376964406391	4.91274944476	-0.944900738122	-0.398046752968	683
54	0.25	0.75	0.0	4.013478281	-0.715664909278	0.250249446573	4.56494941646	-1.24719642724	-0.61274570637	684
54	0.25	1.0	0.0	3.63324829749	-0.919407542069	0.120363347357	4.21967944861	-1.51460192362	-0.803319107422	685
54	0.5	0.0	0.0	4.77297254051	0.0773812070453	0.725608049274	5.24109693688	-0.158617373048	0.0717996979859	686
54	0.5	0.25	0.0	4.70692975584	-0.317999607923	0.60644639278	5.18528881678	-0.661106720952	-0.0615292177801	687
54	0.5	0.5	0.0	4.43749521598	-0.646187792789	0.509463545795	4.93981190268	-1.08906411861	-0.202833953503	688
54	0.5	0.75	0.0	4.07039480641	-0.928680860422	0.420596800223	4.60027252813	-1.45507749679	-0.341464122675	689
54	0.5	1.0	0.0	3.71135441262	-1.18697632369	0.325783447966	4.26227702665	-1.77173478627	-0.466769338786	690
54	0.75	0.0	0.0	4.78979497583	0.0749588689607	0.742371983114	5.24384514319	-0.160029401707	0.0957699042761	691
54	0.75	0.25	0.0	4.73742826057	-0.367330489608	0.699624869574	5.19993339978	-0.701870226743	0.0642578237956	692
54	0.75	0.5	0.0	4.48378669676	-0.758091757696	0.653991287734	4.96444012661	-1.18294177827	0.0130759251382	693
54	0.75	0.75	0.0	4.1353054312	-1.105018483	0.602862811767	4.63297553311	-1.60374299685	-0.0463037442183	694
54	0.75	1.0	0.0	3.79841961069	-1.41580421322	0.543631015842	4.3011498287	-1.96477282302	-0.102409136796	695
54	1.0	0.0	0.0	4.797086879	0.0745231	0.7627691	5.24473966954	-0.160005939111	0.119442599549	696
54	1.0	0.25	0.0	4.7563528452	-0.380261255241	0.812774141851	5.20579392587	-0.691368010996	0.209804233878	697
54	1.0	0.5	0.0	4.5237159943	-0.803656065146	0.819460124875	4.97626318452	-1.18949535926	0.240539225652	698
54	1.0	0.75	0.0	4.19692396449	-1.19106783123	0.797990061961	4.65050694246	-1.64000154345	0.239697847205	699
54	1.0	1.0	0.0	3.873724394	-1.537903055	0.763526966	4.32288469666	-2.02850012311	0.235330370871	700
57	0.0	0.0	0.0	4.797086879	0.0745231	0.7627691	5.24473966954	-0.160005939111	0.119442599549	701
57	0.0	0.25	0.0	4.7563528452	-0.380261255241	0.812774141851	5.20579392587	-0.691368010996	0.209804233878	702
57	0.0	0.5	0.0	4.5237159943	-0.803656065146	0.819460124875	4.97626318452	-1.18949535926	0.240539225652	703
57	0.0	0.75	0.0	4.19692396449	-1.19106783123	0.797990061961	4.65050694246	-1.64000154345	0.239697847205	704
57	0.0	1.0	0.0	3.873724394	-1.537903055	0.763526966	4.32288469666	-2.02850012311	0.235330370871	705
57	0.25	0.0	0.0	4.80184072558	0.0752790872875	0.785506991209	5.24322572765	-0.155210014767	0.14777153576	706
57	0.25	0.25	0.0	4.76398490187	-0.360477141268	0.930842891701	5.20091033582	-0.641268576008	0.353064773291	707
57	0.25	0.5	0.0	4.5461887772	-0.785744553547	0.993500068253	4.97250866071	-1.12127143459	0.459044236015	708
57	0.25	0.75	0.0	4.23389832685	-1.18030428743	1.00706618602	4.64762640853	-1.56517050491	0.510966346548	709
57	0.25	1.0	0.0	3.91255952611	-1.5239374808	1.00512891014	4.31586928548	-1.94291770138	0.554087527506	710
57	0.5	0.0	0.0	4.81303328397	0.0790227612754	0.806543140566	5.2406291514	-0.142578479254	0.181107984121	711
57	0.5	0.25	0.0	4.76890087178	-0.320310606358	1.03292016407	5.18994926031	-0.572812871932	0.472707095777	712
57	0.5	0.5	0.0	4.5548998466	-0.732023827345	1.16334192599	4.95980322882	-1.01447755755	0.664750189724	713
57	0.5	0.75	0.0	4.24742144169	-1.11316340769	1.23690576412	4.63182843578	-1.42380689558	0.796724626334	714
57	0.5	1.0	0.0	3.92285689035	-1.4207758534	1.29270901623	4.28766226003	-1.7570352455	0.908117765982	715
57	0.75	0.0	0.0	4.82422280613	0.0875676293756	0.825106544389	5.23802953891	-0.125145749628	0.211971686948	716
57	0.75	0.25	0.0	4.76866960728	-0.258915483935	1.11771975964	5.17565941723	-0.481703625659	0.570800627937	717
57	0.75	0.5	0.0	4.55160767723	-0.642498218265	1.31342869369	4.94078818611	-0.870482666372	0.84138147243	718
57	0.75	0.75	0.0	4.24345749288	-0.998267271131	1.4485592406	4.60779852363	-1.23424566844	1.05017882769	719
57	0.75	1.0	0.0	3.91463953116	-1.26130934005	1.55943729445	4.25107310783	-1.51575542854	1.22365730097	720
57	1.0	0.0	0.0	4.828967544	0.102727199	0.840426199	5.23650648831	-0.105946242947	0.232882386561	721
57	1.0	0.25	0.0	4.76085996072	-0.175445607422	1.18395547912	5.16078952445	-0.363643564082	0.64941479637	722
57	1.0	0.5	0.0	4.53807074382	-0.517172058031	1.42820336694	4.91810482984	-0.690655699301	0.972662469788	723
57	1.0	0.75	0.0	4.22797066426	-0.844237956874	1.60307705979	4.58022217148	-1.0148217765	1.22453509174	724
57	1.0	1.0	0.0	3.897930493	-1.078429108	1.738483755	4.21891131639	-1.26398092356	1.42694234713	725
58	0.0	0.0	0.0	4.828967544	0.102727199	0.840426199	5.23650648831	-0.105946242947	0.232882386561	726
58	0.0	0.25	0.0	4.76085996072	-0.175445607422	1.18395547912	5.16078952445	-0.363643564082	0.64941479637	727
58	0.0	0.5	0.0	4.53807074382	-0.517172058031	1.42820336694	4.91810482984	-0.690655699301	0.972662469788	728
58	0.0	0.75	0.0	4.22797066426	-0.844237956874	1.60307705979	4.58022217148	-1.0148217765	1.22453509174	729
58	0.0	1.0	0.0	3.897930493	-1.078429108	1.738483755	4.21891131639	-1.26398092356	1.42694234713	730
58	0.25	0.0	0.0	4.82408751798	0.121658789578	0.850747189697	5.23446660068	-0.0805664084669	0.244845521559	731
58	0.25	0.25	0.0	4.74520530064	-0.0919717134164	1.21365558459	5.14595286701	-0.249559817469	0.686719606235	732
58	0.25	0.5	0.0	4.51650548021	-0.400969032137	1.46660098155	4.89376944588	-0.53508904132	1.02063702715	733
58	0.25	0.75	0.0	4.20364054238	-0.71242866591	1.64397284304	4.55168524544	-0.840945058833	1.27520205821	734
58	0.25	1.0	0.0	3.87226297282	-0.933446114059	1.78016063149	4.19346917382	-1.07091884882	1.47901897333	735
58	0.5	0.0	0.0	4.81421850419	0.141546424063	0.855650749944	5.23084589135	-0.0464926373962	0.253361799266	736
58	0.5	0.25	0.0	4.72329036589	-0.00644482260002	1.21375880443	5.12755761402	-0.1388114743	0.686799537785	737
58	0.5	0.5	0.0	4.48470507605	-0.274467100818	1.45876681892	4.86103242713	-0.373220994432	1.02020389189	738
58	0.5	0.75	0.0	4.16426061407	-0.557703328655	1.63159774944	4.51077909015	-0.638530111618	1.27908385482	739
58	0.5	1.0	0.0	3.82775495937	-0.751336424176	1.773174552	4.15630636254	-0.823547739681	1.48894841983	740
58	0.75	0.0	0.0	4.80472487106	0.161726371017	0.854596009719	5.22760056267	-0.0121265538569	0.255919776501	741
58	0.75	0.25	0.0	4.70041542467	0.0776222187665	1.19226119559	5.10912849231	-0.0341552165445	0.661454447251	742
58	0.75	0.5	0.0	4.45053249607	-0.150537313739	1.4191500779	4.82858383628	-0.215511314053	0.987018177797	743
58	0.75	0.75	0.0	4.12175247145	-0.406403397235	1.5819145347	4.47038219743	-0.435740549997	1.24873234898	744
58	0.75	1.0	0.0	3.78075173698	-0.573627202455	1.72720644401	4.11893917866	-0.574388627989	1.46271834166	745
58	1.0	0.0	0.0	4.800970987	0.181534899	0.847042099	5.226686817	0.0141302180289	0.250008010082	746
58	1.0	0.25	0.0	4.68188074515	0.156716564423	1.157158815	5.09419022868	0.0616522738319	0.622484190862	747
58	1.0	0.5	0.0	4.42185070504	-0.0420507205706	1.36219995735	4.80511373597	-0.0724197556001	0.936734998657	748
58	1.0	0.75	0.0	4.08803770665	-0.284870323779	1.51088595453	4.44337305911	-0.260739989119	1.19669940811	749
58	1.0	1.0	0.0	3.74759859	-0.441845613	1.651937235	4.0928839183	-0.375962545575	1.40631639385	750
61	0.0	0.0	0.0	4.800970987	0.181534899	0.847042099	5.226686817	0.0141302180289	0.250008010082	751
61	0.0	0.25	0.0	4.68188074515	0.156716564423	1.157158815	5.09419022868	0.0616522738319	0.622484190862	752
61	0.0	0.5	0.0	4.42185070504	-0.0420507205706	1.36219995735	4.80511373597	-0.0724197556001	0.936734998657	753
61	0.0	0.75	0.0	4.08803770665	-0.284870323779	1.51088595453	4.44337305911	-0.260739989119	1.19669940811	754
61	0.0	1.0	0.0	3.74759859	-0.441845613	1.651937235	4.0928839183	-0.375962545575	1.40631639385	755
61	0.25	0.0	0.0	4.79500610841	0.19363337823	0.837363758751	5.22427477466	0.0288996081201	0.239947647367	756
61	0.25	0.25	0.0	4.66848497295	0.210847412423	1.11271719999	5.08383455643	0.129153778299	0.571769528731	757
61	0.25	0.5	0.0	4.41086278228	0.0436164651346	1.28465045523	4.79589417071	0.0425431575259	0.85696843262	758
61	0.25	0.75	0.0	4.08278495803	-0.180190082259	1.40314358643	4.43825761902	-0.10921678665	1.09354439991	759
61	0.25	1.0	0.0	3.74489692185	-0.332702848382	1.51817665556	4.08872890291	-0.20441058668	1.27949747148	760
61	0.5	0.0	0.0	4.78098154991	0.200098073529	0.826206873474	5.21806645592	0.0412403073141	0.227950312665	761
61	0.5	0.25	0.0	4.6534053926	0.246641231729	1.05515049078	5.07188088447	0.174465732268	0.502619138949	762
61	0.5	0.5	0.0	4.40920222671	0.114494943591	1.18429343302	4.78792245561	0.129459652623	0.740495103452	763
61	0.5	0.75	0.0	4.09666853351	-0.0816532862032	1.26241737983	4.4385971198	0.0184078065301	0.937592457237	764
61	0.5	1.0	0.0	3.76410079427	-0.227115952972	1.33830401085	4.09631082749	-0.0465040678613	1.08992545137	765
61	0.75	0.0	0.0	4.76694912321	0.204395231564	0.81309425121	5.21185026897	0.0514134692435	0.213997240975	766
61	0.75	0.25	0.0	4.63352708028	0.275812689819	0.989071593485	5.05509669457	0.210107048543	0.428348840647	767
61	0.75	0.5	0.0	4.39222865733	0.176436793749	1.07087349685	4.76400722941	0.205183626704	0.613651885357	768
61	0.75	0.75	0.0	4.09022755053	0.00715148611442	1.10707095221	4.41606089801	0.134943904118	0.766852090206	769
61	0.75	1.0	0.0	3.77469745606	-0.131159290326	1.14623495046	4.08873672489	0.0976885811757	0.884895170297	770
61	1.0	0.0	0.0	4.76096064	0.209991099	0.7975487	5.20941462201	0.0596802475411	0.198069667299	771
61	1.0	0.25	0.0	4.60573511215	0.310076454169	0.919093414214	5.03024946851	0.248596639927	0.362274452959	772
61	1.0	0.5	0.0	4.3353016931	0.235294094559	0.95413525282	4.70695713085	0.28656897678	0.502775652543	773
61	1.0	0.75	0.0	4.0240011265	0.0826356564185	0.955467921017	4.34231829026	0.25320161981	0.619331808944	774
61	1.0	1.0	0.0	3.746174156	-0.050907224	0.975885124	4.03911362794	0.228098930727	0.711701465056	775
62	0.0	0.0	0.0	4.76096064	0.209991099	0.7975487	5.20941462201	0.0596802475411	0.198069667299	776
62	0.0	0.25	0.0	4.60573511215	0.310076454169	0.919093414214	5.03024946851	0.248596639927	0.362274452959	777
62	0.0	0.5	0.0	4.3353016931	0.235294094559	0.95413525282	4.70695713085	0.28656897678	0.502775652543	778
62	0.0	0.75	0.0	4.0240011265	0.0826356564185	0.955467921017	4.34231829026	0.25320161981	0.619331808944	779
62	0.0	1.0	0.0	3.746174156	-0.050907224	0.975885124	4.03911362794	0.228098930727	0.711701465056	780
62	0.25	0.0	0.0	4.76789233398	0.216458781089	0.784477214184	5.21342689088	0.0638852891601	0.182496741216	781
62	0.25	0.25	0.0	4.59474134715	0.35050804539	0.861341486607	5.01902312051	0.289137669116	0.30837289053	782
62	0.25	0.5	0.0	4.297734091	0.305690933555	0.854199595523	4.67344981308	0.371163650155	0.401738221699	783
62	0.25	0.75	0.0	3.97295381141	0.174536736181	0.819508653843	4.29557866342	0.372920112443	0.474238493046	784
62	0.25	1.0	0.0	3.71648375422	0.0495747438647	0.813725774478	4.00428136638	0.357363936147	0.537519462894	785
62	0.5	0.0	0.0	4.78227267906	0.221719536296	0.774502156502	5.22138450072	0.0641682353337	0.167018514946	786
62	0.5	0.25	0.0	4.61511527906	0.389584170824	0.815539077582	5.03498213499	0.320852125826	0.253145519525	787
62	0.5	0.5	0.0	4.33054668151	0.385974656784	0.773853871035	4.70703037823	0.437197823178	0.290946002927	788
62	0.5	0.75	0.0	4.00897548817	0.290077281509	0.699842555479	4.33946543916	0.46994116731	0.307991180762	789
62	0.5	1.0	0.0	3.73081030081	0.181078332329	0.643901149534	4.0342235265	0.475817998143	0.331852268641	790
62	0.75	0.0	0.0	4.79648583537	0.225255648855	0.764163198819	5.22917492179	0.0627265388591	0.151176388675	791
62	0.75	0.25	0.0	4.64376855521	0.422112824779	0.766042672243	5.05850834946	0.341636950512	0.187458355183	792
62	0.75	0.5	0.0	4.38156002017	0.459268091957	0.688739965643	4.75683522797	0.483631571577	0.169795530314	793
62	0.75	0.75	0.0	4.06721797626	0.401496242152	0.575075294444	4.40308823837	0.54301209249	0.134485013477	794
62	0.75	1.0	0.0	3.75810016949	0.313572067129	0.467868874073	4.07620006172	0.57408020369	0.117823904076	795
62	1.0	0.0	0.0	4.802915963	0.226549403	0.750000013	5.23268562431	0.0617576525337	0.134511762589	796
62	1.0	0.25	0.0	4.65761282291	0.442902001566	0.697208755696	5.06998360143	0.349389083633	0.102177412739	797
62	1.0	0.5	0.0	4.39859466256	0.508694066784	0.574499765635	4.77200076394	0.509424971081	0.037683337947	798
62	1.0	0.75	0.0	4.08283309519	0.48103256786	0.423812539256	4.41555668193	0.590880196061	-0.0323848674263	799
62	1.0	1.0	0.0	3.767299734	0.417024474	0.287086573	4.07747092544	0.642769639761	-0.0814416090191	800
