Elem	xi[0]	xi[1]	xi[2]	Y[0]	Y[1]	Y[2]	y[0]	y[1]	y[2]	Index
1	0.0	0.0	0.0	0.447153102	0.168609643	-0.113202237	0.702246515475	1.046858135	0.0144966386482	1
1	0.0	0.25	0.0	-0.329787260597	0.156655861805	-0.146206625186	-0.156166501039	1.15663950481	0.13767363138	2
1	0.0	0.5	0.0	-1.11489743847	0.107806976922	-0.194493235104	-0.969317380429	1.32098908279	0.287971540239	3
1	0.0	0.75	0.0	-1.89187559886	0.0607145708277	-0.262126242219	-1.78335291799	1.48087271595	0.434874300141	4
1	0.0	1.0	0.0	-2.644419909	0.054030226	-0.353169822	-2.644419909	1.57725625129	0.547865846007	5
1	0.25	0.0	0.0	0.396689271668	0.290669502508	-0.357417052888	0.608556470756	1.11848596549	-0.314718882391	6
1	0.25	0.25	0.0	-0.36295898546	0.288927384057	-0.388508174374	-0.232495978356	1.21973703604	-0.207654316669	7
1	0.25	0.5	0.0	-1.13004274611	0.277105033078	-0.416200136815	-1.02434085043	1.38931247434	-0.0705213299242	8
1	0.25	0.75	0.0	-1.88431754581	0.277744085099	-0.46036553074	-1.80326090963	1.54811649255	0.075105435421	9
1	0.25	1.0	0.0	-2.60553892011	0.313386175644	-0.540876946675	-2.60553892011	1.61705330283	0.207651336945	10
1	0.5	0.0	0.0	0.312157100881	0.462616805188	-0.613340867864	0.498942126026	1.2122804777	-0.686725911021	11
1	0.5	0.25	0.0	-0.387072177994	0.485099370097	-0.633571354796	-0.272515637715	1.29533924259	-0.616628670162	12
1	0.5	0.5	0.0	-1.11564816509	0.512698385614	-0.636620674073	-1.03215969573	1.4438764764	-0.502515290909	13
1	0.5	0.75	0.0	-1.84294060935	0.544447429932	-0.642376784787	-1.78556818931	1.59195924476	-0.361351170524	14
1	0.5	1.0	0.0	-2.53831925975	0.57938008124	-0.670727646029	-2.53831925975	1.67365461333	-0.210101706271	15
1	0.75	0.0	0.0	0.223283132154	0.620404250774	-0.865359448658	0.395575700608	1.2819819052	-1.06054332661	16
1	0.75	0.25	0.0	-0.414078510267	0.67004602313	-0.870198011541	-0.305225442498	1.34548622313	-1.02601821085	17
1	0.75	0.5	0.0	-1.10144850083	0.732129459644	-0.849093951373	-1.03744802573	1.46899235397	-0.930877324677	18
1	0.75	0.75	0.0	-1.80044219182	0.779316054458	-0.817283229213	-1.77022140483	1.60148661813	-0.792372922877	19
1	0.75	1.0	0.0	-2.47267493552	0.784267301715	-0.790001806119	-2.47267493552	1.69195533601	-0.627757260224	20
1	1.0	0.0	0.0	0.159793908	0.699984539	-1.097858562	0.320629413822	1.28133048156	-1.39519000851	21
1	1.0	0.25	0.0	-0.45592965435	0.768641546361	-1.08718998969	-0.359625356086	1.33221807633	-1.37259172047	22
1	1.0	0.5	0.0	-1.11717855876	0.85294068028	-1.04695907321	-1.08487994984	1.4489713721	-1.27847441319	23
1	1.0	0.75	0.0	-1.78951969554	0.900841407809	-0.994208088871	-1.79716720397	1.56578425824	-1.13583722682	24
1	1.0	1.0	0.0	-2.438519955	0.860303196	-0.945979313	-2.438519955	1.6168506241	-0.967679301498	25
2	0.0	0.0	0.0	0.159793908	0.699984539	-1.097858562	0.320629413822	1.28133048156	-1.39519000851	26
2	0.0	0.25	0.0	-0.45592965435	0.768641546361	-1.08718998969	-0.359625356086	1.33221807633	-1.37259172047	27
2	0.0	0.5	0.0	-1.11717855876	0.85294068028	-1.04695907321	-1.08487994984	1.4489713721	-1.27847441319	28
2	0.0	0.75	0.0	-1.78951969554	0.900841407809	-0.994208088871	-1.79716720397	1.56578425824	-1.13583722682	29
2	0.0	1.0	0.0	-2.438519955	0.860303196	-0.945979313	-2.438519955	1.6168506241	-0.967679301498	30
2	0.25	0.0	0.0	0.089242460336	0.676208715208	-1.36997836746	0.23484385931	1.19261500991	-1.76111895617	31
2	0.25	0.25	0.0	-0.524392563484	0.73174107617	-1.33967429969	-0.44313267293	1.20603808302	-1.72843608056	32
2	0.25	0.5	0.0	-1.16470720271	0.799423978295	-1.27161052071	-1.16062981522	1.29607779369	-1.61070456787	33
2	0.25	0.75	0.0	-1.81111601524	0.824365047719	-1.1837993111	-1.84985947482	1.38764091849	-1.43729282207	34
2	0.25	1.0	0.0	-2.443033559	0.751671910578	-1.09425295144	-2.443033559	1.405634234	-1.23756924714	35
2	0.5	0.0	0.0	-0.007605183512	0.579773054346	-1.68263543176	0.121688231443	1.0467481216	-2.16778799131	36
2	0.5	0.25	0.0	-0.599974951271	0.592083148903	-1.63139386218	-0.527851681495	0.986050902347	-2.13072948164	37
2	0.5	0.5	0.0	-1.21277372531	0.60873609974	-1.5304090615	-1.22387662257	1.00140100733	-1.99443666747	38
2	0.5	0.75	0.0	-1.83698086138	0.593680457668	-1.384811449	-1.89343512331	1.04870555211	-1.78238838134	39
2	0.5	1.0	0.0	-2.46357571528	0.510864773497	-1.19973144396	-2.46357571528	1.08387165223	-1.51806345581	40
2	0.75	0.0	0.0	-0.089496496854	0.434277844811	-1.97700371993	0.0266073329653	0.86001096268	-2.54385781726	41
2	0.75	0.25	0.0	-0.657368537054	0.397171135506	-1.9024482132	-0.596371620219	0.724872292235	-2.50322878109	42
2	0.75	0.5	0.0	-1.24687552671	0.36014586024	-1.76158443385	-1.27303783979	0.661905225134	-2.3462955147	43
2	0.75	0.75	0.0	-1.85727387182	0.310575391474	-1.55108329762	-1.92848830083	0.668038331466	-2.09212523026	44
2	0.75	1.0	0.0	-2.48781997841	0.235833101667	-1.26761572025	-2.48781997841	0.740200181316	-1.75978513991	45
2	1.0	0.0	0.0	-0.115178953	0.263323375	-2.194257197	-0.00495403337802	0.648684679193	-2.81798913731	46
2	1.0	0.25	0.0	-0.671265040176	0.194508406927	-2.09293688879	-0.631281727542	0.475118010618	-2.76969083628	47
2	1.0	0.5	0.0	-1.25251000706	0.132922075422	-1.90336637604	-1.30653093482	0.374554659223	-2.58290591229	48
2	1.0	0.75	0.0	-1.86215468442	0.0768376029564	-1.63645365202	-1.95561315878	0.364699428964	-2.28750469445	49
2	1.0	1.0	0.0	-2.503439903	0.024528212	-1.30310671	-2.503439903	0.463257123795	-1.91335751185	50
5	0.0	0.0	0.0	-0.115178953	0.263323375	-2.194257197	-0.00495403337802	0.648684679193	-2.81798913731	51
5	0.0	0.25	0.0	-0.671265040176	0.194508406927	-2.09293688879	-0.631281727542	0.475118010618	-2.76969083628	52
5	0.0	0.5	0.0	-1.25251000706	0.132922075422	-1.90336637604	-1.30653093482	0.374554659223	-2.58290591229	53
5	0.0	0.75	0.0	-1.86215468442	0.0768376029564	-1.63645365202	-1.95561315878	0.364699428964	-2.28750469445	54
5	0.0	1.0	0.0	-2.503439903	0.024528212	-1.30310671	-2.503439903	0.463257123795	-1.91335751185	55
5	0.25	0.0	0.0	-0.0369346807073	-0.374779323473	-2.421612962	0.103608454294	-0.158268270762	-3.17367599512	56
5	0.25	0.25	0.0	-0.606351294435	-0.469138278082	-2.2797650996	-0.581228656924	-0.350986809353	-3.09454195404	57
5	0.25	0.5	0.0	-1.20841884052	-0.518713378927	-1.99097306087	-1.29592675286	-0.449881649254	-2.84033995698	58
5	0.25	0.75	0.0	-1.84983331078	-0.53222250171	-1.62998185756	-1.97108203305	-0.439228709089	-2.48517263967	59
5	0.25	1.0	0.0	-2.53729069704	-0.518383522134	-1.27153650144	-2.53729069704	-0.303303907485	-2.10314263784	60
5	0.5	0.0	0.0	0.0856847103306	-1.23084311199	-2.34481170846	0.303442123756	-1.25168379773	-3.22700244723	61
5	0.5	0.25	0.0	-0.513658634735	-1.32721891866	-2.21127272514	-0.420294517304	-1.4514777078	-3.11556797489	62
5	0.5	0.5	0.0	-1.15241044544	-1.33863944636	-1.88796746938	-1.17781847501	-1.5233702074	-2.83470549978	63
5	0.5	0.75	0.0	-1.83856986096	-1.29480107252	-1.48048684599	-1.9156066694	-1.46807479348	-2.48235578989	64
5	0.5	1.0	0.0	-2.58013602049	-1.22540017453	-1.09442175976	-2.58013602049	-1.28630496296	-2.15645961321	65
5	0.75	0.0	0.0	0.210587953953	-2.08812575901	-2.06575274118	0.525404736616	-2.34137652337	-3.01169760532	66
5	0.75	0.25	0.0	-0.418625728764	-2.17666280443	-1.95907364303	-0.229997256356	-2.53711436345	-2.87307137935	67
5	0.75	0.5	0.0	-1.0926037836	-2.13591040911	-1.64190506226	-1.02362323481	-2.56814090209	-2.59300283211	68
5	0.75	0.75	0.0	-1.81822565645	-2.02570665897	-1.22494811546	-1.82467911001	-2.46260987004	-2.28303908254	69
5	0.75	1.0	0.0	-2.60237079321	-1.90588963991	-0.818903919203	-2.60237079321	-2.24867499802	-2.05472724958	70
5	1.0	0.0	0.0	0.295683784	-2.729885033	-1.686335365	0.700354054482	-3.13716106932	-2.5614905811	71
5	1.0	0.25	0.0	-0.346691244211	-2.81439922506	-1.59478173093	-0.0918548217516	-3.31865645504	-2.40735464798	72
5	1.0	0.5	0.0	-1.03711781681	-2.71958054942	-1.30034130021	-0.904758165804	-3.30642362019	-2.14223224541	73
5	1.0	0.75	0.0	-1.77866201876	-2.53974781057	-0.900345164135	-1.73379139708	-3.16360498458	-1.89120745505	74
5	1.0	1.0	0.0	-2.574389935	-2.369219813	-0.492124414	-2.574389935	-2.95334296805	-1.77936435854	75
6	0.0	0.0	0.0	0.295683784	-2.729885033	-1.686335365	0.700354054482	-3.13716106932	-2.5614905811	76
6	0.0	0.25	0.0	-0.346691244211	-2.81439922506	-1.59478173093	-0.0918548217516	-3.31865645504	-2.40735464798	77
6	0.0	0.5	0.0	-1.03711781681	-2.71958054942	-1.30034130021	-0.904758165804	-3.30642362019	-2.14223224541	78
6	0.0	0.75	0.0	-1.77866201876	-2.53974781057	-0.900345164135	-1.73379139708	-3.16360498458	-1.89120745505	79
6	0.0	1.0	0.0	-2.574389935	-2.369219813	-0.492124414	-2.574389935	-2.95334296805	-1.77936435854	80
6	0.25	0.0	0.0	0.36272238345	-3.11690984759	-1.18535341086	0.796166155609	-3.61746220178	-1.90792467742	81
6	0.25	0.25	0.0	-0.271316746517	-3.16504234416	-1.09480511606	-0.00342274626488	-3.76156022295	-1.76913688761	82
6	0.25	0.5	0.0	-0.953683215107	-3.01264717885	-0.845482702718	-0.81379646957	-3.69831297183	-1.5609106537	83
6	0.25	0.75	0.0	-1.68652683137	-2.77414843909	-0.501375547564	-1.63622977028	-3.52011960998	-1.37705947923	84
6	0.25	1.0	0.0	-2.47199740437	-2.56397021236	-0.126473027348	-2.47199740437	-3.31937929894	-1.31139686775	85
6	0.5	0.0	0.0	0.451041870087	-3.43369288837	-0.482266061427	0.861660496685	-4.02516121184	-1.03832570772	86
6	0.5	0.25	0.0	-0.16444701738	-3.41032146917	-0.39016252407	0.0961627606093	-4.12223237622	-0.932801925523	87
6	0.5	0.5	0.0	-0.824972280199	-3.20899631017	-0.201145228562	-0.694942060976	-4.0221189384	-0.808707387647	88
6	0.5	0.75	0.0	-1.53554456292	-2.93717552845	0.0617846160755	-1.49845435543	-3.82567171483	-0.691106765842	89
6	0.5	1.0	0.0	-2.30117451011	-2.70231724108	0.375625800819	-2.30117451011	-3.63374152196	-0.605064731858	90
6	0.75	0.0	0.0	0.52650412693	-3.63272238598	0.267520988719	0.902861161599	-4.26788704287	-0.120520613124	91
6	0.75	0.25	0.0	-0.070188799174	-3.54848803569	0.355638199984	0.177056025965	-4.33431282764	-0.055938717047	92
6	0.75	0.5	0.0	-0.707482929535	-3.32138902611	0.483077206569	-0.5910197404	-4.22885806712	-0.0177873123388	93
6	0.75	0.75	0.0	-1.38970190022	-3.03862925923	0.660576100817	-1.36816268299	-4.04275691735	0.0349667619113	94
6	0.75	1.0	0.0	-2.12116934729	-2.78741263701	0.898872975077	-2.12116934729	-3.86724353438	0.143356666614	95
6	1.0	0.0	0.0	0.554971037	-3.666486571	0.908602045	0.92579223424	-4.25326863824	0.67766366521	96
6	1.0	0.25	0.0	-0.0326488342751	-3.57779347936	0.979089211033	0.209411376894	-4.33144149	0.703863782497	97
6	1.0	0.5	0.0	-0.657713080566	-3.36258640943	1.05759068698	-0.54485430822	-4.26954690524	0.679684707151	98
6	1.0	0.75	0.0	-1.31298553007	-3.08830981204	1.16643968069	-1.29305228341	-4.1338708358	0.669477180823	99
6	1.0	1.0	0.0	-1.991230011	-2.822408138	1.3279694	-1.991230011	-3.99069923347	0.737591945166	100
9	0.0	0.0	0.0	0.554971037	-3.666486571	0.908602045	0.92579223424	-4.25326863824	0.67766366521	101
9	0.0	0.25	0.0	-0.0326488342751	-3.57779347936	0.979089211033	0.209411376894	-4.33144149	0.703863782497	102
9	0.0	0.5	0.0	-0.657713080566	-3.36258640943	1.05759068698	-0.54485430822	-4.26954690524	0.679684707151	103
9	0.0	0.75	0.0	-1.31298553007	-3.08830981204	1.16643968069	-1.29305228341	-4.1338708358	0.669477180823	104
9	0.0	1.0	0.0	-1.991230011	-2.822408138	1.3279694	-1.991230011	-3.99069923347	0.737591945166	105
9	0.25	0.0	0.0	0.556574482102	-3.45555727044	1.4731939296	0.926362534999	-3.91772409657	1.36831135759	106
9	0.25	0.25	0.0	-0.00978686410466	-3.4194356774	1.56583507322	0.227001952699	-4.02904216267	1.4131487816	107
9	0.25	0.5	0.0	-0.619347872824	-3.27587284713	1.67193095854	-0.501537941509	-4.03857130028	1.43010112285	108
9	0.25	0.75	0.0	-1.24501282613	-3.07003181691	1.78878993608	-1.21263973273	-3.98085076542	1.44051049757	109
9	0.25	1.0	0.0	-1.85968600609	-2.84707562398	1.91372035635	-1.85968600609	-3.89041981413	1.46571902202	110
9	0.5	0.0	0.0	0.565920115411	-3.01990628426	2.06537688267	0.902154271158	-3.32217640475	2.06017695921	111
9	0.5	0.25	0.0	0.0425590851216	-3.04905313261	2.20983934782	0.261262200545	-3.45299280883	2.14881465591	112
9	0.5	0.5	0.0	-0.537328509423	-3.01396711862	2.36389975993	-0.41849331074	-3.52533154047	2.22932217835	113
9	0.5	0.75	0.0	-1.13567387929	-2.93593542407	2.51372049631	-1.09206565775	-3.54387662491	2.29446007661	114
9	0.5	1.0	0.0	-1.71440823554	-2.83624523073	2.64546393425	-1.71440823554	-3.51331208738	2.33698890075	115
9	0.75	0.0	0.0	0.571475818015	-2.4701596287	2.5628240814	0.859494127607	-2.58532672905	2.63511973261	116
9	0.75	0.25	0.0	0.0805863676022	-2.55863620069	2.7563083351	0.279925890819	-2.72691884013	2.76680162707	117
9	0.75	0.5	0.0	-0.47250295872	-2.62592374299	2.95744649706	-0.34839698922	-2.85175905733	2.9073179767	118
9	0.75	0.75	0.0	-1.04735969223	-2.67397616643	3.14550978891	-0.988535683803	-2.93945595459	3.03054356311	119
9	0.75	1.0	0.0	-1.60355136422	-2.70474738186	3.29976943227	-1.60355136422	-2.96961810585	3.11035316789	120
9	1.0	0.0	0.0	0.561709471	-1.91694332	2.843208703	0.80470878924	-1.82587623574	2.97499894037	121
9	1.0	0.25	0.0	0.0604923375356	-2.04017523734	3.05044833535	0.250726793908	-1.97444566826	3.12304991673	122
9	1.0	0.5	0.0	-0.485719189073	-2.1607972393	3.27652057585	-0.343925550259	-2.1397852824	3.29405862092	123
9	1.0	0.75	0.0	-1.04246126764	-2.27210957686	3.48843624143	-0.959255436236	-2.28409629482	3.44797860223	124
9	1.0	1.0	0.0	-1.575270057	-2.367412501	3.653206149	-1.575270057	-2.36957992219	3.54476340995	125
10	0.0	0.0	0.0	0.561709471	-1.91694332	2.843208703	0.80470878924	-1.82587623574	2.97499894037	126
10	0.0	0.25	0.0	0.0604923375356	-2.04017523734	3.05044833535	0.250726793908	-1.97444566826	3.12304991673	127
10	0.0	0.5	0.0	-0.485719189073	-2.1607972393	3.27652057585	-0.343925550259	-2.1397852824	3.29405862092	128
10	0.0	0.75	0.0	-1.04246126764	-2.27210957686	3.48843624143	-0.959255436236	-2.28409629482	3.44797860223	129
10	0.0	1.0	0.0	-1.575270057	-2.367412501	3.653206149	-1.575270057	-2.36957992219	3.54476340995	130
10	0.25	0.0	0.0	0.536879009533	-1.60655855155	2.81404219573	0.752585786275	-1.37033062991	2.97502055578	131
10	0.25	0.25	0.0	0.00398016651617	-1.72332898024	3.00211048519	0.181007709614	-1.48519603804	3.12248345008	132
10	0.25	0.5	0.0	-0.558997853999	-1.81725256944	3.22393145488	-0.416598808736	-1.60597897278	3.30201063948	133
10	0.25	0.75	0.0	-1.12045261982	-1.90197007846	3.4315130346	-1.02995490084	-1.71618246467	3.46051411519	134
10	0.25	1.0	0.0	-1.64878169875	-1.99112226662	3.57686315414	-1.64878169875	-1.79930954426	3.54490586841	135
10	0.5	0.0	0.0	0.498046662295	-1.26695181719	2.63597245743	0.676697914045	-0.850701791945	2.82346790493	136
10	0.5	0.25	0.0	-0.071385861235	-1.39161228773	2.77616923988	0.0687069766125	-0.926678246513	2.95546302981	137
10	0.5	0.5	0.0	-0.660111930326	-1.49048214841	2.95525490338	-0.552474710844	-1.01379747231	3.11152250798	138
10	0.5	0.75	0.0	-1.2421390795	-1.57959184627	3.11779360653	-1.17611327519	-1.10066394016	3.24322661729	139
10	0.5	1.0	0.0	-1.79147484329	-1.67497182836	3.20834950792	-1.79147484329	-1.17588212088	3.3021556356	140
10	0.75	0.0	0.0	0.464621921159	-0.955431937982	2.38314462267	0.603660685907	-0.366067390406	2.58604762595	141
10	0.75	0.25	0.0	-0.136543237406	-1.09866724341	2.46007576656	-0.0439801994482	-0.405524263182	2.68879323697	142
10	0.75	0.5	0.0	-0.756271086142	-1.22999629113	2.57135791689	-0.706148850172	-0.466357586626	2.79292794377	143
10	0.75	0.75	0.0	-1.3719174375	-1.34531736463	2.65946130088	-1.35453743032	-0.540284517548	2.87796276921	144
10	0.75	1.0	0.0	-1.96083810393	-1.44052874742	2.66685614574	-1.96083810393	-0.619022212756	2.92340873614	145
10	1.0	0.0	0.0	0.456014278	-0.729307735	2.129703826	0.56008961522	-0.0155050938353	2.32846635698	146
10	1.0	0.25	0.0	-0.162429453686	-0.898135930871	2.14128123236	-0.114858612918	-0.0283660575677	2.38927865262	147
10	1.0	0.5	0.0	-0.814684989536	-1.08530531249	2.17310749096	-0.832216820313	-0.0667761213347	2.41656066421	148
10	1.0	0.75	0.0	-1.47418448462	-1.23948911786	2.16869946132	-1.52203423725	-0.137787993048	2.4465692316	149
10	1.0	1.0	0.0	-2.114360094	-1.309360585	2.071574003	-2.114360094	-0.248454380621	2.51556119463	150
13	0.0	0.0	0.0	0.456014278	-0.729307735	2.129703826	0.56008961522	-0.0155050938353	2.32846635698	151
13	0.0	0.25	0.0	-0.162429453686	-0.898135930871	2.14128123236	-0.114858612918	-0.0283660575677	2.38927865262	152
13	0.0	0.5	0.0	-0.814684989536	-1.08530531249	2.17310749096	-0.832216820313	-0.0667761213347	2.41656066421	153
13	0.0	0.75	0.0	-1.47418448462	-1.23948911786	2.16869946132	-1.52203423725	-0.137787993048	2.4465692316	154
13	0.0	1.0	0.0	-2.114360094	-1.309360585	2.071574003	-2.114360094	-0.248454380621	2.51556119463	155
13	0.25	0.0	0.0	0.463444808019	-0.582633449212	1.8769456163	0.560818425567	0.20395186486	2.07863864215	156
13	0.25	0.25	0.0	-0.163218695367	-0.776317944407	1.85897615648	-0.143439274012	0.198216456803	2.12736693624	157
13	0.25	0.5	0.0	-0.826831690731	-1.03258559504	1.85919713496	-0.894570729235	0.149485163234	2.12564222818	158
13	0.25	0.75	0.0	-1.51364107629	-1.25223162435	1.79875999657	-1.61068565102	0.0537345955572	2.11892145079	159
13	0.25	1.0	0.0	-2.20989375027	-1.3360512556	1.59881618614	-2.20989375027	-0.093058634826	2.15266153692	160
13	0.5	0.0	0.0	0.469269948697	-0.439184418637	1.56405911661	0.594072333099	0.40455377873	1.79199014304	161
13	0.5	0.25	0.0	-0.175241903497	-0.65281125877	1.54270058424	-0.164730306871	0.402950776849	1.86062125494	162
13	0.5	0.5	0.0	-0.834245378922	-0.979674661838	1.54202848919	-0.935144383157	0.328321619483	1.87562890789	163
13	0.5	0.75	0.0	-1.53240611261	-1.28579677773	1.44757472699	-1.66306561949	0.200228665019	1.8428155503	164
13	0.5	1.0	0.0	-2.29438973958	-1.43719975635	1.14487119319	-2.29438973958	0.0382342718459	1.76798363059	165
13	0.75	0.0	0.0	0.476508821527	-0.300343213242	1.24101138736	0.652567639029	0.575700781176	1.49951379196	166
13	0.75	0.25	0.0	-0.200805456557	-0.519751817968	1.22255888407	-0.169493254184	0.585858733605	1.59894926506	167
13	0.75	0.5	0.0	-0.859752284724	-0.889661780362	1.22077055176	-0.967965346927	0.505023251454	1.64331220985	168
13	0.75	0.75	0.0	-1.56520536261	-1.25726362537	1.10631985757	-1.71482245391	0.369744773159	1.61181991077	169
13	0.75	1.0	0.0	-2.38203838986	-1.46974787793	0.749880268635	-2.38203838986	0.21657373715	1.48368965223	170
13	1.0	0.0	0.0	0.488180548	-0.167492403	0.957769489	0.72902064457	0.706793005599	1.23220252124	171
13	1.0	0.25	0.0	-0.242215733025	-0.369275566011	0.928655424412	-0.148489658639	0.746962158102	1.35225862295	172
13	1.0	0.5	0.0	-0.92617863875	-0.725636218078	0.894592320793	-1.00706118539	0.714880063191	1.4054836406	173
13	1.0	0.75	0.0	-1.64676459535	-1.08371121461	0.766171593277	-1.80160446556	0.630333477796	1.41950291286	174
13	1.0	1.0	0.0	-2.487030029	-1.290637411	0.453984657	-2.487030029	0.513109158842	1.42194177841	175
14	0.0	0.0	0.0	0.488180548	-0.167492403	0.957769489	0.72902064457	0.706793005599	1.23220252124	176
14	0.0	0.25	0.0	-0.242215733025	-0.369275566011	0.928655424412	-0.148489658639	0.746962158102	1.35225862295	177
14	0.0	0.5	0.0	-0.92617863875	-0.725636218078	0.894592320793	-1.00706118539	0.714880063191	1.4054836406	178
14	0.0	0.75	0.0	-1.64676459535	-1.08371121461	0.766171593277	-1.80160446556	0.630333477796	1.41950291286	179
14	0.0	1.0	0.0	-2.487030029	-1.290637411	0.453984657	-2.487030029	0.513109158842	1.42194177841	180
14	0.25	0.0	0.0	0.493281095551	-0.0657656756343	0.712698539958	0.779422799311	0.804059056505	0.976378038139	181
14	0.25	0.25	0.0	-0.27274627859	-0.22316208854	0.672608737483	-0.112386872304	0.875345545345	1.10390897822	182
14	0.25	0.5	0.0	-0.994908855278	-0.515500898129	0.607336990511	-1.00628213873	0.911740811217	1.17471820572	183
14	0.25	0.75	0.0	-1.74049698853	-0.810265856065	0.484906493355	-1.84638089406	0.911087770532	1.25466427005	184
14	0.25	1.0	0.0	-2.57680103236	-0.974940714013	0.273340440325	-2.57680103236	0.871229339697	1.40960572064	185
14	0.5	0.0	0.0	0.485481144705	0.0198770368553	0.428349620371	0.78940713652	0.901506516464	0.659902005575	186
14	0.5	0.25	0.0	-0.286544002247	-0.0778980613799	0.394231196366	-0.0834051669892	0.990655577421	0.795901076635	187
14	0.5	0.5	0.0	-1.04014753229	-0.287472849174	0.333354324763	-0.956970167684	1.07500656144	0.919634189346	188
14	0.5	0.75	0.0	-1.81007024099	-0.508718170517	0.242504986223	-1.81246153138	1.14952629908	1.05690439694	189
14	0.5	1.0	0.0	-2.63105292391	-0.641504869396	0.118469161406	-2.63105292391	1.20918162089	1.23351475267	190
14	0.75	0.0	0.0	0.468774034007	0.0958605409172	0.140967703599	0.762504695479	0.986613503341	0.325149760195	191
14	0.75	0.25	0.0	-0.300070473186	0.0531600704186	0.114350256873	-0.088884918099	1.08653823652	0.462425700316	192
14	0.75	0.5	0.0	-1.07558146247	-0.0701656859222	0.0677192680557	-0.92326775425	1.20973631745	0.628096873507	193
14	0.75	0.75	0.0	-1.85926842151	-0.208560560655	0.00486232374363	-1.7685507489	1.34100322653	0.794286628611	194
14	0.75	1.0	0.0	-2.652640838	-0.296468386331	-0.0704329894666	-2.652640838	1.46513444417	0.933118314468	195
14	1.0	0.0	0.0	0.447153102	0.168609643	-0.113202237	0.702246515475	1.046858135	0.0144966386482	196
14	1.0	0.25	0.0	-0.329787260597	0.156655861805	-0.146206625186	-0.156166501039	1.15663950481	0.13767363138	197
14	1.0	0.5	0.0	-1.11489743847	0.107806976922	-0.194493235104	-0.969317380429	1.32098908279	0.287971540239	198
14	1.0	0.75	0.0	-1.89187559886	0.0607145708277	-0.262126242219	-1.78335291799	1.48087271595	0.434874300141	199
14	1.0	1.0	0.0	-2.644419909	0.054030226	-0.353169822	-2.644419909	1.57725625129	0.547865846007	200
17	0.0	0.0	0.0	3.767299734	0.417024474	0.287086573	3.84220208098	0.937402160971	0.0530128157218	201
17	0.0	0.25	0.0	3.32585409044	0.366673295695	0.163919359912	3.4505536908	0.939565512382	0.0266452368405	202
17	0.0	0.5	0.0	2.86168027595	0.368091280206	0.10205470666	3.05196395999	0.967628327486	-0.00110881067252	203
17	0.0	0.75	0.0	2.40687370574	0.381972676364	0.0715979863283	2.65871701529	1.00511557124	-0.0188127590682	204
17	0.0	1.0	0.0	1.993529795	0.369011733	0.042654572	2.2830969834	1.03555220858	-0.0150300405973	205
17	0.25	0.0	0.0	3.72882049316	0.561448567831	0.122713413081	3.79975555201	1.06379650974	-0.0872466218027	206
17	0.25	0.25	0.0	3.3020315561	0.528735313408	-0.0186178895847	3.42276387142	1.06937039187	-0.162012745113	207
17	0.25	0.5	0.0	2.83541005735	0.534139121897	-0.108943500272	3.01962862772	1.09248517098	-0.236184606681	208
17	0.25	0.75	0.0	2.37317919791	0.539985464294	-0.165132999469	2.61440034334	1.11742694398	-0.297212079521	209
17	0.25	1.0	0.0	1.95956217877	0.508599811596	-0.20405596766	2.23112954067	1.1284818078	-0.332545036645	210
17	0.5	0.0	0.0	3.65754669496	0.769182036714	-0.00412638093918	3.77757025653	1.2395308278	-0.245985741234	211
17	0.5	0.25	0.0	3.22890403699	0.742131982535	-0.181447873029	3.38709707001	1.24391823179	-0.369721534766	212
17	0.5	0.5	0.0	2.77636681884	0.736750874866	-0.322871434634	2.97173201654	1.24654982871	-0.493204485933	213
17	0.5	0.75	0.0	2.33113440557	0.717753719027	-0.427911988175	2.55631652732	1.23967383083	-0.602312310892	214
17	0.5	1.0	0.0	1.92440616227	0.649855520335	-0.496084456077	2.16569203354	1.21553845044	-0.682922725798	215
17	0.75	0.0	0.0	3.58713436178	0.954155970491	-0.127847375989	3.77289328106	1.38125620947	-0.434225207573	216
17	0.75	0.25	0.0	3.14861235575	0.938848548497	-0.338450757937	3.36239746148	1.39455609498	-0.598029165119	217
17	0.75	0.5	0.0	2.71190857169	0.919981190753	-0.52909421072	2.93467990185	1.37773177644	-0.760376881277	218
17	0.75	0.75	0.0	2.28874892276	0.870812855669	-0.683483806567	2.51011961114	1.33718539889	-0.905687455927	219
17	0.75	1.0	0.0	1.89085932213	0.764602501656	-0.785325617706	2.10909559834	1.27931910736	-1.01837998895	220
17	1.0	0.0	0.0	3.551239516	1.030301459	-0.282864139	3.78297171217	1.40562374911	-0.662985685821	221
17	1.0	0.25	0.0	3.10329733506	1.05087025672	-0.503506711824	3.36750922075	1.45263104428	-0.848483669173	222
17	1.0	0.5	0.0	2.6693933272	1.0278847212	-0.71697694283	2.93487805903	1.43394048993	-1.02591022556	223
17	1.0	0.75	0.0	2.25403234348	0.954698289328	-0.898593281421	2.50146363869	1.37529081524	-1.17891151737	224
17	1.0	1.0	0.0	1.861719235	0.824664398	-1.023674177	2.08365137138	1.30242074941	-1.291133707	225
18	0.0	0.0	0.0	1.993529795	0.369011733	0.042654572	2.2830969834	1.03555220858	-0.0150300405973	226
18	0.0	0.25	0.0	1.63745969463	0.316511237574	0.00213577303014	1.94327723301	1.04186322049	-0.0108532290404	227
18	0.0	0.5	0.0	1.24790449503	0.246712459054	-0.0451423116303	1.56120232555	1.03466090429	-0.0174093299016	228
18	0.0	0.75	0.0	0.844567772168	0.187962795006	-0.0874861567257	1.14486213003	1.03073072184	-0.0153941162993	229
18	0.0	1.0	0.0	0.447153102	0.168609643	-0.113202237	0.702246515475	1.046858135	0.0144966386482	230
18	0.25	0.0	0.0	1.95956217877	0.508599811596	-0.20405596766	2.23112954067	1.1284818078	-0.332545036645	231
18	0.25	0.25	0.0	1.60360322068	0.441995279311	-0.242084348743	1.88344001928	1.12202453276	-0.347178479895	232
18	0.25	0.5	0.0	1.20938498009	0.368553701366	-0.286417623604	1.48892790178	1.11203531368	-0.353224880297	233
18	0.25	0.75	0.0	0.799537112063	0.310652601265	-0.3279103418	1.05987333625	1.10777038108	-0.344474820309	234
18	0.25	1.0	0.0	0.396689271668	0.290669502508	-0.357417052888	0.608556470756	1.11848596549	-0.314718882391	235
18	0.5	0.0	0.0	1.92440616227	0.649855520335	-0.496084456077	2.16569203354	1.21553845044	-0.682922725798	236
18	0.5	0.25	0.0	1.5543148136	0.564936255258	-0.536053759013	1.80157921057	1.19357668882	-0.718989908991	237
18	0.5	0.5	0.0	1.14101188579	0.502406802205	-0.567457805301	1.38723685497	1.1894531261	-0.722925187633	238
18	0.5	0.75	0.0	0.716343830872	0.466792029431	-0.592489279923	0.945434611772	1.19755773238	-0.707810031663	239
18	0.5	1.0	0.0	0.312157100881	0.462616805188	-0.613340867864	0.498942126026	1.2122804777	-0.686725911021	240
18	0.75	0.0	0.0	1.89085932213	0.764602501656	-0.785325617706	2.10909559834	1.27931910736	-1.01837998895	241
18	0.75	0.25	0.0	1.50511102745	0.663713754868	-0.831430177262	1.72421530136	1.24447860618	-1.07139321115	242
18	0.75	0.5	0.0	1.07112663269	0.615265099637	-0.850620603394	1.28888145966	1.24590027421	-1.07951730997	243
18	0.75	0.75	0.0	0.630114535156	0.605435582694	-0.85717199442	0.835274712869	1.26469705828	-1.0676135827	244
18	0.75	1.0	0.0	0.223283132154	0.620404250774	-0.865359448658	0.395575700608	1.2819819052	-1.06054332661	245
18	1.0	0.0	0.0	1.861719235	0.824664398	-1.023674177	2.08365137138	1.30242074941	-1.291133707	246
18	1.0	0.25	0.0	1.47150841631	0.716707367595	-1.07987132297	1.67786878614	1.26268920236	-1.34949408121	247
18	1.0	0.5	0.0	1.02807064136	0.674121931727	-1.09826376456	1.22661399043	1.26036269063	-1.37600830539	248
18	1.0	0.75	0.0	0.575975831477	0.675637764246	-1.09790750862	0.763122395802	1.27379264133	-1.38609930575	249
18	1.0	1.0	0.0	0.159793908	0.699984539	-1.097858562	0.320629413822	1.28133048156	-1.39519000851	250
19	0.0	0.0	0.0	3.551239516	1.030301459	-0.282864139	3.78297171217	1.40562374911	-0.662985685821	251
19	0.0	0.25	0.0	3.10329733506	1.05087025672	-0.503506711824	3.36750922075	1.45263104428	-0.848483669173	252
19	0.0	0.5	0.0	2.6693933272	1.0278847212	-0.71697694283	2.93487805903	1.43394048993	-1.02591022556	253
19	0.0	0.75	0.0	2.25403234348	0.954698289328	-0.898593281421	2.50146363869	1.37529081524	-1.17891151737	254
19	0.0	1.0	0.0	1.861719235	0.824664398	-1.023674177	2.08365137138	1.30242074941	-1.291133707	255
19	0.25	0.0	0.0	3.53889716591	0.97630148966	-0.3808256576	3.80020857199	1.3111170907	-0.831642117593	256
19	0.25	0.25	0.0	3.08616799779	1.02258264876	-0.624525747681	3.38625242945	1.38293653108	-1.04230326136	257
19	0.25	0.5	0.0	2.64708564206	1.01320980528	-0.866062085965	2.95143858898	1.38578938714	-1.24294124691	258
19	0.25	0.75	0.0	2.22497268858	0.947639705284	-1.07660318659	2.50710042879	1.34416195484	-1.41343676244	259
19	0.25	1.0	0.0	1.82315172721	0.825329094829	-1.22731756368	2.06457132714	1.28254053014	-1.53367049613	260
19	0.5	0.0	0.0	3.51554318571	0.852731602136	-0.450741657195	3.82677050331	1.13878580356	-1.00825779077	261
19	0.5	0.25	0.0	3.05916710278	0.911030240389	-0.746553922036	3.40813767709	1.22468921241	-1.25931222848	262
19	0.5	0.5	0.0	2.61859101498	0.924501627913	-1.03674856543	2.96617928364	1.26444792695	-1.49465999307	263
19	0.5	0.75	0.0	2.18874759217	0.885880387958	-1.2915953555	2.50510427714	1.26257294941	-1.69743963482	264
19	0.5	1.0	0.0	1.76456950422	0.787901143774	-1.48136406034	2.02912161176	1.22357528202	-1.85078970398	265
19	0.75	0.0	0.0	3.4880801719	0.704471942544	-0.490781648943	3.85527381958	0.941503036226	-1.16236144576	266
19	0.75	0.25	0.0	3.03059040674	0.764271359449	-0.841918045729	3.4325097592	1.03256219415	-1.4555661681	267
19	0.75	0.5	0.0	2.59122378583	0.795412729352	-1.18496371084	2.9842353886	1.10364424149	-1.72930468008	268
19	0.75	0.75	0.0	2.15572970814	0.782136098798	-1.4878020531	2.50871445939	1.13810908768	-1.96962215267	269
19	0.75	1.0	0.0	1.70985757261	0.708681514332	-1.71831648134	2.00421072318	1.11931664218	-2.16256375688	270
19	1.0	0.0	0.0	3.463410721	0.576402657	-0.499115144	3.87833483422	0.772141937252	-1.26348182296	271
19	1.0	0.25	0.0	3.00873366637	0.630364333777	-0.8829449296	3.45871347134	0.86122858221	-1.58712067783	272
19	1.0	0.5	0.0	2.57229829446	0.659595649855	-1.26663485179	3.01074214946	0.937106462896	-1.89511352397	273
19	1.0	0.75	0.0	2.13629169033	0.649122599255	-1.60945554433	2.53117025123	0.978355658376	-2.16868633415	274
19	1.0	1.0	0.0	1.682900939	0.583971176	-1.870677641	2.01674715933	0.963556247715	-2.38906508114	275
20	0.0	0.0	0.0	1.861719235	0.824664398	-1.023674177	2.08365137138	1.30242074941	-1.291133707	276
20	0.0	0.25	0.0	1.47150841631	0.716707367595	-1.07987132297	1.67786878614	1.26268920236	-1.34949408121	277
20	0.0	0.5	0.0	1.02807064136	0.674121931727	-1.09826376456	1.22661399043	1.26036269063	-1.37600830539	278
20	0.0	0.75	0.0	0.575975831477	0.675637764246	-1.09790750862	0.763122395802	1.27379264133	-1.38609930575	279
20	0.0	1.0	0.0	0.159793908	0.699984539	-1.097858562	0.320629413822	1.28133048156	-1.39519000851	280
20	0.25	0.0	0.0	1.82315172721	0.825329094829	-1.22731756368	2.06457132714	1.28254053014	-1.53367049613	281
20	0.25	0.25	0.0	1.4285086746	0.72106083267	-1.30631408295	1.63622030685	1.24260445273	-1.61098638688	282
20	0.25	0.5	0.0	0.978537879633	0.672107333406	-1.35040608926	1.16462597906	1.22620229961	-1.68014603298	283
20	0.25	0.75	0.0	0.517396691733	0.662484619948	-1.36861903372	0.68557245835	1.2154878817	-1.73293002567	284
20	0.25	1.0	0.0	0.089242460336	0.676208715208	-1.36997836746	0.23484385931	1.19261500991	-1.76111895617	285
20	0.5	0.0	0.0	1.76456950422	0.787901143774	-1.48136406034	2.02912161176	1.22357528202	-1.85078970398	286
20	0.5	0.25	0.0	1.35619035943	0.69125945103	-1.58728876854	1.57356864219	1.18344103868	-1.95653936621	287
20	0.5	0.5	0.0	0.894961596761	0.627809473335	-1.654150947	1.07371138077	1.15112015436	-2.05453800279	288
20	0.5	0.75	0.0	0.425493115885	0.592373308502	-1.68493752499	0.574700889773	1.11082004377	-2.1299120618	289
20	0.5	1.0	0.0	-0.007605183512	0.579773054346	-1.68263543176	0.121688231443	1.0467481216	-2.16778799131	290
20	0.75	0.0	0.0	1.70985757261	0.708681514332	-1.71831648134	2.00421072318	1.11931664218	-2.16256375688	291
20	0.75	0.25	0.0	1.28824946209	0.619621035384	-1.85077328734	1.52647065114	1.07795700582	-2.29597289151	292
20	0.75	0.5	0.0	0.817932988783	0.540598154271	-1.93974559406	1.0013313252	1.03046340093	-2.41312455332	293
20	0.75	0.75	0.0	0.343740290022	0.477016035807	-1.98267515406	0.4832308507	0.962569996785	-2.500319332	294
20	0.75	1.0	0.0	-0.089496496854	0.434277844811	-1.97700371993	0.0266073329653	0.86001096268	-2.54385781726	295
20	1.0	0.0	0.0	1.682900939	0.583971176	-1.870677641	2.01674715933	0.963556247715	-2.38906508114	296
20	1.0	0.25	0.0	1.25838197388	0.498463398444	-2.02474554695	1.53148319265	0.918910399789	-2.5391068351	297
20	1.0	0.5	0.0	0.788043251743	0.409843178971	-2.13743728669	0.994946941949	0.85957918534	-2.66984602306	298
20	1.0	0.75	0.0	0.315613400231	0.328125007763	-2.19764409258	0.463885501761	0.773518609948	-2.76742575411	299
20	1.0	1.0	0.0	-0.115178953	0.263323375	-2.194257197	-0.00495403337802	0.648684679193	-2.81798913731	300
25	0.0	0.0	0.0	3.463410721	0.576402657	-0.499115144	3.87833483422	0.772141937252	-1.26348182296	301
25	0.0	0.25	0.0	3.00873366637	0.630364333777	-0.8829449296	3.45871347134	0.86122858221	-1.58712067783	302
25	0.0	0.5	0.0	2.57229829446	0.659595649855	-1.26663485179	3.01074214946	0.937106462896	-1.89511352397	303
25	0.0	0.75	0.0	2.13629169033	0.649122599255	-1.60945554433	2.53117025123	0.978355658376	-2.16868633415	304
25	0.0	1.0	0.0	1.682900939	0.583971176	-1.870677641	2.01674715933	0.963556247715	-2.38906508114	305
25	0.25	0.0	0.0	3.4476915093	0.27747335481	-0.453846500984	3.93894004679	0.360030793856	-1.36415387437	306
25	0.25	0.25	0.0	2.99418653167	0.283036047898	-0.836274620834	3.53594785928	0.387646910436	-1.72019878391	307
25	0.25	0.5	0.0	2.5528815752	0.25319705935	-1.24624048324	3.09594828104	0.389960516961	-2.07426372411	308
25	0.25	0.75	0.0	2.11525384337	0.18871299052	-1.62762152184	2.62407694266	0.364717258512	-2.39314588474	309
25	0.25	1.0	0.0	1.67278053966	0.0903404427624	-1.92429517029	2.12546947478	0.30966278017	-2.64364245556	310
25	0.5	0.0	0.0	3.48357524596	-0.0702798287031	-0.362138038414	4.02111612582	-0.12555950185	-1.35718097563	311
25	0.5	0.25	0.0	3.01684507438	-0.142793579412	-0.69482987857	3.62516997599	-0.214424609478	-1.70774795322	312
25	0.5	0.5	0.0	2.55559925717	-0.240746482224	-1.05819038859	3.18392032758	-0.313960357779	-2.0492086935	313
25	0.5	0.75	0.0	2.10538974342	-0.365188399096	-1.40866181389	2.71578517385	-0.422277562769	-2.35893290465	314
25	0.5	1.0	0.0	1.67176848219	-0.517169191981	-1.70268639987	2.23918250803	-0.537487040467	-2.61429029483	315
25	0.75	0.0	0.0	3.53972923063	-0.409063939614	-0.229701892888	4.10830529387	-0.58267687234	-1.25833219391	316
25	0.75	0.25	0.0	3.05821209755	-0.565163516878	-0.497483670594	3.71576156464	-0.794215426232	-1.57442918568	317
25	0.75	0.5	0.0	2.5777899128	-0.729310301502	-0.784507983351	3.27465022895	-0.996595872942	-1.86854981907	318
25	0.75	0.75	0.0	2.11412884059	-0.910965135274	-1.0701114211	2.81365855614	-1.19052582112	-2.13569073499	319
25	0.75	1.0	0.0	1.68289504512	-1.11958885998	-1.33363057377	2.36147381557	-1.37671287941	-2.37084857438	320
25	1.0	0.0	0.0	3.584820763	-0.681086024	-0.062250201	4.18394977347	-0.909369240087	-1.08337659636	321
25	1.0	0.25	0.0	3.09979040421	-0.902112733228	-0.283108964695	3.79710436845	-1.20095498852	-1.34490348119	322
25	1.0	0.5	0.0	2.61679211449	-1.11956972512	-0.507216683028	3.36812992502	-1.47988574015	-1.58088848773	323
25	1.0	0.75	0.0	2.14890058502	-1.3470007837	-0.729505344097	2.92506070091	-1.74792453218	-1.79306271691	324
25	1.0	1.0	0.0	1.709190507	-1.597949693	-0.944906936	2.49593095389	-2.00683440186	-1.98315726965	325
26	0.0	0.0	0.0	1.682900939	0.583971176	-1.870677641	2.01674715933	0.963556247715	-2.38906508114	326
26	0.0	0.25	0.0	1.25838197388	0.498463398444	-2.02474554695	1.53148319265	0.918910399789	-2.5391068351	327
26	0.0	0.5	0.0	0.788043251743	0.409843178971	-2.13743728669	0.994946941949	0.85957918534	-2.66984602306	328
26	0.0	0.75	0.0	0.315613400231	0.328125007763	-2.19764409258	0.463885501761	0.773518609948	-2.76742575411	329
26	0.0	1.0	0.0	-0.115178953	0.263323375	-2.194257197	-0.00495403337802	0.648684679193	-2.81798913731	330
26	0.25	0.0	0.0	1.67278053966	0.0903404427624	-1.92429517029	2.12546947478	0.30966278017	-2.64364245556	331
26	0.25	0.25	0.0	1.26949880478	-0.0209894986932	-2.11879490663	1.65637585417	0.233989008241	-2.81828806472	332
26	0.25	0.5	0.0	0.827840941249	-0.148491334168	-2.2876544508	1.13104178079	0.128512234497	-2.9820523543	333
26	0.25	0.75	0.0	0.381224071834	-0.272857222736	-2.39916380264	0.597456299288	-0.00337202914335	-3.1091200794	334
26	0.25	1.0	0.0	-0.0369346807073	-0.374779323473	-2.421612962	0.103608454294	-0.158268270762	-3.17367599512	335
26	0.5	0.0	0.0	1.67176848219	-0.517169191981	-1.70268639987	2.23918250803	-0.537487040467	-2.61429029483	336
26	0.5	0.25	0.0	1.29507087	-0.690384216041	-1.92429769089	1.79722374353	-0.673278573426	-2.81443820372	337
26	0.5	0.5	0.0	0.894018602892	-0.895785227924	-2.13348987763	1.30143219593	-0.857457201431	-3.01126502194	338
26	0.5	0.75	0.0	0.485320332466	-1.09029670184	-2.28781165264	0.790580708308	-1.06019993827	-3.16278251471	339
26	0.5	1.0	0.0	0.0856847103306	-1.23084311199	-2.34481170846	0.303442123756	-1.25168379773	-3.22700244723	340
26	0.75	0.0	0.0	1.68289504512	-1.11958885998	-1.33363057377	2.36147381557	-1.37671287941	-2.37084857438	341
26	0.75	0.25	0.0	1.32613340833	-1.36045784313	-1.56356957479	1.94822946934	-1.58259565231	-2.58019623365	342
26	0.75	0.5	0.0	0.962858479683	-1.64690074914	-1.79547603859	1.48481131971	-1.84739928774	-2.79436646939	343
26	0.75	0.75	0.0	0.591525060964	-1.91182193534	-1.97949031184	1.00070714827	-2.11802563	-2.95699001536	344
26	0.75	1.0	0.0	0.210587953953	-2.08812575901	-2.06575274118	0.525404736616	-2.34137652337	-3.01169760532	345
26	1.0	0.0	0.0	1.709190507	-1.597949693	-0.944906936	2.49593095389	-2.00683440186	-1.98315726965	346
26	1.0	0.25	0.0	1.35372165853	-1.88194746948	-1.15892623338	2.1035956402	-2.27366553552	-2.16820113606	347
26	1.0	0.5	0.0	1.01064281463	-2.21670014468	-1.39414540508	1.65987228449	-2.59038418973	-2.36823914003	348
26	1.0	0.75	0.0	0.663461136164	-2.52506142904	-1.59010244948	1.18528403863	-2.89790961688	-2.52031953667	349
26	1.0	1.0	0.0	0.295683784	-2.729885033	-1.686335365	0.700354054482	-3.13716106932	-2.5614905811	350
27	0.0	0.0	0.0	3.584820763	-0.681086024	-0.062250201	4.18394977347	-0.909369240087	-1.08337659636	351
27	0.0	0.25	0.0	3.09979040421	-0.902112733228	-0.283108964695	3.79710436845	-1.20095498852	-1.34490348119	352
27	0.0	0.5	0.0	2.61679211449	-1.11956972512	-0.507216683028	3.36812992502	-1.47988574015	-1.58088848773	353
27	0.0	0.75	0.0	2.14890058502	-1.3470007837	-0.729505344097	2.92506070091	-1.74792453218	-1.79306271691	354
27	0.0	1.0	0.0	1.709190507	-1.597949693	-0.944906936	2.49593095389	-2.00683440186	-1.98315726965	355
27	0.25	0.0	0.0	3.63324829749	-0.919407542069	0.120363347357	4.24109798146	-1.13272283457	-0.809256530708	356
27	0.25	0.25	0.0	3.17350691391	-1.18252602305	-0.0636552023507	3.87116651388	-1.4591618951	-0.998969251024	357
27	0.25	0.5	0.0	2.70776946469	-1.44168828319	-0.244502268024	3.46776492337	-1.79271136193	-1.17213754079	358
27	0.25	0.75	0.0	2.24728928505	-1.70287633557	-0.418597676457	3.04875936128	-2.12108011644	-1.32902458782	359
27	0.25	1.0	0.0	1.80331971022	-1.9720721933	-0.582361254444	2.63201597893	-2.43197704004	-1.46989357992	360
27	0.5	0.0	0.0	3.71135441262	-1.18697632369	0.325783447966	4.2935193412	-1.34890560633	-0.42287392842	361
27	0.5	0.25	0.0	3.29962106041	-1.48878325084	0.196552962553	3.95099930507	-1.70373805744	-0.52002738176	362
27	0.5	0.5	0.0	2.85950937556	-1.79170346668	0.0715815546298	3.57854040192	-2.09622513045	-0.608753512022	363
27	0.5	0.75	0.0	2.41127238491	-2.08671168463	-0.0455640152462	3.18321052187	-2.48668970088	-0.695131100613	364
27	0.5	1.0	0.0	1.97516311533	-2.36478261809	-0.151316986519	2.77207755503	-2.83545464427	-0.785238928941	365
27	0.75	0.0	0.0	3.79841961069	-1.41580421322	0.543631015842	4.33959639738	-1.50252684862	-0.00704639491773	366
27	0.75	0.25	0.0	3.43200888294	-1.74615037483	0.472307327759	4.02210797625	-1.87529193204	-0.0120801898609	367
27	0.75	0.5	0.0	3.01454745899	-2.0780220934	0.408097713089	3.67198092859	-2.30787063406	-0.0127038701974	368
27	0.75	0.75	0.0	2.57714645292	-2.39357630629	0.351270184626	3.29266601141	-2.74177843523	-0.0239014310287	369
27	0.75	1.0	0.0	2.15091697878	-2.67496995084	0.302092755165	2.88761398167	-3.11853081611	-0.0606568674565	370
27	1.0	0.0	0.0	3.873724394	-1.537903055	0.763526966	4.37771169474	-1.53819585467	0.355408464378	371
27	1.0	0.25	0.0	3.52454642069	-1.87989335327	0.738399691013	4.06999776163	-1.91443197542	0.420870008208	372
27	1.0	0.5	0.0	3.11541932687	-2.20905098114	0.732109135509	3.71961107131	-2.34509146111	0.494043915907	373
27	1.0	0.75	0.0	2.68120805737	-2.51853967594	0.733579468251	3.34137765859	-2.78337146919	0.552145245194	374
27	1.0	1.0	0.0	2.256777557	-2.801523175	0.731734858	2.95012355832	-3.18246915712	0.572389053788	375
28	0.0	0.0	0.0	1.709190507	-1.597949693	-0.944906936	2.49593095389	-2.00683440186	-1.98315726965	376
28	0.0	0.25	0.0	1.35372165853	-1.88194746948	-1.15892623338	2.1035956402	-2.27366553552	-2.16820113606	377
28	0.0	0.5	0.0	1.01064281463	-2.21670014468	-1.39414540508	1.65987228449	-2.59038418973	-2.36823914003	378
28	0.0	0.75	0.0	0.663461136164	-2.52506142904	-1.59010244948	1.18528403863	-2.89790961688	-2.52031953667	379
28	0.0	1.0	0.0	0.295683784	-2.729885033	-1.686335365	0.700354054482	-3.13716106932	-2.5614905811	380
28	0.25	0.0	0.0	1.80331971022	-1.9720721933	-0.582361254444	2.63201597893	-2.43197704004	-1.46989357992	381
28	0.25	0.25	0.0	1.43635560305	-2.26586760752	-0.753094974887	2.2355147129	-2.73249660729	-1.61273992426	382
28	0.25	0.5	0.0	1.08572485004	-2.6083508576	-0.950262839435	1.78378275209	-3.06895799811	-1.77061706017	383
28	0.25	0.75	0.0	0.733742195426	-2.9189041891	-1.11422795059	1.29720494887	-3.38330020033	-1.88764023032	384
28	0.25	1.0	0.0	0.36272238345	-3.11690984759	-1.18535341086	0.796166155609	-3.61746220178	-1.90792467742	385
28	0.5	0.0	0.0	1.97516311533	-2.36478261809	-0.151316986519	2.77207755503	-2.83545464427	-0.785238928941	386
28	0.5	0.25	0.0	1.5953106427	-2.65606234887	-0.257215092604	2.35294758577	-3.15401371378	-0.883257427197	387
28	0.5	0.5	0.0	1.21872252465	-2.98935244336	-0.373882465126	1.87419896647	-3.49850971766	-0.98353698581	388
28	0.5	0.75	0.0	0.839324390622	-3.27758519279	-0.462004367072	1.36678537686	-3.80890482673	-1.04793921068	389
28	0.5	1.0	0.0	0.451041870087	-3.43369288837	-0.482266061427	0.861660496685	-4.02516121184	-1.03832570772	390
28	0.75	0.0	0.0	2.15091697878	-2.67496995084	0.302092755165	2.88761398167	-3.11853081611	-0.0606568674565	391
28	0.75	0.25	0.0	1.75748046224	-2.95850166144	0.263961483737	2.44886841048	-3.44703623145	-0.110251242964	392
28	0.75	0.5	0.0	1.34873033903	-3.27019193453	0.238518514039	1.94134499753	-3.78368019624	-0.147713602506	393
28	0.75	0.75	0.0	0.934970322736	-3.52370932457	0.236219723293	1.41076787163	-4.07508852765	-0.15661353094	394
28	0.75	1.0	0.0	0.52650412693	-3.63272238598	0.267520988719	0.902861161599	-4.26788704287	-0.120520613124	395
28	1.0	0.0	0.0	2.256777557	-2.801523175	0.731734858	2.95012355832	-3.18246915712	0.572389053788	396
28	1.0	0.25	0.0	1.84975874642	-3.07915551312	0.745682824408	2.5162513387	-3.52038353676	0.575781030334	397
28	1.0	0.5	0.0	1.41484279378	-3.36135636369	0.790462894251	1.99544491516	-3.82911028175	0.5961384042	398
28	1.0	0.75	0.0	0.975442592751	-3.57988146891	0.850095742718	1.44589498218	-4.0822163347	0.630939755716	399
28	1.0	1.0	0.0	0.554971037	-3.666486571	0.908602045	0.92579223424	-4.25326863824	0.67766366521	400
33	0.0	0.0	0.0	3.873724394	-1.537903055	0.763526966	4.37771169474	-1.53819585467	0.355408464378	401
33	0.0	0.25	0.0	3.52454642069	-1.87989335327	0.738399691013	4.06999776163	-1.91443197542	0.420870008208	402
33	0.0	0.5	0.0	3.11541932687	-2.20905098114	0.732109135509	3.71961107131	-2.34509146111	0.494043915907	403
33	0.0	0.75	0.0	2.68120805737	-2.51853967594	0.733579468251	3.34137765859	-2.78337146919	0.552145245194	404
33	0.0	1.0	0.0	2.256777557	-2.801523175	0.731734858	2.95012355832	-3.18246915712	0.572389053788	405
33	0.25	0.0	0.0	3.91255952611	-1.5239374808	1.00512891014	4.37221957879	-1.44285702125	0.669329493102	406
33	0.25	0.25	0.0	3.55942230729	-1.8380763634	1.01878145121	4.06303727581	-1.79316497643	0.778542749673	407
33	0.25	0.5	0.0	3.14604385533	-2.12783074941	1.05249670979	3.70366802147	-2.18410904053	0.902553529621	408
33	0.25	0.75	0.0	2.70763258117	-2.40052033366	1.09307650357	3.31940435326	-2.58250017715	1.01755277017	409
33	0.25	1.0	0.0	2.27939689572	-2.66346481097	1.12732265026	2.93553880861	-2.95514934989	1.09973140854	410
33	0.5	0.0	0.0	3.92285689035	-1.4207758534	1.29270901623	4.31133144984	-1.25881605489	1.00646561824	411
33	0.5	0.25	0.0	3.56688374006	-1.66993779352	1.34930630786	4.00063740719	-1.55312145839	1.15109165292	412
33	0.5	0.5	0.0	3.14643068957	-1.89632161869	1.40747890683	3.63906415282	-1.88409682638	1.31554289912	413
33	0.5	0.75	0.0	2.7017414252	-2.11037511256	1.46888631988	3.25109546265	-2.21189929167	1.47992325085	414
33	0.5	1.0	0.0	2.27305963324	-2.32254605879	1.53518805372	2.86121511257	-2.4966859871	1.62433660214	415
33	0.75	0.0	0.0	3.91463953116	-1.26130934005	1.55943729445	4.21942503807	-1.02589710521	1.29455900943	416
33	0.75	0.25	0.0	3.55667307229	-1.43858045592	1.65197021795	3.90550896785	-1.25182804311	1.46894039422	417
33	0.75	0.5	0.0	3.12875627812	-1.59406265457	1.72858883193	3.54149892379	-1.50603840729	1.66852875499	418
33	0.75	0.75	0.0	2.67870806934	-1.74071642843	1.80527283589	3.15020957121	-1.74506833177	1.87264662092	419
33	0.75	1.0	0.0	2.25434736664	-1.89150226996	1.89800192932	2.75445557542	-1.92545795058	2.06061652121	420
33	1.0	0.0	0.0	3.897930493	-1.078429108	1.738483755	4.12087807363	-0.78392432181	1.46135183632	421
33	1.0	0.25	0.0	3.5385326573	-1.20710716287	1.84876913849	3.80036276986	-0.946811352388	1.66251264982	422
33	1.0	0.5	0.0	3.10519706951	-1.30059292261	1.94735959039	3.42667179282	-1.11091737191	1.8970278278	423
33	1.0	0.75	0.0	2.65370599348	-1.38415669705	2.04649997034	3.03050526337	-1.25550681646	2.12911281407	424
33	1.0	1.0	0.0	2.239841693	-1.483068796	2.158435138	2.64256330237	-1.35984412213	2.32298305241	425
34	0.0	0.0	0.0	2.256777557	-2.801523175	0.731734858	2.95012355832	-3.18246915712	0.572389053788	426
34	0.0	0.25	0.0	1.84975874642	-3.07915551312	0.745682824408	2.5162513387	-3.52038353676	0.575781030334	427
34	0.0	0.5	0.0	1.41484279378	-3.36135636369	0.790462894251	1.99544491516	-3.82911028175	0.5961384042	428
34	0.0	0.75	0.0	0.975442592751	-3.57988146891	0.850095742718	1.44589498218	-4.0822163347	0.630939755716	429
34	0.0	1.0	0.0	0.554971037	-3.666486571	0.908602045	0.92579223424	-4.25326863824	0.67766366521	430
34	0.25	0.0	0.0	2.27939689572	-2.66346481097	1.12732265026	2.93553880861	-2.95514934989	1.09973140854	431
34	0.25	0.25	0.0	1.86011831173	-2.9224590943	1.18482002685	2.50868147027	-3.26814521969	1.16545734715	432
34	0.25	0.5	0.0	1.41347275203	-3.17150017593	1.28213077774	1.99163186617	-3.5391023461	1.23885456796	433
34	0.25	0.75	0.0	0.969083660776	-3.36454668995	1.38850528472	1.44424166488	-3.75872666107	1.30983519632	434
34	0.25	1.0	0.0	0.556574482102	-3.45555727044	1.4731939296	0.926362534999	-3.91772409657	1.36831135759	435
34	0.5	0.0	0.0	2.27305963324	-2.32254605879	1.53518805372	2.86121511257	-2.4966859871	1.62433660214	436
34	0.5	0.25	0.0	1.84493366105	-2.54006386749	1.63889017799	2.42378248071	-2.73853364167	1.75385828528	437
34	0.5	0.5	0.0	1.396414696	-2.74995468235	1.78358575672	1.91619473923	-2.96938008948	1.87338877236	438
34	0.5	0.75	0.0	0.959433320113	-2.9204812418	1.93662969118	1.39135197407	-3.17025209051	1.97735326359	439
34	0.5	1.0	0.0	0.565920115411	-3.01990628426	2.06537688267	0.902154271158	-3.32217640475	2.06017695921	440
34	0.75	0.0	0.0	2.25434736664	-1.89150226996	1.89800192932	2.75445557542	-1.92545795058	2.06061652121	441
34	0.75	0.25	0.0	1.82564076035	-2.05766586388	2.03750152229	2.30908041729	-2.08463353604	2.2350954479	442
34	0.75	0.5	0.0	1.38197592437	-2.22175571701	2.21358199306	1.81570317263	-2.26792920982	2.39172636047	443
34	0.75	0.75	0.0	0.953778922367	-2.36538318631	2.39807796998	1.31796176741	-2.44495644861	2.52642815626	444
34	0.75	1.0	0.0	0.571475818015	-2.4701596287	2.5628240814	0.859494127607	-2.58532672905	2.63511973261	445
34	1.0	0.0	0.0	2.239841693	-1.483068796	2.158435138	2.64256330237	-1.35984412213	2.32298305241	446
34	1.0	0.25	0.0	1.82367557555	-1.60096111467	2.31026230419	2.21210132723	-1.45952963613	2.5032804382	447
34	1.0	0.5	0.0	1.3884637358	-1.71193911396	2.49087364863	1.7367268046	-1.58273540507	2.68585267538	448
34	1.0	0.75	0.0	0.959407819142	-1.81695058528	2.67645912901	1.25480690257	-1.71100356094	2.84999407306	449
34	1.0	1.0	0.0	0.561709471	-1.91694332	2.843208703	0.80470878924	-1.82587623574	2.97499894037	450
35	0.0	0.0	0.0	3.897930493	-1.078429108	1.738483755	4.12087807363	-0.78392432181	1.46135183632	451
35	0.0	0.25	0.0	3.5385326573	-1.20710716287	1.84876913849	3.80036276986	-0.946811352388	1.66251264982	452
35	0.0	0.5	0.0	3.10519706951	-1.30059292261	1.94735959039	3.42667179282	-1.11091737191	1.8970278278	453
35	0.0	0.75	0.0	2.65370599348	-1.38415669705	2.04649997034	3.03050526337	-1.25550681646	2.12911281407	454
35	0.0	1.0	0.0	2.239841693	-1.483068796	2.158435138	2.64256330237	-1.35984412213	2.32298305241	455
35	0.25	0.0	0.0	3.87226297282	-0.933446114059	1.78016063149	4.06194897671	-0.603926972022	1.48965503325	456
35	0.25	0.25	0.0	3.51526525915	-1.04118750428	1.900218885	3.74339615181	-0.736420721564	1.69932660034	457
35	0.25	0.5	0.0	3.09206299892	-1.10661225214	2.01704403085	3.37293871227	-0.844532952986	1.94173702782	458
35	0.25	0.75	0.0	2.65385672039	-1.15992407297	2.13305449516	2.98129435081	-0.932091293651	2.17784804127	459
35	0.25	1.0	0.0	2.25184695183	-1.2313266821	2.25066870408	2.59918076016	-1.00292337092	2.36862136624	460
35	0.5	0.0	0.0	3.82775495937	-0.751336424176	1.773174552	4.00502717146	-0.379512388236	1.47900618348	461
35	0.5	0.25	0.0	3.47621656195	-0.829901041846	1.91159251039	3.69592045663	-0.478674488676	1.68725943585	462
35	0.5	0.5	0.0	3.0757403765	-0.865019524805	2.04954171439	3.33943832855	-0.526209282224	1.92054844332	463
35	0.5	0.75	0.0	2.66386773315	-0.886547043759	2.18040719003	2.95822801734	-0.550026139242	2.14876964072	464
35	0.5	1.0	0.0	2.27813996204	-0.924338769411	2.29757396331	2.57493675315	-0.578034430091	2.3418194629	465
35	0.75	0.0	0.0	3.78075173698	-0.573627202455	1.72720644401	3.95749587128	-0.155084551845	1.43699134394	466
35	0.75	0.25	0.0	3.43375852099	-0.624698099931	1.88010860269	3.65845193843	-0.218406582821	1.63609937587	467
35	0.75	0.5	0.0	3.05213955433	-0.632341381554	2.02995464309	3.31262025149	-0.216657992277	1.84986632785	468
35	0.75	0.75	0.0	2.66280915587	-0.626072385206	2.16443597886	2.93813925876	-0.190857491822	2.05837890067	469
35	0.75	1.0	0.0	2.29268164448	-0.635406448772	2.27124402363	2.55314740854	-0.182023793069	2.2417237951	470
35	1.0	0.0	0.0	3.74759859	-0.441845613	1.651937235	3.92673828953	0.0249525557627	1.37119657154	471
35	1.0	0.25	0.0	3.40026309157	-0.477029002896	1.80298574998	3.63150685132	-0.000450933096704	1.55563463993	472
35	1.0	0.5	0.0	3.01717088449	-0.465104463325	1.94338481902	3.27893409094	0.0234092842058	1.746094935	473
35	1.0	0.75	0.0	2.62975111266	-0.440546873091	2.06101878555	2.89786107086	0.0638685100253	1.92317710935	474
35	1.0	1.0	0.0	2.26943292	-0.437831111	2.143771993	2.51712885354	0.088262046717	2.06748081559	475
36	0.0	0.0	0.0	2.239841693	-1.483068796	2.158435138	2.64256330237	-1.35984412213	2.32298305241	476
36	0.0	0.25	0.0	1.82367557555	-1.60096111467	2.31026230419	2.21210132723	-1.45952963613	2.5032804382	477
36	0.0	0.5	0.0	1.3884637358	-1.71193911396	2.49087364863	1.7367268046	-1.58273540507	2.68585267538	478
36	0.0	0.75	0.0	0.959407819142	-1.81695058528	2.67645912901	1.25480690257	-1.71100356094	2.84999407306	479
36	0.0	1.0	0.0	0.561709471	-1.91694332	2.843208703	0.80470878924	-1.82587623574	2.97499894037	480
36	0.25	0.0	0.0	2.25184695183	-1.2313266821	2.25066870408	2.59918076016	-1.00292337092	2.36862136624	481
36	0.25	0.25	0.0	1.83601964893	-1.32449345338	2.38755275185	2.16913759893	-1.08244474056	2.54109230602	482
36	0.25	0.5	0.0	1.39486331136	-1.41511673028	2.53466215315	1.69445907014	-1.17799412076	2.71110248136	483
36	0.25	0.75	0.0	0.95345680845	-1.50765295045	2.68061820283	1.21049264289	-1.2778599408	2.86147189653	484
36	0.25	1.0	0.0	0.536879009533	-1.60655855155	2.81404219573	0.752585786275	-1.37033062991	2.97502055578	485
36	0.5	0.0	0.0	2.27813996204	-0.924338769411	2.29757396331	2.57493675315	-0.578034430091	2.3418194629	486
36	0.5	0.25	0.0	1.85044459434	-0.991578765684	2.40291447537	2.12386284183	-0.634438866511	2.50740584745	487
36	0.5	0.5	0.0	1.39155224662	-1.07243838474	2.48675161293	1.63640384876	-0.709082776437	2.63688808546	488
36	0.5	0.75	0.0	0.930930431683	-1.16490145807	2.56059954921	1.14365159811	-0.786369353653	2.73924812269	489
36	0.5	1.0	0.0	0.498046662295	-1.26695181719	2.63597245743	0.676697914045	-0.850701791945	2.82346790493	490
36	0.75	0.0	0.0	2.29268164448	-0.635406448772	2.27124402363	2.55314740854	-0.182023793069	2.2417237951	491
36	0.75	0.25	0.0	1.85571638247	-0.682576382916	2.34048853905	2.08163763176	-0.215098447483	2.39008790893	492
36	0.75	0.5	0.0	1.38225218298	-0.757934833996	2.36289475334	1.57914918654	-0.271202216018	2.47527089034	493
36	0.75	0.75	0.0	0.906987783404	-0.852035464766	2.36745075253	1.07628817166	-0.328727672412	2.52976128184	494
36	0.75	1.0	0.0	0.464621921159	-0.955431937982	2.38314462267	0.603660685907	-0.366067390406	2.58604762595	495
36	1.0	0.0	0.0	2.26943292	-0.437831111	2.143771993	2.51712885354	0.088262046717	2.06748081559	496
36	1.0	0.25	0.0	1.84060098401	-0.477845636422	2.18441600722	2.04782254456	0.0759900830403	2.17700533688	497
36	1.0	0.5	0.0	1.37068476179	-0.54563683473	2.17884429976	1.53928312959	0.0404467165624	2.23831229868	498
36	1.0	0.75	0.0	0.896787958178	-0.632394327174	2.15221939716	1.03040676701	0.00286923002377	2.27944990428	499
36	1.0	1.0	0.0	0.456014278	-0.729307735	2.129703826	0.56008961522	-0.0155050938353	2.32846635698	500
41	0.0	0.0	0.0	3.74759859	-0.441845613	1.651937235	3.92673828953	0.0249525557627	1.37119657154	501
41	0.0	0.25	0.0	3.40026309157	-0.477029002896	1.80298574998	3.63150685132	-0.000450933096704	1.55563463993	502
41	0.0	0.5	0.0	3.01717088449	-0.465104463325	1.94338481902	3.27893409094	0.0234092842058	1.746094935	503
41	0.0	0.75	0.0	2.62975111266	-0.440546873091	2.06101878555	2.89786107086	0.0638685100253	1.92317710935	504
41	0.0	1.0	0.0	2.26943292	-0.437831111	2.143771993	2.51712885354	0.088262046717	2.06748081559	505
41	0.25	0.0	0.0	3.74489692185	-0.332702848382	1.51817665556	3.89994007717	0.174156775163	1.25096838433	506
41	0.25	0.25	0.0	3.37910243344	-0.379709197725	1.64700192208	3.58216121214	0.165732323212	1.41239786378	507
41	0.25	0.5	0.0	2.9862213504	-0.382362264664	1.76291832651	3.21647616474	0.174881424217	1.57691131669	508
41	0.25	0.75	0.0	2.59529779864	-0.371545064455	1.85371134283	2.8326872652	0.191440807872	1.72027247405	509
41	0.25	1.0	0.0	2.23537590409	-0.378140612352	1.90716644499	2.46059684377	0.205247203873	1.81824506684	510
41	0.5	0.0	0.0	3.76410079427	-0.227115952972	1.33830401085	3.8657336997	0.299681202173	1.08485431481	511
41	0.5	0.25	0.0	3.36926878657	-0.305797787417	1.43489256874	3.50850711618	0.274754695739	1.2168412114	512
41	0.5	0.5	0.0	2.97419629001	-0.35191528218	1.52107649846	3.13977553385	0.25398544327	1.34725622923	513
41	0.5	0.75	0.0	2.58832090385	-0.379793763923	1.58493410258	2.76840815938	0.240453656106	1.45826735554	514
41	0.5	1.0	0.0	2.22108022731	-0.403758559305	1.6145436837	2.40327419944	0.237239545585	1.53204257756	515
41	0.75	0.0	0.0	3.77469745606	-0.131159290326	1.14623495046	3.82491812971	0.410410966697	0.906195111677	516
41	0.75	0.25	0.0	3.36922155076	-0.238993721469	1.21061521143	3.45217442247	0.360148149259	1.01017745667	517
41	0.75	0.5	0.0	2.96871413946	-0.323474871432	1.26101550445	3.08366408732	0.309373481832	1.10017011598	518
41	0.75	0.75	0.0	2.57731100954	-0.384614921725	1.29367003675	2.71980871006	0.270126095134	1.17619271424	519
41	0.75	1.0	0.0	2.19914794837	-0.422426053856	1.30481301556	2.3610298765	0.254445119885	1.23826487608	520
41	1.0	0.0	0.0	3.746174156	-0.050907224	0.975885124	3.77829233979	0.515231198638	0.748331523656	521
41	1.0	0.25	0.0	3.37742012583	-0.16299594938	1.0181273716	3.45479299006	0.455444648549	0.833619373498	522
41	1.0	0.5	0.0	2.95739333487	-0.246752387978	1.02589151409	3.08297371421	0.389697680367	0.878693420325	523
41	1.0	0.75	0.0	2.53075869698	-0.305330488087	1.01890211728	2.70167387391	0.339677165361	0.913079510579	524
41	1.0	1.0	0.0	2.142181126	-0.341884198	1.016883747	2.34973283086	0.3270699748	0.966303490705	525
42	0.0	0.0	0.0	2.26943292	-0.437831111	2.143771993	2.51712885354	0.088262046717	2.06748081559	526
42	0.0	0.25	0.0	1.84060098401	-0.477845636422	2.18441600722	2.04782254456	0.0759900830403	2.17700533688	527
42	0.0	0.5	0.0	1.37068476179	-0.54563683473	2.17884429976	1.53928312959	0.0404467165624	2.23831229868	528
42	0.0	0.75	0.0	0.896787958178	-0.632394327174	2.15221939716	1.03040676701	0.00286923002377	2.27944990428	529
42	0.0	1.0	0.0	0.456014278	-0.729307735	2.129703826	0.56008961522	-0.0155050938353	2.32846635698	530
42	0.25	0.0	0.0	2.23537590409	-0.378140612352	1.90716644499	2.46059684377	0.205247203873	1.81824506684	531
42	0.25	0.25	0.0	1.81730918672	-0.410382225614	1.92950750942	2.01367417634	0.209805513027	1.89166248917	532
42	0.25	0.5	0.0	1.35704876351	-0.451622394438	1.92770311202	1.5203861239	0.206222521561	1.95783383735	533
42	0.25	0.75	0.0	0.892969136565	-0.507244881435	1.90807517394	1.02225882684	0.201828036497	2.0193091941	534
42	0.25	1.0	0.0	0.463444808019	-0.582633449212	1.8769456163	0.560818425567	0.20395186486	2.07863864215	535
42	0.5	0.0	0.0	2.22108022731	-0.403758559305	1.6145436837	2.40327419944	0.237239545585	1.53204257756	536
42	0.5	0.25	0.0	1.80176314371	-0.412911115259	1.62057050136	1.98038815876	0.261830752813	1.59206628069	537
42	0.5	0.5	0.0	1.3434949756	-0.401529734366	1.61551932737	1.51770530665	0.312297857421	1.66004758725	538
42	0.5	0.75	0.0	0.886066863698	-0.400119230775	1.59735918978	1.04550643434	0.367064364398	1.72901328033	539
42	0.5	1.0	0.0	0.469269948697	-0.439184418637	1.56405911661	0.594072333099	0.40455377873	1.79199014304	540
42	0.75	0.0	0.0	2.19914794837	-0.422426053856	1.30481301556	2.3610298765	0.254445119885	1.23826487608	541
42	0.75	0.25	0.0	1.78424685372	-0.409159716368	1.30172274746	1.96733053503	0.298468287123	1.29915494274	542
42	0.75	0.5	0.0	1.33425927794	-0.349455278692	1.29161360171	1.5400812869	0.397984165263	1.36549769516	543
42	0.75	0.75	0.0	0.886056255659	-0.295715518444	1.27215375584	1.09619077421	0.506044436036	1.43353626701	544
42	0.75	1.0	0.0	0.476508821527	-0.300343213242	1.24101138736	0.652567639029	0.575700781176	1.49951379196	545
42	1.0	0.0	0.0	2.142181126	-0.341884198	1.016883747	2.34973283086	0.3270699748	0.966303490705	546
42	1.0	0.25	0.0	1.75504431552	-0.32285543995	1.01708201215	1.99386734833	0.386120600687	1.03386670659	547
42	1.0	0.5	0.0	1.33357755037	-0.249495451595	1.00530659096	1.59635467374	0.502592886208	1.09472830783	548
42	1.0	0.75	0.0	0.902912428528	-0.178731887694	0.984541183291	1.17035303114	0.626234473725	1.15785225814	549
42	1.0	1.0	0.0	0.488180548	-0.167492403	0.957769489	0.72902064457	0.706793005599	1.23220252124	550
43	0.0	0.0	0.0	3.746174156	-0.050907224	0.975885124	3.77829233979	0.515231198638	0.748331523656	551
43	0.0	0.25	0.0	3.37742012583	-0.16299594938	1.0181273716	3.45479299006	0.455444648549	0.833619373498	552
43	0.0	0.5	0.0	2.95739333487	-0.246752387978	1.02589151409	3.08297371421	0.389697680367	0.878693420325	553
43	0.0	0.75	0.0	2.53075869698	-0.305330488087	1.01890211728	2.70167387391	0.339677165361	0.913079510579	554
43	0.0	1.0	0.0	2.142181126	-0.341884198	1.016883747	2.34973283086	0.3270699748	0.966303490705	555
43	0.25	0.0	0.0	3.71648375422	0.0495747438647	0.813725774478	3.76817611062	0.630989501926	0.581697665104	556
43	0.25	0.25	0.0	3.37418633113	-0.0493811576198	0.823436113298	3.48496766516	0.582511570579	0.651809991214	557
43	0.25	0.5	0.0	2.9326714779	-0.105076812566	0.796586497185	3.10463366789	0.527494072317	0.66740688941	558
43	0.25	0.75	0.0	2.47295852296	-0.136167982169	0.762318349325	2.70208897261	0.489739012775	0.674882821366	559
43	0.25	1.0	0.0	2.07606679469	-0.161310427627	0.749773092902	2.3522484331	0.493048397589	0.720632248753	560
43	0.5	0.0	0.0	3.73081030081	0.181078332329	0.643901149534	3.80911623236	0.747443128929	0.39126834958	561
43	0.5	0.25	0.0	3.35153115513	0.0929682095682	0.599408314294	3.485774728	0.716224605949	0.438126431585	562
43	0.5	0.5	0.0	2.90188096445	0.0585474013788	0.55657705211	3.0965778745	0.69013893312	0.446357155952	563
43	0.5	0.75	0.0	2.44423280299	0.0477652035507	0.521340971272	2.69661752135	0.68066433997	0.452286454583	564
43	0.5	1.0	0.0	2.040959745	0.0305709118735	0.499633680072	2.34098551803	0.699279056027	0.492240259383	565
43	0.75	0.0	0.0	3.75810016949	0.313572067129	0.467868874073	3.85062184312	0.853333531369	0.20554094411	566
43	0.75	0.25	0.0	3.32892895563	0.239752808551	0.37118804102	3.47003109705	0.840577878577	0.220445808749	567
43	0.75	0.5	0.0	2.87491837147	0.223232637691	0.320265636165	3.07396756241	0.847045829326	0.22152499693	568
43	0.75	0.75	0.0	2.42779878221	0.226976334564	0.292318133486	2.68293503172	0.867455681329	0.227113548387	569
43	0.75	1.0	0.0	2.01930055307	0.213948679187	0.264562006956	2.31743729751	0.896525732297	0.255546502849	570
43	1.0	0.0	0.0	3.767299734	0.417024474	0.287086573	3.84220208098	0.937402160971	0.0530128157218	571
43	1.0	0.25	0.0	3.32585409044	0.366673295695	0.163919359912	3.4505536908	0.939565512382	0.0266452368405	572
43	1.0	0.5	0.0	2.86168027595	0.368091280206	0.10205470666	3.05196395999	0.967628327486	-0.00110881067252	573
43	1.0	0.75	0.0	2.40687370574	0.381972676364	0.0715979863283	2.65871701529	1.00511557124	-0.0188127590682	574
43	1.0	1.0	0.0	1.993529795	0.369011733	0.042654572	2.2830969834	1.03555220858	-0.0150300405973	575
44	0.0	0.0	0.0	2.142181126	-0.341884198	1.016883747	2.34973283086	0.3270699748	0.966303490705	576
44	0.0	0.25	0.0	1.75504431552	-0.32285543995	1.01708201215	1.99386734833	0.386120600687	1.03386670659	577
44	0.0	0.5	0.0	1.33357755037	-0.249495451595	1.00530659096	1.59635467374	0.502592886208	1.09472830783	578
44	0.0	0.75	0.0	0.902912428528	-0.178731887694	0.984541183291	1.17035303114	0.626234473725	1.15785225814	579
44	0.0	1.0	0.0	0.488180548	-0.167492403	0.957769489	0.72902064457	0.706793005599	1.23220252124	580
44	0.25	0.0	0.0	2.07606679469	-0.161310427627	0.749773092902	2.3522484331	0.493048397589	0.720632248753	581
44	0.25	0.25	0.0	1.71724478631	-0.157880456908	0.752944922452	2.02328780808	0.551006000044	0.789013963058	582
44	0.25	0.5	0.0	1.32312239639	-0.115972519467	0.745690263992	1.63991423554	0.641938939736	0.843561632295	583
44	0.25	0.75	0.0	0.909775780835	-0.0728473481087	0.731208381752	1.21950135333	0.736179273084	0.900581057108	584
44	0.25	1.0	0.0	0.493281095551	-0.0657656756343	0.712698539958	0.779422799311	0.804059056505	0.976378038139	585
44	0.5	0.0	0.0	2.040959745	0.0305709118735	0.499633680072	2.34098551803	0.699279056027	0.492240259383	586
44	0.5	0.25	0.0	1.68621786954	0.0136279641568	0.485305691672	2.01540060458	0.741874391817	0.541769447822	587
44	0.5	0.5	0.0	1.29813647478	0.0131229485929	0.464860511283	1.63787037604	0.794961381101	0.571259084838	588
44	0.5	0.75	0.0	0.892597065065	0.0186684459147	0.443980900364	1.22400312312	0.850764072958	0.603154745675	589
44	0.5	1.0	0.0	0.485481144705	0.0198770368553	0.428349620371	0.78940713652	0.901506516464	0.659902005575	590
44	0.75	0.0	0.0	2.01930055307	0.213948679187	0.264562006956	2.31743729751	0.896525732297	0.255546502849	591
44	0.75	0.25	0.0	1.66020802053	0.176736352549	0.229818061351	1.98409924412	0.918801542976	0.279393578064	592
44	0.75	0.5	0.0	1.26945282713	0.134961194221	0.191641572766	1.60628057834	0.934816579541	0.282656739445	593
44	0.75	0.75	0.0	0.865989866937	0.103157743809	0.159026725436	1.19530712164	0.954208135245	0.289765596865	594
44	0.75	1.0	0.0	0.468774034007	0.0958605409172	0.140967703599	0.762504695479	0.986613503341	0.325149760195	595
44	1.0	0.0	0.0	1.993529795	0.369011733	0.042654572	2.2830969834	1.03555220858	-0.0150300405973	596
44	1.0	0.25	0.0	1.63745969463	0.316511237574	0.00213577303014	1.94327723301	1.04186322049	-0.0108532290404	597
44	1.0	0.5	0.0	1.24790449503	0.246712459054	-0.0451423116303	1.56120232555	1.03466090429	-0.0174093299016	598
44	1.0	0.75	0.0	0.844567772168	0.187962795006	-0.0874861567257	1.14486213003	1.03073072184	-0.0153941162993	599
44	1.0	1.0	0.0	0.447153102	0.168609643	-0.113202237	0.702246515475	1.046858135	0.0144966386482	600
49	0.0	0.0	0.0	4.802915963	0.226549403	0.750000013	4.94978946518	0.519286297533	0.160567420593	601
49	0.0	0.25	0.0	4.65761282291	0.442902001566	0.697208755696	4.78856255142	0.752757374537	0.200443629286	602
49	0.0	0.5	0.0	4.39859466256	0.508694066784	0.574499765635	4.49700717204	0.8816376517	0.162324652483	603
49	0.0	0.75	0.0	4.08283309519	0.48103256786	0.423812539256	4.15494609318	0.933871217639	0.0964384085166	604
49	0.0	1.0	0.0	3.767299734	0.417024474	0.287086573	3.84220208098	0.937402160971	0.0530128157218	605
49	0.25	0.0	0.0	4.80365134816	0.225319602125	0.736429074476	4.95313824571	0.51188646915	0.142841147683	606
49	0.25	0.25	0.0	4.66137502189	0.473744744917	0.625480912213	4.79349318165	0.768208396435	0.115894821481	607
49	0.25	0.5	0.0	4.38881470923	0.583750737481	0.460648587251	4.48543898613	0.941090760749	0.0552364675227	608
49	0.25	0.75	0.0	4.05496500229	0.598573403794	0.280277590552	4.12288874698	1.03734848941	-0.019141488727	609
49	0.25	1.0	0.0	3.72882049316	0.561448567831	0.122713413081	3.79975555201	1.06379650974	-0.0872466218027	610
49	0.5	0.0	0.0	4.8052691955	0.221719814772	0.723328038803	4.96050556287	0.494712621279	0.12059837636	611
49	0.5	0.25	0.0	4.67472323355	0.520026368338	0.556410499804	4.81857433611	0.787652109561	0.0296330439297	612
49	0.5	0.5	0.0	4.39413796949	0.69878094324	0.370331987841	4.51607923025	1.02285795892	-0.0556582422745	613
49	0.5	0.75	0.0	4.03218769331	0.775870509393	0.178887896424	4.1400634641	1.18019569109	-0.14446724856	614
49	0.5	1.0	0.0	3.65754669496	0.769182036714	-0.00412638093918	3.77757025653	1.2395308278	-0.245985741234	615
49	0.75	0.0	0.0	4.80688704284	0.215884471033	0.711058386978	4.96787288002	0.475303217023	0.0991869888865	616
49	0.75	0.25	0.0	4.69072117391	0.550010590542	0.486072616437	4.84818505468	0.785278177151	-0.0636837390864	617
49	0.75	0.5	0.0	4.40576870232	0.786406443926	0.278817633267	4.55942707924	1.06754003031	-0.185208320823	618
49	0.75	0.75	0.0	4.01643723073	0.922109185728	0.07795658621	4.17614710445	1.28017172494	-0.29788829682	619
49	0.75	1.0	0.0	3.58713436178	0.954155970491	-0.127847375989	3.77289328106	1.38125620947	-0.434225207573	620
49	1.0	0.0	0.0	4.807622428	0.207948001	0.6999816	4.97122166055	0.461196719481	0.0839548675221	621
49	1.0	0.25	0.0	4.702432559	0.531961130237	0.410542360081	4.86670437721	0.735276262436	-0.169397563286	622
49	1.0	0.5	0.0	4.41491116668	0.779248999408	0.161373189388	4.58598170796	1.01573775901	-0.348262612038	623
49	1.0	0.75	0.0	4.00964967703	0.946474733874	-0.0642032107485	4.20081652792	1.25503549323	-0.497754059345	624
49	1.0	1.0	0.0	3.551239516	1.030301459	-0.282864139	3.78297171217	1.40562374911	-0.662985685821	625
50	0.0	0.0	0.0	4.807622428	0.207948001	0.6999816	4.97122166055	0.461196719481	0.0839548675221	626
50	0.0	0.25	0.0	4.702432559	0.531961130237	0.410542360081	4.86670437721	0.735276262436	-0.169397563286	627
50	0.0	0.5	0.0	4.41491116668	0.779248999408	0.161373189388	4.58598170796	1.01573775901	-0.348262612038	628
50	0.0	0.75	0.0	4.00964967703	0.946474733874	-0.0642032107485	4.20081652792	1.25503549323	-0.497754059345	629
50	0.0	1.0	0.0	3.551239516	1.030301459	-0.282864139	3.78297171217	1.40562374911	-0.662985685821	630
50	0.25	0.0	0.0	4.80495108534	0.198626864006	0.690704152541	4.97829689152	0.447447156019	0.0661328831886	631
50	0.25	0.25	0.0	4.7016199785	0.47937407679	0.354989865713	4.87776258525	0.660101297136	-0.260111305112	632
50	0.25	0.5	0.0	4.4076644374	0.704406167221	0.0820327675372	4.5957988451	0.910142031587	-0.479757058374	633
50	0.25	0.75	0.0	3.99583874042	0.870967262458	-0.154471090672	4.21056204827	1.14475281192	-0.65090159105	634
50	0.25	1.0	0.0	3.53889716591	0.97630148966	-0.3808256576	3.80020857199	1.3111170907	-0.831642117593	635
50	0.5	0.0	0.0	4.7990741315	0.188395781808	0.683498476933	4.99386239965	0.427473535592	0.0401292264572	636
50	0.5	0.25	0.0	4.68995017561	0.415618686126	0.319369412068	4.89233421529	0.579872967331	-0.335049985308	637
50	0.5	0.5	0.0	4.38317403132	0.605461749925	0.0376046122488	4.60792094433	0.784693512296	-0.594972268444	638
50	0.5	0.75	0.0	3.96346520067	0.752855784747	-0.20477328876	4.22470542694	0.988732135901	-0.799440558436	639
50	0.5	1.0	0.0	3.51554318571	0.852731602136	-0.450741657195	3.82677050331	1.13878580356	-1.00825779077	640
50	0.75	0.0	0.0	4.79319717766	0.177040083955	0.678240637609	5.00942790778	0.40637529951	0.0160734060092	641
50	0.75	0.25	0.0	4.67589867459	0.34471423137	0.298363468532	4.90577511606	0.493978788044	-0.396608425985	642
50	0.75	0.5	0.0	4.354436641	0.496201607028	0.0172244120638	4.61963617784	0.649275242807	-0.690593235831	643
50	0.75	0.75	0.0	3.92607562429	0.619966185797	-0.22566210327	4.23985458253	0.8169036601	-0.925853437698	644
50	0.75	1.0	0.0	3.4880801719	0.704471942544	-0.490781648943	3.85527381958	0.941503036226	-1.16236144576	645
50	1.0	0.0	0.0	4.790525835	0.1643451	0.674806699	5.01650313875	0.389251889087	0.00409493052548	646
50	1.0	0.25	0.0	4.66794099972	0.270679985651	0.286654504491	4.91344113632	0.401806274301	-0.447181449253	647
50	1.0	0.5	0.0	4.33444895902	0.39041159804	0.010027855523	4.62823271782	0.513770264783	-0.763304954116	648
50	1.0	0.75	0.0	3.8972165778	0.500124350659	-0.227689832457	4.25261743365	0.659197579458	-1.01262270503	649
50	1.0	1.0	0.0	3.463410721	0.576402657	-0.499115144	3.87833483422	0.772141937252	-1.26348182296	650
53	0.0	0.0	0.0	4.790525835	0.1643451	0.674806699	5.01650313875	0.389251889087	0.00409493052548	651
53	0.0	0.25	0.0	4.66794099972	0.270679985651	0.286654504491	4.91344113632	0.401806274301	-0.447181449253	652
53	0.0	0.5	0.0	4.33444895902	0.39041159804	0.010027855523	4.62823271782	0.513770264783	-0.763304954116	653
53	0.0	0.75	0.0	3.8972165778	0.500124350659	-0.227689832457	4.25261743365	0.659197579458	-1.01262270503	654
53	0.0	1.0	0.0	3.463410721	0.576402657	-0.499115144	3.87833483422	0.772141937252	-1.26348182296	655
53	0.25	0.0	0.0	4.7839214875	0.14453424712	0.672808723265	5.01126011723	0.367667707184	-0.00173283846218	656
53	0.25	0.25	0.0	4.66046904269	0.145230062711	0.286634434079	4.91681089483	0.238010601811	-0.492682061117	657
53	0.25	0.5	0.0	4.31920187933	0.185660324351	0.0198750382048	4.64587492781	0.237202379617	-0.83466714394	658
53	0.25	0.75	0.0	3.87623702551	0.238762324298	-0.202081321202	4.28955153789	0.299717592875	-1.100790333	659
53	0.25	1.0	0.0	3.4476915093	0.27747335481	-0.453846500984	3.93894004679	0.360030793856	-1.36415387437	660
53	0.5	0.0	0.0	4.769391923	0.127450839159	0.675306453989	4.99972546989	0.346682975372	-0.00766065289371	661
53	0.5	0.25	0.0	4.65424341358	0.0335602946553	0.312341668112	4.91787257053	0.0964115118743	-0.479358322207	662
53	0.5	0.5	0.0	4.32614939714	-0.0134868504017	0.0592717304319	4.6708718486	-0.0274097146132	-0.822241685438	663
53	0.5	0.75	0.0	3.89822247437	-0.0394978176439	-0.14514196857	4.3436456013	-0.0822452154135	-1.09521461308	664
53	0.5	1.0	0.0	3.48357524596	-0.0702798287031	-0.362138038414	4.02111612582	-0.12555950185	-1.35718097563	665
53	0.75	0.0	0.0	4.7548623585	0.111839086619	0.682679007469	4.98819082254	0.327169898982	-0.00871364456996	666
53	0.75	0.25	0.0	4.65221063031	-0.066809190405	0.363231124206	4.92123348778	-0.0164598135812	-0.425176098388	667
53	0.75	0.5	0.0	4.34528271665	-0.196917389396	0.133434865538	4.70173352976	-0.253767498233	-0.747667672185	668
53	0.75	0.75	0.0	3.93936134195	-0.302873106937	-0.0498345472537	4.40549083597	-0.428068177109	-1.01308686951	669
53	0.75	1.0	0.0	3.53972923063	-0.409063939614	-0.229701892888	4.10830529387	-0.58267687234	-1.25833219391	670
53	1.0	0.0	0.0	4.748258011	0.0964432	0.6953055	4.98294780102	0.31000068334	8.30547082018e-05	671
53	1.0	0.25	0.0	4.6573172108	-0.158358264358	0.438757719978	4.93150097096	-0.0940721926274	-0.348101255525	672
53	1.0	0.5	0.0	4.3665930421	-0.354518755806	0.247581376857	4.73697002087	-0.415572451569	-0.632584197754	673
53	1.0	0.75	0.0	3.97584204585	-0.519580575351	0.0908781700586	4.46567845397	-0.679128623913	-0.871598426519	674
53	1.0	1.0	0.0	3.584820763	-0.681086024	-0.062250201	4.18394977347	-0.909369240087	-1.08337659636	675
54	0.0	0.0	0.0	4.748258011	0.0964432	0.6953055	4.98294780102	0.31000068334	8.30547082018e-05	676
54	0.0	0.25	0.0	4.6573172108	-0.158358264358	0.438757719978	4.93150097096	-0.0940721926274	-0.348101255525	677
54	0.0	0.5	0.0	4.3665930421	-0.354518755806	0.247581376857	4.73697002087	-0.415572451569	-0.632584197754	678
54	0.0	0.75	0.0	3.97584204585	-0.519580575351	0.0908781700586	4.46567845397	-0.679128623913	-0.871598426519	679
54	0.0	1.0	0.0	3.584820763	-0.681086024	-0.062250201	4.18394977347	-0.909369240087	-1.08337659636	680
54	0.25	0.0	0.0	4.75600005744	0.0838545166073	0.710558740797	4.9918803177	0.292597613291	0.0108616848364	681
54	0.25	0.25	0.0	4.67638388719	-0.244323802176	0.522927685053	4.95563637175	-0.153041072479	-0.249530302063	682
54	0.25	0.5	0.0	4.3950333863	-0.500733636725	0.376964406391	4.77757036335	-0.536100096771	-0.467674149146	683
54	0.25	0.75	0.0	4.013478281	-0.715664909278	0.250249446573	4.51896374806	-0.861140377997	-0.651579633123	684
54	0.25	1.0	0.0	3.63324829749	-0.919407542069	0.120363347357	4.24109798146	-1.13272283457	-0.809256530708	685
54	0.5	0.0	0.0	4.77297254051	0.0773812070453	0.725608049274	5.0114718353	0.275532653084	0.0160668498426	686
54	0.5	0.25	0.0	4.70692975584	-0.317999607923	0.60644639278	4.98986746254	-0.202723820418	-0.123915583847	687
54	0.5	0.5	0.0	4.43749521598	-0.646187792789	0.509463545795	4.82313574534	-0.645975683004	-0.241500865978	688
54	0.5	0.75	0.0	4.07039480641	-0.928680860422	0.420596800223	4.57108394959	-1.0345829424	-0.340037484765	689
54	0.5	1.0	0.0	3.71135441262	-1.18697632369	0.325783447966	4.2935193412	-1.34890560633	-0.42287392842	690
54	0.75	0.0	0.0	4.78979497583	0.0749588689607	0.742371983114	5.03091330515	0.262518664354	0.0229866402119	691
54	0.75	0.25	0.0	4.73742826057	-0.367330489608	0.699624869574	5.02077644409	-0.221300886236	0.0224800200433	692
54	0.75	0.5	0.0	4.48378669676	-0.758091757696	0.653991287734	4.86252284207	-0.707155249551	0.0134582710409	693
54	0.75	0.75	0.0	4.1353054312	-1.105018483	0.602862811767	4.61563524464	-1.14943403416	0.00169244784159	694
54	0.75	1.0	0.0	3.79841961069	-1.41580421322	0.543631015842	4.33959639738	-1.50252684862	-0.00704639491773	695
54	1.0	0.0	0.0	4.797086879	0.0745231	0.7627691	5.03939567856	0.257268508737	0.0389091464298	696
54	1.0	0.25	0.0	4.7563528452	-0.380261255241	0.812774141851	5.03494551719	-0.186952719724	0.183393630528	697
54	1.0	0.5	0.0	4.5237159943	-0.803656065146	0.819460124875	4.88458832876	-0.681594835693	0.264725881205	698
54	1.0	0.75	0.0	4.19692396449	-1.19106783123	0.797990061961	4.64621381928	-1.1556713703	0.312274593982	699
54	1.0	1.0	0.0	3.873724394	-1.537903055	0.763526966	4.37771169474	-1.53819585467	0.355408464378	700
57	0.0	0.0	0.0	4.797086879	0.0745231	0.7627691	5.03939567856	0.257268508737	0.0389091464298	701
57	0.0	0.25	0.0	4.7563528452	-0.380261255241	0.812774141851	5.03494551719	-0.186952719724	0.183393630528	702
57	0.0	0.5	0.0	4.5237159943	-0.803656065146	0.819460124875	4.88458832876	-0.681594835693	0.264725881205	703
57	0.0	0.75	0.0	4.19692396449	-1.19106783123	0.797990061961	4.64621381928	-1.1556713703	0.312274593982	704
57	0.0	1.0	0.0	3.873724394	-1.537903055	0.763526966	4.37771169474	-1.53819585467	0.355408464378	705
57	0.25	0.0	0.0	4.80184072558	0.0752790872875	0.785506991209	5.03963970379	0.267680891738	0.0778531767292	706
57	0.25	0.25	0.0	4.76398490187	-0.360477141268	0.930842891701	5.03010599312	-0.120385161308	0.335023907783	707
57	0.25	0.5	0.0	4.5461887772	-0.785744553547	0.993500068253	4.87800181305	-0.594149007196	0.489783168815	708
57	0.25	0.75	0.0	4.23389832685	-1.18030428743	1.00706618602	4.63986154711	-1.06463238187	0.586446512897	709
57	0.25	1.0	0.0	3.91255952611	-1.5239374808	1.00512891014	4.37221957879	-1.44285702125	0.669329493102	710
57	0.5	0.0	0.0	4.81303328397	0.0790227612754	0.806543140566	5.0409106552	0.292668636296	0.134542832084	711
57	0.5	0.25	0.0	4.76890087178	-0.320310606358	1.03292016407	5.01579672573	-0.0506943902259	0.46233530052	712
57	0.5	0.5	0.0	4.5548998466	-0.732023827345	1.16334192599	4.84687627077	-0.487488147927	0.697854132954	713
57	0.5	0.75	0.0	4.24742144169	-1.11316340769	1.23690576412	4.59257820668	-0.922074686315	0.869698011491	714
57	0.5	1.0	0.0	3.92285689035	-1.4207758534	1.29270901623	4.31133144984	-1.25881605489	1.00646561824	715
57	0.75	0.0	0.0	4.82422280613	0.0875676293756	0.825106544389	5.04217857038	0.322457574967	0.188759741905	716
57	0.75	0.25	0.0	4.76866960728	-0.258915483935	1.11771975964	4.99528638249	0.032127738439	0.568499705248	717
57	0.75	0.5	0.0	4.55160767723	-0.642498218265	1.31342869369	4.79989528259	-0.355739223713	0.872241270795	718
57	0.75	0.75	0.0	4.24345749288	-0.998267271131	1.4485592406	4.51995744351	-0.741596456569	1.11069188878	719
57	0.75	1.0	0.0	3.91463953116	-1.26130934005	1.55943729445	4.21942503807	-1.02589710521	1.29455900943	720
57	1.0	0.0	0.0	4.828967544	0.102727199	0.840426199	5.04241348689	0.347273540305	0.220285535606	721
57	1.0	0.25	0.0	4.76085996072	-0.175445607422	1.18395547912	4.97184363087	0.138089369604	0.656689018475	722
57	1.0	0.5	0.0	4.53807074382	-0.517172058031	1.42820336694	4.74574242922	-0.19302920038	0.996247079511	723
57	1.0	0.75	0.0	4.22797066426	-0.844237956874	1.60307705979	4.43759290309	-0.53679586555	1.25809094377	724
57	1.0	1.0	0.0	3.897930493	-1.078429108	1.738483755	4.12087807363	-0.78392432181	1.46135183632	725
58	0.0	0.0	0.0	4.828967544	0.102727199	0.840426199	5.04241348689	0.347273540305	0.220285535606	726
58	0.0	0.25	0.0	4.76085996072	-0.175445607422	1.18395547912	4.97184363087	0.138089369604	0.656689018475	727
58	0.0	0.5	0.0	4.53807074382	-0.517172058031	1.42820336694	4.74574242922	-0.19302920038	0.996247079511	728
58	0.0	0.75	0.0	4.22797066426	-0.844237956874	1.60307705979	4.43759290309	-0.53679586555	1.25809094377	729
58	0.0	1.0	0.0	3.897930493	-1.078429108	1.738483755	4.12087807363	-0.78392432181	1.46135183632	730
58	0.25	0.0	0.0	4.82408751798	0.121658789578	0.850747189697	5.03406076831	0.374154038356	0.238151824488	731
58	0.25	0.25	0.0	4.74520530064	-0.0919717134164	1.21365558459	4.94727272655	0.23537972768	0.705390658388	732
58	0.25	0.5	0.0	4.51650548021	-0.400969032137	1.46660098155	4.70370592822	-0.051817148878	1.04297851816	733
58	0.25	0.75	0.0	4.20364054238	-0.71242866591	1.64397284304	4.38228860203	-0.370548684414	1.29102883329	734
58	0.25	1.0	0.0	3.87226297282	-0.933446114059	1.78016063149	4.06194897671	-0.603926972022	1.48965503325	735
58	0.5	0.0	0.0	4.81421850419	0.141546424063	0.855650749944	5.01655183088	0.411529269282	0.259655040741	736
58	0.5	0.25	0.0	4.72329036589	-0.00644482260002	1.21375880443	4.91471208351	0.323083503499	0.7144935808	737
58	0.5	0.5	0.0	4.48470507605	-0.274467100818	1.45876681892	4.65585235234	0.0932522673679	1.04078233222	738
58	0.5	0.75	0.0	4.16426061407	-0.557703328655	1.63159774944	4.32446119558	-0.175200882186	1.28134522359	739
58	0.5	1.0	0.0	3.82775495937	-0.751336424176	1.773174552	4.00502717146	-0.379512388236	1.47900618348	740
58	0.75	0.0	0.0	4.80472487106	0.161726371017	0.854596009719	4.9994182741	0.449196812677	0.275199956522	741
58	0.75	0.25	0.0	4.70041542467	0.0776222187665	1.19226119559	4.88263017848	0.408010765002	0.698013463877	742
58	0.75	0.5	0.0	4.45053249607	-0.150537313739	1.4191500779	4.61045372877	0.231434336955	1.00803813577	743
58	0.75	0.75	0.0	4.12175247145	-0.406403397235	1.5819145347	4.27227895102	0.012668805639	1.2420915649	744
58	0.75	1.0	0.0	3.78075173698	-0.573627202455	1.72720644401	3.95749587128	-0.155084551845	1.43699134394	745
58	1.0	0.0	0.0	4.800970987	0.181534899	0.847042099	4.99219169748	0.476954248133	0.275191343988	746
58	1.0	0.25	0.0	4.68188074515	0.156716564423	1.157158815	4.85949548816	0.496971580128	0.669965985786	747
58	1.0	0.5	0.0	4.42185070504	-0.0420507205706	1.36219995735	4.57578208468	0.351984348481	0.963125542906	748
58	1.0	0.75	0.0	4.08803770665	-0.284870323779	1.51088595453	4.23391013561	0.156481643568	1.18631930746	749
58	1.0	1.0	0.0	3.74759859	-0.441845613	1.651937235	3.92673828953	0.0249525557627	1.37119657154	750
61	0.0	0.0	0.0	4.800970987	0.181534899	0.847042099	4.99219169748	0.476954248133	0.275191343988	751
61	0.0	0.25	0.0	4.68188074515	0.156716564423	1.157158815	4.85949548816	0.496971580128	0.669965985786	752
61	0.0	0.5	0.0	4.42185070504	-0.0420507205706	1.36219995735	4.57578208468	0.351984348481	0.963125542906	753
61	0.0	0.75	0.0	4.08803770665	-0.284870323779	1.51088595453	4.23391013561	0.156481643568	1.18631930746	754
61	0.0	1.0	0.0	3.74759859	-0.441845613	1.651937235	3.92673828953	0.0249525557627	1.37119657154	755
61	0.25	0.0	0.0	4.79500610841	0.19363337823	0.837363758751	4.98493660361	0.489785681426	0.266901201896	756
61	0.25	0.25	0.0	4.66848497295	0.210847412423	1.11271719999	4.84196818134	0.560112488014	0.625379014417	757
61	0.25	0.5	0.0	4.41086278228	0.0436164651346	1.28465045523	4.55402656764	0.444227194742	0.891327366763	758
61	0.25	0.75	0.0	4.08278495803	-0.180190082259	1.40314358643	4.21029084032	0.272213918246	1.09107943229	759
61	0.25	1.0	0.0	3.74489692185	-0.332702848382	1.51817665556	3.89994007717	0.174156775163	1.25096838433	760
61	0.5	0.0	0.0	4.78098154991	0.200098073529	0.826206873474	4.96807357152	0.497862875664	0.258798352564	761
61	0.5	0.25	0.0	4.6534053926	0.246641231729	1.05515049078	4.81943594638	0.598413713291	0.55799544545	762
61	0.5	0.5	0.0	4.40920222671	0.114494943591	1.18429343302	4.53300874109	0.521305972215	0.785118593996	763
61	0.5	0.75	0.0	4.09666853351	-0.0816532862032	1.26241737983	4.18852898306	0.382931264491	0.955595612387	764
61	0.5	1.0	0.0	3.76410079427	-0.227115952972	1.33830401085	3.8657336997	0.299681202173	1.08485431481	765
61	0.75	0.0	0.0	4.76694912321	0.204395231564	0.81309425121	4.95120267123	0.503772532637	0.248739766245	766
61	0.75	0.25	0.0	4.63352708028	0.275812689819	0.989071593485	4.79192994479	0.626682656876	0.486632756282	767
61	0.75	0.5	0.0	4.39222865733	0.176436793749	1.07087349685	4.49637764312	0.589940833095	0.66869410879	768
61	0.75	0.75	0.0	4.09022755053	0.00715148611442	1.10707095221	4.14666672013	0.4867744676	0.805142126384	769
61	0.75	1.0	0.0	3.77469745606	-0.131159290326	1.14623495046	3.82491812971	0.410410966697	0.906195111677	770
61	1.0	0.0	0.0	4.76096064	0.209991099	0.7975487	4.94392397274	0.510101354136	0.234582413192	771
61	1.0	0.25	0.0	4.60573511215	0.310076454169	0.919093414214	4.75948133806	0.659726719687	0.430108424305	772
61	1.0	0.5	0.0	4.3353016931	0.235294094559	0.95413525282	4.42778231186	0.656851929574	0.566248795329	773
61	1.0	0.75	0.0	4.0240011265	0.0826356564185	0.955467921017	4.06274620787	0.581884312867	0.664993252901	774
61	1.0	1.0	0.0	3.746174156	-0.050907224	0.975885124	3.77829233979	0.515231198638	0.748331523656	775
62	0.0	0.0	0.0	4.76096064	0.209991099	0.7975487	4.94392397274	0.510101354136	0.234582413192	776
62	0.0	0.25	0.0	4.60573511215	0.310076454169	0.919093414214	4.75948133806	0.659726719687	0.430108424305	777
62	0.0	0.5	0.0	4.3353016931	0.235294094559	0.95413525282	4.42778231186	0.656851929574	0.566248795329	778
62	0.0	0.75	0.0	4.0240011265	0.0826356564185	0.955467921017	4.06274620787	0.581884312867	0.664993252901	779
62	0.0	1.0	0.0	3.746174156	-0.050907224	0.975885124	3.77829233979	0.515231198638	0.748331523656	780
62	0.25	0.0	0.0	4.76789233398	0.216458781089	0.784477214184	4.94521663069	0.515416948631	0.217375567126	781
62	0.25	0.25	0.0	4.59474134715	0.35050804539	0.861341486607	4.74488747602	0.695966660011	0.389274554215	782
62	0.25	0.5	0.0	4.297734091	0.305690933555	0.854199595523	4.3921139451	0.72656596896	0.474678010584	783
62	0.25	0.75	0.0	3.97295381141	0.174536736181	0.819508653843	4.02163162697	0.680483906068	0.522510769719	784
62	0.25	1.0	0.0	3.71648375422	0.0495747438647	0.813725774478	3.76817611062	0.630989501926	0.581697665104	785
62	0.5	0.0	0.0	4.78227267906	0.221719536296	0.774502156502	4.94719109652	0.518143111131	0.198302716894	786
62	0.5	0.25	0.0	4.61511527906	0.389584170824	0.815539077582	4.75962225458	0.724580884516	0.345162225546	787
62	0.5	0.5	0.0	4.33054668151	0.385974656784	0.773853871035	4.43381687998	0.791578227611	0.379789034088	788
62	0.5	0.75	0.0	4.00897548817	0.290077281509	0.699842555479	4.0801798976	0.779183016915	0.371914092204	789
62	0.5	1.0	0.0	3.73081030081	0.181078332329	0.643901149534	3.80911623236	0.747443128929	0.39126834958	790
62	0.75	0.0	0.0	4.79648583537	0.225255648855	0.764163198819	4.94899837357	0.519144630983	0.178865966662	791
62	0.75	0.25	0.0	4.64376855521	0.422112824779	0.766042672243	4.78155687823	0.744025690319	0.286106797502	792
62	0.75	0.5	0.0	4.38156002017	0.459268091957	0.688739965643	4.48980874583	0.845423767775	0.2771489025	793
62	0.75	0.75	0.0	4.06721797626	0.401496242152	0.575075294444	4.1530612947	0.867229501931	0.225718283941	794
62	0.75	1.0	0.0	3.75810016949	0.313572067129	0.467868874073	3.85062184312	0.853333531369	0.20554094411	795
62	1.0	0.0	0.0	4.802915963	0.226549403	0.750000013	4.94978946518	0.519286297533	0.160567420593	796
62	1.0	0.25	0.0	4.65761282291	0.442902001566	0.697208755696	4.78856255142	0.752757374537	0.200443629286	797
62	1.0	0.5	0.0	4.39859466256	0.508694066784	0.574499765635	4.49700717204	0.8816376517	0.162324652483	798
62	1.0	0.75	0.0	4.08283309519	0.48103256786	0.423812539256	4.15494609318	0.933871217639	0.0964384085166	799
62	1.0	1.0	0.0	3.767299734	0.417024474	0.287086573	3.84220208098	0.937402160971	0.0530128157218	800
