Elem	xi[0]	xi[1]	xi[2]	Y[0]	Y[1]	Y[2]	y[0]	y[1]	y[2]	Index
1	0.0	0.0	0.0	0.447153102	0.168609643	-0.113202237	0.589232224501	0.74653835212	-0.396144733065	1
1	0.0	0.25	0.0	-0.329787260597	0.156655861805	-0.146206625186	-0.218177544119	0.780191238556	-0.370859948516	2
1	0.0	0.5	0.0	-1.11489743847	0.107806976922	-0.194493235104	-1.04708573118	0.797481237246	-0.328079315492	3
1	0.0	0.75	0.0	-1.89187559886	0.0607145708277	-0.262126242219	-1.86624797378	0.809734633258	-0.300296136868	4
1	0.0	1.0	0.0	-2.644419909	0.054030226	-0.353169822	-2.644419909	0.828277711658	-0.320003715522	5
1	0.25	0.0	0.0	0.396689271668	0.290669502508	-0.357417052888	0.531763138124	0.797337346943	-0.705465541228	6
1	0.25	0.25	0.0	-0.36295898546	0.288927384057	-0.388508174374	-0.248449049929	0.832909726331	-0.684379621124	7
1	0.25	0.5	0.0	-1.13004274611	0.277105033078	-0.416200136815	-1.05254140497	0.859855593792	-0.643514577388	8
1	0.25	0.75	0.0	-1.88431754581	0.277744085099	-0.46036553074	-1.84880700303	0.88077834755	-0.618014021299	9
1	0.25	1.0	0.0	-2.60553892011	0.313386175644	-0.540876946675	-2.60553892011	0.898281385834	-0.643021564137	10
1	0.5	0.0	0.0	0.312157100881	0.462616805188	-0.613340867864	0.445413997882	0.886418753112	-1.05628898999	11
1	0.5	0.25	0.0	-0.387072177994	0.485099370097	-0.633571354796	-0.27898026839	0.922086598041	-1.04496513113	12
1	0.5	0.5	0.0	-1.11564816509	0.512698385614	-0.636620674073	-1.04133282809	0.954947935923	-1.01269796677	13
1	0.5	0.75	0.0	-1.84294060935	0.544447429932	-0.642376784787	-1.80624528922	0.978894596325	-0.980915466892	14
1	0.5	1.0	0.0	-2.53831925975	0.57938008124	-0.670727646029	-2.53831925975	0.987818408812	-0.971045601435	15
1	0.75	0.0	0.0	0.223283132154	0.620404250774	-0.865359448658	0.356979691112	0.957553225463	-1.40831785842	16
1	0.75	0.25	0.0	-0.414078510267	0.67004602313	-0.870198011541	-0.314237383596	0.993178017395	-1.40431493745	17
1	0.75	0.5	0.0	-1.10144850083	0.732129459644	-0.849093951373	-1.0377587559	1.03018067147	-1.37684659179	18
1	0.75	0.75	0.0	-1.80044219182	0.779316054458	-0.817283229213	-1.77132456135	1.05248202212	-1.33340722932	19
1	0.75	1.0	0.0	-2.47267493552	0.784267301715	-0.790001806119	-2.47267493552	1.04400290377	-1.28149125793	20
1	1.0	0.0	0.0	0.159793908	0.699984539	-1.097858562	0.293255105155	0.954511418833	-1.72125492557	21
1	1.0	0.25	0.0	-0.45592965435	0.768641546361	-1.08718998969	-0.358686579641	0.991640148108	-1.71412749901	22
1	1.0	0.5	0.0	-1.11717855876	0.85294068028	-1.04695907321	-1.06611794373	1.03297620828	-1.67717756057	23
1	1.0	0.75	0.0	-1.78951969554	0.900841407809	-0.994208088871	-1.77680654842	1.04993926749	-1.61989606427	24
1	1.0	1.0	0.0	-2.438519955	0.860303196	-0.945979313	-2.438519955	1.01394899387	-1.55177396412	25
2	0.0	0.0	0.0	0.159793908	0.699984539	-1.097858562	0.293255105155	0.954511418833	-1.72125492557	26
2	0.0	0.25	0.0	-0.45592965435	0.768641546361	-1.08718998969	-0.358686579641	0.991640148108	-1.71412749901	27
2	0.0	0.5	0.0	-1.11717855876	0.85294068028	-1.04695907321	-1.06611794373	1.03297620828	-1.67717756057	28
2	0.0	0.75	0.0	-1.78951969554	0.900841407809	-0.994208088871	-1.77680654842	1.04993926749	-1.61989606427	29
2	0.0	1.0	0.0	-2.438519955	0.860303196	-0.945979313	-2.438519955	1.01394899387	-1.55177396412	30
2	0.25	0.0	0.0	0.089242460336	0.676208715208	-1.36997836746	0.22268408048	0.84400363731	-2.07016505618	31
2	0.25	0.25	0.0	-0.524392563484	0.73174107617	-1.33967429969	-0.426176263865	0.865259939423	-2.04752579288	32
2	0.25	0.5	0.0	-1.16470720271	0.799423978295	-1.27161052071	-1.12052924464	0.888504371308	-1.9794066921	33
2	0.25	0.75	0.0	-1.81111601524	0.824365047719	-1.1837993111	-1.80970497273	0.88372829047	-1.88695813215	34
2	0.25	1.0	0.0	-2.443033559	0.751671910578	-1.09425295144	-2.443033559	0.820923054415	-1.79133049131	35
2	0.5	0.0	0.0	-0.007605183512	0.579773054346	-1.68263543176	0.12723033423	0.659063448649	-2.46789840081	36
2	0.5	0.25	0.0	-0.599974951271	0.592083148903	-1.63139386218	-0.506838057896	0.639529318849	-2.4319217441	37
2	0.5	0.5	0.0	-1.21277372531	0.60873609974	-1.5304090615	-1.17417218877	0.613446573756	-2.33558387438	38
2	0.5	0.75	0.0	-1.83698086138	0.593680457668	-1.384811449	-1.83850657052	0.565959407931	-2.19861935804	39
2	0.5	1.0	0.0	-2.46357571528	0.510864773497	-1.19973144396	-2.46357571528	0.482212015931	-2.04076276151	40
2	0.75	0.0	0.0	-0.089496496854	0.434277844811	-1.97700371993	0.0453606472409	0.431004899393	-2.83762103766	41
2	0.75	0.25	0.0	-0.657368537054	0.397171135506	-1.9024482132	-0.574544367332	0.36741792512	-2.78833102316	42
2	0.75	0.5	0.0	-1.24687552671	0.36014586024	-1.76158443385	-1.21687053619	0.292115438371	-2.66238705875	43
2	0.75	0.75	0.0	-1.85727387182	0.310575391474	-1.55108329762	-1.86137626974	0.20669049558	-2.47782364955	44
2	0.75	1.0	0.0	-2.48781997841	0.235833101667	-1.26761572025	-2.48781997841	0.112736153182	-2.25267530069	45
2	1.0	0.0	0.0	-0.115178953	0.263323375	-2.194257197	0.0155418003508	0.191142036086	-3.10249904497	46
2	1.0	0.25	0.0	-0.671265040176	0.194508406927	-2.09293688879	-0.603167597769	0.101895396973	-3.03776930052	47
2	1.0	0.5	0.0	-1.25251000706	0.132922075422	-1.90336637604	-1.23844804697	0.00882358789671	-2.87649419657	48
2	1.0	0.75	0.0	-1.86215468442	0.0768376029564	-1.63645365202	-1.87647899834	-0.0840205708722	-2.64751491428	49
2	1.0	1.0	0.0	-2.503439903	0.024528212	-1.30310671	-2.503439903	-0.172584259064	-2.3796726348	50
5	0.0	0.0	0.0	-0.115178953	0.263323375	-2.194257197	0.0155418003508	0.191142036086	-3.10249904497	51
5	0.0	0.25	0.0	-0.671265040176	0.194508406927	-2.09293688879	-0.603167597769	0.101895396973	-3.03776930052	52
5	0.0	0.5	0.0	-1.25251000706	0.132922075422	-1.90336637604	-1.23844804697	0.00882358789671	-2.87649419657	53
5	0.0	0.75	0.0	-1.86215468442	0.0768376029564	-1.63645365202	-1.87647899834	-0.0840205708722	-2.64751491428	54
5	0.0	1.0	0.0	-2.503439903	0.024528212	-1.30310671	-2.503439903	-0.172584259064	-2.3796726348	55
5	0.25	0.0	0.0	-0.0369346807073	-0.374779323473	-2.421612962	0.0985186314906	-0.629363918869	-3.38814313906	56
5	0.25	0.25	0.0	-0.606351294435	-0.469138278082	-2.2797650996	-0.553345612391	-0.740007499476	-3.29308794481	57
5	0.25	0.5	0.0	-1.20841884052	-0.518713378927	-1.99097306087	-1.22400659773	-0.812515484109	-3.05640695564	58
5	0.25	0.75	0.0	-1.84983331078	-0.53222250171	-1.62998185756	-1.89235730059	-0.86061311636	-2.74636570414	59
5	0.25	1.0	0.0	-2.53729069704	-0.518383522134	-1.27153650144	-2.53729069704	-0.898025639819	-2.43122972292	60
5	0.5	0.0	0.0	0.0856847103306	-1.23084311199	-2.34481170846	0.257550686111	-1.69389529777	-3.33246400489	61
5	0.5	0.25	0.0	-0.513658634735	-1.32721891866	-2.21127272514	-0.436596170782	-1.81517027235	-3.22660886833	62
5	0.5	0.5	0.0	-1.15241044544	-1.33863944636	-1.88796746938	-1.16016279074	-1.85517642537	-2.95641191926	63
5	0.5	0.75	0.0	-1.83856986096	-1.29480107252	-1.48048684599	-1.88429434892	-1.84380518803	-2.60576986017	64
5	0.5	1.0	0.0	-2.58013602049	-1.22540017453	-1.09442175976	-2.58013602049	-1.81094799155	-2.25857939353	65
5	0.75	0.0	0.0	0.210587953953	-2.08812575901	-2.06575274118	0.428176640313	-2.7415178137	-3.02313262015	66
5	0.75	0.25	0.0	-0.418625728764	-2.17666280443	-1.95907364303	-0.305707218968	-2.86542787571	-2.91571034836	67
5	0.75	0.5	0.0	-1.0926037836	-2.13591040911	-1.64190506226	-1.07793269863	-2.86320575962	-2.641916488	68
5	0.75	0.75	0.0	-1.81822565645	-2.02570665897	-1.22494811546	-1.8547403672	-2.78484311782	-2.28517734145	69
5	0.75	1.0	0.0	-2.60237079321	-1.90588963991	-0.818903919203	-2.60237079321	-2.68033160269	-1.92891921113	70
5	1.0	0.0	0.0	0.295683784	-2.729885033	-1.686335365	0.545935170201	-3.51129717974	-2.54781996252	71
5	1.0	0.25	0.0	-0.346691244211	-2.81439922506	-1.59478173093	-0.213466702979	-3.63261526361	-2.43777066219	72
5	1.0	0.5	0.0	-1.03711781681	-2.71958054942	-1.30034130021	-1.00833239407	-3.58065001062	-2.1783280624	73
5	1.0	0.75	0.0	-1.77866201876	-2.53974781057	-0.900345164135	-1.80614557933	-3.43497323767	-1.84403810709	74
5	1.0	1.0	0.0	-2.574389935	-2.369219813	-0.492124414	-2.574389935	-3.27515676168	-1.50944674021	75
6	0.0	0.0	0.0	0.295683784	-2.729885033	-1.686335365	0.545935170201	-3.51129717974	-2.54781996252	76
6	0.0	0.25	0.0	-0.346691244211	-2.81439922506	-1.59478173093	-0.213466702979	-3.63261526361	-2.43777066219	77
6	0.0	0.5	0.0	-1.03711781681	-2.71958054942	-1.30034130021	-1.00833239407	-3.58065001062	-2.1783280624	78
6	0.0	0.75	0.0	-1.77866201876	-2.53974781057	-0.900345164135	-1.80614557933	-3.43497323767	-1.84403810709	79
6	0.0	1.0	0.0	-2.574389935	-2.369219813	-0.492124414	-2.574389935	-3.27515676168	-1.50944674021	80
6	0.25	0.0	0.0	0.36272238345	-3.11690984759	-1.18535341086	0.61540032214	-3.94430852374	-1.91027619882	81
6	0.25	0.25	0.0	-0.271316746517	-3.16504234416	-1.09480511606	-0.138961475759	-4.03619200103	-1.80263321182	82
6	0.25	0.5	0.0	-0.953683215107	-3.01264717885	-0.845482702718	-0.925228688935	-3.93038086261	-1.5875433764	83
6	0.25	0.75	0.0	-1.68652683137	-2.77414843909	-0.501375547564	-1.7130308282	-3.72690347015	-1.31388301913	84
6	0.25	1.0	0.0	-2.47199740437	-2.56397021236	-0.126473027348	-2.47199740437	-3.52578818533	-1.03052846653	85
6	0.5	0.0	0.0	0.451041870087	-3.43369288837	-0.482266061427	0.688080953832	-4.25624649595	-1.04792831882	86
6	0.5	0.25	0.0	-0.16444701738	-3.41032146917	-0.39016252407	-0.0366729821041	-4.29942787734	-0.945812392864	87
6	0.5	0.5	0.0	-0.824972280199	-3.20899631017	-0.201145228562	-0.79650045	-4.15717169688	-0.788119972565	88
6	0.5	0.75	0.0	-1.53554456292	-2.93717552845	0.0617846160755	-1.56135108196	-3.92223905162	-0.59307570016	89
6	0.5	1.0	0.0	-2.30117451011	-2.70231724108	0.375625800819	-2.30117451011	-3.68739103861	-0.378904217888	90
6	0.75	0.0	0.0	0.52650412693	-3.63272238598	0.267520988719	0.744761994545	-4.40219734986	-0.139540206797	91
6	0.75	0.25	0.0	-0.070188799174	-3.54848803569	0.355638199984	0.0546056962863	-4.40468579769	-0.0514806046368	92
6	0.75	0.5	0.0	-0.707482929535	-3.32138902611	0.483077206569	-0.672960128368	-4.24650564485	0.0437595027881	93
6	0.75	0.75	0.0	-1.38970190022	-3.03862925923	0.660576100817	-1.40814772702	-4.00379371232	0.154152822886	94
6	0.75	1.0	0.0	-2.12116934729	-2.78741263701	0.898872975077	-2.12116934729	-3.75268682103	0.287672063066	95
6	1.0	0.0	0.0	0.554971037	-3.666486571	0.908602045	0.766228373549	-4.33724733894	0.636124252942	96
6	1.0	0.25	0.0	-0.0326488342751	-3.57779347936	0.979089211033	0.0960814777108	-4.33432866723	0.696189753558	97
6	1.0	0.5	0.0	-0.657713080566	-3.36258640943	1.05759068698	-0.605420175134	-4.18386583796	0.731912403326	98
6	1.0	0.75	0.0	-1.31298553007	-3.08830981204	1.16643968069	-1.31046214977	-3.95438118248	0.763571523083	99
6	1.0	1.0	0.0	-1.991230011	-2.822408138	1.3279694	-1.991230011	-3.71439703212	0.811446433666	100
9	0.0	0.0	0.0	0.554971037	-3.666486571	0.908602045	0.766228373549	-4.33724733894	0.636124252942	101
9	0.0	0.25	0.0	-0.0326488342751	-3.57779347936	0.979089211033	0.0960814777108	-4.33432866723	0.696189753558	102
9	0.0	0.5	0.0	-0.657713080566	-3.36258640943	1.05759068698	-0.605420175134	-4.18386583796	0.731912403326	103
9	0.0	0.75	0.0	-1.31298553007	-3.08830981204	1.16643968069	-1.31046214977	-3.95438118248	0.763571523083	104
9	0.0	1.0	0.0	-1.991230011	-2.822408138	1.3279694	-1.991230011	-3.71439703212	0.811446433666	105
9	0.25	0.0	0.0	0.556574482102	-3.45555727044	1.4731939296	0.761794106368	-3.97301484865	1.28079460017	106
9	0.25	0.25	0.0	-0.00978686410466	-3.4194356774	1.56583507322	0.119307466877	-3.99419122671	1.35353586207	107
9	0.25	0.5	0.0	-0.619347872824	-3.27587284713	1.67193095854	-0.550245654325	-3.88568437631	1.40620068265	108
9	0.25	0.75	0.0	-1.24501282613	-3.07003181691	1.78878993608	-1.2191489233	-3.71029537636	1.4415998663	109
9	0.25	1.0	0.0	-1.85968600609	-2.84707562398	1.91372035635	-1.85968600609	-3.53082530577	1.46254421737	110
9	0.5	0.0	0.0	0.565920115411	-3.01990628426	2.06537688267	0.750578315759	-3.34031773671	1.90603430224	111
9	0.5	0.25	0.0	0.0425590851216	-3.04905313261	2.20983934782	0.157081088796	-3.39625433801	2.01777526652	112
9	0.5	0.5	0.0	-0.537328509423	-3.01396711862	2.36389975993	-0.47310824519	-3.3730182892	2.10838754403	113
9	0.5	0.75	0.0	-1.13567387929	-2.93593542407	2.51372049631	-1.10770093653	-3.30434705651	2.18210243572	114
9	0.5	1.0	0.0	-1.71440823554	-2.83624523073	2.64546393425	-1.71440823554	-3.2239781062	2.24315124254	115
9	0.75	0.0	0.0	0.571475818015	-2.4701596287	2.5628240814	0.728429203067	-2.59893340985	2.40708093055	116
9	0.75	0.25	0.0	0.0805863676022	-2.55863620069	2.7563083351	0.178289721909	-2.68528865709	2.55754549581	117
9	0.75	0.5	0.0	-0.47250295872	-2.62592374299	2.95744649706	-0.418218024932	-2.74827805567	2.69007159159	118
9	0.75	0.75	0.0	-1.04735969223	-2.67397616643	3.14550978891	-1.0243972996	-2.78827364894	2.81036681094	119
9	0.75	1.0	0.0	-1.60355136422	-2.70474738186	3.29976943227	-1.60355136422	-2.80564748022	2.92413874695	120
9	1.0	0.0	0.0	0.561709471	-1.91694332	2.843208703	0.691194969637	-1.90863927479	2.67917205651	121
9	1.0	0.25	0.0	0.0604923375356	-2.04017523734	3.05044833535	0.151820744661	-2.0060648399	2.84148407884	122
9	1.0	0.5	0.0	-0.485719189073	-2.1607972393	3.27652057585	-0.429785070758	-2.11387415477	3.00285142947	123
9	1.0	0.75	0.0	-1.04246126764	-2.27210957686	3.48843624143	-1.01751712264	-2.21381257962	3.15168057157	124
9	1.0	1.0	0.0	-1.575270057	-2.367412501	3.653206149	-1.575270057	-2.28762547466	3.27637796837	125
10	0.0	0.0	0.0	0.561709471	-1.91694332	2.843208703	0.691194969637	-1.90863927479	2.67917205651	126
10	0.0	0.25	0.0	0.0604923375356	-2.04017523734	3.05044833535	0.151820744661	-2.0060648399	2.84148407884	127
10	0.0	0.5	0.0	-0.485719189073	-2.1607972393	3.27652057585	-0.429785070758	-2.11387415477	3.00285142947	128
10	0.0	0.75	0.0	-1.04246126764	-2.27210957686	3.48843624143	-1.01751712264	-2.21381257962	3.15168057157	129
10	0.0	1.0	0.0	-1.575270057	-2.367412501	3.653206149	-1.575270057	-2.28762547466	3.27637796837	130
10	0.25	0.0	0.0	0.536879009533	-1.60655855155	2.81404219573	0.667629293009	-1.52535042248	2.66838177031	131
10	0.25	0.25	0.0	0.00398016651617	-1.72332898024	3.00211048519	0.105487981329	-1.59461042175	2.81844904277	132
10	0.25	0.5	0.0	-0.558997853999	-1.81725256944	3.22393145488	-0.490299647363	-1.65973281214	2.983186001	133
10	0.25	0.75	0.0	-1.12045261982	-1.90197007846	3.4315130346	-1.08622555381	-1.72212165502	3.12995413627	134
10	0.25	1.0	0.0	-1.64878169875	-1.99112226662	3.57686315414	-1.64878169875	-1.78318101178	3.22611493987	135
10	0.5	0.0	0.0	0.498046662295	-1.26695181719	2.63597245743	0.646042261113	-1.07830836589	2.54070366974	136
10	0.5	0.25	0.0	-0.071385861235	-1.39161228773	2.77616923988	0.0464180500172	-1.12730533126	2.65448375715	137
10	0.5	0.5	0.0	-0.660111930326	-1.49048214841	2.95525490338	-0.577833325366	-1.17499414549	2.78403436456	138
10	0.5	0.75	0.0	-1.2421390795	-1.57959184627	3.11779360653	-1.19952618361	-1.22263607075	2.89430880083	139
10	0.5	1.0	0.0	-1.79147484329	-1.67497182836	3.20834950792	-1.79147484329	-1.2714923692	2.95026037482	140
10	0.75	0.0	0.0	0.464621921159	-0.955431937982	2.38314462267	0.626144476521	-0.642077983885	2.34974343254	141
10	0.75	0.25	0.0	-0.136543237406	-1.09866724341	2.46007576656	-0.0105994507037	-0.681237261152	2.41417514717	142
10	0.75	0.5	0.0	-0.756271086142	-1.22999629113	2.57135791689	-0.670094394307	-0.727158529053	2.48263913201	143
10	0.75	0.75	0.0	-1.3719174375	-1.34531736463	2.65946130088	-1.32821554761	-0.773523024435	2.53374460104	144
10	0.75	1.0	0.0	-1.96083810393	-1.44052874742	2.66685614574	-1.96083810393	-0.814011984142	2.54610076824	145
10	1.0	0.0	0.0	0.456014278	-0.729307735	2.129703826	0.607646541803	-0.291224155303	2.14910673648	146
10	1.0	0.25	0.0	-0.162429453686	-0.898135930871	2.14128123236	-0.0507749222642	-0.333493904171	2.16211013802	147
10	1.0	0.5	0.0	-0.814684989536	-1.08530531249	2.17310749096	-0.744791143726	-0.383726337062	2.15624291521	148
10	1.0	0.75	0.0	-1.47418448462	-1.23948911786	2.16869946132	-1.44309018137	-0.432949713713	2.13726157271	149
10	1.0	1.0	0.0	-2.114360094	-1.309360585	2.071574003	-2.114360094	-0.472192293863	2.11092261517	150
13	0.0	0.0	0.0	0.456014278	-0.729307735	2.129703826	0.607646541803	-0.291224155303	2.14910673648	151
13	0.0	0.25	0.0	-0.162429453686	-0.898135930871	2.14128123236	-0.0507749222642	-0.333493904171	2.16211013802	152
13	0.0	0.5	0.0	-0.814684989536	-1.08530531249	2.17310749096	-0.744791143726	-0.383726337062	2.15624291521	153
13	0.0	0.75	0.0	-1.47418448462	-1.23948911786	2.16869946132	-1.44309018137	-0.432949713713	2.13726157271	154
13	0.0	1.0	0.0	-2.114360094	-1.309360585	2.071574003	-2.114360094	-0.472192293863	2.11092261517	155
13	0.25	0.0	0.0	0.463444808019	-0.582633449212	1.8769456163	0.605307728367	-0.0538970698479	1.90830175124	156
13	0.25	0.25	0.0	-0.163218695367	-0.776317944407	1.85897615648	-0.0711341778054	-0.112582133374	1.9058973788	157
13	0.25	0.5	0.0	-0.826831690731	-1.03258559504	1.85919713496	-0.780296153213	-0.205528021318	1.8748994472	158
13	0.25	0.75	0.0	-1.51364107629	-1.25223162435	1.79875999657	-1.50045655749	-0.302021168529	1.8210930335	159
13	0.25	1.0	0.0	-2.20989375027	-1.3360512556	1.59881618614	-2.20989375027	-0.371348009857	1.75026321479	160
13	0.5	0.0	0.0	0.469269948697	-0.439184418637	1.56405911661	0.621196285163	0.150369473042	1.56928430444	161
13	0.5	0.25	0.0	-0.175241903497	-0.65281125877	1.54270058424	-0.089819376661	0.0760722812304	1.58114720802	162
13	0.5	0.5	0.0	-0.834245378922	-0.979674661838	1.54202848919	-0.806617593222	-0.0872970021772	1.56637195637	163
13	0.5	0.75	0.0	-1.53240611261	-1.28579677773	1.44757472699	-1.53840537678	-0.267391428831	1.50431803673	164
13	0.5	1.0	0.0	-2.29438973958	-1.43719975635	1.14487119319	-2.29438973958	-0.39186405038	1.37434493628	165
13	0.75	0.0	0.0	0.476508821527	-0.300343213242	1.24101138736	0.64137586712	0.324605671058	1.20083618688	166
13	0.75	0.25	0.0	-0.200805456557	-0.519751817968	1.22255888407	-0.111133497726	0.245816357205	1.23404958724	167
13	0.75	0.5	0.0	-0.859752284724	-0.889661780362	1.22077055176	-0.846181952899	0.0334387024706	1.2477462609	168
13	0.75	0.75	0.0	-1.56520536261	-1.25726362537	1.10631985757	-1.59330506231	-0.21002303646	1.19586563179	169
13	0.75	1.0	0.0	-2.38203838986	-1.46974787793	0.749880268635	-2.38203838986	-0.382064602902	1.03234712385	170
13	1.0	0.0	0.0	0.488180548	-0.167492403	0.957769489	0.651910129167	0.471841721889	0.871739189334	171
13	1.0	0.25	0.0	-0.242215733025	-0.369275566011	0.928655424412	-0.139379519896	0.409997112109	0.910794478058	172
13	1.0	0.5	0.0	-0.92617863875	-0.725636218078	0.894592320793	-0.921415721391	0.219151074735	0.93610817892	173
13	1.0	0.75	0.0	-1.64676459535	-1.08371121461	0.766171593277	-1.70152403715	-0.0108785332574	0.904664868081	174
13	1.0	1.0	0.0	-2.487030029	-1.290637411	0.453984657	-2.487030029	-0.190273854891	0.773449121701	175
14	0.0	0.0	0.0	0.488180548	-0.167492403	0.957769489	0.651910129167	0.471841721889	0.871739189334	176
14	0.0	0.25	0.0	-0.242215733025	-0.369275566011	0.928655424412	-0.139379519896	0.409997112109	0.910794478058	177
14	0.0	0.5	0.0	-0.92617863875	-0.725636218078	0.894592320793	-0.921415721391	0.219151074735	0.93610817892	178
14	0.0	0.75	0.0	-1.64676459535	-1.08371121461	0.766171593277	-1.70152403715	-0.0108785332574	0.904664868081	179
14	0.0	1.0	0.0	-2.487030029	-1.290637411	0.453984657	-2.487030029	-0.190273854891	0.773449121701	180
14	0.25	0.0	0.0	0.493281095551	-0.0657656756343	0.712698539958	0.648818244485	0.57797418692	0.584145496848	181
14	0.25	0.25	0.0	-0.27274627859	-0.22316208854	0.672608737483	-0.162873399022	0.546378318353	0.618559700642	182
14	0.25	0.5	0.0	-0.994908855278	-0.515500898129	0.607336990511	-0.988517171095	0.423243000383	0.648571015147	183
14	0.25	0.75	0.0	-1.74049698853	-0.810265856065	0.484906493355	-1.80189805459	0.26514646503	0.647158566726	184
14	0.25	1.0	0.0	-2.57680103236	-0.974940714013	0.273340440325	-2.57680103236	0.12866694431	0.587301481742	185
14	0.5	0.0	0.0	0.485481144705	0.0198770368553	0.428349620371	0.637519854524	0.661214481127	0.246947436025	186
14	0.5	0.25	0.0	-0.286544002247	-0.0778980613799	0.394231196366	-0.17816636872	0.658271913493	0.2833722604	187
14	0.5	0.5	0.0	-1.04014753229	-0.287472849174	0.333354324763	-1.01865996648	0.595915673171	0.333705143368	188
14	0.5	0.75	0.0	-1.81007024099	-0.508718170517	0.242504986223	-1.84820684834	0.510823796238	0.371439044001	189
14	0.5	1.0	0.0	-2.63105292391	-0.641504869396	0.118469161406	-2.63105292391	0.43967431877	0.370066921371	190
14	0.75	0.0	0.0	0.468774034007	0.0958605409172	0.140967703599	0.617747125718	0.718442553273	-0.094825728744	191
14	0.75	0.25	0.0	-0.300070473186	0.0531600704186	0.114350256873	-0.193765420062	0.738576639552	-0.058517677657	192
14	0.75	0.5	0.0	-1.07558146247	-0.0701656859222	0.0677192680557	-1.03159814176	0.724788587369	0.00399391576189	193
14	0.75	0.75	0.0	-1.85926842151	-0.208560560655	0.00486232374363	-1.86235522065	0.700803254328	0.0610921820786	194
14	0.75	1.0	0.0	-2.652640838	-0.296468386331	-0.0704329894666	-2.652640838	0.690345498037	0.0811602518592	195
14	1.0	0.0	0.0	0.447153102	0.168609643	-0.113202237	0.589232224501	0.74653835212	-0.396144733065	196
14	1.0	0.25	0.0	-0.329787260597	0.156655861805	-0.146206625186	-0.218177544119	0.780191238556	-0.370859948516	197
14	1.0	0.5	0.0	-1.11489743847	0.107806976922	-0.194493235104	-1.04708573118	0.797481237246	-0.328079315492	198
14	1.0	0.75	0.0	-1.89187559886	0.0607145708277	-0.262126242219	-1.86624797378	0.809734633258	-0.300296136868	199
14	1.0	1.0	0.0	-2.644419909	0.054030226	-0.353169822	-2.644419909	0.828277711658	-0.320003715522	200
17	0.0	0.0	0.0	3.767299734	0.417024474	0.287086573	4.03202386418	0.615878740089	-0.0696414164789	201
17	0.0	0.25	0.0	3.32585409044	0.366673295695	0.163919359912	3.58226759858	0.676552509131	-0.123368719003	202
17	0.0	0.5	0.0	2.86168027595	0.368091280206	0.10205470666	3.1086839316	0.732392932216	-0.176191428319	203
17	0.0	0.75	0.0	2.40687370574	0.381972676364	0.0715979863283	2.63958012294	0.775664433445	-0.224753790722	204
17	0.0	1.0	0.0	1.993529795	0.369011733	0.042654572	2.20326343229	0.798631436921	-0.265700052509	205
17	0.25	0.0	0.0	3.72882049316	0.561448567831	0.122713413081	3.9944724972	0.718541793126	-0.281018206554	206
17	0.25	0.25	0.0	3.3020315561	0.528735313408	-0.0186178895847	3.55372844979	0.7785489574	-0.375686135996	207
17	0.25	0.5	0.0	2.83541005735	0.534139121897	-0.108943500272	3.08216202822	0.825465233504	-0.460100343856	208
17	0.25	0.75	0.0	2.37317919791	0.539985464294	-0.165132999469	2.6110970977	0.856040115652	-0.530014904062	209
17	0.25	1.0	0.0	1.95956217877	0.508599811596	-0.20405596766	2.17185752345	0.86702309806	-0.581183890547	210
17	0.5	0.0	0.0	3.65754669496	0.769182036714	-0.00412638093918	3.9578517124	0.865815363597	-0.510901519763	211
17	0.5	0.25	0.0	3.22890403699	0.742131982535	-0.181447873029	3.51838388034	0.911502893796	-0.647988007519	212
17	0.5	0.5	0.0	2.77636681884	0.736750874866	-0.322871434634	3.05112988176	0.93395938319	-0.775425909647	213
17	0.5	0.75	0.0	2.33113440557	0.717753719027	-0.427911988175	2.58189817484	0.934785504595	-0.881878529022	214
17	0.5	1.0	0.0	1.92440616227	0.649855520335	-0.496084456077	2.13649721776	0.915581930825	-0.956009168517	215
17	0.75	0.0	0.0	3.58713436178	0.954155970491	-0.127847375989	3.92638576812	0.976324391355	-0.741719862856	216
17	0.75	0.25	0.0	3.14861235575	0.938848548497	-0.338450757937	3.48607101385	1.01369184493	-0.916857191757	217
17	0.75	0.5	0.0	2.71190857169	0.919981190753	-0.52909421072	3.02386860782	1.01202130579	-1.08581563909	218
17	0.75	0.75	0.0	2.28874892276	0.870812855669	-0.683483806567	2.55824527607	0.981081158446	-1.2294391153	219
17	0.75	1.0	0.0	1.89085932213	0.764602501656	-0.785325617706	2.1076677447	0.930639787386	-1.32857153081	220
17	1.0	0.0	0.0	3.551239516	1.030301459	-0.282864139	3.90429892266	0.968693816253	-0.955901742579	221
17	1.0	0.25	0.0	3.10329733506	1.05087025672	-0.503506711824	3.46662697396	1.02339333741	-1.1588765469	222
17	1.0	0.5	0.0	2.6693933272	1.0278847212	-0.71697694283	3.00865932197	1.01379692583	-1.3549170456	223
17	1.0	0.75	0.0	2.25403234348	0.954698289328	-0.898593281421	2.5464003231	0.964107635378	-1.5217911126	224
17	1.0	1.0	0.0	1.861719235	0.824664398	-1.023674177	2.09585433378	0.898528519913	-1.63726662183	225
18	0.0	0.0	0.0	1.993529795	0.369011733	0.042654572	2.20326343229	0.798631436921	-0.265700052509	226
18	0.0	0.25	0.0	1.63745969463	0.316511237574	0.00213577303014	1.82440243977	0.791186261459	-0.304276103404	227
18	0.0	0.5	0.0	1.24790449503	0.246712459054	-0.0451423116303	1.41612027812	0.765517774216	-0.348056206033	228
18	0.0	0.75	0.0	0.844567772168	0.187962795006	-0.0874861567257	0.997901891602	0.743382847126	-0.383269402039	229
18	0.0	1.0	0.0	0.447153102	0.168609643	-0.113202237	0.589232224501	0.74653835212	-0.396144733065	230
18	0.25	0.0	0.0	1.95956217877	0.508599811596	-0.20405596766	2.17185752345	0.86702309806	-0.581183890547	231
18	0.25	0.25	0.0	1.60360322068	0.441995279311	-0.242084348743	1.78585098592	0.851875558809	-0.620599429025	232
18	0.25	0.5	0.0	1.20938498009	0.368553701366	-0.286417623604	1.36893374183	0.821294874974	-0.660911396152	233
18	0.25	0.75	0.0	0.799537112063	0.310652601265	-0.3279103418	0.943454792221	0.796156864902	-0.692430023147	234
18	0.25	1.0	0.0	0.396689271668	0.290669502508	-0.357417052888	0.531763138124	0.797337346943	-0.705465541228	235
18	0.5	0.0	0.0	1.92440616227	0.649855520335	-0.496084456077	2.13649721776	0.915581930825	-0.956009168517	236
18	0.5	0.25	0.0	1.5543148136	0.564936255258	-0.536053759013	1.73238227226	0.892243476292	-0.998480016712	237
18	0.5	0.5	0.0	1.14101188579	0.502406802205	-0.567457805301	1.29884611437	0.877671672412	-1.02859802692	238
18	0.5	0.75	0.0	0.716343830872	0.466792029431	-0.592489279923	0.861364703213	0.874764203311	-1.04749156329	239
18	0.5	1.0	0.0	0.312157100881	0.462616805188	-0.613340867864	0.445413997882	0.886418753112	-1.05628898999	240
18	0.75	0.0	0.0	1.89085932213	0.764602501656	-0.785325617706	2.1076677447	0.930639787386	-1.32857153081	241
18	0.75	0.25	0.0	1.50511102745	0.663713754868	-0.831430177262	1.68431666014	0.901853705334	-1.37609855889	242
18	0.75	0.5	0.0	1.07112663269	0.615265099637	-0.850620603394	1.23151426448	0.908597626572	-1.39737918856	243
18	0.75	0.75	0.0	0.630114535156	0.605435582694	-0.85717199442	0.779116595539	0.933090987737	-1.40419257125	244
18	0.75	1.0	0.0	0.223283132154	0.620404250774	-0.865359448658	0.356979691112	0.957553225463	-1.40831785842	245
18	1.0	0.0	0.0	1.861719235	0.824664398	-1.023674177	2.09585433378	0.898528519913	-1.63726662183	246
18	1.0	0.25	0.0	1.47150841631	0.716707367595	-1.07987132297	1.66197451092	0.870269937361	-1.691635748	247
18	1.0	0.5	0.0	1.02807064136	0.674121931727	-1.09826376456	1.1925950609	0.888022197493	-1.71351797131	248
18	1.0	0.75	0.0	0.575975831477	0.675637764246	-1.09790750862	0.724195440156	0.925023343564	-1.71827159581	249
18	1.0	1.0	0.0	0.159793908	0.699984539	-1.097858562	0.293255105155	0.954511418833	-1.72125492557	250
19	0.0	0.0	0.0	3.551239516	1.030301459	-0.282864139	3.90429892266	0.968693816253	-0.955901742579	251
19	0.0	0.25	0.0	3.10329733506	1.05087025672	-0.503506711824	3.46662697396	1.02339333741	-1.1588765469	252
19	0.0	0.5	0.0	2.6693933272	1.0278847212	-0.71697694283	3.00865932197	1.01379692583	-1.3549170456	253
19	0.0	0.75	0.0	2.25403234348	0.954698289328	-0.898593281421	2.5464003231	0.964107635378	-1.5217911126	254
19	0.0	1.0	0.0	1.861719235	0.824664398	-1.023674177	2.09585433378	0.898528519913	-1.63726662183	255
19	0.25	0.0	0.0	3.53889716591	0.97630148966	-0.3808256576	3.89631301659	0.861353229275	-1.0826859284	256
19	0.25	0.25	0.0	3.08616799779	1.02258264876	-0.624525747681	3.4555474715	0.930194506715	-1.31798768748	257
19	0.25	0.5	0.0	2.64708564206	1.01320980528	-0.866062085965	2.99547461442	0.930945201619	-1.55076105954	258
19	0.25	0.75	0.0	2.22497268858	0.947639705284	-1.07660318659	2.5302389395	0.889241846125	-1.75234100381	259
19	0.25	1.0	0.0	1.82315172721	0.825329094829	-1.22731756368	2.07398494091	0.830720972368	-1.89406247955	260
19	0.5	0.0	0.0	3.51554318571	0.852731602136	-0.450741657195	3.89160518277	0.686731594704	-1.20641162237	261
19	0.5	0.25	0.0	3.05916710278	0.911030240389	-0.746553922036	3.44021029533	0.75922768391	-1.48892602583	262
19	0.5	0.5	0.0	2.61859101498	0.924501627913	-1.03674856543	2.97340728736	0.782310392789	-1.77261962867	263
19	0.5	0.75	0.0	2.18874759217	0.885880387958	-1.2915953555	2.49939795995	0.767250202169	-2.02361089462	264
19	0.5	1.0	0.0	1.76456950422	0.787901143774	-1.48136406034	2.02638411418	0.725317592881	-2.20801828743	265
19	0.75	0.0	0.0	3.4880801719	0.704471942544	-0.490781648943	3.88971860899	0.493809738363	-1.30904333279	266
19	0.75	0.25	0.0	3.03059040674	0.764271359449	-0.841918045729	3.42907243183	0.562771041229	-1.63807901419	267
19	0.75	0.5	0.0	2.59122378583	0.795412729352	-1.18496371084	2.95546122445	0.604595779587	-1.97297951715	268
19	0.75	0.75	0.0	2.15572970814	0.782136098798	-1.4878020531	2.47167747459	0.614116762778	-2.2744947383	269
19	0.75	1.0	0.0	1.70985757261	0.708681514332	-1.71831648134	1.98051367	0.586166800143	-2.50337457427	270
19	1.0	0.0	0.0	3.463410721	0.576402657	-0.499115144	3.89019648304	0.331568486079	-1.37254556796	271
19	1.0	0.25	0.0	3.00873366637	0.630364333777	-0.8829449296	3.4305908674	0.3931027509	-1.7318341048	272
19	1.0	0.5	0.0	2.57229829446	0.659595649855	-1.26663485179	2.95464030935	0.434504642257	-2.10432748913	273
19	1.0	0.75	0.0	2.13629169033	0.649122599255	-1.60945554433	2.46487757358	0.445825587216	-2.44388648811	274
19	1.0	1.0	0.0	1.682900939	0.583971176	-1.870677641	1.96383542477	0.417117012845	-2.70437186888	275
20	0.0	0.0	0.0	1.861719235	0.824664398	-1.023674177	2.09585433378	0.898528519913	-1.63726662183	276
20	0.0	0.25	0.0	1.47150841631	0.716707367595	-1.07987132297	1.66197451092	0.870269937361	-1.691635748	277
20	0.0	0.5	0.0	1.02807064136	0.674121931727	-1.09826376456	1.1925950609	0.888022197493	-1.71351797131	278
20	0.0	0.75	0.0	0.575975831477	0.675637764246	-1.09790750862	0.724195440156	0.925023343564	-1.71827159581	279
20	0.0	1.0	0.0	0.159793908	0.699984539	-1.097858562	0.293255105155	0.954511418833	-1.72125492557	280
20	0.25	0.0	0.0	1.82315172721	0.825329094829	-1.22731756368	2.07398494091	0.830720972368	-1.89406247955	281
20	0.25	0.25	0.0	1.4285086746	0.72106083267	-1.30631408295	1.6340800033	0.801793931616	-1.97205351316	282
20	0.25	0.5	0.0	0.978537879633	0.672107333406	-1.35040608926	1.1503846752	0.807760089404	-2.02543732358	283
20	0.25	0.75	0.0	0.517396691733	0.662484619948	-1.36861903372	0.665664264839	0.82852735491	-2.05715935615	284
20	0.25	1.0	0.0	0.089242460336	0.676208715208	-1.36997836746	0.22268408048	0.84400363731	-2.07016505618	285
20	0.5	0.0	0.0	1.76456950422	0.787901143774	-1.48136406034	2.02638411418	0.725317592881	-2.20801828743	286
20	0.5	0.25	0.0	1.35619035943	0.69125945103	-1.58728876854	1.57836073447	0.692441040225	-2.31591133423	287
20	0.5	0.5	0.0	0.894961596761	0.627809473335	-1.654150947	1.08200119208	0.677550379027	-2.3976852834	288
20	0.5	0.75	0.0	0.425493115885	0.592373308502	-1.68493752499	0.583044665744	0.669979788699	-2.44959576293	289
20	0.5	1.0	0.0	-0.007605183512	0.579773054346	-1.68263543176	0.12723033423	0.659063448649	-2.46789840081	290
20	0.75	0.0	0.0	1.70985757261	0.708681514332	-1.71831648134	1.98051367	0.586166800143	-2.50337457427	291
20	0.75	0.25	0.0	1.28824946209	0.619621035384	-1.85077328734	1.52560221064	0.546761812852	-2.64050591269	292
20	0.75	0.5	0.0	0.817932988783	0.540598154271	-1.93974559406	1.02088146685	0.509027608489	-2.74719961127	293
20	0.75	0.75	0.0	0.343740290022	0.477016035807	-1.98267515406	0.512188568941	0.471072524766	-2.8155424072	294
20	0.75	1.0	0.0	-0.089496496854	0.434277844811	-1.97700371993	0.0453606472409	0.431004899393	-2.83762103766	295
20	1.0	0.0	0.0	1.682900939	0.583971176	-1.870677641	1.96383542477	0.417117012845	-2.70437186888	296
20	1.0	0.25	0.0	1.25838197388	0.498463398444	-2.02474554695	1.50658993801	0.369306799162	-2.86313395003	297
20	1.0	0.5	0.0	0.788043251743	0.409843178971	-2.13743728669	1.00046235482	0.313826319916	-2.99091806772	298
20	1.0	0.75	0.0	0.315613400231	0.328125007763	-2.19764409258	0.488947900497	0.253497442945	-3.07496088001	299
20	1.0	1.0	0.0	-0.115178953	0.263323375	-2.194257197	0.0155418003508	0.191142036086	-3.10249904497	300
25	0.0	0.0	0.0	3.463410721	0.576402657	-0.499115144	3.89019648304	0.331568486079	-1.37254556796	301
25	0.0	0.25	0.0	3.00873366637	0.630364333777	-0.8829449296	3.4305908674	0.3931027509	-1.7318341048	302
25	0.0	0.5	0.0	2.57229829446	0.659595649855	-1.26663485179	2.95464030935	0.434504642257	-2.10432748913	303
25	0.0	0.75	0.0	2.13629169033	0.649122599255	-1.60945554433	2.46487757358	0.445825587216	-2.44388648811	304
25	0.0	1.0	0.0	1.682900939	0.583971176	-1.870677641	1.96383542477	0.417117012845	-2.70437186888	305
25	0.25	0.0	0.0	3.4476915093	0.27747335481	-0.453846500984	3.92532141698	-0.047949203529	-1.40737680432	306
25	0.25	0.25	0.0	2.99418653167	0.283036047898	-0.836274620834	3.47729004864	-0.0477594460179	-1.78489072073	307
25	0.25	0.5	0.0	2.5528815752	0.25319705935	-1.24624048324	3.00212625168	-0.0757272465231	-2.18736256183	308
25	0.25	0.75	0.0	2.11525384337	0.18871299052	-1.62762152184	2.51051581595	-0.130487913794	-2.56198128734	309
25	0.25	1.0	0.0	1.67278053966	0.0903404427624	-1.92429517029	2.01314453126	-0.210676756578	-2.85593585698	310
25	0.5	0.0	0.0	3.48357524596	-0.0702798287031	-0.362138038414	4.00035760848	-0.487270481485	-1.34105127305	311
25	0.5	0.25	0.0	3.01684507438	-0.142793579412	-0.69482987857	3.54930025929	-0.59309355612	-1.69639424193	312
25	0.5	0.5	0.0	2.55559925717	-0.240746482224	-1.05819038859	3.07149582577	-0.714545876772	-2.06659668735	313
25	0.5	0.75	0.0	2.10538974342	-0.365188399096	-1.40866181389	2.58346130743	-0.850659107903	-2.41482790346	314
25	0.5	1.0	0.0	1.67176848219	-0.517169191981	-1.70268639987	2.10171370378	-1.00046491398	-2.70425718441	315
25	0.75	0.0	0.0	3.53972923063	-0.409063939614	-0.229701892888	4.08100563714	-0.908174864998	-1.1992621022	316
25	0.75	0.25	0.0	3.05821209755	-0.565163516878	-0.497483670594	3.62454734589	-1.12475114394	-1.5126589408	317
25	0.75	0.5	0.0	2.5777899128	-0.729310301502	-0.784507983351	3.14528988494	-1.33961737544	-1.82240757085	318
25	0.75	0.75	0.0	2.11412884059	-0.910965135274	-1.0701114211	2.66292787656	-1.5556061396	-2.11318705648	319
25	0.75	1.0	0.0	1.68289504512	-1.11958885998	-1.33363057377	2.19715594303	-1.77555001653	-2.36967646183	320
25	1.0	0.0	0.0	3.584820763	-0.681086024	-0.062250201	4.13296608253	-1.23244187128	-1.0077024198	321
25	1.0	0.25	0.0	3.09979040421	-0.902112733228	-0.283108964695	3.68095715498	-1.52458377403	-1.27999908973	322
25	1.0	0.5	0.0	2.61679211449	-1.11956972512	-0.507216683028	3.20604928255	-1.80860786949	-1.53517291747	323
25	1.0	0.75	0.0	2.14890058502	-1.3470007837	-0.729505344097	2.7281293519	-2.08624715338	-1.7678194664	324
25	1.0	1.0	0.0	1.709190507	-1.597949693	-0.944906936	2.26708424969	-2.35923462142	-1.97253429989	325
26	0.0	0.0	0.0	1.682900939	0.583971176	-1.870677641	1.96383542477	0.417117012845	-2.70437186888	326
26	0.0	0.25	0.0	1.25838197388	0.498463398444	-2.02474554695	1.50658993801	0.369306799162	-2.86313395003	327
26	0.0	0.5	0.0	0.788043251743	0.409843178971	-2.13743728669	1.00046235482	0.313826319916	-2.99091806772	328
26	0.0	0.75	0.0	0.315613400231	0.328125007763	-2.19764409258	0.488947900497	0.253497442945	-3.07496088001	329
26	0.0	1.0	0.0	-0.115178953	0.263323375	-2.194257197	0.0155418003508	0.191142036086	-3.10249904497	330
26	0.25	0.0	0.0	1.67278053966	0.0903404427624	-1.92429517029	2.01314453126	-0.210676756578	-2.85593585698	331
26	0.25	0.25	0.0	1.26949880478	-0.0209894986932	-2.11879490663	1.5655377828	-0.302343738954	-3.05017582087	332
26	0.25	0.5	0.0	0.827840941249	-0.148491334168	-2.2876544508	1.07374974468	-0.411941712676	-3.22123490785	333
26	0.25	0.75	0.0	0.381224071834	-0.272857222736	-2.39916380264	0.573002624904	-0.525578998922	-3.34269628992	334
26	0.25	1.0	0.0	-0.0369346807073	-0.374779323473	-2.421612962	0.0985186314906	-0.629363918869	-3.38814313906	335
26	0.5	0.0	0.0	1.67176848219	-0.517169191981	-1.70268639987	2.10171370378	-1.00046491398	-2.70425718441	336
26	0.5	0.25	0.0	1.29507087	-0.690384216041	-1.92429769089	1.67210610696	-1.163158485	-2.92036839419	337
26	0.5	0.5	0.0	0.894018602892	-0.895785227924	-2.13348987763	1.20339484496	-1.35749313425	-3.12239568835	338
26	0.5	0.75	0.0	0.485320332466	-1.09029670184	-2.28781165264	0.72280225796	-1.54667126931	-3.27240543565	339
26	0.5	1.0	0.0	0.0856847103306	-1.23084311199	-2.34481170846	0.257550686111	-1.69389529777	-3.33246400489	340
26	0.75	0.0	0.0	1.68289504512	-1.11958885998	-1.33363057377	2.19715594303	-1.77555001653	-2.36967646183	341
26	0.75	0.25	0.0	1.32613340833	-1.36045784313	-1.56356957479	1.78536152124	-2.01131603936	-2.58522929876	342
26	0.75	0.5	0.0	0.962858479683	-1.64690074914	-1.79547603859	1.34107234833	-2.29105682705	-2.79653084163	343
26	0.75	0.75	0.0	0.591525060964	-1.91182193534	-1.97949031184	0.882580147086	-2.55453615877	-2.95776923419	344
26	0.75	1.0	0.0	0.210587953953	-2.08812575901	-2.06575274118	0.428176640313	-2.7415178137	-3.02313262015	345
26	1.0	0.0	0.0	1.709190507	-1.597949693	-0.944906936	2.26708424969	-2.35923462142	-1.97253429989	346
26	1.0	0.25	0.0	1.35372165853	-1.88194746948	-1.15892623338	1.86437063643	-2.6449950024	-2.15627616332	347
26	1.0	0.5	0.0	1.01064281463	-2.21670014468	-1.39414540508	1.43845694744	-2.98086167333	-2.34577080015	348
26	1.0	0.75	0.0	0.663461136164	-2.52506142904	-1.59010244948	0.996569639705	-3.29393045789	-2.49246860251	349
26	1.0	1.0	0.0	0.295683784	-2.729885033	-1.686335365	0.545935170201	-3.51129717974	-2.54781996252	350
27	0.0	0.0	0.0	3.584820763	-0.681086024	-0.062250201	4.13296608253	-1.23244187128	-1.0077024198	351
27	0.0	0.25	0.0	3.09979040421	-0.902112733228	-0.283108964695	3.68095715498	-1.52458377403	-1.27999908973	352
27	0.0	0.5	0.0	2.61679211449	-1.11956972512	-0.507216683028	3.20604928255	-1.80860786949	-1.53517291747	353
27	0.0	0.75	0.0	2.14890058502	-1.3470007837	-0.729505344097	2.7281293519	-2.08624715338	-1.7678194664	354
27	0.0	1.0	0.0	1.709190507	-1.597949693	-0.944906936	2.26708424969	-2.35923462142	-1.97253429989	355
27	0.25	0.0	0.0	3.63324829749	-0.919407542069	0.120363347357	4.16711780869	-1.48535828054	-0.759351410325	356
27	0.25	0.25	0.0	3.17350691391	-1.18252602305	-0.0636552023507	3.73658194321	-1.81269260771	-0.980249839125	357
27	0.25	0.5	0.0	2.70776946469	-1.44168828319	-0.244502268024	3.27518600737	-2.13648911645	-1.18367489496	358
27	0.25	0.75	0.0	2.24728928505	-1.70287633557	-0.418597676457	2.80474702618	-2.45118867323	-1.36298290038	359
27	0.25	1.0	0.0	1.80331971022	-1.9720721933	-0.582361254444	2.34708202467	-2.75123214455	-1.51153017796	360
27	0.5	0.0	0.0	3.71135441262	-1.18697632369	0.325783447966	4.21220808086	-1.74204000669	-0.430377816042	361
27	0.5	0.25	0.0	3.29962106041	-1.48878325084	0.196552962553	3.81336129649	-2.09607080345	-0.570925774557	362
27	0.5	0.5	0.0	2.85950937556	-1.79170346668	0.0715815546298	3.3718504527	-2.4528413519	-0.697038824714	363
27	0.5	0.75	0.0	2.41127238491	-2.08671168463	-0.0455640152462	2.91502041334	-2.79650757497	-0.804423406254	364
27	0.5	1.0	0.0	1.97516311533	-2.36478261809	-0.151316986519	2.47021604228	-3.11122539559	-0.888785958921	365
27	0.75	0.0	0.0	3.79841961069	-1.41580421322	0.543631015842	4.25417265051	-1.93633589094	-0.0734003476742	366
27	0.75	0.25	0.0	3.43200888294	-1.74615037483	0.472307327759	3.88411145325	-2.30620411034	-0.127943205703	367
27	0.75	0.5	0.0	3.01454745899	-2.0780220934	0.408097713089	3.45994708793	-2.67887558043	-0.170071173302	368
27	0.75	0.75	0.0	2.57714645292	-2.39357630629	0.351270184626	3.01522737253	-3.03289494091	-0.200675463467	369
27	0.75	1.0	0.0	2.15091697878	-2.67496995084	0.302092755165	2.58350012509	-3.3468068315	-0.220647289192	370
27	1.0	0.0	0.0	3.873724394	-1.537903055	0.763526966	4.2789472691	-2.00209477448	0.258962284054	371
27	1.0	0.25	0.0	3.52454642069	-1.87989335327	0.738399691013	3.92164865192	-2.37457827752	0.272781557764	372
27	1.0	0.5	0.0	3.11541932687	-2.20905098114	0.732109135509	3.50338038241	-2.73580280663	0.302421592712	373
27	1.0	0.75	0.0	2.68120805737	-2.51853967594	0.733579468251	3.06164576289	-3.07104185336	0.339726448522	374
27	1.0	1.0	0.0	2.256777557	-2.801523175	0.731734858	2.63394809569	-3.36556890925	0.376540184821	375
28	0.0	0.0	0.0	1.709190507	-1.597949693	-0.944906936	2.26708424969	-2.35923462142	-1.97253429989	376
28	0.0	0.25	0.0	1.35372165853	-1.88194746948	-1.15892623338	1.86437063643	-2.6449950024	-2.15627616332	377
28	0.0	0.5	0.0	1.01064281463	-2.21670014468	-1.39414540508	1.43845694744	-2.98086167333	-2.34577080015	378
28	0.0	0.75	0.0	0.663461136164	-2.52506142904	-1.59010244948	0.996569639705	-3.29393045789	-2.49246860251	379
28	0.0	1.0	0.0	0.295683784	-2.729885033	-1.686335365	0.545935170201	-3.51129717974	-2.54781996252	380
28	0.25	0.0	0.0	1.80331971022	-1.9720721933	-0.582361254444	2.34708202467	-2.75123214455	-1.51153017796	381
28	0.25	0.25	0.0	1.43635560305	-2.26586760752	-0.753094974887	1.94254367767	-3.05593654017	-1.6428223404	382
28	0.25	0.5	0.0	1.08572485004	-2.6083508576	-0.950262839435	1.51560339083	-3.40633783599	-1.78052827936	383
28	0.25	0.75	0.0	0.733742195426	-2.9189041891	-1.11422795059	1.07148199528	-3.72745538089	-1.88342167283	384
28	0.25	1.0	0.0	0.36272238345	-3.11690984759	-1.18535341086	0.61540032214	-3.94430852374	-1.91027619882	385
28	0.5	0.0	0.0	1.97516311533	-2.36478261809	-0.151316986519	2.47021604228	-3.11122539559	-0.888785958921	386
28	0.5	0.25	0.0	1.5953106427	-2.65606234887	-0.257215092604	2.05932946675	-3.42070775277	-0.957704929384	387
28	0.5	0.5	0.0	1.21872252465	-2.98935244336	-0.373882465126	1.61528151678	-3.7642696865	-1.02323404068	388
28	0.5	0.75	0.0	0.839324390622	-3.27758519279	-0.462004367072	1.15316705745	-4.06756474987	-1.06132470107	389
28	0.5	1.0	0.0	0.451041870087	-3.43369288837	-0.482266061427	0.688080953832	-4.25624649595	-1.04792831882	390
28	0.75	0.0	0.0	2.15091697878	-2.67496995084	0.302092755165	2.58350012509	-3.3468068315	-0.220647289192	391
28	0.75	0.25	0.0	1.75748046224	-2.95850166144	0.263961483737	2.16538618496	-3.64835853882	-0.226668926312	392
28	0.75	0.5	0.0	1.34873033903	-3.27019193453	0.238518514039	1.70116971626	-3.97158684279	-0.217214558237	393
28	0.75	0.75	0.0	0.934970322736	-3.52370932457	0.236219723293	1.21843391934	-4.24627277071	-0.189199785041	394
28	0.75	1.0	0.0	0.52650412693	-3.63272238598	0.267520988719	0.744761994545	-4.40219734986	-0.139540206797	395
28	1.0	0.0	0.0	2.256777557	-2.801523175	0.731734858	2.63394809569	-3.36556890925	0.376540184821	396
28	1.0	0.25	0.0	1.84975874642	-3.07915551312	0.745682824408	2.21137201359	-3.64793879694	0.424540672781	397
28	1.0	0.5	0.0	1.41484279378	-3.36135636369	0.790462894251	1.73694638026	-3.94521892279	0.494203693854	398
28	1.0	0.75	0.0	0.975442592751	-3.57988146891	0.850095742718	1.24409167411	-4.19559364929	0.569930977441	399
28	1.0	1.0	0.0	0.554971037	-3.666486571	0.908602045	0.766228373549	-4.33724733894	0.636124252942	400
33	0.0	0.0	0.0	3.873724394	-1.537903055	0.763526966	4.2789472691	-2.00209477448	0.258962284054	401
33	0.0	0.25	0.0	3.52454642069	-1.87989335327	0.738399691013	3.92164865192	-2.37457827752	0.272781557764	402
33	0.0	0.5	0.0	3.11541932687	-2.20905098114	0.732109135509	3.50338038241	-2.73580280663	0.302421592712	403
33	0.0	0.75	0.0	2.68120805737	-2.51853967594	0.733579468251	3.06164576289	-3.07104185336	0.339726448522	404
33	0.0	1.0	0.0	2.256777557	-2.801523175	0.731734858	2.63394809569	-3.36556890925	0.376540184821	405
33	0.25	0.0	0.0	3.91255952611	-1.5239374808	1.00512891014	4.27385198866	-1.91936512238	0.573925487237	406
33	0.25	0.25	0.0	3.55942230729	-1.8380763634	1.01878145121	3.91255555411	-2.25823011236	0.637131694279	407
33	0.25	0.5	0.0	3.14604385533	-2.12783074941	1.05249670979	3.48885829994	-2.57201084959	0.714475597239	408
33	0.25	0.75	0.0	2.70763258117	-2.40052033366	1.09307650357	3.04180386412	-2.85766634755	0.796105022928	409
33	0.25	1.0	0.0	2.27939689572	-2.66346481097	1.12732265026	2.61043588459	-3.11215561972	0.872167798159	410
33	0.5	0.0	0.0	3.92285689035	-1.4207758534	1.29270901623	4.2464390336	-1.73763375825	0.924016794066	411
33	0.5	0.25	0.0	3.56688374006	-1.66993779352	1.34930630786	3.87601309073	-2.00562888568	1.03373243141	412
33	0.5	0.5	0.0	3.14643068957	-1.89632161869	1.40747890683	3.44340836918	-2.24384311325	1.14346596139	413
33	0.5	0.75	0.0	2.7017414252	-2.11037511256	1.46888631988	2.98967744094	-2.45832903548	1.25065587558	414
33	0.5	1.0	0.0	2.27305963324	-2.32254605879	1.53518805372	2.55587287798	-2.6551392469	1.35274066558	415
33	0.75	0.0	0.0	3.91463953116	-1.26130934005	1.55943729445	4.20964352154	-1.5008986966	1.23642599262	416
33	0.75	0.25	0.0	3.55667307229	-1.43858045592	1.65197021795	3.83031364839	-1.69201266355	1.38139712004	417
33	0.75	0.5	0.0	3.12875627812	-1.59406265457	1.72858883193	3.38887797327	-1.84753578434	1.51164195732	418
33	0.75	0.75	0.0	2.67870806934	-1.74071642843	1.80527283589	2.9299132713	-1.98371038263	1.63333783347	419
33	0.75	1.0	0.0	2.25434736664	-1.89150226996	1.89800192932	2.49799631761	-2.11677878207	1.75266207752	420
33	1.0	0.0	0.0	3.897930493	-1.078429108	1.738483755	4.17640057006	-1.25315795188	1.43834287098	421
33	1.0	0.25	0.0	3.5385326573	-1.20710716287	1.84876913849	3.79374961371	-1.39261951202	1.59893911104	422
33	1.0	0.5	0.0	3.10519706951	-1.30059292261	1.94735959039	3.34711449533	-1.47932504962	1.7412528572	423
33	1.0	0.75	0.0	2.65370599348	-1.38415669705	2.04649997034	2.88715813312	-1.54449085451	1.87410972362	424
33	1.0	1.0	0.0	2.239841693	-1.483068796	2.158435138	2.46454344525	-1.6193332165	2.00633532441	425
34	0.0	0.0	0.0	2.256777557	-2.801523175	0.731734858	2.63394809569	-3.36556890925	0.376540184821	426
34	0.0	0.25	0.0	1.84975874642	-3.07915551312	0.745682824408	2.21137201359	-3.64793879694	0.424540672781	427
34	0.0	0.5	0.0	1.41484279378	-3.36135636369	0.790462894251	1.73694638026	-3.94521892279	0.494203693854	428
34	0.0	0.75	0.0	0.975442592751	-3.57988146891	0.850095742718	1.24409167411	-4.19559364929	0.569930977441	429
34	0.0	1.0	0.0	0.554971037	-3.666486571	0.908602045	0.766228373549	-4.33724733894	0.636124252942	430
34	0.25	0.0	0.0	2.27939689572	-2.66346481097	1.12732265026	2.61043588459	-3.11215561972	0.872167798159	431
34	0.25	0.25	0.0	1.86011831173	-2.9224590943	1.18482002685	2.18330220043	-3.35989175331	0.962720712783	432
34	0.25	0.5	0.0	1.41347275203	-3.17150017593	1.28213077774	1.71241187805	-3.61739616164	1.07943732628	433
34	0.25	0.75	0.0	0.969083660776	-3.36454668995	1.38850528472	1.22837311438	-3.83749510624	1.19467587622	434
34	0.25	1.0	0.0	0.556574482102	-3.45555727044	1.4731939296	0.761794106368	-3.97301484865	1.28079460017	435
34	0.5	0.0	0.0	2.27305963324	-2.32254605879	1.53518805372	2.55587287798	-2.6551392469	1.35274066558	436
34	0.5	0.25	0.0	1.84493366105	-2.54006386749	1.63889017799	2.12212265449	-2.85222238696	1.4774488292	437
34	0.5	0.5	0.0	1.396414696	-2.74995468235	1.78358575672	1.65937285865	-3.05098028454	1.6312006435	438
34	0.5	0.75	0.0	0.959433320113	-2.9204812418	1.93662969118	1.19354943192	-3.22311228575	1.78404587801	439
34	0.5	1.0	0.0	0.565920115411	-3.01990628426	2.06537688267	0.750578315759	-3.34031773671	1.90603430224	440
34	0.75	0.0	0.0	2.25434736664	-1.89150226996	1.89800192932	2.49799631761	-2.11677878207	1.75266207752	441
34	0.75	0.25	0.0	1.82564076035	-2.05766586388	2.03750152229	2.06098445721	-2.25673318999	1.90155835319	442
34	0.75	0.5	0.0	1.38197592437	-2.22175571701	2.21358199306	1.60476914208	-2.38967694415	2.07855006171	443
34	0.75	0.75	0.0	0.953778922367	-2.36538318631	2.39807796998	1.15277563609	-2.50671027421	2.2562024914	444
34	0.75	1.0	0.0	0.571475818015	-2.4701596287	2.5628240814	0.728429203067	-2.59893340985	2.40708093055	445
34	1.0	0.0	0.0	2.239841693	-1.483068796	2.158435138	2.46454344525	-1.6193332165	2.00633532441	446
34	1.0	0.25	0.0	1.82367557555	-1.60096111467	2.31026230419	2.03303868999	-1.70522665447	2.16788261591	447
34	1.0	0.5	0.0	1.3884637358	-1.71193911396	2.49087364863	1.57554054834	-1.77719179308	2.35054199711	448
34	1.0	0.75	0.0	0.959407819142	-1.81695058528	2.67645912901	1.11920673624	-1.84255415797	2.52930722499	449
34	1.0	1.0	0.0	0.561709471	-1.91694332	2.843208703	0.691194969637	-1.90863927479	2.67917205651	450
35	0.0	0.0	0.0	3.897930493	-1.078429108	1.738483755	4.17640057006	-1.25315795188	1.43834287098	451
35	0.0	0.25	0.0	3.5385326573	-1.20710716287	1.84876913849	3.79374961371	-1.39261951202	1.59893911104	452
35	0.0	0.5	0.0	3.10519706951	-1.30059292261	1.94735959039	3.34711449533	-1.47932504962	1.7412528572	453
35	0.0	0.75	0.0	2.65370599348	-1.38415669705	2.04649997034	2.88715813312	-1.54449085451	1.87410972362	454
35	0.0	1.0	0.0	2.239841693	-1.483068796	2.158435138	2.46454344525	-1.6193332165	2.00633532441	455
35	0.25	0.0	0.0	3.87226297282	-0.933446114059	1.78016063149	4.15006242493	-1.06284011915	1.48953196272	456
35	0.25	0.25	0.0	3.51526525915	-1.04118750428	1.900218885	3.77441175171	-1.17590135382	1.65689612831	457
35	0.25	0.5	0.0	3.09206299892	-1.10661225214	2.01704403085	3.3370704633	-1.23547832147	1.80816702214	458
35	0.25	0.75	0.0	2.65385672039	-1.15992407297	2.13305449516	2.88711192473	-1.27315401107	1.94862365584	459
35	0.25	1.0	0.0	2.25184695183	-1.2313266821	2.25066870408	2.47360950103	-1.32051141159	2.08354504107	460
35	0.5	0.0	0.0	3.82775495937	-0.751336424176	1.773174552	4.11203071549	-0.819046718271	1.49754973775	461
35	0.5	0.25	0.0	3.47621656195	-0.829901041846	1.91159251039	3.74999237607	-0.891088606818	1.67707257519	462
35	0.5	0.5	0.0	3.0757403765	-0.865019524805	2.04954171439	3.3336235122	-0.921350866158	1.84238253798	463
35	0.5	0.75	0.0	2.66386773315	-0.886547043759	2.18040719003	2.90359333247	-0.934072679669	1.99164327431	464
35	0.5	1.0	0.0	2.27813996204	-0.924338769411	2.29757396331	2.50057104549	-0.953493230727	2.12301843241	465
35	0.75	0.0	0.0	3.78075173698	-0.573627202455	1.72720644401	4.07383439216	-0.573710840251	1.46919899834	466
35	0.75	0.25	0.0	3.43375852099	-0.624698099931	1.88010860269	3.72430612925	-0.605243003285	1.65567884916	467
35	0.75	0.5	0.0	3.05213955433	-0.632341381554	2.02995464309	3.32811740547	-0.604970983117	1.82857023186	468
35	0.75	0.75	0.0	2.66280915587	-0.626072385206	2.16443597886	2.91760044337	-0.592047629526	1.97970352526	469
35	0.75	1.0	0.0	2.29268164448	-0.635406448772	2.27124402363	2.52508746549	-0.585625792287	2.10090910819	470
35	1.0	0.0	0.0	3.74759859	-0.441845613	1.651937235	4.04700240535	-0.378765576097	1.41128254678	471
35	1.0	0.25	0.0	3.40026309157	-0.477029002896	1.80298574998	3.70116765371	-0.385426275484	1.58892534769	472
35	1.0	0.5	0.0	3.01717088449	-0.465104463325	1.94338481902	3.31189590657	-0.35436697177	1.75140093091	473
35	1.0	0.75	0.0	2.62975111266	-0.440546873091	2.06101878555	2.91013134446	-0.311879629861	1.88933935491	474
35	1.0	1.0	0.0	2.26943292	-0.437831111	2.143771993	2.52681814788	-0.284256214663	1.99337067815	475
36	0.0	0.0	0.0	2.239841693	-1.483068796	2.158435138	2.46454344525	-1.6193332165	2.00633532441	476
36	0.0	0.25	0.0	1.82367557555	-1.60096111467	2.31026230419	2.03303868999	-1.70522665447	2.16788261591	477
36	0.0	0.5	0.0	1.3884637358	-1.71193911396	2.49087364863	1.57554054834	-1.77719179308	2.35054199711	478
36	0.0	0.75	0.0	0.959407819142	-1.81695058528	2.67645912901	1.11920673624	-1.84255415797	2.52930722499	479
36	0.0	1.0	0.0	0.561709471	-1.91694332	2.843208703	0.691194969637	-1.90863927479	2.67917205651	480
36	0.25	0.0	0.0	2.25184695183	-1.2313266821	2.25066870408	2.47360950103	-1.32051141159	2.08354504107	481
36	0.25	0.25	0.0	1.83601964893	-1.32449345338	2.38755275185	2.04008446214	-1.37907739631	2.23611972854	482
36	0.25	0.5	0.0	1.39486331136	-1.41511673028	2.53466215315	1.5749842113	-1.42749764347	2.39550186274	483
36	0.25	0.75	0.0	0.95345680845	-1.50765295045	2.68061820283	1.10770155332	-1.47363452741	2.54511476842	484
36	0.25	1.0	0.0	0.536879009533	-1.60655855155	2.81404219573	0.667629293009	-1.52535042248	2.66838177031	485
36	0.5	0.0	0.0	2.27813996204	-0.924338769411	2.29757396331	2.50057104549	-0.953493230727	2.12301843241	486
36	0.5	0.25	0.0	1.85044459434	-0.991578765684	2.40291447537	2.05484206691	-0.983837593058	2.25056238376	487
36	0.5	0.5	0.0	1.39155224662	-1.07243838474	2.48675161293	1.57767661689	-1.01254833706	2.36295085799	488
36	0.5	0.75	0.0	0.930930431683	-1.16490145807	2.56059954921	1.09832618507	-1.04293531169	2.45979442876	489
36	0.5	1.0	0.0	0.498046662295	-1.26695181719	2.63597245743	0.646042261113	-1.07830836589	2.54070366974	490
36	0.75	0.0	0.0	2.29268164448	-0.635406448772	2.27124402363	2.52508746549	-0.585625792287	2.10090910819	491
36	0.75	0.25	0.0	1.85571638247	-0.682576382916	2.34048853905	2.06747562553	-0.591280216492	2.19922676516	492
36	0.75	0.5	0.0	1.38225218298	-0.757934833996	2.36289475334	1.57842756275	-0.602810155158	2.26460904634	493
36	0.75	0.75	0.0	0.906987783404	-0.852035464766	2.36745075253	1.0879737041	-0.619860960288	2.31034993954	494
36	0.75	1.0	0.0	0.464621921159	-0.955431937982	2.38314462267	0.626144476521	-0.642077983885	2.34974343254	495
36	1.0	0.0	0.0	2.26943292	-0.437831111	2.143771993	2.52681814788	-0.284256214663	1.99337067815	496
36	1.0	0.25	0.0	1.84060098401	-0.477845636422	2.18441600722	2.06814925921	-0.273178238398	2.07012905632	497
36	1.0	0.5	0.0	1.37068476179	-0.54563683473	2.17884429976	1.57204684651	-0.26874937907	2.1121964913	498
36	1.0	0.75	0.0	0.896787958178	-0.632394327174	2.15221939716	1.07353718298	-0.273815922698	2.13378503429	499
36	1.0	1.0	0.0	0.456014278	-0.729307735	2.129703826	0.607646541803	-0.291224155303	2.14910673648	500
41	0.0	0.0	0.0	3.74759859	-0.441845613	1.651937235	4.04700240535	-0.378765576097	1.41128254678	501
41	0.0	0.25	0.0	3.40026309157	-0.477029002896	1.80298574998	3.70116765371	-0.385426275484	1.58892534769	502
41	0.0	0.5	0.0	3.01717088449	-0.465104463325	1.94338481902	3.31189590657	-0.35436697177	1.75140093091	503
41	0.0	0.75	0.0	2.62975111266	-0.440546873091	2.06101878555	2.91013134446	-0.311879629861	1.88933935491	504
41	0.0	1.0	0.0	2.26943292	-0.437831111	2.143771993	2.52681814788	-0.284256214663	1.99337067815	505
41	0.25	0.0	0.0	3.74489692185	-0.332702848382	1.51817665556	4.04185853646	-0.211615887401	1.28426987304	506
41	0.25	0.25	0.0	3.37910243344	-0.379709197725	1.64700192208	3.67870405108	-0.212208283767	1.43907013868	507
41	0.25	0.5	0.0	2.9862213504	-0.382362264664	1.76291832651	3.28251734407	-0.180055421676	1.57493473279	508
41	0.25	0.75	0.0	2.59529779864	-0.371545064455	1.85371134283	2.88059071924	-0.136939457844	1.68544239017	509
41	0.25	1.0	0.0	2.23537590409	-0.378140612352	1.90716644499	2.5002164804	-0.104642548983	1.76417184559	510
41	0.5	0.0	0.0	3.76410079427	-0.227115952972	1.33830401085	4.04870219252	-0.0591986532297	1.09569085472	511
41	0.5	0.25	0.0	3.36926878657	-0.305797787417	1.43489256874	3.65794411764	-0.0600609470546	1.22480117458	512
41	0.5	0.5	0.0	2.97419629001	-0.35191528218	1.52107649846	3.25091642488	-0.0573110196168	1.32644660343	513
41	0.5	0.75	0.0	2.58832090385	-0.379793763923	1.58493410258	2.84535860095	-0.0468241890531	1.40132905024	514
41	0.5	1.0	0.0	2.22108022731	-0.403758559305	1.6145436837	2.45901013258	-0.0244757735003	1.45015042394	515
41	0.75	0.0	0.0	3.77469745606	-0.131159290326	1.14623495046	4.04141578272	0.0792840020182	0.891969385547	516
41	0.75	0.25	0.0	3.36922155076	-0.238993721469	1.21061521143	3.63957480202	0.0739231649556	0.993616628008	517
41	0.75	0.5	0.0	2.96871413946	-0.323474871432	1.26101550445	3.22236419081	0.0475420487716	1.05676493355	518
41	0.75	0.75	0.0	2.57731100954	-0.384614921725	1.29367003675	2.80672276848	0.0266679380834	1.0935439338	519
41	0.75	1.0	0.0	2.19914794837	-0.422426053856	1.30481301556	2.40958935446	0.0378281175082	1.11608326038	520
41	1.0	0.0	0.0	3.746174156	-0.050907224	0.975885124	3.99388171627	0.204629953945	0.719529359261	521
41	1.0	0.25	0.0	3.37742012583	-0.16299594938	1.0181273716	3.62428305287	0.192651482568	0.793014671571	522
41	1.0	0.5	0.0	2.95739333487	-0.246752387978	1.02589151409	3.20213168369	0.168179597851	0.816718113879	523
41	1.0	0.75	0.0	2.53075869698	-0.305330488087	1.01890211728	2.76697100076	0.151738685137	0.81863163958	524
41	1.0	1.0	0.0	2.142181126	-0.341884198	1.016883747	2.35834439608	0.163853129767	0.826747202069	525
42	0.0	0.0	0.0	2.26943292	-0.437831111	2.143771993	2.52681814788	-0.284256214663	1.99337067815	526
42	0.0	0.25	0.0	1.84060098401	-0.477845636422	2.18441600722	2.06814925921	-0.273178238398	2.07012905632	527
42	0.0	0.5	0.0	1.37068476179	-0.54563683473	2.17884429976	1.57204684651	-0.26874937907	2.1121964913	528
42	0.0	0.75	0.0	0.896787958178	-0.632394327174	2.15221939716	1.07353718298	-0.273815922698	2.13378503429	529
42	0.0	1.0	0.0	0.456014278	-0.729307735	2.129703826	0.607646541803	-0.291224155303	2.14910673648	530
42	0.25	0.0	0.0	2.23537590409	-0.378140612352	1.90716644499	2.5002164804	-0.104642548983	1.76417184559	531
42	0.25	0.25	0.0	1.81730918672	-0.410382225614	1.92950750942	2.05159320957	-0.0800416765386	1.82520713197	532
42	0.25	0.5	0.0	1.35704876351	-0.451622394438	1.92770311202	1.56068717085	-0.0568271117536	1.86759965588	533
42	0.25	0.75	0.0	0.892969136565	-0.507244881435	1.90807517394	1.0658185989	-0.0448338957995	1.89431075105	534
42	0.25	1.0	0.0	0.463444808019	-0.582633449212	1.8769456163	0.605307728367	-0.0538970698479	1.90830175124	535
42	0.5	0.0	0.0	2.22108022731	-0.403758559305	1.6145436837	2.45901013258	-0.0244757735003	1.45015042394	536
42	0.5	0.25	0.0	1.80176314371	-0.412911115259	1.62057050136	2.02248174576	0.0219833388369	1.49049076803	537
42	0.5	0.5	0.0	1.3434949756	-0.401529734366	1.61551932737	1.54743578981	0.0824200011097	1.52582839519	538
42	0.5	0.75	0.0	0.886066863698	-0.400119230775	1.59735918978	1.06872354339	0.133120087713	1.55311050685	539
42	0.5	1.0	0.0	0.469269948697	-0.439184418637	1.56405911661	0.621196285163	0.150369473042	1.56928430444	540
42	0.75	0.0	0.0	2.19914794837	-0.422426053856	1.30481301556	2.40958935446	0.0378281175082	1.11608326038	541
42	0.75	0.25	0.0	1.78424685372	-0.409159716368	1.30172274746	1.98638285671	0.101701966516	1.13869652908	542
42	0.75	0.5	0.0	1.33425927794	-0.349455278692	1.29161360171	1.53193961638	0.194889471713	1.1621081417	543
42	0.75	0.75	0.0	0.886056255659	-0.295715518444	1.27215375584	1.07426787325	0.281240688195	1.18369554529	544
42	0.75	1.0	0.0	0.476508821527	-0.300343213242	1.24101138736	0.64137586712	0.324605671058	1.20083618688	545
42	1.0	0.0	0.0	2.142181126	-0.341884198	1.016883747	2.35834439608	0.163853129767	0.826747202069	546
42	1.0	0.25	0.0	1.75504431552	-0.32285543995	1.01708201215	1.9488645314	0.227919365285	0.842540979719	547
42	1.0	0.5	0.0	1.33357755037	-0.249495451595	1.00530659096	1.51384556356	0.326478812249	0.851664327912	548
42	1.0	0.75	0.0	0.902912428528	-0.178731887694	0.984541183291	1.07446744525	0.420722566002	0.85957711	549
42	1.0	1.0	0.0	0.488180548	-0.167492403	0.957769489	0.651910129167	0.471841721889	0.871739189334	550
43	0.0	0.0	0.0	3.746174156	-0.050907224	0.975885124	3.99388171627	0.204629953945	0.719529359261	551
43	0.0	0.25	0.0	3.37742012583	-0.16299594938	1.0181273716	3.62428305287	0.192651482568	0.793014671571	552
43	0.0	0.5	0.0	2.95739333487	-0.246752387978	1.02589151409	3.20213168369	0.168179597851	0.816718113879	553
43	0.0	0.75	0.0	2.53075869698	-0.305330488087	1.01890211728	2.76697100076	0.151738685137	0.81863163958	554
43	0.0	1.0	0.0	2.142181126	-0.341884198	1.016883747	2.35834439608	0.163853129767	0.826747202069	555
43	0.25	0.0	0.0	3.71648375422	0.0495747438647	0.813725774478	3.96053083429	0.330844096929	0.546088503792	556
43	0.25	0.25	0.0	3.37418633113	-0.0493811576198	0.823436113298	3.61366108548	0.323277886027	0.590781594378	557
43	0.25	0.5	0.0	2.9326714779	-0.105076812566	0.796586497185	3.18335413633	0.326061599402	0.585736579829	558
43	0.25	0.75	0.0	2.47295852296	-0.136167982169	0.762318349325	2.72893380892	0.337922344448	0.565171338982	559
43	0.25	1.0	0.0	2.07606679469	-0.161310427627	0.749773092902	2.30972392538	0.357587228556	0.563303750676	560
43	0.5	0.0	0.0	3.73081030081	0.181078332329	0.643901149534	3.98946422074	0.448671208838	0.341789674013	561
43	0.5	0.25	0.0	3.35153115513	0.0929682095682	0.599408314294	3.60667710497	0.462525741148	0.357104690488	562
43	0.5	0.5	0.0	2.90188096445	0.0585474013788	0.55657705211	3.15894753235	0.489206347263	0.337419788381	563
43	0.5	0.75	0.0	2.44423280299	0.0477652035507	0.521340971272	2.69613509549	0.518392567127	0.306943201783	564
43	0.5	1.0	0.0	2.040959745	0.0305709118735	0.499633680072	2.26809938705	0.539763940684	0.289883164787	565
43	0.75	0.0	0.0	3.75810016949	0.313572067129	0.467868874073	4.03014189193	0.547289889836	0.129067992923	566
43	0.75	0.25	0.0	3.32892895563	0.239752808551	0.37118804102	3.59799223484	0.587811723621	0.112286929496	567
43	0.75	0.5	0.0	2.87491837147	0.223232637691	0.320265636165	3.13277106602	0.632891054009	0.0805247741331	568
43	0.75	0.75	0.0	2.42779878221	0.226976334564	0.292318133486	2.66690661524	0.671517285888	0.0437129259078	569
43	0.75	1.0	0.0	2.01930055307	0.213948679187	0.264562006956	2.23282711228	0.692679824143	0.0117827838945	570
43	1.0	0.0	0.0	3.767299734	0.417024474	0.287086573	4.03202386418	0.615878740089	-0.0696414164789	571
43	1.0	0.25	0.0	3.32585409044	0.366673295695	0.163919359912	3.58226759858	0.676552509131	-0.123368719003	572
43	1.0	0.5	0.0	2.86168027595	0.368091280206	0.10205470666	3.1086839316	0.732392932216	-0.176191428319	573
43	1.0	0.75	0.0	2.40687370574	0.381972676364	0.0715979863283	2.63958012294	0.775664433445	-0.224753790722	574
43	1.0	1.0	0.0	1.993529795	0.369011733	0.042654572	2.20326343229	0.798631436921	-0.265700052509	575
44	0.0	0.0	0.0	2.142181126	-0.341884198	1.016883747	2.35834439608	0.163853129767	0.826747202069	576
44	0.0	0.25	0.0	1.75504431552	-0.32285543995	1.01708201215	1.9488645314	0.227919365285	0.842540979719	577
44	0.0	0.5	0.0	1.33357755037	-0.249495451595	1.00530659096	1.51384556356	0.326478812249	0.851664327912	578
44	0.0	0.75	0.0	0.902912428528	-0.178731887694	0.984541183291	1.07446744525	0.420722566002	0.85957711	579
44	0.0	1.0	0.0	0.488180548	-0.167492403	0.957769489	0.651910129167	0.471841721889	0.871739189334	580
44	0.25	0.0	0.0	2.07606679469	-0.161310427627	0.749773092902	2.30972392538	0.357587228556	0.563303750676	581
44	0.25	0.25	0.0	1.71724478631	-0.157880456908	0.752944922452	1.91266705643	0.40210071474	0.575266932507	582
44	0.25	0.5	0.0	1.32312239639	-0.115972519467	0.745690263992	1.49212152953	0.471136040268	0.576774215127	583
44	0.25	0.75	0.0	0.909775780835	-0.0728473481087	0.731208381752	1.06515078034	0.53849369953	0.576756702065	584
44	0.25	1.0	0.0	0.493281095551	-0.0657656756343	0.712698539958	0.648818244485	0.57797418692	0.584145496848	585
44	0.5	0.0	0.0	2.040959745	0.0305709118735	0.499633680072	2.26809938705	0.539763940684	0.289883164787	586
44	0.5	0.25	0.0	1.68621786954	0.0136279641568	0.485305691672	1.88003761052	0.562891466757	0.281515363492	587
44	0.5	0.5	0.0	1.29813647478	0.0131229485929	0.464860511283	1.46825818783	0.59758862196	0.263441789252	588
44	0.5	0.75	0.0	0.892597065065	0.0186684459147	0.443980900364	1.04875448162	0.633736071636	0.247854970589	589
44	0.5	1.0	0.0	0.485481144705	0.0198770368553	0.428349620371	0.637519854524	0.661214481127	0.246947436025	590
44	0.75	0.0	0.0	2.01930055307	0.213948679187	0.264562006956	2.23282711228	0.692679824143	0.0117827838945	591
44	0.75	0.25	0.0	1.66020802053	0.176736352549	0.229818061351	1.85070610214	0.697012892081	-0.0184276681902	592
44	0.75	0.5	0.0	1.26945282713	0.134961194221	0.191641572766	1.44275721263	0.698246039288	-0.0557095007792	593
44	0.75	0.75	0.0	0.865989866937	0.103157743809	0.159026725436	1.02607327631	0.703136761205	-0.0858973191909	594
44	0.75	1.0	0.0	0.468774034007	0.0958605409172	0.140967703599	0.617747125718	0.718442553273	-0.094825728744	595
44	1.0	0.0	0.0	1.993529795	0.369011733	0.042654572	2.20326343229	0.798631436921	-0.265700052509	596
44	1.0	0.25	0.0	1.63745969463	0.316511237574	0.00213577303014	1.82440243977	0.791186261459	-0.304276103404	597
44	1.0	0.5	0.0	1.24790449503	0.246712459054	-0.0451423116303	1.41612027812	0.765517774216	-0.348056206033	598
44	1.0	0.75	0.0	0.844567772168	0.187962795006	-0.0874861567257	0.997901891602	0.743382847126	-0.383269402039	599
44	1.0	1.0	0.0	0.447153102	0.168609643	-0.113202237	0.589232224501	0.74653835212	-0.396144733065	600
49	0.0	0.0	0.0	4.802915963	0.226549403	0.750000013	5.18356296681	0.0621756446181	0.163557393659	601
49	0.0	0.25	0.0	4.65761282291	0.442902001566	0.697208755696	5.02134278223	0.346574886471	0.133527381144	602
49	0.0	0.5	0.0	4.39859466256	0.508694066784	0.574499765635	4.72446930827	0.500666282085	0.0651549120219	603
49	0.0	0.75	0.0	4.08283309519	0.48103256786	0.423812539256	4.36925788792	0.573938132834	-0.0123160188165	604
49	0.0	1.0	0.0	3.767299734	0.417024474	0.287086573	4.03202386418	0.615878740089	-0.0696414164789	605
49	0.25	0.0	0.0	4.80365134816	0.225319602125	0.736429074476	5.1839842308	0.0574674171151	0.147690436079	606
49	0.25	0.25	0.0	4.66137502189	0.473744744917	0.625480912213	5.02664935176	0.360741081404	0.0501812995628	607
49	0.25	0.5	0.0	4.38881470923	0.583750737481	0.460648587251	4.71943471127	0.549934868555	-0.0678176039066	608
49	0.25	0.75	0.0	4.05496500229	0.598573403794	0.280277590552	4.34711689715	0.65816352399	-0.185239648041	609
49	0.25	1.0	0.0	3.72882049316	0.561448567831	0.122713413081	3.9944724972	0.718541793126	-0.281018206554	610
49	0.5	0.0	0.0	4.8052691955	0.221719814772	0.723328038803	5.18491101159	0.0462150911801	0.129538158483	611
49	0.5	0.25	0.0	4.67472323355	0.520026368338	0.556410499804	5.04281352593	0.381174615939	-0.03510414868	612
49	0.5	0.5	0.0	4.39413796949	0.69878094324	0.370331987841	4.73636432248	0.624384623959	-0.206328042285	613
49	0.5	0.75	0.0	4.03218769331	0.775870509393	0.178887896424	4.34742363879	0.783409933694	-0.369728755068	614
49	0.5	1.0	0.0	3.65754669496	0.769182036714	-0.00412638093918	3.9578517124	0.865815363597	-0.510901519763	615
49	0.75	0.0	0.0	4.80688704284	0.215884471033	0.711058386978	5.18583779237	0.0327272088588	0.112217264736	616
49	0.75	0.25	0.0	4.69072117391	0.550010590542	0.486072616437	5.06067671561	0.381957354213	-0.125957463806	617
49	0.75	0.5	0.0	4.40576870232	0.786406443926	0.278817633267	4.75742395239	0.664771140685	-0.351132509682	618
49	0.75	0.75	0.0	4.01643723073	0.922109185728	0.07795658621	4.35351510309	0.867462256869	-0.558116950246	619
49	0.75	1.0	0.0	3.58713436178	0.954155970491	-0.127847375989	3.92638576812	0.976324391355	-0.741719862856	620
49	1.0	0.0	0.0	4.807622428	0.207948001	0.6999816	5.18625905636	0.0213123121971	0.0988444587021	621
49	1.0	0.25	0.0	4.702432559	0.531961130237	0.410542360081	5.0710803317	0.337171160361	-0.226007146037	622
49	1.0	0.5	0.0	4.41491116668	0.779248999408	0.161373189388	4.76477941149	0.611850011124	-0.502987112663	623
49	1.0	0.75	0.0	4.00964967703	0.946474733874	-0.0642032107485	4.34872828028	0.828105388437	-0.742737843926	624
49	1.0	1.0	0.0	3.551239516	1.030301459	-0.282864139	3.90429892266	0.968693816253	-0.955901742579	625
50	0.0	0.0	0.0	4.807622428	0.207948001	0.6999816	5.18625905636	0.0213123121971	0.0988444587021	626
50	0.0	0.25	0.0	4.702432559	0.531961130237	0.410542360081	5.0710803317	0.337171160361	-0.226007146037	627
50	0.0	0.5	0.0	4.41491116668	0.779248999408	0.161373189388	4.76477941149	0.611850011124	-0.502987112663	628
50	0.0	0.75	0.0	4.00964967703	0.946474733874	-0.0642032107485	4.34872828028	0.828105388437	-0.742737843926	629
50	0.0	1.0	0.0	3.551239516	1.030301459	-0.282864139	3.90429892266	0.968693816253	-0.955901742579	630
50	0.25	0.0	0.0	4.80495108534	0.198626864006	0.690704152541	5.18897389648	0.0074895123937	0.088417959473	631
50	0.25	0.25	0.0	4.7016199785	0.47937407679	0.354989865713	5.07539557943	0.263884210686	-0.304707669236	632
50	0.25	0.5	0.0	4.4076644374	0.704406167221	0.0820327675372	4.76214410794	0.506439476326	-0.609611554358	633
50	0.25	0.75	0.0	3.99583874042	0.870967262458	-0.154471090672	4.33914231075	0.71298568922	-0.858276654533	634
50	0.25	1.0	0.0	3.53889716591	0.97630148966	-0.3808256576	3.89631301659	0.861353229275	-1.0826859284	635
50	0.5	0.0	0.0	4.7990741315	0.188395781808	0.683498476933	5.19494654476	-0.0126452279856	0.0786843699713	636
50	0.5	0.25	0.0	4.68995017561	0.415618686126	0.319369412068	5.07812563235	0.179934362812	-0.35610970545	637
50	0.5	0.5	0.0	4.38317403132	0.605461749925	0.0376046122488	4.75687035918	0.378810045958	-0.689396986773	638
50	0.5	0.75	0.0	3.96346520067	0.752855784747	-0.20477328876	4.3288178383	0.556802297805	-0.95991758781	639
50	0.5	1.0	0.0	3.51554318571	0.852731602136	-0.450741657195	3.89160518277	0.686731594704	-1.20641162237	640
50	0.75	0.0	0.0	4.79319717766	0.177040083955	0.678240637609	5.20091919304	-0.0339045840188	0.070898616753	641
50	0.75	0.25	0.0	4.67589867459	0.34471423137	0.298363468532	5.07960220744	0.0907906876018	-0.389501702195	642
50	0.75	0.5	0.0	4.354436641	0.496201607028	0.0172244120638	4.7509357381	0.243490744414	-0.746605334337	643
50	0.75	0.75	0.0	3.92607562429	0.619966185797	-0.22566210327	4.31946085022	0.389421717605	-1.03994247832	644
50	0.75	1.0	0.0	3.4880801719	0.704471942544	-0.490781648943	3.88971860899	0.493809738363	-1.30904333279	645
50	1.0	0.0	0.0	4.790525835	0.1643451	0.674806699	5.20363403316	-0.0511012307837	0.0663156263737	646
50	1.0	0.25	0.0	4.66794099972	0.270679985651	0.286654504491	5.08015702167	0.0019222559183	-0.414172106986	647
50	1.0	0.5	0.0	4.33444895902	0.39041159804	0.010027855523	4.7463178176	0.115010596085	-0.785498521477	648
50	1.0	0.75	0.0	3.8972165778	0.500124350659	-0.227689832457	4.31277733378	0.240710452033	-1.09063316063	649
50	1.0	1.0	0.0	3.463410721	0.576402657	-0.499115144	3.89019648304	0.331568486079	-1.37254556796	650
53	0.0	0.0	0.0	4.790525835	0.1643451	0.674806699	5.20363403316	-0.0511012307837	0.0663156263737	651
53	0.0	0.25	0.0	4.66794099972	0.270679985651	0.286654504491	5.08015702167	0.0019222559183	-0.414172106986	652
53	0.0	0.5	0.0	4.33444895902	0.39041159804	0.010027855523	4.7463178176	0.115010596085	-0.785498521477	653
53	0.0	0.75	0.0	3.8972165778	0.500124350659	-0.227689832457	4.31277733378	0.240710452033	-1.09063316063	654
53	0.0	1.0	0.0	3.463410721	0.576402657	-0.499115144	3.89019648304	0.331568486079	-1.37254556796	655
53	0.25	0.0	0.0	4.7839214875	0.14453424712	0.672808723265	5.20124268395	-0.0730099173869	0.0606135030534	656
53	0.25	0.25	0.0	4.66046904269	0.145230062711	0.286634434079	5.08231023709	-0.145652495587	-0.428372595401	657
53	0.25	0.5	0.0	4.31920187933	0.185660324351	0.0198750382048	4.75360212959	-0.133976167086	-0.808086602885	658
53	0.25	0.75	0.0	3.87623702551	0.238762324298	-0.202081321202	4.32973398253	-0.0855515352702	-1.12044813424	659
53	0.25	1.0	0.0	3.4476915093	0.27747335481	-0.453846500984	3.92532141698	-0.047949203529	-1.40737680432	660
53	0.5	0.0	0.0	4.769391923	0.127450839159	0.675306453989	5.19598171567	-0.0947085595376	0.0549621090902	661
53	0.5	0.25	0.0	4.65424341358	0.0335602946553	0.312341668112	5.08962610281	-0.275245596966	-0.396058455445	662
53	0.5	0.5	0.0	4.32614939714	-0.0134868504017	0.0592717304319	4.78370296145	-0.373775050209	-0.760866199503	663
53	0.5	0.75	0.0	3.89822247437	-0.0394978176439	-0.14514196857	4.38501317041	-0.430911738603	-1.0667631348	664
53	0.5	1.0	0.0	3.48357524596	-0.0702798287031	-0.362138038414	4.00035760848	-0.487270481485	-1.34105127305	665
53	0.75	0.0	0.0	4.7548623585	0.111839086619	0.682679007469	5.1907207474	-0.114935546268	0.0541855378822	666
53	0.75	0.25	0.0	4.65221063031	-0.066809190405	0.363231124206	5.09907360372	-0.388248054637	-0.329209421308	667
53	0.75	0.5	0.0	4.34528271665	-0.196917389396	0.133434865538	4.81927149905	-0.590554304886	-0.660516019868	668
53	0.75	0.75	0.0	3.93936134195	-0.302873106937	-0.0498345472537	4.44776524098	-0.753361005509	-0.947833749574	669
53	0.75	1.0	0.0	3.53972923063	-0.409063939614	-0.229701892888	4.08100563714	-0.908174864998	-1.1992621022	670
53	1.0	0.0	0.0	4.748258011	0.0964432	0.6953055	5.18832939819	-0.132429266609	0.0631078828278	671
53	1.0	0.25	0.0	4.6573172108	-0.158358264358	0.438757719978	5.10762172471	-0.486050875017	-0.239805227182	672
53	1.0	0.5	0.0	4.3665930421	-0.354518755806	0.247581376857	4.84295892824	-0.770482182718	-0.523714772522	673
53	1.0	0.75	0.0	3.97584204585	-0.519580575351	0.0908781700586	4.48714053783	-1.01089018353	-0.781915565844	674
53	1.0	1.0	0.0	3.584820763	-0.681086024	-0.062250201	4.13296608253	-1.23244187128	-1.0077024198	675
54	0.0	0.0	0.0	4.748258011	0.0964432	0.6953055	5.18832939819	-0.132429266609	0.0631078828278	676
54	0.0	0.25	0.0	4.6573172108	-0.158358264358	0.438757719978	5.10762172471	-0.486050875017	-0.239805227182	677
54	0.0	0.5	0.0	4.3665930421	-0.354518755806	0.247581376857	4.84295892824	-0.770482182718	-0.523714772522	678
54	0.0	0.75	0.0	3.97584204585	-0.519580575351	0.0908781700586	4.48714053783	-1.01089018353	-0.781915565844	679
54	0.0	1.0	0.0	3.584820763	-0.681086024	-0.062250201	4.13296608253	-1.23244187128	-1.0077024198	680
54	0.25	0.0	0.0	4.75600005744	0.0838545166073	0.710558740797	5.18993694319	-0.144661212827	0.081278225433	681
54	0.25	0.25	0.0	4.67638388719	-0.244323802176	0.522927685053	5.11975235755	-0.57464833166	-0.139827127726	682
54	0.25	0.5	0.0	4.3950333863	-0.500733636725	0.376964406391	4.86244888314	-0.926301930283	-0.361972240333	683
54	0.25	0.75	0.0	4.013478281	-0.715664909278	0.250249446573	4.51318465513	-1.22230943711	-0.572649528997	684
54	0.25	1.0	0.0	3.63324829749	-0.919407542069	0.120363347357	4.16711780869	-1.48535828054	-0.759351410325	685
54	0.5	0.0	0.0	4.77297254051	0.0773812070453	0.725608049274	5.19341352308	-0.150349700606	0.102745157888	686
54	0.5	0.25	0.0	4.70692975584	-0.317999607923	0.60644639278	5.1371253085	-0.648255087525	-0.0304963239476	687
54	0.5	0.5	0.0	4.43749521598	-0.646187792789	0.509463545795	4.89064944259	-1.06988234145	-0.170589869556	688
54	0.5	0.75	0.0	4.07039480641	-0.928680860422	0.420596800223	4.55025425638	-1.42966585147	-0.307296644925	689
54	0.5	1.0	0.0	3.71135441262	-1.18697632369	0.325783447966	4.21220808086	-1.74204000669	-0.430377816042	690
54	0.75	0.0	0.0	4.78979497583	0.0749588689607	0.742371983114	5.19674005522	-0.151987216908	0.125926715707	691
54	0.75	0.25	0.0	4.73742826057	-0.367330489608	0.699624869574	5.15260051497	-0.689078668873	0.0935076666633	692
54	0.75	0.5	0.0	4.48378669676	-0.758091757696	0.653991287734	4.91673823954	-1.16414074278	0.0417390473869	693
54	0.75	0.75	0.0	4.1353054312	-1.105018483	0.602862811767	4.58523502078	-1.57921322226	-0.0177675035747	694
54	0.75	1.0	0.0	3.79841961069	-1.41580421322	0.543631015842	4.25417265051	-1.93633589094	-0.0734003476742	695
54	1.0	0.0	0.0	4.797086879	0.0745231	0.7627691	5.19789745695	-0.152066248694	0.149240934402	696
54	1.0	0.25	0.0	4.7563528452	-0.380261255241	0.812774141851	5.15903791437	-0.679326601969	0.237505326618	697
54	1.0	0.5	0.0	4.5237159943	-0.803656065146	0.819460124875	4.92989290693	-1.17199446084	0.266321218074	698
54	1.0	0.75	0.0	4.19692396449	-1.19106783123	0.797990061961	4.60501262753	-1.61720534509	0.264027305107	699
54	1.0	1.0	0.0	3.873724394	-1.537903055	0.763526966	4.2789472691	-2.00209477448	0.258962284054	700
57	0.0	0.0	0.0	4.797086879	0.0745231	0.7627691	5.19789745695	-0.152066248694	0.149240934402	701
57	0.0	0.25	0.0	4.7563528452	-0.380261255241	0.812774141851	5.15903791437	-0.679326601969	0.237505326618	702
57	0.0	0.5	0.0	4.5237159943	-0.803656065146	0.819460124875	4.92989290693	-1.17199446084	0.266321218074	703
57	0.0	0.75	0.0	4.19692396449	-1.19106783123	0.797990061961	4.60501262753	-1.61720534509	0.264027305107	704
57	0.0	1.0	0.0	3.873724394	-1.537903055	0.763526966	4.2789472691	-2.00209477448	0.258962284054	705
57	0.25	0.0	0.0	4.80184072558	0.0752790872875	0.785506991209	5.19643166867	-0.147506389165	0.177376028594	706
57	0.25	0.25	0.0	4.76398490187	-0.360477141268	0.930842891701	5.15449914902	-0.630463042669	0.379550621039	707
57	0.25	0.5	0.0	4.5461887772	-0.785744553547	0.993500068253	4.92713365774	-1.10592929859	0.482781141157	708
57	0.25	0.75	0.0	4.23389832685	-1.18030428743	1.00706618602	4.60377225192	-1.54514878311	0.532446469654	709
57	0.25	1.0	0.0	3.91255952611	-1.5239374808	1.00512891014	4.27385198866	-1.91936512238	0.573925487237	710
57	0.5	0.0	0.0	4.81303328397	0.0790227612754	0.806543140566	5.19394103036	-0.135394196247	0.210286024513	711
57	0.5	0.25	0.0	4.76890087178	-0.320310606358	1.03292016407	5.14388043876	-0.563411601103	0.498222253378	712
57	0.5	0.5	0.0	4.5548998466	-0.732023827345	1.16334192599	4.91522198097	-1.00198304126	0.686822831631	713
57	0.5	0.75	0.0	4.24742144169	-1.11316340769	1.23690576412	4.58904754869	-1.40781994942	0.815587698713	714
57	0.5	1.0	0.0	3.92285689035	-1.4207758534	1.29270901623	4.2464390336	-1.73763375825	0.924016794066	715
57	0.75	0.0	0.0	4.82422280613	0.0875676293756	0.825106544389	5.19144735582	-0.118480809217	0.240723274898	716
57	0.75	0.25	0.0	4.76866960728	-0.258915483935	1.11771975964	5.12978981536	-0.473897236222	0.595493718337	717
57	0.75	0.5	0.0	4.55160767723	-0.642498218265	1.31342869369	4.89653560269	-0.861082785483	0.86213491499	718
57	0.75	0.75	0.0	4.24345749288	-0.998267271131	1.4485592406	4.56528630801	-1.22257181846	1.06699597103	719
57	0.75	1.0	0.0	3.91463953116	-1.26130934005	1.55943729445	4.20964352154	-1.5008986966	1.23642599262	720
57	1.0	0.0	0.0	4.828967544	0.102727199	0.840426199	5.18997245882	-0.0995173673511	0.261440132492	721
57	1.0	0.25	0.0	4.76085996072	-0.175445607422	1.18395547912	5.11483531059	-0.357644906981	0.673338510619	722
57	1.0	0.5	0.0	4.53807074382	-0.517172058031	1.42820336694	4.87345224896	-0.684155627883	0.992406016727	723
57	1.0	0.75	0.0	4.22797066426	-0.844237956874	1.60307705979	4.53693632007	-1.00675736465	1.24021626534	724
57	1.0	1.0	0.0	3.897930493	-1.078429108	1.738483755	4.17640057006	-1.25315795188	1.43834287098	725
58	0.0	0.0	0.0	4.828967544	0.102727199	0.840426199	5.18997245882	-0.0995173673511	0.261440132492	726
58	0.0	0.25	0.0	4.76085996072	-0.175445607422	1.18395547912	5.11483531059	-0.357644906981	0.673338510619	727
58	0.0	0.5	0.0	4.53807074382	-0.517172058031	1.42820336694	4.87345224896	-0.684155627883	0.992406016727	728
58	0.0	0.75	0.0	4.22797066426	-0.844237956874	1.60307705979	4.53693632007	-1.00675736465	1.24021626534	729
58	0.0	1.0	0.0	3.897930493	-1.078429108	1.738483755	4.17640057006	-1.25315795188	1.43834287098	730
58	0.25	0.0	0.0	4.82408751798	0.121658789578	0.850747189697	5.18759103964	-0.0746825223108	0.273197782656	731
58	0.25	0.25	0.0	4.74520530064	-0.0919717134164	1.21365558459	5.09957218106	-0.245171973971	0.710422294925	732
58	0.25	0.5	0.0	4.51650548021	-0.400969032137	1.46660098155	4.84850261943	-0.530751178605	1.03974955922	733
58	0.25	0.75	0.0	4.20364054238	-0.71242866591	1.64397284304	4.50759511423	-0.835335454302	1.28988448024	734
58	0.25	1.0	0.0	3.87226297282	-0.933446114059	1.78016063149	4.15006242493	-1.06284011915	1.48953196272	735
58	0.5	0.0	0.0	4.81421850419	0.141546424063	0.855650749944	5.1832189609	-0.0418077280078	0.28126199373	736
58	0.5	0.25	0.0	4.72329036589	-0.00644482260002	1.21375880443	5.08042865539	-0.135862051425	0.710986902267	737
58	0.5	0.5	0.0	4.48470507605	-0.274467100818	1.45876681892	4.81501269513	-0.371088115226	1.03890465809	738
58	0.5	0.75	0.0	4.16426061407	-0.557703328655	1.63159774944	4.4659028064	-0.635983732984	1.29207301774	739
58	0.5	1.0	0.0	3.82775495937	-0.751336424176	1.773174552	4.11203071549	-0.819046718271	1.49754973775	740
58	0.75	0.0	0.0	4.80472487106	0.161726371017	0.854596009719	5.17922226282	-0.00864062123621	0.283367904332	741
58	0.75	0.25	0.0	4.70041542467	0.0776222187665	1.19226119559	5.06122327844	-0.0325114874053	0.686426086904	742
58	0.75	0.5	0.0	4.45053249607	-0.150537313739	1.4191500779	4.78173989181	-0.215506232194	1.00552914747	743
58	0.75	0.75	0.0	4.12175247145	-0.406403397235	1.5819145347	4.42465072303	-0.436335726257	1.26000935997	744
58	0.75	1.0	0.0	3.78075173698	-0.573627202455	1.72720644401	4.07383439216	-0.573710840251	1.46919899834	745
58	1.0	0.0	0.0	4.800970987	0.181534899	0.847042099	5.1779669856	0.0170711612098	0.27725065308	746
58	1.0	0.25	0.0	4.68188074515	0.156716564423	1.157158815	5.04577459508	0.0620833700257	0.648133603093	747
58	1.0	0.5	0.0	4.42185070504	-0.0420507205706	1.36219995735	4.75744162523	-0.0743453239533	0.95528086148	748
58	1.0	0.75	0.0	4.08803770665	-0.284870323779	1.51088595453	4.39663019051	-0.264024959677	1.20692098909	749
58	1.0	1.0	0.0	3.74759859	-0.441845613	1.651937235	4.04700240535	-0.378765576097	1.41128254678	750
61	0.0	0.0	0.0	4.800970987	0.181534899	0.847042099	5.1779669856	0.0170711612098	0.27725065308	751
61	0.0	0.25	0.0	4.68188074515	0.156716564423	1.157158815	5.04577459508	0.0620833700257	0.648133603093	752
61	0.0	0.5	0.0	4.42185070504	-0.0420507205706	1.36219995735	4.75744162523	-0.0743453239533	0.95528086148	753
61	0.0	0.75	0.0	4.08803770665	-0.284870323779	1.51088595453	4.39663019051	-0.264024959677	1.20692098909	754
61	0.0	1.0	0.0	3.74759859	-0.441845613	1.651937235	4.04700240535	-0.378765576097	1.41128254678	755
61	0.25	0.0	0.0	4.79500610841	0.19363337823	0.837363758751	5.17527428421	0.0312834762792	0.267607632815	756
61	0.25	0.25	0.0	4.66848497295	0.210847412423	1.11271719999	5.0351455739	0.128628078787	0.597962043148	757
61	0.25	0.5	0.0	4.41086278228	0.0436164651346	1.28465045523	4.74790187839	0.0388581191225	0.875851828429	758
61	0.25	0.75	0.0	4.08278495803	-0.180190082259	1.40314358643	4.39099044884	-0.115424002883	1.10378507596	759
61	0.25	1.0	0.0	3.74489692185	-0.332702848382	1.51817665556	4.04185853646	-0.211615887401	1.28426987304	760
61	0.5	0.0	0.0	4.78098154991	0.200098073529	0.826206873474	5.16844851556	0.0423986104252	0.256528451502	761
61	0.5	0.25	0.0	4.6534053926	0.246641231729	1.05515049078	5.02294217475	0.173146759154	0.529476566439	762
61	0.5	0.5	0.0	4.40920222671	0.114494943591	1.18429343302	4.74028323908	0.124038863901	0.76009666039	763
61	0.5	0.75	0.0	4.09666853351	-0.0816532862032	1.26241737983	4.39177036089	0.00871152599675	0.948723250702	764
61	0.5	1.0	0.0	3.76410079427	-0.227115952972	1.33830401085	4.04870219252	-0.0591986532297	1.09569085472	765
61	0.75	0.0	0.0	4.76694912321	0.204395231564	0.81309425121	5.1616148787	0.0513462073066	0.243493533201	766
61	0.75	0.25	0.0	4.63352708028	0.275812689819	0.989071593485	5.00582574455	0.208083300537	0.455650043387	767
61	0.75	0.5	0.0	4.39222865733	0.176436793749	1.07087349685	4.71658655049	0.197970165153	0.633905566698	768
61	0.75	0.75	0.0	4.09022755053	0.00715148611442	1.10707095221	4.36981174654	0.121529499523	0.779074036347	769
61	0.75	1.0	0.0	3.77469745606	-0.131159290326	1.14623495046	4.04141578272	0.0792840020182	0.891969385547	770
61	1.0	0.0	0.0	4.76096064	0.209991099	0.7975487	5.15889857269	0.0590559105824	0.227983301975	771
61	1.0	0.25	0.0	4.60573511215	0.310076454169	0.919093414214	4.98045763023	0.245881592348	0.389455344418	772
61	1.0	0.5	0.0	4.3353016931	0.235294094559	0.95413525282	4.65881265579	0.277425277648	0.523168756686	773
61	1.0	0.75	0.0	4.0240011265	0.0826356564185	0.955467921017	4.29595642569	0.236177790255	0.63217595592	774
61	1.0	1.0	0.0	3.746174156	-0.050907224	0.975885124	3.99388171627	0.204629953945	0.719529359261	775
62	0.0	0.0	0.0	4.76096064	0.209991099	0.7975487	5.15889857269	0.0590559105824	0.227983301975	776
62	0.0	0.25	0.0	4.60573511215	0.310076454169	0.919093414214	4.98045763023	0.245881592348	0.389455344418	777
62	0.0	0.5	0.0	4.3353016931	0.235294094559	0.95413525282	4.65881265579	0.277425277648	0.523168756686	778
62	0.0	0.75	0.0	4.0240011265	0.0826356564185	0.955467921017	4.29595642569	0.236177790255	0.63217595592	779
62	0.0	1.0	0.0	3.746174156	-0.050907224	0.975885124	3.99388171627	0.204629953945	0.719529359261	780
62	0.25	0.0	0.0	4.76789233398	0.216458781089	0.784477214184	5.16312855903	0.0634238161144	0.212274750328	781
62	0.25	0.25	0.0	4.59474134715	0.35050804539	0.861341486607	4.96902305572	0.285877515714	0.335813977601	782
62	0.25	0.5	0.0	4.297734091	0.305690933555	0.854199595523	4.62449251002	0.360915317956	0.423200800943	783
62	0.25	0.75	0.0	3.97295381141	0.174536736181	0.819508653843	4.24863055765	0.354062439481	0.488578037344	784
62	0.25	1.0	0.0	3.71648375422	0.0495747438647	0.813725774478	3.96053083429	0.330844096929	0.546088503792	785
62	0.5	0.0	0.0	4.78227267906	0.221719536296	0.774502156502	5.17156514731	0.0640650628965	0.196498147819	786
62	0.5	0.25	0.0	4.61511527906	0.389584170824	0.815539077582	4.98542392774	0.317413248788	0.281835994501	787
62	0.5	0.5	0.0	4.33054668151	0.385974656784	0.773853871035	4.65832908522	0.427282645704	0.314991132941	788
62	0.5	0.75	0.0	4.00897548817	0.290077281509	0.699842555479	4.2923270421	0.451694787702	0.325222660368	789
62	0.5	1.0	0.0	3.73081030081	0.181078332329	0.643901149534	3.98946422074	0.448671208838	0.341789674013	790
62	0.75	0.0	0.0	4.79648583537	0.225255648855	0.764163198819	5.17983454682	0.0629816670305	0.180357645308	791
62	0.75	0.25	0.0	4.64376855521	0.422112824779	0.766042672243	5.00956293901	0.338356477172	0.21768569554	792
62	0.75	0.5	0.0	4.38156002017	0.459268091957	0.688739965643	4.70882160882	0.474531540533	0.196366815644	793
62	0.75	0.75	0.0	4.06721797626	0.401496242152	0.575075294444	4.3561635839	0.526008722845	0.154220937484	794
62	0.75	1.0	0.0	3.75810016949	0.313572067129	0.467868874073	4.03014189193	0.547289889836	0.129067992923	795
62	1.0	0.0	0.0	4.802915963	0.226549403	0.750000013	5.18356296681	0.0621756446181	0.163557393659	796
62	1.0	0.25	0.0	4.65761282291	0.442902001566	0.697208755696	5.02134278223	0.346574886471	0.133527381144	797
62	1.0	0.5	0.0	4.39859466256	0.508694066784	0.574499765635	4.72446930827	0.500666282085	0.0651549120219	798
62	1.0	0.75	0.0	4.08283309519	0.48103256786	0.423812539256	4.36925788792	0.573938132834	-0.0123160188165	799
62	1.0	1.0	0.0	3.767299734	0.417024474	0.287086573	4.03202386418	0.615878740089	-0.0696414164789	800
