Elem	xi[0]	xi[1]	xi[2]	Y[0]	Y[1]	Y[2]	y[0]	y[1]	y[2]	Index
1	0.0	0.0	0.0	0.078169917	2.172949289	-0.566470828	0.128718596211	1.45010656326	-0.38931356031	1
1	0.0	0.25	0.0	-0.505792682294	2.00887052402	-0.602439592098	-0.389972038008	1.31659394252	-0.483311389959	2
1	0.0	0.5	0.0	-1.08003466385	2.05060336412	-0.680421937674	-0.94112469003	1.28619427527	-0.611220526469	3
1	0.0	0.75	0.0	-1.60417183423	2.11958025415	-0.753935780163	-1.49899034798	1.27999564374	-0.734357561823	4
1	0.0	1.0	0.0	-2.03782	2.037233639	-0.776499035	-2.03782	1.21908613013	-0.814039088	5
1	0.25	0.0	0.0	0.0795602355902	2.05214197414	-0.753414330313	0.14101540557	1.39190950021	-0.718856956438	6
1	0.25	0.25	0.0	-0.48829235428	1.8611113359	-0.773537776834	-0.367472734205	1.23192750848	-0.814769358243	7
1	0.25	0.5	0.0	-1.0623746776	1.81976594547	-0.842286596353	-0.925033914944	1.14669754499	-0.967800228312	8
1	0.25	0.75	0.0	-1.59402411193	1.80738409945	-0.900713690861	-1.49346879553	1.09024651237	-1.10616348894	9
1	0.25	1.0	0.0	-2.03457803487	1.70324409446	-0.889871962349	-2.03457803487	1.01660131326	-1.15807306241	10
1	0.5	0.0	0.0	0.0783636906301	1.86071644597	-0.98316128428	0.155693575929	1.27359063516	-1.14191249066	11
1	0.5	0.25	0.0	-0.474170384928	1.65333290852	-0.980702916871	-0.349533941168	1.0901413536	-1.22274823979	12
1	0.5	0.5	0.0	-1.05670262096	1.5473826786	-1.0209573158	-0.926345452444	0.959509043926	-1.35829644609	13
1	0.5	0.75	0.0	-1.60135807954	1.46251957028	-1.05982390469	-1.5111262992	0.853619261306	-1.48201119306	14
1	0.5	1.0	0.0	-2.04026182274	1.3183973976	-1.05320210719	-2.04026182274	0.744397560896	-1.52734656419	15
1	0.75	0.0	0.0	0.080262845605	1.63694722483	-1.19313395186	0.177108709105	1.12278499975	-1.55993854128	16
1	0.75	0.25	0.0	-0.461327112557	1.42553762436	-1.17273939474	-0.335168429057	0.922036531526	-1.61901230721	17
1	0.75	0.5	0.0	-1.04887755535	1.26340619184	-1.19136207801	-0.931195833866	0.749519791924	-1.73400280507	18
1	0.75	0.75	0.0	-1.60351718388	1.10808476871	-1.21500020636	-1.52894181928	0.594711299314	-1.8397020133	19
1	0.75	1.0	0.0	-2.04637469925	0.917105196441	-1.20965198444	-2.04637469925	0.447087572064	-1.87090191037	20
1	1.0	0.0	0.0	0.090940264	1.419108831	-1.320754595	0.209616406914	0.967127625623	-1.8743934866	21
1	1.0	0.25	0.0	-0.447662875484	1.21772786591	-1.29845159296	-0.323388968027	0.758414095918	-1.91532583313	22
1	1.0	0.5	0.0	-1.02475854218	0.99778911348	-1.328428865	-0.925721590542	0.54162080882	-2.0462129305	23
1	1.0	0.75	0.0	-1.57784487178	0.76717779681	-1.34997638055	-1.52389431606	0.338120035169	-2.15703728876	24
1	1.0	1.0	0.0	-2.04442	0.533779139	-1.302384109	-2.04442	0.169284045801	-2.13778141796	25
2	0.0	0.0	0.0	0.090940264	1.419108831	-1.320754595	0.209616406914	0.967127625623	-1.8743934866	26
2	0.0	0.25	0.0	-0.447662875484	1.21772786591	-1.29845159296	-0.323388968027	0.758414095918	-1.91532583313	27
2	0.0	0.5	0.0	-1.02475854218	0.99778911348	-1.328428865	-0.925721590542	0.54162080882	-2.0462129305	28
2	0.0	0.75	0.0	-1.57784487178	0.76717779681	-1.34997638055	-1.52389431606	0.338120035169	-2.15703728876	29
2	0.0	1.0	0.0	-2.04442	0.533779139	-1.302384109	-2.04442	0.169284045801	-2.13778141796	30
2	0.25	0.0	0.0	0.101603971338	1.18174120779	-1.40280739431	0.241522796039	0.78451629943	-2.13334754699	31
2	0.25	0.25	0.0	-0.43767935952	1.01199635651	-1.39943544413	-0.305866441321	0.596767019256	-2.1665988262	32
2	0.25	0.5	0.0	-0.999790461814	0.799528174992	-1.45661610607	-0.903645593067	0.388137536647	-2.29918946119	33
2	0.25	0.75	0.0	-1.54525004778	0.568964348289	-1.49371192868	-1.49786595668	0.190131188395	-2.40543832828	34
2	0.25	1.0	0.0	-2.03457882965	0.344932561449	-1.43008546052	-2.03457882965	0.0342513112892	-2.35966430378	35
2	0.5	0.0	0.0	0.102893703711	0.906332288445	-1.50908360615	0.261103065069	0.557454364689	-2.41887381735	36
2	0.5	0.25	0.0	-0.42854292277	0.761012769258	-1.54958232693	-0.27788609985	0.399368793206	-2.47662615414	37
2	0.5	0.5	0.0	-0.976838576262	0.596110670466	-1.64489088897	-0.866492471109	0.232125027928	-2.60017168567	38
2	0.5	0.75	0.0	-1.5163348523	0.421744409455	-1.71858847657	-1.46192017715	0.0758033149366	-2.69694608293	39
2	0.5	1.0	0.0	-2.02137334643	0.248032403608	-1.69425427404	-2.02137334643	-0.0495160996884	-2.67438501696	40
2	0.75	0.0	0.0	0.100030073979	0.636925331383	-1.62802606466	0.273575943528	0.317057749443	-2.6887261358	41
2	0.75	0.25	0.0	-0.420870676583	0.509219222758	-1.71814289127	-0.251233516969	0.182016710683	-2.77831740959	42
2	0.75	0.5	0.0	-0.960205991134	0.398042926803	-1.85503799126	-0.832689199479	0.0594234606903	-2.89242068006	43
2	0.75	0.75	0.0	-1.49709983912	0.292620803408	-1.9726505813	-1.43207534387	-0.0471223802991	-2.98293495439	44
2	0.75	1.0	0.0	-2.01067618999	0.182177212463	-2.00491987804	-2.01067618999	-0.134021192047	-3.00175923981	45
2	1.0	0.0	0.0	0.098233695	0.417563595	-1.748077604	0.284160160943	0.0944423817313	-2.90065834049	46
2	1.0	0.25	0.0	-0.415279732307	0.301057835604	-1.87436778703	-0.237694266029	-0.0394919353953	-3.00458218518	47
2	1.0	0.5	0.0	-0.954195812046	0.215831270903	-2.0488421905	-0.820662752988	-0.144126987038	-3.11919752047	48
2	1.0	0.75	0.0	-1.49354556201	0.148696353251	-2.20394279998	-1.42434982322	-0.220904692405	-3.2147793443	49
2	1.0	1.0	0.0	-2.00836	0.086465535	-2.272111601	-2.00836	-0.271266970703	-3.26160265462	50
5	0.0	0.0	0.0	0.098233695	0.417563595	-1.748077604	0.284160160943	0.0944423817313	-2.90065834049	51
5	0.0	0.25	0.0	-0.415279732307	0.301057835604	-1.87436778703	-0.237694266029	-0.0394919353953	-3.00458218518	52
5	0.0	0.5	0.0	-0.954195812046	0.215831270903	-2.0488421905	-0.820662752988	-0.144126987038	-3.11919752047	53
5	0.0	0.75	0.0	-1.49354556201	0.148696353251	-2.20394279998	-1.42434982322	-0.220904692405	-3.2147793443	54
5	0.0	1.0	0.0	-2.00836	0.086465535	-2.272111601	-2.00836	-0.271266970703	-3.26160265462	55
5	0.25	0.0	0.0	0.0645737042803	-0.196684472423	-1.99891545614	0.277333413584	-0.645049980251	-3.22347184209	56
5	0.25	0.25	0.0	-0.434393431143	-0.270298235438	-2.12427133904	-0.256280628851	-0.773600210404	-3.29211492938	57
5	0.25	0.5	0.0	-0.975411059454	-0.31654112458	-2.29335822744	-0.851392003818	-0.845964794153	-3.37893074647	58
5	0.25	0.75	0.0	-1.51944946586	-0.340128875532	-2.43825739488	-1.45834375737	-0.873394915107	-3.45394873664	59
5	0.25	1.0	0.0	-2.02747893558	-0.345777223978	-2.49105011492	-2.02747893558	-0.867141756873	-3.48719834319	60
5	0.5	0.0	0.0	-0.0130871998136	-0.976512008112	-2.1358915952	0.219998772944	-1.6203899583	-3.30754462757	61
5	0.5	0.25	0.0	-0.493711107608	-1.00498354835	-2.20219118356	-0.312470200309	-1.70891516041	-3.32803323071	62
5	0.5	0.5	0.0	-1.02417575832	-1.00756869427	-2.29540193299	-0.909370143314	-1.74105483137	-3.36749097561	63
5	0.5	0.75	0.0	-1.56136897735	-0.993230129336	-2.36546276875	-1.51212996895	-1.73625367924	-3.39761939191	64
5	0.5	1.0	0.0	-2.06217859011	-0.970930537026	-2.36231261607	-2.06217859011	-1.71395641206	-3.39012000927	65
5	0.75	0.0	0.0	-0.0959386330008	-1.76939025974	-2.17270706467	0.148200565768	-2.59888026334	-3.18175317556	66
5	0.75	0.25	0.0	-0.557704436329	-1.76493990954	-2.17028056845	-0.378427174137	-2.64004803574	-3.15983853385	67
5	0.75	0.5	0.0	-1.07390683259	-1.73018871867	-2.1782923173	-0.972360019666	-2.63362346151	-3.15540133887	68
5	0.75	0.75	0.0	-1.6029620832	-1.68007603129	-2.16603915603	-1.56888432632	-2.60316909176	-3.14381850038	69
5	0.75	1.0	0.0	-2.10328644959	-1.62954119156	-2.10281792944	-2.10328644959	-2.57224747757	-3.10046692811	70
5	1.0	0.0	0.0	-0.145170211	-2.422790475	-2.123062908	0.0979831187992	-3.34782360633	-2.87497396471	71
5	1.0	0.25	0.0	-0.590845091933	-2.41210912541	-2.09069274158	-0.426315744072	-3.3616100867	-2.83503228348	72
5	1.0	0.5	0.0	-1.0980212062	-2.3573384783	-2.06534839051	-1.01812448106	-3.32789704739	-2.81318496727	73
5	1.0	0.75	0.0	-1.62788677012	-2.27013520454	-2.02046679119	-1.61178269783	-3.26782925965	-2.79057325233	74
5	1.0	1.0	0.0	-2.14163	-2.162155975	-1.92948488	-2.14163	-3.20255149471	-2.74833837494	75
6	0.0	0.0	0.0	-0.145170211	-2.422790475	-2.123062908	0.0979831187992	-3.34782360633	-2.87497396471	76
6	0.0	0.25	0.0	-0.590845091933	-2.41210912541	-2.09069274158	-0.426315744072	-3.3616100867	-2.83503228348	77
6	0.0	0.5	0.0	-1.0980212062	-2.3573384783	-2.06534839051	-1.01812448106	-3.32789704739	-2.81318496727	78
6	0.0	0.75	0.0	-1.62788677012	-2.27013520454	-2.02046679119	-1.61178269783	-3.26782925965	-2.79057325233	79
6	0.0	1.0	0.0	-2.14163	-2.162155975	-1.92948488	-2.14163	-3.20255149471	-2.74833837494	80
6	0.25	0.0	0.0	-0.177517179102	-2.96660731709	-1.90499433116	0.0593952181107	-3.89173566487	-2.3656296406	81
6	0.25	0.25	0.0	-0.623020885129	-2.94407126488	-1.87516334989	-0.472327430298	-3.88277905514	-2.3287981989	82
6	0.25	0.5	0.0	-1.12992947671	-2.85500553155	-1.85109354944	-1.06471894569	-3.81228569389	-2.30408799486	83
6	0.25	0.75	0.0	-1.66342897912	-2.71972900351	-1.80770681801	-1.65707853811	-3.70794888562	-2.2810252806	84
6	0.25	1.0	0.0	-2.18870541762	-2.5585605672	-1.71992504377	-2.18870541762	-3.59746193482	-2.24913630821	85
6	0.5	0.0	0.0	-0.225581935009	-3.55321450369	-1.47985509281	0.00617147351476	-4.4572346643	-1.62458794859	86
6	0.5	0.25	0.0	-0.68531516945	-3.49518229947	-1.45118225336	-0.539390106862	-4.41182893387	-1.59437971014	87
6	0.5	0.5	0.0	-1.19613749837	-3.34781616328	-1.4178765078	-1.13415303641	-4.288736416	-1.55853328363	88
6	0.5	0.75	0.0	-1.72931974256	-3.15572050361	-1.36842157215	-1.72432976008	-4.13178995937	-1.51944126418	89
6	0.5	1.0	0.0	-2.25613272283	-2.96349972895	-1.29130116245	-2.25613272283	-3.98482241271	-1.47949624689	90
6	0.75	0.0	0.0	-0.266949483912	-4.0113010022	-0.959885666548	-0.0396968428537	-4.9032363283	-0.816720869031	91
6	0.75	0.25	0.0	-0.741792724897	-3.91900428696	-0.936547623098	-0.598210592131	-4.82738093413	-0.798202577772	92
6	0.75	0.5	0.0	-1.25864340375	-3.72255187987	-0.899179776519	-1.19774513943	-4.66096960061	-0.758222120369	93
6	0.75	0.75	0.0	-1.79277191836	-3.48261126376	-0.851270975794	-1.78819349438	-4.45958138635	-0.709953688883	94
6	0.75	1.0	0.0	-2.31944866662	-3.25984992148	-0.796310069904	-2.31944866662	-4.27879534999	-0.666571475374	95
6	1.0	0.0	0.0	-0.279204831	-4.16955578	-0.457326526	-0.0562184588596	-5.08865638055	-0.106900382228	96
6	1.0	0.25	0.0	-0.756518331474	-4.06909928516	-0.449057630203	-0.619495704471	-5.00805626713	-0.106692562383	97
6	1.0	0.5	0.0	-1.27944532542	-3.86599418769	-0.428485866555	-1.22681364091	-4.83270563461	-0.0848557918963	98
6	1.0	0.75	0.0	-1.82099836441	-3.60490284287	-0.404914951129	-1.82332687161	-4.61155207199	-0.0566950405349	99
6	1.0	1.0	0.0	-2.35419	-3.330487606	-0.3876486	-2.35419	-4.39354316828	-0.0375152780668	100
9	0.0	0.0	0.0	-0.279204831	-4.16955578	-0.457326526	-0.0562184588596	-5.08865638055	-0.106900382228	101
9	0.0	0.25	0.0	-0.756518331474	-4.06909928516	-0.449057630203	-0.619495704471	-5.00805626713	-0.106692562383	102
9	0.0	0.5	0.0	-1.27944532542	-3.86599418769	-0.428485866555	-1.22681364091	-4.83270563461	-0.0848557918963	103
9	0.0	0.75	0.0	-1.82099836441	-3.60490284287	-0.404914951129	-1.82332687161	-4.61155207199	-0.0566950405349	104
9	0.0	1.0	0.0	-2.35419	-3.330487606	-0.3876486	-2.35419	-4.39354316828	-0.0375152780668	105
9	0.25	0.0	0.0	-0.27048932749	-3.92476607327	0.0861038661287	-0.0483585940629	-4.90251841524	0.65323395301	106
9	0.25	0.25	0.0	-0.743065332637	-3.8323901052	0.0634440423535	-0.613821024988	-4.82898532227	0.628871597121	107
9	0.25	0.5	0.0	-1.26581046908	-3.64341219605	0.0357314644823	-1.22480474701	-4.66158888256	0.60859604681	108
9	0.25	0.75	0.0	-1.81133706357	-3.38476153314	0.000441177640678	-1.82354010477	-4.44000083269	0.586673454095	109
9	0.25	1.0	0.0	-2.3522574429	-3.08336730381	-0.0449517730457	-2.3522574429	-4.20389290922	0.557369970989	110
9	0.5	0.0	0.0	-0.262872713127	-3.40268266183	0.638983652527	-0.0386839855003	-4.42298742884	1.50024133041	111
9	0.5	0.25	0.0	-0.73608957123	-3.31276893447	0.583520111533	-0.609725384257	-4.34899208447	1.4565235883	112
9	0.5	0.5	0.0	-1.25156523322	-3.12365074449	0.504193649231	-1.2157789027	-4.1816205771	1.40156623813	113
9	0.5	0.75	0.0	-1.7895067416	-2.87521201498	0.403731205664	-1.80614425089	-3.9655996632	1.33717262961	114
9	0.5	1.0	0.0	-2.33012113891	-2.60733666902	0.284859720873	-2.33012113891	-3.74565609923	1.26514611246	115
9	0.75	0.0	0.0	-0.25221974345	-2.76240169023	1.07655487116	-0.0301398833548	-3.79485723816	2.26353011521	116
9	0.75	0.25	0.0	-0.726437880458	-2.67851042295	0.997360300589	-0.602447689649	-3.72670732693	2.20403346925	117
9	0.75	0.5	0.0	-1.23502301228	-2.49383012302	0.880336608802	-1.20117166167	-3.56730599147	2.12377204026	118
9	0.75	0.75	0.0	-1.76460389019	-2.26428388038	0.727293064556	-1.78229709006	-3.3664682205	2.02653888278	119
9	0.75	1.0	0.0	-2.30180926547	-2.04579478498	0.540038936605	-2.30180926547	-3.17400900273	1.91612705133	120
9	1.0	0.0	0.0	-0.234395174	-2.163019303	1.27405956	-0.0256715378094	-3.16292166003	2.77250867262	121
9	1.0	0.25	0.0	-0.704957093527	-2.09788922064	1.19115433278	-0.587226848536	-3.12076182286	2.69917129807	122
9	1.0	0.5	0.0	-1.21449720071	-1.94107062164	1.06759626431	-1.18241857761	-2.99315039891	2.60493071143	123
9	1.0	0.75	0.0	-1.74572500104	-1.74000672132	0.893464685935	-1.76315640234	-2.82072616153	2.48650861038	124
9	1.0	1.0	0.0	-2.28135	-1.542140735	0.658838929	-2.28135	-2.64412788413	2.34062669258	125
10	0.0	0.0	0.0	-0.234395174	-2.163019303	1.27405956	-0.0256715378094	-3.16292166003	2.77250867262	126
10	0.0	0.25	0.0	-0.704957093527	-2.09788922064	1.19115433278	-0.587226848536	-3.12076182286	2.69917129807	127
10	0.0	0.5	0.0	-1.21449720071	-1.94107062164	1.06759626431	-1.18241857761	-2.99315039891	2.60493071143	128
10	0.0	0.75	0.0	-1.74572500104	-1.74000672132	0.893464685935	-1.76315640234	-2.82072616153	2.48650861038	129
10	0.0	1.0	0.0	-2.28135	-1.542140735	0.658838929	-2.28135	-2.64412788413	2.34062669258	130
10	0.25	0.0	0.0	-0.234909487596	-1.50279582317	1.27019029792	-0.0427712328881	-2.39372496433	3.0046598782	131
10	0.25	0.25	0.0	-0.696154661421	-1.45963231958	1.19812052113	-0.58462269602	-2.37695560823	2.93114518164	132
10	0.25	0.5	0.0	-1.2088389575	-1.33815631183	1.08878607677	-1.17214482677	-2.27981676814	2.84129919099	133
10	0.25	0.75	0.0	-1.74272897379	-1.17464463409	0.931683005014	-1.75118517943	-2.13866402093	2.72582561256	134
10	0.25	1.0	0.0	-2.26759130827	-1.00537412056	0.716307346011	-2.26759130827	-1.98985294346	2.57542815268	135
10	0.5	0.0	0.0	-0.260290453322	-0.72407342012	1.17897898455	-0.0770033552256	-1.44980881809	3.02107548976	136
10	0.5	0.25	0.0	-0.715533506777	-0.699075577045	1.11700092151	-0.601834458088	-1.44498651879	2.96009313838	137
10	0.5	0.5	0.0	-1.22640844988	-0.613392080257	1.0179586676	-1.17378893485	-1.37574711183	2.87894086574	138
10	0.5	0.75	0.0	-1.75258032026	-0.504845145562	0.895584390249	-1.74152832189	-1.2801601561	2.77954598939	139
10	0.5	1.0	0.0	-2.25371415556	-0.411256988766	0.763610256881	-2.25371415556	-1.19629521047	2.66383582692	140
10	0.75	0.0	0.0	-0.273326102637	0.0541452897393	0.995924424904	-0.0981287113372	-0.501694750048	2.84220931843	141
10	0.75	0.25	0.0	-0.734124489229	0.0693376517615	0.947338145181	-0.609587541919	-0.502861599164	2.80227205564	142
10	0.75	0.5	0.0	-1.24430748714	0.129948469358	0.864128469402	-1.1697743239	-0.461577851211	2.74309337945	143
10	0.75	0.75	0.0	-1.7602194984	0.201669191	0.778088339537	-1.72915735303	-0.408424620002	2.67222006201	144
10	0.75	1.0	0.0	-2.23820492507	0.25019126516	0.72101069756	-2.23820492507	-0.373983019351	2.59719887546	145
10	1.0	0.0	0.0	-0.236804467	0.71285769	0.716525424	-0.0759081077381	0.280095711061	2.48851517535	146
10	1.0	0.25	0.0	-0.722958468412	0.731164011633	0.688674803381	-0.578607354692	0.271412106022	2.47393882076	147
10	1.0	0.5	0.0	-1.23963787856	0.788591733306	0.636309914772	-1.14252441593	0.28205459251	2.45899437589	148
10	1.0	0.75	0.0	-1.75058696617	0.877175822326	0.572114350777	-1.70904379614	0.31333253443	2.42839815154	149
10	1.0	1.0	0.0	-2.21955	0.988951246	0.508771704	-2.21955	0.366555295686	2.36686645847	150
13	0.0	0.0	0.0	-0.236804467	0.71285769	0.716525424	-0.0759081077381	0.280095711061	2.48851517535	151
13	0.0	0.25	0.0	-0.722958468412	0.731164011633	0.688674803381	-0.578607354692	0.271412106022	2.47393882076	152
13	0.0	0.5	0.0	-1.23963787856	0.788591733306	0.636309914772	-1.14252441593	0.28205459251	2.45899437589	153
13	0.0	0.75	0.0	-1.75058696617	0.877175822326	0.572114350777	-1.70904379614	0.31333253443	2.42839815154	154
13	0.0	1.0	0.0	-2.21955	0.988951246	0.508771704	-2.21955	0.366555295686	2.36686645847	155
13	0.25	0.0	0.0	-0.189073142982	1.02661282461	0.57847347726	-0.0373864314584	0.593226511118	2.21092723221	156
13	0.25	0.25	0.0	-0.703022874434	1.05759090189	0.56377043391	-0.552322376037	0.590645368284	2.20045694291	157
13	0.25	0.5	0.0	-1.22760649397	1.17292521498	0.533603591575	-1.11636189382	0.629462439005	2.19329880319	158
13	0.25	0.75	0.0	-1.73570373642	1.32976085062	0.478585706825	-1.68161565671	0.695106386902	2.16667111146	159
13	0.25	1.0	0.0	-2.2001943366	1.48524289556	0.389329536232	-2.2001943366	0.773005875598	2.09779216612	160
13	0.5	0.0	0.0	-0.124496448056	1.39431077265	0.464985127675	0.016818963369	0.902662858448	1.83552559499	161
13	0.5	0.25	0.0	-0.678077933276	1.42524698094	0.467211204782	-0.525988516925	0.898590470224	1.82506068455	162
13	0.5	0.5	0.0	-1.21547609728	1.60701446101	0.473725919091	-1.08387743657	0.969139159745	1.81974480373	163
13	0.5	0.75	0.0	-1.71961945801	1.81723465175	0.455214863284	-1.63898203044	1.05840924805	1.79862393856	164
13	0.5	1.0	0.0	-2.1734365334	1.93352899206	0.382363630044	-2.1734365334	1.11050105618	1.7407440751	165
13	0.75	0.0	0.0	-0.0571003838524	1.74402634162	0.363173777752	0.0707540808976	1.16819078809	1.43614051372	166
13	0.75	0.25	0.0	-0.647324160168	1.76914395692	0.373289601753	-0.492666885352	1.15621497791	1.41751816534	167
13	0.75	0.5	0.0	-1.19757551635	1.99917559473	0.403513063627	-1.04738885998	1.2450778561	1.40564204889	168
13	0.75	0.75	0.0	-1.69958807619	2.24621896221	0.415931021833	-1.59700175027	1.34636249206	1.38640890392	169
13	0.75	1.0	0.0	-2.1450954635	2.32237176653	0.372630334834	-2.1450954635	1.37165195518	1.34571546995	170
13	1.0	0.0	0.0	-0.000910952	2.003834339	0.26015283	0.108464925281	1.34959633508	1.08660223845	171
13	1.0	0.25	0.0	-0.60996207034	2.02429353799	0.256298110582	-0.44541858931	1.3244864574	1.04759750495	172
13	1.0	0.5	0.0	-1.16823357901	2.2577247395	0.269801191489	-1.00921397988	1.40127162943	1.01830021011	173
13	1.0	0.75	0.0	-1.67286353618	2.52333551851	0.274663384151	-1.57153364919	1.50208749309	0.992178278619	174
13	1.0	1.0	0.0	-2.12099	2.64033345	0.244886	-2.12099	1.54906969035	0.962699635189	175
14	0.0	0.0	0.0	-0.000910952	2.003834339	0.26015283	0.108464925281	1.34959633508	1.08660223845	176
14	0.0	0.25	0.0	-0.60996207034	2.02429353799	0.256298110582	-0.44541858931	1.3244864574	1.04759750495	177
14	0.0	0.5	0.0	-1.16823357901	2.2577247395	0.269801191489	-1.00921397988	1.40127162943	1.01830021011	178
14	0.0	0.75	0.0	-1.67286353618	2.52333551851	0.274663384151	-1.57153364919	1.50208749309	0.992178278619	179
14	0.0	1.0	0.0	-2.12099	2.64033345	0.244886	-2.12099	1.54906969035	0.962699635189	180
14	0.25	0.0	0.0	0.0271206206704	2.10946059443	0.114620127119	0.118369882862	1.4131134643	0.787199120049	181
14	0.25	0.25	0.0	-0.581642375313	2.10646083698	0.0907136682592	-0.420837675707	1.36985913958	0.726920331168	182
14	0.25	0.5	0.0	-1.14417430276	2.31871869572	0.067745928373	-0.990366556114	1.42885965019	0.672254693707	183
14	0.25	0.75	0.0	-1.65302311335	2.57825100632	0.0385738896474	-1.56030387744	1.52192712737	0.621857064811	184
14	0.25	1.0	0.0	-2.10073675875	2.71707460445	-0.00394546573046	-2.10073675875	1.58087370232	0.574382301624	185
14	0.5	0.0	0.0	0.0513187222996	2.17856399233	-0.128388605113	0.121169959966	1.44749494167	0.35542895654	186
14	0.5	0.25	0.0	-0.552633916402	2.12065418447	-0.163745725476	-0.410418573015	1.37472514057	0.282056148159	187
14	0.5	0.5	0.0	-1.12286485899	2.29312045146	-0.212707002715	-0.976002268758	1.41432817463	0.212098535626	188
14	0.5	0.75	0.0	-1.6378119023	2.50721740208	-0.268818528238	-1.54227055092	1.48391093126	0.141007846038	189
14	0.5	1.0	0.0	-2.07591284317	2.57419964513	-0.325626393454	-2.07591284317	1.50108029789	0.0642358064949	190
14	0.75	0.0	0.0	0.069172204029	2.20258130107	-0.383782534288	0.12268093746	1.4580546728	-0.0797335157044	191
14	0.75	0.25	0.0	-0.526247187448	2.08281145523	-0.422867626852	-0.403637840645	1.35249867125	-0.162764580182	192
14	0.75	0.5	0.0	-1.10219004644	2.19804400737	-0.489461618992	-0.9612215145	1.36449908792	-0.252336969359	193
14	0.75	0.75	0.0	-1.6229535827	2.34330403997	-0.561619781008	-1.52073294824	1.39946005374	-0.345890116554	194
14	0.75	1.0	0.0	-2.052835006	2.3136166355	-0.617397383201	-2.052835006	1.36278569964	-0.440863455084	195
14	1.0	0.0	0.0	0.078169917	2.172949289	-0.566470828	0.128718596211	1.45010656326	-0.38931356031	196
14	1.0	0.25	0.0	-0.505792682294	2.00887052402	-0.602439592098	-0.389972038008	1.31659394252	-0.483311389959	197
14	1.0	0.5	0.0	-1.08003466385	2.05060336412	-0.680421937674	-0.94112469003	1.28619427527	-0.611220526469	198
14	1.0	0.75	0.0	-1.60417183423	2.11958025415	-0.753935780163	-1.49899034798	1.27999564374	-0.734357561823	199
14	1.0	1.0	0.0	-2.03782	2.037233639	-0.776499035	-2.03782	1.21908613013	-0.814039088	200
17	0.0	0.0	0.0	4.654147594	2.3162388	-0.230615834	5.20884675684	2.37731781782	0.0195826387625	201
17	0.0	0.25	0.0	3.93055301404	2.70769469548	-0.263733906644	4.51407685926	2.64941806113	0.0112414659933	202
17	0.0	0.5	0.0	3.35183150054	3.25568526664	-0.262000877856	3.81591508662	2.96651294924	-0.011264038492	203
17	0.0	0.75	0.0	2.81091583527	3.71784845073	-0.257543332639	3.10652150262	3.185427273	-0.0541342009857	204
17	0.0	1.0	0.0	2.2007388	3.851822185	-0.282487856	2.37805617097	3.16298582329	-0.12356934778	205
17	0.25	0.0	0.0	4.64567409954	2.29367544868	-0.374645308556	5.20121051747	2.36286447684	-0.193684494945	206
17	0.25	0.25	0.0	3.93232874506	2.68876492291	-0.434095208275	4.51179354731	2.63589591137	-0.242554810036	207
17	0.25	0.5	0.0	3.34351658744	3.21348677688	-0.474009959415	3.80914516301	2.93115797114	-0.313218384122	208
17	0.25	0.75	0.0	2.79214061094	3.65004802836	-0.508595299105	3.09575670274	3.12284134089	-0.393380834499	209
17	0.25	1.0	0.0	2.19110379984	3.7806556951	-0.552056964471	2.37411950465	3.08513670534	-0.470747778466	210
17	0.5	0.0	0.0	4.61053827419	2.26308405834	-0.565842887851	5.16549151676	2.33748229303	-0.481346710902	211
17	0.5	0.25	0.0	3.91216784	2.64846178022	-0.641287144543	4.47926871277	2.59495916214	-0.559854735408	212
17	0.5	0.5	0.0	3.29872518054	3.13669812542	-0.711108164478	3.76218066309	2.85341382864	-0.657325075987	213
17	0.5	0.75	0.0	2.73026178839	3.52545120838	-0.776551448959	3.04923329589	2.99954264543	-0.757526051436	214
17	0.5	1.0	0.0	2.16682915612	3.61237914355	-0.838862499286	2.37543253935	2.92004196547	-0.844225980557	215
17	0.75	0.0	0.0	4.56815180575	2.22439471834	-0.74961500397	5.12486344741	2.30270906916	-0.76461139079	216
17	0.75	0.25	0.0	3.88825763118	2.5886908581	-0.836207054802	4.44546782178	2.53582828088	-0.867582377077	217
17	0.75	0.5	0.0	3.25070333081	3.02438425344	-0.933980095905	3.72045543462	2.74506206686	-0.992334584657	218
17	0.75	0.75	0.0	2.66388947487	3.3515802657	-1.02788510679	3.01184805094	2.83771779456	-1.11310039288	219
17	0.75	1.0	0.0	2.13621663359	3.39038425622	-1.10287306696	2.38166743577	2.72110283141	-1.20411218109	220
17	1.0	0.0	0.0	4.537926382	2.177537518	-0.871368089	5.1025000021	2.260082608	-0.964685916292	221
17	1.0	0.25	0.0	3.8787854509	2.5113577472	-0.969752278406	4.43935634045	2.46772373498	-1.092661802	222
17	1.0	0.5	0.0	3.2326970892	2.87561010211	-1.10331035656	3.72940332537	2.61788423096	-1.2669973807	223
17	1.0	0.75	0.0	2.63163377765	3.13595747521	-1.22906959718	3.02849773678	2.65955339619	-1.4266343999	224
17	1.0	1.0	0.0	2.107567997	3.158062759	-1.304057274	2.39249635464	2.54172053093	-1.5105146071	225
18	0.0	0.0	0.0	2.2007388	3.851822185	-0.282487856	2.37805617097	3.16298582329	-0.12356934778	226
18	0.0	0.25	0.0	1.65105557539	3.60930116941	-0.35324347537	1.75784262224	2.84609365669	-0.194049157622	227
18	0.0	0.5	0.0	1.188858787	3.16800578535	-0.44815605082	1.22326055507	2.3521134699	-0.255065440594	228
18	0.0	0.75	0.0	0.701959784358	2.64890037712	-0.53123027186	0.703741902159	1.8353496448	-0.316769730291	229
18	0.0	1.0	0.0	0.078169917	2.172949289	-0.566470828	0.128718596211	1.45010656326	-0.38931356031	230
18	0.25	0.0	0.0	2.19110379984	3.7806556951	-0.552056964471	2.37411950465	3.08513670534	-0.470747778466	231
18	0.25	0.25	0.0	1.64597489235	3.53158568828	-0.617026330467	1.75502189979	2.7671559509	-0.537451068441	232
18	0.25	0.5	0.0	1.17332173115	3.06290449275	-0.692362615753	1.21434053819	2.27962019803	-0.601520420806	233
18	0.25	0.75	0.0	0.681673713236	2.52097046815	-0.747885416859	0.695272635055	1.77153589753	-0.662230746494	234
18	0.25	1.0	0.0	0.0795602355902	2.05214197414	-0.753414330313	0.14101540557	1.39190950021	-0.718856956438	235
18	0.5	0.0	0.0	2.16682915612	3.61237914355	-0.838862499286	2.37543253935	2.92004196547	-0.844225980557	236
18	0.5	0.25	0.0	1.65012476218	3.33109549564	-0.903506825829	1.78621108082	2.58684301465	-0.924274047774	237
18	0.5	0.5	0.0	1.16266187101	2.84548788244	-0.963885985934	1.23215388374	2.11785692106	-1.01017242822	238
18	0.5	0.75	0.0	0.655166256017	2.3054102254	-0.997828098963	0.694801273609	1.6383505171	-1.08751921237	239
18	0.5	1.0	0.0	0.0783636906301	1.86071644597	-0.98316128428	0.155693575929	1.27359063516	-1.14191249066	240
18	0.75	0.0	0.0	2.13621663359	3.39038425622	-1.10287306696	2.38166743577	2.72110283141	-1.20411218109	241
18	0.75	0.25	0.0	1.65072325153	3.07942837528	-1.16189291512	1.82048599509	2.37925616418	-1.29512505742	242
18	0.75	0.5	0.0	1.15596917301	2.57933757524	-1.20797322947	1.2609574784	1.92577167996	-1.4097247916	243
18	0.75	0.75	0.0	0.637350377785	2.04641085784	-1.22406868379	0.710644258738	1.47037331355	-1.51047481057	244
18	0.75	1.0	0.0	0.080262845605	1.63694722483	-1.19313395186	0.177108709105	1.12278499975	-1.55993854128	245
18	1.0	0.0	0.0	2.107567997	3.158062759	-1.304057274	2.39249635464	2.54172053093	-1.5105146071	246
18	1.0	0.25	0.0	1.63498842704	2.84818211102	-1.34139255199	1.82692247231	2.21849671575	-1.59061105918	247
18	1.0	0.5	0.0	1.15233360361	2.32803519194	-1.36987141446	1.28500820885	1.76231251569	-1.72888083968	248
18	1.0	0.75	0.0	0.643139043625	1.78816357438	-1.36961753694	0.751118031356	1.30218409692	-1.84893722377	249
18	1.0	1.0	0.0	0.090940264	1.419108831	-1.320754595	0.209616406914	0.967127625623	-1.8743934866	250
19	0.0	0.0	0.0	4.537926382	2.177537518	-0.871368089	5.1025000021	2.260082608	-0.964685916292	251
19	0.0	0.25	0.0	3.8787854509	2.5113577472	-0.969752278406	4.43935634045	2.46772373498	-1.092661802	252
19	0.0	0.5	0.0	3.2326970892	2.87561010211	-1.10331035656	3.72940332537	2.61788423096	-1.2669973807	253
19	0.0	0.75	0.0	2.63163377765	3.13595747521	-1.22906959718	3.02849773678	2.65955339619	-1.4266343999	254
19	0.0	1.0	0.0	2.107567997	3.158062759	-1.304057274	2.39249635464	2.54172053093	-1.5105146071	255
19	0.25	0.0	0.0	4.48858144838	2.06207789854	-0.990050994751	5.07765594047	2.14312187652	-1.18642560025	256
19	0.25	0.25	0.0	3.85738144478	2.35830090581	-1.07584298329	4.44089846102	2.3240706163	-1.31992438732	257
19	0.25	0.5	0.0	3.21633196201	2.6599294203	-1.20985270902	3.7517724125	2.4280018911	-1.51772095318	258
19	0.25	0.75	0.0	2.61139827377	2.87058085819	-1.33889863807	3.0586117805	2.44058704907	-1.69873239079	259
19	0.25	1.0	0.0	2.08854565373	2.89387263567	-1.40979923653	2.40975055062	2.34749743836	-1.78187579312	260
19	0.5	0.0	0.0	4.40784096587	1.88147425144	-1.13584935453	5.0300729717	1.94961536086	-1.46579266644	261
19	0.5	0.25	0.0	3.80492450239	2.13482091796	-1.17999876542	4.41938864598	2.09853936703	-1.58218033913	262
19	0.5	0.5	0.0	3.17101056061	2.39873040836	-1.26136169188	3.73356637111	2.1796859173	-1.74953681369	263
19	0.5	0.75	0.0	2.57511218162	2.57944591855	-1.35319771361	3.04726078443	2.18376163882	-1.91383836478	264
19	0.5	1.0	0.0	2.08624240651	2.58321064444	-1.4287664103	2.43512652332	2.10147315873	-2.02106126701	265
19	0.75	0.0	0.0	4.32754450368	1.68513217163	-1.27702184905	4.97864571683	1.73562069688	-1.74093515262	266
19	0.75	0.25	0.0	3.75308039306	1.89149099416	-1.27812529709	4.39209261484	1.85295440594	-1.83804182485	267
19	0.75	0.5	0.0	3.13305273172	2.11198919761	-1.29712735963	3.70866125506	1.9124135788	-1.96248936446	268
19	0.75	0.75	0.0	2.55379183045	2.25324023797	-1.34270798122	3.03343084572	1.9029993727	-2.09945311286	269
19	0.75	1.0	0.0	2.10162800003	2.22185757124	-1.42354710642	2.47148059502	1.81371294488	-2.23410841147	270
19	1.0	0.0	0.0	4.279531631	1.522457254	-1.381827159	4.94226879695	1.55719552042	-1.95000109657	271
19	1.0	0.25	0.0	3.73351488614	1.67888434489	-1.36612825061	4.37627608713	1.64914015179	-2.0461210119	272
19	1.0	0.5	0.0	3.13877832207	1.81968191935	-1.35643976676	3.71093311825	1.66566214484	-2.15662300768	273
19	1.0	0.75	0.0	2.57845354946	1.88265139814	-1.37817059828	3.05610806149	1.61222245799	-2.28307742605	274
19	1.0	1.0	0.0	2.135672179	1.805594202	-1.456729636	2.52166908804	1.49428204965	-2.4270546092	275
20	0.0	0.0	0.0	2.107567997	3.158062759	-1.304057274	2.39249635464	2.54172053093	-1.5105146071	276
20	0.0	0.25	0.0	1.63498842704	2.84818211102	-1.34139255199	1.82692247231	2.21849671575	-1.59061105918	277
20	0.0	0.5	0.0	1.15233360361	2.32803519194	-1.36987141446	1.28500820885	1.76231251569	-1.72888083968	278
20	0.0	0.75	0.0	0.643139043625	1.78816357438	-1.36961753694	0.751118031356	1.30218409692	-1.84893722377	279
20	0.0	1.0	0.0	0.090940264	1.419108831	-1.320754595	0.209616406914	0.967127625623	-1.8743934866	280
20	0.25	0.0	0.0	2.08854565373	2.89387263567	-1.40979923653	2.40975055062	2.34749743836	-1.78187579312	281
20	0.25	0.25	0.0	1.62466353811	2.5973093307	-1.43702515933	1.8332205821	2.05351886312	-1.85568700465	282
20	0.25	0.5	0.0	1.15729698743	2.06604886716	-1.45500766854	1.30889340508	1.58618762959	-1.99713627855	283
20	0.25	0.75	0.0	0.658819349304	1.52066743091	-1.4486380012	0.792937862187	1.1087660157	-2.1188232482	284
20	0.25	1.0	0.0	0.101603971338	1.18174120779	-1.40280739431	0.241522796039	0.78451629943	-2.13334754699	285
20	0.5	0.0	0.0	2.08624240651	2.58321064444	-1.4287664103	2.43512652332	2.10147315873	-2.02106126701	286
20	0.5	0.25	0.0	1.6437155911	2.2781652902	-1.48192623687	1.87845874001	1.81470752879	-2.12532675808	287
20	0.5	0.5	0.0	1.1735704642	1.75698749405	-1.51012430775	1.34666341401	1.34525449481	-2.26018177138	288
20	0.5	0.75	0.0	0.663924132763	1.2297016841	-1.51772272887	0.815593778102	0.867906094285	-2.37492967008	289
20	0.5	1.0	0.0	0.102893703711	0.906332288445	-1.50908360615	0.261103065069	0.557454364689	-2.41887381735	290
20	0.75	0.0	0.0	2.10162800003	2.22185757124	-1.42354710642	2.47148059502	1.81371294488	-2.23410841147	291
20	0.75	0.25	0.0	1.67337319595	1.90967349611	-1.51094123386	1.93985666432	1.52632982046	-2.37493568186	292
20	0.75	0.5	0.0	1.18970592845	1.42491475245	-1.55830995663	1.38880814761	1.07097011007	-2.50046707217	293
20	0.75	0.75	0.0	0.661600215218	0.942394358215	-1.58941699385	0.82961969173	0.612818018222	-2.60647356321	294
20	0.75	1.0	0.0	0.100030073979	0.636925331383	-1.62802606466	0.273575943528	0.317057749443	-2.6887261358	295
20	1.0	0.0	0.0	2.135672179	1.805594202	-1.456729636	2.52166908804	1.49428204965	-2.4270546092	296
20	1.0	0.25	0.0	1.69486496263	1.51075745507	-1.55891559955	1.99463407332	1.21265284587	-2.57991913841	297
20	1.0	0.5	0.0	1.19425527468	1.09389432223	-1.62265323974	1.42581751785	0.794791474061	-2.70044193491	298
20	1.0	0.75	0.0	0.654994417885	0.685873477532	-1.67626607006	0.845549515698	0.376715473069	-2.80267200138	299
20	1.0	1.0	0.0	0.098233695	0.417563595	-1.748077604	0.284160160943	0.0944423817313	-2.90065834049	300
25	0.0	0.0	0.0	4.279531631	1.522457254	-1.381827159	4.94226879695	1.55719552042	-1.95000109657	301
25	0.0	0.25	0.0	3.73351488614	1.67888434489	-1.36612825061	4.37627608713	1.64914015179	-2.0461210119	302
25	0.0	0.5	0.0	3.13877832207	1.81968191935	-1.35643976676	3.71093311825	1.66566214484	-2.15662300768	303
25	0.0	0.75	0.0	2.57845354946	1.88265139814	-1.37817059828	3.05610806149	1.61222245799	-2.28307742605	304
25	0.0	1.0	0.0	2.135672179	1.805594202	-1.456729636	2.52166908804	1.49428204965	-2.4270546092	305
25	0.25	0.0	0.0	4.23754687739	0.979983434071	-1.60698003948	4.91045153792	0.913415071597	-2.3455185435	306
25	0.25	0.25	0.0	3.74775459894	1.02947681948	-1.61953896357	4.38082937815	0.952966918448	-2.48376653851	307
25	0.25	0.5	0.0	3.20729809368	0.981559595533	-1.62909321877	3.77261388502	0.863893449373	-2.62445617828	308
25	0.25	0.75	0.0	2.67353242529	0.86723632214	-1.6548322844	3.164082102	0.701304546657	-2.75995605675	309
25	0.25	1.0	0.0	2.20381265744	0.717511559211	-1.71594563981	2.63351107256	0.520310092583	-2.88263476789	310
25	0.5	0.0	0.0	4.23101509429	0.256226931962	-1.78850085844	4.9300144696	0.00987599404591	-2.56361657769	311
25	0.5	0.25	0.0	3.75919294561	0.23124662549	-1.84804844715	4.41427647633	-0.0178933058333	-2.74826116811	312
25	0.5	0.5	0.0	3.22297495616	0.111618462641	-1.9036283788	3.81983400781	-0.160805543971	-2.92928090863	313
25	0.5	0.75	0.0	2.68387434483	-0.0516261912587	-1.95891693549	3.2182292151	-0.358933586704	-3.08568735218	314
25	0.5	1.0	0.0	2.2034043305	-0.207455970884	-2.01759039932	2.68100424928	-0.552350300368	-3.1964920517	315
25	0.75	0.0	0.0	4.24333906905	-0.484508366628	-1.88562909843	4.96581902806	-0.918757678321	-2.5825466875	316
25	0.75	0.25	0.0	3.76982119142	-0.567102791865	-1.9883211539	4.45243101274	-1.02190564109	-2.79690086559	317
25	0.75	0.5	0.0	3.21723147249	-0.708319981301	-2.08760270122	3.85242468242	-1.20115533582	-3.00148450357	318
25	0.75	0.75	0.0	2.66092064153	-0.870483789752	-2.17267237739	3.24162291935	-1.4097735444	-3.16753637464	319
25	0.75	1.0	0.0	2.17623942781	-1.01591807204	-2.23272881943	2.69584860579	-1.60102704867	-3.26629525202	320
25	1.0	0.0	0.0	4.257921589	-1.077918576	-1.857604242	4.98272664936	-1.63782191159	-2.38056036129	321
25	1.0	0.25	0.0	3.78163060165	-1.21686798736	-1.97702153635	4.47110661842	-1.81753520734	-2.58698159581	322
25	1.0	0.5	0.0	3.22149020568	-1.39643423827	-2.08857364038	3.87021710465	-2.04987642681	-2.77145426789	323
25	1.0	0.75	0.0	2.65611264887	-1.58588412104	-2.17834643597	3.25733673332	-2.29249692872	-2.91276818642	324
25	1.0	1.0	0.0	2.164110179	-1.754484428	-2.232425805	2.70974412969	-2.50304807181	-2.98971316024	325
26	0.0	0.0	0.0	2.135672179	1.805594202	-1.456729636	2.52166908804	1.49428204965	-2.4270546092	326
26	0.0	0.25	0.0	1.69486496263	1.51075745507	-1.55891559955	1.99463407332	1.21265284587	-2.57991913841	327
26	0.0	0.5	0.0	1.19425527468	1.09389432223	-1.62265323974	1.42581751785	0.794791474061	-2.70044193491	328
26	0.0	0.75	0.0	0.654994417885	0.685873477532	-1.67626607006	0.845549515698	0.376715473069	-2.80267200138	329
26	0.0	1.0	0.0	0.098233695	0.417563595	-1.748077604	0.284160160943	0.0944423817313	-2.90065834049	330
26	0.25	0.0	0.0	2.20381265744	0.717511559211	-1.71594563981	2.63351107256	0.520310092583	-2.88263476789	331
26	0.25	0.25	0.0	1.70408450294	0.493811826127	-1.79716055425	2.07498365069	0.263525142048	-2.99770328692	332
26	0.25	0.5	0.0	1.16408586822	0.222114687855	-1.85988712135	1.47137888876	-0.0679917756147	-3.08942836089	333
26	0.25	0.75	0.0	0.609140889821	-0.0304330226469	-1.92138540176	0.859795803991	-0.396697777387	-3.16296590691	334
26	0.25	1.0	0.0	0.0645737042803	-0.196684472423	-1.99891545614	0.277333413584	-0.645049980251	-3.22347184209	335
26	0.5	0.0	0.0	2.2034043305	-0.207455970884	-2.01759039932	2.68100424928	-0.552350300368	-3.1964920517	336
26	0.5	0.25	0.0	1.68455200848	-0.402866672828	-2.06727531345	2.10155169739	-0.799625775572	-3.26469661864	337
26	0.5	0.5	0.0	1.11255933106	-0.642110489712	-2.09121719576	1.46330569218	-1.11079551971	-3.29715532203	338
26	0.5	0.75	0.0	0.531866270783	-0.856291056488	-2.10792097882	0.818657596435	-1.40975256866	-3.30704553423	339
26	0.5	1.0	0.0	-0.0130871998136	-0.976512008112	-2.1358915952	0.219998772944	-1.6203899583	-3.30754462757	340
26	0.75	0.0	0.0	2.17623942781	-1.01591807204	-2.23272881943	2.69584860579	-1.60102704867	-3.26629525202	341
26	0.75	0.25	0.0	1.65447063097	-1.20678860225	-2.25461512337	2.10319203597	-1.84350058859	-3.29608173155	342
26	0.75	0.5	0.0	1.05750214452	-1.45168868518	-2.23796369375	1.4346178336	-2.14860838752	-3.27781818214	343
26	0.75	0.75	0.0	0.45185778451	-1.66707150847	-2.20368938828	0.759747007311	-2.42938882069	-3.23265764856	344
26	0.75	1.0	0.0	-0.0959386330008	-1.76939025974	-2.17270706467	0.148200565768	-2.59888026334	-3.18175317556	345
26	1.0	0.0	0.0	2.164110179	-1.754484428	-2.232425805	2.70974412969	-2.50304807181	-2.98971316024	346
26	1.0	0.25	0.0	1.6320435221	-1.94546452258	-2.24453523027	2.10875848899	-2.73479997862	-3.00704122363	347
26	1.0	0.5	0.0	1.0167407899	-2.15952737327	-2.22144684612	1.41833521851	-2.99641900831	-2.98561230503	348
26	1.0	0.75	0.0	0.397802654742	-2.33814526307	-2.17650721716	0.720676150903	-3.22254645339	-2.93754901515	349
26	1.0	1.0	0.0	-0.145170211	-2.422790475	-2.123062908	0.0979831187992	-3.34782360633	-2.87497396471	350
27	0.0	0.0	0.0	4.257921589	-1.077918576	-1.857604242	4.98272664936	-1.63782191159	-2.38056036129	351
27	0.0	0.25	0.0	3.78163060165	-1.21686798736	-1.97702153635	4.47110661842	-1.81753520734	-2.58698159581	352
27	0.0	0.5	0.0	3.22149020568	-1.39643423827	-2.08857364038	3.87021710465	-2.04987642681	-2.77145426789	353
27	0.0	0.75	0.0	2.65611264887	-1.58588412104	-2.17834643597	3.25733673332	-2.29249692872	-2.91276818642	354
27	0.0	1.0	0.0	2.164110179	-1.754484428	-2.232425805	2.70974412969	-2.50304807181	-2.98971316024	355
27	0.25	0.0	0.0	4.31985638776	-1.5006991461	-1.68639429321	5.00940848631	-2.09336255394	-1.98168345478	356
27	0.25	0.25	0.0	3.83593141654	-1.68815647959	-1.78983783893	4.49435306526	-2.32954938112	-2.1509546542	357
27	0.25	0.5	0.0	3.26996218936	-1.90893137068	-1.87587069558	3.89121796237	-2.60694609461	-2.28875489501	358
27	0.25	0.75	0.0	2.6928573416	-2.13229991297	-1.93990552883	3.27367683565	-2.88397933646	-2.3888091476	359
27	0.25	1.0	0.0	2.17552550863	-2.32753820008	-1.97735500435	2.7154033431	-3.1190757487	-2.44484238235	360
27	0.5	0.0	0.0	4.44097363437	-1.97590116609	-1.37594973395	5.06902538874	-2.57031429651	-1.36722231284	361
27	0.5	0.25	0.0	3.93812401995	-2.21461165111	-1.44279684515	4.54182406627	-2.86222005951	-1.47859402644	362
27	0.5	0.5	0.0	3.35245793026	-2.46643035802	-1.48050650896	3.92485593126	-3.17726673586	-1.55281699505	363
27	0.5	0.75	0.0	2.74758340166	-2.70663215647	-1.49967021444	3.28854993906	-3.47951342562	-1.60108755187	364
27	0.5	1.0	0.0	2.18710847052	-2.91049191608	-1.51087945064	2.70333504501	-3.73301922888	-1.63460203007	365
27	0.75	0.0	0.0	4.54713162605	-2.35935243278	-0.996774401216	5.12136971649	-2.93953378396	-0.69157828495	366
27	0.75	0.25	0.0	4.02606893632	-2.6392998465	-1.01612972866	4.58178713961	-3.27469485873	-0.734659378175	367
27	0.75	0.5	0.0	3.41770921829	-2.90956822815	-0.999443837063	3.94937875246	-3.61646067371	-0.741654714246	368
27	0.75	0.75	0.0	2.78354449498	-3.15439214536	-0.970670791451	3.29311606951	-3.93524306868	-0.737365302951	369
27	0.75	1.0	0.0	2.18506678941	-3.35800616579	-0.953764656857	2.68197060524	-4.20145388343	-0.746592154079	370
27	1.0	0.0	0.0	4.56418866	-2.506880743	-0.619372132	5.12623382936	-3.07187766093	-0.109152720593	371
27	1.0	0.25	0.0	4.03762669005	-2.80528741036	-0.590067663119	4.58250980343	-3.426121395	-0.0839103750525	372
27	1.0	0.5	0.0	3.41444784333	-3.07898200888	-0.529645436423	3.94303416711	-3.78015023134	-0.0332821988002	373
27	1.0	0.75	0.0	2.76399428745	-3.32109117347	-0.465937558516	3.27853525298	-4.1073121381	0.0145956954412	374
27	1.0	1.0	0.0	2.15560819	-3.524741539	-0.426776136	2.65974139359	-4.38095508342	0.0315871949489	375
28	0.0	0.0	0.0	2.164110179	-1.754484428	-2.232425805	2.70974412969	-2.50304807181	-2.98971316024	376
28	0.0	0.25	0.0	1.6320435221	-1.94546452258	-2.24453523027	2.10875848899	-2.73479997862	-3.00704122363	377
28	0.0	0.5	0.0	1.0167407899	-2.15952737327	-2.22144684612	1.41833521851	-2.99641900831	-2.98561230503	378
28	0.0	0.75	0.0	0.397802654742	-2.33814526307	-2.17650721716	0.720676150903	-3.22254645339	-2.93754901515	379
28	0.0	1.0	0.0	-0.145170211	-2.422790475	-2.123062908	0.0979831187992	-3.34782360633	-2.87497396471	380
28	0.25	0.0	0.0	2.17552550863	-2.32753820008	-1.97735500435	2.7154033431	-3.1190757487	-2.44484238235	381
28	0.25	0.25	0.0	1.62104488791	-2.52562169649	-1.98894011726	2.10627129831	-3.35221845384	-2.46184937488	382
28	0.25	0.5	0.0	0.991323575589	-2.72735326244	-1.97775662453	1.40391085408	-3.59292820573	-2.44975137035	383
28	0.25	0.75	0.0	0.365442557857	-2.88894457647	-1.94828215341	0.693294623113	-3.78987670814	-2.41539568637	384
28	0.25	1.0	0.0	-0.177517179102	-2.96660731709	-1.90499433116	0.0593952181107	-3.89173566487	-2.3656296406	385
28	0.5	0.0	0.0	2.18710847052	-2.91049191608	-1.51087945064	2.70333504501	-3.73301922888	-1.63460203007	386
28	0.5	0.25	0.0	1.60711312959	-3.11261756626	-1.5193211221	2.0841428205	-3.968584174	-1.65608084635	387
28	0.5	0.5	0.0	0.963733017484	-3.3213539644	-1.51899974652	1.37273240721	-4.20048053357	-1.66064064814	388
28	0.5	0.75	0.0	0.328868030517	-3.48533998528	-1.50686213354	0.652332419952	-4.37970009965	-1.64967762052	389
28	0.5	1.0	0.0	-0.225581935009	-3.55321450369	-1.47985509281	0.00617147351476	-4.4572346643	-1.62458794859	390
28	0.75	0.0	0.0	2.18506678941	-3.35800616579	-0.953764656857	2.68197060524	-4.20145388343	-0.746592154079	391
28	0.75	0.25	0.0	1.58847817421	-3.56252485064	-0.95662500352	2.05600989656	-4.44037679598	-0.771777591167	392
28	0.75	0.5	0.0	0.937710358032	-3.78309535731	-0.964358399466	1.33982503885	-4.67163784484	-0.79576090749	393
28	0.75	0.75	0.0	0.297616689214	-3.95444497732	-0.96832517653	0.614296102315	-4.84325252421	-0.812692025846	394
28	0.75	1.0	0.0	-0.266949483912	-4.0113010022	-0.959885666548	-0.0396968428537	-4.9032363283	-0.816720869031	395
28	1.0	0.0	0.0	2.15560819	-3.524741539	-0.426776136	2.65974139359	-4.38095508342	0.0315871949489	396
28	1.0	0.25	0.0	1.56336994884	-3.73141626835	-0.42179852028	2.03550936753	-4.62407597667	0.0090184375206	397
28	1.0	0.5	0.0	0.916996839686	-3.95414331933	-0.433014770746	1.32021390996	-4.85896199255	-0.0325929174992	398
28	1.0	0.75	0.0	0.281226150438	-4.1233730404	-0.448749301339	0.595692231093	-5.03176987814	-0.0767361105892	399
28	1.0	1.0	0.0	-0.279204831	-4.16955578	-0.457326526	-0.0562184588596	-5.08865638055	-0.106900382228	400
33	0.0	0.0	0.0	4.56418866	-2.506880743	-0.619372132	5.12623382936	-3.07187766093	-0.109152720593	401
33	0.0	0.25	0.0	4.03762669005	-2.80528741036	-0.590067663119	4.58250980343	-3.426121395	-0.0839103750525	402
33	0.0	0.5	0.0	3.41444784333	-3.07898200888	-0.529645436423	3.94303416711	-3.78015023134	-0.0332821988002	403
33	0.0	0.75	0.0	2.76399428745	-3.32109117347	-0.465937558516	3.27853525298	-4.1073121381	0.0145956954412	404
33	0.0	1.0	0.0	2.15560819	-3.524741539	-0.426776136	2.65974139359	-4.38095508342	0.0315871949489	405
33	0.25	0.0	0.0	4.44557474131	-2.3145934175	-0.22659141929	5.07032877415	-2.87927307472	0.503917484269	406
33	0.25	0.25	0.0	3.93079734403	-2.60119977397	-0.152411611015	4.52967467858	-3.22281768462	0.590187709632	407
33	0.25	0.5	0.0	3.31556319925	-2.87479181043	-0.0606866119646	3.89144634117	-3.58035745753	0.678912781812	408
33	0.25	0.75	0.0	2.67523492739	-3.12168847821	0.0253816775857	3.2296014467	-3.9160508681	0.751641975482	409
33	0.25	1.0	0.0	2.08517514887	-3.32820872864	0.0825913573597	2.61809767992	-4.19405639094	0.789924565318	410
33	0.5	0.0	0.0	4.25988768213	-1.87533712279	0.136672341239	4.99012543351	-2.4513651883	1.17212402482	411
33	0.5	0.25	0.0	3.75990534577	-2.13002963587	0.256749707626	4.44998346543	-2.762806752	1.31701046589	412
33	0.5	0.5	0.0	3.16846272283	-2.40532072432	0.396233870333	3.81317978849	-3.11836838455	1.45686877369	413
33	0.5	0.75	0.0	2.55567023677	-2.66473169866	0.523999038856	3.15477722045	-3.46325241524	1.57021936911	414
33	0.5	1.0	0.0	1.991638311	-2.87178386938	0.608919422694	2.54983857907	-3.74266117338	1.63558267304	415
33	0.75	0.0	0.0	4.08778056514	-1.33368876919	0.428265691899	4.90895358786	-1.91556426112	1.75860228622	416
33	0.75	0.25	0.0	3.59538510393	-1.55291068879	0.590452460399	4.36496669851	-2.1848987509	1.95443287649	417
33	0.75	0.5	0.0	3.02796803973	-1.82218541269	0.777981753563	3.73149700788	-2.5292913813	2.14652500774	418
33	0.75	0.75	0.0	2.4457916863	-2.08611020172	0.94782320409	3.07970196936	-2.87608079143	2.30402058169	419
33	0.75	1.0	0.0	1.90911835737	-2.28928231668	1.05694644468	2.48073903633	-3.15260562038	2.39606150007	420
33	1.0	0.0	0.0	4.009906473	-0.834225267	0.606035175	4.85014301758	-1.39928055264	2.12648765361	421
33	1.0	0.25	0.0	3.50767102719	-1.03097662548	0.801732814899	4.29615491237	-1.62790383504	2.36032992419	422
33	1.0	0.5	0.0	2.94890077557	-1.27700253766	1.02142278082	3.66966049818	-1.94823481671	2.59382071485	423
33	1.0	0.75	0.0	2.38609074667	-1.52171335427	1.21476285208	3.03001508855	-2.28170000858	2.78673831858	424
33	1.0	1.0	0.0	1.871735969	-1.714519426	1.331410808	2.436573997	-2.54972592161	2.89886102838	425
34	0.0	0.0	0.0	2.15560819	-3.524741539	-0.426776136	2.65974139359	-4.38095508342	0.0315871949489	426
34	0.0	0.25	0.0	1.56336994884	-3.73141626835	-0.42179852028	2.03550936753	-4.62407597667	0.0090184375206	427
34	0.0	0.5	0.0	0.916996839686	-3.95414331933	-0.433014770746	1.32021390996	-4.85896199255	-0.0325929174992	428
34	0.0	0.75	0.0	0.281226150438	-4.1233730404	-0.448749301339	0.595692231093	-5.03176987814	-0.0767361105892	429
34	0.0	1.0	0.0	-0.279204831	-4.16955578	-0.457326526	-0.0562184588596	-5.08865638055	-0.106900382228	430
34	0.25	0.0	0.0	2.08517514887	-3.32820872864	0.0825913573597	2.61809767992	-4.19405639094	0.789924565318	431
34	0.25	0.25	0.0	1.51798207483	-3.52634980144	0.105760137408	2.00826019386	-4.4346747107	0.782114889133	432
34	0.25	0.5	0.0	0.890839523637	-3.73279691492	0.111759857701	1.30469594185	-4.66861263671	0.743914314819	433
34	0.25	0.75	0.0	0.271948665973	-3.88608927142	0.104053455016	0.591218490389	-4.84238794591	0.694546212677	434
34	0.25	1.0	0.0	-0.27048932749	-3.92476607327	0.0861038661287	-0.0483585940629	-4.90251841524	0.65323395301	435
34	0.5	0.0	0.0	1.991638311	-2.87178386938	0.608919422694	2.54983857907	-3.74266117338	1.63558267304	436
34	0.5	0.25	0.0	1.45655532214	-3.04873949516	0.64890067358	1.96138054579	-3.97081713256	1.6391840845	437
34	0.5	0.5	0.0	0.856595200013	-3.2305809234	0.669513596004	1.27831927367	-4.19538058641	1.60281805315	438
34	0.5	0.75	0.0	0.260528877349	-3.36574852275	0.667345489231	0.583887013113	-4.36366589761	1.54899899608	439
34	0.5	1.0	0.0	-0.262872713127	-3.40268266183	0.638983652527	-0.0386839855003	-4.42298742884	1.50024133041	440
34	0.75	0.0	0.0	1.90911835737	-2.28928231668	1.05694644468	2.48073903633	-3.15260562038	2.39606150007	441
34	0.75	0.25	0.0	1.40424366245	-2.44472921076	1.10345073715	1.91053982579	-3.36453923917	2.40890453652	442
34	0.75	0.5	0.0	0.829035696586	-2.60344092638	1.12475077486	1.24664478262	-3.57488618172	2.37530863856	443
34	0.75	0.75	0.0	0.25353453591	-2.72335318054	1.1170507541	0.57207713638	-3.73465574804	2.31895632514	444
34	0.75	1.0	0.0	-0.25221974345	-2.76240169023	1.07655487116	-0.0301398833548	-3.79485723816	2.26353011521	445
34	1.0	0.0	0.0	1.871735969	-1.714519426	1.331410808	2.436573997	-2.54972592161	2.89886102838	446
34	1.0	0.25	0.0	1.38620106745	-1.86046280946	1.36523797705	1.87140743635	-2.74787702748	2.91995475808	447
34	1.0	0.5	0.0	0.822932841127	-2.00732250544	1.36197572497	1.21523334591	-2.94274976271	2.89257641214	448
34	1.0	0.75	0.0	0.257533392996	-2.11990563095	1.32909320241	0.554168197302	-3.094409512	2.83675228537	449
34	1.0	1.0	0.0	-0.234395174	-2.163019303	1.27405956	-0.0256715378094	-3.16292166003	2.77250867262	450
35	0.0	0.0	0.0	4.009906473	-0.834225267	0.606035175	4.85014301758	-1.39928055264	2.12648765361	451
35	0.0	0.25	0.0	3.50767102719	-1.03097662548	0.801732814899	4.29615491237	-1.62790383504	2.36032992419	452
35	0.0	0.5	0.0	2.94890077557	-1.27700253766	1.02142278082	3.66966049818	-1.94823481671	2.59382071485	453
35	0.0	0.75	0.0	2.38609074667	-1.52171335427	1.21476285208	3.03001508855	-2.28170000858	2.78673831858	454
35	0.0	1.0	0.0	1.871735969	-1.714519426	1.331410808	2.436573997	-2.54972592161	2.89886102838	455
35	0.25	0.0	0.0	4.03457911792	-0.250837803715	0.725949451603	4.81742829869	-0.735265091774	2.29753004261	456
35	0.25	0.25	0.0	3.5163199801	-0.419017123693	0.9047514312	4.25187926562	-0.918577021402	2.53687569315	457
35	0.25	0.5	0.0	2.94614417067	-0.649982314562	1.09255085964	3.62180948485	-1.21233082375	2.7753259121	458
35	0.25	0.75	0.0	2.37961232603	-0.888307196041	1.252379996	2.98527858061	-1.52961479157	2.97188992066	459
35	0.25	1.0	0.0	1.87228508253	-1.07856558785	1.34727109934	2.40034617714	-1.78351721757	3.08557694006	460
35	0.5	0.0	0.0	4.09779362828	0.445279258762	0.82154376944	4.80157857652	0.0976703327734	2.32708230906	461
35	0.5	0.25	0.0	3.57442263065	0.326807003141	0.919281516656	4.23114913149	-0.0385543646923	2.5289467851	462
35	0.5	0.5	0.0	2.98729475598	0.0843679634749	1.005776676	3.58295900697	-0.324475730777	2.72534165083	463
35	0.5	0.75	0.0	2.40307457329	-0.186489970121	1.07728051262	2.93343274673	-0.64653646713	2.8858794115	464
35	0.5	1.0	0.0	1.8884266516	-0.390218907532	1.13004429164	2.35899489454	-0.891179275404	2.9801725724	465
35	0.75	0.0	0.0	4.17031012501	1.12076067811	0.856036420557	4.79191501106	0.922567484072	2.20649218592	466
35	0.75	0.25	0.0	3.64252812766	1.06845299388	0.860438996945	4.22151186298	0.838772354179	2.35539696675	467
35	0.75	0.5	0.0	3.04321118307	0.852016201226	0.840933666415	3.56004379038	0.573916741794	2.50323777888	468
35	0.75	0.75	0.0	2.44730082185	0.58529127394	0.823435398973	2.8994872861	0.258719801263	2.62690042491	469
35	0.75	1.0	0.0	1.92973857462	0.382119185801	0.833859164622	2.33181884298	0.0239006869299	2.70327070744	470
35	1.0	0.0	0.0	4.222888729	1.642241212	0.792645697	4.77775876228	1.56246812519	1.92710740616	471
35	1.0	0.25	0.0	3.68118561992	1.66787808736	0.743339797745	4.21051481309	1.5400113543	2.03508000479	472
35	1.0	0.5	0.0	3.08475210352	1.57893030347	0.677855267389	3.55999856091	1.34143287353	2.16838414409	473
35	1.0	0.75	0.0	2.5031144051	1.42858948659	0.624815652089	2.9084518979	1.07733885015	2.29314659469	474
35	1.0	1.0	0.0	2.00579875	1.270047263	0.612844498	2.33811671622	0.858335451473	2.37549412722	475
36	0.0	0.0	0.0	1.871735969	-1.714519426	1.331410808	2.436573997	-2.54972592161	2.89886102838	476
36	0.0	0.25	0.0	1.38620106745	-1.86046280946	1.36523797705	1.87140743635	-2.74787702748	2.91995475808	477
36	0.0	0.5	0.0	0.822932841127	-2.00732250544	1.36197572497	1.21523334591	-2.94274976271	2.89257641214	478
36	0.0	0.75	0.0	0.257533392996	-2.11990563095	1.32909320241	0.554168197302	-3.094409512	2.83675228537	479
36	0.0	1.0	0.0	-0.234395174	-2.163019303	1.27405956	-0.0256715378094	-3.16292166003	2.77250867262	480
36	0.25	0.0	0.0	1.87228508253	-1.07856558785	1.34727109934	2.40034617714	-1.78351721757	3.08557694006	481
36	0.25	0.25	0.0	1.38653555657	-1.21862099371	1.37120331172	1.83601017224	-1.97057877013	3.11516553449	482
36	0.25	0.5	0.0	0.820287915677	-1.35331953636	1.35916721168	1.18234169138	-2.15834498307	3.10482011436	483
36	0.25	0.75	0.0	0.253240215681	-1.45669866359	1.32191285512	0.52689610089	-2.31124924995	3.06462384161	484
36	0.25	1.0	0.0	-0.234909487596	-1.50279582317	1.27019029792	-0.0427712328881	-2.39372496433	3.0046598782	485
36	0.5	0.0	0.0	1.8884266516	-0.390218907532	1.13004429164	2.35899489454	-0.891179275404	2.9801725724	486
36	0.5	0.25	0.0	1.38833134804	-0.512356143627	1.16744008512	1.80102635947	-1.05967144783	3.02282634258	487
36	0.5	0.5	0.0	0.813637532643	-0.612661049141	1.19387410021	1.15383365607	-1.22871363288	3.04948260941	488
36	0.5	0.75	0.0	0.239159000499	-0.685208511998	1.20062688424	0.500222009451	-1.36864602488	3.05170958708	489
36	0.5	1.0	0.0	-0.260290453322	-0.72407342012	1.17897898455	-0.0770033552256	-1.44980881809	3.02107548976	490
36	0.75	0.0	0.0	1.92973857462	0.382119185801	0.833859164622	2.33181884298	0.0239006869299	2.70327070744	491
36	0.75	0.25	0.0	1.41918582525	0.260158300161	0.881735238972	1.77602014684	-0.135809299037	2.75554674734	492
36	0.75	0.5	0.0	0.837967065805	0.162460240458	0.942250055069	1.13607392025	-0.295865792998	2.80970225917	493
36	0.75	0.75	0.0	0.251867891449	0.0925981794117	0.989085741013	0.486513266439	-0.427437906239	2.84537664789	494
36	0.75	1.0	0.0	-0.273326102637	0.0541452897393	0.995924424904	-0.0981287113372	-0.501694750048	2.84220931843	495
36	1.0	0.0	0.0	2.00579875	1.270047263	0.612844498	2.33811671622	0.858335451473	2.37549412722	496
36	1.0	0.25	0.0	1.50669637163	1.10074889702	0.641875715033	1.7705556831	0.68035343777	2.42593631378	497
36	1.0	0.5	0.0	0.928261888939	0.919851616664	0.6804487408	1.13542716419	0.498188455765	2.46861742554	498
36	1.0	0.75	0.0	0.32794503253	0.774754766222	0.711139876667	0.498137215306	0.351537036511	2.49299215018	499
36	1.0	1.0	0.0	-0.236804467	0.71285769	0.716525424	-0.0759081077381	0.280095711061	2.48851517535	500
41	0.0	0.0	0.0	4.222888729	1.642241212	0.792645697	4.77775876228	1.56246812519	1.92710740616	501
41	0.0	0.25	0.0	3.68118561992	1.66787808736	0.743339797745	4.21051481309	1.5400113543	2.03508000479	502
41	0.0	0.5	0.0	3.08475210352	1.57893030347	0.677855267389	3.55999856091	1.34143287353	2.16838414409	503
41	0.0	0.75	0.0	2.5031144051	1.42858948659	0.624815652089	2.9084518979	1.07733885015	2.29314659469	504
41	0.0	1.0	0.0	2.00579875	1.270047263	0.612844498	2.33811671622	0.858335451473	2.37549412722	505
41	0.25	0.0	0.0	4.24010364084	1.80525051925	0.734732034429	4.783042552	1.74518882389	1.76615175307	506
41	0.25	0.25	0.0	3.67879571503	1.90286077156	0.694637701976	4.2042986644	1.77745151103	1.85974952355	507
41	0.25	0.5	0.0	3.0862537227	1.96385778241	0.668166563305	3.55608952758	1.69263019647	1.98765558172	508
41	0.25	0.75	0.0	2.52278528686	1.95680862012	0.650859830208	2.90983615493	1.53632107184	2.11089635401	509
41	0.25	1.0	0.0	2.04869803055	1.850280353	0.638258714476	2.33695955986	1.35412032874	2.19049826686	510
41	0.5	0.0	0.0	4.26752111966	2.01153723596	0.648838216592	4.80538269489	1.96080784472	1.54024154659	511
41	0.5	0.25	0.0	3.66945588546	2.17176702627	0.641225345378	4.19695031253	2.03687781888	1.6315407583	512
41	0.5	0.5	0.0	3.0735844278	2.34439813592	0.707467602213	3.53441439547	2.05052798029	1.7803187252	513
41	0.5	0.75	0.0	2.52396787886	2.43848190876	0.777573127986	2.8839702349	1.98856633322	1.9246351041	514
41	0.5	1.0	0.0	2.06466737081	2.36306968863	0.781550063585	2.31181312201	1.83780088192	2.0025495518	515
41	0.75	0.0	0.0	4.2988283764	2.20250633544	0.552890053959	4.83627219087	2.15679356117	1.30434491845	516
41	0.75	0.25	0.0	3.66851375568	2.4184698111	0.575754469958	4.2026433571	2.27295946336	1.39057907625	517
41	0.75	0.5	0.0	3.07506043516	2.68300032683	0.716825505077	3.52624297105	2.37213156192	1.54244641879	518
41	0.75	0.75	0.0	2.53670264208	2.86110006068	0.859618591998	2.86759206925	2.39305524856	1.68824069943	519
41	0.75	1.0	0.0	2.07167460367	2.81777119069	0.887649163401	2.28721168827	2.274475915	1.75625567152	520
41	1.0	0.0	0.0	4.327712622	2.319562791	0.464813357	4.86720403987	2.28061434673	1.11343000034	521
41	1.0	0.25	0.0	3.69131695017	2.58684208569	0.490876817719	4.23555139775	2.44036563	1.17698984461	522
41	1.0	0.5	0.0	3.1189979611	2.94211331799	0.617307392859	3.56284506077	2.61444627829	1.27011150674	523
41	1.0	0.75	0.0	2.59103003747	3.21215378405	0.75165926882	2.89743958943	2.70876843211	1.35559099448	524
41	1.0	1.0	0.0	2.087687562	3.22374078	0.801486632	2.28768954423	2.62924423195	1.39622431555	525
42	0.0	0.0	0.0	2.00579875	1.270047263	0.612844498	2.33811671622	0.858335451473	2.37549412722	526
42	0.0	0.25	0.0	1.50669637163	1.10074889702	0.641875715033	1.7705556831	0.68035343777	2.42593631378	527
42	0.0	0.5	0.0	0.928261888939	0.919851616664	0.6804487408	1.13542716419	0.498188455765	2.46861742554	528
42	0.0	0.75	0.0	0.32794503253	0.774754766222	0.711139876667	0.498137215306	0.351537036511	2.49299215018	529
42	0.0	1.0	0.0	-0.236804467	0.71285769	0.716525424	-0.0759081077381	0.280095711061	2.48851517535	530
42	0.25	0.0	0.0	2.04869803055	1.850280353	0.638258714476	2.33695955986	1.35412032874	2.19049826686	531
42	0.25	0.25	0.0	1.57201489208	1.63165247141	0.62458424155	1.77459894334	1.1383905488	2.22363147049	532
42	0.25	0.5	0.0	1.00708177637	1.3678697321	0.608373335846	1.16020222916	0.898134864233	2.23486097789	533
42	0.25	0.75	0.0	0.403513994374	1.13937542115	0.592158810153	0.540597682501	0.695648457519	2.22901637112	534
42	0.25	1.0	0.0	-0.189073142982	1.02661282461	0.57847347726	-0.0373864314584	0.593226511118	2.21092723221	535
42	0.5	0.0	0.0	2.06466737081	2.36306968863	0.781550063585	2.31181312201	1.83780088192	2.0025495518	536
42	0.5	0.25	0.0	1.61319288991	2.12141335031	0.704708211888	1.77476749367	1.59102136277	1.99455393042	537
42	0.5	0.5	0.0	1.08156155632	1.82986154525	0.602583447724	1.20427273627	1.30298375688	1.94267666947	538
42	0.5	0.75	0.0	0.494192175248	1.56272408289	0.510800757514	0.613799632077	1.04857020765	1.87897986048	539
42	0.5	1.0	0.0	-0.124496448056	1.39431077265	0.464985127675	0.016818963369	0.902662858448	1.83552559499	540
42	0.75	0.0	0.0	2.07167460367	2.81777119069	0.887649163401	2.28721168827	2.274475915	1.75625567152	541
42	0.75	0.25	0.0	1.62774968966	2.56688744283	0.770006282216	1.76578140788	2.00305377058	1.7148515455	542
42	0.75	0.5	0.0	1.13372768979	2.25868037002	0.5983500169	1.23438508672	1.66765846581	1.61376135902	543
42	0.75	0.75	0.0	0.576485399969	1.96158249528	0.440224478423	0.675287664503	1.3591006039	1.50388953934	544
42	0.75	1.0	0.0	-0.0571003838524	1.74402634162	0.363173777752	0.0707540808976	1.16819078809	1.43614051372	545
42	1.0	0.0	0.0	2.087687562	3.22374078	0.801486632	2.28768954423	2.62924423195	1.39622431555	546
42	1.0	0.25	0.0	1.61320461585	2.9649306581	0.708237108706	1.74236075977	2.33929566313	1.36067216766	547
42	1.0	0.5	0.0	1.14560663781	2.60717952034	0.530943983839	1.21728568176	1.94708232311	1.26981190531	548
42	1.0	0.75	0.0	0.626899493354	2.25273240216	0.353588732552	0.682606380248	1.5760379633	1.1647523288	549
42	1.0	1.0	0.0	-0.000910952	2.003834339	0.26015283	0.108464925281	1.34959633508	1.08660223845	550
43	0.0	0.0	0.0	4.327712622	2.319562791	0.464813357	4.86720403987	2.28061434673	1.11343000034	551
43	0.0	0.25	0.0	3.69131695017	2.58684208569	0.490876817719	4.23555139775	2.44036563	1.17698984461	552
43	0.0	0.5	0.0	3.1189979611	2.94211331799	0.617307392859	3.56284506077	2.61444627829	1.27011150674	553
43	0.0	0.75	0.0	2.59103003747	3.21215378405	0.75165926882	2.89743958943	2.70876843211	1.35559099448	554
43	0.0	1.0	0.0	2.087687562	3.22374078	0.801486632	2.28768954423	2.62924423195	1.39622431555	555
43	0.25	0.0	0.0	4.39090109522	2.35780795752	0.333656406173	4.93361848555	2.33782256338	0.889165496933	556
43	0.25	0.25	0.0	3.74240494427	2.65961323782	0.356941983287	4.30029469541	2.5308102452	0.944446635532	557
43	0.25	0.5	0.0	3.17977229766	3.0788463693	0.447478711396	3.62694299387	2.75003281667	1.00331165916	558
43	0.25	0.75	0.0	2.65370906539	3.41400904929	0.546297713885	2.9512275245	2.88516587507	1.04824975293	559
43	0.25	1.0	0.0	2.11492115744	3.46360297513	0.594430114141	2.31081243088	2.82588501765	1.06175010192	560
43	0.5	0.0	0.0	4.49736662234	2.35956020273	0.136751433096	5.04413091097	2.36967371299	0.577174401457	561
43	0.5	0.25	0.0	3.81601112266	2.6975348692	0.150055492397	4.38528495381	2.59462672906	0.623403870279	562
43	0.5	0.5	0.0	3.24944684568	3.18507698581	0.215213336495	3.70101402406	2.86504324456	0.664428205337	563
43	0.5	0.75	0.0	2.72064202544	3.58660586774	0.284589439331	3.01305716069	3.04595276454	0.682435884426	564
43	0.5	1.0	0.0	2.15256489597	3.66654083017	0.310548274845	2.34315340271	3.00238479408	0.659615385335	565
43	0.75	0.0	0.0	4.60061389229	2.34048274433	-0.0699798757792	5.15159058008	2.38117104724	0.259849265028	566
43	0.75	0.25	0.0	3.88707923077	2.71032326128	-0.0750730169231	4.46503979955	2.63357577117	0.287716997536	567
43	0.75	0.5	0.0	3.31210533626	3.24821875558	-0.0358320779027	3.76926807906	2.94277185704	0.308042515905	568
43	0.75	0.75	0.0	2.77774044095	3.69840031101	0.00411542915612	3.06934848955	3.15731219802	0.300768272087	569
43	0.75	1.0	0.0	2.18603277702	3.80509901138	0.00114199212714	2.37035410198	3.12574968727	0.245836718028	570
43	1.0	0.0	0.0	4.654147594	2.3162388	-0.230615834	5.20884675684	2.37731781782	0.0195826387625	571
43	1.0	0.25	0.0	3.93055301404	2.70769469548	-0.263733906644	4.51407685926	2.64941806113	0.0112414659933	572
43	1.0	0.5	0.0	3.35183150054	3.25568526664	-0.262000877856	3.81591508662	2.96651294924	-0.011264038492	573
43	1.0	0.75	0.0	2.81091583527	3.71784845073	-0.257543332639	3.10652150262	3.185427273	-0.0541342009857	574
43	1.0	1.0	0.0	2.2007388	3.851822185	-0.282487856	2.37805617097	3.16298582329	-0.12356934778	575
44	0.0	0.0	0.0	2.087687562	3.22374078	0.801486632	2.28768954423	2.62924423195	1.39622431555	576
44	0.0	0.25	0.0	1.61320461585	2.9649306581	0.708237108706	1.74236075977	2.33929566313	1.36067216766	577
44	0.0	0.5	0.0	1.14560663781	2.60717952034	0.530943983839	1.21728568176	1.94708232311	1.26981190531	578
44	0.0	0.75	0.0	0.626899493354	2.25273240216	0.353588732552	0.682606380248	1.5760379633	1.1647523288	579
44	0.0	1.0	0.0	-0.000910952	2.003834339	0.26015283	0.108464925281	1.34959633508	1.08660223845	580
44	0.25	0.0	0.0	2.11492115744	3.46360297513	0.594430114141	2.31081243088	2.82588501765	1.06175010192	581
44	0.25	0.25	0.0	1.61069768161	3.19930942153	0.52727929877	1.73877298906	2.52327780325	1.0287296862	582
44	0.25	0.5	0.0	1.1501331796	2.80412689633	0.371594623408	1.20468803133	2.091784879	0.957504140403	583
44	0.25	0.75	0.0	0.650012532323	2.40014681536	0.207375196656	0.675554636374	1.67414913575	0.869763829895	584
44	0.25	1.0	0.0	0.0271206206704	2.10946059443	0.114620127119	0.118369882862	1.4131134643	0.787199120049	585
44	0.5	0.0	0.0	2.15256489597	3.66654083017	0.310548274845	2.34315340271	3.00238479408	0.659615385335	586
44	0.5	0.25	0.0	1.62916955054	3.40219064548	0.242418309887	1.75491596877	2.68676063923	0.604032186576	587
44	0.5	0.5	0.0	1.17087537068	2.99063830102	0.101868774783	1.21735820634	2.22386881519	0.531038947577	588
44	0.5	0.75	0.0	0.678114410051	2.54504301167	-0.04407523028	0.687202181417	1.7615125175	0.446287320258	589
44	0.5	1.0	0.0	0.0513187222996	2.17856399233	-0.128388605113	0.121169959966	1.44749494167	0.35542895654	590
44	0.75	0.0	0.0	2.18603277702	3.80509901138	0.00114199212714	2.37035410198	3.12574968727	0.245836718028	591
44	0.75	0.25	0.0	1.64912169201	3.54753450357	-0.0749034256059	1.7686518096	2.80321048555	0.168974346173	592
44	0.75	0.5	0.0	1.18979623262	3.12562688161	-0.198094477979	1.23148583739	2.31881729204	0.0927408971409	593
44	0.75	0.75	0.0	0.699373902181	2.64282589697	-0.317898426903	0.701835706353	1.82096654253	0.0116628001197	594
44	0.75	1.0	0.0	0.069172204029	2.20258130107	-0.383782534288	0.12268093746	1.4580546728	-0.0797335157044	595
44	1.0	0.0	0.0	2.2007388	3.851822185	-0.282487856	2.37805617097	3.16298582329	-0.12356934778	596
44	1.0	0.25	0.0	1.65105557539	3.60930116941	-0.35324347537	1.75784262224	2.84609365669	-0.194049157622	597
44	1.0	0.5	0.0	1.188858787	3.16800578535	-0.44815605082	1.22326055507	2.3521134699	-0.255065440594	598
44	1.0	0.75	0.0	0.701959784358	2.64890037712	-0.53123027186	0.703741902159	1.8353496448	-0.316769730291	599
44	1.0	1.0	0.0	0.078169917	2.172949289	-0.566470828	0.128718596211	1.45010656326	-0.38931356031	600
49	0.0	0.0	0.0	6.687981302	0.256986	-0.299999993	7.36822772675	0.0922276209583	-0.0651694194902	601
49	0.0	0.25	0.0	6.38530509425	0.906783832561	-0.27733430921	7.02013455884	0.876239908594	-0.0665740550924	602
49	0.0	0.5	0.0	5.96493185427	1.49984305007	-0.234144464668	6.51360411341	1.5462305416	-0.0346917008185	603
49	0.0	0.75	0.0	5.39762491115	1.98628694255	-0.206536344541	5.89454023218	2.0604922635	0.0031398086827	604
49	0.0	1.0	0.0	4.654147594	2.3162388	-0.230615834	5.20884675684	2.37731781782	0.0195826387625	605
49	0.25	0.0	0.0	6.68906413575	0.255874188384	-0.310501955451	7.37152301681	0.0910667679152	-0.076414884776	606
49	0.25	0.25	0.0	6.38225732558	0.88671770587	-0.37375405525	7.02141058446	0.852553687519	-0.197121871563	607
49	0.25	0.5	0.0	5.9538945084	1.46405147323	-0.36446581716	6.51029485838	1.51294288476	-0.214048646845	608
49	0.25	0.75	0.0	5.38226899585	1.94674691325	-0.344231486492	5.88721508668	2.03034345082	-0.191475943635	609
49	0.25	1.0	0.0	4.64567409954	2.29367544868	-0.374645308556	5.20121051747	2.36286447684	-0.193684494945	610
49	0.5	0.0	0.0	6.69144637	0.252721701013	-0.320990036167	7.37877265496	0.0878063894036	-0.0885386717289	611
49	0.5	0.25	0.0	6.37349629889	0.855539622261	-0.478621610053	7.02150178753	0.811994735602	-0.337828262427	612
49	0.5	0.5	0.0	5.92476971849	1.41962602661	-0.521487051267	6.49620945973	1.4660963098	-0.428693566915	613
49	0.5	0.75	0.0	5.33915443989	1.90285085749	-0.525317197852	5.858878445	1.9934718997	-0.447683433603	614
49	0.5	1.0	0.0	4.61053827419	2.26308405834	-0.565842887851	5.16549151676	2.33748229303	-0.481346710902	615
49	0.75	0.0	0.0	6.69382860425	0.247802963135	-0.330774922049	7.3860222931	0.0827797603855	-0.0999592638484	616
49	0.75	0.25	0.0	6.36140260843	0.813243398769	-0.579504944441	7.01970593458	0.754517312943	-0.472108675557	617
49	0.75	0.5	0.0	5.88795054186	1.36499686767	-0.67507925385	6.47847975958	1.40256478253	-0.639650955153	618
49	0.75	0.75	0.0	5.28601830686	1.85230132311	-0.703211417839	5.82573513993	1.94570206824	-0.703510420832	619
49	0.75	1.0	0.0	4.56815180575	2.22439471834	-0.74961500397	5.12486344741	2.30270906916	-0.76461139079	620
49	1.0	0.0	0.0	6.694911438	0.2413924	-0.3391673	7.38931758316	0.076320155823	-0.109095144634	621
49	1.0	0.25	0.0	6.34835684842	0.759822852428	-0.663972029236	7.01532079211	0.680075679642	-0.583378558829	622
49	1.0	0.5	0.0	5.85383003585	1.29859415391	-0.795113511769	6.46423760002	1.31922226879	-0.807945305688	623
49	1.0	0.75	0.0	5.24059766036	1.79280085794	-0.831332085667	5.80399000423	1.88285841449	-0.896984664934	624
49	1.0	1.0	0.0	4.537926382	2.177537518	-0.871368089	5.1025000021	2.260082608	-0.964685916292	625
50	0.0	0.0	0.0	6.694911438	0.2413924	-0.3391673	7.38931758316	0.076320155823	-0.109095144634	626
50	0.0	0.25	0.0	6.34835684842	0.759822852428	-0.663972029236	7.01532079211	0.680075679642	-0.583378558829	627
50	0.0	0.5	0.0	5.85383003585	1.29859415391	-0.795113511769	6.46423760002	1.31922226879	-0.807945305688	628
50	0.0	0.75	0.0	5.24059766036	1.79280085794	-0.831332085667	5.80399000423	1.88285841449	-0.896984664934	629
50	0.0	1.0	0.0	4.537926382	2.177537518	-0.871368089	5.1025000021	2.260082608	-0.964685916292	630
50	0.25	0.0	0.0	6.68808824127	0.232671419221	-0.346450978502	7.38699667097	0.0660069806394	-0.119623884707	631
50	0.25	0.25	0.0	6.32534211222	0.68222826909	-0.749685371886	7.00336248217	0.574938512029	-0.699026047944	632
50	0.25	0.5	0.0	5.80781720013	1.19275523642	-0.921037526307	6.44187130904	1.18625671878	-0.990972778902	633
50	0.25	0.75	0.0	5.18055111039	1.68059191499	-0.965996410888	5.77560763425	1.75672878043	-1.11394549165	634
50	0.25	1.0	0.0	4.48858144838	2.06207789854	-0.990050994751	5.07765594047	2.14312187652	-1.18642560025	635
50	0.5	0.0	0.0	6.67306936307	0.225301334972	-0.349417725385	7.38188281873	0.0551340687016	-0.129729767049	636
50	0.5	0.25	0.0	6.29594356491	0.607515392793	-0.810399223466	6.9871016956	0.481541685209	-0.786950827194	637
50	0.5	0.5	0.0	5.75424718046	1.07528903535	-1.03765431364	6.40876464872	1.04555066817	-1.16568316828	638
50	0.5	0.75	0.0	5.10565478801	1.53211205684	-1.11739901698	5.72903422508	1.58797167444	-1.3604545336	639
50	0.5	1.0	0.0	4.40784096587	1.88147425144	-1.13584935453	5.0300729717	1.94961536086	-1.46579266644	640
50	0.75	0.0	0.0	6.65803087132	0.217311688238	-0.351614184576	7.37674935296	0.0436415942777	-0.139065361698	641
50	0.75	0.25	0.0	6.26863159988	0.524607301161	-0.854288615137	6.9716040124	0.382586140394	-0.852617690865	642
50	0.75	0.5	0.0	5.70414403411	0.946610820449	-1.1355416406	6.37523822573	0.893218494442	-1.31635165157	643
50	0.75	0.75	0.0	5.03397829504	1.37091989448	-1.25618285416	5.68010209365	1.40205717406	-1.59190991507	644
50	0.75	1.0	0.0	4.32754450368	1.68513217163	-1.27702184905	4.97864571683	1.73562069688	-1.74093515262	645
50	1.0	0.0	0.0	6.651148834	0.20673202	-0.356587	7.37436960017	0.0314697316357	-0.147283238694	646
50	1.0	0.25	0.0	6.25187661053	0.422427071812	-0.889528578059	6.96193501254	0.260772818799	-0.901491433243	647
50	1.0	0.5	0.0	5.66853181838	0.807135861475	-1.20527727398	6.35161264679	0.725374575068	-1.4272534065	648
50	1.0	0.75	0.0	4.98359123329	1.2205740389	-1.35299087266	5.64464355692	1.22445535682	-1.76370976032	649
50	1.0	1.0	0.0	4.279531631	1.522457254	-1.381827159	4.94226879695	1.55719552042	-1.95000109657	650
53	0.0	0.0	0.0	6.651148834	0.20673202	-0.356587	7.37436960017	0.0314697316357	-0.147283238694	651
53	0.0	0.25	0.0	6.25187661053	0.422427071812	-0.889528578059	6.96193501254	0.260772818799	-0.901491433243	652
53	0.0	0.5	0.0	5.66853181838	0.807135861475	-1.20527727398	6.35161264679	0.725374575068	-1.4272534065	653
53	0.0	0.75	0.0	4.98359123329	1.2205740389	-1.35299087266	5.64464355692	1.22445535682	-1.76370976032	654
53	0.0	1.0	0.0	4.279531631	1.522457254	-1.381827159	4.94226879695	1.55719552042	-1.95000109657	655
53	0.25	0.0	0.0	6.65301303619	0.186268528864	-0.369058201277	7.37325994722	0.00712847303945	-0.157931491926	656
53	0.25	0.25	0.0	6.23779058683	0.216860349226	-0.938146208303	6.95558529745	0.0096946273504	-0.963428663305	657
53	0.25	0.5	0.0	5.61836005366	0.449879041765	-1.31233194621	6.32812257605	0.2801436653	-1.60134542831	658
53	0.25	0.75	0.0	4.91238947206	0.749521204155	-1.5243612712	5.60752643791	0.640656756758	-2.06445198802	659
53	0.25	1.0	0.0	4.23754687739	0.979983434071	-1.60698003948	4.91045153792	0.913415071597	-2.3455185435	660
53	0.5	0.0	0.0	6.65725447303	0.164059360011	-0.380514025161	7.37095890278	-0.0236117842271	-0.165376830108	661
53	0.5	0.25	0.0	6.24228653516	0.0185220043782	-0.950532958516	6.96247498593	-0.231950974662	-0.960650100982	662
53	0.5	0.5	0.0	5.60785652834	0.0499612887987	-1.36613842181	6.3376262596	-0.219505637076	-1.654352299	663
53	0.5	0.75	0.0	4.89156564918	0.161491501813	-1.64092839509	5.61920774657	-0.100741428497	-2.20312669947	664
53	0.5	1.0	0.0	4.23101509429	0.256226931962	-1.78850085844	4.9300144696	0.00987599404591	-2.56361657769	665
53	0.75	0.0	0.0	6.66148878986	0.141756916152	-0.386400336464	7.36865073832	-0.0544453164992	-0.16725265571	666
53	0.75	0.25	0.0	6.256175042	-0.16154027014	-0.927332575851	6.97521813694	-0.447125513747	-0.900131578439	667
53	0.75	0.5	0.0	5.61990962124	-0.334670594909	-1.36119636174	6.36003112786	-0.692097557058	-1.59238770898	668
53	0.75	0.75	0.0	4.89989635459	-0.426153484842	-1.68246932548	5.64844599645	-0.834321570545	-2.17589982084	669
53	0.75	1.0	0.0	4.24333906905	-0.484508366628	-1.88562909843	4.96581902806	-0.918757678321	-2.5825466875	670
53	1.0	0.0	0.0	6.663331632	0.1210136	-0.382163	7.36751972533	-0.0790664001119	-0.1611923712	671
53	1.0	0.25	0.0	6.27026669381	-0.312278781739	-0.869188807455	6.98642880944	-0.618790516409	-0.788848927838	672
53	1.0	0.5	0.0	5.63740771121	-0.646069806843	-1.29200542695	6.37524461127	-1.05615631965	-1.42156534866	673
53	1.0	0.75	0.0	4.91615817825	-0.896052172525	-1.62876114348	5.66399970113	-1.39466604099	-1.97893727828	674
53	1.0	1.0	0.0	4.257921589	-1.077918576	-1.857604242	4.98272664936	-1.63782191159	-2.38056036129	675
54	0.0	0.0	0.0	6.663331632	0.1210136	-0.382163	7.36751972533	-0.0790664001119	-0.1611923712	676
54	0.0	0.25	0.0	6.27026669381	-0.312278781739	-0.869188807455	6.98642880944	-0.618790516409	-0.788848927838	677
54	0.0	0.5	0.0	5.63740771121	-0.646069806843	-1.29200542695	6.37524461127	-1.05615631965	-1.42156534866	678
54	0.0	0.75	0.0	4.91615817825	-0.896052172525	-1.62876114348	5.66399970113	-1.39466604099	-1.97893727828	679
54	0.0	1.0	0.0	4.257921589	-1.077918576	-1.857604242	4.98272664936	-1.63782191159	-2.38056036129	680
54	0.25	0.0	0.0	6.66348151797	0.105066839896	-0.367753915301	7.36652710622	-0.0938856145762	-0.136381192752	681
54	0.25	0.25	0.0	6.29357050845	-0.436754833752	-0.77773830775	7.00169134796	-0.75127880205	-0.635196754381	682
54	0.25	0.5	0.0	5.68301687781	-0.882519592468	-1.15663742057	6.39847201192	-1.30725409421	-1.16053266223	683
54	0.25	0.75	0.0	4.9767892847	-1.2359326315	-1.47075487523	5.69000056806	-1.7564143814	-1.63511840085	684
54	0.25	1.0	0.0	4.31985638776	-1.5006991461	-1.68639429321	5.00940848631	-2.09336255394	-1.98168345478	685
54	0.5	0.0	0.0	6.66399668061	0.0943231548007	-0.347488972796	7.36452875769	-0.102148699265	-0.093231644	686
54	0.5	0.25	0.0	6.32980566079	-0.560373441964	-0.65200418892	7.02386992587	-0.877905325873	-0.433110695181	687
54	0.5	0.5	0.0	5.76291005917	-1.13520346704	-0.950464995148	6.44015461068	-1.56285407142	-0.793766916314	688
54	0.5	0.75	0.0	5.0908020067	-1.61282626142	-1.20455298049	5.74475052676	-2.1344915302	-1.1226531685	689
54	0.5	1.0	0.0	4.44097363437	-1.97590116609	-1.37594973395	5.06902538874	-2.57031429651	-1.36722231284	690
54	0.75	0.0	0.0	6.6645474997	0.0881817923048	-0.324470671394	7.36256606561	-0.105809461354	-0.0473287363502	691
54	0.75	0.25	0.0	6.35934106334	-0.654097209521	-0.507453361023	7.04135667636	-0.968471608067	-0.210815775986	692
54	0.75	0.5	0.0	5.82955739978	-1.33305858769	-0.709500579588	6.47458638502	-1.75478490087	-0.39404705982	693
54	0.75	0.75	0.0	5.18791481776	-1.91328333214	-0.887108776512	5.79150684669	-2.42504155456	-0.564981569068	694
54	0.75	1.0	0.0	4.54713162605	-2.35935243278	-0.996774401216	5.12136971649	-2.93953378396	-0.69157828495	695
54	1.0	0.0	0.0	6.664804355	0.086042	-0.30180151	7.36168041583	-0.106821708019	-0.0142574812073	696
54	1.0	0.25	0.0	6.36254562864	-0.688888739567	-0.359552734119	7.04254373261	-0.992779168818	0.00346297745435	697
54	1.0	0.5	0.0	5.83542904415	-1.40502211157	-0.46975660279	6.47606131239	-1.81487523216	-0.03415204166	698
54	1.0	0.75	0.0	5.19784619133	-2.02385411354	-0.575375580566	5.79352679727	-2.52420852166	-0.0855435903944	699
54	1.0	1.0	0.0	4.56418866	-2.506880743	-0.619372132	5.12623382936	-3.07187766093	-0.109152720593	700
57	0.0	0.0	0.0	6.664804355	0.086042	-0.30180151	7.36168041583	-0.106821708019	-0.0142574812073	701
57	0.0	0.25	0.0	6.36254562864	-0.688888739567	-0.359552734119	7.04254373261	-0.992779168818	0.00346297745435	702
57	0.0	0.5	0.0	5.83542904415	-1.40502211157	-0.46975660279	6.47606131239	-1.81487523216	-0.03415204166	703
57	0.0	0.75	0.0	5.19784619133	-2.02385411354	-0.575375580566	5.79352679727	-2.52420852166	-0.0855435903944	704
57	0.0	1.0	0.0	4.56418866	-2.506880743	-0.619372132	5.12623382936	-3.07187766093	-0.109152720593	705
57	0.25	0.0	0.0	6.66271523629	0.0876045168738	-0.278036315243	7.36514977611	-0.103104562383	0.0159263507994	706
57	0.25	0.25	0.0	6.32613843863	-0.642949739318	-0.20716652383	7.02315009563	-0.934273322127	0.226262547841	707
57	0.25	0.5	0.0	5.75255974713	-1.30427009945	-0.221111473001	6.4340598905	-1.7039775314	0.345434082982	708
57	0.25	0.75	0.0	5.07977367646	-1.87020263502	-0.250657619305	5.73680937768	-2.36728738425	0.421849535398	709
57	0.25	1.0	0.0	4.44557474131	-2.3145934175	-0.22659141929	5.07032877415	-2.87927307472	0.503917484269	710
57	0.5	0.0	0.0	6.65813418985	0.0934800608147	-0.254022878693	7.37279738347	-0.0924888351646	0.0540607893	711
57	0.5	0.25	0.0	6.26931538673	-0.534347244307	-0.0663371767337	6.99493914784	-0.815469528062	0.444511248042	712
57	0.5	0.5	0.0	5.62935197005	-1.07612075321	0.0118430334934	6.37454122345	-1.471126976	0.745943693624	713
57	0.5	0.75	0.0	4.90421803634	-1.525298151	0.0547640926104	5.65760339158	-2.0271844418	0.980950495923	714
57	0.5	1.0	0.0	4.25988768213	-1.87533712279	0.136672341239	4.99012543351	-2.4513651883	1.17212402482	715
57	0.75	0.0	0.0	6.65359068024	0.104379174348	-0.232907930296	7.38048252765	-0.0768495383538	0.0892967396469	716
57	0.75	0.25	0.0	6.21631999293	-0.392194514954	0.0523546506449	6.96748005327	-0.660819720172	0.628025233266	717
57	0.75	0.5	0.0	5.51968889493	-0.782561223831	0.203236276955	6.3191527414	-1.17288023995	1.09308924021	718
57	0.75	0.75	0.0	4.7485561608	-1.0889747195	0.301339205189	5.58360808771	-1.59660408962	1.47358338352	719
57	0.75	1.0	0.0	4.08778056514	-1.33368876919	0.428265691899	4.90895358786	-1.91556426112	1.75860228622	720
57	1.0	0.0	0.0	6.651614172	0.1210124	-0.2178382	7.38406449841	-0.0580616839397	0.110785107193	721
57	1.0	0.25	0.0	6.19139577721	-0.245604811682	0.138328301783	6.95034197593	-0.494775832005	0.746620658724	722
57	1.0	0.5	0.0	5.47745370378	-0.485578662303	0.327197617648	6.28954187452	-0.865793997233	1.3125831727	723
57	1.0	0.75	0.0	4.69016493971	-0.661066398523	0.449517368439	5.54252271485	-1.16825072299	1.78157229053	724
57	1.0	1.0	0.0	4.009906473	-0.834225267	0.606035175	4.85014301758	-1.39928055264	2.12648765361	725
58	0.0	0.0	0.0	6.651614172	0.1210124	-0.2178382	7.38406449841	-0.0580616839397	0.110785107193	726
58	0.0	0.25	0.0	6.19139577721	-0.245604811682	0.138328301783	6.95034197593	-0.494775832005	0.746620658724	727
58	0.0	0.5	0.0	5.47745370378	-0.485578662303	0.327197617648	6.28954187452	-0.865793997233	1.3125831727	728
58	0.0	0.75	0.0	4.69016493971	-0.661066398523	0.449517368439	5.54252271485	-1.16825072299	1.78157229053	729
58	0.0	1.0	0.0	4.009906473	-0.834225267	0.606035175	4.85014301758	-1.39928055264	2.12648765361	730
58	0.25	0.0	0.0	6.64781616825	0.141993601397	-0.213333997572	7.3809578399	-0.0349296663168	0.11130423817	731
58	0.25	0.25	0.0	6.19032650602	-0.0946701872578	0.210733544972	6.94075271436	-0.313591704792	0.826638621429	732
58	0.25	0.5	0.0	5.49692855754	-0.162211599667	0.435708164167	6.28030461948	-0.494989395996	1.44189464325	733
58	0.25	0.75	0.0	4.72566515184	-0.175858262822	0.570982564786	5.5293007495	-0.621441078724	1.93841191364	734
58	0.25	1.0	0.0	4.03457911792	-0.250837803715	0.725949451603	4.81742829869	-0.735265091774	2.29753004261	735
58	0.5	0.0	0.0	6.63927466653	0.164064225705	-0.21912591156	7.37393729769	-0.0081272463105	0.09674516699	736
58	0.5	0.25	0.0	6.19297744283	0.066527949583	0.277676456335	6.93185606274	-0.115249175064	0.888861437281	737
58	0.5	0.5	0.0	5.53009584335	0.186198807778	0.555968836916	6.27342797094	-0.0570987599904	1.52231988699	738
58	0.5	0.75	0.0	4.7864333959	0.365106133201	0.706881263509	5.52216486223	0.051986806694	2.00057526222	739
58	0.5	1.0	0.0	4.09779362828	0.445279258762	0.82154376944	4.80157857652	0.0976703327734	2.32708230906	740
58	0.75	0.0	0.0	6.63072581429	0.186038634661	-0.230667644767	7.36690940496	0.0185789583432	0.0764362765903	741
58	0.75	0.25	0.0	6.2017917035	0.246486631676	0.318068524928	6.92698758336	0.101145077626	0.906951599372	742
58	0.75	0.5	0.0	5.57360818318	0.544607664939	0.639558995966	6.27094298634	0.394256630213	1.52014081517	743
58	0.75	0.75	0.0	4.85887955611	0.897124693925	0.797612162968	5.51913300015	0.725526478298	1.94399173901	744
58	0.75	1.0	0.0	4.17031012501	1.12076067811	0.856036420557	4.79191501106	0.922567484072	2.20649218592	745
58	1.0	0.0	0.0	6.626905759	0.20673119	-0.2434129	7.3637806949	0.0414223299083	0.0597059499062	746
58	1.0	0.25	0.0	6.21921240383	0.453702891856	0.310821239809	6.9294828385	0.336484373723	0.854571600795	747
58	1.0	0.5	0.0	5.62411819901	0.897970076722	0.638058001387	6.27488072307	0.805455494046	1.40163933902	748
58	1.0	0.75	0.0	4.92941351668	1.35549532373	0.783573961521	5.5182231104	1.27267148112	1.74459074675	749
58	1.0	1.0	0.0	4.222888729	1.642241212	0.792645697	4.77775876228	1.56246812519	1.92710740616	750
61	0.0	0.0	0.0	6.626905759	0.20673119	-0.2434129	7.3637806949	0.0414223299083	0.0597059499062	751
61	0.0	0.25	0.0	6.21921240383	0.453702891856	0.310821239809	6.9294828385	0.336484373723	0.854571600795	752
61	0.0	0.5	0.0	5.62411819901	0.897970076722	0.638058001387	6.27488072307	0.805455494046	1.40163933902	753
61	0.0	0.75	0.0	4.92941351668	1.35549532373	0.783573961521	5.5182231104	1.27267148112	1.74459074675	754
61	0.0	1.0	0.0	4.222888729	1.642241212	0.792645697	4.77775876228	1.56246812519	1.92710740616	755
61	0.25	0.0	0.0	6.63557258084	0.218182539617	-0.24876549003	7.36657838848	0.0515022266853	0.0479060158827	756
61	0.25	0.25	0.0	6.23919313566	0.572255179237	0.297756287174	6.93945232704	0.470689054178	0.808844485983	757
61	0.25	0.5	0.0	5.6607138522	1.05740015709	0.614439808172	6.29405644177	0.986728758967	1.31537643618	758
61	0.25	0.75	0.0	4.97079669806	1.51970332112	0.745395061183	5.53903757074	1.45857684692	1.61773461052	759
61	0.25	1.0	0.0	4.24010364084	1.80525051925	0.734732034429	4.783042552	1.74518882389	1.76615175307	760
61	0.5	0.0	0.0	6.65452038908	0.225510468363	-0.250322374382	7.37261411456	0.0558129591826	0.0321649747458	761
61	0.5	0.25	0.0	6.2723906496	0.664047993637	0.28669712459	6.95591884042	0.578084063122	0.758087100669	762
61	0.5	0.5	0.0	5.72008903043	1.20377967167	0.582659948928	6.33098865095	1.16079535834	1.20267352994	763
61	0.5	0.75	0.0	5.03825327323	1.70088343995	0.686921759355	5.58506333837	1.66726417536	1.43902482457	764
61	0.5	1.0	0.0	4.26752111966	2.01153723596	0.648838216592	4.80538269489	1.96080784472	1.54024154659	765
61	0.75	0.0	0.0	6.67344527428	0.232114210428	-0.252779621543	7.37862691759	0.0593995049982	0.0155235707998	766
61	0.75	0.25	0.0	6.30665407586	0.745125780975	0.248738372997	6.97275177211	0.674841499474	0.672245408655	767
61	0.75	0.5	0.0	5.78146863969	1.33314747863	0.517979211332	6.36844827174	1.31650014397	1.05122140784	768
61	0.75	0.75	0.0	5.10861729635	1.86325057344	0.603258052105	5.63364541262	1.85395698302	1.23455382541	769
61	0.75	1.0	0.0	4.2988283764	2.20250633544	0.552890053959	4.83627219087	2.15679356117	1.30434491845	770
61	1.0	0.0	0.0	6.682043327	0.241393	-0.2608333	7.38135584206	0.0673068417301	0.00102254834931	771
61	1.0	0.25	0.0	6.32983254462	0.831532987169	0.15497465334	6.98382051556	0.777133462151	0.521265373744	772
61	1.0	0.5	0.0	5.82407758597	1.44154243615	0.395658383059	6.38920622526	1.44268796767	0.848710857406	773
61	1.0	0.75	0.0	5.15872282158	1.9710196148	0.489507935498	5.66212879282	1.97387878647	1.03041404954	774
61	1.0	1.0	0.0	4.327712622	2.319562791	0.464813357	4.86720403987	2.28061434673	1.11343000034	775
62	0.0	0.0	0.0	6.682043327	0.241393	-0.2608333	7.38135584206	0.0673068417301	0.00102254834931	776
62	0.0	0.25	0.0	6.32983254462	0.831532987169	0.15497465334	6.98382051556	0.777133462151	0.521265373744	777
62	0.0	0.5	0.0	5.82407758597	1.44154243615	0.395658383059	6.38920622526	1.44268796767	0.848710857406	778
62	0.0	0.75	0.0	5.15872282158	1.9710196148	0.489507935498	5.66212879282	1.97387878647	1.03041404954	779
62	0.0	1.0	0.0	4.327712622	2.319562791	0.464813357	4.86720403987	2.28061434673	1.11343000034	780
62	0.25	0.0	0.0	6.68297113559	0.247787086333	-0.269216313781	7.37930457404	0.0751583935677	-0.0115831646257	781
62	0.25	0.25	0.0	6.34457113865	0.879517402775	0.0548228406952	6.99107495157	0.833787460979	0.380443267205	782
62	0.25	0.5	0.0	5.85942975072	1.49496837525	0.249411250505	6.41008285043	1.50466827933	0.641244999326	783
62	0.25	0.75	0.0	5.21304154514	2.01433392107	0.335404058161	5.70228008897	2.02646019725	0.800819814861	784
62	0.25	1.0	0.0	4.39090109522	2.35780795752	0.333656406173	4.93361848555	2.33782256338	0.889165496933	785
62	0.5	0.0	0.0	6.6850123145	0.252707437405	-0.279016085094	7.3747917844	0.0832851687494	-0.0306728741647	786
62	0.5	0.25	0.0	6.36276557294	0.906728244526	-0.0602176942654	7.00278243641	0.868765243344	0.224641489142	787
62	0.5	0.5	0.0	5.90582558847	1.52226301611	0.0761053412704	6.45098684277	1.54546842216	0.398052388262	788
62	0.5	0.75	0.0	5.29156754397	2.02973318967	0.138809543171	5.7784285016	2.06267711034	0.509062475074	789
62	0.5	1.0	0.0	4.49736662234	2.35956020273	0.136751433096	5.04413091097	2.36967371299	0.577174401457	790
62	0.75	0.0	0.0	6.68705349341	0.255868819775	-0.28951613711	7.37027899477	0.0896529752285	-0.0504628644065	791
62	0.75	0.25	0.0	6.37836163047	0.915154168946	-0.175739296061	7.01408747164	0.882703746724	0.0701917961718	792
62	0.75	0.5	0.0	5.94656099203	1.52377252046	-0.094874759002	6.4920999984	1.56076398123	0.159338372214	793
62	0.75	0.75	0.0	5.363396704	2.01959250277	-0.0564468456644	5.85452991967	2.07614823075	0.221162362305	794
62	0.75	1.0	0.0	4.60061389229	2.34048274433	-0.0699798757792	5.15159058008	2.38117104724	0.259849265028	795
62	1.0	0.0	0.0	6.687981302	0.256986	-0.299999993	7.36822772675	0.0922276209583	-0.0651694194902	796
62	1.0	0.25	0.0	6.38530509425	0.906783832561	-0.27733430921	7.02013455884	0.876239908594	-0.0665740550924	797
62	1.0	0.5	0.0	5.96493185427	1.49984305007	-0.234144464668	6.51360411341	1.5462305416	-0.0346917008185	798
62	1.0	0.75	0.0	5.39762491115	1.98628694255	-0.206536344541	5.89454023218	2.0604922635	0.0031398086827	799
62	1.0	1.0	0.0	4.654147594	2.3162388	-0.230615834	5.20884675684	2.37731781782	0.0195826387625	800
