Elem	xi[0]	xi[1]	xi[2]	Y[0]	Y[1]	Y[2]	y[0]	y[1]	y[2]	Index
1	0.0	0.0	0.0	0.078169917	2.172949289	-0.566470828	-0.0200073746774	1.91775262186	-0.203581259783	1
1	0.0	0.25	0.0	-0.505792682294	2.00887052402	-0.602439592098	-0.487153544828	1.76180989269	-0.273572901418	2
1	0.0	0.5	0.0	-1.08003466385	2.05060336412	-0.680421937674	-0.989127024835	1.70351509279	-0.37558431399	3
1	0.0	0.75	0.0	-1.60417183423	2.11958025415	-0.753935780163	-1.51099383609	1.67473946091	-0.44823311028	4
1	0.0	1.0	0.0	-2.03782	2.037233639	-0.776499035	-2.03782	1.60735423577	-0.43013690307	5
1	0.25	0.0	0.0	0.0795602355902	2.05214197414	-0.753414330313	-0.0120650520664	1.86022677458	-0.549507776585	6
1	0.25	0.25	0.0	-0.48829235428	1.8611113359	-0.773537776834	-0.484885802452	1.65988341928	-0.633173099448	7
1	0.25	0.5	0.0	-1.0623746776	1.81976594547	-0.842286596353	-0.988442474958	1.53624716346	-0.753823856861	8
1	0.25	0.75	0.0	-1.59402411193	1.80738409945	-0.900713690861	-1.50943868172	1.4535274638	-0.820104811759	9
1	0.25	1.0	0.0	-2.03457803487	1.70324409446	-0.889871962349	-2.03457803487	1.37593377698	-0.740660727077	10
1	0.5	0.0	0.0	0.0783636906301	1.86071644597	-0.98316128428	0.0082694859469	1.74316796508	-0.993095222957	11
1	0.5	0.25	0.0	-0.474170384928	1.65333290852	-0.980702916871	-0.471201128333	1.50319472498	-1.06291472601	12
1	0.5	0.5	0.0	-1.05670262096	1.5473826786	-1.0209573158	-0.997472540059	1.3246839969	-1.15644382475	13
1	0.5	0.75	0.0	-1.60135807954	1.46251957028	-1.05982390469	-1.53300576595	1.18915515741	-1.18838683109	14
1	0.5	1.0	0.0	-2.04026182274	1.3183973976	-1.05320210719	-2.04026182274	1.07812758313	-1.07344805699	15
1	0.75	0.0	0.0	0.080262845605	1.63694722483	-1.19313395186	0.0375519023987	1.59023346629	-1.43212961301	16
1	0.75	0.25	0.0	-0.461327112557	1.42553762436	-1.17273939474	-0.457487337862	1.31521685245	-1.47069681509	17
1	0.75	0.5	0.0	-1.04887755535	1.26340619184	-1.19136207801	-1.01104722854	1.08243430514	-1.52456320916	18
1	0.75	0.75	0.0	-1.60351718388	1.10808476871	-1.21500020636	-1.56128920417	0.89534372515	-1.518429668	19
1	0.75	1.0	0.0	-2.04637469925	0.917105196441	-1.20965198444	-2.04637469925	0.757403013235	-1.37699706437	20
1	1.0	0.0	0.0	0.090940264	1.419108831	-1.320754595	0.0723378603254	1.42508055111	-1.76439696087	21
1	1.0	0.25	0.0	-0.447662875484	1.21772786591	-1.29845159296	-0.455132246425	1.11942284431	-1.76441840065	22
1	1.0	0.5	0.0	-1.02475854218	0.99778911348	-1.328428865	-1.02399654882	0.823106800255	-1.79930100162	23
1	1.0	0.75	0.0	-1.57784487178	0.76717779681	-1.34997638055	-1.57388311172	0.585814350429	-1.77558382218	24
1	1.0	1.0	0.0	-2.04442	0.533779139	-1.302384109	-2.04442	0.45722742633	-1.59980592075	25
2	0.0	0.0	0.0	0.090940264	1.419108831	-1.320754595	0.0723378603254	1.42508055111	-1.76439696087	26
2	0.0	0.25	0.0	-0.447662875484	1.21772786591	-1.29845159296	-0.455132246425	1.11942284431	-1.76441840065	27
2	0.0	0.5	0.0	-1.02475854218	0.99778911348	-1.328428865	-1.02399654882	0.823106800255	-1.79930100162	28
2	0.0	0.75	0.0	-1.57784487178	0.76717779681	-1.34997638055	-1.57388311172	0.585814350429	-1.77558382218	29
2	0.0	1.0	0.0	-2.04442	0.533779139	-1.302384109	-2.04442	0.45722742633	-1.59980592075	30
2	0.25	0.0	0.0	0.101603971338	1.18174120779	-1.40280739431	0.0978583430156	1.2097100579	-2.02378999643	31
2	0.25	0.25	0.0	-0.43767935952	1.01199635651	-1.39943544413	-0.451594636153	0.913804287112	-1.98847898125	32
2	0.25	0.5	0.0	-0.999790461814	0.799528174992	-1.45661610607	-1.01137327967	0.630874044977	-1.99433993717	33
2	0.25	0.75	0.0	-1.54525004778	0.568964348289	-1.49371192868	-1.549645405	0.420014646713	-1.9571997333	34
2	0.25	1.0	0.0	-2.03457882965	0.344932561449	-1.43008546052	-2.03457882965	0.340321407536	-1.79288523871	35
2	0.5	0.0	0.0	0.102893703711	0.906332288445	-1.50908360615	0.108753728445	0.929522855336	-2.28652977468	36
2	0.5	0.25	0.0	-0.42854292277	0.761012769258	-1.54958232693	-0.430600275365	0.66960068825	-2.24313701023	37
2	0.5	0.5	0.0	-0.976838576262	0.596110670466	-1.64489088897	-0.966362209574	0.459788780611	-2.21930698815	38
2	0.5	0.75	0.0	-1.5163348523	0.421744409455	-1.71858847657	-1.49709794349	0.331610222479	-2.18000038739	39
2	0.5	1.0	0.0	-2.02137334643	0.248032403608	-1.69425427404	-2.02137334643	0.316588103912	-2.09017788692	40
2	0.75	0.0	0.0	0.100030073979	0.636925331383	-1.62802606466	0.116531562198	0.639514881975	-2.51953106417	41
2	0.75	0.25	0.0	-0.420870676583	0.509219222758	-1.71814289127	-0.400043483094	0.422625839024	-2.48742735404	42
2	0.75	0.5	0.0	-0.960205991134	0.398042926803	-1.85503799126	-0.917093276514	0.294888293404	-2.45172956992	43
2	0.75	0.75	0.0	-1.49709983912	0.292620803408	-1.9726505813	-1.44913258863	0.253488593619	-2.42438780046	44
2	0.75	1.0	0.0	-2.01067618999	0.182177212463	-2.00491987804	-2.01067618999	0.295613088174	-2.41735213433	45
2	1.0	0.0	0.0	0.098233695	0.417563595	-1.748077604	0.132699389856	0.394682076378	-2.6897086335	46
2	1.0	0.25	0.0	-0.415279732307	0.301057835604	-1.87436778703	-0.367818578374	0.208693530732	-2.68038487913	47
2	1.0	0.5	0.0	-0.954195812046	0.215831270903	-2.0488421905	-0.89169641846	0.121209869603	-2.66913509783	48
2	1.0	0.75	0.0	-1.49354556201	0.148696353251	-2.20394279998	-1.43864120185	0.118537276025	-2.67076398847	49
2	1.0	1.0	0.0	-2.00836	0.086465535	-2.272111601	-2.00836	0.186981933033	-2.70007624993	50
5	0.0	0.0	0.0	0.098233695	0.417563595	-1.748077604	0.132699389856	0.394682076378	-2.6897086335	51
5	0.0	0.25	0.0	-0.415279732307	0.301057835604	-1.87436778703	-0.367818578374	0.208693530732	-2.68038487913	52
5	0.0	0.5	0.0	-0.954195812046	0.215831270903	-2.0488421905	-0.89169641846	0.121209869603	-2.66913509783	53
5	0.0	0.75	0.0	-1.49354556201	0.148696353251	-2.20394279998	-1.43864120185	0.118537276025	-2.67076398847	54
5	0.0	1.0	0.0	-2.00836	0.086465535	-2.272111601	-2.00836	0.186981933033	-2.70007624993	55
5	0.25	0.0	0.0	0.0645737042803	-0.196684472423	-1.99891545614	0.180674843705	-0.310737591868	-2.92963423508	56
5	0.25	0.25	0.0	-0.434393431143	-0.270298235438	-2.12427133904	-0.299743025473	-0.43752927129	-2.94526255413	57
5	0.25	0.5	0.0	-0.975411059454	-0.31654112458	-2.29335822744	-0.862904131351	-0.49185698941	-2.98429968453	58
5	0.25	0.75	0.0	-1.51944946586	-0.340128875532	-2.43825739488	-1.45631419452	-0.474136457138	-3.01928142398	59
5	0.25	1.0	0.0	-2.02747893558	-0.345777223978	-2.49105011492	-2.02747893558	-0.384783385386	-3.02274357022	60
5	0.5	0.0	0.0	-0.0130871998136	-0.976512008112	-2.1358915952	0.194960245407	-1.2035182728	-2.98449784342	61
5	0.5	0.25	0.0	-0.493711107608	-1.00498354835	-2.20219118356	-0.273033241543	-1.28550681909	-2.99469911138	62
5	0.5	0.5	0.0	-1.02417575832	-1.00756869427	-2.29540193299	-0.843824128316	-1.31909319945	-3.03719253366	63
5	0.5	0.75	0.0	-1.56136897735	-0.993230129336	-2.36546276875	-1.45950753711	-1.29123650749	-3.06989036642	64
5	0.5	1.0	0.0	-2.06217859011	-0.970930537026	-2.36231261607	-2.06217859011	-1.18889583683	-3.05070486581	65
5	0.75	0.0	0.0	-0.0959386330008	-1.76939025974	-2.17270706467	0.175300693783	-2.08494894173	-2.88208581609	66
5	0.75	0.25	0.0	-0.557704436329	-1.76493990954	-2.17028056845	-0.295301176532	-2.14067962155	-2.87578711775	67
5	0.75	0.5	0.0	-1.07390683259	-1.73018871867	-2.1782923173	-0.863550055315	-2.16264001307	-2.90122450561	68
5	0.75	0.75	0.0	-1.6029620832	-1.68007603129	-2.16603915603	-1.48202034539	-2.13476660578	-2.92165210675	69
5	0.75	1.0	0.0	-2.10328644959	-1.62954119156	-2.10281792944	-2.10328644959	-2.04099588917	-2.90032404828	70
5	1.0	0.0	0.0	-0.145170211	-2.422790475	-2.123062908	0.121441287653	-2.75631857396	-2.65018451065	71
5	1.0	0.25	0.0	-0.590845091933	-2.41210912541	-2.09069274158	-0.374158780386	-2.80848818755	-2.63561914009	72
5	1.0	0.5	0.0	-1.0980212062	-2.3573384783	-2.06534839051	-0.951175558309	-2.82463868283	-2.64980646073	73
5	1.0	0.75	0.0	-1.62788677012	-2.27013520454	-2.02046679119	-1.55765173516	-2.80673048275	-2.67362793598	74
5	1.0	1.0	0.0	-2.14163	-2.162155975	-1.92948488	-2.14163	-2.75672401024	-2.68796502922	75
6	0.0	0.0	0.0	-0.145170211	-2.422790475	-2.123062908	0.121441287653	-2.75631857396	-2.65018451065	76
6	0.0	0.25	0.0	-0.590845091933	-2.41210912541	-2.09069274158	-0.374158780386	-2.80848818755	-2.63561914009	77
6	0.0	0.5	0.0	-1.0980212062	-2.3573384783	-2.06534839051	-0.951175558309	-2.82463868283	-2.64980646073	78
6	0.0	0.75	0.0	-1.62788677012	-2.27013520454	-2.02046679119	-1.55765173516	-2.80673048275	-2.67362793598	79
6	0.0	1.0	0.0	-2.14163	-2.162155975	-1.92948488	-2.14163	-2.75672401024	-2.68796502922	80
6	0.25	0.0	0.0	-0.177517179102	-2.96660731709	-1.90499433116	0.0541582924355	-3.29749728899	-2.22172366772	81
6	0.25	0.25	0.0	-0.623020885129	-2.94407126488	-1.87516334989	-0.472764692556	-3.33903728232	-2.20368348097	82
6	0.25	0.5	0.0	-1.12992947671	-2.85500553155	-1.85109354944	-1.06316860874	-3.33124586544	-2.20654114408	83
6	0.25	0.75	0.0	-1.66342897912	-2.71972900351	-1.80770681801	-1.65562500186	-3.29654479119	-2.2232161901	84
6	0.25	1.0	0.0	-2.18870541762	-2.5585605672	-1.71992504377	-2.18870541762	-3.25735581239	-2.2466281521	85
6	0.5	0.0	0.0	-0.225581935009	-3.55321450369	-1.47985509281	-0.0123339792307	-3.92566351538	-1.54449913686	86
6	0.5	0.25	0.0	-0.68531516945	-3.49518229947	-1.45118225336	-0.565420436182	-3.93711937381	-1.51600192882	87
6	0.5	0.5	0.0	-1.19613749837	-3.34781616328	-1.4178765078	-1.1636707499	-3.88745942684	-1.49192503989	88
6	0.5	0.75	0.0	-1.72931974256	-3.15572050361	-1.36842157215	-1.74720236418	-3.80502775245	-1.47150206135	89
6	0.5	1.0	0.0	-2.25613272283	-2.96349972895	-1.29130116245	-2.25613272283	-3.71816842861	-1.45396658445	90
6	0.75	0.0	0.0	-0.266949483912	-4.0113010022	-0.959885666548	-0.0611325346535	-4.45800181299	-0.777818428151	91
6	0.75	0.25	0.0	-0.741792724897	-3.91900428696	-0.936547623098	-0.632670145066	-4.44111839053	-0.74151997702	92
6	0.75	0.5	0.0	-1.25864340375	-3.72255187987	-0.899179776519	-1.23759521295	-4.35315630352	-0.694068799495	93
6	0.75	0.75	0.0	-1.79277191836	-3.48261126376	-0.851270975794	-1.81886797468	-4.22018296717	-0.640713181747	94
6	0.75	1.0	0.0	-2.31944866662	-3.25984992148	-0.796310069904	-2.31944866662	-4.06826579671	-0.586701409951	95
6	1.0	0.0	0.0	-0.279204831	-4.16955578	-0.457326526	-0.0753343811407	-4.71169674172	-0.0809890517192	96
6	1.0	0.25	0.0	-0.756518331474	-4.06909928516	-0.449057630203	-0.655057953007	-4.68941826099	-0.0491831189665	97
6	1.0	0.5	0.0	-1.27944532542	-3.86599418769	-0.428485866555	-1.2698552291	-4.58821343195	-0.00108307419022	98
6	1.0	0.75	0.0	-1.82099836441	-3.60490284287	-0.404914951129	-1.85710598593	-4.43001403598	0.0469228166696	99
6	1.0	1.0	0.0	-2.35419	-3.330487606	-0.3876486	-2.35419	-4.2367518545	0.078446287673	100
9	0.0	0.0	0.0	-0.279204831	-4.16955578	-0.457326526	-0.0753343811407	-4.71169674172	-0.0809890517192	101
9	0.0	0.25	0.0	-0.756518331474	-4.06909928516	-0.449057630203	-0.655057953007	-4.68941826099	-0.0491831189665	102
9	0.0	0.5	0.0	-1.27944532542	-3.86599418769	-0.428485866555	-1.2698552291	-4.58821343195	-0.00108307419022	103
9	0.0	0.75	0.0	-1.82099836441	-3.60490284287	-0.404914951129	-1.85710598593	-4.43001403598	0.0469228166696	104
9	0.0	1.0	0.0	-2.35419	-3.330487606	-0.3876486	-2.35419	-4.2367518545	0.078446287673	105
9	0.25	0.0	0.0	-0.27048932749	-3.92476607327	0.0861038661287	-0.0546452294518	-4.58427640273	0.704167608704	106
9	0.25	0.25	0.0	-0.743065332637	-3.8323901052	0.0634440423535	-0.642334771299	-4.56475041153	0.723121218129	107
9	0.25	0.5	0.0	-1.26581046908	-3.64341219605	0.0357314644823	-1.26790173287	-4.46260242103	0.745718674728	108
9	0.25	0.75	0.0	-1.81133706357	-3.38476153314	0.000441177640678	-1.86124349609	-4.30186463146	0.749248369972	109
9	0.25	1.0	0.0	-2.3522574429	-3.08336730381	-0.0449517730457	-2.3522574429	-4.10656924303	0.710998695333	110
9	0.5	0.0	0.0	-0.262872713127	-3.40268266183	0.638983652527	-0.0266903641869	-4.16881535272	1.60403760145	111
9	0.5	0.25	0.0	-0.73608957123	-3.31276893447	0.583520111533	-0.624874807806	-4.14040486879	1.61627697555	112
9	0.5	0.5	0.0	-1.25156523322	-3.12365074449	0.504193649231	-1.25529357719	-4.0325521006	1.61675042661	113
9	0.5	0.75	0.0	-1.7895067416	-2.87521201498	0.403731205664	-1.84726843376	-3.87683476575	1.581616728	114
9	0.5	1.0	0.0	-2.33012113891	-2.60733666902	0.284859720873	-2.33012113891	-3.70483058184	1.48703465308	115
9	0.75	0.0	0.0	-0.25221974345	-2.76240169023	1.07655487116	-0.0141118061382	-3.59010458302	2.4243985498	116
9	0.75	0.25	0.0	-0.726437880458	-2.67851042295	0.997360300589	-0.611732437663	-3.55668988272	2.42634134893	117
9	0.75	0.5	0.0	-1.23502301228	-2.49383012302	0.880336608802	-1.24086789568	-3.45167439014	2.4081123172	118
9	0.75	0.75	0.0	-1.76460389019	-2.26428388038	0.727293064556	-1.82854967377	-3.31437023584	2.34254657956	119
9	0.75	1.0	0.0	-2.30180926547	-2.04579478498	0.540038936605	-2.30180926547	-3.18408955037	2.20247926098	120
9	1.0	0.0	0.0	-0.234395174	-2.163019303	1.27405956	-0.0395515760981	-2.97293508499	2.97102807704	121
9	1.0	0.25	0.0	-0.704957093527	-2.09788922064	1.19115433278	-0.611962036001	-2.95391370325	2.94937153389	122
9	1.0	0.5	0.0	-1.21449720071	-1.94107062164	1.06759626431	-1.23346182195	-2.87358120914	2.91590448221	123
9	1.0	0.75	0.0	-1.74572500104	-1.74000672132	0.893464685935	-1.81845609095	-2.77391683872	2.83055661346	124
9	1.0	1.0	0.0	-2.28135	-1.542140735	0.658838929	-2.28135	-2.69689982805	2.65325761907	125
10	0.0	0.0	0.0	-0.234395174	-2.163019303	1.27405956	-0.0395515760981	-2.97293508499	2.97102807704	126
10	0.0	0.25	0.0	-0.704957093527	-2.09788922064	1.19115433278	-0.611962036001	-2.95391370325	2.94937153389	127
10	0.0	0.5	0.0	-1.21449720071	-1.94107062164	1.06759626431	-1.23346182195	-2.87358120914	2.91590448221	128
10	0.0	0.75	0.0	-1.74572500104	-1.74000672132	0.893464685935	-1.81845609095	-2.77391683872	2.83055661346	129
10	0.0	1.0	0.0	-2.28135	-1.542140735	0.658838929	-2.28135	-2.69689982805	2.65325761907	130
10	0.25	0.0	0.0	-0.234909487596	-1.50279582317	1.27019029792	-0.125836826646	-2.20456594729	3.2040816406	131
10	0.25	0.25	0.0	-0.696154661421	-1.45963231958	1.19812052113	-0.658131760144	-2.20850903409	3.1683213644	132
10	0.25	0.5	0.0	-1.2088389575	-1.33815631183	1.08878607677	-1.24884181533	-2.15526556695	3.13259146883	133
10	0.25	0.75	0.0	-1.74272897379	-1.17464463409	0.931683005014	-1.81348799658	-2.09386533677	3.05511929413	134
10	0.25	1.0	0.0	-2.26759130827	-1.00537412056	0.716307346011	-2.26759130827	-2.07333813444	2.89413218051	135
10	0.5	0.0	0.0	-0.260290453322	-0.72407342012	1.17897898455	-0.222180393748	-1.27793043577	3.20898005244	136
10	0.5	0.25	0.0	-0.715533506777	-0.699075577045	1.11700092151	-0.723444360269	-1.30222537277	3.18254201808	137
10	0.5	0.5	0.0	-1.22640844988	-0.613392080257	1.0179586676	-1.26584186684	-1.28015955629	3.14779965638	138
10	0.5	0.75	0.0	-1.75258032026	-0.504845145562	0.895584390249	-1.79429207732	-1.25696503363	3.09338176799	139
10	0.5	1.0	0.0	-2.25371415556	-0.411256988766	0.763610256881	-2.25371415556	-1.27787385209	3.00791715354	140
10	0.75	0.0	0.0	-0.273326102637	0.0541452897393	0.995924424904	-0.251304517033	-0.356198603309	3.04908330939	141
10	0.75	0.25	0.0	-0.734124489229	0.0693376517615	0.947338145181	-0.730839703377	-0.389027531186	3.04467693261	142
10	0.75	0.5	0.0	-1.24430748714	0.129948469358	0.864128469402	-1.23979398502	-0.391438694967	3.0225986953	143
10	0.75	0.75	0.0	-1.7602194984	0.201669191	0.778088339537	-1.75122863467	-0.39105259048	2.99682415444	144
10	0.75	1.0	0.0	-2.23820492507	0.25019126516	0.72101069756	-2.23820492507	-0.415489713553	2.98132886702	145
10	1.0	0.0	0.0	-0.236804467	0.71285769	0.716525424	-0.135931436133	0.397459497219	2.78775140829	146
10	1.0	0.25	0.0	-0.722958468412	0.731164011633	0.688674803381	-0.603257656466	0.377119678744	2.80736954567	147
10	1.0	0.5	0.0	-1.23963787856	0.788591733306	0.636309914772	-1.12603017836	0.367721499208	2.81805823603	148
10	1.0	0.75	0.0	-1.75058696617	0.877175822326	0.572114350777	-1.67465797011	0.376035331524	2.81692657289	149
10	1.0	1.0	0.0	-2.21955	0.988951246	0.508771704	-2.21955	0.408831548602	2.80108364975	150
13	0.0	0.0	0.0	-0.236804467	0.71285769	0.716525424	-0.135931436133	0.397459497219	2.78775140829	151
13	0.0	0.25	0.0	-0.722958468412	0.731164011633	0.688674803381	-0.603257656466	0.377119678744	2.80736954567	152
13	0.0	0.5	0.0	-1.23963787856	0.788591733306	0.636309914772	-1.12603017836	0.367721499208	2.81805823603	153
13	0.0	0.75	0.0	-1.75058696617	0.877175822326	0.572114350777	-1.67465797011	0.376035331524	2.81692657289	154
13	0.0	1.0	0.0	-2.21955	0.988951246	0.508771704	-2.21955	0.408831548602	2.80108364975	155
13	0.25	0.0	0.0	-0.189073142982	1.02661282461	0.57847347726	-0.0567070566598	0.730816176106	2.55727411304	156
13	0.25	0.25	0.0	-0.703022874434	1.05759090189	0.56377043391	-0.540418609269	0.731310278556	2.57725256058	157
13	0.25	0.5	0.0	-1.22760649397	1.17292521498	0.533603591575	-1.07822324476	0.777534627039	2.59022508139	158
13	0.25	0.75	0.0	-1.73570373642	1.32976085062	0.478585706825	-1.64114160619	0.841454522964	2.58884057032	159
13	0.25	1.0	0.0	-2.2001943366	1.48524289556	0.389329536232	-2.2001943366	0.895035267738	2.56574792222	160
13	0.5	0.0	0.0	-0.124496448056	1.39431077265	0.464985127675	-0.0148930797349	1.1047842584	2.19243081355	161
13	0.5	0.25	0.0	-0.678077933276	1.42524698094	0.467211204782	-0.535893253015	1.11175875865	2.20408328695	162
13	0.5	0.5	0.0	-1.21547609728	1.60701446101	0.473725919091	-1.08297292341	1.2149013051	2.20707833753	163
13	0.5	0.75	0.0	-1.71961945801	1.81723465175	0.455214863284	-1.63564853539	1.31780580973	2.21206069453	164
13	0.5	1.0	0.0	-2.1734365334	1.93352899206	0.382363630044	-2.1734365334	1.3240661845	2.22967508716	165
13	0.75	0.0	0.0	-0.0571003838524	1.74402634162	0.363173777752	-0.00347801344739	1.44749397849	1.77298501531	166
13	0.75	0.25	0.0	-0.647324160168	1.76914395692	0.373289601753	-0.545448305297	1.45306634324	1.7723499803	167
13	0.75	0.5	0.0	-1.19757551635	1.99917559473	0.403513063627	-1.09429605364	1.58353948048	1.76065321554	168
13	0.75	0.75	0.0	-1.69958807619	2.24621896221	0.415931021833	-1.63313914441	1.70418294411	1.76907513762	169
13	0.75	1.0	0.0	-2.1450954635	2.32237176653	0.372630334834	-2.1450954635	1.68026628803	1.82879616315	170
13	1.0	0.0	0.0	-0.000910952	2.003834339	0.26015283	-0.0154503658863	1.68707557075	1.37870022381	171
13	1.0	0.25	0.0	-0.60996207034	2.02429353799	0.256298110582	-0.524850483709	1.68983425654	1.36654089617	172
13	1.0	0.5	0.0	-1.16823357901	2.2577247395	0.269801191489	-1.0662094748	1.78716710025	1.3429849265	173
13	1.0	0.75	0.0	-1.67286353618	2.52333551851	0.274663384151	-1.60857381997	1.89967967839	1.34237209173	174
13	1.0	1.0	0.0	-2.12099	2.64033345	0.244886	-2.12099	1.94797756747	1.39904216879	175
14	0.0	0.0	0.0	-0.000910952	2.003834339	0.26015283	-0.0154503658863	1.68707557075	1.37870022381	176
14	0.0	0.25	0.0	-0.60996207034	2.02429353799	0.256298110582	-0.524850483709	1.68983425654	1.36654089617	177
14	0.0	0.5	0.0	-1.16823357901	2.2577247395	0.269801191489	-1.0662094748	1.78716710025	1.3429849265	178
14	0.0	0.75	0.0	-1.67286353618	2.52333551851	0.274663384151	-1.60857381997	1.89967967839	1.34237209173	179
14	0.0	1.0	0.0	-2.12099	2.64033345	0.244886	-2.12099	1.94797756747	1.39904216879	180
14	0.25	0.0	0.0	0.0271206206704	2.10946059443	0.114620127119	-0.0238612563602	1.78467314485	1.04502112245	181
14	0.25	0.25	0.0	-0.581642375313	2.10646083698	0.0907136682592	-0.499346404461	1.76788528658	1.02045583885	182
14	0.25	0.5	0.0	-1.14417430276	2.31871869572	0.067745928373	-1.03122103769	1.82522703104	0.979013037266	183
14	0.25	0.75	0.0	-1.65302311335	2.57825100632	0.0385738896474	-1.57863465585	1.92135225319	0.950683353192	184
14	0.25	1.0	0.0	-2.10073675875	2.71707460445	-0.00394546573046	-2.10073675875	2.02091482799	0.965457422104	185
14	0.5	0.0	0.0	0.0513187222996	2.17856399233	-0.128388605113	-0.0247348606375	1.86253055904	0.582205897666	186
14	0.5	0.25	0.0	-0.552633916402	2.12065418447	-0.163745725476	-0.486666581088	1.80369988334	0.547156975212	187
14	0.5	0.5	0.0	-1.12286485899	2.29312045146	-0.212707002715	-1.00943206519	1.83010263685	0.494960197435	188
14	0.5	0.75	0.0	-1.6378119023	2.50721740208	-0.268818528238	-1.55264344265	1.89243940897	0.448924666417	189
14	0.5	1.0	0.0	-2.07591284317	2.57419964513	-0.325626393454	-2.07591284317	1.94141078911	0.432359484238	190
14	0.75	0.0	0.0	0.069172204029	2.20258130107	-0.383782534288	-0.022105469737	1.91032974186	0.122067465053	191
14	0.75	0.25	0.0	-0.526247187448	2.08281145523	-0.422867626852	-0.483654474306	1.80057557573	0.0735216226594	192
14	0.75	0.5	0.0	-1.10219004644	2.19804400737	-0.489461618992	-0.996761185007	1.7925974725	0.00527741201425	193
14	0.75	0.75	0.0	-1.6229535827	2.34330403997	-0.561619781008	-1.53022242214	1.81091164509	-0.0537616082039	194
14	0.75	1.0	0.0	-2.052835006	2.3136166355	-0.617397383201	-2.052835006	1.78003430648	-0.0746918793164	195
14	1.0	0.0	0.0	0.078169917	2.172949289	-0.566470828	-0.0200073746774	1.91775262186	-0.203581259783	196
14	1.0	0.25	0.0	-0.505792682294	2.00887052402	-0.602439592098	-0.487153544828	1.76180989269	-0.273572901418	197
14	1.0	0.5	0.0	-1.08003466385	2.05060336412	-0.680421937674	-0.989127024835	1.70351509279	-0.37558431399	198
14	1.0	0.75	0.0	-1.60417183423	2.11958025415	-0.753935780163	-1.51099383609	1.67473946091	-0.44823311028	199
14	1.0	1.0	0.0	-2.03782	2.037233639	-0.776499035	-2.03782	1.60735423577	-0.43013690307	200
17	0.0	0.0	0.0	4.654147594	2.3162388	-0.230615834	4.83663459815	2.72911911555	0.458769870853	201
17	0.0	0.25	0.0	3.93055301404	2.70769469548	-0.263733906644	4.16463230279	3.01519530519	0.449210636782	202
17	0.0	0.5	0.0	3.35183150054	3.25568526664	-0.262000877856	3.46718994179	3.35940182553	0.426020779993	203
17	0.0	0.75	0.0	2.81091583527	3.71784845073	-0.257543332639	2.76977872021	3.62290042874	0.376964971271	204
17	0.0	1.0	0.0	2.2007388	3.851822185	-0.282487856	2.09786984309	3.66685286697	0.289807881399	205
17	0.25	0.0	0.0	4.64567409954	2.29367544868	-0.374645308556	4.84696515601	2.72173825145	0.225646525238	206
17	0.25	0.25	0.0	3.93232874506	2.68876492291	-0.434095208275	4.19342336859	3.02462400228	0.181577347064	207
17	0.25	0.5	0.0	3.34351658744	3.21348677688	-0.474009959415	3.51520524639	3.36463498673	0.123468803784	208
17	0.25	0.75	0.0	2.79214061094	3.65004802836	-0.508595299105	2.83027100427	3.61832675515	0.0505013445761	209
17	0.25	1.0	0.0	2.19110379984	3.7806556951	-0.552056964471	2.1565808571	3.66225485791	-0.0381445813803	210
17	0.5	0.0	0.0	4.61053827419	2.26308405834	-0.565842887851	4.8426798735	2.70482588763	-0.0825264167964	211
17	0.5	0.25	0.0	3.91216784	2.64846178022	-0.641287144543	4.20455267159	3.00782945596	-0.149610000937	212
17	0.5	0.5	0.0	3.29872518054	3.13669812542	-0.711108164478	3.54348339862	3.34538856131	-0.226058806868	213
17	0.5	0.75	0.0	2.73026178839	3.52545120838	-0.776551448959	2.87877342013	3.58118417149	-0.315519560184	214
17	0.5	1.0	0.0	2.16682915612	3.61237914355	-0.838862499286	2.22972410167	3.57889725432	-0.421638986473	215
17	0.75	0.0	0.0	4.56815180575	2.22439471834	-0.74961500397	4.83359639148	2.67522086879	-0.382020256583	216
17	0.75	0.25	0.0	3.88825763118	2.5886908581	-0.836207054802	4.2090569678	2.96508099044	-0.471545596955	217
17	0.75	0.5	0.0	3.25070333081	3.02438425344	-0.933980095905	3.56281741193	3.28810966399	-0.569627053057	218
17	0.75	0.75	0.0	2.66388947487	3.3515802657	-1.02788510679	2.9155367844	3.4962932999	-0.679248423857	219
17	0.75	1.0	0.0	2.13621663359	3.39038425622	-1.10287306696	2.28787414575	3.44161830861	-0.803393508322	220
17	1.0	0.0	0.0	4.537926382	2.177537518	-0.871368089	4.82953235081	2.62976203963	-0.589106295451	221
17	1.0	0.25	0.0	3.8787854509	2.5113577472	-0.969752278406	4.21797301323	2.89664792995	-0.711423630728	222
17	1.0	0.5	0.0	3.2326970892	2.87561010211	-1.10331035656	3.58400029976	3.1792454095	-0.854300935878	223
17	1.0	0.75	0.0	2.63163377765	3.13595747521	-1.22906959718	2.94081191369	3.3484747625	-0.998835927294	224
17	1.0	1.0	0.0	2.107567997	3.158062759	-1.304057274	2.30160555833	3.2752562732	-1.12612632137	225
18	0.0	0.0	0.0	2.2007388	3.851822185	-0.282487856	2.09786984309	3.66685286697	0.289807881399	226
18	0.0	0.25	0.0	1.65105557539	3.60930116941	-0.35324347537	1.53341903472	3.38919048724	0.163178694198	227
18	0.0	0.5	0.0	1.188858787	3.16800578535	-0.44815605082	1.0193485483	2.88457860769	0.0132499155469	228
18	0.0	0.75	0.0	0.701959784358	2.64890037712	-0.53123027186	0.515069404837	2.3338287965	-0.121747165474	229
18	0.0	1.0	0.0	0.078169917	2.172949289	-0.566470828	-0.0200073746774	1.91775262186	-0.203581259783	230
18	0.25	0.0	0.0	2.19110379984	3.7806556951	-0.552056964471	2.1565808571	3.66225485791	-0.0381445813803	231
18	0.25	0.25	0.0	1.64597489235	3.53158568828	-0.617026330467	1.57554871195	3.38423064175	-0.161412976275	232
18	0.25	0.5	0.0	1.17332173115	3.06290449275	-0.692362615753	1.04625880857	2.86860839292	-0.317919809879	233
18	0.25	0.75	0.0	0.681673713236	2.52097046815	-0.747885416859	0.52996845217	2.29930235574	-0.462379828035	234
18	0.25	1.0	0.0	0.0795602355902	2.05214197414	-0.753414330313	-0.0120650520664	1.86022677458	-0.549507776585	235
18	0.5	0.0	0.0	2.16682915612	3.61237914355	-0.838862499286	2.22972410167	3.57889725432	-0.421638986473	236
18	0.5	0.25	0.0	1.65012476218	3.33109549564	-0.903506825829	1.64179660244	3.26218668503	-0.567621817283	237
18	0.5	0.5	0.0	1.16266187101	2.84548788244	-0.963885985934	1.08506086367	2.74604335389	-0.745723393163	238
18	0.5	0.75	0.0	0.655166256017	2.3054102254	-0.997828098963	0.545293089972	2.18739465066	-0.90464682482	239
18	0.5	1.0	0.0	0.0783636906301	1.86071644597	-0.98316128428	0.0082694859469	1.74316796508	-0.993095222957	240
18	0.75	0.0	0.0	2.13621663359	3.39038425622	-1.10287306696	2.28787414575	3.44161830861	-0.803393508322	241
18	0.75	0.25	0.0	1.65072325153	3.07942837528	-1.16189291512	1.69668681208	3.08562522292	-0.974072948314	242
18	0.75	0.5	0.0	1.15596917301	2.57933757524	-1.20797322947	1.12479780849	2.57224006034	-1.17971113566	243
18	0.75	0.75	0.0	0.637350377785	2.04641085784	-1.22406868379	0.571866412693	2.03069781132	-1.35437453551	244
18	0.75	1.0	0.0	0.080262845605	1.63694722483	-1.19313395186	0.0375519023987	1.59023346629	-1.43212961301	245
18	1.0	0.0	0.0	2.107567997	3.158062759	-1.304057274	2.30160555833	3.2752562732	-1.12612632137	246
18	1.0	0.25	0.0	1.63498842704	2.84818211102	-1.34139255199	1.70474344677	2.91711286129	-1.29939148886	247
18	1.0	0.5	0.0	1.15233360361	2.32803519194	-1.36987141446	1.15451273793	2.40255508202	-1.52943333871	248
18	1.0	0.75	0.0	0.643139043625	1.78816357438	-1.36961753694	0.620511514785	1.86180396782	-1.71738933977	249
18	1.0	1.0	0.0	0.090940264	1.419108831	-1.320754595	0.0723378603254	1.42508055111	-1.76439696087	250
19	0.0	0.0	0.0	4.537926382	2.177537518	-0.871368089	4.82953235081	2.62976203963	-0.589106295451	251
19	0.0	0.25	0.0	3.8787854509	2.5113577472	-0.969752278406	4.21797301323	2.89664792995	-0.711423630728	252
19	0.0	0.5	0.0	3.2326970892	2.87561010211	-1.10331035656	3.58400029976	3.1792454095	-0.854300935878	253
19	0.0	0.75	0.0	2.63163377765	3.13595747521	-1.22906959718	2.94081191369	3.3484747625	-0.998835927294	254
19	0.0	1.0	0.0	2.107567997	3.158062759	-1.304057274	2.30160555833	3.2752562732	-1.12612632137	255
19	0.25	0.0	0.0	4.48858144838	2.06207789854	-0.990050994751	4.83769606311	2.5197473964	-0.820622097318	256
19	0.25	0.25	0.0	3.85738144478	2.35830090581	-1.07584298329	4.24045895534	2.76197781259	-0.961856166353	257
19	0.25	0.5	0.0	3.21633196201	2.6599294203	-1.20985270902	3.60050243216	2.99563562945	-1.12894707611	258
19	0.25	0.75	0.0	2.61139827377	2.87058085819	-1.33889863807	2.94511093515	3.12825374402	-1.29137676409	259
19	0.25	1.0	0.0	2.08854565373	2.89387263567	-1.40979923653	2.30156890583	3.06736505337	-1.4186271678	260
19	0.5	0.0	0.0	4.40784096587	1.88147425144	-1.13584935453	4.85120423311	2.35470707644	-1.12088135105	261
19	0.5	0.25	0.0	3.80492450239	2.13482091796	-1.17999876542	4.26911480677	2.57417438927	-1.24997496145	262
19	0.5	0.5	0.0	3.17101056061	2.39873040836	-1.26136169188	3.60563379656	2.76931720712	-1.39743101199	263
19	0.5	0.75	0.0	2.57511218162	2.57944591855	-1.35319771361	2.93629132312	2.87209738886	-1.550695773	264
19	0.5	1.0	0.0	2.08624240651	2.58321064444	-1.4287664103	2.33661750707	2.81447679335	-1.69721551477	265
19	0.75	0.0	0.0	4.32754450368	1.68513217163	-1.27702184905	4.86030021546	2.16930288447	-1.41833880155	266
19	0.75	0.25	0.0	3.75308039306	1.89149099416	-1.27812529709	4.29830599171	2.36433546814	-1.52966779805	267
19	0.75	0.5	0.0	3.13305273172	2.11198919761	-1.29712735963	3.6201909077	2.5168023963	-1.65019290982	268
19	0.75	0.75	0.0	2.55379183045	2.25324023797	-1.34270798122	2.94702363371	2.58069103762	-1.78951096541	269
19	0.75	1.0	0.0	2.10162800003	2.22185757124	-1.42354710642	2.39987284003	2.50998876079	-1.95721879337	270
19	1.0	0.0	0.0	4.279531631	1.522457254	-1.381827159	4.85522736478	1.99819662518	-1.64144919374	271
19	1.0	0.25	0.0	3.73351488614	1.67888434489	-1.36612825061	4.32239793434	2.16355885735	-1.75482245818	272
19	1.0	0.5	0.0	3.13877832207	1.81968191935	-1.35643976676	3.66497028031	2.25460345077	-1.87767293586	273
19	1.0	0.75	0.0	2.57845354946	1.88265139814	-1.37817059828	3.009978423	2.25472003093	-2.02054035273	274
19	1.0	1.0	0.0	2.135672179	1.805594202	-1.456729636	2.48445638272	2.14729822334	-2.1939644347	275
20	0.0	0.0	0.0	2.107567997	3.158062759	-1.304057274	2.30160555833	3.2752562732	-1.12612632137	276
20	0.0	0.25	0.0	1.63498842704	2.84818211102	-1.34139255199	1.70474344677	2.91711286129	-1.29939148886	277
20	0.0	0.5	0.0	1.15233360361	2.32803519194	-1.36987141446	1.15451273793	2.40255508202	-1.52943333871	278
20	0.0	0.75	0.0	0.643139043625	1.78816357438	-1.36961753694	0.620511514785	1.86180396782	-1.71738933977	279
20	0.0	1.0	0.0	0.090940264	1.419108831	-1.320754595	0.0723378603254	1.42508055111	-1.76439696087	280
20	0.25	0.0	0.0	2.08854565373	2.89387263567	-1.40979923653	2.30156890583	3.06736505337	-1.4186271678	281
20	0.25	0.25	0.0	1.62466353811	2.5973093307	-1.43702515933	1.71638243585	2.7311997559	-1.58992917375	282
20	0.25	0.5	0.0	1.15729698743	2.06604886716	-1.45500766854	1.19152791539	2.20681064697	-1.82192890962	283
20	0.25	0.75	0.0	0.658819349304	1.52066743091	-1.4486380012	0.670766249452	1.64828499237	-2.00356848173	284
20	0.25	1.0	0.0	0.101603971338	1.18174120779	-1.40280739431	0.0978583430156	1.2097100579	-2.02378999643	285
20	0.5	0.0	0.0	2.08624240651	2.58321064444	-1.4287664103	2.33661750707	2.81447679335	-1.69721551477	286
20	0.5	0.25	0.0	1.6437155911	2.2781652902	-1.48192623687	1.78777720992	2.48358145089	-1.88976044782	287
20	0.5	0.5	0.0	1.1735704642	1.75698749405	-1.51012430775	1.25121049513	1.94471062135	-2.10625881429	288
20	0.5	0.75	0.0	0.663924132763	1.2297016841	-1.51772272887	0.700381341657	1.3694843933	-2.26556409598	289
20	0.5	1.0	0.0	0.102893703711	0.906332288445	-1.50908360615	0.108753728445	0.929522855336	-2.28652977468	290
20	0.75	0.0	0.0	2.10162800003	2.22185757124	-1.42354710642	2.39987284003	2.50998876079	-1.95721879337	291
20	0.75	0.25	0.0	1.67337319595	1.90967349611	-1.51094123386	1.87999889026	2.17798475438	-2.16823573725	292
20	0.75	0.5	0.0	1.18970592845	1.42491475245	-1.55830995663	1.31104998349	1.63900998366	-2.35799628735	293
20	0.75	0.75	0.0	0.661600215218	0.942394358215	-1.58941699385	0.715677185523	1.06790613181	-2.48794615816	294
20	0.75	1.0	0.0	0.100030073979	0.636925331383	-1.62802606466	0.116531562198	0.639514881975	-2.51953106417	295
20	1.0	0.0	0.0	2.135672179	1.805594202	-1.456729636	2.48445638272	2.14729822334	-2.1939644347	296
20	1.0	0.25	0.0	1.69486496263	1.51075745507	-1.55891559955	1.95411859815	1.81813647446	-2.39470546823	297
20	1.0	0.5	0.0	1.19425527468	1.09389432223	-1.62265323974	1.34853588678	1.31246371242	-2.55271456341	298
20	1.0	0.75	0.0	0.654994417885	0.685873477532	-1.67626607006	0.722974175174	0.786054169097	-2.65528464393	299
20	1.0	1.0	0.0	0.098233695	0.417563595	-1.748077604	0.132699389856	0.394682076378	-2.6897086335	300
25	0.0	0.0	0.0	4.279531631	1.522457254	-1.381827159	4.85522736478	1.99819662518	-1.64144919374	301
25	0.0	0.25	0.0	3.73351488614	1.67888434489	-1.36612825061	4.32239793434	2.16355885735	-1.75482245818	302
25	0.0	0.5	0.0	3.13877832207	1.81968191935	-1.35643976676	3.66497028031	2.25460345077	-1.87767293586	303
25	0.0	0.75	0.0	2.57845354946	1.88265139814	-1.37817059828	3.009978423	2.25472003093	-2.02054035273	304
25	0.0	1.0	0.0	2.135672179	1.805594202	-1.456729636	2.48445638272	2.14729822334	-2.1939644347	305
25	0.25	0.0	0.0	4.23754687739	0.979983434071	-1.60698003948	4.80554605024	1.34241803919	-2.06532883077	306
25	0.25	0.25	0.0	3.74775459894	1.02947681948	-1.61953896357	4.33119030845	1.42182245652	-2.22393127455	307
25	0.25	0.5	0.0	3.20729809368	0.981559595533	-1.62909321877	3.75300376814	1.37461356981	-2.38781112251	308
25	0.25	0.75	0.0	2.67353242529	0.86723632214	-1.6548322844	3.1541923258	1.23889039662	-2.54370484953	309
25	0.25	1.0	0.0	2.20381265744	0.717511559211	-1.71594563981	2.61796187791	1.05275195452	-2.67834893052	310
25	0.5	0.0	0.0	4.23101509429	0.256226931962	-1.78850085844	4.76966915606	0.459831997963	-2.3189576255	311
25	0.5	0.25	0.0	3.75919294561	0.23124662549	-1.84804844715	4.29712917403	0.450353269097	-2.51354015669	312
25	0.5	0.5	0.0	3.22297495616	0.111618462641	-1.9036283788	3.72987014811	0.328650104517	-2.69512902349	313
25	0.5	0.75	0.0	2.68387434483	-0.0516261912587	-1.95891693549	3.14152817744	0.143726189502	-2.84308714178	314
25	0.5	1.0	0.0	2.2034043305	-0.207455970884	-2.01759039932	2.60573936118	-0.0554147906676	-2.93677742742	315
25	0.75	0.0	0.0	4.24333906905	-0.484508366628	-1.88562909843	4.77546522827	-0.425683126264	-2.36774155098	316
25	0.75	0.25	0.0	3.76982119142	-0.567102791865	-1.9883211539	4.28471682846	-0.512021577251	-2.57864345569	317
25	0.75	0.5	0.0	3.21723147249	-0.708319981301	-2.08760270122	3.70147821154	-0.674469459275	-2.76056984702	318
25	0.75	0.75	0.0	2.66092064153	-0.870483789752	-2.17267237739	3.10416096615	-0.871377062018	-2.89486921318	319
25	0.75	1.0	0.0	2.17623942781	-1.01591807204	-2.23272881943	2.57117668092	-1.06109467516	-2.96289004237	320
25	1.0	0.0	0.0	4.257921589	-1.077918576	-1.857604242	4.85080281288	-1.09024896127	-2.17708658028	321
25	1.0	0.25	0.0	3.78163060165	-1.21686798736	-1.97702153635	4.35845556911	-1.22647495485	-2.37423552264	322
25	1.0	0.5	0.0	3.22149020568	-1.39643423827	-2.08857364038	3.77373674977	-1.42592763573	-2.54507680129	323
25	1.0	0.75	0.0	2.65611264887	-1.58588412104	-2.17834643597	3.17426568015	-1.64702382955	-2.67523304745	324
25	1.0	1.0	0.0	2.164110179	-1.754484428	-2.232425805	2.63766168552	-1.84818036192	-2.75032689235	325
26	0.0	0.0	0.0	2.135672179	1.805594202	-1.456729636	2.48445638272	2.14729822334	-2.1939644347	326
26	0.0	0.25	0.0	1.69486496263	1.51075745507	-1.55891559955	1.95411859815	1.81813647446	-2.39470546823	327
26	0.0	0.5	0.0	1.19425527468	1.09389432223	-1.62265323974	1.34853588678	1.31246371242	-2.55271456341	328
26	0.0	0.75	0.0	0.654994417885	0.685873477532	-1.67626607006	0.722974175174	0.786054169097	-2.65528464393	329
26	0.0	1.0	0.0	0.098233695	0.417563595	-1.748077604	0.132699389856	0.394682076378	-2.6897086335	330
26	0.25	0.0	0.0	2.20381265744	0.717511559211	-1.71594563981	2.61796187791	1.05275195452	-2.67834893052	331
26	0.25	0.25	0.0	1.70408450294	0.493811826127	-1.79716055425	2.02522975858	0.748476228719	-2.79509167707	332
26	0.25	0.5	0.0	1.16408586822	0.222114687855	-1.85988712135	1.3714390346	0.351700835074	-2.87497902832	333
26	0.25	0.75	0.0	0.609140889821	-0.0304330226469	-1.92138540176	0.73158797372	-0.0354213854453	-2.9193726568	334
26	0.25	1.0	0.0	0.0645737042803	-0.196684472423	-1.99891545614	0.180674843705	-0.310737591868	-2.92963423508	335
26	0.5	0.0	0.0	2.2034043305	-0.207455970884	-2.01759039932	2.60573936118	-0.0554147906676	-2.93677742742	336
26	0.5	0.25	0.0	1.68455200848	-0.402866672828	-2.06727531345	2.01314004128	-0.33179068703	-2.98675980268	337
26	0.5	0.5	0.0	1.11255933106	-0.642110489712	-2.09121719576	1.36232747897	-0.67676395118	-3.00641615466	338
26	0.5	0.75	0.0	0.531866270783	-0.856291056488	-2.10792097882	0.730526078822	-0.998088505607	-3.00318324701	339
26	0.5	1.0	0.0	-0.0130871998136	-0.976512008112	-2.1358915952	0.194960245407	-1.2035182728	-2.98449784342	340
26	0.75	0.0	0.0	2.17623942781	-1.01591807204	-2.23272881943	2.57117668092	-1.06109467516	-2.96289004237	341
26	0.75	0.25	0.0	1.65447063097	-1.20678860225	-2.25461512337	1.99568061452	-1.312154441	-2.97586696011	342
26	0.75	0.5	0.0	1.05750214452	-1.45168868518	-2.23796369375	1.35440397974	-1.62771833111	-2.95892172052	343
26	0.75	0.75	0.0	0.45185778451	-1.66707150847	-2.20368938828	0.722544698761	-1.91593395989	-2.92375958528	344
26	0.75	1.0	0.0	-0.0959386330008	-1.76939025974	-2.17270706467	0.175300693783	-2.08494894173	-2.88208581609	345
26	1.0	0.0	0.0	2.164110179	-1.754484428	-2.232425805	2.63766168552	-1.84818036192	-2.75032689235	346
26	1.0	0.25	0.0	1.6320435221	-1.94546452258	-2.24453523027	2.05068264658	-2.08210520139	-2.76857026439	347
26	1.0	0.5	0.0	1.0167407899	-2.15952737327	-2.22144684612	1.38087129674	-2.35594998947	-2.74439150396	348
26	1.0	0.75	0.0	0.397802654742	-2.33814526307	-2.17650721716	0.710400041815	-2.60294451679	-2.69814484231	349
26	1.0	1.0	0.0	-0.145170211	-2.422790475	-2.123062908	0.121441287653	-2.75631857396	-2.65018451065	350
27	0.0	0.0	0.0	4.257921589	-1.077918576	-1.857604242	4.85080281288	-1.09024896127	-2.17708658028	351
27	0.0	0.25	0.0	3.78163060165	-1.21686798736	-1.97702153635	4.35845556911	-1.22647495485	-2.37423552264	352
27	0.0	0.5	0.0	3.22149020568	-1.39643423827	-2.08857364038	3.77373674977	-1.42592763573	-2.54507680129	353
27	0.0	0.75	0.0	2.65611264887	-1.58588412104	-2.17834643597	3.17426568015	-1.64702382955	-2.67523304745	354
27	0.0	1.0	0.0	2.164110179	-1.754484428	-2.232425805	2.63766168552	-1.84818036192	-2.75032689235	355
27	0.25	0.0	0.0	4.31985638776	-1.5006991461	-1.68639429321	4.92012542224	-1.53156121981	-1.75195272774	356
27	0.25	0.25	0.0	3.83593141654	-1.68815647959	-1.78983783893	4.43147492065	-1.70301270054	-1.9227913507	357
27	0.25	0.5	0.0	3.26996218936	-1.90893137068	-1.87587069558	3.85368992636	-1.94235712335	-2.07080034715	358
27	0.25	0.75	0.0	2.6928573416	-2.13229991297	-1.93990552883	3.25667020036	-2.20061000964	-2.19164802465	359
27	0.25	1.0	0.0	2.17552550863	-2.32753820008	-1.97735500435	2.7103155036	-2.42878688076	-2.28100269077	360
27	0.5	0.0	0.0	4.44097363437	-1.97590116609	-1.37594973395	4.95609386323	-2.02897258128	-1.07995839859	361
27	0.5	0.25	0.0	3.93812401995	-2.21461165111	-1.44279684515	4.45883411536	-2.25222090538	-1.21540236622	362
27	0.5	0.5	0.0	3.35245793026	-2.46643035802	-1.48050650896	3.87906448952	-2.54393666272	-1.3193457396	363
27	0.5	0.75	0.0	2.74758340166	-2.70663215647	-1.49967021444	3.27867239459	-2.8477293457	-1.40771401083	364
27	0.5	1.0	0.0	2.18710847052	-2.91049191608	-1.51087945064	2.71954523947	-3.10720844669	-1.496432672	365
27	0.75	0.0	0.0	4.54713162605	-2.35935243278	-0.996774401216	4.96918295898	-2.42080354568	-0.342388236979	366
27	0.75	0.25	0.0	4.02606893632	-2.6392998465	-1.01612972866	4.46165008699	-2.69459004993	-0.430972999354	367
27	0.75	0.5	0.0	3.41770921829	-2.90956822815	-0.999443837063	3.87583308155	-3.03463246951	-0.48329261746	368
27	0.75	0.75	0.0	2.78354449498	-3.15439214536	-0.970670791451	3.26816088639	-3.38099655788	-0.531471917427	369
27	0.75	1.0	0.0	2.18506678941	-3.35800616579	-0.953764656857	2.69506244527	-3.67374806848	-0.607635725388	370
27	1.0	0.0	0.0	4.56418866	-2.506880743	-0.619372132	4.96986753264	-2.54537461301	0.279473112921	371
27	1.0	0.25	0.0	4.03762669005	-2.80528741036	-0.590067663119	4.46103976926	-2.85061061474	0.25159231976	372
27	1.0	0.5	0.0	3.41444784333	-3.07898200888	-0.529645436423	3.86996834477	-3.21841075941	0.244779380458	373
27	1.0	0.75	0.0	2.76399428745	-3.32109117347	-0.465937558516	3.25302429934	-3.59302636634	0.229037344085	374
27	1.0	1.0	0.0	2.15560819	-3.524741539	-0.426776136	2.66657867314	-3.91870875489	0.174369259713	375
28	0.0	0.0	0.0	2.164110179	-1.754484428	-2.232425805	2.63766168552	-1.84818036192	-2.75032689235	376
28	0.0	0.25	0.0	1.6320435221	-1.94546452258	-2.24453523027	2.05068264658	-2.08210520139	-2.76857026439	377
28	0.0	0.5	0.0	1.0167407899	-2.15952737327	-2.22144684612	1.38087129674	-2.35594998947	-2.74439150396	378
28	0.0	0.75	0.0	0.397802654742	-2.33814526307	-2.17650721716	0.710400041815	-2.60294451679	-2.69814484231	379
28	0.0	1.0	0.0	-0.145170211	-2.422790475	-2.123062908	0.121441287653	-2.75631857396	-2.65018451065	380
28	0.25	0.0	0.0	2.17552550863	-2.32753820008	-1.97735500435	2.7103155036	-2.42878688076	-2.28100269077	381
28	0.25	0.25	0.0	1.62104488791	-2.52562169649	-1.98894011726	2.10305917767	-2.66537947417	-2.3211785175	382
28	0.25	0.5	0.0	0.991323575589	-2.72735326244	-1.97775662453	1.39782991329	-2.92358052931	-2.30741463047	383
28	0.25	0.75	0.0	0.365442557857	-2.88894457647	-1.94828215341	0.684804141277	-3.15156236223	-2.26562501784	384
28	0.25	1.0	0.0	-0.177517179102	-2.96660731709	-1.90499433116	0.0541582924355	-3.29749728899	-2.22172366772	385
28	0.5	0.0	0.0	2.18710847052	-2.91049191608	-1.51087945064	2.71954523947	-3.10720844669	-1.496432672	386
28	0.5	0.25	0.0	1.60711312959	-3.11261756626	-1.5193211221	2.10621014791	-3.34860182556	-1.56410714659	387
28	0.5	0.5	0.0	0.963733017484	-3.3213539644	-1.51899974652	1.3844310804	-3.59701424132	-1.58584219484	388
28	0.5	0.75	0.0	0.328868030517	-3.48533998528	-1.50686213354	0.647239287751	-3.80513752694	-1.57488909788	389
28	0.5	1.0	0.0	-0.225581935009	-3.55321450369	-1.47985509281	-0.0123339792307	-3.92566351538	-1.54449913686	390
28	0.75	0.0	0.0	2.18506678941	-3.35800616579	-0.953764656857	2.69506244527	-3.67374806848	-0.607635725388	391
28	0.75	0.25	0.0	1.58847817421	-3.56252485064	-0.95662500352	2.08217064133	-3.92570204053	-0.695864796581	392
28	0.75	0.5	0.0	0.937710358032	-3.78309535731	-0.964358399466	1.35753549884	-4.17032083786	-0.75846420121	393
28	0.75	0.75	0.0	0.297616689214	-3.95444497732	-0.96832517653	0.612615084589	-4.36271668663	-0.788195043619	394
28	0.75	1.0	0.0	-0.266949483912	-4.0113010022	-0.959885666548	-0.0611325346535	-4.45800181299	-0.777818428151	395
28	1.0	0.0	0.0	2.15560819	-3.524741539	-0.426776136	2.66657867314	-3.91870875489	0.174369259713	396
28	1.0	0.25	0.0	1.56336994884	-3.73141626835	-0.42179852028	2.05297574195	-4.190609904	0.0850398876239	397
28	1.0	0.5	0.0	0.916996839686	-3.95414331933	-0.433014770746	1.3340038694	-4.43757003126	-0.00407065372438	398
28	1.0	0.75	0.0	0.281226150438	-4.1233730404	-0.448749301339	0.595841135143	-4.62334651704	-0.067800816212	399
28	1.0	1.0	0.0	-0.279204831	-4.16955578	-0.457326526	-0.0753343811407	-4.71169674172	-0.0809890517192	400
33	0.0	0.0	0.0	4.56418866	-2.506880743	-0.619372132	4.96986753264	-2.54537461301	0.279473112921	401
33	0.0	0.25	0.0	4.03762669005	-2.80528741036	-0.590067663119	4.46103976926	-2.85061061474	0.25159231976	402
33	0.0	0.5	0.0	3.41444784333	-3.07898200888	-0.529645436423	3.86996834477	-3.21841075941	0.244779380458	403
33	0.0	0.75	0.0	2.76399428745	-3.32109117347	-0.465937558516	3.25302429934	-3.59302636634	0.229037344085	404
33	0.0	1.0	0.0	2.15560819	-3.524741539	-0.426776136	2.66657867314	-3.91870875489	0.174369259713	405
33	0.25	0.0	0.0	4.44557474131	-2.3145934175	-0.22659141929	4.9066559065	-2.34236301366	0.89165244968	406
33	0.25	0.25	0.0	3.93079734403	-2.60119977397	-0.152411611015	4.40296272271	-2.65531744329	0.934656712615	407
33	0.25	0.5	0.0	3.31556319925	-2.87479181043	-0.0606866119646	3.8158277713	-3.03662506862	0.963074322017	408
33	0.25	0.75	0.0	2.67523492739	-3.12168847821	0.0253816775857	3.20255186378	-3.42785081201	0.96954180858	409
33	0.25	1.0	0.0	2.08517514887	-3.32820872864	0.0825913573597	2.62043581166	-3.77055959581	0.946695703001	410
33	0.5	0.0	0.0	4.25988768213	-1.87533712279	0.136672341239	4.76094292198	-1.94871756872	1.52053271739	411
33	0.5	0.25	0.0	3.75990534577	-2.13002963587	0.256749707626	4.25658060039	-2.24905070956	1.63878160307	412
33	0.5	0.5	0.0	3.16846272283	-2.40532072432	0.396233870333	3.68139053465	-2.63396204543	1.72868513927	413
33	0.5	0.75	0.0	2.55567023677	-2.66473169866	0.523999038856	3.08868230925	-3.03067324263	1.78935717001	414
33	0.5	1.0	0.0	1.991638311	-2.87178386938	0.608919422694	2.53176550868	-3.36640596745	1.81991153935	415
33	0.75	0.0	0.0	4.08778056514	-1.33368876919	0.428265691899	4.59183630269	-1.4770135559	2.038571406	416
33	0.75	0.25	0.0	3.59538510393	-1.55291068879	0.590452460399	4.07974062006	-1.74615904948	2.22416448072	417
33	0.75	0.5	0.0	3.02796803973	-1.82218541269	0.777981753563	3.51500102445	-2.11241265653	2.38422146205	418
33	0.75	0.75	0.0	2.4457916863	-2.08611020172	0.94782320409	2.94416899988	-2.49403207895	2.50995010099	419
33	0.75	1.0	0.0	1.90911835737	-2.28928231668	1.05694644468	2.41379603038	-2.8092750186	2.59255814854	420
33	1.0	0.0	0.0	4.009906473	-0.834225267	0.606035175	4.45844377225	-1.0398262529	2.31822600547	421
33	1.0	0.25	0.0	3.50767102719	-1.03097662548	0.801732814899	3.93028999947	-1.26099109896	2.55100283515	422
33	1.0	0.5	0.0	2.94890077557	-1.27700253766	1.02142278082	3.36500363033	-1.57396786863	2.77229292021	423
33	1.0	0.75	0.0	2.38609074667	-1.52171335427	1.21476285208	2.80176529982	-1.91046574174	2.95278727412	424
33	1.0	1.0	0.0	1.871735969	-1.714519426	1.331410808	2.27975564294	-2.2021938981	3.06317691035	425
34	0.0	0.0	0.0	2.15560819	-3.524741539	-0.426776136	2.66657867314	-3.91870875489	0.174369259713	426
34	0.0	0.25	0.0	1.56336994884	-3.73141626835	-0.42179852028	2.05297574195	-4.190609904	0.0850398876239	427
34	0.0	0.5	0.0	0.916996839686	-3.95414331933	-0.433014770746	1.3340038694	-4.43757003126	-0.00407065372438	428
34	0.0	0.75	0.0	0.281226150438	-4.1233730404	-0.448749301339	0.595841135143	-4.62334651704	-0.067800816212	429
34	0.0	1.0	0.0	-0.279204831	-4.16955578	-0.457326526	-0.0753343811407	-4.71169674172	-0.0809890517192	430
34	0.25	0.0	0.0	2.08517514887	-3.32820872864	0.0825913573597	2.62043581166	-3.77055959581	0.946695703001	431
34	0.25	0.25	0.0	1.51798207483	-3.52634980144	0.105760137408	2.02103501249	-4.05194346681	0.884726607117	432
34	0.25	0.5	0.0	0.890839523637	-3.73279691492	0.111759857701	1.32119191135	-4.30332803559	0.800705659195	433
34	0.25	0.75	0.0	0.271948665973	-3.88608927142	0.104053455016	0.602200500086	-4.49175758622	0.729047709602	434
34	0.25	1.0	0.0	-0.27048932749	-3.92476607327	0.0861038661287	-0.0546452294518	-4.58427640273	0.704167608704	435
34	0.5	0.0	0.0	1.991638311	-2.87178386938	0.608919422694	2.53176550868	-3.36640596745	1.81991153935	436
34	0.5	0.25	0.0	1.45655532214	-3.04873949516	0.64890067358	1.96823898037	-3.63470193489	1.7909027914	437
34	0.5	0.5	0.0	0.856595200013	-3.2305809234	0.669513596004	1.3008918614	-3.88652262275	1.7129163804	438
34	0.5	0.75	0.0	0.260528877349	-3.36574852275	0.667345489231	0.609367597861	-4.07888732927	1.6344590644	439
34	0.5	1.0	0.0	-0.262872713127	-3.40268266183	0.638983652527	-0.0266903641869	-4.16881535272	1.60403760145	440
34	0.75	0.0	0.0	1.90911835737	-2.28928231668	1.05694644468	2.41379603038	-2.8092750186	2.59255814854	441
34	0.75	0.25	0.0	1.40424366245	-2.44472921076	1.10345073715	1.88617634152	-3.05817923515	2.59462207268	442
34	0.75	0.5	0.0	0.829035696586	-2.60344092638	1.12475077486	1.25192203865	-3.30713228924	2.53274898219	443
34	0.75	0.75	0.0	0.25353453591	-2.72335318054	1.1170507541	0.591627772514	-3.50236409911	2.4587405752	444
34	0.75	1.0	0.0	-0.25221974345	-2.76240169023	1.07655487116	-0.0141118061382	-3.59010458302	2.4243985498	445
34	1.0	0.0	0.0	1.871735969	-1.714519426	1.331410808	2.27975564294	-2.2021938981	3.06317691035	446
34	1.0	0.25	0.0	1.38620106745	-1.86046280946	1.36523797705	1.76643579187	-2.44166929449	3.08693808315	447
34	1.0	0.5	0.0	0.822932841127	-2.00732250544	1.36197572497	1.15310076217	-2.6851355316	3.06039093688	448
34	1.0	0.75	0.0	0.257533392996	-2.11990563095	1.32909320241	0.523266368092	-2.87981624867	3.01219956901	449
34	1.0	1.0	0.0	-0.234395174	-2.163019303	1.27405956	-0.0395515760981	-2.97293508499	2.97102807704	450
35	0.0	0.0	0.0	4.009906473	-0.834225267	0.606035175	4.45844377225	-1.0398262529	2.31822600547	451
35	0.0	0.25	0.0	3.50767102719	-1.03097662548	0.801732814899	3.93028999947	-1.26099109896	2.55100283515	452
35	0.0	0.5	0.0	2.94890077557	-1.27700253766	1.02142278082	3.36500363033	-1.57396786863	2.77229292021	453
35	0.0	0.75	0.0	2.38609074667	-1.52171335427	1.21476285208	2.80176529982	-1.91046574174	2.95278727412	454
35	0.0	1.0	0.0	1.871735969	-1.714519426	1.331410808	2.27975564294	-2.2021938981	3.06317691035	455
35	0.25	0.0	0.0	4.03457911792	-0.250837803715	0.725949451603	4.38775375056	-0.48783621671	2.41287503653	456
35	0.25	0.25	0.0	3.5163199801	-0.419017123693	0.9047514312	3.84785112845	-0.652580309159	2.65542477297	457
35	0.25	0.5	0.0	2.94614417067	-0.649982314562	1.09255085964	3.25806574943	-0.904522301768	2.8960906986	458
35	0.25	0.75	0.0	2.37961232603	-0.888307196041	1.252379996	2.67062037981	-1.18785616183	3.0940560299	459
35	0.25	1.0	0.0	1.87228508253	-1.07856558785	1.34727109934	2.13773778591	-1.44677585665	3.20850398331	460
35	0.5	0.0	0.0	4.09779362828	0.445279258762	0.82154376944	4.36468616179	0.225506127723	2.42405930236	461
35	0.5	0.25	0.0	3.57442263065	0.326807003141	0.919281516656	3.83023478212	0.100895825882	2.63398307172	462
35	0.5	0.5	0.0	2.98729475598	0.0843679634749	1.005776676	3.21162169223	-0.134104359036	2.83614867982	463
35	0.5	0.75	0.0	2.40307457329	-0.186489970121	1.07728051262	2.59141600658	-0.402194330425	3.0038904644	464
35	0.5	1.0	0.0	1.8884266516	-0.390218907532	1.13004429164	2.05218683964	-0.626073991684	3.11054276323	465
35	0.75	0.0	0.0	4.17031012501	1.12076067811	0.856036420557	4.35023329476	0.973182495968	2.33957232755	466
35	0.75	0.25	0.0	3.64252812766	1.06845299388	0.860438996945	3.82669499596	0.882690541249	2.4999687309	467
35	0.75	0.5	0.0	3.04321118307	0.852016201226	0.840933666415	3.2034319678	0.658238977707	2.64790239712	468
35	0.75	0.75	0.0	2.44730082185	0.58529127394	0.823435398973	2.57778391506	0.399214232077	2.77203017541	469
35	0.75	1.0	0.0	1.92973857462	0.382119185801	0.833859164622	2.04709054248	0.205002731093	2.86100891496	470
35	1.0	0.0	0.0	4.222888729	1.642241212	0.792645697	4.30538743829	1.62817460359	2.14720763672	471
35	1.0	0.25	0.0	3.68118561992	1.66787808736	0.743339797745	3.78648580542	1.57605707202	2.26667274999	472
35	1.0	0.5	0.0	3.08475210352	1.57893030347	0.677855267389	3.2112570852	1.3934607266	2.38678738377	473
35	1.0	0.75	0.0	2.5031144051	1.42858948659	0.624815652089	2.64335584014	1.16906400527	2.48821476068	474
35	1.0	1.0	0.0	2.00579875	1.270047263	0.612844498	2.14643663275	0.991545345986	2.55161810331	475
36	0.0	0.0	0.0	1.871735969	-1.714519426	1.331410808	2.27975564294	-2.2021938981	3.06317691035	476
36	0.0	0.25	0.0	1.38620106745	-1.86046280946	1.36523797705	1.76643579187	-2.44166929449	3.08693808315	477
36	0.0	0.5	0.0	0.822932841127	-2.00732250544	1.36197572497	1.15310076217	-2.6851355316	3.06039093688	478
36	0.0	0.75	0.0	0.257533392996	-2.11990563095	1.32909320241	0.523266368092	-2.87981624867	3.01219956901	479
36	0.0	1.0	0.0	-0.234395174	-2.163019303	1.27405956	-0.0395515760981	-2.97293508499	2.97102807704	480
36	0.25	0.0	0.0	1.87228508253	-1.07856558785	1.34727109934	2.13773778591	-1.44677585665	3.20850398331	481
36	0.25	0.25	0.0	1.38653555657	-1.21862099371	1.37120331172	1.62282526421	-1.67128316847	3.24740126544	482
36	0.25	0.5	0.0	0.820287915677	-1.35331953636	1.35916721168	1.02015009951	-1.90343557028	3.25717080974	483
36	0.25	0.75	0.0	0.253240215681	-1.45669866359	1.32191285512	0.410375124879	-2.09670563794	3.24150135514	484
36	0.25	1.0	0.0	-0.234909487596	-1.50279582317	1.27019029792	-0.125836826646	-2.20456594729	3.2040816406	485
36	0.5	0.0	0.0	1.8884266516	-0.390218907532	1.13004429164	2.05218683964	-0.626073991684	3.11054276323	486
36	0.5	0.25	0.0	1.38833134804	-0.512356143627	1.16744008512	1.53654729762	-0.806977206127	3.16706412989	487
36	0.5	0.5	0.0	0.813637532643	-0.612661049141	1.19387410021	0.935959529358	-0.999838902809	3.20378303474	488
36	0.5	0.75	0.0	0.239159000499	-0.685208511998	1.20062688424	0.324893607892	-1.16878225495	3.21849112615	489
36	0.5	1.0	0.0	-0.260290453322	-0.72407342012	1.17897898455	-0.222180393748	-1.27793043577	3.20898005244	490
36	0.75	0.0	0.0	1.92973857462	0.382119185801	0.833859164622	2.04709054248	0.205002731093	2.86100891496	491
36	0.75	0.25	0.0	1.41918582525	0.260158300161	0.881735238972	1.53113773213	0.0585026629289	2.9262499513	492
36	0.75	0.5	0.0	0.837967065805	0.162460240458	0.942250055069	0.92909026039	-0.106458325643	2.98253251797	493
36	0.75	0.75	0.0	0.251867891449	0.0925981794117	0.989085741013	0.311444164821	-0.255989119448	3.02507188174	494
36	0.75	1.0	0.0	-0.273326102637	0.0541452897393	0.995924424904	-0.251304517033	-0.356198603309	3.04908330939	495
36	1.0	0.0	0.0	2.00579875	1.270047263	0.612844498	2.14643663275	0.991545345986	2.55161810331	496
36	1.0	0.25	0.0	1.50669637163	1.10074889702	0.641875715033	1.63013240775	0.832410509107	2.60528200448	497
36	1.0	0.5	0.0	0.928261888939	0.919851616664	0.6804487408	1.0281035013	0.644593364765	2.67572416547	498
36	1.0	0.75	0.0	0.32794503253	0.774754766222	0.711139876667	0.414649143355	0.481730748841	2.74314662162	499
36	1.0	1.0	0.0	-0.236804467	0.71285769	0.716525424	-0.135931436133	0.397459497219	2.78775140829	500
41	0.0	0.0	0.0	4.222888729	1.642241212	0.792645697	4.30538743829	1.62817460359	2.14720763672	501
41	0.0	0.25	0.0	3.68118561992	1.66787808736	0.743339797745	3.78648580542	1.57605707202	2.26667274999	502
41	0.0	0.5	0.0	3.08475210352	1.57893030347	0.677855267389	3.2112570852	1.3934607266	2.38678738377	503
41	0.0	0.75	0.0	2.5031144051	1.42858948659	0.624815652089	2.64335584014	1.16906400527	2.48821476068	504
41	0.0	1.0	0.0	2.00579875	1.270047263	0.612844498	2.14643663275	0.991545345986	2.55161810331	505
41	0.25	0.0	0.0	4.24010364084	1.80525051925	0.734732034429	4.30521529789	1.83990239605	2.03072885115	506
41	0.25	0.25	0.0	3.67879571503	1.90286077156	0.694637701976	3.77455262772	1.84923980707	2.13744678847	507
41	0.25	0.5	0.0	3.0862537227	1.96385778241	0.668166563305	3.20579078492	1.78148753183	2.24567037202	508
41	0.25	0.75	0.0	2.52278528686	1.95680862012	0.650859830208	2.65168283482	1.65868399556	2.33132977545	509
41	0.25	1.0	0.0	2.04869803055	1.850280353	0.638258714476	2.16498184271	1.50286762348	2.37035517243	510
41	0.5	0.0	0.0	4.26752111966	2.01153723596	0.648838216592	4.33588809252	2.0932154883	1.86091526206	511
41	0.5	0.25	0.0	3.66945588546	2.17176702627	0.641225345378	3.76891581413	2.16986817226	1.96315075888	512
41	0.5	0.5	0.0	3.0735844278	2.34439813592	0.707467602213	3.15696271346	2.21528487833	2.07549706516	513
41	0.5	0.75	0.0	2.52396787886	2.43848190876	0.777573127986	2.56785719661	2.1855317489	2.16259853107	514
41	0.5	1.0	0.0	2.06466737081	2.36306968863	0.781550063585	2.06942766965	2.03667492635	2.18909950681	515
41	0.75	0.0	0.0	4.2988283764	2.20250633544	0.552890053959	4.37744595767	2.33276612029	1.67842706479	516
41	0.75	0.25	0.0	3.66851375568	2.4184698111	0.575754469958	3.77113169051	2.47209389531	1.77006349927	517
41	0.75	0.5	0.0	3.07506043516	2.68300032683	0.716825505077	3.10477914345	2.61776035655	1.86990354997	518
41	0.75	0.75	0.0	2.53670264208	2.86110006068	0.859618591998	2.46587067205	2.67195320561	1.94288486419	519
41	0.75	1.0	0.0	2.07167460367	2.81777119069	0.887649163401	1.94188863189	2.53686014409	1.95394508924	520
41	1.0	0.0	0.0	4.327712622	2.319562791	0.464813357	4.4099290288	2.50320653202	1.52392445469	521
41	1.0	0.25	0.0	3.69131695017	2.58684208569	0.490876817719	3.78275658269	2.69006870391	1.58446384769	522
41	1.0	0.5	0.0	3.1189979611	2.94211331799	0.617307392859	3.08924634751	2.91182155692	1.62252591323	523
41	1.0	0.75	0.0	2.59103003747	3.21215378405	0.75165926882	2.41971500772	3.04029430602	1.63305261145	524
41	1.0	1.0	0.0	2.087687562	3.22374078	0.801486632	1.86447924779	2.94731616621	1.61098590252	525
42	0.0	0.0	0.0	2.00579875	1.270047263	0.612844498	2.14643663275	0.991545345986	2.55161810331	526
42	0.0	0.25	0.0	1.50669637163	1.10074889702	0.641875715033	1.63013240775	0.832410509107	2.60528200448	527
42	0.0	0.5	0.0	0.928261888939	0.919851616664	0.6804487408	1.0281035013	0.644593364765	2.67572416547	528
42	0.0	0.75	0.0	0.32794503253	0.774754766222	0.711139876667	0.414649143355	0.481730748841	2.74314662162	529
42	0.0	1.0	0.0	-0.236804467	0.71285769	0.716525424	-0.135931436133	0.397459497219	2.78775140829	530
42	0.25	0.0	0.0	2.04869803055	1.850280353	0.638258714476	2.16498184271	1.50286762348	2.37035517243	531
42	0.25	0.25	0.0	1.57201489208	1.63165247141	0.62458424155	1.66458443028	1.29483749123	2.39951925899	532
42	0.25	0.5	0.0	1.00708177637	1.3678697321	0.608373335846	1.08795073466	1.05095686708	2.45576220985	533
42	0.25	0.75	0.0	0.403513994374	1.13937542115	0.592158810153	0.494410368231	0.840018759279	2.51603137715	534
42	0.25	1.0	0.0	-0.189073142982	1.02661282461	0.57847347726	-0.0567070566598	0.730816176106	2.55727411304	535
42	0.5	0.0	0.0	2.06466737081	2.36306968863	0.781550063585	2.06942766965	2.03667492635	2.18909950681	536
42	0.5	0.25	0.0	1.61319288991	2.12141335031	0.704708211888	1.60502989032	1.78009037241	2.17674919888	537
42	0.5	0.5	0.0	1.08156155632	1.82986154525	0.602583447724	1.0919003389	1.49912439418	2.17197387916	538
42	0.5	0.75	0.0	0.494192175248	1.56272408289	0.510800757514	0.5464542655	1.25396101505	2.17659419995	539
42	0.5	1.0	0.0	-0.124496448056	1.39431077265	0.464985127675	-0.0148930797349	1.1047842584	2.19243081355	540
42	0.75	0.0	0.0	2.07167460367	2.81777119069	0.887649163401	1.94188863189	2.53686014409	1.95394508924	541
42	0.75	0.25	0.0	1.62774968966	2.56688744283	0.770006282216	1.50249823109	2.24005811728	1.90471098528	542
42	0.75	0.5	0.0	1.13372768979	2.25868037002	0.5983500169	1.0464871056	1.91722480241	1.83914744342	543
42	0.75	0.75	0.0	0.576485399969	1.96158249528	0.440224478423	0.55183508192	1.63186761698	1.78574270599	544
42	0.75	1.0	0.0	-0.0571003838524	1.74402634162	0.363173777752	-0.00347801344739	1.44749397849	1.77298501531	545
42	1.0	0.0	0.0	2.087687562	3.22374078	0.801486632	1.86447924779	2.94731616621	1.61098590252	546
42	1.0	0.25	0.0	1.61320461585	2.9649306581	0.708237108706	1.40801889577	2.6266296905	1.55114377931	547
42	1.0	0.5	0.0	1.14560663781	2.60717952034	0.530943983839	0.958245826356	2.23338694812	1.47207117266	548
42	1.0	0.75	0.0	0.626899493354	2.25273240216	0.353588732552	0.491607064245	1.88204866592	1.40438451126	549
42	1.0	1.0	0.0	-0.000910952	2.003834339	0.26015283	-0.0154503658863	1.68707557075	1.37870022381	550
43	0.0	0.0	0.0	4.327712622	2.319562791	0.464813357	4.4099290288	2.50320653202	1.52392445469	551
43	0.0	0.25	0.0	3.69131695017	2.58684208569	0.490876817719	3.78275658269	2.69006870391	1.58446384769	552
43	0.0	0.5	0.0	3.1189979611	2.94211331799	0.617307392859	3.08924634751	2.91182155692	1.62252591323	553
43	0.0	0.75	0.0	2.59103003747	3.21215378405	0.75165926882	2.41971500772	3.04029430602	1.63305261145	554
43	0.0	1.0	0.0	2.087687562	3.22374078	0.801486632	1.86447924779	2.94731616621	1.61098590252	555
43	0.25	0.0	0.0	4.39090109522	2.35780795752	0.333656406173	4.48424379995	2.60661135691	1.32130902496	556
43	0.25	0.25	0.0	3.74240494427	2.65961323782	0.356941983287	3.84245583023	2.81482757767	1.36603553966	557
43	0.25	0.5	0.0	3.17977229766	3.0788463693	0.447478711396	3.14301455749	3.07089920289	1.3762567785	558
43	0.25	0.75	0.0	2.65370906539	3.41400904929	0.546297713885	2.46408741045	3.23763643008	1.35552984265	559
43	0.25	1.0	0.0	2.11492115744	3.46360297513	0.594430114141	1.88384181785	3.17784945676	1.30741183326	560
43	0.5	0.0	0.0	4.49736662234	2.35956020273	0.136751433096	4.62196591379	2.67812416439	1.02420860191	561
43	0.5	0.25	0.0	3.81601112266	2.6975348692	0.150055492397	3.95839769909	2.90929292497	1.06000871578	562
43	0.5	0.5	0.0	3.24944684568	3.18507698581	0.215213336495	3.25168259161	3.2091820054	1.06545499123	563
43	0.5	0.75	0.0	2.72064202544	3.58660586774	0.284589439331	2.56255172894	3.42335207553	1.03423328681	564
43	0.5	1.0	0.0	2.15256489597	3.66654083017	0.310548274845	1.95173624864	3.39736380521	0.96002946109	565
43	0.75	0.0	0.0	4.60061389229	2.34048274433	-0.0699798757792	4.76034597748	2.71865630156	0.710677459301	566
43	0.75	0.25	0.0	3.88707923077	2.71032326128	-0.0750730169231	4.08198793977	2.97542781205	0.732396155128	567
43	0.75	0.5	0.0	3.31210533626	3.24821875558	-0.0358320779027	3.37361840226	3.31067965082	0.734062381644	568
43	0.75	0.75	0.0	2.77774044095	3.69840031101	0.00411542915612	2.67711361494	3.56319036691	0.698324483253	569
43	0.75	1.0	0.0	2.18603277702	3.80509901138	0.00114199212714	2.03434982782	3.57173850936	0.607830804355	570
43	1.0	0.0	0.0	4.654147594	2.3162388	-0.230615834	4.83663459815	2.72911911555	0.458769870853	571
43	1.0	0.25	0.0	3.93055301404	2.70769469548	-0.263733906644	4.16463230279	3.01519530519	0.449210636782	572
43	1.0	0.5	0.0	3.35183150054	3.25568526664	-0.262000877856	3.46718994179	3.35940182553	0.426020779993	573
43	1.0	0.75	0.0	2.81091583527	3.71784845073	-0.257543332639	2.76977872021	3.62290042874	0.376964971271	574
43	1.0	1.0	0.0	2.2007388	3.851822185	-0.282487856	2.09786984309	3.66685286697	0.289807881399	575
44	0.0	0.0	0.0	2.087687562	3.22374078	0.801486632	1.86447924779	2.94731616621	1.61098590252	576
44	0.0	0.25	0.0	1.61320461585	2.9649306581	0.708237108706	1.40801889577	2.6266296905	1.55114377931	577
44	0.0	0.5	0.0	1.14560663781	2.60717952034	0.530943983839	0.958245826356	2.23338694812	1.47207117266	578
44	0.0	0.75	0.0	0.626899493354	2.25273240216	0.353588732552	0.491607064245	1.88204866592	1.40438451126	579
44	0.0	1.0	0.0	-0.000910952	2.003834339	0.26015283	-0.0154503658863	1.68707557075	1.37870022381	580
44	0.25	0.0	0.0	2.11492115744	3.46360297513	0.594430114141	1.88384181785	3.17784945676	1.30741183326	581
44	0.25	0.25	0.0	1.61069768161	3.19930942153	0.52727929877	1.39780518169	2.85307321184	1.23478622814	582
44	0.25	0.5	0.0	1.1501331796	2.80412689633	0.371594623408	0.926536970499	2.41205677568	1.1506440438	583
44	0.25	0.75	0.0	0.650012532323	2.40014681536	0.207375196656	0.456995414428	2.00564260208	1.07928807648	584
44	0.25	1.0	0.0	0.0271206206704	2.10946059443	0.114620127119	-0.0238612563602	1.78467314485	1.04502112245	585
44	0.5	0.0	0.0	2.15256489597	3.66654083017	0.310548274845	1.95173624864	3.39736380521	0.96002946109	586
44	0.5	0.25	0.0	1.62916955054	3.40219064548	0.242418309887	1.43844273694	3.07794442674	0.853507916518	587
44	0.5	0.5	0.0	1.17087537068	2.99063830102	0.101868774783	0.947415296448	2.60840803114	0.736702653757	588
44	0.5	0.75	0.0	0.678114410051	2.54504301167	-0.04407523028	0.464430554732	2.14964121104	0.637104903806	589
44	0.5	1.0	0.0	0.0513187222996	2.17856399233	-0.128388605113	-0.0247348606375	1.86253055904	0.582205897666	590
44	0.75	0.0	0.0	2.18603277702	3.80509901138	0.00114199212714	2.03434982782	3.57173850936	0.607830804355	591
44	0.75	0.25	0.0	1.64912169201	3.54753450357	-0.0749034256059	1.49521840634	3.2677984727	0.474056265014	592
44	0.75	0.5	0.0	1.18979623262	3.12562688161	-0.198094477979	0.988984567837	2.78004665999	0.325740208892	593
44	0.75	0.75	0.0	0.699373902181	2.64282589697	-0.317898426903	0.491319534941	2.27278858009	0.197028615676	594
44	0.75	1.0	0.0	0.069172204029	2.20258130107	-0.383782534288	-0.022105469737	1.91032974186	0.122067465053	595
44	1.0	0.0	0.0	2.2007388	3.851822185	-0.282487856	2.09786984309	3.66685286697	0.289807881399	596
44	1.0	0.25	0.0	1.65105557539	3.60930116941	-0.35324347537	1.53341903472	3.38919048724	0.163178694198	597
44	1.0	0.5	0.0	1.188858787	3.16800578535	-0.44815605082	1.0193485483	2.88457860769	0.0132499155469	598
44	1.0	0.75	0.0	0.701959784358	2.64890037712	-0.53123027186	0.515069404837	2.3338287965	-0.121747165474	599
44	1.0	1.0	0.0	0.078169917	2.172949289	-0.566470828	-0.0200073746774	1.91775262186	-0.203581259783	600
49	0.0	0.0	0.0	6.687981302	0.256986	-0.299999993	6.78852589404	0.519612146549	0.169567358102	601
49	0.0	0.25	0.0	6.38530509425	0.906783832561	-0.27733430921	6.46433805862	1.19670364728	0.197331648978	602
49	0.0	0.5	0.0	5.96493185427	1.49984305007	-0.234144464668	6.01494064018	1.8482951506	0.300981305957	603
49	0.0	0.75	0.0	5.39762491115	1.98628694255	-0.206536344541	5.4643630247	2.38792189415	0.411224617197	604
49	0.0	1.0	0.0	4.654147594	2.3162388	-0.230615834	4.83663459815	2.72911911555	0.458769870853	605
49	0.25	0.0	0.0	6.68906413575	0.255874188384	-0.310501955451	6.78984349141	0.519998027299	0.151393358617	606
49	0.25	0.25	0.0	6.38225732558	0.88671770587	-0.37375405525	6.46632205509	1.17414341959	0.0607661024202	607
49	0.25	0.5	0.0	5.9538945084	1.46405147323	-0.36446581716	6.01847750272	1.81327678163	0.110735231972	608
49	0.25	0.75	0.0	5.38226899585	1.94674691325	-0.344231486492	5.47059636085	2.35620582255	0.199596716502	609
49	0.25	1.0	0.0	4.64567409954	2.29367544868	-0.374645308556	4.84696515601	2.72173825145	0.225646525238	610
49	0.5	0.0	0.0	6.69144637	0.252721701013	-0.320990036167	6.79274220563	0.520140463131	0.124026796425	611
49	0.5	0.25	0.0	6.37349629889	0.855539622261	-0.478621610053	6.46896807451	1.13236657406	-0.0799901348739	612
49	0.5	0.5	0.0	5.92476971849	1.41962602661	-0.521487051267	6.02143854105	1.76817876007	-0.108786351124	613
49	0.5	0.75	0.0	5.33915443989	1.90285085749	-0.525317197852	5.47204525685	2.32614315374	-0.0728142969054	614
49	0.5	1.0	0.0	4.61053827419	2.26308405834	-0.565842887851	4.8426798735	2.70482588763	-0.0825264167964	615
49	0.75	0.0	0.0	6.69382860425	0.247802963135	-0.330774922049	6.79564091985	0.518516648458	0.0973634290659	616
49	0.75	0.25	0.0	6.36140260843	0.813243398769	-0.579504944441	6.47010273342	1.07603353743	-0.214080601997	617
49	0.75	0.5	0.0	5.88795054186	1.36499686767	-0.67507925385	6.02176637168	1.71050411542	-0.320488463129	618
49	0.75	0.75	0.0	5.28601830686	1.85230132311	-0.703211417839	5.46985615194	2.28815701501	-0.337816299576	619
49	0.75	1.0	0.0	4.56815180575	2.22439471834	-0.74961500397	4.83359639148	2.67522086879	-0.382020256583	620
49	1.0	0.0	0.0	6.694911438	0.2413924	-0.3391673	6.79695851722	0.513603777688	0.0812990140806	621
49	1.0	0.25	0.0	6.34835684842	0.759822852428	-0.663972029236	6.46755264836	1.00980473644	-0.330648838042	622
49	1.0	0.5	0.0	5.85383003585	1.29859415391	-0.795113511769	6.01740361113	1.6377558772	-0.487276123839	623
49	1.0	0.75	0.0	5.24059766036	1.79280085794	-0.831332085667	5.46517548534	2.23267053369	-0.527217168059	624
49	1.0	1.0	0.0	4.537926382	2.177537518	-0.871368089	4.82953235081	2.62976203963	-0.589106295451	625
50	0.0	0.0	0.0	6.694911438	0.2413924	-0.3391673	6.79695851722	0.513603777688	0.0812990140806	626
50	0.0	0.25	0.0	6.34835684842	0.759822852428	-0.663972029236	6.46755264836	1.00980473644	-0.330648838042	627
50	0.0	0.5	0.0	5.85383003585	1.29859415391	-0.795113511769	6.01740361113	1.6377558772	-0.487276123839	628
50	0.0	0.75	0.0	5.24059766036	1.79280085794	-0.831332085667	5.46517548534	2.23267053369	-0.527217168059	629
50	0.0	1.0	0.0	4.537926382	2.177537518	-0.871368089	4.82953235081	2.62976203963	-0.589106295451	630
50	0.25	0.0	0.0	6.68808824127	0.232671419221	-0.346450978502	6.79959750075	0.501940765572	0.0682357650115	631
50	0.25	0.25	0.0	6.32534211222	0.68222826909	-0.749685371886	6.46414524982	0.920300545054	-0.455918711105	632
50	0.25	0.5	0.0	5.80781720013	1.19275523642	-0.921037526307	6.01191058088	1.51879894889	-0.672939905715	633
50	0.25	0.75	0.0	5.18055111039	1.68059191499	-0.965996410888	5.46304401247	2.11331991877	-0.741587730544	634
50	0.25	1.0	0.0	4.48858144838	2.06207789854	-0.990050994751	4.83769606311	2.5197473964	-0.820622097318	635
50	0.5	0.0	0.0	6.67306936307	0.225301334972	-0.349417725385	6.8053954191	0.488098212382	0.0525539628798	636
50	0.5	0.25	0.0	6.29594356491	0.607515392793	-0.810399223466	6.46507509735	0.836136706291	-0.549269500719	637
50	0.5	0.5	0.0	5.75424718046	1.07528903535	-1.03765431364	6.01064094117	1.38443909442	-0.858223712638	638
50	0.5	0.75	0.0	5.10565478801	1.53211205684	-1.11739901698	5.46503622746	1.95122325755	-1.00514791528	639
50	0.5	1.0	0.0	4.40784096587	1.88147425144	-1.13584935453	4.85120423311	2.35470707644	-1.12088135105	640
50	0.75	0.0	0.0	6.65803087132	0.217311688238	-0.351614184576	6.81117372392	0.473636096707	0.0376424484406	641
50	0.75	0.25	0.0	6.26863159988	0.524607301161	-0.854288615137	6.46583046842	0.739947508394	-0.625692868361	642
50	0.75	0.5	0.0	5.70414403411	0.946610820449	-1.1355416406	6.00640400083	1.23265821035	-1.02869557986	643
50	0.75	0.75	0.0	5.03397829504	1.37091989448	-1.25618285416	5.46164401767	1.76977455242	-1.26252458971	644
50	0.75	1.0	0.0	4.32754450368	1.68513217163	-1.27702184905	4.86030021546	2.16930288447	-1.41833880155	645
50	1.0	0.0	0.0	6.651148834	0.20673202	-0.356587	6.81375386685	0.460114397132	0.0268900624487	646
50	1.0	0.25	0.0	6.25187661053	0.422427071812	-0.889528578059	6.46189964052	0.614367239603	-0.700180475505	647
50	1.0	0.5	0.0	5.66853181838	0.807135861475	-1.20527727398	5.99200906869	1.0614381932	-1.16992354264	648
50	1.0	0.75	0.0	4.98359123329	1.2205740389	-1.35299087266	5.44335927042	1.59236780577	-1.45834462128	649
50	1.0	1.0	0.0	4.279531631	1.522457254	-1.381827159	4.85522736478	1.99819662518	-1.64144919374	650
53	0.0	0.0	0.0	6.651148834	0.20673202	-0.356587	6.81375386685	0.460114397132	0.0268900624487	651
53	0.0	0.25	0.0	6.25187661053	0.422427071812	-0.889528578059	6.46189964052	0.614367239603	-0.700180475505	652
53	0.0	0.5	0.0	5.66853181838	0.807135861475	-1.20527727398	5.99200906869	1.0614381932	-1.16992354264	653
53	0.0	0.75	0.0	4.98359123329	1.2205740389	-1.35299087266	5.44335927042	1.59236780577	-1.45834462128	654
53	0.0	1.0	0.0	4.279531631	1.522457254	-1.381827159	4.85522736478	1.99819662518	-1.64144919374	655
53	0.25	0.0	0.0	6.65301303619	0.186268528864	-0.369058201277	6.81694794108	0.435723623575	0.0100800161701	656
53	0.25	0.25	0.0	6.23779058683	0.216860349226	-0.938146208303	6.45169393764	0.357029678173	-0.797253860698	657
53	0.25	0.5	0.0	5.61836005366	0.449879041765	-1.31233194621	5.94921617001	0.621310414508	-1.38653480481	658
53	0.25	0.75	0.0	4.91238947206	0.749521204155	-1.5243612712	5.37775381521	1.01947135928	-1.79636055017	659
53	0.25	1.0	0.0	4.23754687739	0.979983434071	-1.60698003948	4.80554605024	1.34241803919	-2.06532883077	660
53	0.5	0.0	0.0	6.65725447303	0.164059360011	-0.380514025161	6.82411509641	0.404874433393	-0.0109212667157	661
53	0.5	0.25	0.0	6.24228653516	0.0185220043782	-0.950532958516	6.46248796206	0.115451232534	-0.795389085471	662
53	0.5	0.5	0.0	5.60785652834	0.0499612887987	-1.36613842181	5.94794208096	0.138565991348	-1.45083241459	663
53	0.5	0.75	0.0	4.89156564918	0.161491501813	-1.64092839509	5.3578712225	0.308574362327	-1.96332925946	664
53	0.5	1.0	0.0	4.23101509429	0.256226931962	-1.78850085844	4.76966915606	0.459831997963	-2.3189576255	665
53	0.75	0.0	0.0	6.66148878986	0.141756916152	-0.386400336464	6.83127513173	0.373931968207	-0.0263530370211	666
53	0.75	0.25	0.0	6.256175042	-0.16154027014	-0.927332575851	6.4851363502	-0.0908799003398	-0.71845228061	667
53	0.75	0.5	0.0	5.61990962124	-0.334670594909	-1.36119636174	5.97769085809	-0.311562143091	-1.38408465654	668
53	0.75	0.75	0.0	4.89989635459	-0.426153484842	-1.68246932548	5.38308502694	-0.389401103811	-1.9561983512	669
53	0.75	1.0	0.0	4.24333906905	-0.484508366628	-1.88562909843	4.77546522827	-0.425683126264	-2.36774155098	670
53	1.0	0.0	0.0	6.663331632	0.1210136	-0.382163	6.83444784592	0.349261369633	-0.0264545455584	671
53	1.0	0.25	0.0	6.27026669381	-0.312278781739	-0.869188807455	6.51049373849	-0.242475523472	-0.590309576903	672
53	1.0	0.5	0.0	5.63740771121	-0.646069806843	-1.29200542695	6.02796655798	-0.653841055617	-1.20755981525	673
53	1.0	0.75	0.0	4.91615817825	-0.896052172525	-1.62876114348	5.45276876319	-0.923532957863	-1.77191542744	674
53	1.0	1.0	0.0	4.257921589	-1.077918576	-1.857604242	4.85080281288	-1.09024896127	-2.17708658028	675
54	0.0	0.0	0.0	6.663331632	0.1210136	-0.382163	6.83444784592	0.349261369633	-0.0264545455584	676
54	0.0	0.25	0.0	6.27026669381	-0.312278781739	-0.869188807455	6.51049373849	-0.242475523472	-0.590309576903	677
54	0.0	0.5	0.0	5.63740771121	-0.646069806843	-1.29200542695	6.02796655798	-0.653841055617	-1.20755981525	678
54	0.0	0.75	0.0	4.91615817825	-0.896052172525	-1.62876114348	5.45276876319	-0.923532957863	-1.77191542744	679
54	0.0	1.0	0.0	4.257921589	-1.077918576	-1.857604242	4.85080281288	-1.09024896127	-2.17708658028	680
54	0.25	0.0	0.0	6.66348151797	0.105066839896	-0.367753915301	6.83728592806	0.326147490412	0.000215849764697	681
54	0.25	0.25	0.0	6.29357050845	-0.436754833752	-0.77773830775	6.53444174857	-0.351057205252	-0.417155512074	682
54	0.25	0.5	0.0	5.68301687781	-0.882519592468	-1.15663742057	6.07120488666	-0.890914531531	-0.919287654078	683
54	0.25	0.75	0.0	4.9767892847	-1.2359326315	-1.47075487523	5.511718419	-1.28666802439	-1.39971018854	684
54	0.25	1.0	0.0	4.31985638776	-1.5006991461	-1.68639429321	4.92012542224	-1.53156121981	-1.75195272774	685
54	0.5	0.0	0.0	6.66399668061	0.0943231548007	-0.347488972796	6.84371512229	0.29963614326	0.0474556756409	686
54	0.5	0.25	0.0	6.32980566079	-0.560373441964	-0.65200418892	6.5607343709	-0.457546808076	-0.186672844947	687
54	0.5	0.5	0.0	5.76291005917	-1.13520346704	-0.950464995148	6.10713936559	-1.13840074245	-0.496595094292	688
54	0.5	0.75	0.0	5.0908020067	-1.61282626142	-1.20455298049	5.54992692387	-1.6823884151	-0.816345477227	689
54	0.5	1.0	0.0	4.44097363437	-1.97590116609	-1.37594973395	4.95609386323	-2.02897258128	-1.07995839859	690
54	0.75	0.0	0.0	6.6645474997	0.0881817923048	-0.324470671394	6.85017997295	0.277727118708	0.0974488604153	691
54	0.75	0.25	0.0	6.35934106334	-0.654097209521	-0.507453361023	6.58010989644	-0.529091241554	0.0643030042819	692
54	0.75	0.5	0.0	5.82955739978	-1.33305858769	-0.709500579588	6.12858840424	-1.31736894722	-0.0388465693797	693
54	0.75	0.75	0.0	5.18791481776	-1.91328333214	-0.887108776512	5.5676134429	-1.98273128602	-0.183807702492	694
54	0.75	1.0	0.0	4.54713162605	-2.35935243278	-0.996774401216	4.96918295898	-2.42080354568	-0.342388236979	695
54	1.0	0.0	0.0	6.664804355	0.086042	-0.30180151	6.85312502443	0.268420207286	0.132379332433	696
54	1.0	0.25	0.0	6.36254562864	-0.688888739567	-0.359552734119	6.58330661616	-0.532837415297	0.298936615417	697
54	1.0	0.5	0.0	5.83542904415	-1.40502211157	-0.46975660279	6.12837041207	-1.34888840471	0.354593487174	698
54	1.0	0.75	0.0	5.19784619133	-2.02385411354	-0.575375580566	5.56499714122	-2.0597337932	0.335916726682	699
54	1.0	1.0	0.0	4.56418866	-2.506880743	-0.619372132	4.96986753264	-2.54537461301	0.279473112921	700
57	0.0	0.0	0.0	6.664804355	0.086042	-0.30180151	6.85312502443	0.268420207286	0.132379332433	701
57	0.0	0.25	0.0	6.36254562864	-0.688888739567	-0.359552734119	6.58330661616	-0.532837415297	0.298936615417	702
57	0.0	0.5	0.0	5.83542904415	-1.40502211157	-0.46975660279	6.12837041207	-1.34888840471	0.354593487174	703
57	0.0	0.75	0.0	5.19784619133	-2.02385411354	-0.575375580566	5.56499714122	-2.0597337932	0.335916726682	704
57	0.0	1.0	0.0	4.56418866	-2.506880743	-0.619372132	4.96986753264	-2.54537461301	0.279473112921	705
57	0.25	0.0	0.0	6.66271523629	0.0876045168738	-0.278036315243	6.85026704822	0.280720734132	0.17292018087	706
57	0.25	0.25	0.0	6.32613843863	-0.642949739318	-0.20716652383	6.55718954464	-0.471131714775	0.51896968671	707
57	0.25	0.5	0.0	5.75255974713	-1.30427009945	-0.221111473001	6.07890378937	-1.22273780528	0.719952373384	708
57	0.25	0.75	0.0	5.07977367646	-1.87020263502	-0.250657619305	5.5003968781	-1.87838556303	0.827102031004	709
57	0.25	1.0	0.0	4.44557474131	-2.3145934175	-0.22659141929	4.9066559065	-2.34236301366	0.89165244968	710
57	0.5	0.0	0.0	6.65813418985	0.0934800608147	-0.254022878693	6.84399451528	0.310219900012	0.233840055518	711
57	0.5	0.25	0.0	6.26931538673	-0.534347244307	-0.0663371767337	6.50913052357	-0.380476463912	0.713943920439	712
57	0.5	0.5	0.0	5.62935197005	-1.07612075321	0.0118430334934	5.98535803543	-1.01980697448	1.07003619691	713
57	0.5	0.75	0.0	4.90421803634	-1.525298151	0.0547640926104	5.37014088889	-1.55885841498	1.32970356816	714
57	0.5	1.0	0.0	4.25988768213	-1.87533712279	0.136672341239	4.76094292198	-1.94871756872	1.52053271739	715
57	0.75	0.0	0.0	6.65359068024	0.104379174348	-0.232907930296	6.83775951918	0.344742635485	0.291861442012	716
57	0.75	0.25	0.0	6.21631999293	-0.392194514954	0.0523546506449	6.45871955522	-0.269965309915	0.873180939339	717
57	0.75	0.5	0.0	5.51968889493	-0.782561223831	0.203236276955	5.88579690435	-0.778593306146	1.35825213328	718
57	0.75	0.75	0.0	4.7485561608	-1.0889747195	0.301339205189	5.22737475677	-1.18099237941	1.74680547259	719
57	0.75	1.0	0.0	4.08778056514	-1.33368876919	0.428265691899	4.59183630269	-1.4770135559	2.038571406	720
57	1.0	0.0	0.0	6.651614172	0.1210124	-0.2178382	6.83501415344	0.372113871109	0.323706825989	721
57	1.0	0.25	0.0	6.19139577721	-0.245604811682	0.138328301783	6.42554664185	-0.148691899994	0.986002366143	722
57	1.0	0.5	0.0	5.47745370378	-0.485578662303	0.327197617648	5.81828415022	-0.537594194137	1.53800735801	723
57	1.0	0.75	0.0	4.69016493971	-0.661066398523	0.449517368439	5.12524406491	-0.824627486659	1.98149187874	724
57	1.0	1.0	0.0	4.009906473	-0.834225267	0.606035175	4.45844377225	-1.0398262529	2.31822600547	725
58	0.0	0.0	0.0	6.651614172	0.1210124	-0.2178382	6.83501415344	0.372113871109	0.323706825989	726
58	0.0	0.25	0.0	6.19139577721	-0.245604811682	0.138328301783	6.42554664185	-0.148691899994	0.986002366143	727
58	0.0	0.5	0.0	5.47745370378	-0.485578662303	0.327197617648	5.81828415022	-0.537594194137	1.53800735801	728
58	0.0	0.75	0.0	4.69016493971	-0.661066398523	0.449517368439	5.12524406491	-0.824627486659	1.98149187874	729
58	0.0	1.0	0.0	4.009906473	-0.834225267	0.606035175	4.45844377225	-1.0398262529	2.31822600547	730
58	0.25	0.0	0.0	6.64781616825	0.141993601397	-0.213333997572	6.8288926999	0.394573615017	0.322676779661	731
58	0.25	0.25	0.0	6.19032650602	-0.0946701872578	0.210733544972	6.40360963441	-0.00503242087622	1.07350250724	732
58	0.25	0.5	0.0	5.49692855754	-0.162211599667	0.435708164167	5.77823085558	-0.237013961182	1.64839483064	733
58	0.25	0.75	0.0	4.72566515184	-0.175858262822	0.570982564786	5.06789826158	-0.373804171321	2.08297769277	734
58	0.25	1.0	0.0	4.03457911792	-0.250837803715	0.725949451603	4.38775375056	-0.48783621671	2.41287503653	735
58	0.5	0.0	0.0	6.63927466653	0.164064225705	-0.21912591156	6.81523960864	0.419897032849	0.304709518413	736
58	0.5	0.25	0.0	6.19297744283	0.066527949583	0.277676456335	6.38149158257	0.164837219115	1.14024853725	737
58	0.5	0.5	0.0	5.53009584335	0.186198807778	0.555968836916	5.74710261174	0.140428090801	1.72385780473	738
58	0.5	0.75	0.0	4.7864333959	0.365106133201	0.706881263509	5.03414377765	0.20715570723	2.12773037504	739
58	0.5	1.0	0.0	4.09779362828	0.445279258762	0.82154376944	4.36468616179	0.225506127723	2.42405930236	740
58	0.75	0.0	0.0	6.63072581429	0.186038634661	-0.230667644767	6.80157916687	0.445124235329	0.280992437944	741
58	0.75	0.25	0.0	6.2017917035	0.246486631676	0.318068524928	6.36717829185	0.362216861257	1.15949252831	742
58	0.75	0.5	0.0	5.57360818318	0.544607664939	0.639558995966	5.73063931595	0.556849319335	1.73169822825	743
58	0.75	0.75	0.0	4.85887955611	0.897124693925	0.797612162968	5.01673379748	0.827633800569	2.09319600543	744
58	0.75	1.0	0.0	4.17031012501	1.12076067811	0.856036420557	4.35023329476	0.973182495968	2.33957232755	745
58	1.0	0.0	0.0	6.626905759	0.20673119	-0.2434129	6.79543566178	0.467295333179	0.262712933956	746
58	1.0	0.25	0.0	6.21921240383	0.453702891856	0.310821239809	6.36865556779	0.588406346826	1.10448655259	747
58	1.0	0.5	0.0	5.62411819901	0.897970076722	0.638058001387	5.73458086548	0.974367081938	1.63921804914	748
58	1.0	0.75	0.0	4.92941351668	1.35549532373	0.783573961521	5.00842150544	1.39701176027	1.95682066379	749
58	1.0	1.0	0.0	4.222888729	1.642241212	0.792645697	4.30538743829	1.62817460359	2.14720763672	750
61	0.0	0.0	0.0	6.626905759	0.20673119	-0.2434129	6.79543566178	0.467295333179	0.262712933956	751
61	0.0	0.25	0.0	6.21921240383	0.453702891856	0.310821239809	6.36865556779	0.588406346826	1.10448655259	752
61	0.0	0.5	0.0	5.62411819901	0.897970076722	0.638058001387	5.73458086548	0.974367081938	1.63921804914	753
61	0.0	0.75	0.0	4.92941351668	1.35549532373	0.783573961521	5.00842150544	1.39701176027	1.95682066379	754
61	0.0	1.0	0.0	4.222888729	1.642241212	0.792645697	4.30538743829	1.62817460359	2.14720763672	755
61	0.25	0.0	0.0	6.63557258084	0.218182539617	-0.24876549003	6.79888977947	0.473290818383	0.243760521373	756
61	0.25	0.25	0.0	6.23919313566	0.572255179237	0.297756287174	6.37904548952	0.719635837067	1.06024533151	757
61	0.25	0.5	0.0	5.6607138522	1.05740015709	0.614439808172	5.75327433631	1.16033983934	1.56954115043	758
61	0.25	0.75	0.0	4.97079669806	1.51970332112	0.745395061183	5.02689228429	1.59917222555	1.86268873727	759
61	0.25	1.0	0.0	4.24010364084	1.80525051925	0.734732034429	4.30521529789	1.83990239605	2.03072885115	760
61	0.5	0.0	0.0	6.65452038908	0.225510468363	-0.250322374382	6.80636963861	0.468615845421	0.212284027406	761
61	0.5	0.25	0.0	6.2723906496	0.664047993637	0.28669712459	6.39522295138	0.834145533665	1.02559701228	762
61	0.5	0.5	0.0	5.72008903043	1.20377967167	0.582659948928	5.78760289623	1.34481018842	1.49139431813	763
61	0.5	0.75	0.0	5.03825327323	1.70088343995	0.686921759355	5.07174582575	1.8235275824	1.72979428727	764
61	0.5	1.0	0.0	4.26752111966	2.01153723596	0.648838216592	4.33588809252	2.0932154883	1.86091526206	765
61	0.75	0.0	0.0	6.67344527428	0.232114210428	-0.252779621543	6.8138265747	0.463216685777	0.179907170629	766
61	0.75	0.25	0.0	6.30665407586	0.745125780975	0.248738372997	6.41306796517	0.941240730083	0.955839886954	767
61	0.75	0.5	0.0	5.78146863969	1.33314747863	0.517979211332	5.82612320055	1.5163200329	1.37628700062	768
61	0.75	0.75	0.0	5.10861729635	1.86325057344	0.603258052105	5.12393496874	2.03223502078	1.57317417283	769
61	0.75	1.0	0.0	4.2988283764	2.20250633544	0.552890053959	4.37744595767	2.33276612029	1.67842706479	770
61	1.0	0.0	0.0	6.682043327	0.241393	-0.2608333	6.81721192328	0.467039610936	0.158253669619	771
61	1.0	0.25	0.0	6.32983254462	0.831532987169	0.15497465334	6.4284605427	1.05022671978	0.806272247563	772
61	1.0	0.5	0.0	5.82407758597	1.44154243615	0.395658383059	5.85739190458	1.66341127647	1.19572864631	773
61	1.0	0.75	0.0	5.15872282158	1.9710196148	0.489507935498	5.16441255219	2.18745173067	1.40786525298	774
61	1.0	1.0	0.0	4.327712622	2.319562791	0.464813357	4.4099290288	2.50320653202	1.52392445469	775
62	0.0	0.0	0.0	6.682043327	0.241393	-0.2608333	6.81721192328	0.467039610936	0.158253669619	776
62	0.0	0.25	0.0	6.32983254462	0.831532987169	0.15497465334	6.4284605427	1.05022671978	0.806272247563	777
62	0.0	0.5	0.0	5.82407758597	1.44154243615	0.395658383059	5.85739190458	1.66341127647	1.19572864631	778
62	0.0	0.75	0.0	5.15872282158	1.9710196148	0.489507935498	5.16441255219	2.18745173067	1.40786525298	779
62	0.0	1.0	0.0	4.327712622	2.319562791	0.464813357	4.4099290288	2.50320653202	1.52392445469	780
62	0.25	0.0	0.0	6.68297113559	0.247787086333	-0.269216313781	6.81272973121	0.479211749709	0.157758215444	781
62	0.25	0.25	0.0	6.34457113865	0.879517402775	0.0548228406952	6.43961197501	1.11683143472	0.662874025975	782
62	0.25	0.5	0.0	5.85942975072	1.49496837525	0.249411250505	5.89357299743	1.75389536288	0.999054001604	783
62	0.25	0.75	0.0	5.21304154514	2.01433392107	0.335404058161	5.22499090393	2.28546738626	1.20547378653	784
62	0.25	1.0	0.0	4.39090109522	2.35780795752	0.333656406173	4.48424379995	2.60661135691	1.32130902496	785
62	0.5	0.0	0.0	6.6850123145	0.252707437405	-0.279016085094	6.80286890866	0.496843816148	0.165311075266	786
62	0.5	0.25	0.0	6.36276557294	0.906728244526	-0.0602176942654	6.45100253195	1.1667488402	0.503465339967	787
62	0.5	0.5	0.0	5.90582558847	1.52226301611	0.0761053412704	5.94525838035	1.82255598726	0.755748726642	788
62	0.5	0.75	0.0	5.29156754397	2.02973318967	0.138809543171	5.32309374419	2.36082713582	0.92753766929	789
62	0.5	1.0	0.0	4.49736662234	2.35956020273	0.136751433096	4.62196591379	2.67812416439	1.02420860191	790
62	0.75	0.0	0.0	6.68705349341	0.255868819775	-0.28951613711	6.79300808611	0.512716913884	0.172163654385	791
62	0.75	0.25	0.0	6.37836163047	0.915154168946	-0.175739296061	6.46009147324	1.19502441735	0.343224958111	792
62	0.75	0.5	0.0	5.94656099203	1.52377252046	-0.094874759002	5.99239770928	1.85786522478	0.508746576426	793
62	0.75	0.75	0.0	5.363396704	2.01959250277	-0.0564468456644	5.41684360657	2.39961672368	0.64060518495	794
62	0.75	1.0	0.0	4.60061389229	2.34048274433	-0.0699798757792	4.76034597748	2.71865630156	0.710677459301	795
62	1.0	0.0	0.0	6.687981302	0.256986	-0.299999993	6.78852589404	0.519612146549	0.169567358102	796
62	1.0	0.25	0.0	6.38530509425	0.906783832561	-0.27733430921	6.46433805862	1.19670364728	0.197331648978	797
62	1.0	0.5	0.0	5.96493185427	1.49984305007	-0.234144464668	6.01494064018	1.8482951506	0.300981305957	798
62	1.0	0.75	0.0	5.39762491115	1.98628694255	-0.206536344541	5.4643630247	2.38792189415	0.411224617197	799
62	1.0	1.0	0.0	4.654147594	2.3162388	-0.230615834	4.83663459815	2.72911911555	0.458769870853	800
