Elem	xi[0]	xi[1]	xi[2]	Y[0]	Y[1]	Y[2]	y[0]	y[1]	y[2]	Index
1	0.0	0.0	0.0	0.078169917	2.172949289	-0.566470828	0.0868624762212	1.66275562017	-0.539387367509	1
1	0.0	0.25	0.0	-0.505792682294	2.00887052402	-0.602439592098	-0.43626596798	1.51521935101	-0.629674930943	2
1	0.0	0.5	0.0	-1.08003466385	2.05060336412	-0.680421937674	-0.983785364771	1.49940970707	-0.750539502456	3
1	0.0	0.75	0.0	-1.60417183423	2.11958025415	-0.753935780163	-1.52715146012	1.510825681	-0.862957020073	4
1	0.0	1.0	0.0	-2.03782	2.037233639	-0.776499035	-2.03782	1.44496626547	-0.927903421821	5
1	0.25	0.0	0.0	0.0795602355902	2.05214197414	-0.753414330313	0.0978340954492	1.59647820495	-0.84941039372	6
1	0.25	0.25	0.0	-0.48829235428	1.8611113359	-0.773537776834	-0.414763125158	1.42053174294	-0.94035088257	7
1	0.25	0.5	0.0	-1.0623746776	1.81976594547	-0.842286596353	-0.970850811613	1.33965175896	-1.08188540437	8
1	0.25	0.75	0.0	-1.59402411193	1.80738409945	-0.900713690861	-1.52569907712	1.28810942398	-1.2040659179	9
1	0.25	1.0	0.0	-2.03457803487	1.70324409446	-0.889871962349	-2.03457803487	1.20017590902	-1.23694438194	10
1	0.5	0.0	0.0	0.0783636906301	1.86071644597	-0.98316128428	0.111716270882	1.46741203035	-1.24352233319	11
1	0.5	0.25	0.0	-0.474170384928	1.65333290852	-0.980702916871	-0.397185669297	1.26865020923	-1.31582027802	12
1	0.5	0.5	0.0	-1.05670262096	1.5473826786	-1.0209573158	-0.969312366634	1.13457020737	-1.43638312322	13
1	0.5	0.75	0.0	-1.60135807954	1.46251957028	-1.05982390469	-1.53891926862	1.02736218356	-1.54274451296	14
1	0.5	1.0	0.0	-2.04026182274	1.3183973976	-1.05320210719	-2.04026182274	0.909216296651	-1.57243809139	15
1	0.75	0.0	0.0	0.080262845605	1.63694722483	-1.19313395186	0.132000658589	1.30380421823	-1.62946282501	16
1	0.75	0.25	0.0	-0.461327112557	1.42553762436	-1.17273939474	-0.382043621062	1.0909005854	-1.67673687367	17
1	0.75	0.5	0.0	-1.04887755535	1.26340619184	-1.19136207801	-0.968608255967	0.910257336727	-1.77439344801	18
1	0.75	0.75	0.0	-1.60351718388	1.10808476871	-1.21500020636	-1.54946227305	0.750069275317	-1.86319337061	19
1	0.75	1.0	0.0	-2.04637469925	0.917105196441	-1.20965198444	-2.04637469925	0.598531204277	-1.88389746407	20
1	1.0	0.0	0.0	0.090940264	1.419108831	-1.320754595	0.162178914638	1.13390189049	-1.91497150827	21
1	1.0	0.25	0.0	-0.447662875484	1.21772786591	-1.29845159296	-0.367847001115	0.91860870696	-1.94375442588	22
1	1.0	0.5	0.0	-1.02475854218	0.99778911348	-1.328428865	-0.958176705744	0.692805431466	-2.05627716772	23
1	1.0	0.75	0.0	-1.57784487178	0.76717779681	-1.34997638055	-1.53997832884	0.477716014816	-2.14961305623	24
1	1.0	1.0	0.0	-2.04442	0.533779139	-1.302384109	-2.04442	0.294564407813	-2.12083541387	25
2	0.0	0.0	0.0	0.090940264	1.419108831	-1.320754595	0.162178914638	1.13390189049	-1.91497150827	26
2	0.0	0.25	0.0	-0.447662875484	1.21772786591	-1.29845159296	-0.367847001115	0.91860870696	-1.94375442588	27
2	0.0	0.5	0.0	-1.02475854218	0.99778911348	-1.328428865	-0.958176705744	0.692805431466	-2.05627716772	28
2	0.0	0.75	0.0	-1.57784487178	0.76717779681	-1.34997638055	-1.53997832884	0.477716014816	-2.14961305623	29
2	0.0	1.0	0.0	-2.04442	0.533779139	-1.302384109	-2.04442	0.294564407813	-2.12083541387	30
2	0.25	0.0	0.0	0.101603971338	1.18174120779	-1.40280739431	0.192184764019	0.935531763177	-2.14158328564	31
2	0.25	0.25	0.0	-0.43767935952	1.01199635651	-1.39943544413	-0.348939957614	0.745875602593	-2.16459399322	32
2	0.25	0.5	0.0	-0.999790461814	0.799528174992	-1.45661610607	-0.934257079495	0.530653314752	-2.28280035652	33
2	0.25	0.75	0.0	-1.54525004778	0.568964348289	-1.49371192868	-1.51304417804	0.320503208767	-2.37455384259	34
2	0.25	1.0	0.0	-2.03457882965	0.344932561449	-1.43008546052	-2.03457882965	0.146063593753	-2.31820591851	35
2	0.5	0.0	0.0	0.102893703711	0.906332288445	-1.50908360615	0.211658693368	0.694165359109	-2.38822615214	36
2	0.5	0.25	0.0	-0.42854292277	0.761012769258	-1.54958232693	-0.322338247559	0.536028212051	-2.43664567766	37
2	0.5	0.5	0.0	-0.976838576262	0.596110670466	-1.64489088897	-0.897932338168	0.364852502044	-2.55213978358	38
2	0.5	0.75	0.0	-1.5163348523	0.421744409455	-1.71858847657	-1.47698892296	0.202012008462	-2.64025418074	39
2	0.5	1.0	0.0	-2.02137334643	0.248032403608	-1.69425427404	-2.02137334643	0.068880510675	-2.60653458001	40
2	0.75	0.0	0.0	0.100030073979	0.636925331383	-1.62802606466	0.224487977008	0.445749701792	-2.62343845138	41
2	0.75	0.25	0.0	-0.420870676583	0.509219222758	-1.71814289127	-0.297691954219	0.311935450345	-2.70585925699	42
2	0.75	0.5	0.0	-0.960205991134	0.398042926803	-1.85503799126	-0.866038100977	0.188222095461	-2.81927988635	43
2	0.75	0.75	0.0	-1.49709983912	0.292620803408	-1.9726505813	-1.44791225049	0.0818481443674	-2.90787160091	44
2	0.75	1.0	0.0	-2.01067618999	0.182177212463	-2.00491987804	-2.01067618999	5.2104290036e-05	-2.91580566208	45
2	1.0	0.0	0.0	0.098233695	0.417563595	-1.748077604	0.234559889264	0.226231814733	-2.81575852698	46
2	1.0	0.25	0.0	-0.415279732307	0.301057835604	-1.87436778703	-0.284651160859	0.0964662324871	-2.91818450897	47
2	1.0	0.5	0.0	-0.954195812046	0.215831270903	-2.0488421905	-0.855409987134	-0.00641880288007	-3.0392051023	48
2	1.0	0.75	0.0	-1.49354556201	0.148696353251	-2.20394279998	-1.44191384753	-0.0803826530467	-3.13856363332	49
2	1.0	1.0	0.0	-2.00836	0.086465535	-2.272111601	-2.00836	-0.123384679691	-3.1760034284	50
5	0.0	0.0	0.0	0.098233695	0.417563595	-1.748077604	0.234559889264	0.226231814733	-2.81575852698	51
5	0.0	0.25	0.0	-0.415279732307	0.301057835604	-1.87436778703	-0.284651160859	0.0964662324871	-2.91818450897	52
5	0.0	0.5	0.0	-0.954195812046	0.215831270903	-2.0488421905	-0.855409987134	-0.00641880288007	-3.0392051023	53
5	0.0	0.75	0.0	-1.49354556201	0.148696353251	-2.20394279998	-1.44191384753	-0.0803826530467	-3.13856363332	54
5	0.0	1.0	0.0	-2.00836	0.086465535	-2.272111601	-2.00836	-0.123384679691	-3.1760034284	55
5	0.25	0.0	0.0	0.0645737042803	-0.196684472423	-1.99891545614	0.220790628068	-0.472842002607	-3.1236724303	56
5	0.25	0.25	0.0	-0.434393431143	-0.270298235438	-2.12427133904	-0.303019710082	-0.591631553225	-3.20083255393	57
5	0.25	0.5	0.0	-0.975411059454	-0.31654112458	-2.29335822744	-0.884695607755	-0.660887791021	-3.30173316908	58
5	0.25	0.75	0.0	-1.51944946586	-0.340128875532	-2.43825739488	-1.47569577843	-0.689000178354	-3.38703904417	59
5	0.25	1.0	0.0	-2.02747893558	-0.345777223978	-2.49105011492	-2.02747893558	-0.684358177584	-3.4174149476	60
5	0.5	0.0	0.0	-0.0130871998136	-0.976512008112	-2.1358915952	0.153781119062	-1.391147782	-3.20725967897	61
5	0.5	0.25	0.0	-0.493711107608	-1.00498354835	-2.20219118356	-0.362279321343	-1.47027257926	-3.23107032392	62
5	0.5	0.5	0.0	-1.02417575832	-1.00756869427	-2.29540193299	-0.939370880694	-1.50104843836	-3.28033485088	63
5	0.5	0.75	0.0	-1.56136897735	-0.993230129336	-2.36546276875	-1.52387636746	-1.49746892823	-3.32092277747	64
5	0.5	1.0	0.0	-2.06217859011	-0.970930537026	-2.36231261607	-2.06217859011	-1.47352761776	-3.31870362127	65
5	0.75	0.0	0.0	-0.0959386330008	-1.76939025974	-2.17270706467	0.0751454066428	-2.30992970716	-3.09347298171	66
5	0.75	0.25	0.0	-0.557704436329	-1.76493990954	-2.17028056845	-0.430829686152	-2.34293465384	-3.06441441916	67
5	0.75	0.5	0.0	-1.07390683259	-1.73018871867	-2.1782923173	-0.999425227465	-2.33606213854	-3.05838668528	68
5	0.75	0.75	0.0	-1.6029620832	-1.68007603129	-2.16603915603	-1.57534341578	-2.30421633788	-3.05162202664	69
5	0.75	1.0	0.0	-2.10328644959	-1.62954119156	-2.10281792944	-2.10328644959	-2.26230142848	-3.02035268981	70
5	1.0	0.0	0.0	-0.145170211	-2.422790475	-2.123062908	0.0264975352059	-3.01043196181	-2.80926504722	71
5	1.0	0.25	0.0	-0.590845091933	-2.41210912541	-2.09069274158	-0.477070496017	-3.01309558521	-2.75638143985	72
5	1.0	0.5	0.0	-1.0980212062	-2.3573384783	-2.06534839051	-1.04484806958	-2.97509028517	-2.71926520985	73
5	1.0	0.75	0.0	-1.62788677012	-2.27013520454	-2.02046679119	-1.61898472455	-2.9076698425	-2.69054398513	74
5	1.0	1.0	0.0	-2.14163	-2.162155975	-1.92948488	-2.14163	-2.822088038	-2.66284539362	75
6	0.0	0.0	0.0	-0.145170211	-2.422790475	-2.123062908	0.0264975352059	-3.01043196181	-2.80926504722	76
6	0.0	0.25	0.0	-0.590845091933	-2.41210912541	-2.09069274158	-0.477070496017	-3.01309558521	-2.75638143985	77
6	0.0	0.5	0.0	-1.0980212062	-2.3573384783	-2.06534839051	-1.04484806958	-2.97509028517	-2.71926520985	78
6	0.0	0.75	0.0	-1.62788677012	-2.27013520454	-2.02046679119	-1.61898472455	-2.9076698425	-2.69054398513	79
6	0.0	1.0	0.0	-2.14163	-2.162155975	-1.92948488	-2.14163	-2.822088038	-2.66284539362	80
6	0.25	0.0	0.0	-0.177517179102	-2.96660731709	-1.90499433116	-0.0161929831064	-3.52011332157	-2.33025243997	81
6	0.25	0.25	0.0	-0.623020885129	-2.94407126488	-1.87516334989	-0.52785849952	-3.49784403735	-2.28169781449	82
6	0.25	0.5	0.0	-1.12992947671	-2.85500553155	-1.85109354944	-1.09726717962	-3.41993717	-2.23757935152	83
6	0.25	0.75	0.0	-1.66342897912	-2.71972900351	-1.80770681801	-1.66926687008	-3.30496856542	-2.20255730391	84
6	0.25	1.0	0.0	-2.18870541762	-2.5585605672	-1.71992504377	-2.18870541762	-3.17151406951	-2.18129192447	85
6	0.5	0.0	0.0	-0.225581935009	-3.55321450369	-1.47985509281	-0.0859565843232	-4.05233374431	-1.63094300577	86
6	0.5	0.25	0.0	-0.68531516945	-3.49518229947	-1.45118225336	-0.61035529733	-3.99549074896	-1.59136674871	87
6	0.5	0.5	0.0	-1.19613749837	-3.34781616328	-1.4178765078	-1.17741852965	-3.86622767587	-1.5413873176	88
6	0.5	0.75	0.0	-1.72931974256	-3.15572050361	-1.36842157215	-1.74129482393	-3.70005283795	-1.4921339235	89
6	0.5	1.0	0.0	-2.25613272283	-2.96349972895	-1.29130116245	-2.25613272283	-3.53247454812	-1.45473577751	90
6	0.75	0.0	0.0	-0.266949483912	-4.0113010022	-0.959885666548	-0.147160646517	-4.47015142912	-0.873611652845	91
6	0.75	0.25	0.0	-0.741792724897	-3.91900428696	-0.936547623098	-0.683582113757	-4.38448796397	-0.847014656132	92
6	0.75	0.5	0.0	-1.25864340375	-3.72255187987	-0.899179776519	-1.25044511406	-4.2152899383	-0.799775023133	93
6	0.75	0.75	0.0	-1.79277191836	-3.48261126376	-0.851270975794	-1.80873788562	-4.00918356825	-0.744771173888	94
6	0.75	1.0	0.0	-2.31944866662	-3.25984992148	-0.796310069904	-2.31944866662	-3.81279506998	-0.694881528439	95
6	1.0	0.0	0.0	-0.279204831	-4.16955578	-0.457326526	-0.164172547762	-4.63662457511	-0.220533289393	96
6	1.0	0.25	0.0	-0.756518331474	-4.06909928516	-0.449057630203	-0.706560173112	-4.5432879263	-0.210267950341	97
6	1.0	0.5	0.0	-1.27944532542	-3.86599418769	-0.428485866555	-1.28148992723	-4.36845209279	-0.181828383207	98
6	1.0	0.75	0.0	-1.82099836441	-3.60490284287	-0.404914951129	-1.84526535467	-4.14862166446	-0.145966385054	99
6	1.0	1.0	0.0	-2.35419	-3.330487606	-0.3876486	-2.35419	-3.92030123124	-0.113433752941	100
9	0.0	0.0	0.0	-0.279204831	-4.16955578	-0.457326526	-0.164172547762	-4.63662457511	-0.220533289393	101
9	0.0	0.25	0.0	-0.756518331474	-4.06909928516	-0.449057630203	-0.706560173112	-4.5432879263	-0.210267950341	102
9	0.0	0.5	0.0	-1.27944532542	-3.86599418769	-0.428485866555	-1.28148992723	-4.36845209279	-0.181828383207	103
9	0.0	0.75	0.0	-1.82099836441	-3.60490284287	-0.404914951129	-1.84526535467	-4.14862166446	-0.145966385054	104
9	0.0	1.0	0.0	-2.35419	-3.330487606	-0.3876486	-2.35419	-3.92030123124	-0.113433752941	105
9	0.25	0.0	0.0	-0.27048932749	-3.92476607327	0.0861038661287	-0.140500085655	-4.45591812665	0.470401659353	106
9	0.25	0.25	0.0	-0.743065332637	-3.8323901052	0.0634440423535	-0.687345454728	-4.3641265301	0.456817435417	107
9	0.25	0.5	0.0	-1.26581046908	-3.64341219605	0.0357314644823	-1.27052756851	-4.19511224435	0.444710922214	108
9	0.25	0.75	0.0	-1.81133706357	-3.38476153314	0.000441177640678	-1.84163528018	-3.97593870364	0.428085156411	109
9	0.25	1.0	0.0	-2.3522574429	-3.08336730381	-0.0449517730457	-2.3522574429	-3.73366934222	0.40094317468	110
9	0.5	0.0	0.0	-0.262872713127	-3.40268266183	0.638983652527	-0.113520195605	-4.01075084667	1.24352566954	111
9	0.5	0.25	0.0	-0.73608957123	-3.31276893447	0.583520111533	-0.666523292224	-3.91576805966	1.20491956878	112
9	0.5	0.5	0.0	-1.25156523322	-3.12365074449	0.504193649231	-1.24829702557	-3.73889540855	1.15282354861	113
9	0.5	0.75	0.0	-1.7895067416	-2.87521201498	0.403731205664	-1.81683257977	-3.51956691885	1.08066967901	114
9	0.5	1.0	0.0	-2.33012113891	-2.60733666902	0.284859720873	-2.33012113891	-3.29721661605	0.981890029982	115
9	0.75	0.0	0.0	-0.25221974345	-2.76240169023	1.07655487116	-0.093868940608	-3.43071589224	1.93611113343	116
9	0.75	0.25	0.0	-0.726437880458	-2.67851042295	0.997360300589	-0.647137778384	-3.34086813511	1.87307312676	117
9	0.75	0.5	0.0	-1.23502301228	-2.49383012302	0.880336608802	-1.2240780417	-3.16470345871	1.78701807827	118
9	0.75	0.75	0.0	-1.76460389019	-2.26428388038	0.727293064556	-1.78789883568	-2.95535318604	1.66830486706	119
9	0.75	1.0	0.0	-2.30180926547	-2.04579478498	0.540038936605	-2.30180926547	-2.76594864009	1.50729237227	120
9	1.0	0.0	0.0	-0.234395174	-2.163019303	1.27405956	-0.0921823836597	-2.84540642041	2.38543044331	121
9	1.0	0.25	0.0	-0.704957093527	-2.09788922064	1.19115433278	-0.632233005994	-2.78208237656	2.30031278639	122
9	1.0	0.5	0.0	-1.21449720071	-1.94107062164	1.06759626431	-1.20715036018	-2.63743826811	2.19180309348	123
9	1.0	0.75	0.0	-1.74572500104	-1.74000672132	0.893464685935	-1.77187563018	-2.45914438113	2.04750840488	124
9	1.0	1.0	0.0	-2.28135	-1.542140735	0.658838929	-2.28135	-2.29487100168	1.85503576086	125
10	0.0	0.0	0.0	-0.234395174	-2.163019303	1.27405956	-0.0921823836597	-2.84540642041	2.38543044331	126
10	0.0	0.25	0.0	-0.704957093527	-2.09788922064	1.19115433278	-0.632233005994	-2.78208237656	2.30031278639	127
10	0.0	0.5	0.0	-1.21449720071	-1.94107062164	1.06759626431	-1.20715036018	-2.63743826811	2.19180309348	128
10	0.0	0.75	0.0	-1.74572500104	-1.74000672132	0.893464685935	-1.77187563018	-2.45914438113	2.04750840488	129
10	0.0	1.0	0.0	-2.28135	-1.542140735	0.658838929	-2.28135	-2.29487100168	1.85503576086	130
10	0.25	0.0	0.0	-0.234909487596	-1.50279582317	1.27019029792	-0.117718417862	-2.12851737976	2.57427422508	131
10	0.25	0.25	0.0	-0.696154661421	-1.45963231958	1.19812052113	-0.636875243608	-2.09630139673	2.48303515886	132
10	0.25	0.5	0.0	-1.2088389575	-1.33815631183	1.08878607677	-1.20373075483	-1.99045161717	2.37395014627	133
10	0.25	0.75	0.0	-1.74272897379	-1.17464463409	0.931683005014	-1.76504832018	-1.85307033804	2.23875077904	134
10	0.25	1.0	0.0	-2.26759130827	-1.00537412056	0.716307346011	-2.26759130827	-1.72625985629	2.06916864886	135
10	0.5	0.0	0.0	-0.260290453322	-0.72407342012	1.17897898455	-0.151250150371	-1.24696970452	2.56987286102	136
10	0.5	0.25	0.0	-0.715533506777	-0.699075577045	1.11700092151	-0.655546159981	-1.23574463047	2.49040975396	137
10	0.5	0.5	0.0	-1.22640844988	-0.613392080257	1.0179586676	-1.20506553453	-1.16463217894	2.39267063938	138
10	0.5	0.75	0.0	-1.75258032026	-0.504845145562	0.895584390249	-1.7532932183	-1.07663524437	2.28287262834	139
10	0.5	1.0	0.0	-2.25371415556	-0.411256988766	0.763610256881	-2.25371415556	-1.01475672116	2.16723283191	140
10	0.75	0.0	0.0	-0.273326102637	0.0541452897393	0.995924424904	-0.162876052913	-0.360172506848	2.39138583427	141
10	0.75	0.25	0.0	-0.734124489229	0.0693376517615	0.947338145181	-0.658912012345	-0.361220003695	2.33573579941	142
10	0.75	0.5	0.0	-1.24430748714	0.129948469358	0.864128469402	-1.19780558608	-0.320917453268	2.26366100014	143
10	0.75	0.75	0.0	-1.7602194984	0.201669191	0.778088339537	-1.73806661128	-0.273378997504	2.18683682967	144
10	0.75	1.0	0.0	-2.23820492507	0.25019126516	0.72101069756	-2.23820492507	-0.252718778342	2.11693868121	145
10	1.0	0.0	0.0	-0.236804467	0.71285769	0.716525424	-0.122694597211	0.372465101085	2.057972628	146
10	1.0	0.25	0.0	-0.722958468412	0.731164011633	0.688674803381	-0.61763905793	0.366464557663	2.0323125229	147
10	1.0	0.5	0.0	-1.23963787856	0.788591733306	0.636309914772	-1.1686017963	0.379755060009	2.00261765586	148
10	1.0	0.75	0.0	-1.75058696617	0.877175822326	0.572114350777	-1.72082478582	0.413158505151	1.9576062599	149
10	1.0	1.0	0.0	-2.21955	0.988951246	0.508771704	-2.21955	0.467496790116	1.88599656799	150
13	0.0	0.0	0.0	-0.236804467	0.71285769	0.716525424	-0.122694597211	0.372465101085	2.057972628	151
13	0.0	0.25	0.0	-0.722958468412	0.731164011633	0.688674803381	-0.61763905793	0.366464557663	2.0323125229	152
13	0.0	0.5	0.0	-1.23963787856	0.788591733306	0.636309914772	-1.1686017963	0.379755060009	2.00261765586	153
13	0.0	0.75	0.0	-1.75058696617	0.877175822326	0.572114350777	-1.72082478582	0.413158505151	1.9576062599	154
13	0.0	1.0	0.0	-2.21955	0.988951246	0.508771704	-2.21955	0.467496790116	1.88599656799	155
13	0.25	0.0	0.0	-0.189073142982	1.02661282461	0.57847347726	-0.0801397721147	0.683191408125	1.81089785069	156
13	0.25	0.25	0.0	-0.703022874434	1.05759090189	0.56377043391	-0.591317242407	0.685938451413	1.79351922996	157
13	0.25	0.5	0.0	-1.22760649397	1.17292521498	0.533603591575	-1.14830153651	0.736095737019	1.77271831874	158
13	0.25	0.75	0.0	-1.73570373642	1.32976085062	0.478585706825	-1.70121858953	0.815264156202	1.72992479571	159
13	0.25	1.0	0.0	-2.2001943366	1.48524289556	0.389329536232	-2.2001943366	0.905044600222	1.64656833952	160
13	0.5	0.0	0.0	-0.124496448056	1.39431077265	0.464985127675	-0.0306696751912	1.01361197467	1.48706467008	161
13	0.5	0.25	0.0	-0.678077933276	1.42524698094	0.467211204782	-0.572603539552	1.01622080092	1.4748023627	162
13	0.5	0.5	0.0	-1.21547609728	1.60701446101	0.473725919091	-1.12646594876	1.11382010796	1.46134193597	163
13	0.5	0.75	0.0	-1.71961945801	1.81723465175	0.455214863284	-1.66812193574	1.23491440667	1.43184004592	164
13	0.5	1.0	0.0	-2.1734365334	1.93352899206	0.382363630044	-2.1734365334	1.30800820798	1.37145334858	165
13	0.75	0.0	0.0	-0.0571003838524	1.74402634162	0.363173777752	0.015634045098	1.31031466797	1.1423559839	166
13	0.75	0.25	0.0	-0.647324160168	1.76914395692	0.373289601753	-0.549515958525	1.30598186784	1.12582642852	167
13	0.75	0.5	0.0	-1.19757551635	1.99917559473	0.403513063627	-1.1006436795	1.43698275166	1.11171394195	168
13	0.75	0.75	0.0	-1.69958807619	2.24621896221	0.415931021833	-1.63381491533	1.5867198993	1.09395042731	169
13	0.75	1.0	0.0	-2.1450954635	2.32237176653	0.372630334834	-2.1450954635	1.63859589066	1.06646778773	170
13	1.0	0.0	0.0	-0.000910952	2.003834339	0.26015283	0.0486897402914	1.51988735525	0.832654689889	171
13	1.0	0.25	0.0	-0.60996207034	2.02429353799	0.256298110582	-0.510072508485	1.50389191383	0.796255934784	172
13	1.0	0.5	0.0	-1.16823357901	2.2577247395	0.269801191489	-1.06838337516	1.62963824696	0.76705977106	173
13	1.0	0.75	0.0	-1.67286353618	2.52333551851	0.274663384151	-1.61057761919	1.78529127681	0.746854356647	174
13	1.0	1.0	0.0	-2.12099	2.64033345	0.244886	-2.12099	1.85901592553	0.737427849478	175
14	0.0	0.0	0.0	-0.000910952	2.003834339	0.26015283	0.0486897402914	1.51988735525	0.832654689889	176
14	0.0	0.25	0.0	-0.60996207034	2.02429353799	0.256298110582	-0.510072508485	1.50389191383	0.796255934784	177
14	0.0	0.5	0.0	-1.16823357901	2.2577247395	0.269801191489	-1.06838337516	1.62963824696	0.76705977106	178
14	0.0	0.75	0.0	-1.67286353618	2.52333551851	0.274663384151	-1.61057761919	1.78529127681	0.746854356647	179
14	0.0	1.0	0.0	-2.12099	2.64033345	0.244886	-2.12099	1.85901592553	0.737427849478	180
14	0.25	0.0	0.0	0.0271206206704	2.10946059443	0.114620127119	0.0612502120527	1.59896414761	0.556966472947	181
14	0.25	0.25	0.0	-0.581642375313	2.10646083698	0.0907136682592	-0.484074303096	1.56279340407	0.499226121407	182
14	0.25	0.5	0.0	-1.14417430276	2.31871869572	0.067745928373	-1.04621036019	1.66792779993	0.44539845545	183
14	0.25	0.75	0.0	-1.65302311335	2.57825100632	0.0385738896474	-1.59511287387	1.8128219942	0.400703528288	184
14	0.25	1.0	0.0	-2.10073675875	2.71707460445	-0.00394546573046	-2.10073675875	1.89593064593	0.370361393136	185
14	0.5	0.0	0.0	0.0513187222996	2.17856399233	-0.128388605113	0.0707363734672	1.64869104185	0.156615410985	186
14	0.5	0.25	0.0	-0.552633916402	2.12065418447	-0.163745725476	-0.466836905183	1.57580840435	0.0863611081946	187
14	0.5	0.5	0.0	-1.12286485899	2.29312045146	-0.212707002715	-1.0241897549	1.65262283937	0.0182609243717	188
14	0.5	0.75	0.0	-1.6378119023	2.50721740208	-0.268818528238	-1.57074184459	1.76582400962	-0.0477833551349	189
14	0.5	1.0	0.0	-2.07591284317	2.57419964513	-0.325626393454	-2.07591284317	1.8021015778	-0.111869944976	190
14	0.75	0.0	0.0	0.069172204029	2.20258130107	-0.383782534288	0.0787424022764	1.66973315902	-0.248726525875	191
14	0.75	0.25	0.0	-0.526247187448	2.08281145523	-0.422867626852	-0.452765673794	1.55569701865	-0.328039208155	192
14	0.75	0.5	0.0	-1.10219004644	2.19804400737	-0.489461618992	-1.00311645714	1.59326844763	-0.413877001741	193
14	0.75	0.75	0.0	-1.6229535827	2.34330403997	-0.561619781008	-1.54543216285	1.65994325968	-0.501404226847	194
14	0.75	1.0	0.0	-2.052835006	2.3136166355	-0.617397383201	-2.052835006	1.63321726852	-0.585785203686	195
14	1.0	0.0	0.0	0.078169917	2.172949289	-0.566470828	0.0868624762212	1.66275562017	-0.539387367509	196
14	1.0	0.25	0.0	-0.505792682294	2.00887052402	-0.602439592098	-0.43626596798	1.51521935101	-0.629674930943	197
14	1.0	0.5	0.0	-1.08003466385	2.05060336412	-0.680421937674	-0.983785364771	1.49940970707	-0.750539502456	198
14	1.0	0.75	0.0	-1.60417183423	2.11958025415	-0.753935780163	-1.52715146012	1.510825681	-0.862957020073	199
14	1.0	1.0	0.0	-2.03782	2.037233639	-0.776499035	-2.03782	1.44496626547	-0.927903421821	200
17	0.0	0.0	0.0	4.654147594	2.3162388	-0.230615834	4.99030722964	2.39514532188	-0.0661416747073	201
17	0.0	0.25	0.0	3.93055301404	2.70769469548	-0.263733906644	4.28509734063	2.69192143816	-0.084548160372	202
17	0.0	0.5	0.0	3.35183150054	3.25568526664	-0.262000877856	3.61652786809	3.08824938676	-0.109502182702	203
17	0.0	0.75	0.0	2.81091583527	3.71784845073	-0.257543332639	2.95258498246	3.39075939255	-0.148929149685	204
17	0.0	1.0	0.0	2.2007388	3.851822185	-0.282487856	2.26125485419	3.40608168042	-0.210754469308	205
17	0.25	0.0	0.0	4.64567409954	2.29367544868	-0.374645308556	4.9856705558	2.38153973477	-0.26790458095	206
17	0.25	0.25	0.0	3.93232874506	2.68876492291	-0.434095208275	4.28813128879	2.67959459977	-0.324066663469	207
17	0.25	0.5	0.0	3.34351658744	3.21348677688	-0.474009959415	3.61541770635	3.05198973706	-0.398377622206	208
17	0.25	0.75	0.0	2.79214061094	3.65004802836	-0.508595299105	2.94705569508	3.32713812994	-0.477765525326	209
17	0.25	1.0	0.0	2.19110379984	3.7806556951	-0.552056964471	2.26257114161	3.33345276172	-0.549158440992	210
17	0.5	0.0	0.0	4.61053827419	2.26308405834	-0.565842887851	4.95412726724	2.35871334852	-0.540977912327	211
17	0.5	0.25	0.0	3.91216784	2.64846178022	-0.641287144543	4.26601441388	2.64251999228	-0.624572211132	212
17	0.5	0.5	0.0	3.29872518054	3.13669812542	-0.711108164478	3.57846762788	2.97575349859	-0.727422260783	213
17	0.5	0.75	0.0	2.73026178839	3.52545120838	-0.776551448959	2.90547679922	3.20326729855	-0.830352076275	214
17	0.5	1.0	0.0	2.16682915612	3.61237914355	-0.838862499286	2.26103181786	3.16991482325	-0.914185672604	215
17	0.75	0.0	0.0	4.56815180575	2.22439471834	-0.74961500397	4.91731119405	2.32768848689	-0.810072842114	216
17	0.75	0.25	0.0	3.88825763118	2.5886908581	-0.836207054802	4.24144870648	2.58817054821	-0.916376687407	217
17	0.75	0.5	0.0	3.25070333081	3.02438425344	-0.933980095905	3.54292782191	2.86921773929	-1.0482820699	218
17	0.75	0.75	0.0	2.66388947487	3.3515802657	-1.02788510679	2.86717056614	3.03964580898	-1.17528473339	219
17	0.75	1.0	0.0	2.13621663359	3.39038425622	-1.10287306696	2.25959896497	2.96827050615	-1.26688042166	220
17	1.0	0.0	0.0	4.537926382	2.177537518	-0.871368089	4.89685616632	2.2894874736	-0.999900543587	221
17	1.0	0.25	0.0	3.8787854509	2.5113577472	-0.969752278406	4.23713615717	2.52401920007	-1.12979197634	222
17	1.0	0.5	0.0	3.2326970892	2.87561010211	-1.10331035656	3.54604847766	2.7420595271	-1.31260302104	223
17	1.0	0.75	0.0	2.63163377765	3.13595747521	-1.22906959718	2.87145926713	2.85677257187	-1.48115942753	224
17	1.0	1.0	0.0	2.107567997	3.158062759	-1.304057274	2.26123466492	2.78132245153	-1.56828694566	225
18	0.0	0.0	0.0	2.2007388	3.851822185	-0.282487856	2.26125485419	3.40608168042	-0.210754469308	226
18	0.0	0.25	0.0	1.65105557539	3.60930116941	-0.35324347537	1.66753868768	3.09221432294	-0.286818891964	227
18	0.0	0.5	0.0	1.188858787	3.16800578535	-0.44815605082	1.1602639106	2.60248449963	-0.370836108657	228
18	0.0	0.75	0.0	0.701959784358	2.64890037712	-0.53123027186	0.659886510826	2.07872175166	-0.456970730225	229
18	0.0	1.0	0.0	0.078169917	2.172949289	-0.566470828	0.0868624762212	1.66275562017	-0.539387367509	230
18	0.25	0.0	0.0	2.19110379984	3.7806556951	-0.552056964471	2.26257114161	3.33345276172	-0.549158440992	231
18	0.25	0.25	0.0	1.64597489235	3.53158568828	-0.617026330467	1.66852666404	3.02118405066	-0.619610338986	232
18	0.25	0.5	0.0	1.17332173115	3.06290449275	-0.692362615753	1.1516552228	2.53095814136	-0.702497194052	233
18	0.25	0.75	0.0	0.681673713236	2.52097046815	-0.747885416859	0.64905747943	2.00773590305	-0.78377766077	234
18	0.25	1.0	0.0	0.0795602355902	2.05214197414	-0.753414330313	0.0978340954492	1.59647820495	-0.84941039372	235
18	0.5	0.0	0.0	2.16682915612	3.61237914355	-0.838862499286	2.26103181786	3.16991482325	-0.914185672604	236
18	0.5	0.25	0.0	1.65012476218	3.33109549564	-0.903506825829	1.69325699266	2.84158025464	-0.99649458028	237
18	0.5	0.5	0.0	1.16266187101	2.84548788244	-0.963885985934	1.16501513709	2.36192680095	-1.09506528038	238
18	0.5	0.75	0.0	0.655166256017	2.3054102254	-0.997828098963	0.647452735157	1.86064166019	-1.18553034173	239
18	0.5	1.0	0.0	0.0783636906301	1.86071644597	-0.98316128428	0.111716270882	1.46741203035	-1.24352233319	240
18	0.75	0.0	0.0	2.13621663359	3.39038425622	-1.10287306696	2.25959896497	2.96827050615	-1.26688042166	241
18	0.75	0.25	0.0	1.65072325153	3.07942837528	-1.16189291512	1.71880067621	2.62833108036	-1.35839620697	242
18	0.75	0.5	0.0	1.15596917301	2.57933757524	-1.20797322947	1.18814012601	2.15659591296	-1.47809101314	243
18	0.75	0.75	0.0	0.637350377785	2.04641085784	-1.22406868379	0.661309418689	1.67458147017	-1.58282612441	244
18	0.75	1.0	0.0	0.080262845605	1.63694722483	-1.19313395186	0.132000658589	1.30380421823	-1.62946282501	245
18	1.0	0.0	0.0	2.107567997	3.158062759	-1.304057274	2.26123466492	2.78132245153	-1.56828694566	246
18	1.0	0.25	0.0	1.63498842704	2.84818211102	-1.34139255199	1.72222871738	2.45636467326	-1.64623981017	247
18	1.0	0.5	0.0	1.15233360361	2.32803519194	-1.36987141446	1.20882666213	1.97617091191	-1.78112503785	248
18	1.0	0.75	0.0	0.643139043625	1.78816357438	-1.36961753694	0.696864670706	1.48669778011	-1.89626236008	249
18	1.0	1.0	0.0	0.090940264	1.419108831	-1.320754595	0.162178914638	1.13390189049	-1.91497150827	250
19	0.0	0.0	0.0	4.537926382	2.177537518	-0.871368089	4.89685616632	2.2894874736	-0.999900543587	251
19	0.0	0.25	0.0	3.8787854509	2.5113577472	-0.969752278406	4.23713615717	2.52401920007	-1.12979197634	252
19	0.0	0.5	0.0	3.2326970892	2.87561010211	-1.10331035656	3.54604847766	2.7420595271	-1.31260302104	253
19	0.0	0.75	0.0	2.63163377765	3.13595747521	-1.22906959718	2.87145926713	2.85677257187	-1.48115942753	254
19	0.0	1.0	0.0	2.107567997	3.158062759	-1.304057274	2.26123466492	2.78132245153	-1.56828694566	255
19	0.25	0.0	0.0	4.48858144838	2.06207789854	-0.990050994751	4.87000667513	2.17876515001	-1.20740762086	256
19	0.25	0.25	0.0	3.85738144478	2.35830090581	-1.07584298329	4.23390615034	2.38321620163	-1.33904159239	257
19	0.25	0.5	0.0	3.21633196201	2.6599294203	-1.20985270902	3.55706515735	2.54720642341	-1.54299518924	258
19	0.25	0.75	0.0	2.61139827377	2.87058085819	-1.33889863807	2.88726150699	2.62420589946	-1.73209781341	259
19	0.25	1.0	0.0	2.08854565373	2.89387263567	-1.40979923653	2.27227301011	2.5676847139	-1.81917886686	260
19	0.5	0.0	0.0	4.40784096587	1.88147425144	-1.13584935453	4.81727834681	1.99217637574	-1.46709030345	261
19	0.5	0.25	0.0	3.80492450239	2.13482091796	-1.17999876542	4.20729590876	2.15910234198	-1.57529108725	262
19	0.5	0.5	0.0	3.17101056061	2.39873040836	-1.26136169188	3.53438413727	2.28903055864	-1.74133718073	263
19	0.5	0.75	0.0	2.57511218162	2.57944591855	-1.35319771361	2.87276525042	2.34537754845	-1.90773220896	264
19	0.5	1.0	0.0	2.08624240651	2.58321064444	-1.4287664103	2.29666146627	2.29155983412	-2.01697979703	265
19	0.75	0.0	0.0	4.32754450368	1.68513217163	-1.27702184905	4.76060553914	1.78603668994	-1.7237895461	266
19	0.75	0.25	0.0	3.75308039306	1.89149099416	-1.27812529709	4.17643761376	1.91516963391	-1.80688010133	267
19	0.75	0.5	0.0	3.13305273172	2.11198919761	-1.29712735963	3.50969343984	2.01111589545	-1.92137545594	268
19	0.75	0.75	0.0	2.55379183045	2.25324023797	-1.34270798122	2.86196985846	2.04101062547	-2.05264814705	269
19	0.75	1.0	0.0	2.10162800003	2.22185757124	-1.42354710642	2.33486371069	1.97198897487	-2.18607071178	270
19	1.0	0.0	0.0	4.279531631	1.522457254	-1.381827159	4.7219226099	1.61666163175	-1.92234630354	271
19	1.0	0.25	0.0	3.73351488614	1.67888434489	-1.36612825061	4.16046344669	1.71491009023	-2.00214827508	272
19	1.0	0.5	0.0	3.13877832207	1.81968191935	-1.35643976676	3.51468108748	1.75704639648	-2.09685647535	273
19	1.0	0.75	0.0	2.57845354946	1.88265139814	-1.37817059828	2.88887469216	1.73182823713	-2.21143116052	274
19	1.0	1.0	0.0	2.135672179	1.805594202	-1.456729636	2.38734342065	1.62801329881	-2.35083258673	275
20	0.0	0.0	0.0	2.107567997	3.158062759	-1.304057274	2.26123466492	2.78132245153	-1.56828694566	276
20	0.0	0.25	0.0	1.63498842704	2.84818211102	-1.34139255199	1.72222871738	2.45636467326	-1.64623981017	277
20	0.0	0.5	0.0	1.15233360361	2.32803519194	-1.36987141446	1.20882666213	1.97617091191	-1.78112503785	278
20	0.0	0.75	0.0	0.643139043625	1.78816357438	-1.36961753694	0.696864670706	1.48669778011	-1.89626236008	279
20	0.0	1.0	0.0	0.090940264	1.419108831	-1.320754595	0.162178914638	1.13390189049	-1.91497150827	280
20	0.25	0.0	0.0	2.08854565373	2.89387263567	-1.40979923653	2.27227301011	2.5676847139	-1.81917886686	281
20	0.25	0.25	0.0	1.62466353811	2.5973093307	-1.43702515933	1.73130152339	2.26956390958	-1.88984887516	282
20	0.25	0.5	0.0	1.15729698743	2.06604886716	-1.45500766854	1.23402691751	1.77765851386	-2.02376504998	283
20	0.25	0.75	0.0	0.658819349304	1.52066743091	-1.4486380012	0.735853296401	1.27272798048	-2.13598923793	284
20	0.25	1.0	0.0	0.101603971338	1.18174120779	-1.40280739431	0.192184764019	0.935531763177	-2.14158328564	285
20	0.5	0.0	0.0	2.08624240651	2.58321064444	-1.4287664103	2.29666146627	2.29155983412	-2.01697979703	286
20	0.5	0.25	0.0	1.6437155911	2.2781652902	-1.48192623687	1.77864809102	2.00021345744	-2.11989013699	287
20	0.5	0.5	0.0	1.1735704642	1.75698749405	-1.51012430775	1.27488237307	1.51110555954	-2.24932580748	288
20	0.5	0.75	0.0	0.663924132763	1.2297016841	-1.51772272887	0.760755508493	1.01287618018	-2.35540006152	289
20	0.5	1.0	0.0	0.102893703711	0.906332288445	-1.50908360615	0.211658693368	0.694165359109	-2.38822615214	290
20	0.75	0.0	0.0	2.10162800003	2.22185757124	-1.42354710642	2.33486371069	1.97198897487	-2.18607071178	291
20	0.75	0.25	0.0	1.67337319595	1.90967349611	-1.51094123386	1.84106895985	1.68126068014	-2.32764071306	292
20	0.75	0.5	0.0	1.18970592845	1.42491475245	-1.55830995663	1.31916223649	1.21421754706	-2.45177441677	293
20	0.75	0.75	0.0	0.661600215218	0.942394358215	-1.58941699385	0.777512316807	0.744500309616	-2.55239820289	294
20	0.75	1.0	0.0	0.100030073979	0.636925331383	-1.62802606466	0.224487977008	0.445749701792	-2.62343845138	295
20	1.0	0.0	0.0	2.135672179	1.805594202	-1.456729636	2.38734342065	1.62801329881	-2.35083258673	296
20	1.0	0.25	0.0	1.69486496263	1.51075745507	-1.55891559955	1.89536466946	1.34565294094	-2.50437772075	297
20	1.0	0.5	0.0	1.19425527468	1.09389432223	-1.62265323974	1.35463571543	0.924699974491	-2.62507798427	298
20	1.0	0.75	0.0	0.654994417885	0.685873477532	-1.67626607006	0.792064731166	0.504958299178	-2.72488703408	299
20	1.0	1.0	0.0	0.098233695	0.417563595	-1.748077604	0.234559889264	0.226231814733	-2.81575852698	300
25	0.0	0.0	0.0	4.279531631	1.522457254	-1.381827159	4.7219226099	1.61666163175	-1.92234630354	301
25	0.0	0.25	0.0	3.73351488614	1.67888434489	-1.36612825061	4.16046344669	1.71491009023	-2.00214827508	302
25	0.0	0.5	0.0	3.13877832207	1.81968191935	-1.35643976676	3.51468108748	1.75704639648	-2.09685647535	303
25	0.0	0.75	0.0	2.57845354946	1.88265139814	-1.37817059828	2.88887469216	1.73182823713	-2.21143116052	304
25	0.0	1.0	0.0	2.135672179	1.805594202	-1.456729636	2.38734342065	1.62801329881	-2.35083258673	305
25	0.25	0.0	0.0	4.23754687739	0.979983434071	-1.60698003948	4.69493301009	1.01331697796	-2.30965580265	306
25	0.25	0.25	0.0	3.74775459894	1.02947681948	-1.61953896357	4.17458878337	1.05134029229	-2.43307695355	307
25	0.25	0.5	0.0	3.20729809368	0.981559595533	-1.62909321877	3.58689972109	0.969518482532	-2.55514955922	308
25	0.25	0.75	0.0	2.67353242529	0.86723632214	-1.6548322844	3.0047723361	0.816531158637	-2.67389929625	309
25	0.25	1.0	0.0	2.20381265744	0.717511559211	-1.71594563981	2.50111314126	0.641057930565	-2.78735184127	310
25	0.5	0.0	0.0	4.23101509429	0.256226931962	-1.78850085844	4.72473994417	0.161968808557	-2.53012592458	311
25	0.5	0.25	0.0	3.75919294561	0.23124662549	-1.84804844715	4.22099948349	0.133140248148	-2.70085266333	312
25	0.5	0.5	0.0	3.22297495616	0.111618462641	-1.9036283788	3.645455944	-0.0083363470753	-2.86709887252	313
25	0.5	0.75	0.0	2.68387434483	-0.0516261912587	-1.95891693549	3.06513478437	-0.203720247141	-3.0103120242	314
25	0.5	1.0	0.0	2.2034043305	-0.207455970884	-2.01759039932	2.54706146329	-0.394270722075	-3.11193959044	315
25	0.75	0.0	0.0	4.24333906905	-0.484508366628	-1.88562909843	4.7714761769	-0.716771412327	-2.56280703077	316
25	0.75	0.25	0.0	3.76982119142	-0.567102791865	-1.9883211539	4.2709995118	-0.815939813765	-2.76494194302	317
25	0.75	0.5	0.0	3.21723147249	-0.708319981301	-2.08760270122	3.68717784712	-0.991815791079	-2.96040978925	318
25	0.75	0.75	0.0	2.66092064153	-0.870483789752	-2.17267237739	3.09253548602	-1.19698084374	-3.11908398793	319
25	0.75	1.0	0.0	2.17623942781	-1.01591807204	-2.23272881943	2.55959673162	-1.38401647121	-3.2108379575	320
25	1.0	0.0	0.0	4.257921589	-1.077918576	-1.857604242	4.79527447301	-1.40229222057	-2.38674948269	321
25	1.0	0.25	0.0	3.78163060165	-1.21686798736	-1.97702153635	4.29589283307	-1.57214966501	-2.58481133125	322
25	1.0	0.5	0.0	3.22149020568	-1.39643423827	-2.08857364038	3.70889352138	-1.79621754822	-2.76278768342	323
25	1.0	0.75	0.0	2.65611264887	-1.58588412104	-2.17834643597	3.10954789005	-2.03130549469	-2.89862983098	324
25	1.0	1.0	0.0	2.164110179	-1.754484428	-2.232425805	2.57312729115	-2.23422312894	-2.97028906573	325
26	0.0	0.0	0.0	2.135672179	1.805594202	-1.456729636	2.38734342065	1.62801329881	-2.35083258673	326
26	0.0	0.25	0.0	1.69486496263	1.51075745507	-1.55891559955	1.89536466946	1.34565294094	-2.50437772075	327
26	0.0	0.5	0.0	1.19425527468	1.09389432223	-1.62265323974	1.35463571543	0.924699974491	-2.62507798427	328
26	0.0	0.75	0.0	0.654994417885	0.685873477532	-1.67626607006	0.792064731166	0.504958299178	-2.72488703408	329
26	0.0	1.0	0.0	0.098233695	0.417563595	-1.748077604	0.234559889264	0.226231814733	-2.81575852698	330
26	0.25	0.0	0.0	2.20381265744	0.717511559211	-1.71594563981	2.50111314126	0.641057930565	-2.78735184127	331
26	0.25	0.25	0.0	1.70408450294	0.493811826127	-1.79716055425	1.96894909882	0.390146434498	-2.89895624794	332
26	0.25	0.5	0.0	1.16408586822	0.222114687855	-1.85988712135	1.38688633063	0.07122191045	-2.98850893753	333
26	0.25	0.75	0.0	0.609140889821	-0.0304330226469	-1.92138540176	0.791856339463	-0.241259586833	-3.06156322624	334
26	0.25	1.0	0.0	0.0645737042803	-0.196684472423	-1.99891545614	0.220790628068	-0.472842002607	-3.1236724303	335
26	0.5	0.0	0.0	2.2034043305	-0.207455970884	-2.01759039932	2.54706146329	-0.394270722075	-3.11193959044	336
26	0.5	0.25	0.0	1.68455200848	-0.402866672828	-2.06727531345	1.98581913186	-0.632180046927	-3.17425875324	337
26	0.5	0.5	0.0	1.11255933106	-0.642110489712	-2.09121719576	1.36493238495	-0.924561329008	-3.20256949404	338
26	0.5	0.75	0.0	0.531866270783	-0.856291056488	-2.10792097882	0.736790091148	-1.2010165726	-3.20939530517	339
26	0.5	1.0	0.0	-0.0130871998136	-0.976512008112	-2.1358915952	0.153781119062	-1.391147782	-3.20725967897	340
26	0.75	0.0	0.0	2.17623942781	-1.01591807204	-2.23272881943	2.55959673162	-1.38401647121	-3.2108379575	341
26	0.75	0.25	0.0	1.65447063097	-1.20678860225	-2.25461512337	1.97969822602	-1.61560284169	-3.23323417228	342
26	0.75	0.5	0.0	1.05750214452	-1.45168868518	-2.23796369375	1.32655039838	-1.9017937599	-3.20781947672	343
26	0.75	0.75	0.0	0.45185778451	-1.66707150847	-2.20368938828	0.668812906108	-2.16057434275	-3.1545727776	344
26	0.75	1.0	0.0	-0.0959386330008	-1.76939025974	-2.17270706467	0.0751454066428	-2.30992970716	-3.09347298171	345
26	1.0	0.0	0.0	2.164110179	-1.754484428	-2.232425805	2.57312729115	-2.23422312894	-2.97028906573	346
26	1.0	0.25	0.0	1.6320435221	-1.94546452258	-2.24453523027	1.98430983873	-2.45439828817	-2.97883144068	347
26	1.0	0.5	0.0	1.0167407899	-2.15952737327	-2.22144684612	1.30951689092	-2.69961939826	-2.94481870846	348
26	1.0	0.75	0.0	0.397802654742	-2.33814526307	-2.17650721716	0.629871704228	-2.90619458191	-2.88328515025	349
26	1.0	1.0	0.0	-0.145170211	-2.422790475	-2.123062908	0.0264975352059	-3.01043196181	-2.80926504722	350
27	0.0	0.0	0.0	4.257921589	-1.077918576	-1.857604242	4.79527447301	-1.40229222057	-2.38674948269	351
27	0.0	0.25	0.0	3.78163060165	-1.21686798736	-1.97702153635	4.29589283307	-1.57214966501	-2.58481133125	352
27	0.0	0.5	0.0	3.22149020568	-1.39643423827	-2.08857364038	3.70889352138	-1.79621754822	-2.76278768342	353
27	0.0	0.75	0.0	2.65611264887	-1.58588412104	-2.17834643597	3.10954789005	-2.03130549469	-2.89862983098	354
27	0.0	1.0	0.0	2.164110179	-1.754484428	-2.232425805	2.57312729115	-2.23422312894	-2.97028906573	355
27	0.25	0.0	0.0	4.31985638776	-1.5006991461	-1.68639429321	4.82279997336	-1.84766115744	-2.02062167715	356
27	0.25	0.25	0.0	3.83593141654	-1.68815647959	-1.78983783893	4.31770669792	-2.06923999201	-2.18418707523	357
27	0.25	0.5	0.0	3.26996218936	-1.90893137068	-1.87587069558	3.72709180889	-2.33332120061	-2.31484971212	358
27	0.25	0.75	0.0	2.6928573416	-2.13229991297	-1.93990552883	3.12272519277	-2.59781642493	-2.40776335489	359
27	0.25	1.0	0.0	2.17552550863	-2.32753820008	-1.97735500435	2.57637673608	-2.82063730664	-2.45808177062	360
27	0.5	0.0	0.0	4.44097363437	-1.97590116609	-1.37594973395	4.88168346005	-2.32289433642	-1.4483903144	361
27	0.5	0.25	0.0	3.93812401995	-2.21461165111	-1.44279684515	4.36139662069	-2.59443145392	-1.55537295224	362
27	0.5	0.5	0.0	3.35245793026	-2.46643035802	-1.48050650896	3.75555690467	-2.88925428673	-1.6223976098	363
27	0.5	0.75	0.0	2.74758340166	-2.70663215647	-1.49967021444	3.13195811604	-3.17186303015	-1.66279887975	364
27	0.5	1.0	0.0	2.18710847052	-2.91049191608	-1.51087945064	2.55839405887	-3.40675787947	-1.68991135474	365
27	0.75	0.0	0.0	4.54713162605	-2.35935243278	-0.996774401216	4.9342273494	-2.69553340313	-0.813023058074	366
27	0.75	0.25	0.0	4.02606893632	-2.6392998465	-1.01612972866	4.40030936225	-3.00537858671	-0.853467777613	367
27	0.75	0.5	0.0	3.41770921829	-2.90956822815	-0.999443837063	3.77817581495	-3.32070537405	-0.854512329868	368
27	0.75	0.75	0.0	2.78354449498	-3.15439214536	-0.970670791451	3.13372522699	-3.61376980224	-0.843274602825	369
27	0.75	1.0	0.0	2.18506678941	-3.35800616579	-0.953764656857	2.53285611791	-3.85682790839	-0.846872484472	370
27	1.0	0.0	0.0	4.56418866	-2.506880743	-0.619372132	4.94273405772	-2.8331200032	-0.257487571813	371
27	1.0	0.25	0.0	4.03762669005	-2.80528741036	-0.590067663119	4.4077916835	-3.15973592631	-0.233570366688	372
27	1.0	0.5	0.0	3.41444784333	-3.07898200888	-0.529645436423	3.77883554594	-3.48436303003	-0.180274825713	373
27	1.0	0.75	0.0	2.76399428745	-3.32109117347	-0.465937558516	3.12450509274	-3.78386123313	-0.128728721375	374
27	1.0	1.0	0.0	2.15560819	-3.524741539	-0.426776136	2.51343977162	-4.03509045435	-0.110059826163	375
28	0.0	0.0	0.0	2.164110179	-1.754484428	-2.232425805	2.57312729115	-2.23422312894	-2.97028906573	376
28	0.0	0.25	0.0	1.6320435221	-1.94546452258	-2.24453523027	1.98430983873	-2.45439828817	-2.97883144068	377
28	0.0	0.5	0.0	1.0167407899	-2.15952737327	-2.22144684612	1.30951689092	-2.69961939826	-2.94481870846	378
28	0.0	0.75	0.0	0.397802654742	-2.33814526307	-2.17650721716	0.629871704228	-2.90619458191	-2.88328515025	379
28	0.0	1.0	0.0	-0.145170211	-2.422790475	-2.123062908	0.0264975352059	-3.01043196181	-2.80926504722	380
28	0.25	0.0	0.0	2.17552550863	-2.32753820008	-1.97735500435	2.57637673608	-2.82063730664	-2.45808177062	381
28	0.25	0.25	0.0	1.62104488791	-2.52562169649	-1.98894011726	1.97983324585	-3.03942497149	-2.46544309127	382
28	0.25	0.5	0.0	0.991323575589	-2.72735326244	-1.97775662453	1.29238225613	-3.26293312908	-2.43795623851	383
28	0.25	0.75	0.0	0.365442557857	-2.88894457647	-1.94828215341	0.59878607659	-3.44016237918	-2.38857481914	384
28	0.25	1.0	0.0	-0.177517179102	-2.96660731709	-1.90499433116	-0.0161929831064	-3.52011332157	-2.33025243997	385
28	0.5	0.0	0.0	2.18710847052	-2.91049191608	-1.51087945064	2.55839405887	-3.40675787947	-1.68991135474	386
28	0.5	0.25	0.0	1.60711312959	-3.11261756626	-1.5193211221	1.95006578349	-3.62365637696	-1.70180764961	387
28	0.5	0.5	0.0	0.963733017484	-3.3213539644	-1.51899974652	1.25060561489	-3.8357984472	-1.69126684498	388
28	0.5	0.75	0.0	0.328868030517	-3.48533998528	-1.50686213354	0.54395200749	-3.99481419978	-1.66530620798	389
28	0.5	1.0	0.0	-0.225581935009	-3.55321450369	-1.47985509281	-0.0859565843232	-4.05233374431	-1.63094300577	390
28	0.75	0.0	0.0	2.18506678941	-3.35800616579	-0.953764656857	2.53285611791	-3.85682790839	-0.846872484472	391
28	0.75	0.25	0.0	1.58847817421	-3.56252485064	-0.95662500352	1.9153278021	-4.07378221774	-0.864783274867	392
28	0.75	0.5	0.0	0.937710358032	-3.78309535731	-0.964358399466	1.20827040583	-4.28173669176	-0.877115500986	393
28	0.75	0.75	0.0	0.297616689214	-3.95444497732	-0.96832517653	0.493501674497	-4.43056765428	-0.881011010942	394
28	0.75	1.0	0.0	-0.266949483912	-4.0113010022	-0.959885666548	-0.147160646517	-4.47015142912	-0.873611652845	395
28	1.0	0.0	0.0	2.15560819	-3.524741539	-0.426776136	2.51343977162	-4.03509045435	-0.110059826163	396
28	1.0	0.25	0.0	1.56336994884	-3.73141626835	-0.42179852028	1.89593965213	-4.256492207	-0.13122812623	397
28	1.0	0.5	0.0	0.916996839686	-3.95414331933	-0.433014770746	1.18946006756	-4.46426920192	-0.167867179682	398
28	1.0	0.75	0.0	0.281226150438	-4.1233730404	-0.448749301339	0.475567255178	-4.60784035324	-0.203220922183	399
28	1.0	1.0	0.0	-0.279204831	-4.16955578	-0.457326526	-0.164172547762	-4.63662457511	-0.220533289393	400
33	0.0	0.0	0.0	4.56418866	-2.506880743	-0.619372132	4.94273405772	-2.8331200032	-0.257487571813	401
33	0.0	0.25	0.0	4.03762669005	-2.80528741036	-0.590067663119	4.4077916835	-3.15973592631	-0.233570366688	402
33	0.0	0.5	0.0	3.41444784333	-3.07898200888	-0.529645436423	3.77883554594	-3.48436303003	-0.180274825713	403
33	0.0	0.75	0.0	2.76399428745	-3.32109117347	-0.465937558516	3.12450509274	-3.78386123313	-0.128728721375	404
33	0.0	1.0	0.0	2.15560819	-3.524741539	-0.426776136	2.51343977162	-4.03509045435	-0.110059826163	405
33	0.25	0.0	0.0	4.44557474131	-2.3145934175	-0.22659141929	4.87923090678	-2.65374455862	0.330596507002	406
33	0.25	0.25	0.0	3.93079734403	-2.60119977397	-0.152411611015	4.35248087348	-2.97167694469	0.410531803682	407
33	0.25	0.5	0.0	3.31556319925	-2.87479181043	-0.0606866119646	3.72766314449	-3.30029131631	0.497183603731	408
33	0.25	0.75	0.0	2.67523492739	-3.12168847821	0.0253816775857	3.07762443777	-3.60886418919	0.568685863516	409
33	0.25	1.0	0.0	2.08517514887	-3.32820872864	0.0825913573597	2.47521147126	-3.86667207906	0.603172539404	410
33	0.5	0.0	0.0	4.25988768213	-1.87533712279	0.136672341239	4.77334950319	-2.24900234837	0.96611376364	411
33	0.5	0.25	0.0	3.75990534577	-2.13002963587	0.256749707626	4.25003601963	-2.54012092435	1.10078864254	412
33	0.5	0.5	0.0	3.16846272283	-2.40532072432	0.396233870333	3.63178351498	-2.86912756572	1.2330393137	413
33	0.5	0.75	0.0	2.55567023677	-2.66473169866	0.523999038856	2.99158989262	-3.18731447424	1.33924875509	414
33	0.5	1.0	0.0	1.991638311	-2.87178386938	0.608919422694	2.40245305597	-3.44597385163	1.39579994468	415
33	0.75	0.0	0.0	4.08778056514	-1.33368876919	0.428265691899	4.66482914652	-1.73840562012	1.52081085724	416
33	0.75	0.25	0.0	3.59538510393	-1.55291068879	0.590452460399	4.13966672098	-1.99345383593	1.7031141616	417
33	0.75	0.5	0.0	3.02796803973	-1.82218541269	0.777981753563	3.52878471612	-2.31489538603	1.88292098517	418
33	0.75	0.75	0.0	2.4457916863	-2.08611020172	0.94782320409	2.90043134231	-2.63628996872	2.02826103759	419
33	0.75	1.0	0.0	1.90911835737	-2.28928231668	1.05694644468	2.32285480998	-2.89119728229	2.10716402846	420
33	1.0	0.0	0.0	4.009906473	-0.834225267	0.606035175	4.59340913631	-1.24146662153	1.86643444695	421
33	1.0	0.25	0.0	3.50767102719	-1.03097662548	0.801732814899	4.06058257653	-1.4600616501	2.08342237256	422
33	1.0	0.5	0.0	2.94890077557	-1.27700253766	1.02142278082	3.45625480663	-1.76161838498	2.30245729914	423
33	1.0	0.75	0.0	2.38609074667	-1.52171335427	1.21476285208	2.83817867186	-2.07286855308	2.48102379527	424
33	1.0	1.0	0.0	1.871735969	-1.714519426	1.331410808	2.26410701748	-2.3205438813	2.5766064295	425
34	0.0	0.0	0.0	2.15560819	-3.524741539	-0.426776136	2.51343977162	-4.03509045435	-0.110059826163	426
34	0.0	0.25	0.0	1.56336994884	-3.73141626835	-0.42179852028	1.89593965213	-4.256492207	-0.13122812623	427
34	0.0	0.5	0.0	0.916996839686	-3.95414331933	-0.433014770746	1.18946006756	-4.46426920192	-0.167867179682	428
34	0.0	0.75	0.0	0.281226150438	-4.1233730404	-0.448749301339	0.475567255178	-4.60784035324	-0.203220922183	429
34	0.0	1.0	0.0	-0.279204831	-4.16955578	-0.457326526	-0.164172547762	-4.63662457511	-0.220533289393	430
34	0.25	0.0	0.0	2.08517514887	-3.32820872864	0.0825913573597	2.47521147126	-3.86667207906	0.603172539404	431
34	0.25	0.25	0.0	1.51798207483	-3.52634980144	0.105760137408	1.87488373142	-4.08704824856	0.590105335691	432
34	0.25	0.5	0.0	0.890839523637	-3.73279691492	0.111759857701	1.18460028296	-4.29157030425	0.549323997071	433
34	0.25	0.75	0.0	0.271948665973	-3.88608927142	0.104053455016	0.485694539418	-4.43095475923	0.502274209605	434
34	0.25	1.0	0.0	-0.27048932749	-3.92476607327	0.0861038661287	-0.140500085655	-4.45591812665	0.470401659353	435
34	0.5	0.0	0.0	1.991638311	-2.87178386938	0.608919422694	2.40245305597	-3.44597385163	1.39579994468	436
34	0.5	0.25	0.0	1.45655532214	-3.04873949516	0.64890067358	1.8300360552	-3.65366064675	1.39052290731	437
34	0.5	0.5	0.0	0.856595200013	-3.2305809234	0.669513596004	1.16724955451	-3.84894512801	1.3474564384	438
34	0.5	0.75	0.0	0.260528877349	-3.36574852275	0.667345489231	0.493071491649	-3.98393821984	1.29049315384	439
34	0.5	1.0	0.0	-0.262872713127	-3.40268266183	0.638983652527	-0.113520195605	-4.01075084667	1.24352566954	440
34	0.75	0.0	0.0	1.90911835737	-2.28928231668	1.05694644468	2.32285480998	-2.89119728229	2.10716402846	441
34	0.75	0.25	0.0	1.40424366245	-2.44472921076	1.10345073715	1.7742978848	-3.08252101625	2.10807196123	442
34	0.75	0.5	0.0	0.829035696586	-2.60344092638	1.12475077486	1.13700420841	-3.26581851235	2.06395883196	443
34	0.75	0.75	0.0	0.25353453591	-2.72335318054	1.1170507541	0.48845489515	-3.3966850459	1.99868507719	444
34	0.75	1.0	0.0	-0.25221974345	-2.76240169023	1.07655487116	-0.093868940608	-3.43071589224	1.93611113343	445
34	1.0	0.0	0.0	1.871735969	-1.714519426	1.331410808	2.26410701748	-2.3205438813	2.5766064295	446
34	1.0	0.25	0.0	1.38620106745	-1.86046280946	1.36523797705	1.72057048153	-2.49982097178	2.58079987005	447
34	1.0	0.5	0.0	0.822932841127	-2.00732250544	1.36197572497	1.09346057085	-2.67161529638	2.53625986542	448
34	1.0	0.75	0.0	0.257533392996	-2.11990563095	1.32909320241	0.462601533198	-2.79908954822	2.46409914628	449
34	1.0	1.0	0.0	-0.234395174	-2.163019303	1.27405956	-0.0921823836597	-2.84540642041	2.38543044331	450
35	0.0	0.0	0.0	4.009906473	-0.834225267	0.606035175	4.59340913631	-1.24146662153	1.86643444695	451
35	0.0	0.25	0.0	3.50767102719	-1.03097662548	0.801732814899	4.06058257653	-1.4600616501	2.08342237256	452
35	0.0	0.5	0.0	2.94890077557	-1.27700253766	1.02142278082	3.45625480663	-1.76161838498	2.30245729914	453
35	0.0	0.75	0.0	2.38609074667	-1.52171335427	1.21476285208	2.83817867186	-2.07286855308	2.48102379527	454
35	0.0	1.0	0.0	1.871735969	-1.714519426	1.331410808	2.26410701748	-2.3205438813	2.5766064295	455
35	0.25	0.0	0.0	4.03457911792	-0.250837803715	0.725949451603	4.55916612072	-0.602776889478	2.02797239704	456
35	0.25	0.25	0.0	3.5163199801	-0.419017123693	0.9047514312	4.01504390835	-0.778782923235	2.24616189233	457
35	0.25	0.5	0.0	2.94614417067	-0.649982314562	1.09255085964	3.40608165509	-1.05957020451	2.46562465454	458
35	0.25	0.75	0.0	2.37961232603	-0.888307196041	1.252379996	2.78873417858	-1.36067744801	2.64369643611	459
35	0.25	1.0	0.0	1.87228508253	-1.07856558785	1.34727109934	2.21945629646	-1.59764336845	2.73771298945	460
35	0.5	0.0	0.0	4.09779362828	0.445279258762	0.82154376944	4.54242364143	0.193114717242	2.0611209041	461
35	0.5	0.25	0.0	3.57442263065	0.326807003141	0.919281516656	3.98997497562	0.0626203951929	2.23747032853	462
35	0.5	0.5	0.0	2.98729475598	0.0843679634749	1.005776676	3.36516150917	-0.214471442695	2.40512016922	463
35	0.5	0.75	0.0	2.40307457329	-0.186489970121	1.07728051262	2.73969933279	-0.524780550022	2.53781390991	464
35	0.5	1.0	0.0	1.8884266516	-0.390218907532	1.13004429164	2.18530453719	-0.754926680387	2.60929503433	465
35	0.75	0.0	0.0	4.17031012501	1.12076067811	0.856036420557	4.53881487109	0.981267749168	1.95615136599	466
35	0.75	0.25	0.0	3.64252812766	1.06845299388	0.860438996945	3.9825411981	0.903472579884	2.07567982818	467
35	0.75	0.5	0.0	3.04321118307	0.852016201226	0.840933666415	3.3449863386	0.649086458916	2.18332845562	468
35	0.75	0.75	0.0	2.44730082185	0.58529127394	0.823435398973	2.71292394995	0.346754595504	2.26749233644	469
35	0.75	1.0	0.0	1.92973857462	0.382119185801	0.833859164622	2.1731276895	0.125122198887	2.31656655879	470
35	1.0	0.0	0.0	4.222888729	1.642241212	0.792645697	4.54397298232	1.59674175684	1.70333518061	471
35	1.0	0.25	0.0	3.68118561992	1.66787808736	0.743339797745	3.98990799553	1.58309790554	1.77912253831	472
35	1.0	0.5	0.0	3.08475210352	1.57893030347	0.677855267389	3.35704811312	1.40651205878	1.86263412616	473
35	1.0	0.75	0.0	2.5031144051	1.42858948659	0.624815652089	2.73025784554	1.1658604432	1.93684783544	474
35	1.0	1.0	0.0	2.00579875	1.270047263	0.612844498	2.19440170323	0.960019285381	1.98474155748	475
36	0.0	0.0	0.0	1.871735969	-1.714519426	1.331410808	2.26410701748	-2.3205438813	2.5766064295	476
36	0.0	0.25	0.0	1.38620106745	-1.86046280946	1.36523797705	1.72057048153	-2.49982097178	2.58079987005	477
36	0.0	0.5	0.0	0.822932841127	-2.00732250544	1.36197572497	1.09346057085	-2.67161529638	2.53625986542	478
36	0.0	0.75	0.0	0.257533392996	-2.11990563095	1.32909320241	0.462601533198	-2.79908954822	2.46409914628	479
36	0.0	1.0	0.0	-0.234395174	-2.163019303	1.27405956	-0.0921823836597	-2.84540642041	2.38543044331	480
36	0.25	0.0	0.0	1.87228508253	-1.07856558785	1.34727109934	2.21945629646	-1.59764336845	2.73771298945	481
36	0.25	0.25	0.0	1.38653555657	-1.21862099371	1.37120331172	1.67432309078	-1.76682368269	2.74695888115	482
36	0.25	0.5	0.0	0.820287915677	-1.35331953636	1.35916721168	1.04917147384	-1.93326408084	2.71463145116	483
36	0.25	0.75	0.0	0.253240215681	-1.45669866359	1.32191285512	0.424868589629	-2.06461262561	2.65298509922	484
36	0.25	1.0	0.0	-0.234909487596	-1.50279582317	1.27019029792	-0.117718417862	-2.12851737976	2.57427422508	485
36	0.5	0.0	0.0	1.8884266516	-0.390218907532	1.13004429164	2.18530453719	-0.754926680387	2.60929503433	486
36	0.5	0.25	0.0	1.38833134804	-0.512356143627	1.16744008512	1.64860610701	-0.905622372898	2.6330216347	487
36	0.5	0.5	0.0	0.813637532643	-0.612661049141	1.19387410021	1.02895731307	-1.05459427861	2.6391583913	488
36	0.5	0.75	0.0	0.239159000499	-0.685208511998	1.20062688424	0.403343459294	-1.17674314124	2.62050792608	489
36	0.5	1.0	0.0	-0.260290453322	-0.72407342012	1.17897898455	-0.151250150371	-1.24696970452	2.56987286102	490
36	0.75	0.0	0.0	1.92973857462	0.382119185801	0.833859164622	2.1731276895	0.125122198887	2.31656655879	491
36	0.75	0.25	0.0	1.41918582525	0.260158300161	0.881735238972	1.64478040517	-0.0209671198998	2.35246236049	492
36	0.75	0.5	0.0	0.837967065805	0.162460240458	0.942250055069	1.03224083514	-0.167568469061	2.39115332798	493
36	0.75	0.75	0.0	0.251867891449	0.0925981794117	0.989085741013	0.406143756684	-0.289148160683	2.41125572974	494
36	0.75	1.0	0.0	-0.273326102637	0.0541452897393	0.995924424904	-0.162876052913	-0.360172506848	2.39138583427	495
36	1.0	0.0	0.0	2.00579875	1.270047263	0.612844498	2.19440170323	0.960019285381	1.98474155748	496
36	1.0	0.25	0.0	1.50669637163	1.10074889702	0.641875715033	1.66420686017	0.78239199879	2.01875528831	497
36	1.0	0.5	0.0	0.928261888939	0.919851616664	0.6804487408	1.05844478664	0.595850768438	2.05192890332	498
36	1.0	0.75	0.0	0.32794503253	0.774754766222	0.711139876667	0.441387096286	0.444505250484	2.06981661305	499
36	1.0	1.0	0.0	-0.236804467	0.71285769	0.716525424	-0.122694597211	0.372465101085	2.057972628	500
41	0.0	0.0	0.0	4.222888729	1.642241212	0.792645697	4.54397298232	1.59674175684	1.70333518061	501
41	0.0	0.25	0.0	3.68118561992	1.66787808736	0.743339797745	3.98990799553	1.58309790554	1.77912253831	502
41	0.0	0.5	0.0	3.08475210352	1.57893030347	0.677855267389	3.35704811312	1.40651205878	1.86263412616	503
41	0.0	0.75	0.0	2.5031144051	1.42858948659	0.624815652089	2.73025784554	1.1658604432	1.93684783544	504
41	0.0	1.0	0.0	2.00579875	1.270047263	0.612844498	2.19440170323	0.960019285381	1.98474155748	505
41	0.25	0.0	0.0	4.24010364084	1.80525051925	0.734732034429	4.5549450148	1.77716868823	1.55705521486	506
41	0.25	0.25	0.0	3.67879571503	1.90286077156	0.694637701976	3.98810392787	1.82345699901	1.62225503448	507
41	0.25	0.5	0.0	3.0862537227	1.96385778241	0.668166563305	3.35636666124	1.77330776375	1.7091025566	508
41	0.25	0.75	0.0	2.52278528686	1.95680862012	0.650859830208	2.73442285761	1.65074541244	1.78967481629	509
41	0.25	1.0	0.0	2.04869803055	1.850280353	0.638258714476	2.19696215966	1.47979437504	1.83604884865	510
41	0.5	0.0	0.0	4.26752111966	2.01153723596	0.648838216592	4.57867970911	1.99295757035	1.35193241696	511
41	0.5	0.25	0.0	3.66945588546	2.17176702627	0.641225345378	3.97874390468	2.09011523731	1.42307690765	512
41	0.5	0.5	0.0	3.0735844278	2.34439813592	0.707467602213	3.33507794271	2.15375994657	1.55088896284	513
41	0.5	0.75	0.0	2.52396787886	2.43848190876	0.777573127986	2.71107812944	2.13775625176	1.67290761823	514
41	0.5	1.0	0.0	2.06466737081	2.36306968863	0.781550063585	2.17014077112	1.99596870646	1.72667190951	515
41	0.75	0.0	0.0	4.2988283764	2.20250633544	0.552890053959	4.60879336814	2.18912187088	1.13702604869	516
41	0.75	0.25	0.0	3.66851375568	2.4184698111	0.575754469958	3.97903533933	2.33272982996	1.21118150326	517
41	0.75	0.5	0.0	3.07506043516	2.68300032683	0.716825505077	3.32512568132	2.49483120168	1.36109197948	518
41	0.75	0.75	0.0	2.53670264208	2.86110006068	0.859618591998	2.69663956801	2.57258884866	1.50527247782	519
41	0.75	1.0	0.0	2.07167460367	2.81777119069	0.887649163401	2.1431521733	2.46316563355	1.56223799872	520
41	1.0	0.0	0.0	4.327712622	2.319562791	0.464813357	4.63890229478	2.31067505747	0.961395371813	521
41	1.0	0.25	0.0	3.69131695017	2.58684208569	0.490876817719	4.0061856452	2.50095798648	1.01616216678	522
41	1.0	0.5	0.0	3.1189979611	2.94211331799	0.617307392859	3.35845360091	2.74348412349	1.11281024114	523
41	1.0	0.75	0.0	2.59103003747	3.21215378405	0.75165926882	2.72752308034	2.90093909068	1.20549563163	524
41	1.0	1.0	0.0	2.087687562	3.22374078	0.801486632	2.14521100194	2.83600851023	1.24837437498	525
42	0.0	0.0	0.0	2.00579875	1.270047263	0.612844498	2.19440170323	0.960019285381	1.98474155748	526
42	0.0	0.25	0.0	1.50669637163	1.10074889702	0.641875715033	1.66420686017	0.78239199879	2.01875528831	527
42	0.0	0.5	0.0	0.928261888939	0.919851616664	0.6804487408	1.05844478664	0.595850768438	2.05192890332	528
42	0.0	0.75	0.0	0.32794503253	0.774754766222	0.711139876667	0.441387096286	0.444505250484	2.06981661305	529
42	0.0	1.0	0.0	-0.236804467	0.71285769	0.716525424	-0.122694597211	0.372465101085	2.057972628	530
42	0.25	0.0	0.0	2.04869803055	1.850280353	0.638258714476	2.19696215966	1.47979437504	1.83604884865	531
42	0.25	0.25	0.0	1.57201489208	1.63165247141	0.62458424155	1.67328972229	1.25417509247	1.84835291996	532
42	0.25	0.5	0.0	1.00708177637	1.3678697321	0.608373335846	1.08865226367	1.00166473728	1.84627923203	533
42	0.25	0.75	0.0	0.403513994374	1.13937542115	0.592158810153	0.488894270112	0.789068459247	1.83280260292	534
42	0.25	1.0	0.0	-0.189073142982	1.02661282461	0.57847347726	-0.0801397721147	0.683191408125	1.81089785069	535
42	0.5	0.0	0.0	2.06466737081	2.36306968863	0.781550063585	2.17014077112	1.99596870646	1.72667190951	536
42	0.5	0.25	0.0	1.61319288991	2.12141335031	0.704708211888	1.66616534277	1.73204702181	1.69230008601	537
42	0.5	0.5	0.0	1.08156155632	1.82986154525	0.602583447724	1.12547785276	1.43202074249	1.61590138515	538
42	0.5	0.75	0.0	0.494192175248	1.56272408289	0.510800757514	0.556919210349	1.16837926221	1.5349861366	539
42	0.5	1.0	0.0	-0.124496448056	1.39431077265	0.464985127675	-0.0306696751912	1.01361197467	1.48706467008	540
42	0.75	0.0	0.0	2.07167460367	2.81777119069	0.887649163401	2.1431521733	2.46316563355	1.56223799872	541
42	0.75	0.25	0.0	1.62774968966	2.56688744283	0.770006282216	1.64824614354	2.17234829366	1.49306509993	542
42	0.75	0.5	0.0	1.13372768979	2.25868037002	0.5983500169	1.14671019067	1.82928749975	1.35647605184	543
42	0.75	0.75	0.0	0.576485399969	1.96158249528	0.440224478423	0.611515697073	1.51495303134	1.21779747349	544
42	0.75	1.0	0.0	-0.0571003838524	1.74402634162	0.363173777752	0.015634045098	1.31031466797	1.1423559839	545
42	1.0	0.0	0.0	2.087687562	3.22374078	0.801486632	2.14521100194	2.83600851023	1.24837437498	546
42	1.0	0.25	0.0	1.61320461585	2.9649306581	0.708237108706	1.62494454649	2.53141941487	1.19311627517	547
42	1.0	0.5	0.0	1.14560663781	2.60717952034	0.530943983839	1.13013791419	2.13583372474	1.06368392129	548
42	1.0	0.75	0.0	0.626899493354	2.25273240216	0.353588732552	0.618737510361	1.76130513861	0.922666872989	549
42	1.0	1.0	0.0	-0.000910952	2.003834339	0.26015283	0.0486897402914	1.51988735525	0.832654689889	550
43	0.0	0.0	0.0	4.327712622	2.319562791	0.464813357	4.63890229478	2.31067505747	0.961395371813	551
43	0.0	0.25	0.0	3.69131695017	2.58684208569	0.490876817719	4.0061856452	2.50095798648	1.01616216678	552
43	0.0	0.5	0.0	3.1189979611	2.94211331799	0.617307392859	3.35845360091	2.74348412349	1.11281024114	553
43	0.0	0.75	0.0	2.59103003747	3.21215378405	0.75165926882	2.72752308034	2.90093909068	1.20549563163	554
43	0.0	1.0	0.0	2.087687562	3.22374078	0.801486632	2.14521100194	2.83600851023	1.24837437498	555
43	0.25	0.0	0.0	4.39090109522	2.35780795752	0.333656406173	4.70634855091	2.36354108419	0.751569501334	556
43	0.25	0.25	0.0	3.74240494427	2.65961323782	0.356941983287	4.06800007352	2.58681100223	0.797192600578	557
43	0.25	0.5	0.0	3.17977229766	3.0788463693	0.447478711396	3.42087956027	2.87689912669	0.856096335332	558
43	0.25	0.75	0.0	2.65370906539	3.41400904929	0.546297713885	2.78296019609	3.07943678388	0.90667098905	559
43	0.25	1.0	0.0	2.11492115744	3.46360297513	0.594430114141	2.17221516593	3.04005530011	0.92730684518	560
43	0.5	0.0	0.0	4.49736662234	2.35956020273	0.136751433096	4.81953549622	2.39152621335	0.458509407409	561
43	0.5	0.25	0.0	3.81601112266	2.6975348692	0.150055492397	4.15318355761	2.6448123429	0.493569839688	562
43	0.5	0.5	0.0	3.24944684568	3.18507698581	0.215213336495	3.4966739293	2.99043759761	0.533282188659	563
43	0.5	0.75	0.0	2.72064202544	3.58660586774	0.284589439331	2.84917253482	3.24535364093	0.556641907252	564
43	0.5	1.0	0.0	2.15256489597	3.66654083017	0.310548274845	2.20984529768	3.2265121363	0.542644448393	565
43	0.75	0.0	0.0	4.60061389229	2.34048274433	-0.0699798757792	4.93025707453	2.40020333067	0.160008034055	566
43	0.75	0.25	0.0	3.88707923077	2.71032326128	-0.0750730169231	4.23459600935	2.67862736827	0.176065660557	567
43	0.75	0.5	0.0	3.31210533626	3.24821875558	-0.0358320779027	3.56787670093	3.06669064729	0.194653962267	568
43	0.75	0.75	0.0	2.77774044095	3.69840031101	0.00411542915612	2.91082562184	3.36151829832	0.192433492314	569
43	0.75	1.0	0.0	2.18603277702	3.80509901138	0.00114199212714	2.24416924462	3.360235452	0.146064803827	570
43	1.0	0.0	0.0	4.654147594	2.3162388	-0.230615834	4.99030722964	2.39514532188	-0.0661416747073	571
43	1.0	0.25	0.0	3.93055301404	2.70769469548	-0.263733906644	4.28509734063	2.69192143816	-0.084548160372	572
43	1.0	0.5	0.0	3.35183150054	3.25568526664	-0.262000877856	3.61652786809	3.08824938676	-0.109502182702	573
43	1.0	0.75	0.0	2.81091583527	3.71784845073	-0.257543332639	2.95258498246	3.39075939255	-0.148929149685	574
43	1.0	1.0	0.0	2.2007388	3.851822185	-0.282487856	2.26125485419	3.40608168042	-0.210754469308	575
44	0.0	0.0	0.0	2.087687562	3.22374078	0.801486632	2.14521100194	2.83600851023	1.24837437498	576
44	0.0	0.25	0.0	1.61320461585	2.9649306581	0.708237108706	1.62494454649	2.53141941487	1.19311627517	577
44	0.0	0.5	0.0	1.14560663781	2.60717952034	0.530943983839	1.13013791419	2.13583372474	1.06368392129	578
44	0.0	0.75	0.0	0.626899493354	2.25273240216	0.353588732552	0.618737510361	1.76130513861	0.922666872989	579
44	0.0	1.0	0.0	-0.000910952	2.003834339	0.26015283	0.0486897402914	1.51988735525	0.832654689889	580
44	0.25	0.0	0.0	2.11492115744	3.46360297513	0.594430114141	2.17221516593	3.04005530011	0.92730684518	581
44	0.25	0.25	0.0	1.61069768161	3.19930942153	0.52727929877	1.62626020773	2.72779923738	0.88174612971	582
44	0.25	0.5	0.0	1.1501331796	2.80412689633	0.371594623408	1.12356001134	2.29616993327	0.775211408558	583
44	0.25	0.75	0.0	0.650012532323	2.40014681536	0.207375196656	0.617446153772	1.87621052445	0.652139312659	584
44	0.25	1.0	0.0	0.0271206206704	2.10946059443	0.114620127119	0.0612502120527	1.59896414761	0.556966472947	585
44	0.5	0.0	0.0	2.15256489597	3.66654083017	0.310548274845	2.20984529768	3.2265121363	0.542644448393	586
44	0.5	0.25	0.0	1.62916955054	3.40219064548	0.242418309887	1.64754095459	2.90528715455	0.478276118672	587
44	0.5	0.5	0.0	1.17087537068	2.99063830102	0.101868774783	1.14256372107	2.44648883976	0.374622536394	588
44	0.5	0.75	0.0	0.678114410051	2.54504301167	-0.04407523028	0.6364500448	1.98324689963	0.258472650764	589
44	0.5	1.0	0.0	0.0513187222996	2.17856399233	-0.128388605113	0.0707363734672	1.64869104185	0.156615410985	590
44	0.75	0.0	0.0	2.18603277702	3.80509901138	0.00114199212714	2.24416924462	3.360235452	0.146064803827	591
44	0.75	0.25	0.0	1.64912169201	3.54753450357	-0.0749034256059	1.6681720327	3.03603992889	0.0622423940994	592
44	0.75	0.5	0.0	1.18979623262	3.12562688161	-0.198094477979	1.16288602647	2.55814288246	-0.0400656508075	593
44	0.75	0.75	0.0	0.699373902181	2.64282589697	-0.317898426903	0.656884918725	2.05866654756	-0.148006300822	594
44	0.75	1.0	0.0	0.069172204029	2.20258130107	-0.383782534288	0.0787424022764	1.66973315902	-0.248726525875	595
44	1.0	0.0	0.0	2.2007388	3.851822185	-0.282487856	2.26125485419	3.40608168042	-0.210754469308	596
44	1.0	0.25	0.0	1.65105557539	3.60930116941	-0.35324347537	1.66753868768	3.09221432294	-0.286818891964	597
44	1.0	0.5	0.0	1.188858787	3.16800578535	-0.44815605082	1.1602639106	2.60248449963	-0.370836108657	598
44	1.0	0.75	0.0	0.701959784358	2.64890037712	-0.53123027186	0.659886510826	2.07872175166	-0.456970730225	599
44	1.0	1.0	0.0	0.078169917	2.172949289	-0.566470828	0.0868624762212	1.66275562017	-0.539387367509	600
49	0.0	0.0	0.0	6.687981302	0.256986	-0.299999993	7.10219104483	0.195605644817	-0.128647053245	601
49	0.0	0.25	0.0	6.38530509425	0.906783832561	-0.27733430921	6.76882394793	0.954416265988	-0.124003555936	602
49	0.0	0.5	0.0	5.96493185427	1.49984305007	-0.234144464668	6.29079505042	1.60283288203	-0.0959549732235	603
49	0.0	0.75	0.0	5.39762491115	1.98628694255	-0.206536344541	5.69049319632	2.09752079873	-0.0686260858874	604
49	0.0	1.0	0.0	4.654147594	2.3162388	-0.230615834	4.99030722964	2.39514532188	-0.0661416747073	605
49	0.25	0.0	0.0	6.68906413575	0.255874188384	-0.310501955451	7.10620194065	0.194787903189	-0.139971983106	606
49	0.25	0.25	0.0	6.38225732558	0.88671770587	-0.37375405525	6.77050205424	0.933705377559	-0.25020289576	607
49	0.25	0.5	0.0	5.9538945084	1.46405147323	-0.36446581716	6.28755566427	1.57142133539	-0.269158951089	608
49	0.25	0.75	0.0	5.38226899585	1.94674691325	-0.344231486492	5.68379956628	2.06750853501	-0.255504671887	609
49	0.25	1.0	0.0	4.64567409954	2.29367544868	-0.374645308556	4.9856705558	2.38153973477	-0.26790458095	610
49	0.5	0.0	0.0	6.69144637	0.252721701013	-0.320990036167	7.11502591145	0.192282369789	-0.152270592125	611
49	0.5	0.25	0.0	6.37349629889	0.855539622261	-0.478621610053	6.77070775127	0.897176959799	-0.386303157783	612
49	0.5	0.5	0.0	5.92476971849	1.41962602661	-0.521487051267	6.2713684767	1.527471575	-0.476060098315	613
49	0.5	0.75	0.0	5.33915443989	1.90285085749	-0.525317197852	5.65363325846	2.03177933228	-0.501099115802	614
49	0.5	1.0	0.0	4.61053827419	2.26308405834	-0.565842887851	4.95412726724	2.35871334852	-0.540977912327	615
49	0.75	0.0	0.0	6.69382860425	0.247802963135	-0.330774922049	7.12384988226	0.188010585884	-0.163866006311	616
49	0.75	0.25	0.0	6.36140260843	0.813243398769	-0.579504944441	6.7687791938	0.844903643185	-0.516388853923	617
49	0.75	0.5	0.0	5.88795054186	1.36499686767	-0.67507925385	6.25084748204	1.46840590926	-0.679553575508	618
49	0.75	0.75	0.0	5.28601830686	1.85230132311	-0.703211417839	5.61778229833	1.98662998891	-0.746426221445	619
49	0.75	1.0	0.0	4.56815180575	2.22439471834	-0.74961500397	4.91731119405	2.32768848689	-0.810072842114	620
49	1.0	0.0	0.0	6.694911438	0.2413924	-0.3391673	7.12786077808	0.181894092736	-0.173081351672	621
49	1.0	0.25	0.0	6.34835684842	0.759822852428	-0.663972029236	6.76405453661	0.776958058195	-0.624544496101	622
49	1.0	0.5	0.0	5.85383003585	1.29859415391	-0.795113511769	6.23460667459	1.39164664659	-0.842534543275	623
49	1.0	0.75	0.0	5.24059766036	1.79280085794	-0.831332085667	5.59403471138	1.92835730327	-0.932502792626	624
49	1.0	1.0	0.0	4.537926382	2.177537518	-0.871368089	4.89685616632	2.2894874736	-0.999900543587	625
50	0.0	0.0	0.0	6.694911438	0.2413924	-0.3391673	7.12786077808	0.181894092736	-0.173081351672	626
50	0.0	0.25	0.0	6.34835684842	0.759822852428	-0.663972029236	6.76405453661	0.776958058195	-0.624544496101	627
50	0.0	0.5	0.0	5.85383003585	1.29859415391	-0.795113511769	6.23460667459	1.39164664659	-0.842534543275	628
50	0.0	0.75	0.0	5.24059766036	1.79280085794	-0.831332085667	5.59403471138	1.92835730327	-0.932502792626	629
50	0.0	1.0	0.0	4.537926382	2.177537518	-0.871368089	4.89685616632	2.2894874736	-0.999900543587	630
50	0.25	0.0	0.0	6.68808824127	0.232671419221	-0.346450978502	7.12563928184	0.173045301193	-0.183469158391	631
50	0.25	0.25	0.0	6.32534211222	0.68222826909	-0.749685371886	6.75158426467	0.680049136876	-0.737052374317	632
50	0.25	0.5	0.0	5.80781720013	1.19275523642	-0.921037526307	6.21053405458	1.26797819487	-1.01961909475	633
50	0.25	0.75	0.0	5.18055111039	1.68059191499	-0.965996410888	5.56312830643	1.80987076823	-1.14009546261	634
50	0.25	1.0	0.0	4.48858144838	2.06207789854	-0.990050994751	4.87000667513	2.17876515001	-1.20740762086	635
50	0.5	0.0	0.0	6.67306936307	0.225301334972	-0.349417725385	7.1207441447	0.165394033265	-0.193264987354	636
50	0.5	0.25	0.0	6.29594356491	0.607515392793	-0.810399223466	6.73486568326	0.592126287959	-0.822366071611	637
50	0.5	0.5	0.0	5.75424718046	1.07528903535	-1.03765431364	6.17539507661	1.13444488525	-1.18735869414	638
50	0.5	0.75	0.0	5.10565478801	1.53211205684	-1.11739901698	5.51273255453	1.64893364216	-1.37376079231	639
50	0.5	1.0	0.0	4.40784096587	1.88147425144	-1.13584935453	4.81727834681	1.99217637574	-1.46709030345	640
50	0.75	0.0	0.0	6.65803087132	0.217311688238	-0.351614184576	7.11582939403	0.15712320285	-0.202290528624	641
50	0.75	0.25	0.0	6.26863159988	0.524607301161	-0.854288615137	6.71890244746	0.497517428302	-0.886314141534	642
50	0.75	0.5	0.0	5.70414403411	0.946610820449	-1.1355416406	6.13980729921	0.9887784868	-1.33160025898	643
50	0.75	0.75	0.0	5.03397829504	1.37091989448	-1.25618285416	5.45991723465	1.47144027509	-1.59260626562	644
50	0.75	1.0	0.0	4.32754450368	1.68513217163	-1.27702184905	4.76060553914	1.78603668994	-1.7237895461	645
50	1.0	0.0	0.0	6.651148834	0.20673202	-0.356587	7.11354905719	0.146415723849	-0.210367472266	646
50	1.0	0.25	0.0	6.25187661053	0.422427071812	-0.889528578059	6.70869821236	0.380550474763	-0.934725137634	647
50	1.0	0.5	0.0	5.66853181838	0.807135861475	-1.20527727398	6.11438828093	0.828710768601	-1.43819070677	648
50	1.0	0.75	0.0	4.98359123329	1.2205740389	-1.35299087266	5.42175212581	1.30328501704	-1.75573936647	649
50	1.0	1.0	0.0	4.279531631	1.522457254	-1.381827159	4.7219226099	1.61666163175	-1.92234630354	650
53	0.0	0.0	0.0	6.651148834	0.20673202	-0.356587	7.11354905719	0.146415723849	-0.210367472266	651
53	0.0	0.25	0.0	6.25187661053	0.422427071812	-0.889528578059	6.70869821236	0.380550474763	-0.934725137634	652
53	0.0	0.5	0.0	5.66853181838	0.807135861475	-1.20527727398	6.11438828093	0.828710768601	-1.43819070677	653
53	0.0	0.75	0.0	4.98359123329	1.2205740389	-1.35299087266	5.42175212581	1.30328501704	-1.75573936647	654
53	0.0	1.0	0.0	4.279531631	1.522457254	-1.381827159	4.7219226099	1.61666163175	-1.92234630354	655
53	0.25	0.0	0.0	6.65301303619	0.186268528864	-0.369058201277	7.1135621086	0.123859124115	-0.220840565359	656
53	0.25	0.25	0.0	6.23779058683	0.216860349226	-0.938146208303	6.70229724423	0.140351490515	-0.99772399448	657
53	0.25	0.5	0.0	5.61836005366	0.449879041765	-1.31233194621	6.08919910773	0.406903395722	-1.60829235029	658
53	0.25	0.75	0.0	4.91238947206	0.749521204155	-1.5243612712	5.38362519704	0.754297628586	-2.04733862295	659
53	0.25	1.0	0.0	4.23754687739	0.979983434071	-1.60698003948	4.69493301009	1.01331697796	-2.30965580265	660
53	0.5	0.0	0.0	6.65725447303	0.164059360011	-0.380514025161	7.11373101375	0.0970451163448	-0.227900551236	661
53	0.5	0.25	0.0	6.24228653516	0.0185220043782	-0.950532958516	6.71150606893	-0.0913796064014	-1.00035471911	662
53	0.5	0.5	0.0	5.60785652834	0.0499612887987	-1.36613842181	6.10141840962	-0.0685659415373	-1.66786426692	663
53	0.5	0.75	0.0	4.89156564918	0.161491501813	-1.64092839509	5.40023928498	0.053284175321	-2.19094830023	664
53	0.5	1.0	0.0	4.23101509429	0.256226931962	-1.78850085844	4.72473994417	0.161968808557	-2.53012592458	665
53	0.75	0.0	0.0	6.66148878986	0.141756916152	-0.386400336464	7.11389279888	0.0701378335694	-0.229391024533	666
53	0.75	0.25	0.0	6.256175042	-0.16154027014	-0.927332575851	6.72720908057	-0.298018419669	-0.947370652221	667
53	0.75	0.5	0.0	5.61990962124	-0.334670594909	-1.36119636174	6.12830480064	-0.519900946045	-1.61840536907	668
53	0.75	0.75	0.0	4.89989635459	-0.426153484842	-1.68246932548	5.43659036433	-0.643491394088	-2.17828691521	669
53	0.75	1.0	0.0	4.24333906905	-0.484508366628	-1.88562909843	4.7714761769	-0.716771412327	-2.56280703077	670
53	1.0	0.0	0.0	6.663331632	0.1210136	-0.382163	7.11388449025	0.0473014088187	-0.223155579884	671
53	1.0	0.25	0.0	6.27026669381	-0.312278781739	-0.869188807455	6.74029067327	-0.462940552969	-0.84352513452	672
53	1.0	0.5	0.0	5.63740771121	-0.646069806843	-1.29200542695	6.14711689483	-0.86930532067	-1.46141456911	673
53	1.0	0.75	0.0	4.91615817825	-0.896052172525	-1.62876114348	5.45767440979	-1.17976513097	-2.00107298479	674
53	1.0	1.0	0.0	4.257921589	-1.077918576	-1.857604242	4.79527447301	-1.40229222057	-2.38674948269	675
54	0.0	0.0	0.0	6.663331632	0.1210136	-0.382163	7.11388449025	0.0473014088187	-0.223155579884	676
54	0.0	0.25	0.0	6.27026669381	-0.312278781739	-0.869188807455	6.74029067327	-0.462940552969	-0.84352513452	677
54	0.0	0.5	0.0	5.63740771121	-0.646069806843	-1.29200542695	6.14711689483	-0.86930532067	-1.46141456911	678
54	0.0	0.75	0.0	4.91615817825	-0.896052172525	-1.62876114348	5.45767440979	-1.17976513097	-2.00107298479	679
54	0.0	1.0	0.0	4.257921589	-1.077918576	-1.857604242	4.79527447301	-1.40229222057	-2.38674948269	680
54	0.25	0.0	0.0	6.66348151797	0.105066839896	-0.367753915301	7.11290428743	0.0315734406682	-0.200022659965	681
54	0.25	0.25	0.0	6.29357050845	-0.436754833752	-0.77773830775	6.756395943	-0.592403559028	-0.69815602836	682
54	0.25	0.5	0.0	5.68301687781	-0.882519592468	-1.15663742057	6.17264015551	-1.11578551619	-1.21675086596	683
54	0.25	0.75	0.0	4.9767892847	-1.2359326315	-1.47075487523	5.48649035547	-1.53529664445	-1.68213135485	684
54	0.25	1.0	0.0	4.31985638776	-1.5006991461	-1.68639429321	4.82279997336	-1.84766115744	-2.02062167715	685
54	0.5	0.0	0.0	6.66399668061	0.0943231548007	-0.347488972796	7.11093325474	0.0213110978699	-0.160565279976	686
54	0.5	0.25	0.0	6.32980566079	-0.560373441964	-0.65200418892	6.77956401121	-0.719614552054	-0.507335962938	687
54	0.5	0.5	0.0	5.76291005917	-1.13520346704	-0.950464995148	6.21685247438	-1.37275734012	-0.873249705794	688
54	0.5	0.75	0.0	5.0908020067	-1.61282626142	-1.20455298049	5.54386887906	-1.91491726776	-1.20477749435	689
54	0.5	1.0	0.0	4.44097363437	-1.97590116609	-1.37594973395	4.88168346005	-2.32289433642	-1.4483903144	690
54	0.75	0.0	0.0	6.6645474997	0.0881817923048	-0.324470671394	7.10899787849	0.0156510776713	-0.11835454109	691
54	0.75	0.25	0.0	6.35934106334	-0.654097209521	-0.507453361023	6.79756514414	-0.813541145797	-0.296585583837	692
54	0.75	0.5	0.0	5.82955739978	-1.33305858769	-0.709500579588	6.25262476264	-1.56990381445	-0.496479680013	693
54	0.75	0.75	0.0	5.18791481776	-1.91328333214	-0.887108776512	5.59217830679	-2.21128515724	-0.680978335973	694
54	0.75	1.0	0.0	4.54713162605	-2.35935243278	-0.996774401216	4.9342273494	-2.69553340313	-0.813023058074	695
54	1.0	0.0	0.0	6.664804355	0.086042	-0.30180151	7.108124645	0.0137300773197	-0.0869615444758	696
54	1.0	0.25	0.0	6.36254562864	-0.688888739567	-0.359552734119	6.79816960803	-0.843150954007	-0.0914255366376	697
54	1.0	0.5	0.0	5.83542904415	-1.40502211157	-0.46975660279	6.25282793148	-1.63690796116	-0.152009380001	698
54	1.0	0.75	0.0	5.19784619133	-2.02385411354	-0.575375580566	5.59378696488	-2.3170584692	-0.222700812436	699
54	1.0	1.0	0.0	4.56418866	-2.506880743	-0.619372132	4.94273405772	-2.8331200032	-0.257487571813	700
57	0.0	0.0	0.0	6.664804355	0.086042	-0.30180151	7.108124645	0.0137300773197	-0.0869615444758	701
57	0.0	0.25	0.0	6.36254562864	-0.688888739567	-0.359552734119	6.79816960803	-0.843150954007	-0.0914255366376	702
57	0.0	0.5	0.0	5.83542904415	-1.40502211157	-0.46975660279	6.25282793148	-1.63690796116	-0.152009380001	703
57	0.0	0.75	0.0	5.19784619133	-2.02385411354	-0.575375580566	5.59378696488	-2.3170584692	-0.222700812436	704
57	0.0	1.0	0.0	4.56418866	-2.506880743	-0.619372132	4.94273405772	-2.8331200032	-0.257487571813	705
57	0.25	0.0	0.0	6.66271523629	0.0876045168738	-0.278036315243	7.1091513558	0.0169368956477	-0.057669960721	706
57	0.25	0.25	0.0	6.32613843863	-0.642949739318	-0.20716652383	6.77394362636	-0.791768122544	0.123076020106	707
57	0.25	0.5	0.0	5.75255974713	-1.30427009945	-0.221111473001	6.20158171904	-1.53553064339	0.213661030741	708
57	0.25	0.75	0.0	5.07977367646	-1.87020263502	-0.250657619305	5.52552451785	-2.17072975828	0.265647162576	709
57	0.25	1.0	0.0	4.44557474131	-2.3145934175	-0.22659141929	4.87923090678	-2.65374455862	0.330596507002	710
57	0.5	0.0	0.0	6.65813418985	0.0934800608147	-0.254022878693	7.1114251343	0.0264299027882	-0.0214984683748	711
57	0.5	0.25	0.0	6.26931538673	-0.534347244307	-0.0663371767337	6.73687454536	-0.681772811691	0.332918148492	712
57	0.5	0.5	0.0	5.62935197005	-1.07612075321	0.0118430334934	6.12570572536	-1.31548439664	0.596428453101	713
57	0.5	0.75	0.0	4.90421803634	-1.525298151	0.0547640926104	5.42287770205	-1.84709689467	0.797878354975	714
57	0.5	1.0	0.0	4.25988768213	-1.87533712279	0.136672341239	4.77334950319	-2.24900234837	0.96611376364	715
57	0.75	0.0	0.0	6.65359068024	0.104379174348	-0.232907930296	7.11373644962	0.0409464795212	0.0117745358179	716
57	0.75	0.25	0.0	6.21631999293	-0.392194514954	0.0523546506449	6.70051443679	-0.537845946211	0.510352886625	717
57	0.75	0.5	0.0	5.51968889493	-0.782561223831	0.203236276955	6.05370636391	-1.03238846265	0.928053699257	718
57	0.75	0.75	0.0	4.7485561608	-1.0889747195	0.301339205189	5.32468650811	-1.43510153292	1.26487401053	719
57	0.75	1.0	0.0	4.08778056514	-1.33368876919	0.428265691899	4.66482914652	-1.73840562012	1.52081085724	720
57	1.0	0.0	0.0	6.651614172	0.1210124	-0.2178382	7.1148757709	0.0592240066272	0.032370655112	721
57	1.0	0.25	0.0	6.19139577721	-0.245604811682	0.138328301783	6.67841537242	-0.384668450868	0.62763227261	722
57	1.0	0.5	0.0	5.47745370378	-0.485578662303	0.327197617648	6.01409004819	-0.741862083152	1.14029758139	723
57	1.0	0.75	0.0	4.69016493971	-0.661066398523	0.449517368439	5.26979092667	-1.02368532759	1.55751537499	724
57	1.0	1.0	0.0	4.009906473	-0.834225267	0.606035175	4.59340913631	-1.24146662153	1.86643444695	725
58	0.0	0.0	0.0	6.651614172	0.1210124	-0.2178382	7.1148757709	0.0592240066272	0.032370655112	726
58	0.0	0.25	0.0	6.19139577721	-0.245604811682	0.138328301783	6.67841537242	-0.384668450868	0.62763227261	727
58	0.0	0.5	0.0	5.47745370378	-0.485578662303	0.327197617648	6.01409004819	-0.741862083152	1.14029758139	728
58	0.0	0.75	0.0	4.69016493971	-0.661066398523	0.449517368439	5.26979092667	-1.02368532759	1.55751537499	729
58	0.0	1.0	0.0	4.009906473	-0.834225267	0.606035175	4.59340913631	-1.24146662153	1.86643444695	730
58	0.25	0.0	0.0	6.64781616825	0.141993601397	-0.213333997572	7.11073310053	0.0802295228803	0.0335208608602	731
58	0.25	0.25	0.0	6.19032650602	-0.0946701872578	0.210733544972	6.66751252722	-0.215724095706	0.709228790035	732
58	0.25	0.5	0.0	5.49692855754	-0.162211599667	0.435708164167	6.00303556618	-0.39051228436	1.26922294599	733
58	0.25	0.75	0.0	4.72566515184	-0.175858262822	0.570982564786	5.25451562736	-0.500681172484	1.70997894343	734
58	0.25	1.0	0.0	4.03457911792	-0.250837803715	0.725949451603	4.55916612072	-0.602776889478	2.02797239704	735
58	0.5	0.0	0.0	6.63927466653	0.164064225705	-0.21912591156	7.10143333223	0.102353639873	0.0203501541783	736
58	0.5	0.25	0.0	6.19297744283	0.066527949583	0.277676456335	6.65825863508	-0.0260709567974	0.773223028563	737
58	0.5	0.5	0.0	5.53009584335	0.186198807778	0.555968836916	5.99912052548	0.0271698595655	1.35239060639	738
58	0.5	0.75	0.0	4.7864333959	0.365106133201	0.706881263509	5.25138639655	0.140692835424	1.77573064559	739
58	0.5	1.0	0.0	4.09779362828	0.445279258762	0.82154376944	4.54242364143	0.193114717242	2.0611209041	740
58	0.75	0.0	0.0	6.63072581429	0.186038634661	-0.230667644767	7.09212621341	0.124381541513	0.00142962827624	741
58	0.75	0.25	0.0	6.2017917035	0.246486631676	0.318068524928	6.65376680805	0.183937298109	0.79427254368	742
58	0.75	0.5	0.0	5.57360818318	0.544607664939	0.639558995966	6.00213315905	0.461189267545	1.35745606058	743
58	0.75	0.75	0.0	4.85887955611	0.897124693925	0.797612162968	5.25716820165	0.784258925878	1.73130679575	744
58	0.75	1.0	0.0	4.17031012501	1.12076067811	0.856036420557	4.53881487109	0.981267749168	1.95615136599	745
58	1.0	0.0	0.0	6.626905759	0.20673119	-0.2434129	7.08796149149	0.145098411708	-0.0146696236362	746
58	1.0	0.25	0.0	6.21921240383	0.453702891856	0.310821239809	6.65715015819	0.413947001263	0.747034890872	747
58	1.0	0.5	0.0	5.62411819901	0.897970076722	0.638058001387	6.01186169987	0.861550858496	1.25207480656	748
58	1.0	0.75	0.0	4.92941351668	1.35549532373	0.783573961521	5.26862601007	1.31383932862	1.55324370821	749
58	1.0	1.0	0.0	4.222888729	1.642241212	0.792645697	4.54397298232	1.59674175684	1.70333518061	750
61	0.0	0.0	0.0	6.626905759	0.20673119	-0.2434129	7.08796149149	0.145098411708	-0.0146696236362	751
61	0.0	0.25	0.0	6.21921240383	0.453702891856	0.310821239809	6.65715015819	0.413947001263	0.747034890872	752
61	0.0	0.5	0.0	5.62411819901	0.897970076722	0.638058001387	6.01186169987	0.861550858496	1.25207480656	753
61	0.0	0.75	0.0	4.92941351668	1.35549532373	0.783573961521	5.26862601007	1.31383932862	1.55324370821	754
61	0.0	1.0	0.0	4.222888729	1.642241212	0.792645697	4.54397298232	1.59674175684	1.70333518061	755
61	0.25	0.0	0.0	6.63557258084	0.218182539617	-0.24876549003	7.091565019	0.155194757981	-0.0259745974612	756
61	0.25	0.25	0.0	6.23919313566	0.572255179237	0.297756287174	6.66896777837	0.544601114952	0.705643793612	757
61	0.25	0.5	0.0	5.6607138522	1.05740015709	0.614439808172	6.03502958049	1.03966163324	1.17508739942	758
61	0.25	0.75	0.0	4.97079669806	1.51970332112	0.745395061183	5.29520410082	1.49798219646	1.43975745986	759
61	0.25	1.0	0.0	4.24010364084	1.80525051925	0.734732034429	4.5549450148	1.77716868823	1.55705521486	760
61	0.5	0.0	0.0	6.65452038908	0.225510468363	-0.250322374382	7.09937357972	0.159541679369	-0.0406267261614	761
61	0.5	0.25	0.0	6.2723906496	0.664047993637	0.28669712459	6.68929494339	0.649314755702	0.661610857191	762
61	0.5	0.5	0.0	5.72008903043	1.20377967167	0.582659948928	6.0792706127	1.21177725884	1.07622285281	763
61	0.5	0.75	0.0	5.03825327323	1.70088343995	0.686921759355	5.34912429786	1.70647594499	1.28054984472	764
61	0.5	1.0	0.0	4.26752111966	2.01153723596	0.648838216592	4.57867970911	1.99295757035	1.35193241696	765
61	0.75	0.0	0.0	6.67344527428	0.232114210428	-0.252779621543	7.10715921741	0.163164414075	-0.0561792176707	766
61	0.75	0.25	0.0	6.30665407586	0.745125780975	0.248738372997	6.71045282303	0.744965052621	0.584156140535	767
61	0.75	0.5	0.0	5.78146863969	1.33314747863	0.517979211332	6.12509631431	1.36645536897	0.939681254768	768
61	0.75	0.75	0.0	5.10861729635	1.86325057344	0.603258052105	5.40617979482	1.89278957208	1.09557744937	769
61	0.75	1.0	0.0	4.2988283764	2.20250633544	0.552890053959	4.60879336814	2.18912187088	1.13702604869	770
61	1.0	0.0	0.0	6.682043327	0.241393	-0.2608333	7.1106939758	0.171088200303	-0.0701852799227	771
61	1.0	0.25	0.0	6.32983254462	0.831532987169	0.15497465334	6.72476258706	0.848429134815	0.44249970257	772
61	1.0	0.5	0.0	5.82407758597	1.44154243615	0.395658383059	6.15301820314	1.4922535973	0.749662693331	773
61	1.0	0.75	0.0	5.15872282158	1.9710196148	0.489507935498	5.4421637853	2.01039207557	0.904796860399	774
61	1.0	1.0	0.0	4.327712622	2.319562791	0.464813357	4.63890229478	2.31067505747	0.961395371813	775
62	0.0	0.0	0.0	6.682043327	0.241393	-0.2608333	7.1106939758	0.171088200303	-0.0701852799227	776
62	0.0	0.25	0.0	6.32983254462	0.831532987169	0.15497465334	6.72476258706	0.848429134815	0.44249970257	777
62	0.0	0.5	0.0	5.82407758597	1.44154243615	0.395658383059	6.15301820314	1.4922535973	0.749662693331	778
62	0.0	0.75	0.0	5.15872282158	1.9710196148	0.489507935498	5.4421637853	2.01039207557	0.904796860399	779
62	0.0	1.0	0.0	4.327712622	2.319562791	0.464813357	4.63890229478	2.31067505747	0.961395371813	780
62	0.25	0.0	0.0	6.68297113559	0.247787086333	-0.269216313781	7.10936539284	0.178876731092	-0.0815831500044	781
62	0.25	0.25	0.0	6.34457113865	0.879517402775	0.0548228406952	6.73435666162	0.906287770766	0.30757478804	782
62	0.25	0.5	0.0	5.85942975072	1.49496837525	0.249411250505	6.17895514978	1.55419996547	0.551055992315	783
62	0.25	0.75	0.0	5.21304154514	2.01433392107	0.335404058161	5.48800454899	2.06061663126	0.686505788264	784
62	0.25	1.0	0.0	4.39090109522	2.35780795752	0.333656406173	4.70634855091	2.36354108419	0.751569501334	785
62	0.5	0.0	0.0	6.6850123145	0.252707437405	-0.279016085094	7.10644251032	0.186864859965	-0.0980156051781	786
62	0.5	0.25	0.0	6.36276557294	0.906728244526	-0.0602176942654	6.74838493121	0.942811063363	0.157481670033	787
62	0.5	0.5	0.0	5.90582558847	1.52226301611	0.0761053412704	6.22348844067	1.59708588567	0.31887359125	788
62	0.5	0.75	0.0	5.29156754397	2.02973318967	0.138809543171	5.56834223144	2.09741553347	0.410952167399	789
62	0.5	1.0	0.0	4.49736662234	2.35956020273	0.136751433096	4.81953549622	2.39152621335	0.458509407409	790
62	0.75	0.0	0.0	6.68705349341	0.255868819775	-0.28951613711	7.10351962779	0.193094020136	-0.115148341055	791
62	0.75	0.25	0.0	6.37836163047	0.915154168946	-0.175739296061	6.76161736894	0.95864017448	0.00827175366809	792
62	0.75	0.5	0.0	5.94656099203	1.52377252046	-0.094874759002	6.26723082462	1.61520048286	0.0906813245871	793
62	0.75	0.75	0.0	5.363396704	2.01959250277	-0.0564468456644	5.64767304357	2.11248488751	0.138965156463	794
62	0.75	1.0	0.0	4.60061389229	2.34048274433	-0.0699798757792	4.93025707453	2.40020333067	0.160008034055	795
62	1.0	0.0	0.0	6.687981302	0.256986	-0.299999993	7.10219104483	0.195605644817	-0.128647053245	796
62	1.0	0.25	0.0	6.38530509425	0.906783832561	-0.27733430921	6.76882394793	0.954416265988	-0.124003555936	797
62	1.0	0.5	0.0	5.96493185427	1.49984305007	-0.234144464668	6.29079505042	1.60283288203	-0.0959549732235	798
62	1.0	0.75	0.0	5.39762491115	1.98628694255	-0.206536344541	5.69049319632	2.09752079873	-0.0686260858874	799
62	1.0	1.0	0.0	4.654147594	2.3162388	-0.230615834	4.99030722964	2.39514532188	-0.0661416747073	800
