Elem	xi[0]	xi[1]	xi[2]	Y[0]	Y[1]	Y[2]	y[0]	y[1]	y[2]	Index
1	0.0	0.0	0.0	0.078169917	2.172949289	-0.566470828	0.118625096673	1.48783963034	-0.413139573309	1
1	0.0	0.25	0.0	-0.505792682294	2.00887052402	-0.602439592098	-0.401345762909	1.351207558	-0.506718699309	2
1	0.0	0.5	0.0	-1.08003466385	2.05060336412	-0.680421937674	-0.951796803014	1.32641796706	-0.634568102537	3
1	0.0	0.75	0.0	-1.60417183423	2.11958025415	-0.753935780163	-1.50614816744	1.32676657957	-0.757575558124	4
1	0.0	1.0	0.0	-2.03782	2.037233639	-0.776499035	-2.03782	1.26554911763	-0.8366288412	5
1	0.25	0.0	0.0	0.0795602355902	2.05214197414	-0.753414330313	0.130097622258	1.42726073278	-0.738396770574	6
1	0.25	0.25	0.0	-0.48829235428	1.8611113359	-0.773537776834	-0.379191315799	1.26427210183	-0.83399595537	7
1	0.25	0.5	0.0	-1.0623746776	1.81976594547	-0.842286596353	-0.936005908869	1.18260641448	-0.986194623772	8
1	0.25	0.75	0.0	-1.59402411193	1.80738409945	-0.900713690861	-1.50093765066	1.12981416747	-1.12364863289	9
1	0.25	1.0	0.0	-2.03457803487	1.70324409446	-0.889871962349	-2.03457803487	1.05344585755	-1.17501383983	10
1	0.5	0.0	0.0	0.0783636906301	1.86071644597	-0.98316128428	0.144171882577	1.30604924153	-1.15500642492	11
1	0.5	0.25	0.0	-0.474170384928	1.65333290852	-0.980702916871	-0.361676144668	1.1202432649	-1.23507117196	12
1	0.5	0.5	0.0	-1.05670262096	1.5473826786	-1.0209573158	-0.936943159194	0.99137063037	-1.36922514405	13
1	0.5	0.75	0.0	-1.60135807954	1.46251957028	-1.05982390469	-1.51776107917	0.887379691083	-1.49184894964	14
1	0.5	1.0	0.0	-2.04026182274	1.3183973976	-1.05320210719	-2.04026182274	0.776218800169	-1.53732319713	15
1	0.75	0.0	0.0	0.080262845605	1.63694722483	-1.19313395186	0.164886124656	1.15192083901	-1.56601636376	16
1	0.75	0.25	0.0	-0.461327112557	1.42553762436	-1.17273939474	-0.347533351389	0.949928148592	-1.62381272624	17
1	0.75	0.5	0.0	-1.04887755535	1.26340619184	-1.19136207801	-0.940915567794	0.777898832128	-1.7370304267	18
1	0.75	0.75	0.0	-1.60351718388	1.10808476871	-1.21500020636	-1.53421214395	0.623697521903	-1.84165501078	19
1	0.75	1.0	0.0	-2.04637469925	0.917105196441	-1.20965198444	-2.04637469925	0.475188850202	-1.87367202412	20
1	1.0	0.0	0.0	0.090940264	1.419108831	-1.320754595	0.196278595522	0.992591207638	-1.8744744145	21
1	1.0	0.25	0.0	-0.447662875484	1.21772786591	-1.29845159296	-0.335496037836	0.78413385429	-1.91408899541	22
1	1.0	0.5	0.0	-1.02475854218	0.99778911348	-1.328428865	-0.934230148473	0.567379237145	-2.04298123504	23
1	1.0	0.75	0.0	-1.57784487178	0.76717779681	-1.34997638055	-1.52788453599	0.363002031426	-2.15254531873	24
1	1.0	1.0	0.0	-2.04442	0.533779139	-1.302384109	-2.04442	0.19167691236	-2.13417543182	25
2	0.0	0.0	0.0	0.090940264	1.419108831	-1.320754595	0.196278595522	0.992591207638	-1.8744744145	26
2	0.0	0.25	0.0	-0.447662875484	1.21772786591	-1.29845159296	-0.335496037836	0.78413385429	-1.91408899541	27
2	0.0	0.5	0.0	-1.02475854218	0.99778911348	-1.328428865	-0.934230148473	0.567379237145	-2.04298123504	28
2	0.0	0.75	0.0	-1.57784487178	0.76717779681	-1.34997638055	-1.52788453599	0.363002031426	-2.15254531873	29
2	0.0	1.0	0.0	-2.04442	0.533779139	-1.302384109	-2.04442	0.19167691236	-2.13417543182	30
2	0.25	0.0	0.0	0.101603971338	1.18174120779	-1.40280739431	0.227581322433	0.805843071112	-2.12668623066	31
2	0.25	0.25	0.0	-0.43767935952	1.01199635651	-1.39943544413	-0.317594568474	0.619538733708	-2.15923137191	32
2	0.25	0.5	0.0	-0.999790461814	0.799528174992	-1.45661610607	-0.911572550449	0.411352005362	-2.2908374252	33
2	0.25	0.75	0.0	-1.54525004778	0.568964348289	-1.49371192868	-1.501513634	0.212121487178	-2.39645080653	34
2	0.25	1.0	0.0	-2.03457882965	0.344932561449	-1.43008546052	-2.03457882965	0.0526857802609	-2.35101793191	35
2	0.5	0.0	0.0	0.102893703711	0.906332288445	-1.50908360615	0.24767174522	0.574922756377	-2.40379554758	36
2	0.5	0.25	0.0	-0.42854292277	0.761012769258	-1.54958232693	-0.289425169553	0.418662076084	-2.46147401399	37
2	0.5	0.5	0.0	-0.976838576262	0.596110670466	-1.64489088897	-0.874542916131	0.252261779739	-2.5858018636	38
2	0.5	0.75	0.0	-1.5163348523	0.421744409455	-1.71858847657	-1.46581460495	0.0953533508511	-2.68318960207	39
2	0.5	1.0	0.0	-2.02137334643	0.248032403608	-1.69425427404	-2.02137334643	-0.0324317270701	-2.66004773506	40
2	0.75	0.0	0.0	0.100030073979	0.636925331383	-1.62802606466	0.260932883936	0.332225962065	-2.66628432869	41
2	0.75	0.25	0.0	-0.420870676583	0.509219222758	-1.71814289127	-0.262632651234	0.199097106053	-2.75648967861	42
2	0.75	0.5	0.0	-0.960205991134	0.398042926803	-1.85503799126	-0.84097813521	0.0777174947653	-2.87319761665	43
2	0.75	0.75	0.0	-1.49709983912	0.292620803408	-1.9726505813	-1.4362703781	-0.0285499517022	-2.96572972364	44
2	0.75	1.0	0.0	-2.01067618999	0.182177212463	-2.00491987804	-2.01067618999	-0.116342313252	-2.98340758044	45
2	1.0	0.0	0.0	0.098233695	0.417563595	-1.748077604	0.271747758633	0.110148386809	-2.87463453741	46
2	1.0	0.25	0.0	-0.415279732307	0.301057835604	-1.87436778703	-0.24886182368	-0.0215629517465	-2.97995112277	47
2	1.0	0.5	0.0	-0.954195812046	0.215831270903	-2.0488421905	-0.828715097376	-0.124671915069	-3.09834775077	48
2	1.0	0.75	0.0	-1.49354556201	0.148696353251	-2.20394279998	-1.42836388273	-0.200835994632	-3.19703918954	49
2	1.0	1.0	0.0	-2.00836	0.086465535	-2.272111601	-2.00836	-0.251712681905	-3.24324020724	50
5	0.0	0.0	0.0	0.098233695	0.417563595	-1.748077604	0.271747758633	0.110148386809	-2.87463453741	51
5	0.0	0.25	0.0	-0.415279732307	0.301057835604	-1.87436778703	-0.24886182368	-0.0215629517465	-2.97995112277	52
5	0.0	0.5	0.0	-0.954195812046	0.215831270903	-2.0488421905	-0.828715097376	-0.124671915069	-3.09834775077	53
5	0.0	0.75	0.0	-1.49354556201	0.148696353251	-2.20394279998	-1.42836388273	-0.200835994632	-3.19703918954	54
5	0.0	1.0	0.0	-2.00836	0.086465535	-2.272111601	-2.00836	-0.251712681905	-3.24324020724	55
5	0.25	0.0	0.0	0.0645737042803	-0.196684472423	-1.99891545614	0.263097256786	-0.620922574481	-3.19748510453	56
5	0.25	0.25	0.0	-0.434393431143	-0.270298235438	-2.12427133904	-0.267828729559	-0.746640147998	-3.2686170229	57
5	0.25	0.5	0.0	-0.975411059454	-0.31654112458	-2.29335822744	-0.859034245397	-0.817558201526	-3.35964669668	58
5	0.25	0.75	0.0	-1.51944946586	-0.340128875532	-2.43825739488	-1.46181805823	-0.845022047073	-3.4383697986	59
5	0.25	1.0	0.0	-2.02747893558	-0.345777223978	-2.49105011492	-2.02747893558	-0.840376996648	-3.47258200138	60
5	0.5	0.0	0.0	-0.0130871998136	-0.976512008112	-2.1358915952	0.203080733394	-1.58589205821	-3.285201912	61
5	0.5	0.25	0.0	-0.493711107608	-1.00498354835	-2.20219118356	-0.325677544181	-1.67196190201	-3.307667774	62
5	0.5	0.5	0.0	-1.02417575832	-1.00756869427	-2.29540193299	-0.917941410669	-1.70300423149	-3.35020444993	63
5	0.5	0.75	0.0	-1.56136897735	-0.993230129336	-2.36546276875	-1.516009036	-1.69832034501	-3.38298313933	64
5	0.5	1.0	0.0	-2.06217859011	-0.970930537026	-2.36231261607	-2.06217859011	-1.67721154092	-3.37617504174	65
5	0.75	0.0	0.0	-0.0959386330008	-1.76939025974	-2.17270706467	0.129304541643	-2.55527560517	-3.1656859352	66
5	0.75	0.25	0.0	-0.557704436329	-1.76493990954	-2.17028056845	-0.393008377002	-2.59477042515	-3.14446211867	67
5	0.75	0.5	0.0	-1.07390683259	-1.73018871867	-2.1782923173	-0.981754213966	-2.58759391734	-3.14108065371	68
5	0.75	0.75	0.0	-1.6029620832	-1.68007603129	-2.16603915603	-1.57311842093	-2.55678206704	-3.13012634675	69
5	0.75	1.0	0.0	-2.10328644959	-1.62954119156	-2.10281792944	-2.10328644959	-2.52537085955	-3.08618400423	70
5	1.0	0.0	0.0	-0.145170211	-2.422790475	-2.123062908	0.0793750347222	-3.29958875612	-2.86683814952	71
5	1.0	0.25	0.0	-0.590845091933	-2.41210912541	-2.09069274158	-0.44042133748	-3.31230792883	-2.82635879955	72
5	1.0	0.5	0.0	-1.0980212062	-2.3573384783	-2.06534839051	-1.02679027606	-3.27791117146	-2.80333495124	73
5	1.0	0.75	0.0	-1.62788677012	-2.27013520454	-2.02046679119	-1.61532781793	-3.21645839174	-2.77904655588	74
5	1.0	1.0	0.0	-2.14163	-2.162155975	-1.92948488	-2.14163	-3.14800949739	-2.73477356476	75
6	0.0	0.0	0.0	-0.145170211	-2.422790475	-2.123062908	0.0793750347222	-3.29958875612	-2.86683814952	76
6	0.0	0.25	0.0	-0.590845091933	-2.41210912541	-2.09069274158	-0.44042133748	-3.31230792883	-2.82635879955	77
6	0.0	0.5	0.0	-1.0980212062	-2.3573384783	-2.06534839051	-1.02679027606	-3.27791117146	-2.80333495124	78
6	0.0	0.75	0.0	-1.62788677012	-2.27013520454	-2.02046679119	-1.61532781793	-3.21645839174	-2.77904655588	79
6	0.0	1.0	0.0	-2.14163	-2.162155975	-1.92948488	-2.14163	-3.14800949739	-2.73477356476	80
6	0.25	0.0	0.0	-0.177517179102	-2.96660731709	-1.90499433116	0.042055842506	-3.84237930847	-2.36609393978	81
6	0.25	0.25	0.0	-0.623020885129	-2.94407126488	-1.87516334989	-0.485149313844	-3.83271053999	-2.32816363148	82
6	0.25	0.5	0.0	-1.12992947671	-2.85500553155	-1.85109354944	-1.0722209461	-3.76140652673	-2.30127699592	83
6	0.25	0.75	0.0	-1.66342897912	-2.71972900351	-1.80770681801	-1.65984449908	-3.65510456502	-2.2755017735	84
6	0.25	1.0	0.0	-2.18870541762	-2.5585605672	-1.71992504377	-2.18870541762	-3.54044195118	-2.24090570465	85
6	0.5	0.0	0.0	-0.225581935009	-3.55321450369	-1.47985509281	-0.0104498677232	-4.40666880898	-1.63481635674	86
6	0.5	0.25	0.0	-0.68531516945	-3.49518229947	-1.45118225336	-0.551436924732	-4.36092298683	-1.60331602437	87
6	0.5	0.5	0.0	-1.19613749837	-3.34781616328	-1.4178765078	-1.14118492528	-4.23701235425	-1.56547675324	88
6	0.5	0.75	0.0	-1.72931974256	-3.15572050361	-1.36842157215	-1.72698611083	-4.07834172747	-1.52390378028	89
6	0.5	1.0	0.0	-2.25613272283	-2.96349972895	-1.29130116245	-2.25613272283	-3.92831592269	-1.48120234243	90
6	0.75	0.0	0.0	-0.266949483912	-4.0113010022	-0.959885666548	-0.0556961354706	-4.85114465482	-0.835920244832	91
6	0.75	0.25	0.0	-0.741792724897	-3.91900428696	-0.936547623098	-0.609603126451	-4.77515112212	-0.816075890192	92
6	0.75	0.5	0.0	-1.25864340375	-3.72255187987	-0.899179776519	-1.20441728165	-4.60821591283	-0.774655047108	93
6	0.75	0.75	0.0	-1.79277191836	-3.48261126376	-0.851270975794	-1.79080899655	-4.40585247366	-0.724546394641	94
6	0.75	1.0	0.0	-2.31944866662	-3.25984992148	-0.796310069904	-2.31944866662	-4.22357425131	-0.678638611849	95
6	1.0	0.0	0.0	-0.279204831	-4.16955578	-0.457326526	-0.0712370002416	-5.03449424314	-0.13232044845	96
6	1.0	0.25	0.0	-0.756518331474	-4.06909928516	-0.449057630203	-0.62996687531	-4.95360079861	-0.130703140936	97
6	1.0	0.5	0.0	-1.27944532542	-3.86599418769	-0.428485866555	-1.23265308322	-4.77850446127	-0.107532701441	98
6	1.0	0.75	0.0	-1.82099836441	-3.60490284287	-0.404914951129	-1.82536949959	-4.55731939817	-0.0777234350044	99
6	1.0	1.0	0.0	-2.35419	-3.330487606	-0.3876486	-2.35419	-4.33815977639	-0.0561896466701	100
9	0.0	0.0	0.0	-0.279204831	-4.16955578	-0.457326526	-0.0712370002416	-5.03449424314	-0.13232044845	101
9	0.0	0.25	0.0	-0.756518331474	-4.06909928516	-0.449057630203	-0.62996687531	-4.95360079861	-0.130703140936	102
9	0.0	0.5	0.0	-1.27944532542	-3.86599418769	-0.428485866555	-1.23265308322	-4.77850446127	-0.107532701441	103
9	0.0	0.75	0.0	-1.82099836441	-3.60490284287	-0.404914951129	-1.82536949959	-4.55731939817	-0.0777234350044	104
9	0.0	1.0	0.0	-2.35419	-3.330487606	-0.3876486	-2.35419	-4.33815977639	-0.0561896466701	105
9	0.25	0.0	0.0	-0.27048932749	-3.92476607327	0.0861038661287	-0.0626782062041	-4.847280545	0.621877494635	106
9	0.25	0.25	0.0	-0.743065332637	-3.8323901052	0.0634440423535	-0.62352301442	-4.77327824974	0.598656368185	107
9	0.25	0.5	0.0	-1.26581046908	-3.64341219605	0.0357314644823	-1.22966088287	-4.60651849811	0.579488798906	108
9	0.25	0.75	0.0	-1.81133706357	-3.38476153314	0.000441177640678	-1.82470222216	-4.38515147508	0.558789445403	109
9	0.25	1.0	0.0	-2.3522574429	-3.08336730381	-0.0449517730457	-2.3522574429	-4.14732736561	0.530972966284	110
9	0.5	0.0	0.0	-0.262872713127	-3.40268266183	0.638983652527	-0.053258763294	-4.36910157012	1.46088596175	111
9	0.5	0.25	0.0	-0.73608957123	-3.31276893447	0.583520111533	-0.619421590882	-4.29474364139	1.41756897616	112
9	0.5	0.5	0.0	-1.25156523322	-3.12365074449	0.504193649231	-1.22032232591	-4.12736916653	1.36268327236	113
9	0.5	0.75	0.0	-1.7895067416	-2.87521201498	0.403731205664	-1.80690687353	-3.91080706053	1.29807815972	114
9	0.5	1.0	0.0	-2.33012113891	-2.60733666902	0.284859720873	-2.33012113891	-3.68888623844	1.2256029476	115
9	0.75	0.0	0.0	-0.25221974345	-2.76240169023	1.07655487116	-0.0451661583837	-3.74371652802	2.21512807739	116
9	0.75	0.25	0.0	-0.726437880458	-2.67851042295	0.997360300589	-0.612525663997	-3.67522768117	2.1555592128	117
9	0.75	0.5	0.0	-1.23502301228	-2.49383012302	0.880336608802	-1.20600860306	-3.51499363095	2.07439190794	118
9	0.75	0.75	0.0	-1.76460389019	-2.26428388038	0.727293064556	-1.78323109656	-3.31267475458	1.97545809302	119
9	0.75	1.0	0.0	-2.30180926547	-2.04579478498	0.540038936605	-2.30180926547	-3.11793142932	1.86258969824	120
9	1.0	0.0	0.0	-0.234395174	-2.163019303	1.27405956	-0.040587878346	-3.11488462819	2.71502696603	121
9	1.0	0.25	0.0	-0.704957093527	-2.09788922064	1.19115433278	-0.597698293071	-3.07196107668	2.64215160794	122
9	1.0	0.5	0.0	-1.21449720071	-1.94107062164	1.06759626431	-1.18809090507	-2.94332905583	2.54695589469	123
9	1.0	0.75	0.0	-1.74572500104	-1.74000672132	0.893464685935	-1.76492253411	-2.76914315728	2.4262446304	124
9	1.0	1.0	0.0	-2.28135	-1.542140735	0.658838929	-2.28135	-2.5895579727	2.2768226192	125
10	0.0	0.0	0.0	-0.234395174	-2.163019303	1.27405956	-0.040587878346	-3.11488462819	2.71502696603	126
10	0.0	0.25	0.0	-0.704957093527	-2.09788922064	1.19115433278	-0.597698293071	-3.07196107668	2.64215160794	127
10	0.0	0.5	0.0	-1.21449720071	-1.94107062164	1.06759626431	-1.18809090507	-2.94332905583	2.54695589469	128
10	0.0	0.75	0.0	-1.74572500104	-1.74000672132	0.893464685935	-1.76492253411	-2.76914315728	2.4262446304	129
10	0.0	1.0	0.0	-2.28135	-1.542140735	0.658838929	-2.28135	-2.5895579727	2.2768226192	130
10	0.25	0.0	0.0	-0.234909487596	-1.50279582317	1.27019029792	-0.0568221132819	-2.35100549396	2.93856794909	131
10	0.25	0.25	0.0	-0.696154661421	-1.45963231958	1.19812052113	-0.594687788437	-2.33337486033	2.86586364064	132
10	0.25	0.5	0.0	-1.2088389575	-1.33815631183	1.08878607677	-1.17785729106	-2.23568570164	2.77537757589	133
10	0.25	0.75	0.0	-1.74272897379	-1.17464463409	0.931683005014	-1.75320150355	-2.09323523133	2.65815348001	134
10	0.25	1.0	0.0	-2.26759130827	-1.00537412056	0.716307346011	-2.26759130827	-1.9413206628	2.50523507812	135
10	0.5	0.0	0.0	-0.260290453322	-0.72407342012	1.17897898455	-0.0899586927202	-1.41574839805	2.94800377099	136
10	0.5	0.25	0.0	-0.715533506777	-0.699075577045	1.11700092151	-0.61081310657	-1.41060940767	2.88708296691	137
10	0.5	0.5	0.0	-1.22640844988	-0.613392080257	1.0179586676	-1.17842467815	-1.34093521384	2.8052698966	138
10	0.5	0.75	0.0	-1.75258032026	-0.504845145562	0.895584390249	-1.74274212273	-1.24435426036	2.70507218219	139
10	0.5	1.0	0.0	-2.25371415556	-0.411256988766	0.763610256881	-2.25371415556	-1.15849499103	2.58899744577	140
10	0.75	0.0	0.0	-0.273326102637	0.0541452897393	0.995924424904	-0.10995005021	-0.478102043425	2.76402197597	141
10	0.75	0.25	0.0	-0.734124489229	0.0693376517615	0.947338145181	-0.618026036232	-0.479197504897	2.72333791756	142
10	0.75	0.5	0.0	-1.24430748714	0.129948469358	0.864128469402	-1.17429449625	-0.437123739659	2.66308495254	143
10	0.75	0.75	0.0	-1.7602194984	0.201669191	0.778088339537	-1.73045445196	-0.382844671691	2.59142588749	144
10	0.75	1.0	0.0	-2.23820492507	0.25019126516	0.72101069756	-2.23820492507	-0.347324224972	2.51652352893	145
10	1.0	0.0	0.0	-0.236804467	0.71285769	0.716525424	-0.0867486192991	0.292944866942	2.40731010832	146
10	1.0	0.25	0.0	-0.722958468412	0.731164011633	0.688674803381	-0.588278366185	0.285328061817	2.39215682339	147
10	1.0	0.5	0.0	-1.23963787856	0.788591733306	0.636309914772	-1.14996817528	0.297702573658	2.37527483943	148
10	1.0	0.75	0.0	-1.75058696617	0.877175822326	0.572114350777	-1.71324855156	0.330949107351	2.34163974643	149
10	1.0	1.0	0.0	-2.21955	0.988951246	0.508771704	-2.21955	0.385948367786	2.27622713443	150
13	0.0	0.0	0.0	-0.236804467	0.71285769	0.716525424	-0.0867486192991	0.292944866942	2.40731010832	151
13	0.0	0.25	0.0	-0.722958468412	0.731164011633	0.688674803381	-0.588278366185	0.285328061817	2.39215682339	152
13	0.0	0.5	0.0	-1.23963787856	0.788591733306	0.636309914772	-1.14996817528	0.297702573658	2.37527483943	153
13	0.0	0.75	0.0	-1.75058696617	0.877175822326	0.572114350777	-1.71324855156	0.330949107351	2.34163974643	154
13	0.0	1.0	0.0	-2.21955	0.988951246	0.508771704	-2.21955	0.385948367786	2.27622713443	155
13	0.25	0.0	0.0	-0.189073142982	1.02661282461	0.57847347726	-0.0483627898746	0.605129354731	2.13340118837	156
13	0.25	0.25	0.0	-0.703022874434	1.05759090189	0.56377043391	-0.563237333122	0.604040425288	2.12305341232	157
13	0.25	0.5	0.0	-1.22760649397	1.17292521498	0.533603591575	-1.12610561898	0.64603506013	2.113879684	158
13	0.25	0.75	0.0	-1.73570373642	1.32976085062	0.478585706825	-1.68806037696	0.715704994399	2.08321187491	159
13	0.25	1.0	0.0	-2.2001943366	1.48524289556	0.389329536232	-2.2001943366	0.797641963236	2.00838185655	160
13	0.5	0.0	0.0	-0.124496448056	1.39431077265	0.464985127675	0.00503618357033	0.919259283526	1.7678023595	161
13	0.5	0.25	0.0	-0.678077933276	1.42524698094	0.467211204782	-0.53785617983	0.916723383912	1.75836898719	162
13	0.5	0.5	0.0	-1.21547609728	1.60701446101	0.473725919091	-1.09466630069	0.99349878945	1.75189839338	163
13	0.5	0.75	0.0	-1.71961945801	1.81723465175	0.455214863284	-1.64624335867	1.09091977738	1.72785861422	164
13	0.5	1.0	0.0	-2.1734365334	1.93352899206	0.382363630044	-2.1734365334	1.15032062493	1.66571768587	165
13	0.75	0.0	0.0	-0.0571003838524	1.74402634162	0.363173777752	0.0580806365728	1.19180027277	1.37982695438	166
13	0.75	0.25	0.0	-0.647324160168	1.76914395692	0.373289601753	-0.505456817029	1.18127164652	1.36279511308	167
13	0.75	0.5	0.0	-1.19757551635	1.99917559473	0.403513063627	-1.0587359754	1.2796510329	1.35070244381	168
13	0.75	0.75	0.0	-1.69958807619	2.24621896221	0.415931021833	-1.6044008528	1.39316452764	1.33033077093	169
13	0.75	1.0	0.0	-2.1450954635	2.32237176653	0.372630334834	-2.1450954635	1.42803822649	1.28846191879	170
13	1.0	0.0	0.0	-0.000910952	2.003834339	0.26015283	0.0954029046699	1.37921794189	1.0387883057	171
13	1.0	0.25	0.0	-0.60996207034	2.02429353799	0.256298110582	-0.459361155438	1.35557992195	1.00102335507	172
13	1.0	0.5	0.0	-1.16823357901	2.2577247395	0.269801191489	-1.02140039806	1.44404906175	0.97166331155	173
13	1.0	0.75	0.0	-1.67286353618	2.52333551851	0.274663384151	-1.57913621548	1.55901031655	0.945379151609	174
13	1.0	1.0	0.0	-2.12099	2.64033345	0.244886	-2.12099	1.61484864156	0.91684185171	175
14	0.0	0.0	0.0	-0.000910952	2.003834339	0.26015283	0.0954029046699	1.37921794189	1.0387883057	176
14	0.0	0.25	0.0	-0.60996207034	2.02429353799	0.256298110582	-0.459361155438	1.35557992195	1.00102335507	177
14	0.0	0.5	0.0	-1.16823357901	2.2577247395	0.269801191489	-1.02140039806	1.44404906175	0.97166331155	178
14	0.0	0.75	0.0	-1.67286353618	2.52333551851	0.274663384151	-1.57913621548	1.55901031655	0.945379151609	179
14	0.0	1.0	0.0	-2.12099	2.64033345	0.244886	-2.12099	1.61484864156	0.91684185171	180
14	0.25	0.0	0.0	0.0271206206704	2.10946059443	0.114620127119	0.105951388129	1.44589456163	0.74469968983	181
14	0.25	0.25	0.0	-0.581642375313	2.10646083698	0.0907136682592	-0.434828270275	1.40361095509	0.685307233622	182
14	0.25	0.5	0.0	-1.14417430276	2.31871869572	0.067745928373	-1.00264749357	1.4743177091	0.630381622203	183
14	0.25	0.75	0.0	-1.65302311335	2.57825100632	0.0385738896474	-1.56783931273	1.58109042891	0.579848121553	184
14	0.25	1.0	0.0	-2.10073675875	2.71707460445	-0.00394546573046	-2.10073675875	1.64700471979	0.533631997652	185
14	0.5	0.0	0.0	0.0513187222996	2.17856399233	-0.128388605113	0.110034664324	1.48342477102	0.32027386028	186
14	0.5	0.25	0.0	-0.552633916402	2.12065418447	-0.163745725476	-0.423414607591	1.4100814702	0.247674844295	187
14	0.5	0.5	0.0	-1.12286485899	2.29312045146	-0.212707002715	-0.987526908897	1.45978214938	0.177266983521	188
14	0.5	0.75	0.0	-1.6378119023	2.50721740208	-0.268818528238	-1.54934530047	1.54141088866	0.105798832968	189
14	0.5	1.0	0.0	-2.07591284317	2.57419964513	-0.325626393454	-2.07591284317	1.56385176814	0.0300189476438	190
14	0.75	0.0	0.0	0.069172204029	2.20258130107	-0.383782534288	0.112607608693	1.49600698795	-0.107876716311	191
14	0.75	0.25	0.0	-0.526247187448	2.08281145523	-0.422867626852	-0.415470370698	1.38820812019	-0.190218803239	192
14	0.75	0.5	0.0	-1.10219004644	2.19804400737	-0.489461618992	-0.971942170047	1.40797227218	-0.280207344668	193
14	0.75	0.75	0.0	-1.6229535827	2.34330403997	-0.561619781008	-1.5274997337	1.45247012812	-0.374198973731	194
14	0.75	1.0	0.0	-2.052835006	2.3136166355	-0.617397383201	-2.052835006	1.41887237222	-0.468550323558	195
14	1.0	0.0	0.0	0.078169917	2.172949289	-0.566470828	0.118625096673	1.48783963034	-0.413139573309	196
14	1.0	0.25	0.0	-0.505792682294	2.00887052402	-0.602439592098	-0.401345762909	1.351207558	-0.506718699309	197
14	1.0	0.5	0.0	-1.08003466385	2.05060336412	-0.680421937674	-0.951796803014	1.32641796706	-0.634568102537	198
14	1.0	0.75	0.0	-1.60417183423	2.11958025415	-0.753935780163	-1.50614816744	1.32676657957	-0.757575558124	199
14	1.0	1.0	0.0	-2.03782	2.037233639	-0.776499035	-2.03782	1.26554911763	-0.8366288412	200
17	0.0	0.0	0.0	4.654147594	2.3162388	-0.230615834	5.16002891151	2.36268801528	-0.00230200145591	201
17	0.0	0.25	0.0	3.93055301404	2.70769469548	-0.263733906644	4.4616498207	2.64194690992	-0.0112369430312	202
17	0.0	0.5	0.0	3.35183150054	3.25568526664	-0.262000877856	3.76999363027	2.98220770665	-0.0331537989726	203
17	0.0	0.75	0.0	2.81091583527	3.71784845073	-0.257543332639	3.07102656358	3.22489050494	-0.0738126949247	204
17	0.0	1.0	0.0	2.2007388	3.851822185	-0.282487856	2.35071484398	3.21141540426	-0.138973756532	205
17	0.25	0.0	0.0	4.64567409954	2.29367544868	-0.374645308556	5.15253496261	2.34818989152	-0.212641883855	206
17	0.25	0.25	0.0	3.93232874506	2.68876492291	-0.434095208275	4.46010769767	2.62836869382	-0.261427615325	207
17	0.25	0.5	0.0	3.34351658744	3.21348677688	-0.474009959415	3.76402152086	2.94607368912	-0.331884697095	208
17	0.25	0.75	0.0	2.79214061094	3.65004802836	-0.508595299105	3.06087317728	3.16131927812	-0.410668321094	209
17	0.25	1.0	0.0	2.19110379984	3.7806556951	-0.552056964471	2.34725941201	3.13411986154	-0.484433679254	210
17	0.5	0.0	0.0	4.61053827419	2.26308405834	-0.565842887851	5.11698389963	2.32310087747	-0.496581383145	211
17	0.5	0.25	0.0	3.91216784	2.64846178022	-0.641287144543	4.42928970517	2.58808384668	-0.574448383953	212
17	0.5	0.5	0.0	3.29872518054	3.13669812542	-0.711108164478	3.71853427024	2.86780330448	-0.67205320062	213
17	0.5	0.75	0.0	2.73026178839	3.52545120838	-0.776551448959	3.01446874508	3.03636049516	-0.771711258019	214
17	0.5	1.0	0.0	2.16682915612	3.61237914355	-0.838862499286	2.34684427989	2.96785666303	-0.855737981022	215
17	0.75	0.0	0.0	4.56815180575	2.22439471834	-0.74961500397	5.07648713647	2.288934795	-0.776222659119	216
17	0.75	0.25	0.0	3.88825763118	2.5886908581	-0.836207054802	4.39696132121	2.52986839217	-0.878127768018	217
17	0.75	0.5	0.0	3.25070333081	3.02438425344	-0.933980095905	3.67729483306	2.75900432674	-1.00343701263	218
17	0.75	0.75	0.0	2.66388947487	3.3515802657	-1.02788510679	2.97563553306	2.87257402151	-1.12450591756	219
17	0.75	1.0	0.0	2.13621663359	3.39038425622	-1.10287306696	2.35013128229	2.76680889928	-1.21369000744	220
17	1.0	0.0	0.0	4.537926382	2.177537518	-0.871368089	5.05415608703	2.24720546599	-0.973667871569	221
17	1.0	0.25	0.0	3.8787854509	2.5113577472	-0.969752278406	4.39088802385	2.462498354	-1.10029428662	222
17	1.0	0.5	0.0	3.2326970892	2.87561010211	-1.10331035656	3.68406616395	2.63128452992	-1.2758138362	223
17	1.0	0.75	0.0	2.63163377765	3.13595747521	-1.22906959718	2.9881958073	2.6925197226	-1.4366167116	224
17	1.0	1.0	0.0	2.107567997	3.158062759	-1.304057274	2.35778225387	2.58515966087	-1.51909310413	225
18	0.0	0.0	0.0	2.2007388	3.851822185	-0.282487856	2.35071484398	3.21141540426	-0.138973756532	226
18	0.0	0.25	0.0	1.65105557539	3.60930116941	-0.35324347537	1.73625288781	2.89338772913	-0.20810265705	227
18	0.0	0.5	0.0	1.188858787	3.16800578535	-0.44815605082	1.20810310154	2.39993269243	-0.27262345733	228
18	0.0	0.75	0.0	0.701959784358	2.64890037712	-0.53123027186	0.69323674967	1.88132506816	-0.338860861406	229
18	0.0	1.0	0.0	0.078169917	2.172949289	-0.566470828	0.118625096673	1.48783963034	-0.413139573309	230
18	0.25	0.0	0.0	2.19110379984	3.7806556951	-0.552056964471	2.34725941201	3.13411986154	-0.484433679254	231
18	0.25	0.25	0.0	1.64597489235	3.53158568828	-0.617026330467	1.73348909241	2.81563358719	-0.549367802286	232
18	0.25	0.5	0.0	1.17332173115	3.06290449275	-0.692362615753	1.1984472102	2.32678848214	-0.61570057405	233
18	0.25	0.75	0.0	0.681673713236	2.52097046815	-0.747885416859	0.683520981456	1.81489428461	-0.679890671246	234
18	0.25	1.0	0.0	0.0795602355902	2.05214197414	-0.753414330313	0.130097622258	1.42726073278	-0.738396770574	235
18	0.5	0.0	0.0	2.16682915612	3.61237914355	-0.838862499286	2.34684427989	2.96785666303	-0.855737981022	236
18	0.5	0.25	0.0	1.65012476218	3.33109549564	-0.903506825829	1.76223032273	2.63421102764	-0.933797573355	237
18	0.5	0.5	0.0	1.16266187101	2.84548788244	-0.963885985934	1.21445173391	2.16211590237	-1.02053026275	238
18	0.5	0.75	0.0	0.655166256017	2.3054102254	-0.997828098963	0.682201318754	1.67743930206	-1.09968392225	239
18	0.5	1.0	0.0	0.0783636906301	1.86071644597	-0.98316128428	0.144171882577	1.30604924153	-1.15500642492	240
18	0.75	0.0	0.0	2.13621663359	3.39038425622	-1.10287306696	2.35013128229	2.76680889928	-1.21369000744	241
18	0.75	0.25	0.0	1.65072325153	3.07942837528	-1.16189291512	1.79358873046	2.42416607807	-1.30235165035	242
18	0.75	0.5	0.0	1.15596917301	2.57933757524	-1.20797322947	1.24123904386	1.96586171619	-1.41618654805	243
18	0.75	0.75	0.0	0.637350377785	2.04641085784	-1.22406868379	0.697024187059	1.50430893078	-1.51685476452	244
18	0.75	1.0	0.0	0.080262845605	1.63694722483	-1.19313395186	0.164886124656	1.15192083901	-1.56601636376	245
18	1.0	0.0	0.0	2.107567997	3.158062759	-1.304057274	2.35778225387	2.58515966087	-1.51909310413	246
18	1.0	0.25	0.0	1.63498842704	2.84818211102	-1.34139255199	1.79867646733	2.26054476609	-1.59598971338	247
18	1.0	0.5	0.0	1.15233360361	2.32803519194	-1.36987141446	1.26393151123	1.79797268668	-1.73174345458	248
18	1.0	0.75	0.0	0.643139043625	1.78816357438	-1.36961753694	0.735736011866	1.33085198106	-1.85001734816	249
18	1.0	1.0	0.0	0.090940264	1.419108831	-1.320754595	0.196278595522	0.992591207638	-1.8744744145	250
19	0.0	0.0	0.0	4.537926382	2.177537518	-0.871368089	5.05415608703	2.24720546599	-0.973667871569	251
19	0.0	0.25	0.0	3.8787854509	2.5113577472	-0.969752278406	4.39088802385	2.462498354	-1.10029428662	252
19	0.0	0.5	0.0	3.2326970892	2.87561010211	-1.10331035656	3.68406616395	2.63128452992	-1.2758138362	253
19	0.0	0.75	0.0	2.63163377765	3.13595747521	-1.22906959718	2.9881958073	2.6925197226	-1.4366167116	254
19	0.0	1.0	0.0	2.107567997	3.158062759	-1.304057274	2.35778225387	2.58515966087	-1.51909310413	255
19	0.25	0.0	0.0	4.48858144838	2.06207789854	-0.990050994751	5.0282570449	2.13156421615	-1.19172541493	256
19	0.25	0.25	0.0	3.85738144478	2.35830090581	-1.07584298329	4.39084525227	2.31902761295	-1.32295595727	257
19	0.25	0.5	0.0	3.21633196201	2.6599294203	-1.20985270902	3.70320228339	2.43938407003	-1.5215725637	258
19	0.25	0.75	0.0	2.61139827377	2.87058085819	-1.33889863807	3.01428588367	2.46934680254	-1.703723185	259
19	0.25	1.0	0.0	2.08854565373	2.89387263567	-1.40979923653	2.37305379851	2.38562902563	-1.78555577196	260
19	0.5	0.0	0.0	4.40784096587	1.88147425144	-1.13584935453	4.97840711107	1.93943745467	-1.4659931507	261
19	0.5	0.25	0.0	3.80492450239	2.13482091796	-1.17999876542	4.36726173886	2.09308757496	-1.57850582174	262
19	0.5	0.5	0.0	3.17101056061	2.39873040836	-1.26136169188	3.68353905711	2.18729904816	-1.74454447189	263
19	0.5	0.75	0.0	2.57511218162	2.57944591855	-1.35319771361	3.00221612849	2.20532891824	-1.90833764689	264
19	0.5	1.0	0.0	2.08624240651	2.58321064444	-1.4287664103	2.39827001566	2.13043422914	-2.01411389246	265
19	0.75	0.0	0.0	4.32754450368	1.68513217163	-1.27702184905	4.9247000096	1.72705796648	-1.736369275	266
19	0.75	0.25	0.0	3.75308039306	1.89149099416	-1.27812529709	4.33825416101	1.84724721101	-1.82817053087	267
19	0.75	0.5	0.0	3.13305273172	2.11198919761	-1.29712735963	3.65837826299	1.9161559186	-1.94877959198	268
19	0.75	0.75	0.0	2.55379183045	2.25324023797	-1.34270798122	2.98931559307	1.91699359358	-2.08307328844	269
19	0.75	1.0	0.0	2.10162800003	2.22185757124	-1.42354710642	2.43530942877	1.8329697403	-2.21592845037	270
19	1.0	0.0	0.0	4.279531631	1.522457254	-1.381827159	4.88722946455	1.55065853648	-1.94275198394	271
19	1.0	0.25	0.0	3.73351488614	1.67888434489	-1.36612825061	4.32193919608	1.64407549209	-2.03317673553	272
19	1.0	0.5	0.0	3.13877832207	1.81968191935	-1.35643976676	3.6610216789	1.66708113562	-2.13832795517	273
19	1.0	0.75	0.0	2.57845354946	1.88265139814	-1.37817059828	3.01291332873	1.62086835247	-2.26054330081	274
19	1.0	1.0	0.0	2.135672179	1.805594202	-1.456729636	2.48605056129	1.50663002803	-2.4021604304	275
20	0.0	0.0	0.0	2.107567997	3.158062759	-1.304057274	2.35778225387	2.58515966087	-1.51909310413	276
20	0.0	0.25	0.0	1.63498842704	2.84818211102	-1.34139255199	1.79867646733	2.26054476609	-1.59598971338	277
20	0.0	0.5	0.0	1.15233360361	2.32803519194	-1.36987141446	1.26393151123	1.79797268668	-1.73174345458	278
20	0.0	0.75	0.0	0.643139043625	1.78816357438	-1.36961753694	0.735736011866	1.33085198106	-1.85001734816	279
20	0.0	1.0	0.0	0.090940264	1.419108831	-1.320754595	0.196278595522	0.992591207638	-1.8744744145	280
20	0.25	0.0	0.0	2.08854565373	2.89387263567	-1.40979923653	2.37305379851	2.38562902563	-1.78555577196	281
20	0.25	0.25	0.0	1.62466353811	2.5973093307	-1.43702515933	1.80528275188	2.08999045925	-1.85588025849	282
20	0.25	0.5	0.0	1.15729698743	2.06604886716	-1.45500766854	1.28779175141	1.6161098243	-1.99411807793	283
20	0.25	0.75	0.0	0.658819349304	1.52066743091	-1.4486380012	0.776563655475	1.13204230138	-2.11335735905	284
20	0.25	1.0	0.0	0.101603971338	1.18174120779	-1.40280739431	0.227581322433	0.805843071112	-2.12668623066	285
20	0.5	0.0	0.0	2.08624240651	2.58321064444	-1.4287664103	2.39827001566	2.13043422914	-2.01411389246	286
20	0.5	0.25	0.0	1.6437155911	2.2781652902	-1.48192623687	1.8509335638	1.8423358006	-2.11585597476	287
20	0.5	0.5	0.0	1.1735704642	1.75698749405	-1.51012430775	1.32625315973	1.36805020122	-2.24837316957	288
20	0.5	0.75	0.0	0.663924132763	1.2297016841	-1.51772272887	0.799931616023	0.886078747604	-2.3611811396	289
20	0.5	1.0	0.0	0.102893703711	0.906332288445	-1.50908360615	0.24767174522	0.574922756377	-2.40379554758	290
20	0.75	0.0	0.0	2.10162800003	2.22185757124	-1.42354710642	2.43530942877	1.8329697403	-2.21592845037	291
20	0.75	0.25	0.0	1.67337319595	1.90967349611	-1.51094123386	1.9126474464	1.54498035425	-2.35547125954	292
20	0.75	0.5	0.0	1.18970592845	1.42491475245	-1.55830995663	1.3690889428	1.08738221465	-2.48007470513	293
20	0.75	0.75	0.0	0.661600215218	0.942394358215	-1.58941699385	0.815046545985	0.62739189332	-2.58519399292	294
20	0.75	1.0	0.0	0.100030073979	0.636925331383	-1.62802606466	0.260932883936	0.332225962065	-2.66628432869	295
20	1.0	0.0	0.0	2.135672179	1.805594202	-1.456729636	2.48605056129	1.50663002803	-2.4021604304	296
20	1.0	0.25	0.0	1.69486496263	1.51075745507	-1.55891559955	1.96744294299	1.22532368434	-2.55428051018	297
20	1.0	0.5	0.0	1.19425527468	1.09389432223	-1.62265323974	1.40607230723	0.807694261828	-2.67478866025	298
20	1.0	0.75	0.0	0.654994417885	0.685873477532	-1.67626607006	0.831115097839	0.390412312113	-2.77710122214	299
20	1.0	1.0	0.0	0.098233695	0.417563595	-1.748077604	0.271747758633	0.110148386809	-2.87463453741	300
25	0.0	0.0	0.0	4.279531631	1.522457254	-1.381827159	4.88722946455	1.55065853648	-1.94275198394	301
25	0.0	0.25	0.0	3.73351488614	1.67888434489	-1.36612825061	4.32193919608	1.64407549209	-2.03317673553	302
25	0.0	0.5	0.0	3.13877832207	1.81968191935	-1.35643976676	3.6610216789	1.66708113562	-2.13832795517	303
25	0.0	0.75	0.0	2.57845354946	1.88265139814	-1.37817059828	3.01291332873	1.62086835247	-2.26054330081	304
25	0.0	1.0	0.0	2.135672179	1.805594202	-1.456729636	2.48605056129	1.50663002803	-2.4021604304	305
25	0.25	0.0	0.0	4.23754687739	0.979983434071	-1.60698003948	4.85617325567	0.916182533575	-2.33637549425	306
25	0.25	0.25	0.0	3.74775459894	1.02947681948	-1.61953896357	4.32850737602	0.955674130446	-2.46994286302	307
25	0.25	0.5	0.0	3.20729809368	0.981559595533	-1.62909321877	3.72482913468	0.868624676752	-2.60509373019	308
25	0.25	0.75	0.0	2.67353242529	0.86723632214	-1.6548322844	3.12232093218	0.708638375364	-2.73558906261	309
25	0.25	1.0	0.0	2.20381265744	0.717511559211	-1.71594563981	2.59816516905	0.529319429154	-2.85518982713	310
25	0.5	0.0	0.0	4.23101509429	0.256226931962	-1.78850085844	4.87779602508	0.0243336396757	-2.55531212324	311
25	0.5	0.25	0.0	3.75919294561	0.23124662549	-1.84804844715	4.36478381675	-0.0034236261112	-2.7358040459	312
25	0.5	0.5	0.0	3.22297495616	0.111618462641	-1.9036283788	3.77472524391	-0.145595057079	-2.91262369629	313
25	0.5	0.75	0.0	2.68387434483	-0.0516261912587	-1.95891693549	3.17816798882	-0.342646082736	-3.06542275911	314
25	0.5	1.0	0.0	2.2034043305	-0.207455970884	-2.01759039932	2.64565973374	-0.535042132588	-3.17385291902	315
25	0.75	0.0	0.0	4.24333906905	-0.484508366628	-1.88562909843	4.91569600494	-0.893479171386	-2.57784985658	316
25	0.75	0.25	0.0	3.76982119142	-0.567102791865	-1.9883211539	4.40529299768	-0.995818780685	-2.78862110289	317
25	0.75	0.5	0.0	3.21723147249	-0.708319981301	-2.08760270122	3.80931924292	-1.17395395957	-2.99073522731	318
25	0.75	0.75	0.0	2.66092064153	-0.870483789752	-2.17267237739	3.20268246664	-1.38134874121	-3.15508471836	319
25	0.75	1.0	0.0	2.17623942781	-1.01591807204	-2.23272881943	2.66029039477	-1.57146715879	-3.2525620646	320
25	1.0	0.0	0.0	4.257921589	-1.077918576	-1.857604242	4.93347142743	-1.60584692578	-2.38227667991	321
25	1.0	0.25	0.0	3.78163060165	-1.21686798736	-1.97702153635	4.42455939821	-1.78411233638	-2.58625485272	322
25	1.0	0.5	0.0	3.22149020568	-1.39643423827	-2.08857364038	3.82722036804	-2.0148279244	-2.76924569704	323
25	1.0	0.75	0.0	2.65611264887	-1.58588412104	-2.17834643597	3.21809233361	-2.25583331943	-2.90961526841	324
25	1.0	1.0	0.0	2.164110179	-1.754484428	-2.232425805	2.67381329159	-2.46496815105	-2.98572962239	325
26	0.0	0.0	0.0	2.135672179	1.805594202	-1.456729636	2.48605056129	1.50663002803	-2.4021604304	326
26	0.0	0.25	0.0	1.69486496263	1.51075745507	-1.55891559955	1.96744294299	1.22532368434	-2.55428051018	327
26	0.0	0.5	0.0	1.19425527468	1.09389432223	-1.62265323974	1.40607230723	0.807694261828	-2.67478866025	328
26	0.0	0.75	0.0	0.654994417885	0.685873477532	-1.67626607006	0.831115097839	0.390412312113	-2.77710122214	329
26	0.0	1.0	0.0	0.098233695	0.417563595	-1.748077604	0.271747758633	0.110148386809	-2.87463453741	330
26	0.25	0.0	0.0	2.20381265744	0.717511559211	-1.71594563981	2.59816516905	0.529319429154	-2.85518982713	331
26	0.25	0.25	0.0	1.70408450294	0.493811826127	-1.79716055425	2.04653267458	0.274598859073	-2.96925157695	332
26	0.25	0.5	0.0	1.16408586822	0.222114687855	-1.85988712135	1.44910779433	-0.0530149116042	-3.06128242513	333
26	0.25	0.75	0.0	0.609140889821	-0.0304330226469	-1.92138540176	0.842444623371	-0.377022012812	-3.13584079366	334
26	0.25	1.0	0.0	0.0645737042803	-0.196684472423	-1.99891545614	0.263097256786	-0.620922574481	-3.19748510453	335
26	0.5	0.0	0.0	2.2034043305	-0.207455970884	-2.01759039932	2.64565973374	-0.535042132588	-3.17385291902	336
26	0.5	0.25	0.0	1.68455200848	-0.402866672828	-2.06727531345	2.07110661077	-0.779783670975	-3.24094033283	337
26	0.5	0.5	0.0	1.11255933106	-0.642110489712	-2.09121719576	1.43781571993	-1.08624882921	-3.27328576689	338
26	0.5	0.75	0.0	0.531866270783	-0.856291056488	-2.10792097882	0.797802085913	-1.37982312054	-3.28375202527	339
26	0.5	1.0	0.0	-0.0130871998136	-0.976512008112	-2.1358915952	0.203080733394	-1.58589205821	-3.285201912	340
26	0.75	0.0	0.0	2.17623942781	-1.01591807204	-2.23272881943	2.66029039477	-1.57146715879	-3.2525620646	341
26	0.75	0.25	0.0	1.65447063097	-1.20678860225	-2.25461512337	2.07110781518	-1.81162653495	-3.28120175983	342
26	0.75	0.5	0.0	1.05750214452	-1.45168868518	-2.23796369375	1.40675174706	-2.11282181671	-3.26213348445	343
26	0.75	0.75	0.0	0.45185778451	-1.66707150847	-2.20368938828	0.736418539523	-2.3892918811	-3.2165604668	344
26	0.75	1.0	0.0	-0.0959386330008	-1.76939025974	-2.17270706467	0.129304541643	-2.55527560517	-3.1656859352	345
26	1.0	0.0	0.0	2.164110179	-1.754484428	-2.232425805	2.67381329159	-2.46496815105	-2.98572962239	346
26	1.0	0.25	0.0	1.6320435221	-1.94546452258	-2.24453523027	2.07647935144	-2.69473236201	-3.00189083996	347
26	1.0	0.5	0.0	1.0167407899	-2.15952737327	-2.22144684612	1.39047153875	-2.95354819981	-2.97916037672	348
26	1.0	0.75	0.0	0.397802654742	-2.33814526307	-2.17650721716	0.697525038259	-3.1767291645	-2.92999166809	349
26	1.0	1.0	0.0	-0.145170211	-2.422790475	-2.123062908	0.0793750347222	-3.29958875612	-2.86683814952	350
27	0.0	0.0	0.0	4.257921589	-1.077918576	-1.857604242	4.93347142743	-1.60584692578	-2.38227667991	351
27	0.0	0.25	0.0	3.78163060165	-1.21686798736	-1.97702153635	4.42455939821	-1.78411233638	-2.58625485272	352
27	0.0	0.5	0.0	3.22149020568	-1.39643423827	-2.08857364038	3.82722036804	-2.0148279244	-2.76924569704	353
27	0.0	0.75	0.0	2.65611264887	-1.58588412104	-2.17834643597	3.21809233361	-2.25583331943	-2.90961526841	354
27	0.0	1.0	0.0	2.164110179	-1.754484428	-2.232425805	2.67381329159	-2.46496815105	-2.98572962239	355
27	0.25	0.0	0.0	4.31985638776	-1.5006991461	-1.68639429321	4.96081954859	-2.05965182635	-1.99142492857	356
27	0.25	0.25	0.0	3.83593141654	-1.68815647959	-1.78983783893	4.44812442337	-2.29396930701	-2.15907562968	357
27	0.25	0.5	0.0	3.26996218936	-1.90893137068	-1.87587069558	3.84825243503	-2.56931007992	-2.29551097414	358
27	0.25	0.75	0.0	2.6928573416	-2.13229991297	-1.93990552883	3.23438157556	-2.84433054208	-2.39435182968	359
27	0.25	1.0	0.0	2.17552550863	-2.32753820008	-1.97735500435	2.67968983692	-3.07768709049	-2.44921906402	360
27	0.5	0.0	0.0	4.44097363437	-1.97590116609	-1.37594973395	5.02209296417	-2.53635121095	-1.38737769775	361
27	0.5	0.25	0.0	3.93812401995	-2.21461165111	-1.44279684515	4.49706260324	-2.82567726288	-1.49752082667	362
27	0.5	0.5	0.0	3.35245793026	-2.46643035802	-1.48050650896	3.88318719084	-3.13773525566	-1.57051965227	363
27	0.5	0.75	0.0	2.74758340166	-2.70663215647	-1.49967021444	3.25035724797	-3.43707408723	-1.6174479999	364
27	0.5	1.0	0.0	2.18710847052	-2.91049191608	-1.51087945064	2.66846329561	-3.68824265553	-1.64937969491	365
27	0.75	0.0	0.0	4.54713162605	-2.35935243278	-0.996774401216	5.07619484148	-2.90625326445	-0.721645952387	366
27	0.75	0.25	0.0	4.02606893632	-2.6392998465	-1.01612972866	4.53881550591	-3.23811225513	-0.763833197044	367
27	0.75	0.5	0.0	3.41770921829	-2.90956822815	-0.999443837063	3.90935249922	-3.57593322322	-0.769739611677	368
27	0.75	0.75	0.0	2.78354449498	-3.15439214536	-0.970670791451	3.25623950699	-3.89088731317	-0.764059853582	369
27	0.75	1.0	0.0	2.18506678941	-3.35800616579	-0.953764656857	2.64791021478	-4.15414566941	-0.771488580054	370
27	1.0	0.0	0.0	4.56418866	-2.506880743	-0.619372132	5.08202834784	-3.03966617169	-0.145740657425	371
27	1.0	0.25	0.0	4.03762669005	-2.80528741036	-0.590067663119	4.54082469945	-3.39015033485	-0.120255494115	372
27	1.0	0.5	0.0	3.41444784333	-3.07898200888	-0.529645436423	3.90407622393	-3.73973375417	-0.0686387325915	373
27	1.0	0.75	0.0	2.76399428745	-3.32109117347	-0.465937558516	3.24224850879	-4.06259357817	-0.0193434652469	374
27	1.0	1.0	0.0	2.15560819	-3.524741539	-0.426776136	2.62580714154	-4.33290695539	-0.000822784474856	375
28	0.0	0.0	0.0	2.164110179	-1.754484428	-2.232425805	2.67381329159	-2.46496815105	-2.98572962239	376
28	0.0	0.25	0.0	1.6320435221	-1.94546452258	-2.24453523027	2.07647935144	-2.69473236201	-3.00189083996	377
28	0.0	0.5	0.0	1.0167407899	-2.15952737327	-2.22144684612	1.39047153875	-2.95354819981	-2.97916037672	378
28	0.0	0.75	0.0	0.397802654742	-2.33814526307	-2.17650721716	0.697525038259	-3.1767291645	-2.92999166809	379
28	0.0	1.0	0.0	-0.145170211	-2.422790475	-2.123062908	0.0793750347222	-3.29958875612	-2.86683814952	380
28	0.25	0.0	0.0	2.17552550863	-2.32753820008	-1.97735500435	2.67968983692	-3.07768709049	-2.44921906402	381
28	0.25	0.25	0.0	1.62104488791	-2.52562169649	-1.98894011726	2.07465019823	-3.30890857516	-2.46501054292	382
28	0.25	0.5	0.0	0.991323575589	-2.72735326244	-1.97775662453	1.37703626915	-3.54736119252	-2.45177994421	383
28	0.25	0.75	0.0	0.365442557857	-2.88894457647	-1.94828215341	0.671340625349	-3.74214981336	-2.41648762435	384
28	0.25	1.0	0.0	-0.177517179102	-2.96660731709	-1.90499433116	0.042055842506	-3.84237930847	-2.36609393978	385
28	0.5	0.0	0.0	2.18710847052	-2.91049191608	-1.51087945064	2.66846329561	-3.68824265553	-1.64937969491	386
28	0.5	0.25	0.0	1.60711312959	-3.11261756626	-1.5193211221	2.05305036191	-3.92189080442	-1.66935966855	387
28	0.5	0.5	0.0	0.963733017484	-3.3213539644	-1.51899974652	1.34627574585	-4.15201530578	-1.67277133892	388
28	0.5	0.75	0.0	0.328868030517	-3.48533998528	-1.50686213354	0.630866613831	-4.32986002037	-1.66084635275	389
28	0.5	1.0	0.0	-0.225581935009	-3.55321450369	-1.47985509281	-0.0104498677232	-4.40666880898	-1.63481635674	390
28	0.75	0.0	0.0	2.18506678941	-3.35800616579	-0.953764656857	2.64791021478	-4.15414566941	-0.771488580054	391
28	0.75	0.25	0.0	1.58847817421	-3.56252485064	-0.95662500352	2.02524170408	-4.39107564801	-0.794959272213	392
28	0.75	0.5	0.0	0.937710358032	-3.78309535731	-0.964358399466	1.31359274569	-4.62082272457	-0.81758782689	393
28	0.75	0.75	0.0	0.297616689214	-3.95444497732	-0.96832517653	0.59320093429	-4.7914810199	-0.833274674343	394
28	0.75	1.0	0.0	-0.266949483912	-4.0113010022	-0.959885666548	-0.0556961354706	-4.85114465482	-0.835920244832	395
28	1.0	0.0	0.0	2.15560819	-3.524741539	-0.426776136	2.62580714154	-4.33290695539	-0.000822784474856	396
28	1.0	0.25	0.0	1.56336994884	-3.73141626835	-0.42179852028	2.00478608632	-4.57385970419	-0.021830409268	397
28	1.0	0.5	0.0	0.916996839686	-3.95414331933	-0.433014770746	1.29439004554	-4.80709563389	-0.0616826741328	398
28	1.0	0.75	0.0	0.281226150438	-4.1233730404	-0.448749301339	0.575441517308	-4.97863404628	-0.103979410162	399
28	1.0	1.0	0.0	-0.279204831	-4.16955578	-0.457326526	-0.0712370002416	-5.03449424314	-0.13232044845	400
33	0.0	0.0	0.0	4.56418866	-2.506880743	-0.619372132	5.08202834784	-3.03966617169	-0.145740657425	401
33	0.0	0.25	0.0	4.03762669005	-2.80528741036	-0.590067663119	4.54082469945	-3.39015033485	-0.120255494115	402
33	0.0	0.5	0.0	3.41444784333	-3.07898200888	-0.529645436423	3.90407622393	-3.73973375417	-0.0686387325915	403
33	0.0	0.75	0.0	2.76399428745	-3.32109117347	-0.465937558516	3.24224850879	-4.06259357817	-0.0193434652469	404
33	0.0	1.0	0.0	2.15560819	-3.524741539	-0.426776136	2.62580714154	-4.33290695539	-0.000822784474856	405
33	0.25	0.0	0.0	4.44557474131	-2.3145934175	-0.22659141929	5.02437127412	-2.84950600259	0.461732659369	406
33	0.25	0.25	0.0	3.93079734403	-2.60119977397	-0.152411611015	4.48695474934	-3.18931400844	0.547457851589	407
33	0.25	0.5	0.0	3.31556319925	-2.87479181043	-0.0606866119646	3.85178688354	-3.54212949483	0.636996722861	408
33	0.25	0.75	0.0	2.67523492739	-3.12168847821	0.0253816775857	3.19278400415	-3.87312298354	0.711078559515	409
33	0.25	1.0	0.0	2.08517514887	-3.32820872864	0.0825913573597	2.58386243858	-4.14746499635	0.750432647881	410
33	0.5	0.0	0.0	4.25988768213	-1.87533712279	0.136672341239	4.94011648576	-2.42551829255	1.12296469058	411
33	0.5	0.25	0.0	3.75990534577	-2.13002963587	0.256749707626	4.40416786904	-2.73366464881	1.26677627038	412
33	0.5	0.5	0.0	3.16846272283	-2.40532072432	0.396233870333	3.77154383779	-3.0842025293	1.40695137752	413
33	0.5	0.75	0.0	2.55567023677	-2.66473169866	0.523999038856	3.11707803976	-3.42377564321	1.52121357476	414
33	0.5	1.0	0.0	1.991638311	-2.87178386938	0.608919422694	2.51560412271	-3.69902769975	1.58728642489	415
33	0.75	0.0	0.0	4.08778056514	-1.33368876919	0.428265691899	4.85533336356	-1.89360329447	1.70290471165	416
33	0.75	0.25	0.0	3.59538510393	-1.55291068879	0.590452460399	4.31656691452	-2.16023994573	1.89724352292	417
33	0.75	0.5	0.0	3.02796803973	-1.82218541269	0.777981753563	3.68845283659	-2.4996307124	2.08917035555	418
33	0.75	0.75	0.0	2.4457916863	-2.08611020172	0.94782320409	3.04166206754	-2.84078409366	2.24715784155	419
33	0.75	1.0	0.0	1.90911835737	-2.28928231668	1.05694644468	2.44686554516	-3.11270858866	2.33967861295	420
33	1.0	0.0	0.0	4.009906473	-0.834225267	0.606035175	4.79609128834	-1.37966126129	2.06650199806	421
33	1.0	0.25	0.0	3.50767102719	-1.03097662548	0.801732814899	4.24825474173	-1.60607758897	2.29840336991	422
33	1.0	0.5	0.0	2.94890077557	-1.27700253766	1.02142278082	3.62761962983	-1.92209189899	2.53159878112	423
33	1.0	0.75	0.0	2.38609074667	-1.52171335427	1.21476285208	2.99306753939	-2.25038087137	2.7250076209	424
33	1.0	1.0	0.0	1.871735969	-1.714519426	1.331410808	2.40348005711	-2.51362118613	2.83754927845	425
34	0.0	0.0	0.0	2.15560819	-3.524741539	-0.426776136	2.62580714154	-4.33290695539	-0.000822784474856	426
34	0.0	0.25	0.0	1.56336994884	-3.73141626835	-0.42179852028	2.00478608632	-4.57385970419	-0.021830409268	427
34	0.0	0.5	0.0	0.916996839686	-3.95414331933	-0.433014770746	1.29439004554	-4.80709563389	-0.0616826741328	428
34	0.0	0.75	0.0	0.281226150438	-4.1233730404	-0.448749301339	0.575441517308	-4.97863404628	-0.103979410162	429
34	0.0	1.0	0.0	-0.279204831	-4.16955578	-0.457326526	-0.0712370002416	-5.03449424314	-0.13232044845	430
34	0.25	0.0	0.0	2.08517514887	-3.32820872864	0.0825913573597	2.58386243858	-4.14746499635	0.750432647881	431
34	0.25	0.25	0.0	1.51798207483	-3.52634980144	0.105760137408	1.97759920306	-4.38555981431	0.743989779401	432
34	0.25	0.5	0.0	0.890839523637	-3.73279691492	0.111759857701	1.27935296998	-4.61724041139	0.708116482946	433
34	0.25	0.75	0.0	0.271948665973	-3.88608927142	0.104053455016	0.571726309998	-4.78898718811	0.661262480648	434
34	0.25	1.0	0.0	-0.27048932749	-3.92476607327	0.0861038661287	-0.0626782062041	-4.847280545	0.621877494635	435
34	0.5	0.0	0.0	1.991638311	-2.87178386938	0.608919422694	2.51560412271	-3.69902769975	1.58728642489	436
34	0.5	0.25	0.0	1.45655532214	-3.04873949516	0.64890067358	1.93102470995	-3.92416277067	1.5923347169	437
34	0.5	0.5	0.0	0.856595200013	-3.2305809234	0.669513596004	1.25318239013	-4.14570142903	1.5588083688	438
34	0.5	0.75	0.0	0.260528877349	-3.36574852275	0.667345489231	0.564335215099	-4.31142169035	1.50792093297	439
34	0.5	1.0	0.0	-0.262872713127	-3.40268266183	0.638983652527	-0.053258763294	-4.36910157012	1.46088596175	440
34	0.75	0.0	0.0	1.90911835737	-2.28928231668	1.05694644468	2.44686554516	-3.11270858866	2.33967861295	441
34	0.75	0.25	0.0	1.40424366245	-2.44472921076	1.10345073715	1.88063418391	-3.32113891892	2.35382292055	442
34	0.75	0.5	0.0	0.829035696586	-2.60344092638	1.12475077486	1.22170309243	-3.52788629558	2.3228364455	443
34	0.75	0.75	0.0	0.25353453591	-2.72335318054	1.1170507541	0.55234530143	-3.68479680361	2.26913342029	444
34	0.75	1.0	0.0	-0.25221974345	-2.76240169023	1.07655487116	-0.0451661583837	-3.74371652802	2.21512807739	445
34	1.0	0.0	0.0	1.871735969	-1.714519426	1.331410808	2.40348005711	-2.51362118613	2.83754927845	446
34	1.0	0.25	0.0	1.38620106745	-1.86046280946	1.36523797705	1.84199920184	-2.70795860473	2.85907290768	447
34	1.0	0.5	0.0	0.822932841127	-2.00732250544	1.36197572497	1.19073986331	-2.89920261978	2.83264417511	448
34	1.0	0.75	0.0	0.257533392996	-2.11990563095	1.32909320241	0.534833637814	-3.04797177851	2.7780374161	449
34	1.0	1.0	0.0	-0.234395174	-2.163019303	1.27405956	-0.040587878346	-3.11488462819	2.71502696603	450
35	0.0	0.0	0.0	4.009906473	-0.834225267	0.606035175	4.79609128834	-1.37966126129	2.06650199806	451
35	0.0	0.25	0.0	3.50767102719	-1.03097662548	0.801732814899	4.24825474173	-1.60607758897	2.29840336991	452
35	0.0	0.5	0.0	2.94890077557	-1.27700253766	1.02142278082	3.62761962983	-1.92209189899	2.53159878112	453
35	0.0	0.75	0.0	2.38609074667	-1.52171335427	1.21476285208	2.99306753939	-2.25038087137	2.7250076209	454
35	0.0	1.0	0.0	1.871735969	-1.714519426	1.331410808	2.40348005711	-2.51362118613	2.83754927845	455
35	0.25	0.0	0.0	4.03457911792	-0.250837803715	0.725949451603	4.7645081173	-0.719462508272	2.2358716945	456
35	0.25	0.25	0.0	3.5163199801	-0.419017123693	0.9047514312	4.20507225453	-0.900870112166	2.47240485086	457
35	0.25	0.5	0.0	2.94614417067	-0.649982314562	1.09255085964	3.58100249055	-1.19168997256	2.70955984364	458
35	0.25	0.75	0.0	2.37961232603	-0.888307196041	1.252379996	2.94962029164	-1.50526710411	2.9057316436	459
35	0.25	1.0	0.0	1.87228508253	-1.07856558785	1.34727109934	2.36824712411	-1.75494652146	3.01931522145	460
35	0.5	0.0	0.0	4.09779362828	0.445279258762	0.82154376944	4.74875633595	0.106163812414	2.26614258329	461
35	0.5	0.25	0.0	3.57442263065	0.326807003141	0.919281516656	4.18312280426	-0.0281931709026	2.46399167588	462
35	0.5	0.5	0.0	2.98729475598	0.0843679634749	1.005776676	3.54102085735	-0.311992800396	2.656516732	463
35	0.5	0.75	0.0	2.40307457329	-0.186489970121	1.07728051262	2.8975110191	-0.631505649267	2.8140494667	464
35	0.5	1.0	0.0	1.8884266516	-0.390218907532	1.13004429164	2.3276538134	-0.873002290717	2.90692159502	465
35	0.75	0.0	0.0	4.17031012501	1.12076067811	0.856036420557	4.74018364822	0.92288281232	2.14865762916	466
35	0.75	0.25	0.0	3.64252812766	1.06845299388	0.860438996945	4.17302681114	0.841192824633	2.2923436561	467
35	0.75	0.5	0.0	3.04321118307	0.852016201226	0.840933666415	3.51705064867	0.579163935353	2.43320177376	468
35	0.75	0.75	0.0	2.44730082185	0.58529127394	0.823435398973	2.86290107823	0.266894018967	2.55057668628	469
35	0.75	1.0	0.0	1.92973857462	0.382119185801	0.833859164622	2.30122401727	0.0344809499617	2.62381309781	470
35	1.0	0.0	0.0	4.222888729	1.642241212	0.792645697	4.73013775804	1.556359603	1.87475979685	471
35	1.0	0.25	0.0	3.68118561992	1.66787808736	0.743339797745	4.16540469542	1.53652746426	1.97664060264	472
35	1.0	0.5	0.0	3.08475210352	1.57893030347	0.677855267389	3.51846778293	1.34394455253	2.10034729648	473
35	1.0	0.75	0.0	2.5031144051	1.42858948659	0.624815652089	2.87195182549	1.0859224264	2.21592889842	474
35	1.0	1.0	0.0	2.00579875	1.270047263	0.612844498	2.30848162804	0.869772644455	2.29343442847	475
36	0.0	0.0	0.0	1.871735969	-1.714519426	1.331410808	2.40348005711	-2.51362118613	2.83754927845	476
36	0.0	0.25	0.0	1.38620106745	-1.86046280946	1.36523797705	1.84199920184	-2.70795860473	2.85907290768	477
36	0.0	0.5	0.0	0.822932841127	-2.00732250544	1.36197572497	1.19073986331	-2.89920261978	2.83264417511	478
36	0.0	0.75	0.0	0.257533392996	-2.11990563095	1.32909320241	0.534833637814	-3.04797177851	2.7780374161	479
36	0.0	1.0	0.0	-0.234395174	-2.163019303	1.27405956	-0.040587878346	-3.11488462819	2.71502696603	480
36	0.25	0.0	0.0	1.87228508253	-1.07856558785	1.34727109934	2.36824712411	-1.75494652146	3.01931522145	481
36	0.25	0.25	0.0	1.38653555657	-1.21862099371	1.37120331172	1.80739599693	-1.93780224732	3.04855639373	482
36	0.25	0.5	0.0	0.820287915677	-1.35331953636	1.35916721168	1.15870209613	-2.12134434034	3.03779974879	483
36	0.25	0.75	0.0	0.253240215681	-1.45669866359	1.32191285512	0.508513399976	-2.27070226705	2.99761402209	484
36	0.25	1.0	0.0	-0.234909487596	-1.50279582317	1.27019029792	-0.0568221132819	-2.35100549396	2.93856794909	485
36	0.5	0.0	0.0	1.8884266516	-0.390218907532	1.13004429164	2.3276538134	-0.873002290717	2.90692159502	486
36	0.5	0.25	0.0	1.38833134804	-0.512356143627	1.16744008512	1.77377918383	-1.03722793145	2.94930586701	487
36	0.5	0.5	0.0	0.813637532643	-0.612661049141	1.19387410021	1.13157398683	-1.20108053475	2.97590980057	488
36	0.5	0.75	0.0	0.239159000499	-0.685208511998	1.20062688424	0.483005576582	-1.33658054286	2.97829017535	489
36	0.5	1.0	0.0	-0.260290453322	-0.72407342012	1.17897898455	-0.0899586927202	-1.41574839805	2.94800377099	490
36	0.75	0.0	0.0	1.92973857462	0.382119185801	0.833859164622	2.30122401727	0.0344809499617	2.62381309781	491
36	0.75	0.25	0.0	1.41918582525	0.260158300161	0.881735238972	1.75083687249	-0.122037409488	2.67596726859	492
36	0.75	0.5	0.0	0.837967065805	0.162460240458	0.942250055069	1.11605900707	-0.277560603299	2.73077103596	493
36	0.75	0.75	0.0	0.251867891449	0.0925981794117	0.989085741013	0.47107012987	-0.405208768826	2.7671480538	494
36	0.75	1.0	0.0	-0.273326102637	0.0541452897393	0.995924424904	-0.10995005021	-0.478102043425	2.76402197597	495
36	1.0	0.0	0.0	2.00579875	1.270047263	0.612844498	2.30848162804	0.869772644455	2.29343442847	496
36	1.0	0.25	0.0	1.50669637163	1.10074889702	0.641875715033	1.74825717286	0.691967566201	2.34318653951	497
36	1.0	0.5	0.0	0.928261888939	0.919851616664	0.6804487408	1.1188606285	0.510066053693	2.38618016045	498
36	1.0	0.75	0.0	0.32794503253	0.774754766222	0.711139876667	0.485467022078	0.363810892188	2.41126983535	499
36	1.0	1.0	0.0	-0.236804467	0.71285769	0.716525424	-0.0867486192991	0.292944866942	2.40731010832	500
41	0.0	0.0	0.0	4.222888729	1.642241212	0.792645697	4.73013775804	1.556359603	1.87475979685	501
41	0.0	0.25	0.0	3.68118561992	1.66787808736	0.743339797745	4.16540469542	1.53652746426	1.97664060264	502
41	0.0	0.5	0.0	3.08475210352	1.57893030347	0.677855267389	3.51846778293	1.34394455253	2.10034729648	503
41	0.0	0.75	0.0	2.5031144051	1.42858948659	0.624815652089	2.87195182549	1.0859224264	2.21592889842	504
41	0.0	1.0	0.0	2.00579875	1.270047263	0.612844498	2.30848162804	0.869772644455	2.29343442847	505
41	0.25	0.0	0.0	4.24010364084	1.80525051925	0.734732034429	4.73646985648	1.73796474497	1.71692409649	506
41	0.25	0.25	0.0	3.67879571503	1.90286077156	0.694637701976	4.15976579182	1.77424601843	1.80541167896	507
41	0.25	0.5	0.0	3.0862537227	1.96385778241	0.668166563305	3.51488275966	1.69915752495	1.9257987428	508
41	0.25	0.75	0.0	2.52278528686	1.95680862012	0.650859830208	2.87362558242	1.55229254004	2.04170237731	509
41	0.25	1.0	0.0	2.04869803055	1.850280353	0.638258714476	2.30779908251	1.37324433921	2.11673967176	510
41	0.5	0.0	0.0	4.26752111966	2.01153723596	0.648838216592	4.75856585214	1.95283056826	1.49545145822	511
41	0.5	0.25	0.0	3.66945588546	2.17176702627	0.641225345378	4.15119344274	2.03505877331	1.58389002247	512
41	0.5	0.5	0.0	3.0735844278	2.34439813592	0.707467602213	3.49278767502	2.06341271923	1.73019440751	513
41	0.5	0.75	0.0	2.52396787886	2.43848190876	0.777573127986	2.84832839355	2.01521996872	1.87206077808	514
41	0.5	1.0	0.0	2.06466737081	2.36306968863	0.781550063585	2.28279544285	1.86780808447	1.94718529897	515
41	0.75	0.0	0.0	4.2988283764	2.20250633544	0.552890053959	4.78858765632	2.14804645733	1.26402689833	516
41	0.75	0.25	0.0	3.66851375568	2.4184698111	0.575754469958	4.15485347566	2.27224868371	1.34950861739	517
41	0.75	0.5	0.0	3.07506043516	2.68300032683	0.716825505077	3.48377029297	2.39028801561	1.50359539256	518
41	0.75	0.75	0.0	2.53670264208	2.86110006068	0.859618591998	2.83252221926	2.42864213318	1.65186323687	519
41	0.75	1.0	0.0	2.07167460367	2.81777119069	0.887649163401	2.25829336556	2.31378871655	1.71988816334	520
41	1.0	0.0	0.0	4.327712622	2.319562791	0.464813357	4.81869718031	2.2707017967	1.07633543313	521
41	1.0	0.25	0.0	3.69131695017	2.58684208569	0.490876817719	4.18591171808	2.43909870445	1.13970044793	522
41	1.0	0.5	0.0	3.1189979611	2.94211331799	0.617307392859	3.51941837744	2.63336129431	1.23606279993	523
41	1.0	0.75	0.0	2.59103003747	3.21215378405	0.75165926882	2.86266901994	2.74649645413	1.32596888977	524
41	1.0	1.0	0.0	2.087687562	3.22374078	0.801486632	2.25911550718	2.67151107175	1.36996511811	525
42	0.0	0.0	0.0	2.00579875	1.270047263	0.612844498	2.30848162804	0.869772644455	2.29343442847	526
42	0.0	0.25	0.0	1.50669637163	1.10074889702	0.641875715033	1.74825717286	0.691967566201	2.34318653951	527
42	0.0	0.5	0.0	0.928261888939	0.919851616664	0.6804487408	1.1188606285	0.510066053693	2.38618016045	528
42	0.0	0.75	0.0	0.32794503253	0.774754766222	0.711139876667	0.485467022078	0.363810892188	2.41126983535	529
42	0.0	1.0	0.0	-0.236804467	0.71285769	0.716525424	-0.0867486192991	0.292944866942	2.40731010832	530
42	0.25	0.0	0.0	2.04869803055	1.850280353	0.638258714476	2.30779908251	1.37324433921	2.11673967176	531
42	0.25	0.25	0.0	1.57201489208	1.63165247141	0.62458424155	1.7530121431	1.15517329598	2.14770624382	532
42	0.25	0.5	0.0	1.00708177637	1.3678697321	0.608373335846	1.14440139471	0.912416836097	2.15735281991	533
42	0.25	0.75	0.0	0.403513994374	1.13937542115	0.592158810153	0.528449022126	0.708045381653	2.15085820107	534
42	0.25	1.0	0.0	-0.189073142982	1.02661282461	0.57847347726	-0.0483627898746	0.605129354731	2.13340118837	535
42	0.5	0.0	0.0	2.06466737081	2.36306968863	0.781550063585	2.28279544285	1.86780808447	1.94718529897	536
42	0.5	0.25	0.0	1.61319288991	2.12141335031	0.704708211888	1.75222527682	1.616461443	1.93504134961	537
42	0.5	0.5	0.0	1.08156155632	1.82986154525	0.602583447724	1.18732858944	1.32471498804	1.87831806631	538
42	0.5	0.75	0.0	0.494192175248	1.56272408289	0.510800757514	0.600725513939	1.06737788106	1.81118266447	539
42	0.5	1.0	0.0	-0.124496448056	1.39431077265	0.464985127675	0.00503618357033	0.919259283526	1.7678023595	540
42	0.75	0.0	0.0	2.07167460367	2.81777119069	0.887649163401	2.25829336556	2.31378871655	1.71988816334	541
42	0.75	0.25	0.0	1.62774968966	2.56688744283	0.770006282216	1.74202185524	2.03676063218	1.67358713032	542
42	0.75	0.5	0.0	1.13372768979	2.25868037002	0.5983500169	1.2161354717	1.69792779801	1.56480576544	543
42	0.75	0.75	0.0	0.576485399969	1.96158249528	0.440224478423	0.661274852851	1.38652831216	1.44855029727	544
42	0.75	1.0	0.0	-0.0571003838524	1.74402634162	0.363173777752	0.0580806365728	1.19180027277	1.37982695438	545
42	1.0	0.0	0.0	2.087687562	3.22374078	0.801486632	2.25911550718	2.67151107175	1.36996511811	546
42	1.0	0.25	0.0	1.61320461585	2.9649306581	0.708237108706	1.71852715958	2.37699948846	1.33173885942	547
42	1.0	0.5	0.0	1.14560663781	2.60717952034	0.530943983839	1.19931530054	1.98302255452	1.23254578308	548
42	1.0	0.75	0.0	0.626899493354	2.25273240216	0.353588732552	0.669075394197	1.61021659672	1.11926817115	549
42	1.0	1.0	0.0	-0.000910952	2.003834339	0.26015283	0.0954029046699	1.37921794189	1.0387883057	550
43	0.0	0.0	0.0	4.327712622	2.319562791	0.464813357	4.81869718031	2.2707017967	1.07633543313	551
43	0.0	0.25	0.0	3.69131695017	2.58684208569	0.490876817719	4.18591171808	2.43909870445	1.13970044793	552
43	0.0	0.5	0.0	3.1189979611	2.94211331799	0.617307392859	3.51941837744	2.63336129431	1.23606279993	553
43	0.0	0.75	0.0	2.59103003747	3.21215378405	0.75165926882	2.86266901994	2.74649645413	1.32596888977	554
43	0.0	1.0	0.0	2.087687562	3.22374078	0.801486632	2.25911550718	2.67151107175	1.36996511811	555
43	0.25	0.0	0.0	4.39090109522	2.35780795752	0.333656406173	4.88470881718	2.32636759141	0.855205298591	556
43	0.25	0.25	0.0	3.74240494427	2.65961323782	0.356941983287	4.24941009002	2.52776837404	0.90984667791	557
43	0.25	0.5	0.0	3.17977229766	3.0788463693	0.447478711396	3.5825662859	2.76753194698	0.970779584201	558
43	0.25	0.75	0.0	2.65370906539	3.41400904929	0.546297713885	2.91618356707	2.92215457037	1.01958804533	559
43	0.25	1.0	0.0	2.11492115744	3.46360297513	0.594430114141	2.28226809579	2.86813250432	1.03785608918	560
43	0.5	0.0	0.0	4.49736662234	2.35956020273	0.136751433096	4.99511154457	2.3567726595	0.547493182832	561
43	0.5	0.25	0.0	3.81601112266	2.6975348692	0.150055492397	4.33358430207	2.58974086139	0.592711661791	562
43	0.5	0.5	0.0	3.24944684568	3.18507698581	0.215213336495	3.65588039141	2.8818708486	0.635168135157	563
43	0.5	0.75	0.0	2.72064202544	3.58660586774	0.284589439331	2.97761335641	3.08383053954	0.656650943903	564
43	0.5	1.0	0.0	2.15256489597	3.66654083017	0.310548274845	2.31439674091	3.0462878526	0.638948429003	565
43	0.75	0.0	0.0	4.60061389229	2.34048274433	-0.0699798757792	5.10264002263	2.36713885083	0.234542833576	566
43	0.75	0.25	0.0	3.88707923077	2.71032326128	-0.0750730169231	4.41285674778	2.62710432163	0.261336691	567
43	0.75	0.5	0.0	3.31210533626	3.24821875558	-0.0358320779027	3.72360730314	2.95916657616	0.282699868773	568
43	0.75	0.75	0.0	2.77774044095	3.69840031101	0.00411542915612	3.03366036342	3.19643797871	0.278427419235	569
43	0.75	1.0	0.0	2.18603277702	3.80509901138	0.00114199212714	2.34178460337	3.17203089358	0.228314394724	570
43	1.0	0.0	0.0	4.654147594	2.3162388	-0.230615834	5.16002891151	2.36268801528	-0.00230200145591	571
43	1.0	0.25	0.0	3.93055301404	2.70769469548	-0.263733906644	4.4616498207	2.64194690992	-0.0112369430312	572
43	1.0	0.5	0.0	3.35183150054	3.25568526664	-0.262000877856	3.76999363027	2.98220770665	-0.0331537989726	573
43	1.0	0.75	0.0	2.81091583527	3.71784845073	-0.257543332639	3.07102656358	3.22489050494	-0.0738126949247	574
43	1.0	1.0	0.0	2.2007388	3.851822185	-0.282487856	2.35071484398	3.21141540426	-0.138973756532	575
44	0.0	0.0	0.0	2.087687562	3.22374078	0.801486632	2.25911550718	2.67151107175	1.36996511811	576
44	0.0	0.25	0.0	1.61320461585	2.9649306581	0.708237108706	1.71852715958	2.37699948846	1.33173885942	577
44	0.0	0.5	0.0	1.14560663781	2.60717952034	0.530943983839	1.19931530054	1.98302255452	1.23254578308	578
44	0.0	0.75	0.0	0.626899493354	2.25273240216	0.353588732552	0.669075394197	1.61021659672	1.11926817115	579
44	0.0	1.0	0.0	-0.000910952	2.003834339	0.26015283	0.0954029046699	1.37921794189	1.0387883057	580
44	0.25	0.0	0.0	2.11492115744	3.46360297513	0.594430114141	2.28226809579	2.86813250432	1.03785608918	581
44	0.25	0.25	0.0	1.61069768161	3.19930942153	0.52727929877	1.71523153523	2.56215164924	1.00425457458	582
44	0.25	0.5	0.0	1.1501331796	2.80412689633	0.371594623408	1.18766308931	2.13040516385	0.925660017633	583
44	0.25	0.75	0.0	0.650012532323	2.40014681536	0.207375196656	0.663317969721	1.71196286302	0.829874396619	584
44	0.25	1.0	0.0	0.0271206206704	2.10946059443	0.114620127119	0.105951388129	1.44589456163	0.74469968983	585
44	0.5	0.0	0.0	2.15256489597	3.66654083017	0.310548274845	2.31439674091	3.0462878526	0.638948429003	586
44	0.5	0.25	0.0	1.62916955054	3.40219064548	0.242418309887	1.73142988227	2.72802737514	0.583845840445	587
44	0.5	0.5	0.0	1.17087537068	2.99063830102	0.101868774783	1.20109128626	2.26609291444	0.504840190009	588
44	0.5	0.75	0.0	0.678114410051	2.54504301167	-0.04407523028	0.676314898423	1.80354015243	0.41322001689	589
44	0.5	1.0	0.0	0.0513187222996	2.17856399233	-0.128388605113	0.110034664324	1.48342477102	0.32027386028	590
44	0.75	0.0	0.0	2.18603277702	3.80509901138	0.00114199212714	2.34178460337	3.17203089358	0.228314394724	591
44	0.75	0.25	0.0	1.64912169201	3.54753450357	-0.0749034256059	1.74560830002	2.84748621786	0.152423236679	592
44	0.75	0.5	0.0	1.18979623262	3.12562688161	-0.198094477979	1.21582844059	2.36447301955	0.0715808488173	593
44	0.75	0.75	0.0	0.699373902181	2.64282589697	-0.317898426903	0.69173241388	1.86623278184	-0.0149425438495	594
44	0.75	1.0	0.0	0.069172204029	2.20258130107	-0.383782534288	0.112607608693	1.49600698795	-0.107876716311	595
44	1.0	0.0	0.0	2.2007388	3.851822185	-0.282487856	2.35071484398	3.21141540426	-0.138973756532	596
44	1.0	0.25	0.0	1.65105557539	3.60930116941	-0.35324347537	1.73625288781	2.89338772913	-0.20810265705	597
44	1.0	0.5	0.0	1.188858787	3.16800578535	-0.44815605082	1.20810310154	2.39993269243	-0.27262345733	598
44	1.0	0.75	0.0	0.701959784358	2.64890037712	-0.53123027186	0.69323674967	1.88132506816	-0.338860861406	599
44	1.0	1.0	0.0	0.078169917	2.172949289	-0.566470828	0.118625096673	1.48783963034	-0.413139573309	600
49	0.0	0.0	0.0	6.687981302	0.256986	-0.299999993	7.30789050784	0.0951565681156	-0.0848869639651	601
49	0.0	0.25	0.0	6.38530509425	0.906783832561	-0.27733430921	6.963632536	0.875083932747	-0.0856643542993	602
49	0.0	0.5	0.0	5.96493185427	1.49984305007	-0.234144464668	6.46445403183	1.54120405615	-0.0542841854411	603
49	0.0	0.75	0.0	5.39762491115	1.98628694255	-0.206536344541	5.85002836659	2.05118329733	-0.0175591652176	604
49	0.0	1.0	0.0	4.654147594	2.3162388	-0.230615834	5.16002891151	2.36268801528	-0.00230200145591	605
49	0.25	0.0	0.0	6.68906413575	0.255874188384	-0.310501955451	7.31125915135	0.094122002851	-0.0961303550228	606
49	0.25	0.25	0.0	6.38225732558	0.88671770587	-0.37375405525	6.96482020861	0.851955471171	-0.215117871272	607
49	0.25	0.5	0.0	5.9538945084	1.46405147323	-0.36446581716	6.46079265775	1.50811714429	-0.232101563957	608
49	0.25	0.75	0.0	5.38226899585	1.94674691325	-0.344231486492	5.84231730651	2.02079821886	-0.210227534383	609
49	0.25	1.0	0.0	4.64567409954	2.29367544868	-0.374645308556	5.15253496261	2.34818989152	-0.212641883855	610
49	0.5	0.0	0.0	6.69144637	0.252721701013	-0.320990036167	7.31867016709	0.0911394574521	-0.108249578674	611
49	0.5	0.25	0.0	6.37349629889	0.855539622261	-0.478621610053	6.96459681889	0.812319458274	-0.354663251769	612
49	0.5	0.5	0.0	5.92476971849	1.41962602661	-0.521487051267	6.44559992903	1.4615849298	-0.444789133413	613
49	0.5	0.75	0.0	5.33915443989	1.90285085749	-0.525317197852	5.81271659134	1.98361802016	-0.463728188805	614
49	0.5	1.0	0.0	4.61053827419	2.26308405834	-0.565842887851	5.11698389963	2.32310087747	-0.496581383145	615
49	0.75	0.0	0.0	6.69382860425	0.247802963135	-0.330774922049	7.32608118282	0.0863906615467	-0.119665607491	616
49	0.75	0.25	0.0	6.36140260843	0.813243398769	-0.579504944441	6.96241283732	0.756067420431	-0.487884415061	617
49	0.75	0.5	0.0	5.88795054186	1.36499686767	-0.67507925385	6.42656375064	1.3987514944	-0.653874580172	618
49	0.75	0.75	0.0	5.28601830686	1.85230132311	-0.703211417839	5.77807486847	1.93589118531	-0.71689952185	619
49	0.75	1.0	0.0	4.56815180575	2.22439471834	-0.74961500397	5.07648713647	2.288934795	-0.776222659119	620
49	1.0	0.0	0.0	6.694911438	0.2413924	-0.3391673	7.32944982633	0.0800573447627	-0.128799414049	621
49	1.0	0.25	0.0	6.34835684842	0.759822852428	-0.663972029236	6.95771873436	0.683090884018	-0.598365280419	622
49	1.0	0.5	0.0	5.85383003585	1.29859415391	-0.795113511769	6.41137202753	1.31676091981	-0.820885590598	623
49	1.0	0.75	0.0	5.24059766036	1.79280085794	-0.831332085667	5.75524078528	1.87386619839	-0.908579926882	624
49	1.0	1.0	0.0	4.537926382	2.177537518	-0.871368089	5.05415608703	2.24720546599	-0.973667871569	625
50	0.0	0.0	0.0	6.694911438	0.2413924	-0.3391673	7.32944982633	0.0800573447627	-0.128799414049	626
50	0.0	0.25	0.0	6.34835684842	0.759822852428	-0.663972029236	6.95771873436	0.683090884018	-0.598365280419	627
50	0.0	0.5	0.0	5.85383003585	1.29859415391	-0.795113511769	6.41137202753	1.31676091981	-0.820885590598	628
50	0.0	0.75	0.0	5.24059766036	1.79280085794	-0.831332085667	5.75524078528	1.87386619839	-0.908579926882	629
50	0.0	1.0	0.0	4.537926382	2.177537518	-0.871368089	5.05415608703	2.24720546599	-0.973667871569	630
50	0.25	0.0	0.0	6.68808824127	0.232671419221	-0.346450978502	7.32705006254	0.0701610291923	-0.139335313868	631
50	0.25	0.25	0.0	6.32534211222	0.68222826909	-0.749685371886	6.94540331983	0.579685007844	-0.713176495723	632
50	0.25	0.5	0.0	5.80781720013	1.19275523642	-0.921037526307	6.38810353291	1.18583615799	-1.00240945969	633
50	0.25	0.75	0.0	5.18055111039	1.68059191499	-0.965996410888	5.72557875639	1.74950054048	-1.12320287602	634
50	0.25	1.0	0.0	4.48858144838	2.06207789854	-0.990050994751	5.0282570449	2.13156421615	-1.19172541493	635
50	0.5	0.0	0.0	6.67306936307	0.225301334972	-0.349417725385	7.3217627368	0.0602052084034	-0.149456947649	636
50	0.5	0.25	0.0	6.29594356491	0.607515392793	-0.810399223466	6.9287061789	0.48736620568	-0.800343278459	637
50	0.5	0.5	0.0	5.75424718046	1.07528903535	-1.03765431364	6.35394792585	1.04662439941	-1.17517559669	638
50	0.5	0.75	0.0	5.10565478801	1.53211205684	-1.11739901698	5.67725817184	1.5824810592	-1.36628264117	639
50	0.5	1.0	0.0	4.40784096587	1.88147425144	-1.13584935453	4.97840711107	1.93943745467	-1.4659931507	640
50	0.75	0.0	0.0	6.65803087132	0.217311688238	-0.351614184576	7.31645579752	0.0496298251284	-0.158808293737	641
50	0.75	0.25	0.0	6.26863159988	0.524607301161	-0.854288615137	6.91279115171	0.389279287469	-0.865432657976	642
50	0.75	0.5	0.0	5.70414403411	0.946610820449	-1.1355416406	6.319422177	0.895660651189	-1.32393171811	643
50	0.75	0.75	0.0	5.03397829504	1.37091989448	-1.25618285416	5.62663106556	1.39838363722	-1.59425931138	644
50	0.75	1.0	0.0	4.32754450368	1.68513217163	-1.27702184905	4.9247000096	1.72705796648	-1.736369275	645
50	1.0	0.0	0.0	6.651148834	0.20673202	-0.356587	7.31399719313	0.0378748220996	-0.167033330479	646
50	1.0	0.25	0.0	6.25187661053	0.422427071812	-0.889528578059	6.90282207839	0.268569063151	-0.91401166362	647
50	1.0	0.5	0.0	5.66853181838	0.807135861475	-1.20527727398	6.295043257	0.729479920479	-1.43342554047	648
50	1.0	0.75	0.0	4.98359123329	1.2205740389	-1.35299087266	5.59004947153	1.22278415721	-1.76357297569	649
50	1.0	1.0	0.0	4.279531631	1.522457254	-1.381827159	4.88722946455	1.55065853648	-1.94275198394	650
53	0.0	0.0	0.0	6.651148834	0.20673202	-0.356587	7.31399719313	0.0378748220996	-0.167033330479	651
53	0.0	0.25	0.0	6.25187661053	0.422427071812	-0.889528578059	6.90282207839	0.268569063151	-0.91401166362	652
53	0.0	0.5	0.0	5.66853181838	0.807135861475	-1.20527727398	6.295043257	0.729479920479	-1.43342554047	653
53	0.0	0.75	0.0	4.98359123329	1.2205740389	-1.35299087266	5.59004947153	1.22278415721	-1.76357297569	654
53	0.0	1.0	0.0	4.279531631	1.522457254	-1.381827159	4.88722946455	1.55065853648	-1.94275198394	655
53	0.25	0.0	0.0	6.65301303619	0.186268528864	-0.369058201277	7.31318480633	0.013946111136	-0.177655082262	656
53	0.25	0.25	0.0	6.23779058683	0.216860349226	-0.938146208303	6.89633582293	0.0199726153255	-0.975918994587	657
53	0.25	0.5	0.0	5.61836005366	0.449879041765	-1.31233194621	6.27073228371	0.289316481612	-1.60597630513	658
53	0.25	0.75	0.0	4.91238947206	0.749521204155	-1.5243612712	5.55210211814	0.64653426827	-2.06155310724	659
53	0.25	1.0	0.0	4.23754687739	0.979983434071	-1.60698003948	4.85617325567	0.916182533575	-2.33637549425	660
53	0.5	0.0	0.0	6.65725447303	0.164059360011	-0.380514025161	7.31153774739	-0.0158865413386	-0.185042117257	661
53	0.5	0.25	0.0	6.24228653516	0.0185220043782	-0.950532958516	6.90376626244	-0.219404474012	-0.974384467189	662
53	0.5	0.5	0.0	5.60785652834	0.0499612887987	-1.36613842181	6.28070514852	-0.204843284183	-1.66047973587	663
53	0.5	0.75	0.0	4.89156564918	0.161491501813	-1.64092839509	5.56462490345	-0.0857486776783	-2.20142369674	664
53	0.5	1.0	0.0	4.23101509429	0.256226931962	-1.78850085844	4.87779602508	0.0243336396757	-2.55531212324	665
53	0.75	0.0	0.0	6.66148878986	0.141756916152	-0.386400336464	7.30988356844	-0.0458124688187	-0.186859639672	666
53	0.75	0.25	0.0	6.256175042	-0.16154027014	-0.927332575851	6.91723155909	-0.432630016301	-0.915738167596	667
53	0.75	0.5	0.0	5.61990962124	-0.334670594909	-1.36119636174	6.30406588229	-0.672522013977	-1.60166306574	668
53	0.75	0.75	0.0	4.89989635459	-0.426153484842	-1.68246932548	5.59526215769	-0.810975914716	-2.17793380508	669
53	0.75	1.0	0.0	4.24333906905	-0.484508366628	-1.88562909843	4.91569600494	-0.893479171386	-2.57784985658	670
53	1.0	0.0	0.0	6.663331632	0.1210136	-0.382163	7.3090498216	-0.0700210047988	-0.180772853714	671
53	1.0	0.25	0.0	6.27026669381	-0.312278781739	-0.869188807455	6.92884987505	-0.602771822983	-0.806310181977	672
53	1.0	0.5	0.0	5.63740771121	-0.646069806843	-1.29200542695	6.31991851593	-1.03324234484	-1.43425352779	673
53	1.0	0.75	0.0	4.91615817825	-0.896052172525	-1.62876114348	5.6116582111	-1.36605867693	-1.98583249311	674
53	1.0	1.0	0.0	4.257921589	-1.077918576	-1.857604242	4.93347142743	-1.60584692578	-2.38227667991	675
54	0.0	0.0	0.0	6.663331632	0.1210136	-0.382163	7.3090498216	-0.0700210047988	-0.180772853714	676
54	0.0	0.25	0.0	6.27026669381	-0.312278781739	-0.869188807455	6.92884987505	-0.602771822983	-0.806310181977	677
54	0.0	0.5	0.0	5.63740771121	-0.646069806843	-1.29200542695	6.31991851593	-1.03324234484	-1.43425352779	678
54	0.0	0.75	0.0	4.91615817825	-0.896052172525	-1.62876114348	5.6116582111	-1.36605867693	-1.98583249311	679
54	0.0	1.0	0.0	4.257921589	-1.077918576	-1.857604242	4.93347142743	-1.60584692578	-2.38227667991	680
54	0.25	0.0	0.0	6.66348151797	0.105066839896	-0.367753915301	7.30811820323	-0.0849556419802	-0.156374094217	681
54	0.25	0.25	0.0	6.29357050845	-0.436754833752	-0.77773830775	6.94435869288	-0.734621249268	-0.654677961909	682
54	0.25	0.5	0.0	5.68301687781	-0.882519592468	-1.15663742057	6.34375143383	-1.28329092644	-1.17719838265	683
54	0.25	0.75	0.0	4.9767892847	-1.2359326315	-1.47075487523	5.63850289581	-1.72646700748	-1.64806936776	684
54	0.25	1.0	0.0	4.31985638776	-1.5006991461	-1.68639429321	4.96081954859	-2.05965182635	-1.99142492857	685
54	0.5	0.0	0.0	6.66399668061	0.0943231548007	-0.347488972796	7.30625405632	-0.0934726566464	-0.114131867158	686
54	0.5	0.25	0.0	6.32980566079	-0.560373441964	-0.65200418892	6.96697542789	-0.861483828051	-0.455324427593	687
54	0.5	0.5	0.0	5.76291005917	-1.13520346704	-0.950464995148	6.38650564143	-1.53915220547	-0.816139440052	688
54	0.5	0.75	0.0	5.0908020067	-1.61282626142	-1.20455298049	5.69486978937	-2.10470044705	-1.14426212371	689
54	0.5	1.0	0.0	4.44097363437	-1.97590116609	-1.37594973395	5.02209296417	-2.53635121095	-1.38737769775	690
54	0.75	0.0	0.0	6.6645474997	0.0881817923048	-0.324470671394	7.30442556586	-0.097387348713	-0.0691362812002	691
54	0.75	0.25	0.0	6.35934106334	-0.654097209521	-0.507453361023	6.9848325301	-0.952984346334	-0.23584997654	692
54	0.75	0.5	0.0	5.82955739978	-1.33305858769	-0.709500579588	6.42183662997	-1.73230111097	-0.422071544489	693
54	0.75	0.75	0.0	5.18791481776	-1.91328333214	-0.887108776512	5.74307751669	-2.39637747342	-0.59495289859	694
54	0.75	1.0	0.0	4.54713162605	-2.35935243278	-0.996774401216	5.07619484148	-2.90625326445	-0.721645952387	695
54	1.0	0.0	0.0	6.664804355	0.086042	-0.30180151	7.30360091682	-0.0985150180954	-0.0364774450085	696
54	1.0	0.25	0.0	6.36254562864	-0.688888739567	-0.359552734119	6.98606244955	-0.97874759112	-0.0238550062585	697
54	1.0	0.5	0.0	5.83542904415	-1.40502211157	-0.46975660279	6.42339989071	-1.79421257203	-0.0659895404585	698
54	1.0	0.75	0.0	5.19784619133	-2.02385411354	-0.575375580566	5.74544470268	-2.49711656436	-0.120683830038	699
54	1.0	1.0	0.0	4.56418866	-2.506880743	-0.619372132	5.08202834784	-3.03966617169	-0.145740657425	700
57	0.0	0.0	0.0	6.664804355	0.086042	-0.30180151	7.30360091682	-0.0985150180954	-0.0364774450085	701
57	0.0	0.25	0.0	6.36254562864	-0.688888739567	-0.359552734119	6.98606244955	-0.97874759112	-0.0238550062585	702
57	0.0	0.5	0.0	5.83542904415	-1.40502211157	-0.46975660279	6.42339989071	-1.79421257203	-0.0659895404585	703
57	0.0	0.75	0.0	5.19784619133	-2.02385411354	-0.575375580566	5.74544470268	-2.49711656436	-0.120683830038	704
57	0.0	1.0	0.0	4.56418866	-2.506880743	-0.619372132	5.08202834784	-3.03966617169	-0.145740657425	705
57	0.25	0.0	0.0	6.66271523629	0.0876045168738	-0.278036315243	7.30667275385	-0.0949377614324	-0.0065665465473	706
57	0.25	0.25	0.0	6.32613843863	-0.642949739318	-0.20716652383	6.96582758281	-0.921900129315	0.196879992461	707
57	0.25	0.5	0.0	5.75255974713	-1.30427009945	-0.221111473001	6.3797048536	-1.68553355701	0.310351169186	708
57	0.25	0.75	0.0	5.07977367646	-1.87020263502	-0.250657619305	5.68649070459	-2.3425111472	0.382438289523	709
57	0.25	1.0	0.0	4.44557474131	-2.3145934175	-0.22659141929	5.02437127412	-2.84950600259	0.461732659369	710
57	0.5	0.0	0.0	6.65813418985	0.0934800608147	-0.254022878693	7.31344581004	-0.084629789955	0.030967438153	711
57	0.5	0.25	0.0	6.26931538673	-0.534347244307	-0.0663371767337	6.93606710253	-0.804757857458	0.413134917188	712
57	0.5	0.5	0.0	5.62935197005	-1.07612075321	0.0118430334934	6.3172469438	-1.45508038346	0.706938850382	713
57	0.5	0.75	0.0	4.90421803634	-1.525298151	0.0547640926104	5.60319388713	-2.00539973836	0.935756390566	714
57	0.5	1.0	0.0	4.25988768213	-1.87533712279	0.136672341239	4.94011648576	-2.42551829255	1.12296469058	715
57	0.75	0.0	0.0	6.65359068024	0.104379174348	-0.232907930296	7.32025640306	-0.0692982488849	0.0656029346998	716
57	0.75	0.25	0.0	6.21631999293	-0.392194514954	0.0523546506449	6.90711773109	-0.652083106156	0.595279490591	717
57	0.75	0.5	0.0	5.51968889493	-0.782561223831	0.203236276955	6.25911391495	-1.15949283859	1.05078417487	718
57	0.75	0.75	0.0	4.7485561608	-1.0889747195	0.301339205189	5.52545058299	-1.57788153757	1.4230236833	719
57	0.75	1.0	0.0	4.08778056514	-1.33368876919	0.428265691899	4.85533336356	-1.89360329447	1.70290471165	720
57	1.0	0.0	0.0	6.651614172	0.1210124	-0.2178382	7.32344085056	-0.050650283444	0.0868183687003	721
57	1.0	0.25	0.0	6.19139577721	-0.245604811682	0.138328301783	6.88931619087	-0.488638206016	0.713683435334	722
57	1.0	0.5	0.0	5.47745370378	-0.485578662303	0.327197617648	6.22839352065	-0.855410709614	1.26889781438	723
57	1.0	0.75	0.0	4.69016493971	-0.661066398523	0.449517368439	5.48315712484	-1.15205574459	1.72799337793	724
57	1.0	1.0	0.0	4.009906473	-0.834225267	0.606035175	4.79609128834	-1.37966126129	2.06650199806	725
58	0.0	0.0	0.0	6.651614172	0.1210124	-0.2178382	7.32344085056	-0.050650283444	0.0868183687003	726
58	0.0	0.25	0.0	6.19139577721	-0.245604811682	0.138328301783	6.88931619087	-0.488638206016	0.713683435334	727
58	0.0	0.5	0.0	5.47745370378	-0.485578662303	0.327197617648	6.22839352065	-0.855410709614	1.26889781438	728
58	0.0	0.75	0.0	4.69016493971	-0.661066398523	0.449517368439	5.48315712484	-1.15205574459	1.72799337793	729
58	0.0	1.0	0.0	4.009906473	-0.834225267	0.606035175	4.79609128834	-1.37966126129	2.06650199806	730
58	0.25	0.0	0.0	6.64781616825	0.141993601397	-0.213333997572	7.32013053758	-0.0280616964905	0.0875081684844	731
58	0.25	0.25	0.0	6.19032650602	-0.0946701872578	0.210733544972	6.87978551916	-0.310002524179	0.794163669188	732
58	0.25	0.5	0.0	5.49692855754	-0.162211599667	0.435708164167	6.21976319621	-0.488372504035	1.3983019688	733
58	0.25	0.75	0.0	4.72566515184	-0.175858262822	0.570982564786	5.47101893887	-0.609437283064	1.88413424976	734
58	0.25	1.0	0.0	4.03457911792	-0.250837803715	0.725949451603	4.7645081173	-0.719462508272	2.2358716945	735
58	0.5	0.0	0.0	6.63927466653	0.164064225705	-0.21912591156	7.31266195555	-0.00245482395695	0.0733245686814	736
58	0.5	0.25	0.0	6.19297744283	0.066527949583	0.277676456335	6.87104545343	-0.113370021762	0.85680744757	737
58	0.5	0.5	0.0	5.53009584335	0.186198807778	0.555968836916	6.21409634148	-0.0545852949625	1.47935650587	738
58	0.5	0.75	0.0	4.7864333959	0.365106133201	0.706881263509	5.46545363166	0.057419326433	1.94709409923	739
58	0.5	1.0	0.0	4.09779362828	0.445279258762	0.82154376944	4.74875633595	0.106163812414	2.26614258329	740
58	0.75	0.0	0.0	6.63072581429	0.186038634661	-0.230667644767	7.30518602301	0.023055833224	0.0533911496583	741
58	0.75	0.25	0.0	6.2017917035	0.246486631676	0.318068524928	6.866422289	0.101794715953	0.875549047994	742
58	0.75	0.5	0.0	5.57360818318	0.544607664939	0.639558995966	6.21314050621	0.393125272396	1.47870032769	743
58	0.75	0.75	0.0	4.85887955611	0.897124693925	0.797612162968	5.46463088812	0.724377854028	1.89301363825	744
58	0.75	1.0	0.0	4.17031012501	1.12076067811	0.856036420557	4.74018364822	0.92288281232	2.14865762916	745
58	1.0	0.0	0.0	6.626905759	0.20673119	-0.2434129	7.30185365848	0.0453557741197	0.0368314917817	746
58	1.0	0.25	0.0	6.21921240383	0.453702891856	0.310821239809	6.86924232113	0.336027103685	0.824322747979	747
58	1.0	0.5	0.0	5.62411819901	0.897970076722	0.638058001387	6.21864324013	0.801933552833	1.36297233638	748
58	1.0	0.75	0.0	4.92941351668	1.35549532373	0.783573961521	5.4667203932	1.26730206984	1.69803357875	749
58	1.0	1.0	0.0	4.222888729	1.642241212	0.792645697	4.73013775804	1.556359603	1.87475979685	750
61	0.0	0.0	0.0	6.626905759	0.20673119	-0.2434129	7.30185365848	0.0453557741197	0.0368314917817	751
61	0.0	0.25	0.0	6.21921240383	0.453702891856	0.310821239809	6.86924232113	0.336027103685	0.824322747979	752
61	0.0	0.5	0.0	5.62411819901	0.897970076722	0.638058001387	6.21864324013	0.801933552833	1.36297233638	753
61	0.0	0.75	0.0	4.92941351668	1.35549532373	0.783573961521	5.4667203932	1.26730206984	1.69803357875	754
61	0.0	1.0	0.0	4.222888729	1.642241212	0.792645697	4.73013775804	1.556359603	1.87475979685	755
61	0.25	0.0	0.0	6.63557258084	0.218182539617	-0.24876549003	7.30478238897	0.0554391421472	0.0252639899923	756
61	0.25	0.25	0.0	6.23919313566	0.572255179237	0.297756287174	6.87963312957	0.469462486252	0.779599298854	757
61	0.25	0.5	0.0	5.6607138522	1.05740015709	0.614439808172	6.23880052304	0.982431905582	1.27866863072	758
61	0.25	0.75	0.0	4.97079669806	1.51970332112	0.745395061183	5.48888071635	1.4525363439	1.57395066885	759
61	0.25	1.0	0.0	4.24010364084	1.80525051925	0.734732034429	4.73646985648	1.73796474497	1.71692409649	760
61	0.5	0.0	0.0	6.65452038908	0.225510468363	-0.250322374382	7.31110639625	0.0597575113954	0.0100342997706	761
61	0.5	0.25	0.0	6.2723906496	0.664047993637	0.28669712459	6.89692145542	0.576308345498	0.730339898826	762
61	0.5	0.5	0.0	5.72008903043	1.20377967167	0.582659948928	6.27739939442	1.15593210389	1.16882033876	763
61	0.5	0.75	0.0	5.03825327323	1.70088343995	0.686921759355	5.53659569832	1.66073683025	1.39926204881	764
61	0.5	1.0	0.0	4.26752111966	2.01153723596	0.648838216592	4.75856585214	1.95283056826	1.49545145822	765
61	0.75	0.0	0.0	6.67344527428	0.232114210428	-0.252779621543	7.31740748049	0.063351693962	-0.00609575326023	766
61	0.75	0.25	0.0	6.30665407586	0.745125780975	0.248738372997	6.91464371241	0.672825537831	0.646350412338	767
61	0.75	0.5	0.0	5.78146863969	1.33314747863	0.517979211332	6.31665374962	1.31122754903	1.02047631809	768
61	0.75	0.75	0.0	5.10861729635	1.86325057344	0.603258052105	5.58683569622	1.84686532354	1.19884685107	769
61	0.75	1.0	0.0	4.2988283764	2.20250633544	0.552890053959	4.78858765632	2.14804645733	1.26402689833	770
61	1.0	0.0	0.0	6.682043327	0.241393	-0.2608333	7.32026744186	0.0712625019443	-0.0203643434766	771
61	1.0	0.25	0.0	6.32983254462	0.831532987169	0.15497465334	6.92633631431	0.77527491966	0.497436703831	772
61	1.0	0.5	0.0	5.82407758597	1.44154243615	0.395658383059	6.33877748398	1.43711164228	0.820685426333	773
61	1.0	0.75	0.0	5.15872282158	1.9710196148	0.489507935498	5.61657106721	1.96588361841	0.997584208082	774
61	1.0	1.0	0.0	4.327712622	2.319562791	0.464813357	4.81869718031	2.2707017967	1.07633543313	775
62	0.0	0.0	0.0	6.682043327	0.241393	-0.2608333	7.32026744186	0.0712625019443	-0.0203643434766	776
62	0.0	0.25	0.0	6.32983254462	0.831532987169	0.15497465334	6.92633631431	0.77527491966	0.497436703831	777
62	0.0	0.5	0.0	5.82407758597	1.44154243615	0.395658383059	6.33877748398	1.43711164228	0.820685426333	778
62	0.0	0.75	0.0	5.15872282158	1.9710196148	0.489507935498	5.61657106721	1.96588361841	0.997584208082	779
62	0.0	1.0	0.0	4.327712622	2.319562791	0.464813357	4.81869718031	2.2707017967	1.07633543313	780
62	0.25	0.0	0.0	6.68297113559	0.247787086333	-0.269216313781	7.31833354592	0.0789536298668	-0.032709220928	781
62	0.25	0.25	0.0	6.34457113865	0.879517402775	0.0548228406952	6.93394557424	0.832038896762	0.357914133002	782
62	0.25	0.5	0.0	5.85942975072	1.49496837525	0.249411250505	6.36036133773	1.49884549286	0.615216729324	783
62	0.25	0.75	0.0	5.21304154514	2.01433392107	0.335404058161	5.65735702313	2.01755964784	0.7705349804	784
62	0.25	1.0	0.0	4.39090109522	2.35780795752	0.333656406173	4.88470881718	2.32636759141	0.855205298591	785
62	0.5	0.0	0.0	6.6850123145	0.252707437405	-0.279016085094	7.31407897485	0.0867274724352	-0.0512250923151	786
62	0.5	0.25	0.0	6.36276557294	0.906728244526	-0.0602176942654	6.94593896736	0.867142522862	0.203342853622	787
62	0.5	0.5	0.0	5.90582558847	1.52226301611	0.0761053412704	6.40156672818	1.53980016064	0.37444398676	788
62	0.5	0.75	0.0	5.29156754397	2.02973318967	0.138809543171	5.73370875476	2.05343275107	0.482390149147	789
62	0.5	1.0	0.0	4.49736662234	2.35956020273	0.136751433096	4.99511154457	2.3567726595	0.547493182832	790
62	0.75	0.0	0.0	6.68705349341	0.255868819775	-0.28951613711	7.30982440378	0.092742346301	-0.070441244405	791
62	0.75	0.25	0.0	6.37836163047	0.915154168946	-0.175739296061	6.95745508938	0.881264600633	0.0500432348133	792
62	0.75	0.5	0.0	5.94656099203	1.52377252046	-0.094874759002	6.4427966335	1.5554336727	0.138049561038	793
62	0.75	0.75	0.0	5.363396704	2.01959250277	-0.0564468456644	5.80985596746	2.06685620771	0.198056504036	794
62	0.75	1.0	0.0	4.60061389229	2.34048274433	-0.0699798757792	5.10264002263	2.36713885083	0.234542833576	795
62	1.0	0.0	0.0	6.687981302	0.256986	-0.299999993	7.30789050784	0.0951565681156	-0.0848869639651	796
62	1.0	0.25	0.0	6.38530509425	0.906783832561	-0.27733430921	6.963632536	0.875083932747	-0.0856643542993	797
62	1.0	0.5	0.0	5.96493185427	1.49984305007	-0.234144464668	6.46445403183	1.54120405615	-0.0542841854411	798
62	1.0	0.75	0.0	5.39762491115	1.98628694255	-0.206536344541	5.85002836659	2.05118329733	-0.0175591652176	799
62	1.0	1.0	0.0	4.654147594	2.3162388	-0.230615834	5.16002891151	2.36268801528	-0.00230200145591	800
