Elem	xi[0]	xi[1]	xi[2]	Y[0]	Y[1]	Y[2]	y[0]	y[1]	y[2]	Index
1	0.0	0.0	0.0	1.031429191	1.559569583	0.229657102	1.07404169473	1.43373761906	-0.350122195345	1
1	0.0	0.25	0.0	0.513544660543	1.49487959547	0.163789425391	0.528148935937	1.36595564965	-0.373016907764	2
1	0.0	0.5	0.0	-0.0106634707701	1.32553616678	0.123264158547	-0.0201140020486	1.21025892628	-0.399251012464	3
1	0.0	0.75	0.0	-0.557000068948	1.12846265121	0.0957299369303	-0.575127015327	1.03852780294	-0.425963101311	4
1	0.0	1.0	0.0	-1.14127	0.980582403	0.068835396	-1.14127	0.922642633636	-0.450291766171	5
1	0.25	0.0	0.0	1.03131202337	1.35217269537	0.0227637106914	1.09368077719	1.27071963656	-0.647265102627	6
1	0.25	0.25	0.0	0.515487079605	1.29516553872	-0.05157199569	0.5430746199	1.2078434282	-0.682584308762	7
1	0.25	0.5	0.0	-0.0147382296051	1.14479481022	-0.118570341775	-0.0143388201362	1.0724819075	-0.730575154427	8
1	0.25	0.75	0.0	-0.56631485153	0.977823129522	-0.172484950547	-0.577711089165	0.927935061932	-0.780321485551	9
1	0.25	1.0	0.0	-1.14619373344	0.871013116262	-0.207569444989	-1.14619373344	0.83750287895	-0.820907148061	10
1	0.5	0.0	0.0	1.04848884842	1.0910788383	-0.217210544239	1.12855780451	1.05121553294	-0.979989327436	11
1	0.5	0.25	0.0	0.532862372043	1.03543173794	-0.311933984562	0.573544868672	0.989616549532	-1.04293369794	12
1	0.5	0.5	0.0	-0.0105613151595	0.91091927974	-0.41315546731	-0.00170605966899	0.877242071676	-1.12412445693	13
1	0.5	0.75	0.0	-0.57588768955	0.774497617942	-0.493350260409	-0.583270063919	0.754686342304	-1.19951267017	14
1	0.5	1.0	0.0	-1.15722222749	0.683122906792	-0.524993631784	-1.15722222749	0.662543604348	-1.24504940337	15
1	0.75	0.0	0.0	1.07382045127	0.812050392071	-0.464158053799	1.16880686655	0.820298750531	-1.31387934847	16
1	0.75	0.25	0.0	0.555037842217	0.756177221416	-0.579658156488	0.607846122348	0.754879346244	-1.40294442172	17
1	0.75	0.5	0.0	-0.00703339332281	0.663652537385	-0.704903340827	0.00953050673188	0.661268918368	-1.50747029277	18
1	0.75	0.75	0.0	-0.589868971335	0.557413129536	-0.799126528437	-0.594084797562	0.552425894047	-1.59678013938	19
1	0.75	1.0	0.0	-1.1709446078	0.460395787426	-0.821560640937	-1.1709446078	0.441308700424	-1.64019713928	20
1	1.0	0.0	0.0	1.098167617	0.550849737	-0.691971209	1.20456205316	0.623042731679	-1.61451964443	21
1	1.0	0.25	0.0	0.571380794487	0.497901017414	-0.817106126734	0.634264821024	0.547236150925	-1.71149582654	22
1	1.0	0.5	0.0	-0.0130551299847	0.442737545194	-0.938226085099	0.0111171064454	0.461291947142	-1.80818403473	23
1	1.0	0.75	0.0	-0.612409085214	0.365496677377	-1.02207429041	-0.612436148066	0.35479796715	-1.88536737739	24
1	1.0	1.0	0.0	-1.18395	0.246315771	-1.035393949	-1.18395	0.217342057772	-1.92382896293	25
2	0.0	0.0	0.0	1.098167617	0.550849737	-0.691971209	1.20456205316	0.623042731679	-1.61451964443	26
2	0.0	0.25	0.0	0.571380794487	0.497901017414	-0.817106126734	0.634264821024	0.547236150925	-1.71149582654	27
2	0.0	0.5	0.0	-0.0130551299847	0.442737545194	-0.938226085099	0.0111171064454	0.461291947142	-1.80818403473	28
2	0.0	0.75	0.0	-0.612409085214	0.365496677377	-1.02207429041	-0.612436148066	0.35479796715	-1.88536737739	29
2	0.0	1.0	0.0	-1.18395	0.246315771	-1.035393949	-1.18395	0.217342057772	-1.92382896293	30
2	0.25	0.0	0.0	1.11487202746	0.384223969646	-0.915577114301	1.22829535702	0.500318415946	-1.88791292904	31
2	0.25	0.25	0.0	0.583596593232	0.32428448222	-1.02688196192	0.646972624651	0.406105932275	-1.97135414855	32
2	0.25	0.5	0.0	-0.0109347394382	0.277280355136	-1.12202095926	0.00988754448369	0.301672498056	-2.04272728495	33
2	0.25	0.75	0.0	-0.620521130415	0.206898993251	-1.17364574239	-0.62430790356	0.176273298737	-2.09008621389	34
2	0.25	1.0	0.0	-1.19696173956	0.0768278014246	-1.1544079474	-1.19696173956	0.0191635197686	-2.10148481101	35
2	0.5	0.0	0.0	1.12872472364	0.275647516411	-1.1969196002	1.24903652876	0.396637613706	-2.20828614058	36
2	0.5	0.25	0.0	0.598013791091	0.189361797718	-1.28358273691	0.654223545839	0.270970136974	-2.27722172798	37
2	0.5	0.5	0.0	0.00380406887482	0.104258020498	-1.35325189283	0.0095215201977	0.112126134894	-2.33610632779	38
2	0.5	0.75	0.0	-0.614253742818	0.00152307828915	-1.36762296259	-0.631809369301	-0.066333618088	-2.35999765113	39
2	0.5	1.0	0.0	-1.21650894379	-0.137656135371	-1.28839184081	-1.21650894379	-0.250848347522	-2.3239534091	40
2	0.75	0.0	0.0	1.13917713075	0.19012326897	-1.49398073626	1.26929088668	0.280762056577	-2.53113750018	41
2	0.75	0.25	0.0	0.611869142442	0.0749945997066	-1.55915066117	0.662042997033	0.123022091611	-2.59082289833	42
2	0.75	0.5	0.0	0.0219991793397	-0.0611971929131	-1.59331387547	0.0114306572858	-0.0930893015839	-2.63145510707	43
2	0.75	0.75	0.0	-0.603297134777	-0.208072522017	-1.55758996736	-0.636795333467	-0.326662516213	-2.62289558521	44
2	0.75	1.0	0.0	-1.23688417613	-0.355251800731	-1.41309852507	-1.23688417613	-0.53678794548	-2.53500579154	45
2	1.0	0.0	0.0	1.145680674	0.092654119	-1.764742592	1.2915637491	0.121453476177	-2.811965229	46
2	1.0	0.25	0.0	0.622399401658	-0.0369554760177	-1.82552794416	0.676456390676	-0.056544877225	-2.87388199308	47
2	1.0	0.5	0.0	0.0344884763418	-0.203953019294	-1.80360189681	0.0170265794463	-0.299715970616	-2.87190756657	48
2	1.0	0.75	0.0	-0.597341518645	-0.379329262173	-1.69713077306	-0.641120584231	-0.558353128526	-2.80657391219	49
2	1.0	1.0	0.0	-1.25238	-0.534074956	-1.504280896	-1.25238	-0.782749675485	-2.67841299269	50
5	0.0	0.0	0.0	1.145680674	0.092654119	-1.764742592	1.2915637491	0.121453476177	-2.811965229	51
5	0.0	0.25	0.0	0.622399401658	-0.0369554760177	-1.82552794416	0.676456390676	-0.056544877225	-2.87388199308	52
5	0.0	0.5	0.0	0.0344884763418	-0.203953019294	-1.80360189681	0.0170265794463	-0.299715970616	-2.87190756657	53
5	0.0	0.75	0.0	-0.597341518645	-0.379329262173	-1.69713077306	-0.641120584231	-0.558353128526	-2.80657391219	54
5	0.0	1.0	0.0	-1.25238	-0.534074956	-1.504280896	-1.25238	-0.782749675485	-2.67841299269	55
5	0.25	0.0	0.0	1.13513590273	-0.428411808282	-2.25545974533	1.33160133365	-0.630997198474	-3.29119278108	56
5	0.25	0.25	0.0	0.611825245531	-0.562071200636	-2.30734223884	0.702398265452	-0.82504015665	-3.3441499636	57
5	0.25	0.5	0.0	0.0242364241202	-0.718666107391	-2.13872803722	0.0194556791193	-1.04083048389	-3.20737681964	58
5	0.25	0.75	0.0	-0.613599270763	-0.875675184159	-1.86504754887	-0.662227050455	-1.25733814353	-2.98496642319	59
5	0.25	1.0	0.0	-1.28765054838	-1.01057708656	-1.60173118216	-1.28765054838	-1.45353309893	-2.78101184825	60
5	0.5	0.0	0.0	1.09846873523	-1.22609465794	-2.46051122397	1.3380414743	-1.6888786175	-3.45586630621	61
5	0.5	0.25	0.0	0.564269188507	-1.36257149936	-2.4636297946	0.692750994096	-1.88675527049	-3.45718381347	62
5	0.5	0.5	0.0	-0.0197699754579	-1.4732192253	-2.22168925487	-0.00331515155671	-2.05516556315	-3.24480558027	63
5	0.5	0.75	0.0	-0.652217662631	-1.56095575017	-1.87847684147	-0.696124047601	-2.1985850961	-2.94505086123	64
5	0.5	1.0	0.0	-1.33164277898	-1.6286989884	-1.57777979106	-1.33164277898	-2.32148946993	-2.684238911	65
5	0.75	0.0	0.0	1.06243137787	-2.06057159039	-2.40183556588	1.33071311727	-2.76385014982	-3.32991829533	66
5	0.75	0.25	0.0	0.51805399469	-2.18146550257	-2.34721156261	0.673044719995	-2.94485933228	-3.27025682874	67
5	0.75	0.5	0.0	-0.0664796046416	-2.22765673989	-2.09020898817	-0.0302822878494	-3.05486790469	-3.0330512925	68
5	0.75	0.75	0.0	-0.695001462207	-2.22793500706	-1.74658475116	-0.728625777475	-3.11637704912	-2.71942292727	69
5	0.75	1.0	0.0	-1.37134362009	-2.21109000879	-1.43209576017	-1.37134362009	-3.15188794763	-2.43049297374	70
5	1.0	0.0	0.0	1.053776037	-2.692019766	-2.101371309	1.32944520875	-3.56757116437	-2.93728123943	71
5	1.0	0.25	0.0	0.511502428181	-2.76176234066	-2.01090849403	0.668809586536	-3.70252145558	-2.84064229546	72
5	1.0	0.5	0.0	-0.0848413456798	-2.74202301805	-1.78201067553	-0.0404421050266	-3.75208420478	-2.62097140036	73
5	1.0	0.75	0.0	-0.723755437451	-2.66937700167	-1.47853737826	-0.745546441889	-3.74499706547	-2.34067832226	74
5	1.0	1.0	0.0	-1.39374	-2.580399495	-1.164348127	-1.39374	-3.70999769116	-2.06217282928	75
6	0.0	0.0	0.0	1.053776037	-2.692019766	-2.101371309	1.32944520875	-3.56757116437	-2.93728123943	76
6	0.0	0.25	0.0	0.511502428181	-2.76176234066	-2.01090849403	0.668809586536	-3.70252145558	-2.84064229546	77
6	0.0	0.5	0.0	-0.0848413456798	-2.74202301805	-1.78201067553	-0.0404421050266	-3.75208420478	-2.62097140036	78
6	0.0	0.75	0.0	-0.723755437451	-2.66937700167	-1.47853737826	-0.745546441889	-3.74499706547	-2.34067832226	79
6	0.0	1.0	0.0	-1.39374	-2.580399495	-1.164348127	-1.39374	-3.70999769116	-2.06217282928	80
6	0.25	0.0	0.0	1.08058422479	-3.12062138926	-1.65440822362	1.34662501047	-4.09046634278	-2.36725773854	81
6	0.25	0.25	0.0	0.535012587134	-3.11684100315	-1.5593501819	0.679446471039	-4.16317824171	-2.27200437512	82
6	0.25	0.5	0.0	-0.0698948564318	-3.01926929625	-1.37135403958	-0.0332689370959	-4.13496396614	-2.09465585851	83
6	0.25	0.75	0.0	-0.720802265158	-2.87078326217	-1.12440319427	-0.743787073639	-4.04998817281	-1.8755018513	84
6	0.25	1.0	0.0	-1.40437379829	-2.71425989448	-0.852481043627	-1.40437379829	-3.95241551848	-1.65483201611	85
6	0.5	0.0	0.0	1.1248138792	-3.56716785647	-1.07646887528	1.37511735431	-4.61814381957	-1.61416306363	86
6	0.5	0.25	0.0	0.555848034163	-3.49161338147	-0.983572591897	0.688963024531	-4.63383806937	-1.53160913601	87
6	0.5	0.5	0.0	-0.0516089641996	-3.30768176226	-0.826419275237	-0.0254982154079	-4.5246769363	-1.39288045412	88
6	0.5	0.75	0.0	-0.706776651094	-3.0682016642	-0.635810275545	-0.738149649498	-4.35259966399	-1.23673225187	89
6	0.5	1.0	0.0	-1.41887456173	-2.82600175268	-0.442546943062	-1.41887456173	-4.1795454961	-1.10191976319	90
6	0.75	0.0	0.0	1.16740631327	-3.90907368719	-0.466448137552	1.4014921642	-5.03343579179	-0.805419868945	91
6	0.75	0.25	0.0	0.568055166203	-3.78140253071	-0.386925437878	0.694657897456	-5.00686733803	-0.750713653382	92
6	0.75	0.5	0.0	-0.0464868646291	-3.53471646633	-0.265207461939	-0.0227049929839	-4.84214024779	-0.661839202306	93
6	0.75	0.75	0.0	-0.703738395904	-3.22682331927	-0.132767737786	-0.736146856958	-4.60840844664	-0.575617618949	94
6	0.75	1.0	0.0	-1.4312180443	-2.91553091479	-0.0210797934658	-1.4312180443	-4.37482586013	-0.52887000654	95
6	1.0	0.0	0.0	1.18930284	-4.023753401	0.076759116	1.41231936406	-5.21917445652	-0.0684508087453	96
6	1.0	0.25	0.0	0.565680380187	-3.88153150596	0.127241566289	0.693829740257	-5.17463244715	-0.0605750024828	97
6	1.0	0.5	0.0	-0.0710317533667	-3.62782945874	0.194280320889	-0.0304643228451	-5.00827103316	-0.0477261181734	98
6	1.0	0.75	0.0	-0.733747300238	-3.31183933889	0.264715303294	-0.745291383509	-4.7729914284	-0.0434060475127	99
6	1.0	1.0	0.0	-1.43538	-2.982753226	0.325386437	-1.43538	-4.52169484673	-0.0611166821962	100
9	0.0	0.0	0.0	1.18930284	-4.023753401	0.076759116	1.41231936406	-5.21917445652	-0.0684508087453	101
9	0.0	0.25	0.0	0.565680380187	-3.88153150596	0.127241566289	0.693829740257	-5.17463244715	-0.0605750024828	102
9	0.0	0.5	0.0	-0.0710317533667	-3.62782945874	0.194280320889	-0.0304643228451	-5.00827103316	-0.0477261181734	103
9	0.0	0.75	0.0	-0.733747300238	-3.31183933889	0.264715303294	-0.745291383509	-4.7729914284	-0.0434060475127	104
9	0.0	1.0	0.0	-1.43538	-2.982753226	0.325386437	-1.43538	-4.52169484673	-0.0611166821962	105
9	0.25	0.0	0.0	1.18546683913	-3.68663061769	0.735312247311	1.391585735	-4.92763430365	0.847084394702	106
9	0.25	0.25	0.0	0.569202035255	-3.57100473461	0.741866492677	0.690269248849	-4.88893012401	0.800872647639	107
9	0.25	0.5	0.0	-0.0825468891014	-3.4006519147	0.780398206691	-0.025639417476	-4.80222374983	0.766292542772	108
9	0.25	0.75	0.0	-0.742711633968	-3.18602485926	0.836022138555	-0.726887916155	-4.6659869445	0.736362347157	109
9	0.25	1.0	0.0	-1.38422389937	-2.93757626959	0.893853037472	-1.38422389937	-4.47869147141	0.704100327851	110
9	0.5	0.0	0.0	1.16941879981	-2.97941219804	1.38676609964	1.34947712668	-4.16883072859	1.72372530552	111
9	0.5	0.25	0.0	0.604184977459	-2.91120455886	1.36126531686	0.69696609066	-4.15121546056	1.65359467472	112
9	0.5	0.5	0.0	-0.0117003586773	-2.85918232484	1.41714325822	0.0201068434586	-4.16134244882	1.63565545028	113
9	0.5	0.75	0.0	-0.647474583412	-2.79227718457	1.50115694196	-0.647530311691	-4.15280070382	1.63441126155	114
9	0.5	1.0	0.0	-1.27237507155	-2.67942082661	1.56006338635	-1.27237507155	-4.07917923602	1.61436573789	115
9	0.75	0.0	0.0	1.15627955133	-2.19034815463	2.05752881215	1.31012423916	-3.25116417675	2.53649942455	116
9	0.75	0.25	0.0	0.646024408378	-2.1898196019	2.02675753999	0.714961121487	-3.27717579584	2.47536757092	117
9	0.75	0.5	0.0	0.0781142404688	-2.23798360242	2.06847283964	0.0803491913609	-3.36333375381	2.46328397268	118
9	0.75	0.75	0.0	-0.527994086831	-2.28895739771	2.12219677771	-0.555117201645	-3.45238223678	2.45541183649	119
9	0.75	1.0	0.0	-1.15284370796	-2.29685822932	2.12745142081	-1.15284370796	-3.4870654309	2.40691436903	120
9	1.0	0.0	0.0	1.161169923	-1.6076885	2.774008524	1.29765777252	-2.48303509352	3.26043425263	121
9	1.0	0.25	0.0	0.670115529587	-1.69453848693	2.7796626632	0.745295197126	-2.58249846888	3.24396782843	122
9	1.0	0.5	0.0	0.1235033109	-1.77161866068	2.69834431515	0.128662357633	-2.68590428846	3.1520994783	123
9	1.0	0.75	0.0	-0.464228082487	-1.83442658159	2.56121871003	-0.497547217547	-2.78368107379	3.00403521277	124
9	1.0	1.0	0.0	-1.07864	-1.87845981	2.399451078	-1.07864	-2.8662573464	2.81898104235	125
10	0.0	0.0	0.0	1.161169923	-1.6076885	2.774008524	1.29765777252	-2.48303509352	3.26043425263	126
10	0.0	0.25	0.0	0.670115529587	-1.69453848693	2.7796626632	0.745295197126	-2.58249846888	3.24396782843	127
10	0.0	0.5	0.0	0.1235033109	-1.77161866068	2.69834431515	0.128662357633	-2.68590428846	3.1520994783	128
10	0.0	0.75	0.0	-0.464228082487	-1.83442658159	2.56121871003	-0.497547217547	-2.78368107379	3.00403521277	129
10	0.0	1.0	0.0	-1.07864	-1.87845981	2.399451078	-1.07864	-2.8662573464	2.81898104235	130
10	0.25	0.0	0.0	1.16710186801	-1.09889617356	3.09699097301	1.27969824282	-1.79699164502	3.53214076728	131
10	0.25	0.25	0.0	0.669694154185	-1.24378679454	3.11577780184	0.74105241303	-1.95140971377	3.53084523105	132
10	0.25	0.5	0.0	0.123813334526	-1.32123659893	2.94651728332	0.134835620397	-2.05354240212	3.37534322829	133
10	0.25	0.75	0.0	-0.457661424027	-1.36394481243	2.68385599463	-0.484337160365	-2.13412048075	3.13461097117	134
10	0.25	1.0	0.0	-1.06185095454	-1.40461066077	2.42244051296	-1.06185095454	-2.2238747203	2.87762467185	135
10	0.5	0.0	0.0	1.15482918403	-0.342681669566	2.94121182693	1.2275999989	-0.883706132059	3.33258235546	136
10	0.5	0.25	0.0	0.654536598028	-0.511375904421	2.92833587786	0.687093291005	-1.06285529526	3.30296523348	137
10	0.5	0.5	0.0	0.115034863351	-0.628771098657	2.79402632572	0.10507913315	-1.20233261097	3.17507910845	138
10	0.5	0.75	0.0	-0.459798727101	-0.716117078406	2.59376906614	-0.489096311662	-1.3211636268	2.9966834516	139
10	0.5	1.0	0.0	-1.06608688042	-0.794663669801	2.38304999473	-1.06608688042	-1.43837389036	2.81553773416	140
10	0.75	0.0	0.0	1.12850298877	0.502397106461	2.56457814512	1.16748432089	0.0748768367598	2.88468656553	141
10	0.75	0.25	0.0	0.621948372569	0.32214088556	2.53327878464	0.617383575605	-0.117309408143	2.84106092678	142
10	0.75	0.5	0.0	0.0878789847796	0.140949587433	2.48159039638	0.0544031095824	-0.314321216743	2.78316480608	143
10	0.75	0.75	0.0	-0.47869086473	-0.0298686018392	2.39920633518	-0.514594547532	-0.503199616441	2.71345712019	144
10	0.75	1.0	0.0	-1.08274686609	-0.17900549618	2.27581995589	-1.08274686609	-0.670985634635	2.63439678587	145
10	1.0	0.0	0.0	1.0922744	1.277782249	2.224996987	1.12547248895	0.896812652832	2.41138094583	146
10	1.0	0.25	0.0	0.569234989264	1.07621027754	2.24654841555	0.565889011385	0.684753752801	2.42586540198	147
10	1.0	0.5	0.0	0.0330567862185	0.823097206649	2.24992844931	-0.00218223661241	0.428445478827	2.43145800847	148
10	1.0	0.75	0.0	-0.522388709936	0.55587539493	2.20841621242	-0.563601744066	0.161382445845	2.40813644307	149
10	1.0	1.0	0.0	-1.10323	0.311977201	2.095290829	-1.10323	-0.0829407312068	2.33587838358	150
13	0.0	0.0	0.0	1.0922744	1.277782249	2.224996987	1.12547248895	0.896812652832	2.41138094583	151
13	0.0	0.25	0.0	0.569234989264	1.07621027754	2.24654841555	0.565889011385	0.684753752801	2.42586540198	152
13	0.0	0.5	0.0	0.0330567862185	0.823097206649	2.24992844931	-0.00218223661241	0.428445478827	2.43145800847	153
13	0.0	0.75	0.0	-0.522388709936	0.55587539493	2.20841621242	-0.563601744066	0.161382445845	2.40813644307	154
13	0.0	1.0	0.0	-1.10323	0.311977201	2.095290829	-1.10323	-0.0829407312068	2.33587838358	155
13	0.25	0.0	0.0	1.07781196539	1.53355048951	2.08620465629	1.11436195152	1.15250451947	2.19368858843	156
13	0.25	0.25	0.0	0.546862595678	1.31475594838	2.13630288376	0.552362805719	0.926823452085	2.24030750837	157
13	0.25	0.5	0.0	0.00933652540328	1.03802588364	2.15196527628	-0.0188236557554	0.652320726265	2.26596811992	158
13	0.25	0.75	0.0	-0.543297605346	0.738938242764	2.10976200267	-0.581900590592	0.360849143199	2.24894289714	159
13	0.25	1.0	0.0	-1.11957115648	0.453070973193	1.98626323174	-1.11957115648	0.0842615040782	2.1675043141	160
13	0.5	0.0	0.0	1.06538779919	1.77236364789	1.87206074253	1.10179312431	1.39108237028	1.88237796528	161
13	0.5	0.25	0.0	0.527391413684	1.5352016766	1.9343469937	0.536254285173	1.15337742255	1.94726983158	162
13	0.5	0.5	0.0	-0.0100958612122	1.24587911947	1.96997064985	-0.0321915648792	0.870889535361	1.99734845643	163
13	0.5	0.75	0.0	-0.563055946727	0.926859898201	1.94747007666	-0.595961042436	0.567044775899	2.00525387204	164
13	0.5	1.0	0.0	-1.14747076409	0.600607934527	1.83538363982	-1.14747076409	0.265269211342	1.94362611061	165
13	0.75	0.0	0.0	1.05784060114	1.95500651282	1.62832274875	1.09233549603	1.57910539025	1.53898265846	166
13	0.75	0.25	0.0	0.513313408781	1.70675958604	1.69571473361	0.521288853756	1.33668489712	1.61749630184	167
13	0.75	0.5	0.0	-0.0240562411325	1.41583150345	1.75468074846	-0.0442864106855	1.05610880628	1.69611574198	168
13	0.75	0.75	0.0	-0.578804492607	1.09071356418	1.76342326833	-0.608501468189	0.752173980982	1.74060717494	169
13	0.75	1.0	0.0	-1.17546748965	0.739897067347	1.68014476823	-1.17546748965	0.439677284482	1.71673679676	170
13	1.0	0.0	0.0	1.058009071	2.042263873	1.400748178	1.09055855539	1.68313276435	1.22503625003	171
13	1.0	0.25	0.0	0.507120546468	1.7986418005	1.47544009168	0.511191915476	1.44901510873	1.3217308494	172
13	1.0	0.5	0.0	-0.031360481862	1.51705762494	1.55683175052	-0.0571086398762	1.17993543918	1.43278670053	173
13	1.0	0.75	0.0	-0.587684001511	1.20157244365	1.5995044116	-0.622240236442	0.888441395486	1.51854061297	174
13	1.0	1.0	0.0	-1.1921	0.856247354	1.558039332	-1.1921	0.587080617395	1.53932939622	175
14	0.0	0.0	0.0	1.058009071	2.042263873	1.400748178	1.09055855539	1.68313276435	1.22503625003	176
14	0.0	0.25	0.0	0.507120546468	1.7986418005	1.47544009168	0.511191915476	1.44901510873	1.3217308494	177
14	0.0	0.5	0.0	-0.031360481862	1.51705762494	1.55683175052	-0.0571086398762	1.17993543918	1.43278670053	178
14	0.0	0.75	0.0	-0.587684001511	1.20157244365	1.5995044116	-0.622240236442	0.888441395486	1.51854061297	179
14	0.0	1.0	0.0	-1.1921	0.856247354	1.558039332	-1.1921	0.587080617395	1.53932939622	180
14	0.25	0.0	0.0	1.05904420374	2.01317051452	1.12253003867	1.08867056295	1.69705946659	0.852492645372	181
14	0.25	0.25	0.0	0.508875338565	1.81063888485	1.17119402482	0.507429470653	1.50596420367	0.932099694148	182
14	0.25	0.5	0.0	-0.0287073553335	1.56709246529	1.22785470764	-0.0650774723825	1.27992414149	1.01852028096	183
14	0.25	0.75	0.0	-0.585170850379	1.29319672875	1.26915156473	-0.63087356824	1.03501792295	1.09507282056	184
14	0.25	1.0	0.0	-1.191982119	0.99961714811	1.27172407365	-1.191982119	0.787324190918	1.14507572774	185
14	0.5	0.0	0.0	1.05304254999	1.8950906306	0.787635575047	1.08017191964	1.64308609545	0.409264657113	186
14	0.5	0.25	0.0	0.514148153359	1.75020804167	0.790388485296	0.5129897432	1.50621882386	0.450362978597	187
14	0.5	0.5	0.0	-0.0174290160389	1.54098755143	0.816275012368	-0.0505951939874	1.31273240956	0.499551906566	188
14	0.5	0.75	0.0	-0.570370918271	1.29753007516	0.844834312599	-0.612179432623	1.09766866021	0.549081632	189
14	0.5	1.0	0.0	-1.17335951341	1.04993652812	0.855605542329	-1.17335951341	0.896069383471	0.591202345874	190
14	0.75	0.0	0.0	1.04287918675	1.72992379539	0.466524643899	1.07273737904	1.54678727243	-0.0198671460312	191
14	0.75	0.25	0.0	0.517513193227	1.63805352665	0.424196082393	0.521890357	1.45710672172	-0.0193767408451	192
14	0.75	0.5	0.0	-0.00794215688296	1.45503730978	0.416581788174	-0.0301209790798	1.28672306422	-0.0108084990896	193
14	0.75	0.75	0.0	-0.556556544642	1.2356071577	0.421908491304	-0.586737393638	1.09322736698	0.00169400534919	194
14	0.75	1.0	0.0	-1.15139965111	1.03449508332	0.418402921842	-1.15139965111	0.934210697047	0.013987198585	195
14	1.0	0.0	0.0	1.031429191	1.559569583	0.229657102	1.07404169473	1.43373761906	-0.350122195345	196
14	1.0	0.25	0.0	0.513544660543	1.49487959547	0.163789425391	0.528148935937	1.36595564965	-0.373016907764	197
14	1.0	0.5	0.0	-0.0106634707701	1.32553616678	0.123264158547	-0.0201140020486	1.21025892628	-0.399251012464	198
14	1.0	0.75	0.0	-0.557000068948	1.12846265121	0.0957299369303	-0.575127015327	1.03852780294	-0.425963101311	199
14	1.0	1.0	0.0	-1.14127	0.980582403	0.068835396	-1.14127	0.922642633636	-0.450291766171	200
17	0.0	0.0	0.0	5.348771418	1.274440841	0.312304812	5.48908554926	1.30926147585	-0.172170730707	201
17	0.0	0.25	0.0	4.89041157105	1.35270898378	0.408300534433	5.01805286134	1.36997331339	-0.175824548051	202
17	0.0	0.5	0.0	4.40088597981	1.41800038691	0.46137224081	4.52458794386	1.39529710523	-0.188481933397	203
17	0.0	0.75	0.0	3.91418333341	1.46377358208	0.492304896532	4.03570499207	1.39600950995	-0.20523344226	204
17	0.0	1.0	0.0	3.464292321	1.483487101	0.521883467	3.57841820126	1.3828871861	-0.221169630156	205
17	0.25	0.0	0.0	5.33478212659	1.19501443065	0.16972681941	5.49255591558	1.25822116448	-0.324091077755	206
17	0.25	0.25	0.0	4.87644542575	1.23746995259	0.252734954457	5.0223711977	1.295864633	-0.352370530491	207
17	0.25	0.5	0.0	4.3907403886	1.2708407344	0.303133087349	4.52824308143	1.29659199335	-0.375895982585	208
17	0.25	0.75	0.0	3.90527327716	1.2871707163	0.338217886164	4.03683091654	1.27059355679	-0.396412490561	209
17	0.25	1.0	0.0	3.44765035348	1.27850383852	0.375286018979	3.57479405282	1.2280596346	-0.415665110943	210
17	0.5	0.0	0.0	5.32622919617	1.14546646686	0.00103162340683	5.49850282543	1.22716789027	-0.502507439287	211
17	0.5	0.25	0.0	4.86017144557	1.14905082437	0.0749737670256	5.02158702028	1.23576222896	-0.546659229646	212
17	0.5	0.5	0.0	4.37400935342	1.13695307799	0.130213120116	4.52645785436	1.19634593114	-0.580375215228	213
17	0.5	0.75	0.0	3.88867639146	1.11344152498	0.170919771859	4.03499351676	1.13194793802	-0.609442856053	214
17	0.5	1.0	0.0	3.42510603142	1.08278446265	0.201263811437	3.56907219657	1.06559719078	-0.639649612142	215
17	0.75	0.0	0.0	5.32435419591	1.10287191939	-0.1672767888	5.50704670355	1.19545811192	-0.684025871475	216
17	0.75	0.25	0.0	4.85035651265	1.07176859052	-0.102577785343	5.02209681571	1.17665785662	-0.739654510645	217
17	0.75	0.5	0.0	4.35905837534	1.01531887112	-0.0431893356309	4.52350529104	1.0968096797	-0.783572116719	218
17	0.75	0.75	0.0	3.87017657407	0.950464599618	0.00220008736619	4.0306241711	0.993895234373	-0.823439236978	219
17	0.75	1.0	0.0	3.40342789891	0.894147614459	0.0249020106776	3.56280549746	0.905896173848	-0.866916418699	220
17	1.0	0.0	0.0	5.330398695	1.044305758	-0.30869443	5.5183079747	1.14244828814	-0.845252430496	221
17	1.0	0.25	0.0	4.85576750915	0.98994024242	-0.257514460132	5.03029707066	1.10554327133	-0.912320238613	222
17	1.0	0.5	0.0	4.35425295543	0.904919567243	-0.202875954633	4.52365841989	1.0002340001	-0.967139172452	223
17	1.0	0.75	0.0	3.85555772275	0.806118531695	-0.156151633568	4.02415425796	0.870258026603	-1.01751633158	224
17	1.0	1.0	0.0	3.3893845	0.710411935	-0.128714217	3.55754682044	0.759352903009	-1.07125881556	225
18	0.0	0.0	0.0	3.464292321	1.483487101	0.521883467	3.57841820126	1.3828871861	-0.221169630156	226
18	0.0	0.25	0.0	2.88630062464	1.4959285415	0.518926524855	2.98566776741	1.37891950046	-0.247234334272	227
18	0.0	0.5	0.0	2.26000923847	1.51721931015	0.443616100352	2.34465705132	1.39767400668	-0.283574682858	228
18	0.0	0.75	0.0	1.62764361106	1.54066459471	0.334382767924	1.69443278358	1.42174771085	-0.320950646389	229
18	0.0	1.0	0.0	1.031429191	1.559569583	0.229657102	1.07404169473	1.43373761906	-0.350122195345	230
18	0.25	0.0	0.0	3.44765035348	1.27850383852	0.375286018979	3.57479405282	1.2280596346	-0.415665110943	231
18	0.25	0.25	0.0	2.86245923884	1.26972754769	0.367287174969	2.98384047867	1.20189383719	-0.460344476175	232
18	0.25	0.5	0.0	2.23792395746	1.29168900377	0.268059039649	2.34941583073	1.22205861477	-0.530116352994	233
18	0.25	0.75	0.0	1.61416729156	1.32547509143	0.134313816922	1.70740197493	1.25588890276	-0.600562606709	234
18	0.25	1.0	0.0	1.03131202337	1.35217269537	0.0227637106914	1.09368077719	1.27071963656	-0.647265102627	235
18	0.5	0.0	0.0	3.42510603142	1.08278446265	0.201263811437	3.56907219657	1.06559719078	-0.639649612142	236
18	0.5	0.25	0.0	2.84100139281	1.06118833996	0.171457192284	2.98282195644	1.02591850387	-0.706401836661	237
18	0.5	0.5	0.0	2.22282747456	1.06701708086	0.0523110453167	2.35597739511	1.03279753865	-0.806208255324	238
18	0.5	0.75	0.0	1.61163853899	1.08280310657	-0.0969773075088	1.72555163649	1.05248098503	-0.90782028122	239
18	0.5	1.0	0.0	1.04848884842	1.0910788383	-0.217210544239	1.12855780451	1.05121553294	-0.979989327436	240
18	0.75	0.0	0.0	3.40342789891	0.894147614459	0.0249020106776	3.56280549746	0.905896173848	-0.866916418699	241
18	0.75	0.25	0.0	2.82721673829	0.855244478301	-0.0266580883184	2.98480510071	0.855109191781	-0.955578516975	242
18	0.75	0.5	0.0	2.21767368599	0.839938619809	-0.164430573429	2.36657443715	0.845756994633	-1.082997425	243
18	0.75	0.75	0.0	1.61860587824	0.831212953045	-0.329801782606	1.74795964602	0.845075031264	-1.21411656232	244
18	0.75	1.0	0.0	1.07382045127	0.812050392071	-0.464158053799	1.16880686655	0.820298750531	-1.31387934847	245
18	1.0	0.0	0.0	3.3893845	0.710411935	-0.128714217	3.55754682044	0.759352903009	-1.07125881556	246
18	1.0	0.25	0.0	2.82639492706	0.636829522712	-0.185153331954	2.99198281144	0.69358159216	-1.17804661836	247
18	1.0	0.5	0.0	2.22541648798	0.607188699011	-0.342968507373	2.38343964956	0.676803199016	-1.33163089717	248
18	1.0	0.75	0.0	1.63361783416	0.589268943804	-0.534470785605	1.7737038813	0.667222115036	-1.49084434239	249
18	1.0	1.0	0.0	1.098167617	0.550849737	-0.691971209	1.20456205316	0.623042731679	-1.61451964443	250
19	0.0	0.0	0.0	5.330398695	1.044305758	-0.30869443	5.5183079747	1.14244828814	-0.845252430496	251
19	0.0	0.25	0.0	4.85576750915	0.98994024242	-0.257514460132	5.03029707066	1.10554327133	-0.912320238613	252
19	0.0	0.5	0.0	4.35425295543	0.904919567243	-0.202875954633	4.52365841989	1.0002340001	-0.967139172452	253
19	0.0	0.75	0.0	3.85555772275	0.806118531695	-0.156151633568	4.02415425796	0.870258026603	-1.01751633158	254
19	0.0	1.0	0.0	3.3893845	0.710411935	-0.128714217	3.55754682044	0.759352903009	-1.07125881556	255
19	0.25	0.0	0.0	5.33835858203	0.944266948335	-0.400422664613	5.52693888162	1.04148844377	-0.963481571737	256
19	0.25	0.25	0.0	4.8685017452	0.888012535818	-0.375737542781	5.04568982028	1.00951463172	-1.0544312389	257
19	0.25	0.5	0.0	4.36324129546	0.79078572396	-0.346955823725	4.53761746074	0.900235209245	-1.13716355607	258
19	0.25	0.75	0.0	3.85752910813	0.671938330321	-0.317771128684	4.03409188385	0.760667841962	-1.21186385522	259
19	0.25	1.0	0.0	3.38631705853	0.550822172463	-0.291877078896	3.56648317045	0.637830195482	-1.27871746832	260
19	0.5	0.0	0.0	5.34353409909	0.802562540264	-0.468659287319	5.53309018967	0.895660751991	-1.06261313632	261
19	0.5	0.25	0.0	4.87835751346	0.759574016602	-0.482147540635	5.06460063114	0.885343775502	-1.19118893471	262
19	0.5	0.5	0.0	4.38014532313	0.655665169726	-0.495508982086	4.56609923701	0.782019881429	-1.3214598457	263
19	0.5	0.75	0.0	3.87498166776	0.527507432481	-0.504300280837	4.06600878491	0.642206329888	-1.43887677189	264
19	0.5	1.0	0.0	3.38895068702	0.411772237715	-0.504078106053	3.59275205248	0.522420381	-1.52889061589	265
19	0.75	0.0	0.0	5.34693798285	0.64979292331	-0.535403957116	5.54247444885	0.743716992881	-1.15910545319	266
19	0.75	0.25	0.0	4.88723787977	0.621131921316	-0.58468540494	5.08563397257	0.751370031082	-1.32438261117	267
19	0.75	0.5	0.0	4.39820204399	0.516229606337	-0.637497056198	4.59759721788	0.654159865867	-1.50052929256	268
19	0.75	0.75	0.0	3.89496834674	0.38868227892	-0.686680952432	4.10229381679	0.516754856585	-1.66124089806	269
19	0.75	1.0	0.0	3.39267465924	0.29208623961	-0.725079135184	3.6236534013	0.403823362588	-1.78021282831	270
19	1.0	0.0	0.0	5.34958297	0.516558487	-0.622656333	5.56080420919	0.624408946529	-1.26941685132	271
19	1.0	0.25	0.0	4.89704590995	0.489193486499	-0.691292086946	5.10739431386	0.625932726864	-1.4558015534	272
19	1.0	0.5	0.0	4.41064846357	0.38915073559	-0.761881672546	4.62060487251	0.52522701178	-1.6548731479	273
19	1.0	0.75	0.0	3.90454209016	0.271319310386	-0.835855005873	4.12533583512	0.386194788256	-1.84164205019	274
19	1.0	1.0	0.0	3.392878249	0.190588287	-0.914642003	3.64648715168	0.272739043269	-1.99111867566	275
20	0.0	0.0	0.0	3.3893845	0.710411935	-0.128714217	3.55754682044	0.759352903009	-1.07125881556	276
20	0.0	0.25	0.0	2.82639492706	0.636829522712	-0.185153331954	2.99198281144	0.69358159216	-1.17804661836	277
20	0.0	0.5	0.0	2.22541648798	0.607188699011	-0.342968507373	2.38343964956	0.676803199016	-1.33163089717	278
20	0.0	0.75	0.0	1.63361783416	0.589268943804	-0.534470785605	1.7737038813	0.667222115036	-1.49084434239	279
20	0.0	1.0	0.0	1.098167617	0.550849737	-0.691971209	1.20456205316	0.623042731679	-1.61451964443	280
20	0.25	0.0	0.0	3.38631705853	0.550822172463	-0.291877078896	3.56648317045	0.637830195482	-1.27871746832	281
20	0.25	0.25	0.0	2.82397370721	0.461363568693	-0.35280591674	3.00525406302	0.567093381348	-1.40018624234	282
20	0.25	0.5	0.0	2.22852638931	0.437414778426	-0.533962288654	2.40235550386	0.556363500476	-1.57776673521	283
20	0.25	0.75	0.0	1.64411314825	0.428520134472	-0.75000106454	1.79697382463	0.551989022224	-1.75812145982	284
20	0.25	1.0	0.0	1.11487202746	0.384223969646	-0.915577114301	1.22829535702	0.500318415946	-1.88791292904	285
20	0.5	0.0	0.0	3.38895068702	0.411772237715	-0.504078106053	3.59275205248	0.522420381	-1.52889061589	286
20	0.5	0.25	0.0	2.80968658364	0.341957945972	-0.59261912492	3.02436187703	0.460660178263	-1.67097069181	287
20	0.5	0.5	0.0	2.21763718232	0.331087314283	-0.805372791609	2.42257189083	0.456436839974	-1.87856752172	288
20	0.5	0.75	0.0	1.6461880425	0.326527963984	-1.04068948906	1.81994310452	0.453759580374	-2.08117477988	289
20	0.5	1.0	0.0	1.12872472364	0.275647516411	-1.1969196002	1.24903652876	0.396637613706	-2.20828614058	290
20	0.75	0.0	0.0	3.39267465924	0.29208623961	-0.725079135184	3.6236534013	0.403823362588	-1.78021282831	291
20	0.75	0.25	0.0	2.79323133292	0.251736059073	-0.853514603196	3.04676602652	0.351947168243	-1.9470944239	292
20	0.75	0.5	0.0	2.20303576736	0.251953463858	-1.09486664022	2.44438383604	0.350278661188	-2.18050961357	293
20	0.75	0.75	0.0	1.64428526561	0.246746513859	-1.34355032499	1.84304579952	0.344617178329	-2.40150757857	294
20	0.75	1.0	0.0	1.13917713075	0.19012326897	-1.49398073626	1.26929088668	0.280762056577	-2.53113750018	295
20	1.0	0.0	0.0	3.392878249	0.190588287	-0.914642003	3.64648715168	0.272739043269	-1.99111867566	296
20	1.0	0.25	0.0	2.78430573161	0.163821312519	-1.08441399827	3.06992628453	0.218619536626	-2.18525189577	297
20	1.0	0.5	0.0	2.19500904477	0.163760384427	-1.34011045845	2.46808636504	0.211144407797	-2.43006936764	298
20	1.0	0.75	0.0	1.6428475663	0.152629865622	-1.59559783815	1.86671598822	0.196645204931	-2.66062313186	299
20	1.0	1.0	0.0	1.145680674	0.092654119	-1.764742592	1.2915637491	0.121453476177	-2.811965229	300
25	0.0	0.0	0.0	5.34958297	0.516558487	-0.622656333	5.56080420919	0.624408946529	-1.26941685132	301
25	0.0	0.25	0.0	4.89704590995	0.489193486499	-0.691292086946	5.10739431386	0.625932726864	-1.4558015534	302
25	0.0	0.5	0.0	4.41064846357	0.38915073559	-0.761881672546	4.62060487251	0.52522701178	-1.6548731479	303
25	0.0	0.75	0.0	3.90454209016	0.271319310386	-0.835855005873	4.12533583512	0.386194788256	-1.84164205019	304
25	0.0	1.0	0.0	3.392878249	0.190588287	-0.914642003	3.64648715168	0.272739043269	-1.99111867566	305
25	0.25	0.0	0.0	5.3575500589	0.125751638805	-1.01588419617	5.63723899372	0.205024989219	-1.67740242425	306
25	0.25	0.25	0.0	4.91368840558	0.0750176733636	-1.07027472888	5.16828591385	0.148423031031	-1.855827735	307
25	0.25	0.5	0.0	4.41924284485	-0.00261746421615	-1.07680314703	4.65934688879	0.0341965220628	-1.99647874575	308
25	0.25	0.75	0.0	3.89058760365	-0.0851387312931	-1.08733159986	4.14272637434	-0.10062418507	-2.12355767866	309
25	0.25	1.0	0.0	3.3440969089	-0.150531085226	-1.15372223662	3.65072882628	-0.219008737752	-2.26126675589	310
25	0.5	0.0	0.0	5.35813429921	-0.291041245295	-1.41889621503	5.69895094056	-0.380971625827	-2.02961248721	311
25	0.5	0.25	0.0	4.89554581737	-0.375803295436	-1.43640562822	5.2093012311	-0.491846870891	-2.18255980411	312
25	0.5	0.5	0.0	4.39328983927	-0.481579843116	-1.35670106544	4.68362775673	-0.648833744782	-2.24785951174	313
25	0.5	0.75	0.0	3.84497653733	-0.589318052732	-1.26153124257	4.14676760583	-0.815600677265	-2.2844180364	314
25	0.5	1.0	0.0	3.24421608396	-0.679965088682	-1.23264487551	3.62355786678	-0.955816098108	-2.35114180444	315
25	0.75	0.0	0.0	5.34163648816	-0.700201259248	-1.68467864411	5.73445404523	-0.999958366543	-2.20991549839	316
25	0.75	0.25	0.0	4.8490102389	-0.822754656478	-1.66612270435	5.22707322236	-1.15840502804	-2.33449830958	317
25	0.75	0.5	0.0	4.33469040896	-0.966811149194	-1.51887049167	4.69330665477	-1.35546851007	-2.34311330237	318
25	0.75	0.75	0.0	3.7742106039	-1.11540022307	-1.33888438441	4.14612197519	-1.55729344225	-2.31096654061	319
25	0.75	1.0	0.0	3.14310442928	-1.2515513638	-1.2221267609	3.59848681634	-1.7300244542	-2.31326408817	320
25	1.0	0.0	0.0	5.298357423	-1.068109497	-1.666217738	5.73226230324	-1.51831270086	-2.10217991599	321
25	1.0	0.25	0.0	4.78047376377	-1.22532164634	-1.63586387665	5.21823484436	-1.71477948955	-2.21014380025	322
25	1.0	0.5	0.0	4.24534551606	-1.37738613053	-1.48060648963	4.68824276133	-1.91731249512	-2.21633797415	323
25	1.0	0.75	0.0	3.68479151606	-1.53756681146	-1.29982147579	4.14945192799	-2.12426123395	-2.18994660845	324
25	1.0	1.0	0.0	3.0906306	-1.719127551	-1.192884734	3.60902821817	-2.33397522242	-2.20015387393	325
26	0.0	0.0	0.0	3.392878249	0.190588287	-0.914642003	3.64648715168	0.272739043269	-1.99111867566	326
26	0.0	0.25	0.0	2.78430573161	0.163821312519	-1.08441399827	3.06992628453	0.218619536626	-2.18525189577	327
26	0.0	0.5	0.0	2.19500904477	0.163760384427	-1.34011045845	2.46808636504	0.211144407797	-2.43006936764	328
26	0.0	0.75	0.0	1.6428475663	0.152629865622	-1.59559783815	1.86671598822	0.196645204931	-2.66062313186	329
26	0.0	1.0	0.0	1.145680674	0.092654119	-1.764742592	1.2915637491	0.121453476177	-2.811965229	330
26	0.25	0.0	0.0	3.3440969089	-0.150531085226	-1.15372223662	3.65072882628	-0.219008737752	-2.26126675589	331
26	0.25	0.25	0.0	2.72485399286	-0.205672544363	-1.36743812466	3.08383840035	-0.316561206884	-2.49184212951	332
26	0.25	0.5	0.0	2.15062801238	-0.263555536399	-1.67757626091	2.49505452994	-0.398578837058	-2.77991514785	333
26	0.25	0.75	0.0	1.62089622862	-0.334396483612	-2.0012217622	1.90432593454	-0.49380853276	-3.06614547651	334
26	0.25	1.0	0.0	1.13513590273	-0.428411808282	-2.25545974533	1.33160133365	-0.630997198474	-3.29119278108	335
26	0.5	0.0	0.0	3.24421608396	-0.679965088682	-1.23264487551	3.62355786678	-0.955816098108	-2.35114180444	336
26	0.5	0.25	0.0	2.60640891243	-0.785132274368	-1.42072258935	3.05462135221	-1.10464916758	-2.56585710145	337
26	0.5	0.5	0.0	2.06268911403	-0.923491559176	-1.78804274872	2.48217904071	-1.28547974948	-2.89308678184	338
26	0.5	0.75	0.0	1.57329596341	-1.07662000105	-2.1846305586	1.90904704413	-1.48474413554	-3.22552509897	339
26	0.5	1.0	0.0	1.09846873523	-1.22609465794	-2.46051122397	1.3380414743	-1.6888786175	-3.45586630621	340
26	0.75	0.0	0.0	3.14310442928	-1.2515513638	-1.2221267609	3.59848681634	-1.7300244542	-2.31326408817	341
26	0.75	0.25	0.0	2.50586730884	-1.42229715055	-1.36301978046	3.02645339323	-1.94027427491	-2.49031617371	342
26	0.75	0.5	0.0	1.98950883551	-1.64311339429	-1.74646012617	2.46417922544	-2.22027585443	-2.81783920322	343
26	0.75	0.75	0.0	1.52977989621	-1.87040367943	-2.16266099049	1.90211542832	-2.51360815775	-3.147238227	344
26	0.75	1.0	0.0	1.06243137787	-2.06057159039	-2.40183556588	1.33071311727	-2.76385014982	-3.32991829533	345
26	1.0	0.0	0.0	3.0906306	-1.719127551	-1.192884734	3.60902821817	-2.33397522242	-2.20015387393	346
26	1.0	0.25	0.0	2.50012600062	-1.96490644597	-1.3130820861	3.04351277654	-2.61806645832	-2.34823870843	347
26	1.0	0.5	0.0	1.98940366261	-2.24948675213	-1.62777859755	2.4757744122	-2.9736846769	-2.60242734562	348
26	1.0	0.75	0.0	1.52008115254	-2.51211051148	-1.95214982098	1.90476719849	-3.31784715373	-2.83976108834	349
26	1.0	1.0	0.0	1.053776037	-2.692019766	-2.101371309	1.32944520875	-3.56757116437	-2.93728123943	350
27	0.0	0.0	0.0	5.298357423	-1.068109497	-1.666217738	5.73226230324	-1.51831270086	-2.10217991599	351
27	0.0	0.25	0.0	4.78047376377	-1.22532164634	-1.63586387665	5.21823484436	-1.71477948955	-2.21014380025	352
27	0.0	0.5	0.0	4.24534551606	-1.37738613053	-1.48060648963	4.68824276133	-1.91731249512	-2.21633797415	353
27	0.0	0.75	0.0	3.68479151606	-1.53756681146	-1.29982147579	4.14945192799	-2.12426123395	-2.18994660845	354
27	0.0	1.0	0.0	3.0906306	-1.719127551	-1.192884734	3.60902821817	-2.33397522242	-2.20015387393	355
27	0.25	0.0	0.0	5.26867360939	-1.25019112182	-1.39196343916	5.73859245312	-1.8114296256	-1.7367179918	356
27	0.25	0.25	0.0	4.74308450728	-1.48393477651	-1.35848801967	5.23106936644	-2.07837498002	-1.83340108323	357
27	0.25	0.5	0.0	4.20421140489	-1.7190945798	-1.23407523258	4.71704044129	-2.3557331608	-1.84765184521	358
27	0.25	0.75	0.0	3.66681965167	-1.96700305494	-1.10821585246	4.20003473106	-2.64554713602	-1.8441263661	359
27	0.25	1.0	0.0	3.14567459708	-2.23899272522	-1.07040065387	3.68358128913	-2.94985987374	-1.88748073425	360
27	0.5	0.0	0.0	5.26383041103	-1.30957552904	-0.973425642352	5.78004160104	-2.02615134579	-1.18951701179	361
27	0.5	0.25	0.0	4.75048878105	-1.66515188176	-0.931275254659	5.28686195529	-2.39411719639	-1.27464414174	362
27	0.5	0.5	0.0	4.25270482323	-2.05816310115	-0.851502810344	4.79659040624	-2.80149296163	-1.29516732491	363
27	0.5	0.75	0.0	3.76455740665	-2.45786725855	-0.784843186812	4.30017583598	-3.22393842008	-1.30071915872	364
27	0.5	1.0	0.0	3.28012540041	-2.8335224253	-0.782031261468	3.78856712658	-3.6371133503	-1.34093224058	365
27	0.75	0.0	0.0	5.27007613265	-1.30178181198	-0.526887318365	5.83215206447	-2.15575157906	-0.605190765816	366
27	0.75	0.25	0.0	4.77158645792	-1.77885762264	-0.46780575327	5.35636194337	-2.62290173994	-0.663602770538	367
27	0.75	0.5	0.0	4.32569941166	-2.32499587247	-0.418033970829	4.88885125845	-3.15729058196	-0.677841324721	368
27	0.75	0.75	0.0	3.88666701787	-2.8597715648	-0.389786701335	4.40504702285	-3.69802525446	-0.678117024636	369
27	0.75	1.0	0.0	3.40874130053	-3.30275970298	-0.395278675081	3.88037624973	-4.1842129068	-0.694640466553	370
27	1.0	0.0	0.0	5.273659079	-1.282329064	-0.168631438	5.87046616088	-2.19350404304	-0.12835304375	371
27	1.0	0.25	0.0	4.77527741073	-1.83493665971	-0.0816596871552	5.41031866316	-2.72562421192	-0.130006764378	372
27	1.0	0.5	0.0	4.35806881077	-2.44999707161	-0.0188134619524	4.95578160017	-3.32582470613	-0.114630756089	373
27	1.0	0.75	0.0	3.94181072217	-3.0223281162	0.0168703814767	4.46982007175	-3.90639780753	-0.0947120021408	374
27	1.0	1.0	0.0	3.446280588	-3.44674761	0.022354987	3.91539917777	-4.37963579798	-0.0827374857923	375
28	0.0	0.0	0.0	3.0906306	-1.719127551	-1.192884734	3.60902821817	-2.33397522242	-2.20015387393	376
28	0.0	0.25	0.0	2.50012600062	-1.96490644597	-1.3130820861	3.04351277654	-2.61806645832	-2.34823870843	377
28	0.0	0.5	0.0	1.98940366261	-2.24948675213	-1.62777859755	2.4757744122	-2.9736846769	-2.60242734562	378
28	0.0	0.75	0.0	1.52008115254	-2.51211051148	-1.95214982098	1.90476719849	-3.31784715373	-2.83976108834	379
28	0.0	1.0	0.0	1.053776037	-2.692019766	-2.101371309	1.32944520875	-3.56757116437	-2.93728123943	380
28	0.25	0.0	0.0	3.14567459708	-2.23899272522	-1.07040065387	3.68358128913	-2.94985987374	-1.88748073425	381
28	0.25	0.25	0.0	2.62093309559	-2.52769339283	-1.18899192615	3.13319136722	-3.27816015441	-2.02095474447	382
28	0.25	0.5	0.0	2.08932302996	-2.79577363482	-1.3980283568	2.54221211801	-3.61103543164	-2.19189841012	383
28	0.25	0.75	0.0	1.56961615481	-3.00587058803	-1.58925282843	1.9376783847	-3.89847454718	-2.33057748891	384
28	0.25	1.0	0.0	1.08058422479	-3.12062138926	-1.65440822362	1.34662501047	-4.09046634278	-2.36725773854	385
28	0.5	0.0	0.0	3.28012540041	-2.8335224253	-0.782031261468	3.78856712658	-3.6371133503	-1.34093224058	386
28	0.5	0.25	0.0	2.78045610601	-3.1306052223	-0.862694250076	3.24681177898	-3.97887871127	-1.43271039595	387
28	0.5	0.5	0.0	2.2188823747	-3.3625909142	-0.974927442413	2.62914598263	-4.26556792151	-1.53365205901	388
28	0.5	0.75	0.0	1.64910227594	-3.51345371944	-1.06432194773	1.98782831518	-4.48328746345	-1.60654151862	389
28	0.5	1.0	0.0	1.1248138792	-3.56716785647	-1.07646887528	1.37511735431	-4.61814381957	-1.61416306363	390
28	0.75	0.0	0.0	3.40874130053	-3.30275970298	-0.395278675081	3.88037624973	-4.1842129068	-0.694640466553	391
28	0.75	0.25	0.0	2.9071373263	-3.58300242394	-0.428310524066	3.33685466059	-4.51636204707	-0.734885667221	392
28	0.75	0.5	0.0	2.32227570493	-3.78410783672	-0.463937160594	2.69810178949	-4.76733475045	-0.777781025526	393
28	0.75	0.75	0.0	1.72031313454	-3.89611767868	-0.483026919983	2.03076512713	-4.93905225326	-0.806800954942	394
28	0.75	1.0	0.0	1.16740631327	-3.90907368719	-0.466448137552	1.4014921642	-5.03343579179	-0.805419868945	395
28	1.0	0.0	0.0	3.446280588	-3.44674761	0.022354987	3.91539917777	-4.37963579798	-0.0827374857923	396
28	1.0	0.25	0.0	2.92941905094	-3.69424548727	0.0200377857042	3.35580066079	-4.68675007997	-0.0788605626606	397
28	1.0	0.5	0.0	2.34369702876	-3.8944936488	0.0294811824538	2.71060532204	-4.94638852242	-0.0743780428891	398
28	1.0	0.75	0.0	1.7450223492	-4.01512023867	0.0489625137265	2.04203695773	-5.13253526728	-0.0705035753075	399
28	1.0	1.0	0.0	1.18930284	-4.023753401	0.076759116	1.41231936406	-5.21917445652	-0.0684508087453	400
33	0.0	0.0	0.0	5.273659079	-1.282329064	-0.168631438	5.87046616088	-2.19350404304	-0.12835304375	401
33	0.0	0.25	0.0	4.77527741073	-1.83493665971	-0.0816596871552	5.41031866316	-2.72562421192	-0.130006764378	402
33	0.0	0.5	0.0	4.35806881077	-2.44999707161	-0.0188134619524	4.95578160017	-3.32582470613	-0.114630756089	403
33	0.0	0.75	0.0	3.94181072217	-3.0223281162	0.0168703814767	4.46982007175	-3.90639780753	-0.0947120021408	404
33	0.0	1.0	0.0	3.446280588	-3.44674761	0.022354987	3.91539917777	-4.37963579798	-0.0827374857923	405
33	0.25	0.0	0.0	5.28306841321	-1.18648830905	0.2157895899	5.90346422357	-2.07516686134	0.398882456838	406
33	0.25	0.25	0.0	4.77944503177	-1.7126194122	0.358246019551	5.45113563062	-2.59379659243	0.498976606136	407
33	0.25	0.5	0.0	4.35278214689	-2.28341490248	0.481693949803	4.98985610208	-3.17525006197	0.592428929725	408
33	0.25	0.75	0.0	3.91930665677	-2.78299328612	0.559054377947	4.48457915469	-3.70716179576	0.660520749999	409
33	0.25	1.0	0.0	3.39524545964	-3.09547306936	0.563248301275	3.90025830518	-4.07716631958	0.684533389355	410
33	0.5	0.0	0.0	5.30639062721	-0.953124872523	0.657537074456	5.93222161817	-1.78615238542	1.00341132461	411
33	0.5	0.25	0.0	4.81136674494	-1.35838078799	0.853141452952	5.47671110764	-2.21003446989	1.19134605825	412
33	0.5	0.5	0.0	4.35562693917	-1.82490183353	1.01338105364	4.99158372637	-2.71394431649	1.34891694167	413
33	0.5	0.75	0.0	3.88810025728	-2.22656154529	1.10137117769	4.46463787633	-3.16826556032	1.44581734234	414
33	0.5	1.0	0.0	3.35771574662	-2.43723345941	1.08022712626	3.88367195945	-3.44338183649	1.45174062769	415
33	0.75	0.0	0.0	5.32804331811	-0.639585496234	1.06022168078	5.93340863799	-1.38873865647	1.54130758209	416
33	0.75	0.25	0.0	4.84794543776	-0.901870571954	1.29249470738	5.47504617165	-1.69222175663	1.79185940422	417
33	0.75	0.5	0.0	4.36429484122	-1.24883936286	1.48076616117	4.96940811575	-2.09177815586	2.00150452353	418
33	0.75	0.75	0.0	3.87016929361	-1.56073270858	1.59073920485	4.43158548831	-2.46292288137	2.13537586358	419
33	0.75	1.0	0.0	3.35864656004	-1.71779144875	1.58811700112	3.87666930737	-2.68117096038	2.15860634789	420
33	1.0	0.0	0.0	5.332444083	-0.303216922	1.327454074	5.88369557635	-0.945203715681	1.86864525179	421
33	1.0	0.25	0.0	4.86608399779	-0.472738548972	1.56577387717	5.43414190009	-1.15824236496	2.14527445631	422
33	1.0	0.5	0.0	4.37647750665	-0.729608988549	1.788367584	4.93177291291	-1.45862226627	2.3968629191	423
33	1.0	0.75	0.0	3.8874915357	-0.993206590851	1.97407688357	4.4070112423	-1.7643475391	2.60339440243	424
33	1.0	1.0	0.0	3.422993011	-1.182909706	2.101743465	3.89027951575	-1.99342230296	2.74485266859	425
34	0.0	0.0	0.0	3.446280588	-3.44674761	0.022354987	3.91539917777	-4.37963579798	-0.0827374857923	426
34	0.0	0.25	0.0	2.92941905094	-3.69424548727	0.0200377857042	3.35580066079	-4.68675007997	-0.0788605626606	427
34	0.0	0.5	0.0	2.34369702876	-3.8944936488	0.0294811824538	2.71060532204	-4.94638852242	-0.0743780428891	428
34	0.0	0.75	0.0	1.7450223492	-4.01512023867	0.0489625137265	2.04203695773	-5.13253526728	-0.0705035753075	429
34	0.0	1.0	0.0	1.18930284	-4.023753401	0.076759116	1.41231936406	-5.21917445652	-0.0684508087453	430
34	0.25	0.0	0.0	3.39524545964	-3.09547306936	0.563248301275	3.90025830518	-4.07716631958	0.684533389355	431
34	0.25	0.25	0.0	2.85560537649	-3.28413118485	0.569959912515	3.31135239785	-4.33016997146	0.713727773795	432
34	0.25	0.5	0.0	2.28555614677	-3.50154641768	0.637998470741	2.66641298915	-4.61469237827	0.786692086062	433
34	0.25	0.75	0.0	1.71790691837	-3.66371436344	0.711677930744	2.01122809591	-4.84306875175	0.849214801313	434
34	0.25	1.0	0.0	1.18546683913	-3.68663061769	0.735312247311	1.391585735	-4.92763430365	0.847084394702	435
34	0.5	0.0	0.0	3.35771574662	-2.43723345941	1.08022712626	3.88367195945	-3.44338183649	1.45174062769	436
34	0.5	0.25	0.0	2.80257876166	-2.56887425772	1.09266665226	3.27523575527	-3.6341452333	1.4819059436	437
34	0.5	0.5	0.0	2.23636838254	-2.77734696946	1.23195773129	2.62143658904	-3.89084637395	1.61309530139	438
34	0.5	0.75	0.0	1.68375744876	-2.95130761083	1.37201825115	1.96520639983	-4.1051774689	1.73160349179	439
34	0.5	1.0	0.0	1.16941879981	-2.97941219804	1.38676609964	1.34947712668	-4.16883072859	1.72372530552	440
34	0.75	0.0	0.0	3.35864656004	-1.71779144875	1.58811700112	3.87666930737	-2.68117096038	2.15860634789	441
34	0.75	0.25	0.0	2.80381526473	-1.81952401086	1.63656802055	3.26093982977	-2.83010777617	2.20974897487	442
34	0.75	0.5	0.0	2.22851308425	-1.99193237477	1.83122174006	2.59036751489	-3.02721396596	2.37504105099	443
34	0.75	0.75	0.0	1.66768588949	-2.14540945214	2.02167604286	1.92130982919	-3.19379695705	2.52658904472	444
34	0.75	1.0	0.0	1.15627955133	-2.19034815463	2.05752881215	1.31012423916	-3.25116417675	2.53649942455	445
34	1.0	0.0	0.0	3.422993011	-1.182909706	2.101743465	3.89027951575	-1.99342230296	2.74485266859	446
34	1.0	0.25	0.0	2.89279094398	-1.30712974921	2.250074033	3.28195371812	-2.14948951076	2.88133189572	447
34	1.0	0.5	0.0	2.29436960011	-1.41533970426	2.45565327304	2.58789715985	-2.27615861078	3.04273878273	448
34	1.0	0.75	0.0	1.69480418969	-1.51352935868	2.6523438738	1.89687634372	-2.38386275452	3.18409800868	449
34	1.0	1.0	0.0	1.161169923	-1.6076885	2.774008524	1.29765777252	-2.48303509352	3.26043425263	450
35	0.0	0.0	0.0	5.332444083	-0.303216922	1.327454074	5.88369557635	-0.945203715681	1.86864525179	451
35	0.0	0.25	0.0	4.86608399779	-0.472738548972	1.56577387717	5.43414190009	-1.15824236496	2.14527445631	452
35	0.0	0.5	0.0	4.37647750665	-0.729608988549	1.788367584	4.93177291291	-1.45862226627	2.3968629191	453
35	0.0	0.75	0.0	3.8874915357	-0.993206590851	1.97407688357	4.4070112423	-1.7643475391	2.60339440243	454
35	0.0	1.0	0.0	3.422993011	-1.182909706	2.101743465	3.89027951575	-1.99342230296	2.74485266859	455
35	0.25	0.0	0.0	5.32288717636	0.199430484692	1.50310019116	5.76804899673	-0.307515918125	2.01002331773	456
35	0.25	0.25	0.0	4.87028991925	0.0815488179099	1.7187131237	5.33429293111	-0.462144597797	2.2770205605	457
35	0.25	0.5	0.0	4.39156985791	-0.137151971456	1.94870709976	4.85411590953	-0.714365212532	2.53835567192	458
35	0.25	0.75	0.0	3.91949453288	-0.397351152593	2.1866138291	4.35624506562	-1.00197226948	2.79087278679	459
35	0.25	1.0	0.0	3.48683148467	-0.639727994691	2.4259650215	3.86940753299	-1.26276027581	3.03141603988	460
35	0.5	0.0	0.0	5.33055321879	0.814487781988	1.59690171884	5.65561909478	0.42089943506	2.00037778543	461
35	0.5	0.25	0.0	4.88793578703	0.774344279106	1.79158424895	5.22294228691	0.347538551013	2.24497826491	462
35	0.5	0.5	0.0	4.41323845761	0.604424286034	1.99862491884	4.75112950755	0.146556421658	2.4958031779	463
35	0.5	0.75	0.0	3.93848109139	0.373201722109	2.21409982177	4.26423645035	-0.1079385388	2.73948564078	464
35	0.5	1.0	0.0	3.49568354924	0.149150506665	2.43408505097	3.78631880891	-0.341837916154	2.96265876996	465
35	0.75	0.0	0.0	5.37517937983	1.41578217129	1.57696175786	5.592029574	1.10870935034	1.83160210858	466
35	0.75	0.25	0.0	4.93065043966	1.46278460833	1.74846418302	5.14751847165	1.12663546153	2.04216720008	467
35	0.75	0.5	0.0	4.44738190534	1.3525839875	1.92162511708	4.66789018806	0.985931577557	2.27184089741	468
35	0.75	0.75	0.0	3.95582562578	1.16929489911	2.08631702098	4.17544706202	0.77916702516	2.48664271103	469
35	0.75	1.0	0.0	3.48643344993	0.997031933439	2.23241235571	3.69249143233	0.598911131079	2.65259215138	470
35	1.0	0.0	0.0	5.476502829	1.877140854	1.411383409	5.62290413786	1.62458083417	1.49558974086	471
35	1.0	0.25	0.0	5.01006271565	2.00400657928	1.55342985605	5.1554499895	1.73097451381	1.66160699652	472
35	1.0	0.5	0.0	4.49989880066	1.96479133652	1.70121177032	4.64947443214	1.66554919642	1.86910429085	473
35	1.0	0.75	0.0	3.98290255058	1.84177124425	1.83304758618	4.1343385662	1.52075779461	2.06975374414	474
35	1.0	1.0	0.0	3.495965432	1.717222421	1.927255738	3.63940349208	1.38905322098	2.21522747665	475
36	0.0	0.0	0.0	3.422993011	-1.182909706	2.101743465	3.89027951575	-1.99342230296	2.74485266859	476
36	0.0	0.25	0.0	2.89279094398	-1.30712974921	2.250074033	3.28195371812	-2.14948951076	2.88133189572	477
36	0.0	0.5	0.0	2.29436960011	-1.41533970426	2.45565327304	2.58789715985	-2.27615861078	3.04273878273	478
36	0.0	0.75	0.0	1.69480418969	-1.51352935868	2.6523438738	1.89687634372	-2.38386275452	3.18409800868	479
36	0.0	1.0	0.0	1.161169923	-1.6076885	2.774008524	1.29765777252	-2.48303509352	3.26043425263	480
36	0.25	0.0	0.0	3.48683148467	-0.639727994691	2.4259650215	3.86940753299	-1.26276027581	3.03141603988	481
36	0.25	0.25	0.0	2.97020687595	-0.803712556059	2.64605819018	3.27219322649	-1.44597436166	3.23087681864	482
36	0.25	0.5	0.0	2.35243957748	-0.885569426642	2.81351505237	2.57197575051	-1.55236106523	3.35498237726	483
36	0.25	0.75	0.0	1.72193582845	-0.959297625966	2.954953387	1.87304684323	-1.64750521639	3.44248594904	484
36	0.25	1.0	0.0	1.16710186801	-1.09889617356	3.09699097301	1.27969824282	-1.79699164502	3.53214076728	485
36	0.5	0.0	0.0	3.49568354924	0.149150506665	2.43408505097	3.78631880891	-0.341837916154	2.96265876996	486
36	0.5	0.25	0.0	2.95893644204	-0.0104362246428	2.63531038496	3.19168044099	-0.509185153683	3.14040806294	487
36	0.5	0.5	0.0	2.33820498307	-0.100818210105	2.77249089147	2.50907055521	-0.615453632571	3.24141758438	488
36	0.5	0.75	0.0	1.71099921588	-0.18917388124	2.86725017173	1.82540509378	-0.720381307226	3.295528595	489
36	0.5	1.0	0.0	1.15482918403	-0.342681669566	2.94121182693	1.2275999989	-0.883706132059	3.33258235546	490
36	0.75	0.0	0.0	3.48643344993	0.997031933439	2.23241235571	3.69249143233	0.598911131079	2.65259215138	491
36	0.75	0.25	0.0	2.92049136303	0.865085949131	2.37307633264	3.09543973941	0.465853888262	2.7777419622	492
36	0.75	0.5	0.0	2.30079211733	0.761380806293	2.4853884856	2.4348095622	0.354864101914	2.85951556833	493
36	0.75	0.75	0.0	1.68443092264	0.651842520284	2.55425402098	1.77176854221	0.234889256568	2.89585106952	494
36	0.75	1.0	0.0	1.12850298877	0.502397106461	2.56457814512	1.16748432089	0.0748768367598	2.88468656553	495
36	1.0	0.0	0.0	3.495965432	1.717222421	1.927255738	3.63940349208	1.38905322098	2.21522747665	496
36	1.0	0.25	0.0	2.91638335971	1.61524066935	2.01460174854	3.03849549948	1.28411853925	2.31069485002	497
36	1.0	0.5	0.0	2.28932728072	1.5234944835	2.10501553003	2.38482075972	1.17889255293	2.36674749331	498
36	1.0	0.75	0.0	1.66466751937	1.41875222339	2.18098472775	1.72995463536	1.05568675859	2.39607849557	499
36	1.0	1.0	0.0	1.0922744	1.277782249	2.224996987	1.12547248895	0.896812652832	2.41138094583	500
41	0.0	0.0	0.0	5.476502829	1.877140854	1.411383409	5.62290413786	1.62458083417	1.49558974086	501
41	0.0	0.25	0.0	5.01006271565	2.00400657928	1.55342985605	5.1554499895	1.73097451381	1.66160699652	502
41	0.0	0.5	0.0	4.49989880066	1.96479133652	1.70121177032	4.64947443214	1.66554919642	1.86910429085	503
41	0.0	0.75	0.0	3.98290255058	1.84177124425	1.83304758618	4.1343385662	1.52075779461	2.06975374414	504
41	0.0	1.0	0.0	3.495965432	1.717222421	1.927255738	3.63940349208	1.38905322098	2.21522747665	505
41	0.25	0.0	0.0	5.50766129182	1.9675062242	1.29533808278	5.63822333699	1.73040328878	1.32297577481	506
41	0.25	0.25	0.0	5.03137195926	2.12784010433	1.42188513487	5.16170221337	1.87229967413	1.4638876653	507
41	0.25	0.5	0.0	4.51331848743	2.15729744081	1.55690134771	4.64708082292	1.87243108147	1.64486768367	508
41	0.25	0.75	0.0	3.99178807719	2.10657557094	1.67983967457	4.12495491391	1.79515783176	1.82634805474	509
41	0.25	1.0	0.0	3.50506792936	2.02637183202	1.77015306874	3.62592023459	1.70484024598	1.96876100331	510
41	0.5	0.0	0.0	5.52248158746	2.03154665898	1.12380897835	5.63548085459	1.81852045438	1.0859582353	511
41	0.5	0.25	0.0	5.03689279848	2.22045964864	1.23412640883	5.15018330524	1.98864414294	1.20029302365	512
41	0.5	0.5	0.0	4.5153537808	2.33282679973	1.36038450636	4.63172554651	2.05846297061	1.35650738939	513
41	0.5	0.75	0.0	3.99313012415	2.37746934441	1.48236870085	4.10715508896	2.05990158905	1.51974797468	514
41	0.5	1.0	0.0	3.5054874182	2.36320851486	1.57986442222	3.60351944315	2.02488464994	1.65516142169	515
41	0.75	0.0	0.0	5.51934721487	2.05702885277	0.94902092799	5.62132240379	1.87467914234	0.845077635878	516
41	0.75	0.25	0.0	5.02705838557	2.2639848421	1.03767878601	5.13018508945	2.06526653712	0.926291040216	517
41	0.75	0.5	0.0	4.50754941242	2.44673178056	1.14344999124	4.612226651	2.19312576992	1.04732546041	518
41	0.75	0.75	0.0	3.98858354476	2.57604722005	1.25359991486	4.08819155652	2.26136992684	1.18210547031	519
41	0.75	1.0	0.0	3.49792403194	2.62270871252	1.35539392809	3.57882427408	2.27311209394	1.30455564376	520
41	1.0	0.0	0.0	5.496641673	2.0317195	0.823198764	5.60239369772	1.88462616401	0.660874490088	521
41	1.0	0.25	0.0	5.00230187282	2.24053531457	0.880067374486	5.11099939033	2.08742547352	0.697349683679	522
41	1.0	0.5	0.0	4.49145011394	2.45436475054	0.937886547271	4.59740218448	2.2459003855	0.760623949163	523
41	1.0	0.75	0.0	3.97980319234	2.62390385325	1.00649856642	4.07531678175	2.34594370551	0.845572507955	524
41	1.0	1.0	0.0	3.483077904	2.699848668	1.095745716	3.55845788371	2.37344823907	0.947070581468	525
42	0.0	0.0	0.0	3.495965432	1.717222421	1.927255738	3.63940349208	1.38905322098	2.21522747665	526
42	0.0	0.25	0.0	2.91638335971	1.61524066935	2.01460174854	3.03849549948	1.28411853925	2.31069485002	527
42	0.0	0.5	0.0	2.28932728072	1.5234944835	2.10501553003	2.38482075972	1.17889255293	2.36674749331	528
42	0.0	0.75	0.0	1.66466751937	1.41875222339	2.18098472775	1.72995463536	1.05568675859	2.39607849557	529
42	0.0	1.0	0.0	1.0922744	1.277782249	2.224996987	1.12547248895	0.896812652832	2.41138094583	530
42	0.25	0.0	0.0	3.50506792936	2.02637183202	1.77015306874	3.62592023459	1.70484024598	1.96876100331	531
42	0.25	0.25	0.0	2.9252426544	1.93177668849	1.85258852817	3.02323839922	1.6051333696	2.06689140699	532
42	0.25	0.5	0.0	2.29304536159	1.82459420405	1.937360237	2.3703082343	1.48135914659	2.12031164707	533
42	0.25	0.75	0.0	1.66004536167	1.69509519797	2.01754125858	1.71729449876	1.33124154164	2.15418846155	534
42	0.25	1.0	0.0	1.07781196539	1.53355048951	2.08620465629	1.11436195152	1.15250451947	2.19368858843	535
42	0.5	0.0	0.0	3.5054874182	2.36320851486	1.57986442222	3.60351944315	2.02488464994	1.65516142169	536
42	0.5	0.25	0.0	2.92286492318	2.28243439372	1.66529279641	2.997700393	1.93693740166	1.75155593013	537
42	0.5	0.5	0.0	2.28915178165	2.14634373565	1.73934661224	2.35034802065	1.78750405117	1.80163834313	538
42	0.5	0.75	0.0	1.65358155363	1.97097425044	1.80670841313	1.70414977984	1.59831043015	1.8352864313	539
42	0.5	1.0	0.0	1.06538779919	1.77236364789	1.87206074253	1.10179312431	1.39108237028	1.88237796528	540
42	0.75	0.0	0.0	3.49792403194	2.62270871252	1.35539392809	3.57882427408	2.27311209394	1.30455564376	541
42	0.75	0.25	0.0	2.91003534722	2.55750104144	1.44936059746	2.96867036382	2.19537278785	1.40018239283	542
42	0.75	0.5	0.0	2.27957927061	2.39823603315	1.51820810771	2.33021135251	2.0261445016	1.45185088855	543
42	0.75	0.75	0.0	1.64827471696	2.18428181461	1.57388073331	1.69443660747	1.8068983356	1.48847851555	544
42	0.75	1.0	0.0	1.05784060114	1.95500651282	1.62832274875	1.09233549603	1.57910539025	1.53898265846	545
42	1.0	0.0	0.0	3.483077904	2.699848668	1.095745716	3.55845788371	2.37344823907	0.947070581468	546
42	1.0	0.25	0.0	2.88753910769	2.64726388806	1.20143797553	2.94293719466	2.29628168059	1.04826476849	547
42	1.0	0.5	0.0	2.26626055819	2.48976405139	1.28117817536	2.3151694636	2.12609773282	1.11207259041	548
42	1.0	0.75	0.0	1.64712347335	2.27291032428	1.34445276102	1.69207111052	1.90701016949	1.16287082501	549
42	1.0	1.0	0.0	1.058009071	2.042263873	1.400748178	1.09055855539	1.68313276435	1.22503625003	550
43	0.0	0.0	0.0	5.496641673	2.0317195	0.823198764	5.60239369772	1.88462616401	0.660874490088	551
43	0.0	0.25	0.0	5.00230187282	2.24053531457	0.880067374486	5.11099939033	2.08742547352	0.697349683679	552
43	0.0	0.5	0.0	4.49145011394	2.45436475054	0.937886547271	4.59740218448	2.2459003855	0.760623949163	553
43	0.0	0.75	0.0	3.97980319234	2.62390385325	1.00649856642	4.07531678175	2.34594370551	0.845572507955	554
43	0.0	1.0	0.0	3.483077904	2.699848668	1.095745716	3.55845788371	2.37344823907	0.947070581468	555
43	0.25	0.0	0.0	5.45093906831	1.89555020213	0.706710777992	5.56856054105	1.79794356011	0.454625514825	556
43	0.25	0.25	0.0	4.96105610208	2.08748475384	0.752976509733	5.08123983641	1.98873477317	0.463251582783	557
43	0.25	0.5	0.0	4.46195861284	2.28929895372	0.780510944105	4.57619743328	2.13747876364	0.486564437009	558
43	0.25	0.75	0.0	3.96275014433	2.45428132996	0.813879353049	4.06341015124	2.23130969965	0.531673815035	559
43	0.25	1.0	0.0	3.47253424026	2.53572041073	0.877647008505	3.55285480986	2.25736174934	0.605689454391	560
43	0.5	0.0	0.0	5.41020502865	1.68470784273	0.591349124905	5.5303451108	1.63142218066	0.237648679969	561
43	0.5	0.25	0.0	4.92984433594	1.8460530115	0.66035385353	5.04679365684	1.78030473305	0.248879215086	562
43	0.5	0.5	0.0	4.43443348342	2.00461342002	0.69346541943	4.54863253605	1.88727063311	0.254147667473	563
43	0.5	0.75	0.0	3.94239969113	2.13485790557	0.715632611521	4.04914884224	1.95352569101	0.266816086958	564
43	0.5	1.0	0.0	3.47217017909	2.21125530544	0.751804218724	3.56162966916	1.98027571695	0.30024652337	565
43	0.75	0.0	0.0	5.37572174741	1.45805164722	0.464188803366	5.49982693689	1.44766162084	0.024023444973	566
43	0.75	0.25	0.0	4.9068887628	1.57990583801	0.559646247792	5.02121371176	1.54607202313	0.0404485237534	567
43	0.75	0.5	0.0	4.41277563573	1.68571246067	0.60950188206	4.52724890288	1.60372655871	0.0376925681424	568
43	0.75	0.75	0.0	3.92434602381	1.76992488723	0.634270429971	4.03806855557	1.63446714074	0.0286350818265	569
43	0.75	1.0	0.0	3.47256358463	1.82699648968	0.654466615331	3.57380871513	1.65213568238	0.026155568492	570
43	1.0	0.0	0.0	5.348771418	1.274440841	0.312304812	5.48908554926	1.30926147585	-0.172170730707	571
43	1.0	0.25	0.0	4.89041157105	1.35270898378	0.408300534433	5.01805286134	1.36997331339	-0.175824548051	572
43	1.0	0.5	0.0	4.40088597981	1.41800038691	0.46137224081	4.52458794386	1.39529710523	-0.188481933397	573
43	1.0	0.75	0.0	3.91418333341	1.46377358208	0.492304896532	4.03570499207	1.39600950995	-0.20523344226	574
43	1.0	1.0	0.0	3.464292321	1.483487101	0.521883467	3.57841820126	1.3828871861	-0.221169630156	575
44	0.0	0.0	0.0	3.483077904	2.699848668	1.095745716	3.55845788371	2.37344823907	0.947070581468	576
44	0.0	0.25	0.0	2.88753910769	2.64726388806	1.20143797553	2.94293719466	2.29628168059	1.04826476849	577
44	0.0	0.5	0.0	2.26626055819	2.48976405139	1.28117817536	2.3151694636	2.12609773282	1.11207259041	578
44	0.0	0.75	0.0	1.64712347335	2.27291032428	1.34445276102	1.69207111052	1.90701016949	1.16287082501	579
44	0.0	1.0	0.0	1.058009071	2.042263873	1.400748178	1.09055855539	1.68313276435	1.22503625003	580
44	0.25	0.0	0.0	3.47253424026	2.53572041073	0.877647008505	3.55285480986	2.25736174934	0.605689454391	581
44	0.25	0.25	0.0	2.87754361176	2.50416875579	0.967253615546	2.9377021035	2.19366879469	0.691526348645	582
44	0.25	0.5	0.0	2.26275554724	2.37823358003	1.03394381313	2.3133171085	2.05427542648	0.747789977721	583
44	0.25	0.75	0.0	1.6494843201	2.20040434557	1.08370636595	1.69265490244	1.87634964901	0.794704142878	584
44	0.25	1.0	0.0	1.05904420374	2.01317051452	1.12253003867	1.08867056295	1.69705946659	0.852492645372	585
44	0.5	0.0	0.0	3.47217017909	2.21125530544	0.751804218724	3.56162966916	1.98027571695	0.30024652337	586
44	0.5	0.25	0.0	2.88841624145	2.21023623714	0.7953269309	2.9547850667	1.95190906528	0.342793890994	587
44	0.5	0.5	0.0	2.27077779288	2.13027305407	0.81004573889	2.32318326236	1.86547462348	0.366378249969	588
44	0.5	0.75	0.0	1.64905363015	2.01175982798	0.804601625878	1.69044022403	1.75214332304	0.38415127908	589
44	0.5	1.0	0.0	1.05304254999	1.8950906306	0.787635575047	1.08017191964	1.64308609545	0.409264657113	590
44	0.75	0.0	0.0	3.47256358463	1.82699648968	0.654466615331	3.57380871513	1.65213568238	0.026155568492	591
44	0.75	0.25	0.0	2.89854068349	1.8469837073	0.655827905899	2.97662673707	1.65299509849	0.0229220963996	592
44	0.75	0.5	0.0	2.27497859124	1.81892184146	0.61232336413	2.33641441377	1.62487944362	0.00890187412082	593
44	0.75	0.75	0.0	1.64278789622	1.77062912615	0.542904955103	1.68963140713	1.58405480563	-0.00799717960316	594
44	0.75	1.0	0.0	1.04287918675	1.72992379539	0.466524643899	1.07273737904	1.54678727243	-0.0198671460312	595
44	1.0	0.0	0.0	3.464292321	1.483487101	0.521883467	3.57841820126	1.3828871861	-0.221169630156	596
44	1.0	0.25	0.0	2.88630062464	1.4959285415	0.518926524855	2.98566776741	1.37891950046	-0.247234334272	597
44	1.0	0.5	0.0	2.26000923847	1.51721931015	0.443616100352	2.34465705132	1.39767400668	-0.283574682858	598
44	1.0	0.75	0.0	1.62764361106	1.54066459471	0.334382767924	1.69443278358	1.42174771085	-0.320950646389	599
44	1.0	1.0	0.0	1.031429191	1.559569583	0.229657102	1.07404169473	1.43373761906	-0.350122195345	600
49	0.0	0.0	0.0	7.127153519	0.204288	0.0131746	7.37417636579	0.028146841326	-0.0525642844625	601
49	0.0	0.25	0.0	6.93362104449	0.668620544374	0.0696954175181	7.16825950861	0.560315713165	-0.0324860957685	602
49	0.0	0.5	0.0	6.48281098154	0.970958300439	0.122458297894	6.68791641493	0.931524308919	-0.0788864590806	603
49	0.0	0.75	0.0	5.90957666207	1.15749911653	0.195361882323	6.07943059254	1.17132282951	-0.142027346645	604
49	0.0	1.0	0.0	5.348771418	1.274440841	0.312304812	5.48908554926	1.30926147585	-0.172170730707	605
49	0.25	0.0	0.0	7.126588174	0.204969633538	-0.0049540581764	7.37421657478	0.030273098037	-0.0763076443201	606
49	0.25	0.25	0.0	6.93113821956	0.663425635619	-0.0177577040375	7.16778490263	0.561797837292	-0.134411159664	607
49	0.25	0.5	0.0	6.47579456714	0.95250627343	0.00557724308011	6.68665050304	0.922815096537	-0.205317893857	608
49	0.25	0.75	0.0	5.8978962063	1.11532979057	0.0673167589662	6.07888397452	1.14454837314	-0.273665361641	609
49	0.25	1.0	0.0	5.33478212659	1.19501443065	0.16972681941	5.49255591558	1.25822116448	-0.324091077755	610
49	0.5	0.0	0.0	7.125344415	0.202531913363	-0.0229185457117	7.37430503455	0.0310135488424	-0.106624475554	611
49	0.5	0.25	0.0	6.92999473512	0.652016878289	-0.107511828786	7.1694594064	0.554062083908	-0.236215185742	612
49	0.5	0.5	0.0	6.47414170095	0.937370632928	-0.122179472627	6.69138920924	0.912256673705	-0.34519439504	613
49	0.5	0.75	0.0	5.89411121909	1.09103866616	-0.0812291107307	6.08582637246	1.12886828643	-0.433859385529	614
49	0.5	1.0	0.0	5.32622919617	1.14546646686	0.00103162340683	5.49850282543	1.22716789027	-0.502507439287	615
49	0.75	0.0	0.0	7.124100656	0.197088411506	-0.0402111603911	7.37439349432	0.0287482179664	-0.136269433932	616
49	0.75	0.25	0.0	6.92907222532	0.630043336848	-0.194141609532	7.17153587354	0.532397122631	-0.335214907964	617
49	0.75	0.5	0.0	6.47369075988	0.913705169227	-0.247341706505	6.69747239704	0.888466148865	-0.486815640356	618
49	0.75	0.75	0.0	5.89357762747	1.06550449972	-0.228742937523	6.09503277148	1.10635368314	-0.600082378921	619
49	0.75	1.0	0.0	5.32435419591	1.10287191939	-0.1672767888	5.50704670355	1.19545811192	-0.684025871475	620
49	1.0	0.0	0.0	7.123535311	0.1887527	-0.0563242	7.37443370331	0.0218571296329	-0.157997175222	621
49	1.0	0.25	0.0	6.92725232431	0.593154075763	-0.272221699082	7.17226715767	0.492091623079	-0.428727060292	622
49	1.0	0.5	0.0	6.47028012087	0.869663672623	-0.356439315831	6.70023992995	0.840060630461	-0.618481307529	623
49	1.0	0.75	0.0	5.89165135849	1.01960604767	-0.353691932164	6.10127815675	1.05907567706	-0.74980730243	624
49	1.0	1.0	0.0	5.330398695	1.044305758	-0.30869443	5.5183079747	1.14244828814	-0.845252430496	625
50	0.0	0.0	0.0	7.123535311	0.1887527	-0.0563242	7.37443370331	0.0218571296329	-0.157997175222	626
50	0.0	0.25	0.0	6.92725232431	0.593154075763	-0.272221699082	7.17226715767	0.492091623079	-0.428727060292	627
50	0.0	0.5	0.0	6.47028012087	0.869663672623	-0.356439315831	6.70023992995	0.840060630461	-0.618481307529	628
50	0.0	0.75	0.0	5.89165135849	1.01960604767	-0.353691932164	6.10127815675	1.05907567706	-0.74980730243	629
50	0.0	1.0	0.0	5.330398695	1.044305758	-0.30869443	5.5183079747	1.14244828814	-0.845252430496	630
50	0.25	0.0	0.0	7.1214871635	0.177681085922	-0.0708668689322	7.3790386928	0.00776683228641	-0.173155639587	631
50	0.25	0.25	0.0	6.92330347328	0.53225498927	-0.331933242903	7.17369482865	0.427096225668	-0.507144499424	632
50	0.25	0.5	0.0	6.46365090466	0.780941228559	-0.430212241966	6.69636103432	0.746065876118	-0.720711970489	633
50	0.25	0.75	0.0	5.88713432009	0.919643862133	-0.431207503433	6.09734111643	0.954316407523	-0.85808275914	634
50	0.25	1.0	0.0	5.33835858203	0.944266948335	-0.400422664613	5.52693888162	1.04148844377	-0.963481571737	635
50	0.5	0.0	0.0	7.116981239	0.164462781319	-0.0831049437562	7.38916966969	-0.0120925755085	-0.186748464364	636
50	0.5	0.25	0.0	6.91750889212	0.450537985471	-0.373492206073	7.17781985136	0.34288939269	-0.566560176768	637
50	0.5	0.5	0.0	6.45591157895	0.650166633299	-0.476877919473	6.6895407241	0.612570762526	-0.79746148654	638
50	0.5	0.75	0.0	5.88148731084	0.766468294873	-0.479765730905	6.08705619963	0.796858795219	-0.941972453211	639
50	0.5	1.0	0.0	5.34353409909	0.802562540264	-0.468659287319	5.53309018967	0.895660751991	-1.06261313632	640
50	0.75	0.0	0.0	7.1124753145	0.149321961056	-0.0928645217022	7.39930064658	-0.033874498963	-0.197862792263	641
50	0.75	0.25	0.0	6.91159168944	0.361594923287	-0.406556968963	7.18295925823	0.25154031438	-0.612621993407	642
50	0.75	0.5	0.0	6.44778192867	0.509772206239	-0.516359248607	6.68577915314	0.472963802699	-0.861968474305	643
50	0.75	0.75	0.0	5.8749345279	0.602842107162	-0.525049023652	6.08115324533	0.635366013148	-1.01957277941	644
50	0.75	1.0	0.0	5.34693798285	0.64979292331	-0.535403957116	5.54247444885	0.743716992881	-1.15910545319	645
50	1.0	0.0	0.0	7.110427167	0.1324828	-0.0999717	7.40390563607	-0.053732343288	-0.205585765994	646
50	1.0	0.25	0.0	6.90727497388	0.279017661637	-0.440785911939	7.18743008168	0.165118180973	-0.650977850422	647
50	1.0	0.5	0.0	6.43998173872	0.392190266769	-0.568579129623	6.69107647526	0.360633509651	-0.927471552409	648
50	1.0	0.75	0.0	5.86770016846	0.471528060268	-0.592739790745	6.09036209252	0.518501234313	-1.10898013252	649
50	1.0	1.0	0.0	5.34958297	0.516558487	-0.622656333	5.56080420919	0.624408946529	-1.26941685132	650
53	0.0	0.0	0.0	7.110427167	0.1324828	-0.0999717	7.40390563607	-0.053732343288	-0.205585765994	651
53	0.0	0.25	0.0	6.90727497388	0.279017661637	-0.440785911939	7.18743008168	0.165118180973	-0.650977850422	652
53	0.0	0.5	0.0	6.43998173872	0.392190266769	-0.568579129623	6.69107647526	0.360633509651	-0.927471552409	653
53	0.0	0.75	0.0	5.86770016846	0.471528060268	-0.592739790745	6.09036209252	0.518501234313	-1.10898013252	654
53	0.0	1.0	0.0	5.34958297	0.516558487	-0.622656333	5.56080420919	0.624408946529	-1.26941685132	655
53	0.25	0.0	0.0	7.10974218153	0.105809148834	-0.104780188587	7.41481770527	-0.085653992459	-0.204409248848	656
53	0.25	0.25	0.0	6.90646891024	0.128018101278	-0.533106648584	7.21228959606	0.00393862352919	-0.73875104	657
53	0.25	0.5	0.0	6.44091183801	0.143570965446	-0.781483265015	6.74585891155	0.105072748012	-1.13971157215	658
53	0.25	0.75	0.0	5.87172190688	0.145228543801	-0.919284345129	6.16951294602	0.183513247679	-1.4412692365	659
53	0.25	1.0	0.0	5.3575500589	0.125751638805	-1.01588419617	5.63723899372	0.205024989219	-1.67740242425	660
53	0.5	0.0	0.0	7.1082352135	0.0787483616724	-0.102620279099	7.43882425751	-0.124260375232	-0.189082326747	661
53	0.5	0.25	0.0	6.91579299911	-0.0436091306552	-0.621165281502	7.25129676127	-0.200189344173	-0.810124298674	662
53	0.5	0.5	0.0	6.47071247204	-0.137959140313	-1.00519851342	6.81525973089	-0.255509114155	-1.32623897923	663
53	0.5	0.75	0.0	5.90686808713	-0.216402800721	-1.26701161217	6.25603663459	-0.309382327324	-1.73390787366	664
53	0.5	1.0	0.0	5.35813429921	-0.291041245295	-1.41889621503	5.69895094056	-0.380971625827	-2.02961248721	665
53	0.75	0.0	0.0	7.10672824547	0.0530553936744	-0.0938554050612	7.46283080975	-0.161498938841	-0.167150440096	666
53	0.75	0.25	0.0	6.9249877817	-0.214894418143	-0.661240034701	7.28650812446	-0.420670400952	-0.824929693421	667
53	0.75	0.5	0.0	6.49870613887	-0.415603270325	-1.14295890121	6.87231569514	-0.644503398218	-1.40924409585	668
53	0.75	0.75	0.0	5.93516261001	-0.570296953738	-1.49783182941	6.321286632	-0.836449022722	-1.88320293497	669
53	0.75	1.0	0.0	5.34163648816	-0.700201259248	-1.68467864411	5.73445404523	-0.999958366543	-2.20991549839	670
53	1.0	0.0	0.0	7.10604326	0.0304852	-0.078849	7.47374287895	-0.189317130521	-0.146159029302	671
53	1.0	0.25	0.0	6.92379379922	-0.364868145165	-0.609609132189	7.29998023276	-0.630909225628	-0.742999291215	672
53	1.0	0.5	0.0	6.49421533654	-0.652564644402	-1.09799845473	6.89006356618	-0.985301425547	-1.31091724421	673
53	1.0	0.75	0.0	5.91862937634	-0.873384895688	-1.47365523441	6.33661641205	-1.27395037054	-1.78546131142	674
53	1.0	1.0	0.0	5.298357423	-1.068109497	-1.666217738	5.73226230324	-1.51831270086	-2.10217991599	675
54	0.0	0.0	0.0	7.10604326	0.0304852	-0.078849	7.47374287895	-0.189317130521	-0.146159029302	676
54	0.0	0.25	0.0	6.92379379922	-0.364868145165	-0.609609132189	7.29998023276	-0.630909225628	-0.742999291215	677
54	0.0	0.5	0.0	6.49421533654	-0.652564644402	-1.09799845473	6.89006356618	-0.985301425547	-1.31091724421	678
54	0.0	0.75	0.0	5.91862937634	-0.873384895688	-1.47365523441	6.33661641205	-1.27395037054	-1.78546131142	679
54	0.0	1.0	0.0	5.298357423	-1.068109497	-1.666217738	5.73226230324	-1.51831270086	-2.10217991599	680
54	0.25	0.0	0.0	7.09427244	0.0105999981738	-0.0589143580616	7.47185384638	-0.216236956647	-0.12003358511	681
54	0.25	0.25	0.0	6.90395172698	-0.464639448663	-0.477909507574	7.29394377806	-0.791080817921	-0.573132502641	682
54	0.25	0.5	0.0	6.45891630838	-0.781732233854	-0.894763776206	6.87728755376	-1.20766861064	-1.04604189562	683
54	0.25	0.75	0.0	5.87515924794	-1.01785668303	-1.22695560604	6.32459912746	-1.52733874359	-1.46011823502	684
54	0.25	1.0	0.0	5.26867360939	-1.25019112182	-1.39196343916	5.73859245312	-1.8114296256	-1.7367179918	685
54	0.5	0.0	0.0	7.068376636	-0.00090552307439	-0.0399512955064	7.46769797471	-0.243218651354	-0.0874507575966	686
54	0.5	0.25	0.0	6.87073679804	-0.494246203248	-0.329349269179	7.28431778904	-0.861983779768	-0.383343808458	687
54	0.5	0.5	0.0	6.41379618559	-0.810397751486	-0.632064083786	6.86088408469	-1.32979062356	-0.702566284087	688
54	0.5	0.75	0.0	5.83300924211	-1.04897068701	-0.872091090965	6.31894323193	-1.70004465486	-0.989747560018	689
54	0.5	1.0	0.0	5.26383041103	-1.30957552904	-0.973425642352	5.78004160104	-2.02615134579	-1.18951701179	690
54	0.75	0.0	0.0	7.042480832	-0.00549948278541	-0.0182517526979	7.46354210305	-0.263288784525	-0.05213144983	691
54	0.75	0.25	0.0	6.84054810525	-0.480995662258	-0.169418969687	7.27579291875	-0.875502760929	-0.183119922007	692
54	0.75	0.5	0.0	6.37751317716	-0.780493323803	-0.351021611456	6.8481484498	-1.3751109071	-0.341043348535	693
54	0.75	0.75	0.0	5.80386090165	-1.01656464714	-0.493398215262	6.32035329783	-1.79192369062	-0.492775654707	694
54	0.75	1.0	0.0	5.27007613265	-1.30178181198	-0.526887318365	5.83215206447	-2.15575157906	-0.605190765816	695
54	1.0	0.0	0.0	7.030710012	-0.00465	0.00989233	7.46165307048	-0.269473926039	-0.0177965648784	696
54	1.0	0.25	0.0	6.82978474146	-0.45219507903	-0.00360916178219	7.27305982023	-0.863522411161	0.0180524433708	697
54	1.0	0.5	0.0	6.36872549206	-0.733951077311	-0.0927585931964	6.84637593993	-1.36707290405	-0.0220260278947	698
54	1.0	0.75	0.0	5.79939576938	-0.970476302937	-0.175213505012	6.32953389751	-1.80283143718	-0.08762888737	699
54	1.0	1.0	0.0	5.273659079	-1.282329064	-0.168631438	5.87046616088	-2.19350404304	-0.12835304375	700
57	0.0	0.0	0.0	7.030710012	-0.00465	0.00989233	7.46165307048	-0.269473926039	-0.0177965648784	701
57	0.0	0.25	0.0	6.82978474146	-0.45219507903	-0.00360916178219	7.27305982023	-0.863522411161	0.0180524433708	702
57	0.0	0.5	0.0	6.36872549206	-0.733951077311	-0.0927585931964	6.84637593993	-1.36707290405	-0.0220260278947	703
57	0.0	0.75	0.0	5.79939576938	-0.970476302937	-0.175213505012	6.32953389751	-1.80283143718	-0.08762888737	704
57	0.0	1.0	0.0	5.273659079	-1.282329064	-0.168631438	5.87046616088	-2.19350404304	-0.12835304375	705
57	0.25	0.0	0.0	7.02893310169	8.80593122159e-05	0.032531019987	7.45648197707	-0.26338960298	0.00743369576835	706
57	0.25	0.25	0.0	6.83319912859	-0.417239330275	0.135451440302	7.27410604429	-0.830052173161	0.182229657132	707
57	0.25	0.5	0.0	6.38143088821	-0.67393032793	0.149172354976	6.86067178236	-1.29953317429	0.275330760666	708
57	0.25	0.75	0.0	5.81694758246	-0.890256224054	0.150387244634	6.35688817942	-1.70388670435	0.332345522019	709
57	0.25	1.0	0.0	5.28306841321	-1.18648830905	0.2157895899	5.90346422357	-2.07516686134	0.398882456838	710
57	0.5	0.0	0.0	7.025023899	0.00958769092852	0.0534696893479	7.44510557155	-0.250928191121	0.0340738205809	711
57	0.5	0.25	0.0	6.83365084285	-0.359312865776	0.271913906965	7.27225835029	-0.758948147767	0.342573821386	712
57	0.5	0.5	0.0	6.39117724538	-0.573474989247	0.40323290616	6.87780692082	-1.16066979699	0.597592044156	713
57	0.5	0.75	0.0	5.83596865677	-0.736783913494	0.510687143226	6.38878382837	-1.49132669185	0.813185531146	714
57	0.5	1.0	0.0	5.30639062721	-0.953124872523	0.657537074456	5.93222161817	-1.78615238542	1.00341132461	715
57	0.75	0.0	0.0	7.02111469631	0.0233599270806	0.071881546535	7.43372916604	-0.234194174726	0.0581871332195	716
57	0.75	0.25	0.0	6.8317083378	-0.277111166556	0.39596901278	7.26581037426	-0.652891516985	0.485800078949	717
57	0.75	0.5	0.0	6.39454884679	-0.429128896873	0.637703016606	6.88052606529	-0.957693342517	0.889129760762	718
57	0.75	0.75	0.0	5.84740443599	-0.520638571042	0.843611318959	6.39676317469	-1.18938170459	1.24776824102	719
57	0.75	1.0	0.0	5.32804331811	-0.639585496234	1.06022168078	5.93340863799	-1.38873865647	1.54130758209	720
57	1.0	0.0	0.0	7.019337786	0.0409158	0.0869398	7.42855807263	-0.21529203806	0.0758369573443	721
57	1.0	0.25	0.0	6.82794006699	-0.16932971364	0.497807532319	7.25305575221	-0.514563462822	0.598623572633	722
57	1.0	0.5	0.0	6.38812997569	-0.237435886414	0.820862642563	6.8515739258	-0.697814381269	1.09431584867	723
57	1.0	0.75	0.0	5.8422003638	-0.252399396481	1.08708490002	6.35236854873	-0.822282047516	1.52897075266	724
57	1.0	1.0	0.0	5.332444083	-0.303216922	1.327454074	5.88369557635	-0.945203715681	1.86864525179	725
58	0.0	0.0	0.0	7.019337786	0.0409158	0.0869398	7.42855807263	-0.21529203806	0.0758369573443	726
58	0.0	0.25	0.0	6.82794006699	-0.16932971364	0.497807532319	7.25305575221	-0.514563462822	0.598623572633	727
58	0.0	0.5	0.0	6.38812997569	-0.237435886414	0.820862642563	6.8515739258	-0.697814381269	1.09431584867	728
58	0.0	0.75	0.0	5.8422003638	-0.252399396481	1.08708490002	6.35236854873	-0.822282047516	1.52897075266	729
58	0.0	1.0	0.0	5.332444083	-0.303216922	1.327454074	5.88369557635	-0.945203715681	1.86864525179	730
58	0.25	0.0	0.0	7.02729707241	0.0617513036649	0.0988819265084	7.42076126407	-0.190568760632	0.087099620957	731
58	0.25	0.25	0.0	6.83355729132	-0.0229931714772	0.591724369255	7.2301352423	-0.332861386901	0.691853203243	732
58	0.25	0.5	0.0	6.38942287354	0.0487593859133	0.971984276662	6.79549855912	-0.333653087599	1.22589580645	733
58	0.25	0.75	0.0	5.83812308119	0.161427697436	1.26674757515	6.26031516157	-0.292139414186	1.67127124111	734
58	0.25	1.0	0.0	5.32288717636	0.199430484692	1.50310019116	5.76804899673	-0.307515918125	2.01002331773	735
58	0.5	0.0	0.0	7.0448075025	0.0816529565523	0.105123893435	7.40360828524	-0.162114005467	0.091846769513	736
58	0.5	0.25	0.0	6.85592735023	0.130158957749	0.65940808772	7.20798256261	-0.148604667219	0.746681889552	737
58	0.5	0.5	0.0	6.42091803208	0.362663344122	1.06325103123	6.75891938498	0.0462166509647	1.27235801334	738
58	0.5	0.75	0.0	5.86928987821	0.637871243069	1.36097486219	6.19520335986	0.282626001064	1.6849112692	739
58	0.5	1.0	0.0	5.33055321879	0.814487781988	1.59690171884	5.65561909478	0.42089943506	2.00037778543	740
58	0.75	0.0	0.0	7.06231793259	0.102492431164	0.105992363644	7.38645530641	-0.132721428578	0.0912204213516	741
58	0.75	0.25	0.0	6.88679735659	0.287700780804	0.687303587076	7.19574210165	0.0392044645684	0.751483338174	742
58	0.75	0.5	0.0	6.47811913431	0.669767188686	1.08119039456	6.75280223312	0.407772551896	1.22547123723	743
58	0.75	0.75	0.0	5.93975567297	1.09651865284	1.35522053513	6.17808246813	0.816451343716	1.56742915015	744
58	0.75	1.0	0.0	5.37517937983	1.41578217129	1.57696175786	5.592029574	1.10870935034	1.83160210858	745
58	1.0	0.0	0.0	7.070277219	0.1261414	0.101814	7.37865849785	-0.105184685979	0.0863625948122	746
58	1.0	0.25	0.0	6.91791442329	0.447206404453	0.661855766684	7.20255824791	0.231563776802	0.694631255721	747
58	1.0	0.5	0.0	6.55652986322	0.935562120077	1.01232985493	6.78811293328	0.71699233267	1.07700424599	748
58	1.0	0.75	0.0	6.05357538354	1.45695733916	1.23493836795	6.23000181094	1.22377375925	1.31636319718	749
58	1.0	1.0	0.0	5.476502829	1.877140854	1.411383409	5.62290413786	1.62458083417	1.49558974086	750
61	0.0	0.0	0.0	7.070277219	0.1261414	0.101814	7.37865849785	-0.105184685979	0.0863625948122	751
61	0.0	0.25	0.0	6.91791442329	0.447206404453	0.661855766684	7.20255824791	0.231563776802	0.694631255721	752
61	0.0	0.5	0.0	6.55652986322	0.935562120077	1.01232985493	6.78811293328	0.71699233267	1.07700424599	753
61	0.0	0.75	0.0	6.05357538354	1.45695733916	1.23493836795	6.23000181094	1.22377375925	1.31636319718	754
61	0.0	1.0	0.0	5.476502829	1.877140854	1.411383409	5.62290413786	1.62458083417	1.49558974086	755
61	0.25	0.0	0.0	7.07336753916	0.139881716605	0.0974093215929	7.37547399157	-0.0883468317248	0.0817701543346	756
61	0.25	0.25	0.0	6.92662456502	0.52357007207	0.625471836985	7.20309568109	0.325334865963	0.6414963417	757
61	0.25	0.5	0.0	6.57686145229	1.03136478175	0.947128130224	6.79631164054	0.830486700851	0.978720444271	758
61	0.25	0.75	0.0	6.08392482116	1.55032408575	1.14340720944	6.24479611186	1.33090929958	1.17777080699	759
61	0.25	1.0	0.0	5.50766129182	1.9675062242	1.29533808278	5.63822333699	1.73040328878	1.32297577481	760
61	0.5	0.0	0.0	7.0801662435	0.152204710045	0.0915246127972	7.36846807774	-0.0692092554564	0.0754723689838	761
61	0.5	0.25	0.0	6.93501450514	0.591623606156	0.571224973627	7.19686928896	0.407908572468	0.566395949639	762
61	0.5	0.5	0.0	6.58820596494	1.12012825981	0.848376747909	6.79137378414	0.93510092716	0.840388512283	763
61	0.5	0.75	0.0	6.09795640001	1.63450662582	1.00517354602	6.24117862033	1.432070618	0.984544469857	764
61	0.5	1.0	0.0	5.52248158746	2.03154665898	1.12380897835	5.63548085459	1.81852045438	1.0859582353	765
61	0.75	0.0	0.0	7.08696494784	0.163542823463	0.0839132226029	7.36146216391	-0.0510565592108	0.0674479022344	766
61	0.75	0.25	0.0	6.9407142529	0.649027295661	0.507547667538	7.18859237456	0.47881459925	0.48136616151	767
61	0.75	0.5	0.0	6.5907513591	1.18937795271	0.740332913545	6.77988748781	1.02018249862	0.693467457105	768
61	0.75	0.75	0.0	6.09699082643	1.69018255246	0.861185240427	6.22693499908	1.50736479447	0.786966408675	769
61	0.75	1.0	0.0	5.51934721487	2.05702885277	0.94902092799	5.62132240379	1.87467914234	0.845077635878	770
61	1.0	0.0	0.0	7.090055268	0.1743285	0.0743285	7.35827765763	-0.0371733450248	0.057675417561	771
61	1.0	0.25	0.0	6.94135381755	0.693441429538	0.442872409649	7.18297824092	0.537582649244	0.398443059285	772
61	1.0	0.5	0.0	6.58468559274	1.22663925887	0.647253832693	6.76844087527	1.07507890227	0.569416285816	773
61	1.0	0.75	0.0	6.08234880681	1.69802945877	0.75239015539	6.20985091082	1.5368989089	0.635318846351	774
61	1.0	1.0	0.0	5.496641673	2.0317195	0.823198764	5.60239369772	1.88462616401	0.660874490088	775
62	0.0	0.0	0.0	7.090055268	0.1743285	0.0743285	7.35827765763	-0.0371733450248	0.057675417561	776
62	0.0	0.25	0.0	6.94135381755	0.693441429538	0.442872409649	7.18297824092	0.537582649244	0.398443059285	777
62	0.0	0.5	0.0	6.58468559274	1.22663925887	0.647253832693	6.76844087527	1.07507890227	0.569416285816	778
62	0.0	0.75	0.0	6.08234880681	1.69802945877	0.75239015539	6.20985091082	1.5368989089	0.635318846351	779
62	0.0	1.0	0.0	5.496641673	2.0317195	0.823198764	5.60239369772	1.88462616401	0.660874490088	780
62	0.25	0.0	0.0	7.09585186972	0.186568358069	0.0604969680966	7.36076183078	-0.0194083797139	0.0361742290914	781
62	0.25	0.25	0.0	6.93888480176	0.718372764498	0.355335626462	7.17902737787	0.579885217517	0.293233899844	782
62	0.25	0.5	0.0	6.56328278599	1.20496638377	0.529741967437	6.74987234649	1.08280477527	0.4145527683	783
62	0.25	0.75	0.0	6.04273711172	1.60960645121	0.631079261216	6.17811173481	1.48895574049	0.451295188586	784
62	0.25	1.0	0.0	5.45093906831	1.89555020213	0.706710777992	5.56856054105	1.79794356011	0.454625514825	785
62	0.5	0.0	0.0	7.1086043935	0.195183298149	0.0466297049584	7.36622701171	0.00136179629932	0.00543372150765	786
62	0.5	0.25	0.0	6.93802546759	0.708584557018	0.26299503182	7.1751611305	0.582222842352	0.187784646606	787
62	0.5	0.5	0.0	6.53404920204	1.12645626068	0.397604875455	6.72558306144	1.03627303772	0.244360736613	788
62	0.5	0.75	0.0	5.992750691	1.45107261922	0.492906988828	6.13735649229	1.38038270846	0.239527058683	789
62	0.5	1.0	0.0	5.41020502865	1.68470784273	0.591349124905	5.5303451108	1.63142218066	0.237648679969	790
62	0.75	0.0	0.0	7.12135691728	0.200860714154	0.031323364341	7.37169219264	0.0191944482382	-0.0267458635553	791
62	0.75	0.25	0.0	6.93689711513	0.685019564506	0.16729887806	7.17152375526	0.567923636614	0.0799323109446	792
62	0.75	0.5	0.0	6.50466516064	1.03411739707	0.259093378392	6.70259156823	0.9732555841	0.0746207933034	793
62	0.75	0.75	0.0	5.944370292	1.28088462144	0.345219231455	6.10024337947	1.25867375681	0.0313182743649	794
62	0.75	1.0	0.0	5.37572174741	1.45805164722	0.464188803366	5.49982693689	1.44766162084	0.024023444973	795
62	1.0	0.0	0.0	7.127153519	0.204288	0.0131746	7.37417636579	0.028146841326	-0.0525642844625	796
62	1.0	0.25	0.0	6.93362104449	0.668620544374	0.0696954175181	7.16825950861	0.560315713165	-0.0324860957685	797
62	1.0	0.5	0.0	6.48281098154	0.970958300439	0.122458297894	6.68791641493	0.931524308919	-0.0788864590806	798
62	1.0	0.75	0.0	5.90957666207	1.15749911653	0.195361882323	6.07943059254	1.17132282951	-0.142027346645	799
62	1.0	1.0	0.0	5.348771418	1.274440841	0.312304812	5.48908554926	1.30926147585	-0.172170730707	800
