Elem	xi[0]	xi[1]	xi[2]	Y[0]	Y[1]	Y[2]	y[0]	y[1]	y[2]	Index
1	0.0	0.0	0.0	1.031429191	1.559569583	0.229657102	1.07160440733	2.26318307699	-0.453485718005	1
1	0.0	0.25	0.0	0.513544660543	1.49487959547	0.163789425391	0.51208355067	2.17053418524	-0.423745707189	2
1	0.0	0.5	0.0	-0.0106634707701	1.32553616678	0.123264158547	-0.0384680886457	2.0161233571	-0.392875263123	3
1	0.0	0.75	0.0	-0.557000068948	1.12846265121	0.0957299369303	-0.587202081807	1.84800148955	-0.347407721109	4
1	0.0	1.0	0.0	-1.14127	0.980582403	0.068835396	-1.14127	1.71421947956	-0.273876416448	5
1	0.25	0.0	0.0	1.03131202337	1.35217269537	0.0227637106914	1.08195968799	2.09096992753	-0.793179786608	6
1	0.25	0.25	0.0	0.515487079605	1.29516553872	-0.05157199569	0.522349657019	1.9969687417	-0.770132857178	7
1	0.25	0.5	0.0	-0.0147382296051	1.14479481022	-0.118570341775	-0.033255365203	1.85565938229	-0.754651768254	8
1	0.25	0.75	0.0	-0.56631485153	0.977823129522	-0.172484950547	-0.588291216185	1.71087047668	-0.722957422207	9
1	0.25	1.0	0.0	-1.14619373344	0.871013116262	-0.207569444989	-1.14619373344	1.60643065225	-0.651270721409	10
1	0.5	0.0	0.0	1.04848884842	1.0910788383	-0.217210544239	1.09240784744	1.85757534054	-1.17667342633	11
1	0.5	0.25	0.0	0.532862372043	1.03543173794	-0.311933984562	0.543464225363	1.75796988342	-1.17271749889	12
1	0.5	0.5	0.0	-0.0105613151595	0.91091927974	-0.41315546731	-0.0227381452627	1.62938253648	-1.17378111604	13
1	0.5	0.75	0.0	-0.57588768955	0.774497617942	-0.493350260409	-0.59377503827	1.50478235009	-1.15139748313	14
1	0.5	1.0	0.0	-1.15722222749	0.683122906792	-0.524993631784	-1.15722222749	1.41713837461	-1.07709980554	15
1	0.75	0.0	0.0	1.07382045127	0.812050392071	-0.464158053799	1.09748627267	1.58603764888	-1.53741142415	16
1	0.75	0.25	0.0	0.555037842217	0.756177221416	-0.579658156488	0.554113269874	1.47302195251	-1.54828012893	17
1	0.75	0.5	0.0	-0.00703339332281	0.663652537385	-0.704903340827	-0.0269990825049	1.35623230301	-1.55147015016	18
1	0.75	0.75	0.0	-0.589868971335	0.557413129536	-0.799126528437	-0.612976477414	1.25003607791	-1.52615226402	19
1	0.75	1.0	0.0	-1.1709446078	0.460395787426	-0.821560640937	-1.1709446078	1.16880065475	-1.45149724668	20
1	1.0	0.0	0.0	1.098167617	0.550849737	-0.691971209	1.09173235067	1.29939518536	-1.80883856706	21
1	1.0	0.25	0.0	0.571380794487	0.497901017414	-0.817106126734	0.532982804724	1.16160929108	-1.81360124388	22
1	1.0	0.5	0.0	-0.0130551299847	0.442737545194	-0.938226085099	-0.0661208306095	1.05514816524	-1.78892571429	23
1	1.0	0.75	0.0	-0.612409085214	0.365496677377	-1.02207429041	-0.655218462971	0.966930628295	-1.74064612499	24
1	1.0	1.0	0.0	-1.18395	0.246315771	-1.035393949	-1.18395	0.883875500725	-1.67459662268	25
2	0.0	0.0	0.0	1.098167617	0.550849737	-0.691971209	1.09173235067	1.29939518536	-1.80883856706	26
2	0.0	0.25	0.0	0.571380794487	0.497901017414	-0.817106126734	0.532982804724	1.16160929108	-1.81360124388	27
2	0.0	0.5	0.0	-0.0130551299847	0.442737545194	-0.938226085099	-0.0661208306095	1.05514816524	-1.78892571429	28
2	0.0	0.75	0.0	-0.612409085214	0.365496677377	-1.02207429041	-0.655218462971	0.966930628295	-1.74064612499	29
2	0.0	1.0	0.0	-1.18395	0.246315771	-1.035393949	-1.18395	0.883875500725	-1.67459662268	30
2	0.25	0.0	0.0	1.11487202746	0.384223969646	-0.915577114301	1.08908421253	1.08015840537	-2.00558786927	31
2	0.25	0.25	0.0	0.583596593232	0.32428448222	-1.02688196192	0.523546971582	0.915629675032	-1.98994250537	32
2	0.25	0.5	0.0	-0.0109347394382	0.277280355136	-1.12202095926	-0.08137437118	0.804768567459	-1.93609201093	33
2	0.25	0.75	0.0	-0.620521130415	0.206898993251	-1.17364574239	-0.672577910109	0.72656671514	-1.85886815674	34
2	0.25	1.0	0.0	-1.19696173956	0.0768278014246	-1.1544079474	-1.19696173956	0.660015750569	-1.77310271363	35
2	0.5	0.0	0.0	1.12872472364	0.275647516411	-1.1969196002	1.10191891318	0.902697006209	-2.22889923822	36
2	0.5	0.25	0.0	0.598013791091	0.189361797718	-1.28358273691	0.549462494917	0.704997051613	-2.19685572375	37
2	0.5	0.5	0.0	0.00380406887482	0.104258020498	-1.35325189283	-0.0547599436582	0.551838706557	-2.13333651785	38
2	0.5	0.75	0.0	-0.614253742818	0.00152307828915	-1.36762296259	-0.660249918057	0.452022274212	-2.0351756078	39
2	0.5	1.0	0.0	-1.21650894379	-0.137656135371	-1.28839184081	-1.21650894379	0.414348057754	-1.89920698088	40
2	0.75	0.0	0.0	1.13917713075	0.19012326897	-1.49398073626	1.12779092101	0.746024066551	-2.4577370393	41
2	0.75	0.25	0.0	0.611869142442	0.0749945997066	-1.55915066117	0.585937155059	0.519755174905	-2.4190561495	42
2	0.75	0.5	0.0	0.0219991793397	-0.0611971929131	-1.59331387547	-0.0193861703291	0.317675734208	-2.34558893624	43
2	0.75	0.75	0.0	-0.603297134777	-0.208072522017	-1.55758996736	-0.642289724332	0.18859101424	-2.22179086818	44
2	0.75	1.0	0.0	-1.23688417613	-0.355251800731	-1.41309852507	-1.23688417613	0.181306284778	-2.03211741398	45
2	1.0	0.0	0.0	1.145680674	0.092654119	-1.764742592	1.16425470442	0.589152665067	-2.67106563787	46
2	1.0	0.25	0.0	0.622399401658	-0.0369554760177	-1.82552794416	0.60817873234	0.349947798988	-2.64125903308	47
2	1.0	0.5	0.0	0.0344884763418	-0.203953019294	-1.80360189681	-0.00836167347774	0.123596802092	-2.53777896729	48
2	1.0	0.75	0.0	-0.597341518645	-0.379329262173	-1.69713077306	-0.642752566451	-0.0184333560474	-2.37093632793	49
2	1.0	1.0	0.0	-1.25238	-0.534074956	-1.504280896	-1.25238	-0.00467570585786	-2.15104200244	50
5	0.0	0.0	0.0	1.145680674	0.092654119	-1.764742592	1.16425470442	0.589152665067	-2.67106563787	51
5	0.0	0.25	0.0	0.622399401658	-0.0369554760177	-1.82552794416	0.60817873234	0.349947798988	-2.64125903308	52
5	0.0	0.5	0.0	0.0344884763418	-0.203953019294	-1.80360189681	-0.00836167347774	0.123596802092	-2.53777896729	53
5	0.0	0.75	0.0	-0.597341518645	-0.379329262173	-1.69713077306	-0.642752566451	-0.0184333560474	-2.37093632793	54
5	0.0	1.0	0.0	-1.25238	-0.534074956	-1.504280896	-1.25238	-0.00467570585786	-2.15104200244	55
5	0.25	0.0	0.0	1.13513590273	-0.428411808282	-2.25545974533	1.2220318992	-0.0813047139121	-3.04148931615	56
5	0.25	0.25	0.0	0.611825245531	-0.562071200636	-2.30734223884	0.60703344204	-0.319940300851	-3.02132625399	57
5	0.25	0.5	0.0	0.0242364241202	-0.718666107391	-2.13872803722	-0.0393814963617	-0.516670607389	-2.81945449723	58
5	0.25	0.75	0.0	-0.613599270763	-0.875675184159	-1.86504754887	-0.682510348877	-0.612328647632	-2.54958349277	59
5	0.25	1.0	0.0	-1.28765054838	-1.01057708656	-1.60173118216	-1.28765054838	-0.547747435689	-2.32542268749	60
5	0.5	0.0	0.0	1.09846873523	-1.22609465794	-2.46051122397	1.21706492031	-1.0302550072	-3.12167743637	61
5	0.5	0.25	0.0	0.564269188507	-1.36257149936	-2.4636297946	0.586367203295	-1.26539768042	-3.06151885995	62
5	0.5	0.5	0.0	-0.0197699754579	-1.4732192253	-2.22168925487	-0.0642507918509	-1.40879977121	-2.81609766492	63
5	0.5	0.75	0.0	-0.652217662631	-1.56095575017	-1.87847684147	-0.711387855739	-1.43276501065	-2.52962727192	64
5	0.5	1.0	0.0	-1.33164277898	-1.6286989884	-1.57777979106	-1.33164277898	-1.30959712983	-2.34632110163	65
5	0.75	0.0	0.0	1.06243137787	-2.06057159039	-2.40183556588	1.20504794959	-1.95811963192	-2.93209705522	66
5	0.75	0.25	0.0	0.51805399469	-2.18146550257	-2.34721156261	0.577466442802	-2.1753049331	-2.81759122046	67
5	0.75	0.5	0.0	-0.0664796046416	-2.22765673989	-2.09020898817	-0.068211726344	-2.26386465823	-2.57345137985	68
5	0.75	0.75	0.0	-0.695001462207	-2.22793500706	-1.74658475116	-0.721357949943	-2.22707246686	-2.32831589353	69
5	0.75	1.0	0.0	-1.37134362009	-2.21109000879	-1.43209576017	-1.37134362009	-2.06820201853	-2.21082312162	70
5	1.0	0.0	0.0	1.053776037	-2.692019766	-2.101371309	1.2416751689	-2.5653200052	-2.49321522939	71
5	1.0	0.25	0.0	0.511502428181	-2.76176234066	-2.01090849403	0.611617587257	-2.73854265229	-2.34529770497	72
5	1.0	0.5	0.0	-0.0848413456798	-2.74202301805	-1.78201067553	-0.0365064662398	-2.79293923733	-2.13725855152	73
5	1.0	0.75	0.0	-0.723755437451	-2.66937700167	-1.47853737826	-0.704393494392	-2.74258103802	-1.96289758572	74
5	1.0	1.0	0.0	-1.39374	-2.580399495	-1.164348127	-1.39374	-2.60153933206	-1.91601462424	75
6	0.0	0.0	0.0	1.053776037	-2.692019766	-2.101371309	1.2416751689	-2.5653200052	-2.49321522939	76
6	0.0	0.25	0.0	0.511502428181	-2.76176234066	-2.01090849403	0.611617587257	-2.73854265229	-2.34529770497	77
6	0.0	0.5	0.0	-0.0848413456798	-2.74202301805	-1.78201067553	-0.0365064662398	-2.79293923733	-2.13725855152	78
6	0.0	0.75	0.0	-0.723755437451	-2.66937700167	-1.47853737826	-0.704393494392	-2.74258103802	-1.96289758572	79
6	0.0	1.0	0.0	-1.39374	-2.580399495	-1.164348127	-1.39374	-2.60153933206	-1.91601462424	80
6	0.25	0.0	0.0	1.08058422479	-3.12062138926	-1.65440822362	1.2900189444	-2.96875280654	-1.93041500607	81
6	0.25	0.25	0.0	0.535012587134	-3.11684100315	-1.5593501819	0.646694695685	-3.06444590478	-1.79849759614	82
6	0.25	0.5	0.0	-0.0698948564318	-3.01926929625	-1.37135403958	-0.0119295463724	-3.0531532601	-1.65354621808	83
6	0.25	0.75	0.0	-0.720802265158	-2.87078326217	-1.12440319427	-0.693177728716	-2.9690069559	-1.5487461949	84
6	0.25	1.0	0.0	-1.40437379829	-2.71425989448	-0.852481043627	-1.40437379829	-2.84613907557	-1.53728284961	85
6	0.5	0.0	0.0	1.1248138792	-3.56716785647	-1.07646887528	1.3105027805	-3.47449935323	-1.24451379291	86
6	0.5	0.25	0.0	0.555848034163	-3.49161338147	-0.983572591897	0.649796427982	-3.47620079916	-1.15272734588	87
6	0.5	0.5	0.0	-0.0516089641996	-3.30768176226	-0.826419275237	-0.0192539516478	-3.36389207199	-1.0772374772	88
6	0.5	0.75	0.0	-0.706776651094	-3.0682016642	-0.635810275545	-0.705770300761	-3.2072712439	-1.02945475403	89
6	0.5	1.0	0.0	-1.41887456173	-2.82600175268	-0.442546943062	-1.41887456173	-3.07603638705	-1.02078974349	90
6	0.75	0.0	0.0	1.16740631327	-3.90907368719	-0.466448137552	1.3170907967	-3.90198299242	-0.533480712524	91
6	0.75	0.25	0.0	0.568055166203	-3.78140253071	-0.386925437878	0.63105992284	-3.83146683865	-0.49247590548	92
6	0.75	0.5	0.0	-0.0464868646291	-3.53471646633	-0.265207461939	-0.0518319166273	-3.64729262779	-0.496305229291	93
6	0.75	0.75	0.0	-0.703738395904	-3.22682331927	-0.132767737786	-0.737339609681	-3.43380530498	-0.509046523121	94
6	0.75	1.0	0.0	-1.4312180443	-2.91553091479	-0.0210797934658	-1.4312180443	-3.27534981538	-0.494777626137	95
6	1.0	0.0	0.0	1.18930284	-4.023753401	0.076759116	1.32374711252	-4.07062707128	0.104715112489	96
6	1.0	0.25	0.0	0.565680380187	-3.88153150596	0.127241566289	0.60062231895	-3.98790352648	0.0977677737742	97
6	1.0	0.5	0.0	-0.0710317533667	-3.62782945874	0.194280320889	-0.103015675872	-3.82549188226	0.00127762526212	98
6	1.0	0.75	0.0	-0.733747300238	-3.31183933889	0.264715303294	-0.783054054628	-3.62504054208	-0.0915447622065	99
6	1.0	1.0	0.0	-1.43538	-2.982753226	0.325386437	-1.43538	-3.42819790941	-0.0874888177907	100
9	0.0	0.0	0.0	1.18930284	-4.023753401	0.076759116	1.32374711252	-4.07062707128	0.104715112489	101
9	0.0	0.25	0.0	0.565680380187	-3.88153150596	0.127241566289	0.60062231895	-3.98790352648	0.0977677737742	102
9	0.0	0.5	0.0	-0.0710317533667	-3.62782945874	0.194280320889	-0.103015675872	-3.82549188226	0.00127762526212	103
9	0.0	0.75	0.0	-0.733747300238	-3.31183933889	0.264715303294	-0.783054054628	-3.62504054208	-0.0915447622065	104
9	0.0	1.0	0.0	-1.43538	-2.982753226	0.325386437	-1.43538	-3.42819790941	-0.0874888177907	105
9	0.25	0.0	0.0	1.18546683913	-3.68663061769	0.735312247311	1.35447437231	-3.83965459427	0.887076472104	106
9	0.25	0.25	0.0	0.569202035255	-3.57100473461	0.741866492677	0.619821001416	-3.78840444392	0.836449888851	107
9	0.25	0.5	0.0	-0.0825468891014	-3.4006519147	0.780398206691	-0.0922337876569	-3.74059322463	0.704637021433	108
9	0.25	0.75	0.0	-0.742711633968	-3.18602485926	0.836022138555	-0.765609064666	-3.65471149362	0.580271781701	109
9	0.25	1.0	0.0	-1.38422389937	-2.93757626959	0.893853037472	-1.38422389937	-3.4892498081	0.551988081508	110
9	0.5	0.0	0.0	1.16941879981	-2.97941219804	1.38676609964	1.39811135736	-3.32566076753	1.64406392806	111
9	0.5	0.25	0.0	0.604184977459	-2.91120455886	1.36126531686	0.721002381761	-3.28824345498	1.56899793259	112
9	0.5	0.5	0.0	-0.0117003586773	-2.85918232484	1.41714325822	0.0413155738028	-3.3091570619	1.49768157046	113
9	0.5	0.75	0.0	-0.647474583412	-2.79227718457	1.50115694196	-0.627594949606	-3.33605622605	1.42563417804	114
9	0.5	1.0	0.0	-1.27237507155	-2.67942082661	1.56006338635	-1.27237507155	-3.31659558522	1.34837509167	115
9	0.75	0.0	0.0	1.15627955133	-2.19034815463	2.05752881215	1.42972869494	-2.70852569405	2.39278387771	116
9	0.75	0.25	0.0	0.646024408378	-2.1898196019	2.02675753999	0.821122709355	-2.70261666223	2.32200289996	117
9	0.75	0.5	0.0	0.0781142404688	-2.23798360242	2.06847283964	0.178213980933	-2.76605447272	2.2939368253	118
9	0.75	0.75	0.0	-0.527994086831	-2.28895739771	2.12219677771	-0.484580491208	-2.86886935255	2.24276925531	119
9	0.75	1.0	0.0	-1.15284370796	-2.29685822932	2.12745142081	-1.15284370796	-2.98109152872	2.10268379157	120
9	1.0	0.0	0.0	1.161169923	-1.6076885	2.774008524	1.42439701236	-2.16812947681	3.15034271837	121
9	1.0	0.25	0.0	0.670115529587	-1.69453848693	2.7796626632	0.837138233564	-2.24672016821	3.12205578595	122
9	1.0	0.5	0.0	0.1235033109	-1.77161866068	2.69834431515	0.199043006162	-2.34615653577	3.0069283389	123
9	1.0	0.75	0.0	-0.464228082487	-1.83442658159	2.56121871003	-0.452134471231	-2.4529454863	2.82990384201	124
9	1.0	1.0	0.0	-1.07864	-1.87845981	2.399451078	-1.07864	-2.5535939266	2.61592576009	125
10	0.0	0.0	0.0	1.161169923	-1.6076885	2.774008524	1.42439701236	-2.16812947681	3.15034271837	126
10	0.0	0.25	0.0	0.670115529587	-1.69453848693	2.7796626632	0.837138233564	-2.24672016821	3.12205578595	127
10	0.0	0.5	0.0	0.1235033109	-1.77161866068	2.69834431515	0.199043006162	-2.34615653577	3.0069283389	128
10	0.0	0.75	0.0	-0.464228082487	-1.83442658159	2.56121871003	-0.452134471231	-2.4529454863	2.82990384201	129
10	0.0	1.0	0.0	-1.07864	-1.87845981	2.399451078	-1.07864	-2.5535939266	2.61592576009	130
10	0.25	0.0	0.0	1.16710186801	-1.09889617356	3.09699097301	1.36172992559	-1.51691635433	3.53244270236	131
10	0.25	0.25	0.0	0.669694154185	-1.24378679454	3.11577780184	0.772867029391	-1.67246562573	3.51420211588	132
10	0.25	0.5	0.0	0.123813334526	-1.32123659893	2.94651728332	0.136581702545	-1.81030509564	3.32223227974	133
10	0.25	0.75	0.0	-0.457661424027	-1.36394481243	2.68385599463	-0.49302473281	-1.91805861762	3.05908668805	134
10	0.25	1.0	0.0	-1.06185095454	-1.40461066077	2.42244051296	-1.06185095454	-1.98335004527	2.82731883489	135
10	0.5	0.0	0.0	1.15482918403	-0.342681669566	2.94121182693	1.26289436828	-0.510803962708	3.45878145033	136
10	0.5	0.25	0.0	0.654536598028	-0.511375904421	2.92833587786	0.691310089439	-0.702217004538	3.4044468783	137
10	0.5	0.5	0.0	0.115034863351	-0.628771098657	2.79402632572	0.083013256159	-0.889147220898	3.25833116233	138
10	0.5	0.75	0.0	-0.459798727101	-0.716117078406	2.59376906614	-0.517588333237	-1.0572043833	3.069537161	139
10	0.5	1.0	0.0	-1.06608688042	-0.794663669801	2.38304999473	-1.06608688042	-1.19199826326	2.88716773288	140
10	0.75	0.0	0.0	1.12850298877	0.502397106461	2.56457814512	1.17814461834	0.578190579496	3.09521221023	141
10	0.75	0.25	0.0	0.621948372569	0.32214088556	2.53327878464	0.618064174671	0.368177022421	3.0303959503	142
10	0.75	0.5	0.0	0.0878789847796	0.140949587433	2.48159039638	0.0346964757031	0.12590098287	2.98022749077	143
10	0.75	0.75	0.0	-0.47869086473	-0.0298686018392	2.39920633518	-0.542170023055	-0.123895303337	2.91527674006	144
10	0.75	1.0	0.0	-1.08274686609	-0.17900549618	2.27581995589	-1.08274686609	-0.356469600378	2.80611360656	145
10	1.0	0.0	0.0	1.0922744	1.277782249	2.224996987	1.15773495372	1.47805015372	2.60758822999	146
10	1.0	0.25	0.0	0.569234989264	1.07621027754	2.24654841555	0.578726046048	1.2428677822	2.62965520894	147
10	1.0	0.5	0.0	0.0330567862185	0.823097206649	2.24992844931	-0.0120098301231	0.943423410093	2.65292376918	148
10	1.0	0.75	0.0	-0.522388709936	0.55587539493	2.20841621242	-0.583114552803	0.628356102259	2.65032690443	149
10	1.0	1.0	0.0	-1.10323	0.311977201	2.095290829	-1.10323	0.34630492356	2.59479760844	150
13	0.0	0.0	0.0	1.0922744	1.277782249	2.224996987	1.15773495372	1.47805015372	2.60758822999	151
13	0.0	0.25	0.0	0.569234989264	1.07621027754	2.24654841555	0.578726046048	1.2428677822	2.62965520894	152
13	0.0	0.5	0.0	0.0330567862185	0.823097206649	2.24992844931	-0.0120098301231	0.943423410093	2.65292376918	153
13	0.0	0.75	0.0	-0.522388709936	0.55587539493	2.20841621242	-0.583114552803	0.628356102259	2.65032690443	154
13	0.0	1.0	0.0	-1.10323	0.311977201	2.095290829	-1.10323	0.34630492356	2.59479760844	155
13	0.25	0.0	0.0	1.07781196539	1.53355048951	2.08620465629	1.16025914558	1.75346232259	2.36007498938	156
13	0.25	0.25	0.0	0.546862595678	1.31475594838	2.13630288376	0.570482824809	1.50658512008	2.42668208108	157
13	0.25	0.5	0.0	0.00933652540328	1.03802588364	2.15196527628	-0.0273117017292	1.19260027067	2.47348142331	158
13	0.25	0.75	0.0	-0.543297605346	0.738938242764	2.10976200267	-0.601278380127	0.86225972493	2.48569715465	159
13	0.25	1.0	0.0	-1.11957115648	0.453070973193	1.98626323174	-1.11957115648	0.566315433478	2.44855341369	160
13	0.5	0.0	0.0	1.06538779919	1.77236364789	1.87206074253	1.15116055263	2.02922508834	2.01912682308	161
13	0.5	0.25	0.0	0.527391413684	1.5352016766	1.9343469937	0.557293958151	1.77716678545	2.11037430687	162
13	0.5	0.5	0.0	-0.0100958612122	1.24587911947	1.96997064985	-0.0409676545214	1.46428037428	2.19203713982	163
13	0.5	0.75	0.0	-0.563055946727	0.926859898201	1.94747007666	-0.617822992797	1.12819964203	2.24142010209	164
13	0.5	1.0	0.0	-1.14747076409	0.600607934527	1.83538363982	-1.14747076409	0.806558375937	2.23582797383	165
13	0.75	0.0	0.0	1.05784060114	1.95500651282	1.62832274875	1.136673839	2.26266256235	1.6454352982	166
13	0.75	0.25	0.0	0.513313408781	1.70675958604	1.69571473361	0.54217244269	2.01186720207	1.75608600411	167
13	0.75	0.5	0.0	-0.0240562411325	1.41583150345	1.75468074846	-0.0537844033758	1.70948136217	1.87896930853	168
13	0.75	0.75	0.0	-0.578804492607	1.09071356418	1.76342326833	-0.632547460415	1.37686369769	1.97697564322	169
13	0.75	1.0	0.0	-1.17546748965	0.739897067347	1.68014476823	-1.17546748965	1.03537286366	2.01299543997	170
13	1.0	0.0	0.0	1.058009071	2.042263873	1.400748178	1.12303366884	2.41109885598	1.2996919819	171
13	1.0	0.25	0.0	0.507120546468	1.7986418005	1.47544009168	0.528131275041	2.16794079374	1.43917129061	172
13	1.0	0.5	0.0	-0.031360481862	1.51705762494	1.55683175052	-0.0665686631688	1.87922087559	1.60465631925	173
13	1.0	0.75	0.0	-0.587684001511	1.20157244365	1.5995044116	-0.645250852584	1.55893973599	1.75184367455	174
13	1.0	1.0	0.0	-1.1921	0.856247354	1.558039332	-1.1921	1.22109800938	1.8364299632	175
14	0.0	0.0	0.0	1.058009071	2.042263873	1.400748178	1.12303366884	2.41109885598	1.2996919819	176
14	0.0	0.25	0.0	0.507120546468	1.7986418005	1.47544009168	0.528131275041	2.16794079374	1.43917129061	177
14	0.0	0.5	0.0	-0.031360481862	1.51705762494	1.55683175052	-0.0665686631688	1.87922087559	1.60465631925	178
14	0.0	0.75	0.0	-0.587684001511	1.20157244365	1.5995044116	-0.645250852584	1.55893973599	1.75184367455	179
14	0.0	1.0	0.0	-1.1921	0.856247354	1.558039332	-1.1921	1.22109800938	1.8364299632	180
14	0.25	0.0	0.0	1.05904420374	2.01317051452	1.12253003867	1.10655229664	2.46884719452	0.883766008666	181
14	0.25	0.25	0.0	0.508875338565	1.81063888485	1.17119402482	0.517081433244	2.266339444	1.01562113632	182
14	0.25	0.5	0.0	-0.0287073553335	1.56709246529	1.22785470764	-0.072936450076	2.02824767608	1.16060795407	183
14	0.25	0.75	0.0	-0.585170850379	1.29319672875	1.26915156473	-0.647843563947	1.76397527207	1.30240020124	184
14	0.25	1.0	0.0	-1.191982119	0.99961714811	1.27172407365	-1.191982119	1.48292561328	1.42467161715	185
14	0.5	0.0	0.0	1.05304254999	1.8950906306	0.787635575047	1.08714440865	2.4511103027	0.389787751341	186
14	0.5	0.25	0.0	0.514148153359	1.75020804167	0.790388485296	0.513222985142	2.29971895468	0.484660452287	187
14	0.5	0.5	0.0	-0.0174290160389	1.54098755143	0.816275012368	-0.0607844259667	2.10264019376	0.59378710048	188
14	0.5	0.75	0.0	-0.570370918271	1.29753007516	0.844834312599	-0.625953400281	1.88068007194	0.711095990939	189
14	0.5	1.0	0.0	-1.17335951341	1.04993652812	0.855605542329	-1.17335951341	1.65464464121	0.830515418681	190
14	0.75	0.0	0.0	1.04287918675	1.72992379539	0.466524643899	1.07282383537	2.37638874278	-0.0875328156808	191
14	0.75	0.25	0.0	0.517513193227	1.63805352665	0.424196082393	0.512806750896	2.26785773275	-0.0347740620345	192
14	0.75	0.5	0.0	-0.00794215688296	1.45503730978	0.416581788174	-0.0444993768277	2.09954867273	0.0330179606828	193
14	0.75	0.75	0.0	-0.556556544642	1.2356071577	0.421908491304	-0.599199770073	1.90878014223	0.115352773529	194
14	0.75	1.0	0.0	-1.15139965111	1.03449508332	0.418402921842	-1.15139965111	1.73287072077	0.211739897561	195
14	1.0	0.0	0.0	1.031429191	1.559569583	0.229657102	1.07160440733	2.26318307699	-0.453485718005	196
14	1.0	0.25	0.0	0.513544660543	1.49487959547	0.163789425391	0.51208355067	2.17053418524	-0.423745707189	197
14	1.0	0.5	0.0	-0.0106634707701	1.32553616678	0.123264158547	-0.0384680886457	2.0161233571	-0.392875263123	198
14	1.0	0.75	0.0	-0.557000068948	1.12846265121	0.0957299369303	-0.587202081807	1.84800148955	-0.347407721109	199
14	1.0	1.0	0.0	-1.14127	0.980582403	0.068835396	-1.14127	1.71421947956	-0.273876416448	200
17	0.0	0.0	0.0	5.348771418	1.274440841	0.312304812	5.56671561599	2.3285955671	-0.302505612398	201
17	0.0	0.25	0.0	4.89041157105	1.35270898378	0.408300534433	5.08058636171	2.40048057555	-0.338905222991	202
17	0.0	0.5	0.0	4.40088597981	1.41800038691	0.46137224081	4.57340663878	2.41356132171	-0.384398769625	203
17	0.0	0.75	0.0	3.91418333341	1.46377358208	0.492304896532	4.0697456515	2.39045270581	-0.432445619039	204
17	0.0	1.0	0.0	3.464292321	1.483487101	0.521883467	3.5941726042	2.3537696281	-0.476505137971	205
17	0.25	0.0	0.0	5.33478212659	1.19501443065	0.16972681941	5.56122191525	2.27397619206	-0.464225072656	206
17	0.25	0.25	0.0	4.87644542575	1.23746995259	0.252734954457	5.0769129752	2.32806414907	-0.526810260014	207
17	0.25	0.5	0.0	4.3907403886	1.2708407344	0.303133087349	4.56991872757	2.32107032702	-0.586774899798	208
17	0.25	0.75	0.0	3.90527327716	1.2871707163	0.338217886164	4.06542456207	2.27405658865	-0.643630697566	209
17	0.25	1.0	0.0	3.44765035348	1.27850383852	0.375286018979	3.5886158684	2.20808479672	-0.696889358873	210
17	0.5	0.0	0.0	5.32622919617	1.14546646686	0.00103162340683	5.55871640618	2.22554033612	-0.656345015591	211
17	0.5	0.25	0.0	4.86017144557	1.14905082437	0.0749737670256	5.06395468994	2.25469553944	-0.736549768306	212
17	0.5	0.5	0.0	4.37400935342	1.13695307799	0.130213120116	4.55036385579	2.21449392966	-0.810335014718	213
17	0.5	0.75	0.0	3.88867639146	1.11344152498	0.170919771859	4.04201039522	2.13703336731	-0.880846383815	214
17	0.5	1.0	0.0	3.42510603142	1.08278446265	0.201263811437	3.5629607997	2.05441171297	-0.951229504583	215
17	0.75	0.0	0.0	5.32435419591	1.10287191939	-0.1672767888	5.56170518091	2.16490967164	-0.853018144285	216
17	0.75	0.25	0.0	4.85035651265	1.07176859052	-0.102577785343	5.05949251838	2.17143637501	-0.945985676224	217
17	0.75	0.5	0.0	4.35905837534	1.01531887112	-0.0431893356309	4.53759028661	2.10177271278	-1.0313325448	218
17	0.75	0.75	0.0	3.87017657407	0.950464599618	0.00220008736619	4.02070072175	1.99540429734	-1.11506345911	219
17	0.75	1.0	0.0	3.40342789891	0.894147614459	0.0249020106776	3.53352605994	1.89181674108	-1.20318312826	220
17	1.0	0.0	0.0	5.330398695	1.044305758	-0.30869443	5.57269433157	2.07370587095	-1.02839716182	221
17	1.0	0.25	0.0	4.85576750915	0.98994024242	-0.257514460132	5.08130747296	2.06934828412	-1.13297991213	222
17	1.0	0.5	0.0	4.35425295543	0.904919567243	-0.202875954633	4.55444628319	1.99084725954	-1.22602092046	223
17	1.0	0.75	0.0	3.85555772275	0.806118531695	-0.156151633568	4.02269311245	1.86519063424	-1.31725270478	224
17	1.0	1.0	0.0	3.3893845	0.710411935	-0.128714217	3.51663031096	1.71936624528	-1.41640778305	225
18	0.0	0.0	0.0	3.464292321	1.483487101	0.521883467	3.5941726042	2.3537696281	-0.476505137971	226
18	0.0	0.25	0.0	2.88630062464	1.4959285415	0.518926524855	2.98762184901	2.32295515849	-0.508577996186	227
18	0.0	0.5	0.0	2.26000923847	1.51721931015	0.443616100352	2.34888714993	2.31021006218	-0.508874077027	228
18	0.0	0.75	0.0	1.62764361106	1.54066459471	0.334382767924	1.70215312878	2.29659811104	-0.487230833349	229
18	0.0	1.0	0.0	1.031429191	1.559569583	0.229657102	1.07160440733	2.26318307699	-0.453485718005	230
18	0.25	0.0	0.0	3.44765035348	1.27850383852	0.375286018979	3.5886158684	2.20808479672	-0.696889358873	231
18	0.25	0.25	0.0	2.86245923884	1.26972754769	0.367287174969	2.98529000136	2.15178397985	-0.755392156708	232
18	0.25	0.5	0.0	2.23792395746	1.29168900377	0.268059039649	2.34890655799	2.13560807878	-0.79629164461	233
18	0.25	0.75	0.0	1.61416729156	1.32547509143	0.134313816922	1.70571372471	2.12639181938	-0.811562596577	234
18	0.25	1.0	0.0	1.03131202337	1.35217269537	0.0227637106914	1.08195968799	2.09096992753	-0.793179786608	235
18	0.5	0.0	0.0	3.42510603142	1.08278446265	0.201263811437	3.5629607997	2.05441171297	-0.951229504583	236
18	0.5	0.25	0.0	2.84100139281	1.06118833996	0.171457192284	2.96385514747	1.98560229614	-1.03906070045	237
18	0.5	0.5	0.0	2.22282747456	1.06701708086	0.0523110453167	2.32656139825	1.94788601843	-1.11668418284	238
18	0.5	0.75	0.0	1.61163853899	1.08280310657	-0.0969773075088	1.68982911168	1.91422349487	-1.16794130654	239
18	0.5	1.0	0.0	1.04848884842	1.0910788383	-0.217210544239	1.09240784744	1.85757534054	-1.17667342633	240
18	0.75	0.0	0.0	3.40342789891	0.894147614459	0.0249020106776	3.53352605994	1.89181674108	-1.20318312826	241
18	0.75	0.25	0.0	2.82721673829	0.855244478301	-0.0266580883184	2.93513789064	1.80350818709	-1.31671122642	242
18	0.75	0.5	0.0	2.21767368599	0.839938619809	-0.164430573429	2.2979932516	1.73911657567	-1.42234920203	243
18	0.75	0.75	0.0	1.61860587824	0.831212953045	-0.329801782606	1.66960506992	1.6746302739	-1.50196121473	244
18	0.75	1.0	0.0	1.07382045127	0.812050392071	-0.464158053799	1.09748627267	1.58603764888	-1.53741142415	245
18	1.0	0.0	0.0	3.3893845	0.710411935	-0.128714217	3.51663031096	1.71936624528	-1.41640778305	246
18	1.0	0.25	0.0	2.82639492706	0.636829522712	-0.185153331954	2.91095883417	1.5845997324	-1.54547133361	247
18	1.0	0.5	0.0	2.22541648798	0.607188699011	-0.342968507373	2.27934369894	1.50137244505	-1.66558421248	248
18	1.0	0.75	0.0	1.63361783416	0.589268943804	-0.534470785605	1.66014737964	1.42214929283	-1.75921657264	249
18	1.0	1.0	0.0	1.098167617	0.550849737	-0.691971209	1.09173235067	1.29939518536	-1.80883856706	250
19	0.0	0.0	0.0	5.330398695	1.044305758	-0.30869443	5.57269433157	2.07370587095	-1.02839716182	251
19	0.0	0.25	0.0	4.85576750915	0.98994024242	-0.257514460132	5.08130747296	2.06934828412	-1.13297991213	252
19	0.0	0.5	0.0	4.35425295543	0.904919567243	-0.202875954633	4.55444628319	1.99084725954	-1.22602092046	253
19	0.0	0.75	0.0	3.85555772275	0.806118531695	-0.156151633568	4.02269311245	1.86519063424	-1.31725270478	254
19	0.0	1.0	0.0	3.3893845	0.710411935	-0.128714217	3.51663031096	1.71936624528	-1.41640778305	255
19	0.25	0.0	0.0	5.33835858203	0.944266948335	-0.400422664613	5.57318987253	1.94330497767	-1.17248661209	256
19	0.25	0.25	0.0	4.8685017452	0.888012535818	-0.375737542781	5.09884333285	1.93743525856	-1.29416978722	257
19	0.25	0.5	0.0	4.36324129546	0.79078572396	-0.346955823725	4.57574021214	1.86134075965	-1.40527296042	258
19	0.25	0.75	0.0	3.85752910813	0.671938330321	-0.317771128684	4.03696086335	1.73016619799	-1.50936135518	259
19	0.25	1.0	0.0	3.38631705853	0.550822172463	-0.291877078896	3.51558563944	1.55905629061	-1.610000195	260
19	0.5	0.0	0.0	5.34353409909	0.802562540264	-0.468659287319	5.55533436922	1.77903956969	-1.30790007997	261
19	0.5	0.25	0.0	4.87835751346	0.759574016602	-0.482147540635	5.0899176957	1.77190591617	-1.45314262228	262
19	0.5	0.5	0.0	4.38014532313	0.655665169726	-0.495508982086	4.57822521641	1.69294324735	-1.59749098891	263
19	0.5	0.75	0.0	3.87498166776	0.527507432481	-0.504300280837	4.047223124	1.56421870867	-1.72714582179	264
19	0.5	1.0	0.0	3.38895068702	0.411772237715	-0.504078106053	3.52387761116	1.40779944562	-1.82830776286	265
19	0.75	0.0	0.0	5.34693798285	0.64979292331	-0.535403957116	5.53426925802	1.60708921259	-1.42495598254	266
19	0.75	0.25	0.0	4.88723787977	0.621131921316	-0.58468540494	5.07636268049	1.59847337007	-1.593290339	267
19	0.75	0.5	0.0	4.39820204399	0.516229606337	-0.637497056198	4.57959404175	1.51553160607	-1.77018680573	268
19	0.75	0.75	0.0	3.89496834674	0.38868227892	-0.686680952432	4.06261832414	1.39196649754	-1.92763734639	269
19	0.75	1.0	0.0	3.39267465924	0.29208623961	-0.725079135184	3.54409051006	1.26148062138	-2.03763392466	270
19	1.0	0.0	0.0	5.34958297	0.516558487	-0.622656333	5.52513597531	1.453633472	-1.51397273685	271
19	1.0	0.25	0.0	4.89704590995	0.489193486499	-0.691292086946	5.08001040623	1.44285073335	-1.69800485908	272
19	1.0	0.5	0.0	4.41064846357	0.38915073559	-0.761881672546	4.59753943393	1.35898271927	-1.89087221068	273
19	1.0	0.75	0.0	3.90454209016	0.271319310386	-0.835855005873	4.0922848935	1.2380278958	-2.06786717076	274
19	1.0	1.0	0.0	3.392878249	0.190588287	-0.914642003	3.57880862008	1.11598472897	-2.20428211844	275
20	0.0	0.0	0.0	3.3893845	0.710411935	-0.128714217	3.51663031096	1.71936624528	-1.41640778305	276
20	0.0	0.25	0.0	2.82639492706	0.636829522712	-0.185153331954	2.91095883417	1.5845997324	-1.54547133361	277
20	0.0	0.5	0.0	2.22541648798	0.607188699011	-0.342968507373	2.27934369894	1.50137244505	-1.66558421248	278
20	0.0	0.75	0.0	1.63361783416	0.589268943804	-0.534470785605	1.66014737964	1.42214929283	-1.75921657264	279
20	0.0	1.0	0.0	1.098167617	0.550849737	-0.691971209	1.09173235067	1.29939518536	-1.80883856706	280
20	0.25	0.0	0.0	3.38631705853	0.550822172463	-0.291877078896	3.51558563944	1.55905629061	-1.610000195	281
20	0.25	0.25	0.0	2.82397370721	0.461363568693	-0.35280591674	2.8974865337	1.39600980793	-1.73768932195	282
20	0.25	0.5	0.0	2.22852638931	0.437414778426	-0.533962288654	2.26742866373	1.30771002612	-1.86328489629	283
20	0.25	0.75	0.0	1.64411314825	0.428520134472	-0.75000106454	1.65482392488	1.22535890523	-1.96113503855	284
20	0.25	1.0	0.0	1.11487202746	0.384223969646	-0.915577114301	1.08908421253	1.08015840537	-2.00558786927	285
20	0.5	0.0	0.0	3.38895068702	0.411772237715	-0.504078106053	3.52387761116	1.40779944562	-1.82830776286	286
20	0.5	0.25	0.0	2.80968658364	0.341957945972	-0.59261912492	2.89515082377	1.25898527746	-1.94948280825	287
20	0.5	0.5	0.0	2.21763718232	0.331087314283	-0.805372791609	2.25852187833	1.16448502745	-2.08598229298	288
20	0.5	0.75	0.0	1.6461880425	0.326527963984	-1.04068948906	1.6490811248	1.06536637667	-2.19379238149	289
20	0.5	1.0	0.0	1.12872472364	0.275647516411	-1.1969196002	1.10191891318	0.902697006209	-2.22889923822	290
20	0.75	0.0	0.0	3.39267465924	0.29208623961	-0.725079135184	3.54409051006	1.26148062138	-2.03763392466	291
20	0.75	0.25	0.0	2.79323133292	0.251736059073	-0.853514603196	2.90973133151	1.13831553595	-2.15996070923	292
20	0.75	0.5	0.0	2.20303576736	0.251953463858	-1.09486664022	2.26735592713	1.03745948919	-2.30644856028	293
20	0.75	0.75	0.0	1.64428526561	0.246746513859	-1.34355032499	1.65927291695	0.91974986982	-2.42355487217	294
20	0.75	1.0	0.0	1.13917713075	0.19012326897	-1.49398073626	1.12779092101	0.746024066551	-2.4577370393	295
20	1.0	0.0	0.0	3.392878249	0.190588287	-0.914642003	3.57880862008	1.11598472897	-2.20428211844	296
20	1.0	0.25	0.0	2.78430573161	0.163821312519	-1.08441399827	2.94700768404	0.998789978341	-2.34823194161	297
20	1.0	0.5	0.0	2.19500904477	0.163760384427	-1.34011045845	2.30866339452	0.892395451484	-2.4974558559	298
20	1.0	0.75	0.0	1.6428475663	0.152629865622	-1.59559783815	1.70175323887	0.766087547393	-2.61678878132	299
20	1.0	1.0	0.0	1.145680674	0.092654119	-1.764742592	1.16425470442	0.589152665067	-2.67106563787	300
25	0.0	0.0	0.0	5.34958297	0.516558487	-0.622656333	5.52513597531	1.453633472	-1.51397273685	301
25	0.0	0.25	0.0	4.89704590995	0.489193486499	-0.691292086946	5.08001040623	1.44285073335	-1.69800485908	302
25	0.0	0.5	0.0	4.41064846357	0.38915073559	-0.761881672546	4.59753943393	1.35898271927	-1.89087221068	303
25	0.0	0.75	0.0	3.90454209016	0.271319310386	-0.835855005873	4.0922848935	1.2380278958	-2.06786717076	304
25	0.0	1.0	0.0	3.392878249	0.190588287	-0.914642003	3.57880862008	1.11598472897	-2.20428211844	305
25	0.25	0.0	0.0	5.3575500589	0.125751638805	-1.01588419617	5.54118761849	0.926602302443	-1.79082401261	306
25	0.25	0.25	0.0	4.91368840558	0.0750176733636	-1.07027472888	5.10928963378	0.903614353832	-1.97316449746	307
25	0.25	0.5	0.0	4.41924284485	-0.00261746421615	-1.07680314703	4.62666265099	0.835345920324	-2.11320012491	308
25	0.25	0.75	0.0	3.89058760365	-0.0851387312931	-1.08733159986	4.11808102295	0.737222209435	-2.23356779404	309
25	0.25	1.0	0.0	3.3440969089	-0.150531085226	-1.15372223662	3.60831910249	0.624668428678	-2.35690440393	310
25	0.5	0.0	0.0	5.35813429921	-0.291041245295	-1.41889621503	5.5631336368	0.297393156435	-2.06149117408	311
25	0.5	0.25	0.0	4.89554581737	-0.375803295436	-1.43640562822	5.09687841641	0.230003012803	-2.21504764801	312
25	0.5	0.5	0.0	4.39328983927	-0.481579843116	-1.35670106544	4.58613726987	0.12591013348	-2.27330039027	313
25	0.5	0.75	0.0	3.84497653733	-0.589318052732	-1.26153124257	4.06380713296	0.0106663386272	-2.28630043811	314
25	0.5	1.0	0.0	3.24421608396	-0.679965088682	-1.23264487551	3.56278494149	-0.0901765515941	-2.30409882881	315
25	0.75	0.0	0.0	5.34163648816	-0.700201259248	-1.68467864411	5.56991334408	-0.321700087125	-2.18303254117	316
25	0.75	0.25	0.0	4.8490102389	-0.822754656478	-1.66612270435	5.06032710165	-0.438203142696	-2.30544497281	317
25	0.75	0.5	0.0	4.33469040896	-0.966811149194	-1.51887049167	4.52652322434	-0.585484967087	-2.29799068637	318
25	0.75	0.75	0.0	3.7742106039	-1.11540022307	-1.33888438441	4.00084021886	-0.727580234119	-2.2220864557	319
25	0.75	1.0	0.0	3.14310442928	-1.2515513638	-1.2221267609	3.5156165919	-0.828523617616	-2.13914905464	320
25	1.0	0.0	0.0	5.298357423	-1.068109497	-1.666217738	5.54046605419	-0.818383549339	-2.01250643378	321
25	1.0	0.25	0.0	4.78047376377	-1.22532164634	-1.63586387665	5.01718603701	-0.961223965627	-2.12614713394	322
25	1.0	0.5	0.0	4.24534551606	-1.37738613053	-1.48060648963	4.49838044821	-1.1149997072	-2.11408869284	323
25	1.0	0.75	0.0	3.68479151606	-1.53756681146	-1.29982147579	4.00055727598	-1.2634580263	-2.03694719952	324
25	1.0	1.0	0.0	3.0906306	-1.719127551	-1.192884734	3.54022450856	-1.39034617516	-1.955338743	325
26	0.0	0.0	0.0	3.392878249	0.190588287	-0.914642003	3.57880862008	1.11598472897	-2.20428211844	326
26	0.0	0.25	0.0	2.78430573161	0.163821312519	-1.08441399827	2.94700768404	0.998789978341	-2.34823194161	327
26	0.0	0.5	0.0	2.19500904477	0.163760384427	-1.34011045845	2.30866339452	0.892395451484	-2.4974558559	328
26	0.0	0.75	0.0	1.6428475663	0.152629865622	-1.59559783815	1.70175323887	0.766087547393	-2.61678878132	329
26	0.0	1.0	0.0	1.145680674	0.092654119	-1.764742592	1.16425470442	0.589152665067	-2.67106563787	330
26	0.25	0.0	0.0	3.3440969089	-0.150531085226	-1.15372223662	3.60831910249	0.624668428678	-2.35690440393	331
26	0.25	0.25	0.0	2.72485399286	-0.205672544363	-1.36743812466	3.00741761043	0.479837922225	-2.53613211702	332
26	0.25	0.5	0.0	2.15062801238	-0.263555536399	-1.67757626091	2.39939008295	0.317164369683	-2.72872471846	333
26	0.25	0.75	0.0	1.62089622862	-0.334396483612	-2.0012217622	1.79925526441	0.13174956099	-2.90655339069	334
26	0.25	1.0	0.0	1.13513590273	-0.428411808282	-2.25545974533	1.2220318992	-0.0813047139121	-3.04148931615	335
26	0.5	0.0	0.0	3.24421608396	-0.679965088682	-1.23264487551	3.56278494149	-0.0901765515941	-2.30409882881	336
26	0.5	0.25	0.0	2.60640891243	-0.785132274368	-1.42072258935	3.00035831688	-0.245480885311	-2.44894421925	337
26	0.5	0.5	0.0	2.06268911403	-0.923491559176	-1.78804274872	2.40908637991	-0.482205760885	-2.70223550494	338
26	0.5	0.75	0.0	1.57329596341	-1.07662000105	-2.1846305586	1.80823371844	-0.757935645714	-2.96085310445	339
26	0.5	1.0	0.0	1.09846873523	-1.22609465794	-2.46051122397	1.21706492031	-1.0302550072	-3.12167743637	340
26	0.75	0.0	0.0	3.14310442928	-1.2515513638	-1.2221267609	3.5156165919	-0.828523617616	-2.13914905464	341
26	0.75	0.25	0.0	2.50586730884	-1.42229715055	-1.36301978046	2.98807914602	-0.99776994762	-2.22859917282	342
26	0.75	0.5	0.0	1.98950883551	-1.64311339429	-1.74646012617	2.40457321308	-1.29862891896	-2.5068329072	343
26	0.75	0.75	0.0	1.52977989621	-1.87040367943	-2.16266099049	1.79894680898	-1.64683424321	-2.79946171545	344
26	0.75	1.0	0.0	1.06243137787	-2.06057159039	-2.40183556588	1.20504794959	-1.95811963192	-2.93209705522	345
26	1.0	0.0	0.0	3.0906306	-1.719127551	-1.192884734	3.54022450856	-1.39034617516	-1.955338743	346
26	1.0	0.25	0.0	2.50012600062	-1.96490644597	-1.3130820861	3.03282944049	-1.59763276805	-2.01702790227	347
26	1.0	0.5	0.0	1.98940366261	-2.24948675213	-1.62777859755	2.45267151012	-1.9250190833	-2.23136161713	348
26	1.0	0.75	0.0	1.52008115254	-2.51211051148	-1.95214982098	1.84165274406	-2.27881240199	-2.44215301652	349
26	1.0	1.0	0.0	1.053776037	-2.692019766	-2.101371309	1.2416751689	-2.5653200052	-2.49321522939	350
27	0.0	0.0	0.0	5.298357423	-1.068109497	-1.666217738	5.54046605419	-0.818383549339	-2.01250643378	351
27	0.0	0.25	0.0	4.78047376377	-1.22532164634	-1.63586387665	5.01718603701	-0.961223965627	-2.12614713394	352
27	0.0	0.5	0.0	4.24534551606	-1.37738613053	-1.48060648963	4.49838044821	-1.1149997072	-2.11408869284	353
27	0.0	0.75	0.0	3.68479151606	-1.53756681146	-1.29982147579	4.00055727598	-1.2634580263	-2.03694719952	354
27	0.0	1.0	0.0	3.0906306	-1.719127551	-1.192884734	3.54022450856	-1.39034617516	-1.955338743	355
27	0.25	0.0	0.0	5.26867360939	-1.25019112182	-1.39196343916	5.54312386991	-1.05952757428	-1.58808404139	356
27	0.25	0.25	0.0	4.74308450728	-1.48393477651	-1.35848801967	5.0355809919	-1.25821078528	-1.6871091588	357
27	0.25	0.5	0.0	4.20421140489	-1.7190945798	-1.23407523258	4.56120407546	-1.49266242646	-1.67166030819	358
27	0.25	0.75	0.0	3.66681965167	-1.96700305494	-1.10821585246	4.10740066033	-1.74138887106	-1.61642643219	359
27	0.25	1.0	0.0	3.14567459708	-2.23899272522	-1.07040065387	3.66157828627	-1.98289649233	-1.59609647343	360
27	0.5	0.0	0.0	5.26383041103	-1.30957552904	-0.973425642352	5.61130015667	-1.18175375847	-0.989071751398	361
27	0.5	0.25	0.0	4.75048878105	-1.66515188176	-0.931275254659	5.12282375065	-1.48194795083	-1.05629469326	362
27	0.5	0.5	0.0	4.25270482323	-2.05816310115	-0.851502810344	4.68686342765	-1.87014365315	-1.02607351131	363
27	0.5	0.75	0.0	3.76455740665	-2.45786725855	-0.784843186812	4.26068446552	-2.28809035637	-0.977934250453	364
27	0.5	1.0	0.0	3.28012540041	-2.8335224253	-0.782031261468	3.80155214211	-2.67753755146	-0.991402955572	365
27	0.75	0.0	0.0	5.27007613265	-1.30178181198	-0.526887318365	5.70767836245	-1.21396359859	-0.375266410272	366
27	0.75	0.25	0.0	4.77158645792	-1.77885762264	-0.46780575327	5.24393833694	-1.62602002829	-0.391135739784	367
27	0.75	0.5	0.0	4.32569941166	-2.32499587247	-0.418033970829	4.83062097363	-2.16621010155	-0.333672997362	368
27	0.75	0.75	0.0	3.88666701787	-2.8597715648	-0.389786701335	4.40715799936	-2.73517391598	-0.278029529864	369
27	0.75	1.0	0.0	3.40874130053	-3.30275970298	-0.395278675081	3.91298114096	-3.23355156918	-0.299356684149	370
27	1.0	0.0	0.0	5.273659079	-1.282329064	-0.168631438	5.79494193525	-1.18505859133	0.0935351355154	371
27	1.0	0.25	0.0	4.77527741073	-1.83493665971	-0.0816596871552	5.36394877447	-1.68401158367	0.150935699187	372
27	1.0	0.5	0.0	4.35806881077	-2.44999707161	-0.0188134619524	4.94773918223	-2.29962848593	0.249196538533	373
27	1.0	0.75	0.0	3.94181072217	-3.0223281162	0.0168703814767	4.49357056962	-2.9142509836	0.326728854024	374
27	1.0	1.0	0.0	3.446280588	-3.44674761	0.022354987	3.94870034771	-3.41022076214	0.32194384613	375
28	0.0	0.0	0.0	3.0906306	-1.719127551	-1.192884734	3.54022450856	-1.39034617516	-1.955338743	376
28	0.0	0.25	0.0	2.50012600062	-1.96490644597	-1.3130820861	3.03282944049	-1.59763276805	-2.01702790227	377
28	0.0	0.5	0.0	1.98940366261	-2.24948675213	-1.62777859755	2.45267151012	-1.9250190833	-2.23136161713	378
28	0.0	0.75	0.0	1.52008115254	-2.51211051148	-1.95214982098	1.84165274406	-2.27881240199	-2.44215301652	379
28	0.0	1.0	0.0	1.053776037	-2.692019766	-2.101371309	1.2416751689	-2.5653200052	-2.49321522939	380
28	0.25	0.0	0.0	3.14567459708	-2.23899272522	-1.07040065387	3.66157828627	-1.98289649233	-1.59609647343	381
28	0.25	0.25	0.0	2.62093309559	-2.52769339283	-1.18899192615	3.14844724703	-2.23462571643	-1.67789188884	382
28	0.25	0.5	0.0	2.08932302996	-2.79577363482	-1.3980283568	2.54405993482	-2.51269605718	-1.82272843444	383
28	0.25	0.75	0.0	1.56961615481	-3.00587058803	-1.58925282843	1.90554196287	-2.77233069406	-1.93782863269	384
28	0.25	1.0	0.0	1.08058422479	-3.12062138926	-1.65440822362	1.2900189444	-2.96875280654	-1.93041500607	385
28	0.5	0.0	0.0	3.28012540041	-2.8335224253	-0.782031261468	3.80155214211	-2.67753755146	-0.991402955572	386
28	0.5	0.25	0.0	2.78045610601	-3.1306052223	-0.862694250076	3.26722761374	-2.96600705413	-1.08263712712	387
28	0.5	0.5	0.0	2.2188823747	-3.3625909142	-0.974927442413	2.62053353759	-3.19620588002	-1.19277689066	388
28	0.5	0.75	0.0	1.64910227594	-3.51345371944	-1.06432194773	1.9415864233	-3.36631099207	-1.265507396	389
28	0.5	1.0	0.0	1.1248138792	-3.56716785647	-1.07646887528	1.3105027805	-3.47449935323	-1.24451379291	390
28	0.75	0.0	0.0	3.40874130053	-3.30275970298	-0.395278675081	3.91298114096	-3.23355156918	-0.299356684149	391
28	0.75	0.25	0.0	2.9071373263	-3.58300242394	-0.428310524066	3.35314311043	-3.53940269115	-0.388715628574	392
28	0.75	0.5	0.0	2.32227570493	-3.78410783672	-0.463937160594	2.6721266413	-3.74198507703	-0.484949097313	393
28	0.75	0.75	0.0	1.72031313454	-3.89611767868	-0.483026919983	1.96256483593	-3.8574585648	-0.546917366564	394
28	0.75	1.0	0.0	1.16740631327	-3.90907368719	-0.466448137552	1.3170907967	-3.90198299242	-0.533480712524	395
28	1.0	0.0	0.0	3.446280588	-3.44674761	0.022354987	3.94870034771	-3.41022076214	0.32194384613	396
28	1.0	0.25	0.0	2.92941905094	-3.69424548727	0.0200377857042	3.37016630694	-3.70243853746	0.246420595319	397
28	1.0	0.5	0.0	2.34369702876	-3.8944936488	0.0294811824538	2.6888735688	-3.9164701734	0.157312834109	398
28	1.0	0.75	0.0	1.7450223492	-4.01512023867	0.0489625137265	1.98125591132	-4.042478681	0.0962133954993	399
28	1.0	1.0	0.0	1.18930284	-4.023753401	0.076759116	1.32374711252	-4.07062707128	0.104715112489	400
33	0.0	0.0	0.0	5.273659079	-1.282329064	-0.168631438	5.79494193525	-1.18505859133	0.0935351355154	401
33	0.0	0.25	0.0	4.77527741073	-1.83493665971	-0.0816596871552	5.36394877447	-1.68401158367	0.150935699187	402
33	0.0	0.5	0.0	4.35806881077	-2.44999707161	-0.0188134619524	4.94773918223	-2.29962848593	0.249196538533	403
33	0.0	0.75	0.0	3.94181072217	-3.0223281162	0.0168703814767	4.49357056962	-2.9142509836	0.326728854024	404
33	0.0	1.0	0.0	3.446280588	-3.44674761	0.022354987	3.94870034771	-3.41022076214	0.32194384613	405
33	0.25	0.0	0.0	5.28306841321	-1.18648830905	0.2157895899	5.86105251878	-1.05205537841	0.555986732441	406
33	0.25	0.25	0.0	4.77944503177	-1.7126194122	0.358246019551	5.45327479708	-1.55727840781	0.706299906378	407
33	0.25	0.5	0.0	4.35278214689	-2.28341490248	0.481693949803	5.01190786267	-2.15287130949	0.866420756458	408
33	0.25	0.75	0.0	3.91930665677	-2.78299328612	0.559054377947	4.5121382731	-2.70953180944	0.979497805092	409
33	0.25	1.0	0.0	3.39524545964	-3.09547306936	0.563248301275	3.92915258593	-3.09795763366	0.988679574692	410
33	0.5	0.0	0.0	5.30639062721	-0.953124872523	0.657537074456	5.89691582295	-0.811042524496	1.07346140194	411
33	0.5	0.25	0.0	4.81136674494	-1.35838078799	0.853141452952	5.48186450132	-1.22908958903	1.28089151732	412
33	0.5	0.5	0.0	4.35562693917	-1.82490183353	1.01338105364	5.01434816951	-1.75315400319	1.46657024203	413
33	0.5	0.75	0.0	3.88810025728	-2.22656154529	1.10137117769	4.49505746277	-2.23846168852	1.58026049609	414
33	0.5	1.0	0.0	3.35771574662	-2.43723345941	1.08022712626	3.9246830163	-2.5402385666	1.57172519952	415
33	0.75	0.0	0.0	5.32804331811	-0.639585496234	1.06022168078	5.90658874046	-0.523321914944	1.55066080252	416
33	0.75	0.25	0.0	4.84794543776	-0.901870571954	1.29249470738	5.47447967024	-0.825403300388	1.78905499184	417
33	0.75	0.5	0.0	4.36429484122	-1.24883936286	1.48076616117	4.99254508899	-1.2526161137	1.98793255442	418
33	0.75	0.75	0.0	3.87016929361	-1.56073270858	1.59073920485	4.47692788633	-1.66576135353	2.11016405759	419
33	0.75	1.0	0.0	3.35864656004	-1.71779144875	1.58811700112	3.94377095189	-1.92564001857	2.11862006872	420
33	1.0	0.0	0.0	5.332444083	-0.303216922	1.327454074	5.89412816403	-0.25019543509	1.89228659266	421
33	1.0	0.25	0.0	4.86608399779	-0.472738548972	1.56577387717	5.45588208689	-0.472177714935	2.1451347898	422
33	1.0	0.5	0.0	4.37647750665	-0.729608988549	1.788367584	4.98398360731	-0.803397187685	2.36879525279	423
33	1.0	0.75	0.0	3.8874915357	-0.993206590851	1.97407688357	4.49234929151	-1.15615153715	2.55035562015	424
33	1.0	1.0	0.0	3.422993011	-1.182909706	2.101743465	3.99489570575	-1.44273844715	2.67690353038	425
34	0.0	0.0	0.0	3.446280588	-3.44674761	0.022354987	3.94870034771	-3.41022076214	0.32194384613	426
34	0.0	0.25	0.0	2.92941905094	-3.69424548727	0.0200377857042	3.37016630694	-3.70243853746	0.246420595319	427
34	0.0	0.5	0.0	2.34369702876	-3.8944936488	0.0294811824538	2.6888735688	-3.9164701734	0.157312834109	428
34	0.0	0.75	0.0	1.7450223492	-4.01512023867	0.0489625137265	1.98125591132	-4.042478681	0.0962133954993	429
34	0.0	1.0	0.0	1.18930284	-4.023753401	0.076759116	1.32374711252	-4.07062707128	0.104715112489	430
34	0.25	0.0	0.0	3.39524545964	-3.09547306936	0.563248301275	3.92915258593	-3.09795763366	0.988679574692	431
34	0.25	0.25	0.0	2.85560537649	-3.28413118485	0.569959912515	3.34067723712	-3.34713425446	0.938656234533	432
34	0.25	0.5	0.0	2.28555614677	-3.50154641768	0.637998470741	2.68717150596	-3.60725035323	0.905350882966	433
34	0.25	0.75	0.0	1.71790691837	-3.66371436344	0.711677930744	2.01098676138	-3.79814433237	0.888309101615	434
34	0.25	1.0	0.0	1.18546683913	-3.68663061769	0.735312247311	1.35447437231	-3.83965459427	0.887076472104	435
34	0.5	0.0	0.0	3.35771574662	-2.43723345941	1.08022712626	3.9246830163	-2.5402385666	1.57172519952	436
34	0.5	0.25	0.0	2.80257876166	-2.56887425772	1.09266665226	3.33382580952	-2.75776806824	1.54955575122	437
34	0.5	0.5	0.0	2.23636838254	-2.77734696946	1.23195773129	2.69208746808	-3.04405922812	1.60829151069	438
34	0.5	0.75	0.0	1.68375744876	-2.95130761083	1.37201825115	2.03500398601	-3.27479560748	1.66682879672	439
34	0.5	1.0	0.0	1.16941879981	-2.97941219804	1.38676609964	1.39811135736	-3.32566076753	1.64406392806	440
34	0.75	0.0	0.0	3.35864656004	-1.71779144875	1.58811700112	3.94377095189	-1.92564001857	2.11862006872	441
34	0.75	0.25	0.0	2.80381526473	-1.81952401086	1.63656802055	3.35344823389	-2.13466116165	2.14806052752	442
34	0.75	0.5	0.0	2.22851308425	-1.99193237477	1.83122174006	2.70614817389	-2.41090207038	2.28438925046	443
34	0.75	0.75	0.0	1.66768588949	-2.14540945214	2.02167604286	2.04914893866	-2.64023337208	2.40637433477	444
34	0.75	1.0	0.0	1.15627955133	-2.19034815463	2.05752881215	1.42972869494	-2.70852569405	2.39278387771	445
34	1.0	0.0	0.0	3.422993011	-1.182909706	2.101743465	3.99489570575	-1.44273844715	2.67690353038	446
34	1.0	0.25	0.0	2.89279094398	-1.30712974921	2.250074033	3.40338072	-1.67813471758	2.80311194557	447
34	1.0	0.5	0.0	2.29436960011	-1.41533970426	2.45565327304	2.73188034217	-1.89178415232	2.95189863542	448
34	1.0	0.75	0.0	1.69480418969	-1.51352935868	2.6523438738	2.04926297278	-2.06225849189	3.08154756974	449
34	1.0	1.0	0.0	1.161169923	-1.6076885	2.774008524	1.42439701236	-2.16812947681	3.15034271837	450
35	0.0	0.0	0.0	5.332444083	-0.303216922	1.327454074	5.89412816403	-0.25019543509	1.89228659266	451
35	0.0	0.25	0.0	4.86608399779	-0.472738548972	1.56577387717	5.45588208689	-0.472177714935	2.1451347898	452
35	0.0	0.5	0.0	4.37647750665	-0.729608988549	1.788367584	4.98398360731	-0.803397187685	2.36879525279	453
35	0.0	0.75	0.0	3.8874915357	-0.993206590851	1.97407688357	4.49234929151	-1.15615153715	2.55035562015	454
35	0.0	1.0	0.0	3.422993011	-1.182909706	2.101743465	3.99489570575	-1.44273844715	2.67690353038	455
35	0.25	0.0	0.0	5.32288717636	0.199430484692	1.50310019116	5.85114366146	0.250189554008	2.10874634458	456
35	0.25	0.25	0.0	4.87028991925	0.0815488179099	1.7187131237	5.41596646511	0.0769973097421	2.36182145632	457
35	0.25	0.5	0.0	4.39156985791	-0.137151971456	1.94870709976	4.9536498274	-0.198934479882	2.60242458513	458
35	0.25	0.75	0.0	3.91949453288	-0.397351152593	2.1866138291	4.47499696363	-0.521518969192	2.8354648736	459
35	0.25	1.0	0.0	3.48683148467	-0.639727994691	2.4259650215	3.99081108909	-0.834669312515	3.06585146433	460
35	0.5	0.0	0.0	5.33055321879	0.814487781988	1.59690171884	5.79458499578	1.00336382972	2.15141926409	461
35	0.5	0.25	0.0	4.88793578703	0.774344279106	1.79158424895	5.3561788061	0.908052536696	2.39962980729	462
35	0.5	0.5	0.0	4.41323845761	0.604424286034	1.99862491884	4.87868541833	0.677766471758	2.6522013893	463
35	0.5	0.75	0.0	3.93848109139	0.373201722109	2.21409982177	4.3838179356	0.389481805602	2.8974114039	464
35	0.5	1.0	0.0	3.49568354924	0.149150506665	2.43408505097	3.89328946102	0.120174708929	3.12353724483	465
35	0.75	0.0	0.0	5.37517937983	1.41578217129	1.57696175786	5.75119354209	1.79314270554	2.00376811744	466
35	0.75	0.25	0.0	4.93065043966	1.46278460833	1.74846418302	5.30223024385	1.79167650016	2.23690584391	467
35	0.75	0.5	0.0	4.44738190534	1.3525839875	1.92162511708	4.80367075683	1.61605662979	2.49349276245	468
35	0.75	0.75	0.0	3.95582562578	1.16929489911	2.08631702098	4.28678357966	1.37387771756	2.73259034937	469
35	0.75	1.0	0.0	3.48643344993	0.997031933439	2.23241235571	3.78283721098	1.17273438661	2.91326008096	470
35	1.0	0.0	0.0	5.476502829	1.877140854	1.411383409	5.7477106755	2.40334149498	1.64925567085	471
35	1.0	0.25	0.0	5.01006271565	2.00400657928	1.55342985605	5.27983191235	2.49855773436	1.85199556738	472
35	1.0	0.5	0.0	4.49989880066	1.96479133652	1.70121177032	4.77318621961	2.40528695675	2.1016658017	473
35	1.0	0.75	0.0	3.98290255058	1.84177124425	1.83304758618	4.25186526805	2.228695697	2.33739684833	474
35	1.0	1.0	0.0	3.495965432	1.717222421	1.927255738	3.7399607284	2.07395048997	2.4983191818	475
36	0.0	0.0	0.0	3.422993011	-1.182909706	2.101743465	3.99489570575	-1.44273844715	2.67690353038	476
36	0.0	0.25	0.0	2.89279094398	-1.30712974921	2.250074033	3.40338072	-1.67813471758	2.80311194557	477
36	0.0	0.5	0.0	2.29436960011	-1.41533970426	2.45565327304	2.73188034217	-1.89178415232	2.95189863542	478
36	0.0	0.75	0.0	1.69480418969	-1.51352935868	2.6523438738	2.04926297278	-2.06225849189	3.08154756974	479
36	0.0	1.0	0.0	1.161169923	-1.6076885	2.774008524	1.42439701236	-2.16812947681	3.15034271837	480
36	0.25	0.0	0.0	3.48683148467	-0.639727994691	2.4259650215	3.99081108909	-0.834669312515	3.06585146433	481
36	0.25	0.25	0.0	2.97020687595	-0.803712556059	2.64605819018	3.39228835505	-1.08459881791	3.25759581141	482
36	0.25	0.5	0.0	2.35243957748	-0.885569426642	2.81351505237	2.69908474388	-1.24764804875	3.36870705679	483
36	0.25	0.75	0.0	1.72193582845	-0.959297625966	2.954953387	1.99447401445	-1.37476967192	3.44503831544	484
36	0.25	1.0	0.0	1.16710186801	-1.09889617356	3.09699097301	1.36172992559	-1.51691635433	3.53244270236	485
36	0.5	0.0	0.0	3.49568354924	0.149150506665	2.43408505097	3.89328946102	0.120174708929	3.12353724483	486
36	0.5	0.25	0.0	2.95893644204	-0.0104362246428	2.63531038496	3.28340878131	-0.0849405316227	3.30401213108	487
36	0.5	0.5	0.0	2.33820498307	-0.100818210105	2.77249089147	2.5866557274	-0.224949128635	3.40141309363	488
36	0.5	0.75	0.0	1.71099921588	-0.18917388124	2.86725017173	1.88562076711	-0.350140474775	3.44368718316	489
36	0.5	1.0	0.0	1.15482918403	-0.342681669566	2.94121182693	1.26289436828	-0.510803962708	3.45878145033	490
36	0.75	0.0	0.0	3.48643344993	0.997031933439	2.23241235571	3.78283721098	1.17273438661	2.91326008096	491
36	0.75	0.25	0.0	2.92049136303	0.865085949131	2.37307633264	3.16238002883	1.02386585394	3.04448358881	492
36	0.75	0.5	0.0	2.30079211733	0.761380806293	2.4853884856	2.47472282138	0.889183385138	3.12317541244	493
36	0.75	0.75	0.0	1.68443092264	0.651842520284	2.55425402098	1.78994966058	0.747640465298	3.14239760264	494
36	0.75	1.0	0.0	1.12850298877	0.502397106461	2.56457814512	1.17814461834	0.578190579496	3.09521221023	495
36	1.0	0.0	0.0	3.495965432	1.717222421	1.927255738	3.7399607284	2.07395048997	2.4983191818	496
36	1.0	0.25	0.0	2.91638335971	1.61524066935	2.01460174854	3.11484012761	1.94484605141	2.58113286888	497
36	1.0	0.5	0.0	2.28932728072	1.5234944835	2.10501553003	2.44341555451	1.8076202697	2.60715267972	498
36	1.0	0.75	0.0	1.66466751937	1.41875222339	2.18098472775	1.77470712468	1.65458451406	2.60607300365	499
36	1.0	1.0	0.0	1.0922744	1.277782249	2.224996987	1.15773495372	1.47805015372	2.60758822999	500
41	0.0	0.0	0.0	5.476502829	1.877140854	1.411383409	5.7477106755	2.40334149498	1.64925567085	501
41	0.0	0.25	0.0	5.01006271565	2.00400657928	1.55342985605	5.27983191235	2.49855773436	1.85199556738	502
41	0.0	0.5	0.0	4.49989880066	1.96479133652	1.70121177032	4.77318621961	2.40528695675	2.1016658017	503
41	0.0	0.75	0.0	3.98290255058	1.84177124425	1.83304758618	4.25186526805	2.228695697	2.33739684833	504
41	0.0	1.0	0.0	3.495965432	1.717222421	1.927255738	3.7399607284	2.07395048997	2.4983191818	505
41	0.25	0.0	0.0	5.50766129182	1.9675062242	1.29533808278	5.7493615889	2.53446395013	1.45822442148	506
41	0.25	0.25	0.0	5.03137195926	2.12784010433	1.42188513487	5.27382230032	2.66949205778	1.63594726525	507
41	0.25	0.5	0.0	4.51331848743	2.15729744081	1.55690134771	4.76569314794	2.64414351965	1.85676961256	508
41	0.25	0.75	0.0	3.99178807719	2.10657557094	1.67983967457	4.24502047459	2.53436638356	2.06901176713	509
41	0.25	1.0	0.0	3.50506792936	2.02637183202	1.77015306874	3.73185062304	2.41610869734	2.22099403269	510
41	0.5	0.0	0.0	5.52248158746	2.03154665898	1.12380897835	5.74116327473	2.65745405731	1.19353039066	511
41	0.5	0.25	0.0	5.03689279848	2.22045964864	1.23412640883	5.25652924605	2.82288409789	1.34105478617	512
41	0.5	0.5	0.0	4.5153537808	2.33282679973	1.36038450636	4.74178823247	2.85919100513	1.53097040792	513
41	0.5	0.75	0.0	3.99313012415	2.37746934441	1.48236870085	4.21660084196	2.81798834226	1.71757776899	514
41	0.5	1.0	0.0	3.5054874182	2.36320851486	1.57986442222	3.70062768253	2.7508896725	1.85517738246	515
41	0.75	0.0	0.0	5.51934721487	2.05702885277	0.94902092799	5.72506955466	2.74965961801	0.921956108082	516
41	0.75	0.25	0.0	5.02705838557	2.2639848421	1.03767878601	5.23325107135	2.93769256341	1.0301812595	517
41	0.75	0.5	0.0	4.50754941242	2.44673178056	1.14344999124	4.71243629477	3.02402756162	1.17806941519	518
41	0.75	0.75	0.0	3.98858354476	2.57604722005	1.25359991486	4.18149055055	3.03994252042	1.32939827643	519
41	0.75	1.0	0.0	3.49792403194	2.62270871252	1.35539392809	3.6592791643	3.01671534761	1.44794554449	520
41	1.0	0.0	0.0	5.496641673	2.0317195	0.823198764	5.70303425033	2.78842843368	0.710284103421	521
41	1.0	0.25	0.0	5.00230187282	2.24053531457	0.880067374486	5.20928609798	2.99287616308	0.766189814585	522
41	1.0	0.5	0.0	4.49145011394	2.45436475054	0.937886547271	4.68860215645	3.11225133755	0.851867861768	523
41	1.0	0.75	0.0	3.97980319234	2.62390385325	1.00649856642	4.15457378072	3.16060986538	0.950776711976	524
41	1.0	1.0	0.0	3.483077904	2.699848668	1.095745716	3.6207923258	3.15200765487	1.04637483221	525
42	0.0	0.0	0.0	3.495965432	1.717222421	1.927255738	3.7399607284	2.07395048997	2.4983191818	526
42	0.0	0.25	0.0	2.91638335971	1.61524066935	2.01460174854	3.11484012761	1.94484605141	2.58113286888	527
42	0.0	0.5	0.0	2.28932728072	1.5234944835	2.10501553003	2.44341555451	1.8076202697	2.60715267972	528
42	0.0	0.75	0.0	1.66466751937	1.41875222339	2.18098472775	1.77470712468	1.65458451406	2.60607300365	529
42	0.0	1.0	0.0	1.0922744	1.277782249	2.224996987	1.15773495372	1.47805015372	2.60758822999	530
42	0.25	0.0	0.0	3.50506792936	2.02637183202	1.77015306874	3.73185062304	2.41610869734	2.22099403269	531
42	0.25	0.25	0.0	2.9252426544	1.93177668849	1.85258852817	3.10748075723	2.28587840285	2.29819548636	532
42	0.25	0.5	0.0	2.29304536159	1.82459420405	1.937360237	2.44327023136	2.12762874079	2.31555701257	533
42	0.25	0.75	0.0	1.66004536167	1.69509519797	2.01754125858	1.78045203196	1.94795746331	2.32040728802	534
42	0.25	1.0	0.0	1.07781196539	1.53355048951	2.08620465629	1.16025914558	1.75346232259	2.36007498938	535
42	0.5	0.0	0.0	3.5054874182	2.36320851486	1.57986442222	3.70062768253	2.7508896725	1.85517738246	536
42	0.5	0.25	0.0	2.92286492318	2.28243439372	1.66529279641	3.07777448466	2.63613660243	1.9288824049	537
42	0.5	0.5	0.0	2.28915178165	2.14634373565	1.73934661224	2.42235248389	2.4585170518	1.95009106951	538
42	0.5	0.75	0.0	1.65358155363	1.97097425044	1.80670841313	1.76870129997	2.24666766549	1.96483025075	539
42	0.5	1.0	0.0	1.06538779919	1.77236364789	1.87206074253	1.15116055263	2.02922508834	2.01912682308	540
42	0.75	0.0	0.0	3.49792403194	2.62270871252	1.35539392809	3.6592791643	3.01671534761	1.44794554449	541
42	0.75	0.25	0.0	2.91003534722	2.55750104144	1.44936059746	3.03490458135	2.91827054415	1.52141658763	542
42	0.75	0.5	0.0	2.27957927061	2.39823603315	1.51820810771	2.38914920687	2.72949429176	1.55381486598	543
42	0.75	0.75	0.0	1.64827471696	2.18428181461	1.57388073331	1.74780747978	2.49581537097	1.58265092201	544
42	0.75	1.0	0.0	1.05784060114	1.95500651282	1.62832274875	1.136673839	2.26266256235	1.6454352982	545
42	1.0	0.0	0.0	3.483077904	2.699848668	1.095745716	3.6207923258	3.15200765487	1.04637483221	546
42	1.0	0.25	0.0	2.88753910769	2.64726388806	1.20143797553	2.9880543188	3.05493012204	1.12402099771	547
42	1.0	0.5	0.0	2.26626055819	2.48976405139	1.28117817536	2.35214729509	2.86976954967	1.16978841741	548
42	1.0	0.75	0.0	1.64712347335	2.27291032428	1.34445276102	1.7261231225	2.64050083017	1.21717833194	549
42	1.0	1.0	0.0	1.058009071	2.042263873	1.400748178	1.12303366884	2.41109885598	1.2996919819	550
43	0.0	0.0	0.0	5.496641673	2.0317195	0.823198764	5.70303425033	2.78842843368	0.710284103421	551
43	0.0	0.25	0.0	5.00230187282	2.24053531457	0.880067374486	5.20928609798	2.99287616308	0.766189814585	552
43	0.0	0.5	0.0	4.49145011394	2.45436475054	0.937886547271	4.68860215645	3.11225133755	0.851867861768	553
43	0.0	0.75	0.0	3.97980319234	2.62390385325	1.00649856642	4.15457378072	3.16060986538	0.950776711976	554
43	0.0	1.0	0.0	3.483077904	2.699848668	1.095745716	3.6207923258	3.15200765487	1.04637483221	555
43	0.25	0.0	0.0	5.45093906831	1.89555020213	0.706710777992	5.66353676764	2.73695652196	0.458452892686	556
43	0.25	0.25	0.0	4.96105610208	2.08748475384	0.752976509733	5.16914220126	2.93194291817	0.473440815749	557
43	0.25	0.5	0.0	4.46195861284	2.28929895372	0.780510944105	4.65417533144	3.04940285002	0.512053976886	558
43	0.25	0.75	0.0	3.96275014433	2.45428132996	0.813879353049	4.12678886605	3.09954553624	0.568305225062	559
43	0.25	1.0	0.0	3.47253424026	2.53572041073	0.877647008505	3.59513551295	3.09258019555	0.63620740924	560
43	0.5	0.0	0.0	5.41020502865	1.68470784273	0.591349124905	5.62156346547	2.60634426548	0.184905408183	561
43	0.5	0.25	0.0	4.92984433594	1.8460530115	0.66035385353	5.12393084367	2.75959623757	0.185676298865	562
43	0.5	0.5	0.0	4.43443348342	2.00461342002	0.69346541943	4.61078194771	2.84235079099	0.188366548688	563
43	0.5	0.75	0.0	3.94239969113	2.13485790557	0.715632611521	4.09358673016	2.87454220546	0.198012220052	564
43	0.5	1.0	0.0	3.47217017909	2.21125530544	0.751804218724	3.58381514364	2.87610476068	0.219649375359	565
43	0.75	0.0	0.0	5.37572174741	1.45805164722	0.464188803366	5.58624589714	2.45181587646	-0.0791501576558	566
43	0.75	0.25	0.0	4.9068887628	1.57990583801	0.559646247792	5.08922217918	2.55579062286	-0.0881052195531	567
43	0.75	0.5	0.0	4.41277563573	1.68571246067	0.60950188206	4.57749978893	2.59557650129	-0.112636880819	568
43	0.75	0.75	0.0	3.92434602381	1.76992488723	0.634270429971	4.06967108726	2.60003341474	-0.141704121749	569
43	0.75	1.0	0.0	3.47256358463	1.82699648968	0.654466615331	3.58432843501	2.59802126621	-0.164265922642	570
43	1.0	0.0	0.0	5.348771418	1.274440841	0.312304812	5.56671561599	2.3285955671	-0.302505612398	571
43	1.0	0.25	0.0	4.89041157105	1.35270898378	0.408300534433	5.08058636171	2.40048057555	-0.338905222991	572
43	1.0	0.5	0.0	4.40088597981	1.41800038691	0.46137224081	4.57340663878	2.41356132171	-0.384398769625	573
43	1.0	0.75	0.0	3.91418333341	1.46377358208	0.492304896532	4.0697456515	2.39045270581	-0.432445619039	574
43	1.0	1.0	0.0	3.464292321	1.483487101	0.521883467	3.5941726042	2.3537696281	-0.476505137971	575
44	0.0	0.0	0.0	3.483077904	2.699848668	1.095745716	3.6207923258	3.15200765487	1.04637483221	576
44	0.0	0.25	0.0	2.88753910769	2.64726388806	1.20143797553	2.9880543188	3.05493012204	1.12402099771	577
44	0.0	0.5	0.0	2.26626055819	2.48976405139	1.28117817536	2.35214729509	2.86976954967	1.16978841741	578
44	0.0	0.75	0.0	1.64712347335	2.27291032428	1.34445276102	1.7261231225	2.64050083017	1.21717833194	579
44	0.0	1.0	0.0	1.058009071	2.042263873	1.400748178	1.12303366884	2.41109885598	1.2996919819	580
44	0.25	0.0	0.0	3.47253424026	2.53572041073	0.877647008505	3.59513551295	3.09258019555	0.63620740924	581
44	0.25	0.25	0.0	2.87754361176	2.50416875579	0.967253615546	2.95894079884	3.00824025808	0.699982332152	582
44	0.25	0.5	0.0	2.26275554724	2.37823358003	1.03394381313	2.327356516	2.85282112251	0.742438081626	583
44	0.25	0.75	0.0	1.6494843201	2.20040434557	1.08370636595	1.70751592756	2.6613482732	0.793668144763	584
44	0.25	1.0	0.0	1.05904420374	2.01317051452	1.12253003867	1.10655229664	2.46884719452	0.883766008666	585
44	0.5	0.0	0.0	3.47217017909	2.21125530544	0.751804218724	3.58381514364	2.87610476068	0.219649375359	586
44	0.5	0.25	0.0	2.88841624145	2.21023623714	0.7953269309	2.95758427139	2.8292034854	0.248655659206	587
44	0.5	0.5	0.0	2.27077779288	2.13027305407	0.81004573889	2.32325692749	2.72188478633	0.278141941765	588
44	0.5	0.75	0.0	1.64905363015	2.01175982798	0.804601625878	1.69504100792	2.58542745993	0.320916535117	589
44	0.5	1.0	0.0	1.05304254999	1.8950906306	0.787635575047	1.08714440865	2.4511103027	0.389787751341	590
44	0.75	0.0	0.0	3.47256358463	1.82699648968	0.654466615331	3.58432843501	2.59802126621	-0.164265922642	591
44	0.75	0.25	0.0	2.89854068349	1.8469837073	0.655827905899	2.9713546502	2.58003629016	-0.173138092962	592
44	0.75	0.5	0.0	2.27497859124	1.81892184146	0.61232336413	2.3327874865	2.52500095994	-0.159996583881	593
44	0.75	0.75	0.0	1.64278789622	1.77062912615	0.542904955103	1.69211464714	2.451067652	-0.12980646744	594
44	0.75	1.0	0.0	1.04287918675	1.72992379539	0.466524643899	1.07282383537	2.37638874278	-0.0875328156808	595
44	1.0	0.0	0.0	3.464292321	1.483487101	0.521883467	3.5941726042	2.3537696281	-0.476505137971	596
44	1.0	0.25	0.0	2.88630062464	1.4959285415	0.518926524855	2.98762184901	2.32295515849	-0.508577996186	597
44	1.0	0.5	0.0	2.26000923847	1.51721931015	0.443616100352	2.34888714993	2.31021006218	-0.508874077027	598
44	1.0	0.75	0.0	1.62764361106	1.54066459471	0.334382767924	1.70215312878	2.29659811104	-0.487230833349	599
44	1.0	1.0	0.0	1.031429191	1.559569583	0.229657102	1.07160440733	2.26318307699	-0.453485718005	600
49	0.0	0.0	0.0	7.127153519	0.204288	0.0131746	7.36699424029	0.787743220391	-0.209408177859	601
49	0.0	0.25	0.0	6.93362104449	0.668620544374	0.0696954175181	7.17800641478	1.34156982439	-0.157750694491	602
49	0.0	0.5	0.0	6.48281098154	0.970958300439	0.122458297894	6.73294605655	1.79360306515	-0.185425588586	603
49	0.0	0.75	0.0	5.90957666207	1.15749911653	0.195361882323	6.15484013411	2.1279194702	-0.248366135952	604
49	0.0	1.0	0.0	5.348771418	1.274440841	0.312304812	5.56671561599	2.3285955671	-0.302505612398	605
49	0.25	0.0	0.0	7.126588174	0.204969633538	-0.0049540581764	7.36076443571	0.787671177555	-0.231511896779	606
49	0.25	0.25	0.0	6.93113821956	0.663425635619	-0.0177577040375	7.17049013068	1.34128574245	-0.269846561082	607
49	0.25	0.5	0.0	6.47579456714	0.95250627343	0.00557724308011	6.72312785451	1.78059525882	-0.324815567312	608
49	0.25	0.75	0.0	5.8978962063	1.11532979057	0.0673167589662	6.14469823883	2.09501898819	-0.391311032244	609
49	0.25	1.0	0.0	5.33478212659	1.19501443065	0.16972681941	5.56122191525	2.27397619206	-0.464225072656	610
49	0.5	0.0	0.0	7.125344415	0.202531913363	-0.0229185457117	7.34705886564	0.783575369358	-0.25822151795	611
49	0.5	0.25	0.0	6.92999473512	0.652016878289	-0.107511828786	7.15947451851	1.32314585119	-0.383335712362	612
49	0.5	0.5	0.0	6.47414170095	0.937370632928	-0.122179472627	6.71746143552	1.75512501176	-0.48089850384	613
49	0.5	0.75	0.0	5.89411121909	1.09103866616	-0.0812291107307	6.14316145272	2.06182059282	-0.566653676784	614
49	0.5	1.0	0.0	5.32622919617	1.14546646686	0.00103162340683	5.55871640618	2.22554033612	-0.656345015591	615
49	0.75	0.0	0.0	7.124100656	0.197088411506	-0.0402111603911	7.33335329557	0.776473779479	-0.284259266266	616
49	0.75	0.25	0.0	6.92907222532	0.630043336848	-0.194141609532	7.14808513498	1.28746526905	-0.494903017385	617
49	0.75	0.5	0.0	6.47369075988	0.913705169227	-0.247341706505	6.71131231515	1.71018860204	-0.639696932831	618
49	0.75	0.75	0.0	5.89357762747	1.06550449972	-0.228742937523	6.14264795686	2.01316349679	-0.748961734498	619
49	0.75	1.0	0.0	5.32435419591	1.10287191939	-0.1672767888	5.56170518091	2.16490967164	-0.853018144285	620
49	1.0	0.0	0.0	7.123535311	0.1887527	-0.0563242	7.32712349099	0.767384391599	-0.304347366618	621
49	1.0	0.25	0.0	6.92725232431	0.593154075763	-0.272221699082	7.13944753683	1.23455911451	-0.60123334521	622
49	1.0	0.5	0.0	6.47028012087	0.869663672623	-0.356439315831	6.70004600899	1.63878230775	-0.787233388942	623
49	1.0	0.75	0.0	5.89165135849	1.01960604767	-0.353691932164	6.1355759323	1.93388691275	-0.912802870313	624
49	1.0	1.0	0.0	5.330398695	1.044305758	-0.30869443	5.57269433157	2.07370587095	-1.02839716182	625
50	0.0	0.0	0.0	7.123535311	0.1887527	-0.0563242	7.32712349099	0.767384391599	-0.304347366618	626
50	0.0	0.25	0.0	6.92725232431	0.593154075763	-0.272221699082	7.13944753683	1.23455911451	-0.60123334521	627
50	0.0	0.5	0.0	6.47028012087	0.869663672623	-0.356439315831	6.70004600899	1.63878230775	-0.787233388942	628
50	0.0	0.75	0.0	5.89165135849	1.01960604767	-0.353691932164	6.1355759323	1.93388691275	-0.912802870313	629
50	0.0	1.0	0.0	5.330398695	1.044305758	-0.30869443	5.57269433157	2.07370587095	-1.02839716182	630
50	0.25	0.0	0.0	7.1214871635	0.177681085922	-0.0708668689322	7.32144224734	0.753936664356	-0.321796551041	631
50	0.25	0.25	0.0	6.92330347328	0.53225498927	-0.331933242903	7.12839554769	1.15990016066	-0.691537589883	632
50	0.25	0.5	0.0	6.46365090466	0.780941228559	-0.430212241966	6.68021098059	1.53172091038	-0.910543144185	633
50	0.25	0.75	0.0	5.88713432009	0.919643862133	-0.431207503433	6.11557895316	1.81199161542	-1.04784791718	634
50	0.25	1.0	0.0	5.33835858203	0.944266948335	-0.400422664613	5.57318987253	1.94330497767	-1.17248661209	635
50	0.5	0.0	0.0	7.116981239	0.164462781319	-0.0831049437562	7.3089435113	0.735490910789	-0.340428959944	636
50	0.5	0.25	0.0	6.91750889212	0.450537985471	-0.373492206073	7.11122591147	1.06727798956	-0.76154916228	637
50	0.5	0.5	0.0	6.45591157895	0.650166633299	-0.476877919473	6.65420634322	1.39452928755	-1.0140419981	638
50	0.5	0.75	0.0	5.88148731084	0.766468294873	-0.479765730905	6.08615307349	1.65314856188	-1.17159609485	639
50	0.5	1.0	0.0	5.34353409909	0.802562540264	-0.468659287319	5.55533436922	1.77903956969	-1.30790007997	640
50	0.75	0.0	0.0	7.1124753145	0.149321961056	-0.0928645217022	7.29644477526	0.715122641562	-0.356582871969	641
50	0.75	0.25	0.0	6.91159168944	0.361594923287	-0.406556968963	7.09457851212	0.969879800648	-0.817912971949	642
50	0.75	0.5	0.0	6.44778192867	0.509772206239	-0.516359248607	6.62941117242	1.25006071787	-1.09930485692	643
50	0.75	0.75	0.0	5.8749345279	0.602842107162	-0.525049023652	6.05721675483	1.48576423969	-1.27642902705	644
50	0.75	1.0	0.0	5.34693798285	0.64979292331	-0.535403957116	5.53426925802	1.60708921259	-1.42495598254	645
50	1.0	0.0	0.0	7.110427167	0.1324828	-0.0999717	7.29076353161	0.69590736734	-0.366596565757	646
50	1.0	0.25	0.0	6.90727497388	0.279017661637	-0.440785911939	7.08509323362	0.880892793367	-0.86727392844	647
50	1.0	0.5	0.0	6.43998173872	0.392190266769	-0.568579129623	6.61320454375	1.12116847995	-1.16790662686	648
50	1.0	0.75	0.0	5.86770016846	0.471528060268	-0.592739790745	6.03868845873	1.33824513639	-1.35472833751	649
50	1.0	1.0	0.0	5.34958297	0.516558487	-0.622656333	5.52513597531	1.453633472	-1.51397273685	650
53	0.0	0.0	0.0	7.110427167	0.1324828	-0.0999717	7.29076353161	0.69590736734	-0.366596565757	651
53	0.0	0.25	0.0	6.90727497388	0.279017661637	-0.440785911939	7.08509323362	0.880892793367	-0.86727392844	652
53	0.0	0.5	0.0	6.43998173872	0.392190266769	-0.568579129623	6.61320454375	1.12116847995	-1.16790662686	653
53	0.0	0.75	0.0	5.86770016846	0.471528060268	-0.592739790745	6.03868845873	1.33824513639	-1.35472833751	654
53	0.0	1.0	0.0	5.34958297	0.516558487	-0.622656333	5.52513597531	1.453633472	-1.51397273685	655
53	0.25	0.0	0.0	7.10974218153	0.105809148834	-0.104780188587	7.28012982567	0.658857425769	-0.368589363885	656
53	0.25	0.25	0.0	6.90646891024	0.128018101278	-0.533106648584	7.07606934885	0.698475174346	-0.948476756871	657
53	0.25	0.5	0.0	6.44091183801	0.143570965446	-0.781483265015	6.61030442704	0.789922933648	-1.32428728874	658
53	0.25	0.75	0.0	5.87172190688	0.145228543801	-0.919284345129	6.04471665274	0.882774158179	-1.57780752036	659
53	0.25	1.0	0.0	5.3575500589	0.125751638805	-1.01588419617	5.54118761849	0.926602302443	-1.79082401261	660
53	0.5	0.0	0.0	7.1082352135	0.0787483616724	-0.102620279099	7.25673567261	0.608968799716	-0.360234935385	661
53	0.5	0.25	0.0	6.91579299911	-0.0436091306552	-0.621165281502	7.07080713548	0.477509485711	-0.997855933163	662
53	0.5	0.5	0.0	6.47071247204	-0.137959140313	-1.00519851342	6.64129097705	0.396067648147	-1.46168057362	663
53	0.5	0.75	0.0	5.90686808713	-0.216402800721	-1.26701161217	6.09609665745	0.343182475548	-1.80009645464	664
53	0.5	1.0	0.0	5.35813429921	-0.291041245295	-1.41889621503	5.5631336368	0.297393156435	-2.06149117408	665
53	0.75	0.0	0.0	7.10672824547	0.0530553936744	-0.0938554050612	7.23334151955	0.560447992827	-0.345275542335	666
53	0.75	0.25	0.0	6.9249877817	-0.214894418143	-0.661240034701	7.06687680651	0.248115300778	-0.976383875389	667
53	0.75	0.5	0.0	6.49870613887	-0.415603270325	-1.14295890121	6.67452671337	-0.000323122377266	-1.48972206742	668
53	0.75	0.75	0.0	5.93516261001	-0.570296953738	-1.49783182941	6.14572697945	-0.188913007919	-1.89027624661	669
53	0.75	1.0	0.0	5.34163648816	-0.700201259248	-1.68467864411	5.56991334408	-0.321700087125	-2.18303254117	670
53	1.0	0.0	0.0	7.10604326	0.0304852	-0.078849	7.22270781361	0.527501508748	-0.327453446814	671
53	1.0	0.25	0.0	6.92379379922	-0.364868145165	-0.609609132189	7.06184857493	0.0404121928668	-0.845033001618	672
53	1.0	0.5	0.0	6.49421533654	-0.652564644402	-1.09799845473	6.67837415556	-0.339175123748	-1.31804735602	673
53	1.0	0.75	0.0	5.91862937634	-0.873384895688	-1.47365523441	6.14650612535	-0.621895388637	-1.71702800256	674
53	1.0	1.0	0.0	5.298357423	-1.068109497	-1.666217738	5.54046605419	-0.818383549339	-2.01250643378	675
54	0.0	0.0	0.0	7.10604326	0.0304852	-0.078849	7.22270781361	0.527501508748	-0.327453446814	676
54	0.0	0.25	0.0	6.92379379922	-0.364868145165	-0.609609132189	7.06184857493	0.0404121928668	-0.845033001618	677
54	0.0	0.5	0.0	6.49421533654	-0.652564644402	-1.09799845473	6.67837415556	-0.339175123748	-1.31804735602	678
54	0.0	0.75	0.0	5.91862937634	-0.873384895688	-1.47365523441	6.14650612535	-0.621895388637	-1.71702800256	679
54	0.0	1.0	0.0	5.298357423	-1.068109497	-1.666217738	5.54046605419	-0.818383549339	-2.01250643378	680
54	0.25	0.0	0.0	7.09427244	0.0105999981738	-0.0589143580616	7.23003629285	0.502651798402	-0.28808969806	681
54	0.25	0.25	0.0	6.90395172698	-0.464639448663	-0.477909507574	7.06439633026	-0.0894151046036	-0.633717300487	682
54	0.25	0.5	0.0	6.45891630838	-0.781732233854	-0.894763776206	6.67205269635	-0.52488440567	-0.995271984015	683
54	0.25	0.75	0.0	5.87515924794	-1.01785668303	-1.22695560604	6.13697275496	-0.837130447869	-1.3282341104	684
54	0.25	1.0	0.0	5.26867360939	-1.25019112182	-1.39196343916	5.54312386991	-1.05952757428	-1.58808404139	685
54	0.5	0.0	0.0	7.068376636	-0.00090552307439	-0.0399512955064	7.24615894719	0.48022435841	-0.226382600509	686
54	0.5	0.25	0.0	6.87073679804	-0.494246203248	-0.329349269179	7.07653797179	-0.111497396932	-0.428239682332	687
54	0.5	0.5	0.0	6.41379618559	-0.810397751486	-0.632064083786	6.68043608315	-0.572274227975	-0.63078155925	688
54	0.5	0.75	0.0	5.83300924211	-1.04897068701	-0.872091090965	6.15848092891	-0.922296295045	-0.821796244519	689
54	0.5	1.0	0.0	5.26383041103	-1.30957552904	-0.973425642352	5.61130015667	-1.18175375847	-0.989071751398	690
54	0.75	0.0	0.0	7.042480832	-0.00549948278541	-0.0182517526979	7.26228160152	0.464708479955	-0.161939022705	691
54	0.75	0.25	0.0	6.84054810525	-0.480995662258	-0.169418969687	7.08995234353	-0.0802783617321	-0.222665622753	692
54	0.75	0.5	0.0	6.37751317716	-0.780493323803	-0.351021611456	6.69440665173	-0.538443634445	-0.268375971363	693
54	0.75	0.75	0.0	5.80386090165	-1.01656464714	-0.493398215262	6.19414762505	-0.914700869596	-0.314199692535	694
54	0.75	1.0	0.0	5.27007613265	-1.30178181198	-0.526887318365	5.70767836245	-1.21396359859	-0.375266410272	695
54	1.0	0.0	0.0	7.030710012	-0.00465	0.00989233	7.26961008076	0.46059345422	-0.114365833191	696
54	1.0	0.25	0.0	6.82978474146	-0.45219507903	-0.00360916178219	7.09631828949	-0.0502016766176	-0.0110605973488	697
54	1.0	0.5	0.0	6.36872549206	-0.733951077311	-0.0927585931964	6.70484673783	-0.480491668863	0.0481448900075	698
54	1.0	0.75	0.0	5.79939576938	-0.970476302937	-0.175213505012	6.22708982126	-0.851652110954	0.0780702579411	699
54	1.0	1.0	0.0	5.273659079	-1.282329064	-0.168631438	5.79494193525	-1.18505859133	0.0935351355154	700
57	0.0	0.0	0.0	7.030710012	-0.00465	0.00989233	7.26961008076	0.46059345422	-0.114365833191	701
57	0.0	0.25	0.0	6.82978474146	-0.45219507903	-0.00360916178219	7.09631828949	-0.0502016766176	-0.0110605973488	702
57	0.0	0.5	0.0	6.36872549206	-0.733951077311	-0.0927585931964	6.70484673783	-0.480491668863	0.0481448900075	703
57	0.0	0.75	0.0	5.79939576938	-0.970476302937	-0.175213505012	6.22708982126	-0.851652110954	0.0780702579411	704
57	0.0	1.0	0.0	5.273659079	-1.282329064	-0.168631438	5.79494193525	-1.18505859133	0.0935351355154	705
57	0.25	0.0	0.0	7.02893310169	8.80593122159e-05	0.032531019987	7.28149637075	0.475891157589	-0.0899949669895	706
57	0.25	0.25	0.0	6.83319912859	-0.417239330275	0.135451440302	7.11062029633	-0.0115634814941	0.156489640271	707
57	0.25	0.5	0.0	6.38143088821	-0.67393032793	0.149172354976	6.72740029013	-0.396525591176	0.326014110551	708
57	0.25	0.75	0.0	5.81694758246	-0.890256224054	0.150387244634	6.26611736125	-0.727265960474	0.449029466919	709
57	0.25	1.0	0.0	5.28306841321	-1.18648830905	0.2157895899	5.86105251878	-1.05205537841	0.555986732441	710
57	0.5	0.0	0.0	7.025023899	0.00958769092852	0.0534696893479	7.30764620874	0.508622006132	-0.0652455099566	711
57	0.5	0.25	0.0	6.83365084285	-0.359312865776	0.271913906965	7.14191039504	0.0615009096246	0.313224747981	712
57	0.5	0.5	0.0	6.39117724538	-0.573474989247	0.40323290616	6.76782410882	-0.276630933474	0.620239944596	713
57	0.5	0.75	0.0	5.83596865677	-0.736783913494	0.510687143226	6.31096627611	-0.552052439427	0.86918914191	714
57	0.5	1.0	0.0	5.30639062721	-0.953124872523	0.657537074456	5.89691582295	-0.811042524496	1.07346140194	715
57	0.75	0.0	0.0	7.02111469631	0.0233599270806	0.071881546535	7.33379604672	0.545625459209	-0.0430228650977	716
57	0.75	0.25	0.0	6.8317083378	-0.277111166556	0.39596901278	7.17269071598	0.158296807624	0.454540079254	717
57	0.75	0.5	0.0	6.39454884679	-0.429128896873	0.637703016606	6.80485494392	-0.125959994952	0.895012054665	718
57	0.75	0.75	0.0	5.84740443599	-0.520638571042	0.843611318959	6.3446878967	-0.341660913985	1.2648874871	719
57	0.75	1.0	0.0	5.32804331811	-0.639585496234	1.06022168078	5.90658874046	-0.523321914944	1.55066080252	720
57	1.0	0.0	0.0	7.019337786	0.0409158	0.0869398	7.34568233671	0.573740976186	-0.0262324354181	721
57	1.0	0.25	0.0	6.82794006699	-0.16932971364	0.497807532319	7.18546338951	0.268129523389	0.575830987565	722
57	1.0	0.5	0.0	6.38812997569	-0.237435886414	0.820862642563	6.81722954543	0.0503349251957	1.11452010328	723
57	1.0	0.75	0.0	5.8422003638	-0.252399396481	1.08708490002	6.35033355382	-0.111740750321	1.56246270666	724
57	1.0	1.0	0.0	5.332444083	-0.303216922	1.327454074	5.89412816403	-0.25019543509	1.89228659266	725
58	0.0	0.0	0.0	7.019337786	0.0409158	0.0869398	7.34568233671	0.573740976186	-0.0262324354181	726
58	0.0	0.25	0.0	6.82794006699	-0.16932971364	0.497807532319	7.18546338951	0.268129523389	0.575830987565	727
58	0.0	0.5	0.0	6.38812997569	-0.237435886414	0.820862642563	6.81722954543	0.0503349251957	1.11452010328	728
58	0.0	0.75	0.0	5.8422003638	-0.252399396481	1.08708490002	6.35033355382	-0.111740750321	1.56246270666	729
58	0.0	1.0	0.0	5.332444083	-0.303216922	1.327454074	5.89412816403	-0.25019543509	1.89228659266	730
58	0.25	0.0	0.0	7.02729707241	0.0617513036649	0.0988819265084	7.35277937221	0.601960611266	-0.0153546360622	731
58	0.25	0.25	0.0	6.83355729132	-0.0229931714772	0.591724369255	7.18862582569	0.41477881271	0.682976854578	732
58	0.25	0.5	0.0	6.38942287354	0.0487593859133	0.971984276662	6.81069964761	0.340183117756	1.28153208585	733
58	0.25	0.75	0.0	5.83812308119	0.161427697436	1.26674757515	6.32840440415	0.308533405242	1.76266920133	734
58	0.25	1.0	0.0	5.32288717636	0.199430484692	1.50310019116	5.85114366146	0.250189554008	2.10874634458	735
58	0.5	0.0	0.0	7.0448075025	0.0816529565523	0.105123893435	7.36839285032	0.638107353265	-0.0114541888713	736
58	0.5	0.25	0.0	6.85592735023	0.130158957749	0.65940808772	7.2003881867	0.585530162039	0.740744604663	737
58	0.5	0.5	0.0	6.42091803208	0.362663344122	1.06325103123	6.81187521873	0.714865914509	1.34456619785	738
58	0.5	0.75	0.0	5.86928987821	0.637871243069	1.36097486219	6.30816910292	0.89713650547	1.81109596092	739
58	0.5	1.0	0.0	5.33055321879	0.814487781988	1.59690171884	5.79458499578	1.00336382972	2.15141926409	740
58	0.75	0.0	0.0	7.06231793259	0.102492431164	0.105992363644	7.38400632843	0.675191916989	-0.0129272383979	741
58	0.75	0.25	0.0	6.88679735659	0.287700780804	0.687303587076	7.2165942626	0.772565748907	0.738281128124	742
58	0.75	0.5	0.0	6.47811913431	0.669767188686	1.08119039456	6.82595737115	1.1070477499	1.29355943086	743
58	0.75	0.75	0.0	5.93975567297	1.09651865284	1.35522053513	6.30614176175	1.50508953158	1.69976823793	744
58	0.75	1.0	0.0	5.37517937983	1.41578217129	1.57696175786	5.75119354209	1.79314270554	2.00376811744	745
58	1.0	0.0	0.0	7.070277219	0.1261414	0.101814	7.39110336393	0.70622501724	-0.0181699291941	746
58	1.0	0.25	0.0	6.91791442329	0.447206404453	0.661855766684	7.23308784346	0.968067750843	0.664733315268	747
58	1.0	0.5	0.0	6.55652986322	0.935562120077	1.01232985493	6.85814721725	1.44939305838	1.11844877645	748
58	1.0	0.75	0.0	6.05357538354	1.45695733916	1.23493836795	6.33883649227	1.98341346479	1.42071128482	749
58	1.0	1.0	0.0	5.476502829	1.877140854	1.411383409	5.7477106755	2.40334149498	1.64925567085	750
61	0.0	0.0	0.0	7.070277219	0.1261414	0.101814	7.39110336393	0.70622501724	-0.0181699291941	751
61	0.0	0.25	0.0	6.91791442329	0.447206404453	0.661855766684	7.23308784346	0.968067750843	0.664733315268	752
61	0.0	0.5	0.0	6.55652986322	0.935562120077	1.01232985493	6.85814721725	1.44939305838	1.11844877645	753
61	0.0	0.75	0.0	6.05357538354	1.45695733916	1.23493836795	6.33883649227	1.98341346479	1.42071128482	754
61	0.0	1.0	0.0	5.476502829	1.877140854	1.411383409	5.7477106755	2.40334149498	1.64925567085	755
61	0.25	0.0	0.0	7.07336753916	0.139881716605	0.0974093215929	7.39027173787	0.717383567261	-0.0281703372889	756
61	0.25	0.25	0.0	6.92662456502	0.52357007207	0.625471836985	7.23431389601	1.06489044771	0.601619967208	757
61	0.25	0.5	0.0	6.57686145229	1.03136478175	0.947128130224	6.8629256786	1.57408666496	1.00549593717	758
61	0.25	0.75	0.0	6.08392482116	1.55032408575	1.14340720944	6.34498295359	2.10920142908	1.26413745959	759
61	0.25	1.0	0.0	5.50766129182	1.9675062242	1.29533808278	5.7493615889	2.53446395013	1.45822442148	760
61	0.5	0.0	0.0	7.0801662435	0.152204710045	0.0915246127972	7.38844216054	0.724026674217	-0.0463656513974	761
61	0.5	0.25	0.0	6.93501450514	0.591623606156	0.571224973627	7.23111466397	1.15610579171	0.515682453024	762
61	0.5	0.5	0.0	6.58820596494	1.12012825981	0.848376747909	6.85654700759	1.69792147377	0.851699349575	763
61	0.5	0.75	0.0	6.09795640001	1.63450662582	1.00517354602	6.33610720624	2.23614660183	1.04865775615	764
61	0.5	1.0	0.0	5.52248158746	2.03154665898	1.12380897835	5.74116327473	2.65745405731	1.19353039066	765
61	0.75	0.0	0.0	7.08696494784	0.163542823463	0.0839132226029	7.38661258322	0.72968490115	-0.0662876469045	766
61	0.75	0.25	0.0	6.9407142529	0.649027295661	0.507547667538	7.22610905616	1.23642381332	0.419333484967	767
61	0.75	0.5	0.0	6.5907513591	1.18937795271	0.740332913545	6.84456433421	1.80331250409	0.689366183885	768
61	0.75	0.75	0.0	6.09699082643	1.69018255246	0.861185240427	6.31865797962	2.3383810726	0.828632906155	769
61	0.75	1.0	0.0	5.51934721487	2.05702885277	0.94902092799	5.72506955466	2.74965961801	0.921956108082	770
61	1.0	0.0	0.0	7.090055268	0.1743285	0.0743285	7.38578095716	0.737888811103	-0.0814680991951	771
61	1.0	0.25	0.0	6.94135381755	0.693441429538	0.442872409649	7.22191598141	1.30055454301	0.324985775289	772
61	1.0	0.5	0.0	6.58468559274	1.22663925887	0.647253832693	6.83253078845	1.87267477518	0.550803610323	773
61	1.0	0.75	0.0	6.08234880681	1.69802945877	0.75239015539	6.29908400314	2.39003693095	0.658423641252	774
61	1.0	1.0	0.0	5.496641673	2.0317195	0.823198764	5.70303425033	2.78842843368	0.710284103421	775
62	0.0	0.0	0.0	7.090055268	0.1743285	0.0743285	7.38578095716	0.737888811103	-0.0814680991951	776
62	0.0	0.25	0.0	6.94135381755	0.693441429538	0.442872409649	7.22191598141	1.30055454301	0.324985775289	777
62	0.0	0.5	0.0	6.58468559274	1.22663925887	0.647253832693	6.83253078845	1.87267477518	0.550803610323	778
62	0.0	0.75	0.0	6.08234880681	1.69802945877	0.75239015539	6.29908400314	2.39003693095	0.658423641252	779
62	0.0	1.0	0.0	5.496641673	2.0317195	0.823198764	5.70303425033	2.78842843368	0.710284103421	780
62	0.25	0.0	0.0	7.09585186972	0.186568358069	0.0604969680966	7.38284553265	0.753237248748	-0.105734971515	781
62	0.25	0.25	0.0	6.93888480176	0.718372764498	0.355335626462	7.21391868732	1.34638232713	0.205036105668	782
62	0.25	0.5	0.0	6.56328278599	1.20496638377	0.529741967437	6.81218404562	1.89766642797	0.373922078389	783
62	0.25	0.75	0.0	6.04273711172	1.60960645121	0.631079261216	6.26595295618	2.3726657575	0.444026492208	784
62	0.25	1.0	0.0	5.45093906831	1.89555020213	0.706710777992	5.66353676764	2.73695652196	0.458452892686	785
62	0.5	0.0	0.0	7.1086043935	0.195183298149	0.0466297049584	7.37638759872	0.768691063896	-0.142559983569	786
62	0.5	0.25	0.0	6.93802546759	0.708584557018	0.26299503182	7.20116818341	1.35345224697	0.0860206194366	787
62	0.5	0.5	0.0	6.53404920204	1.12645626068	0.397604875455	6.78475570481	1.87178892572	0.178655087403	788
62	0.5	0.75	0.0	5.992750691	1.45107261922	0.492906988828	6.22545313986	2.29798997395	0.192548367822	789
62	0.5	1.0	0.0	5.41020502865	1.68470784273	0.591349124905	5.62156346547	2.60634426548	0.184905408183	790
62	0.75	0.0	0.0	7.12135691728	0.200860714154	0.031323364341	7.3699296648	0.781207354969	-0.180824073102	791
62	0.75	0.25	0.0	6.93689711513	0.685019564506	0.16729887806	7.18781418684	1.34432713517	-0.034196406314	792
62	0.75	0.5	0.0	6.50466516064	1.03411739707	0.259093378392	6.75631872285	1.82658642069	-0.01459494185	793
62	0.75	0.75	0.0	5.944370292	1.28088462144	0.345219231455	6.18570778792	2.20380830371	-0.0526895641504	794
62	0.75	1.0	0.0	5.37572174741	1.45805164722	0.464188803366	5.58624589714	2.45181587646	-0.0791501576558	795
62	1.0	0.0	0.0	7.127153519	0.204288	0.0131746	7.36699424029	0.787743220391	-0.209408177859	796
62	1.0	0.25	0.0	6.93362104449	0.668620544374	0.0696954175181	7.17800641478	1.34156982439	-0.157750694491	797
62	1.0	0.5	0.0	6.48281098154	0.970958300439	0.122458297894	6.73294605655	1.79360306515	-0.185425588586	798
62	1.0	0.75	0.0	5.90957666207	1.15749911653	0.195361882323	6.15484013411	2.1279194702	-0.248366135952	799
62	1.0	1.0	0.0	5.348771418	1.274440841	0.312304812	5.56671561599	2.3285955671	-0.302505612398	800
