Elem	xi[0]	xi[1]	xi[2]	Y[0]	Y[1]	Y[2]	y[0]	y[1]	y[2]	Index
1	0.0	0.0	0.0	1.031429191	1.559569583	0.229657102	1.07407149964	1.43112149097	-0.346370929512	1
1	0.0	0.25	0.0	0.513544660543	1.49487959547	0.163789425391	0.528339499042	1.36329789039	-0.369581525463	2
1	0.0	0.5	0.0	-0.0106634707701	1.32553616678	0.123264158547	-0.019788468025	1.20741551623	-0.396028478315	3
1	0.0	0.75	0.0	-0.557000068948	1.12846265121	0.0957299369303	-0.57482182617	1.03547633132	-0.422904736355	4
1	0.0	1.0	0.0	-1.14127	0.980582403	0.068835396	-1.14127	0.919482298523	-0.447403247872	5
1	0.25	0.0	0.0	1.03131202337	1.35217269537	0.0227637106914	1.09363766555	1.2680446876	-0.643016786685	6
1	0.25	0.25	0.0	0.515487079605	1.29516553872	-0.05157199569	0.543245703944	1.20515907264	-0.678630059947	7
1	0.25	0.5	0.0	-0.0147382296051	1.14479481022	-0.118570341775	-0.0140235314653	1.06967495945	-0.726815466426	8
1	0.25	0.75	0.0	-0.56631485153	0.977823129522	-0.172484950547	-0.577420018113	0.92500382164	-0.776698998395	9
1	0.25	1.0	0.0	-1.14619373344	0.871013116262	-0.207569444989	-1.14619373344	0.834557132852	-0.817406648126	10
1	0.5	0.0	0.0	1.04848884842	1.0910788383	-0.217210544239	1.12842491197	1.04859670479	-0.975263308496	11
1	0.5	0.25	0.0	0.532862372043	1.03543173794	-0.311933984562	0.573642472855	0.987002759021	-1.03845024447	12
1	0.5	0.5	0.0	-0.0105613151595	0.91091927974	-0.41315546731	-0.00147420496733	0.874619282493	-1.11978080232	13
1	0.5	0.75	0.0	-0.57588768955	0.774497617942	-0.493350260409	-0.583053109185	0.752079742299	-1.19522349367	14
1	0.5	1.0	0.0	-1.15722222749	0.683122906792	-0.524993631784	-1.15722222749	0.660017605532	-1.24074683013	15
1	0.75	0.0	0.0	1.07382045127	0.812050392071	-0.464158053799	1.16861295332	0.817779683552	-1.30875168929	16
1	0.75	0.25	0.0	0.555037842217	0.756177221416	-0.579658156488	0.607896186022	0.752407578301	-1.39799078948	17
1	0.75	0.5	0.0	-0.00703339332281	0.663652537385	-0.704903340827	0.00971210298146	0.658937818257	-1.50260226521	18
1	0.75	0.75	0.0	-0.589868971335	0.557413129536	-0.799126528437	-0.59391094517	0.550277391622	-1.5919020404	19
1	0.75	1.0	0.0	-1.1709446078	0.460395787426	-0.821560640937	-1.1709446078	0.439333286596	-1.63520603898	20
1	1.0	0.0	0.0	1.098167617	0.550849737	-0.691971209	1.20438150399	0.620595764908	-1.60912312343	21
1	1.0	0.25	0.0	0.571380794487	0.497901017414	-0.817106126734	0.634373223691	0.54495215926	-1.70620040545	22
1	1.0	0.5	0.0	-0.0130551299847	0.442737545194	-0.938226085099	0.0113879838935	0.459319899632	-1.8029576343	23
1	1.0	0.75	0.0	-0.612409085214	0.365496677377	-1.02207429041	-0.612183371853	0.353170067934	-1.88015845681	24
1	1.0	1.0	0.0	-1.18395	0.246315771	-1.035393949	-1.18395	0.215973746078	-1.91856651979	25
2	0.0	0.0	0.0	1.098167617	0.550849737	-0.691971209	1.20438150399	0.620595764908	-1.60912312343	26
2	0.0	0.25	0.0	0.571380794487	0.497901017414	-0.817106126734	0.634373223691	0.54495215926	-1.70620040545	27
2	0.0	0.5	0.0	-0.0130551299847	0.442737545194	-0.938226085099	0.0113879838935	0.459319899632	-1.8029576343	28
2	0.0	0.75	0.0	-0.612409085214	0.365496677377	-1.02207429041	-0.612183371853	0.353170067934	-1.88015845681	29
2	0.0	1.0	0.0	-1.18395	0.246315771	-1.035393949	-1.18395	0.215973746078	-1.91856651979	30
2	0.25	0.0	0.0	1.11487202746	0.384223969646	-0.915577114301	1.22803312953	0.498393455995	-1.88250810388	31
2	0.25	0.25	0.0	0.583596593232	0.32428448222	-1.02688196192	0.647043212257	0.404372436905	-1.96600417957	32
2	0.25	0.5	0.0	-0.0109347394382	0.277280355136	-1.12202095926	0.0101571662131	0.30029290096	-2.03746367419	33
2	0.25	0.75	0.0	-0.620521130415	0.206898993251	-1.17364574239	-0.624039615445	0.175256545184	-2.08487894407	34
2	0.25	1.0	0.0	-1.19696173956	0.0768278014246	-1.1544079474	-1.19696173956	0.0183650666027	-2.09624234558	35
2	0.5	0.0	0.0	1.12872472364	0.275647516411	-1.1969196002	1.24851599228	0.395881363891	-2.20306934468	36
2	0.5	0.25	0.0	0.598013791091	0.189361797718	-1.28358273691	0.654064525828	0.270307218055	-2.27203279439	37
2	0.5	0.5	0.0	0.00380406887482	0.104258020498	-1.35325189283	0.00960487696266	0.111742874811	-2.33100988416	38
2	0.5	0.75	0.0	-0.614253742818	0.00152307828915	-1.36762296259	-0.631655448261	-0.0664451025506	-2.3549308512	39
2	0.5	1.0	0.0	-1.21650894379	-0.137656135371	-1.28839184081	-1.21650894379	-0.250890150738	-2.31872593269	40
2	0.75	0.0	0.0	1.13917713075	0.19012326897	-1.49398073626	1.2684856659	0.281314530467	-2.52614949784	41
2	0.75	0.25	0.0	0.611869142442	0.0749945997066	-1.55915066117	0.661618199192	0.12355320571	-2.58585835826	42
2	0.75	0.5	0.0	0.0219991793397	-0.0611971929131	-1.59331387547	0.0113002326752	-0.0924183674345	-2.62657712467	43
2	0.75	0.75	0.0	-0.603297134777	-0.208072522017	-1.55758996736	-0.636767477736	-0.325869061111	-2.6179945806	44
2	0.75	1.0	0.0	-1.23688417613	-0.355251800731	-1.41309852507	-1.23688417613	-0.536067747463	-2.52979950962	45
2	1.0	0.0	0.0	1.145680674	0.092654119	-1.764742592	1.29059772404	0.122947997595	-2.80709121537	46
2	1.0	0.25	0.0	0.622399401658	-0.0369554760177	-1.82552794416	0.675885267141	-0.055092897133	-2.86905297957	47
2	1.0	0.5	0.0	0.0344884763418	-0.203953019294	-1.80360189681	0.0168123498834	-0.298279014398	-2.86714625616	48
2	1.0	0.75	0.0	-0.597341518645	-0.379329262173	-1.69713077306	-0.641112311305	-0.556949516338	-2.80175053472	49
2	1.0	1.0	0.0	-1.25238	-0.534074956	-1.504280896	-1.25238	-0.781443565094	-2.67324530484	50
5	0.0	0.0	0.0	1.145680674	0.092654119	-1.764742592	1.29059772404	0.122947997595	-2.80709121537	51
5	0.0	0.25	0.0	0.622399401658	-0.0369554760177	-1.82552794416	0.675885267141	-0.055092897133	-2.86905297957	52
5	0.0	0.5	0.0	0.0344884763418	-0.203953019294	-1.80360189681	0.0168123498834	-0.298279014398	-2.86714625616	53
5	0.0	0.75	0.0	-0.597341518645	-0.379329262173	-1.69713077306	-0.641112311305	-0.556949516338	-2.80175053472	54
5	0.0	1.0	0.0	-1.25238	-0.534074956	-1.504280896	-1.25238	-0.781443565094	-2.67324530484	55
5	0.25	0.0	0.0	1.13513590273	-0.428411808282	-2.25545974533	1.33045853883	-0.628177837401	-3.28642845093	56
5	0.25	0.25	0.0	0.611825245531	-0.562071200636	-2.30734223884	0.701696222439	-0.822172116117	-3.33949206295	57
5	0.25	0.5	0.0	0.0242364241202	-0.718666107391	-2.13872803722	0.0192370148586	-1.03819412218	-3.20273135814	58
5	0.25	0.75	0.0	-0.613599270763	-0.875675184159	-1.86504754887	-0.662138702539	-1.25493339576	-2.98021997913	59
5	0.25	1.0	0.0	-1.28765054838	-1.01057708656	-1.60173118216	-1.28765054838	-1.45107947705	-2.77603156856	60
5	0.5	0.0	0.0	1.09846873523	-1.22609465794	-2.46051122397	1.33667496477	-1.68509541564	-3.4513413995	61
5	0.5	0.25	0.0	0.564269188507	-1.36257149936	-2.4636297946	0.691880814981	-1.88292248898	-3.45276610991	62
5	0.5	0.5	0.0	-0.0197699754579	-1.4732192253	-2.22168925487	-0.00364529334816	-2.0515204816	-3.24036145735	63
5	0.5	0.75	0.0	-0.652217662631	-1.56095575017	-1.87847684147	-0.696090708556	-2.19508689022	-2.94048978901	64
5	0.5	1.0	0.0	-1.33164277898	-1.6286989884	-1.57777979106	-1.33164277898	-2.31781921161	-2.6795134521	65
5	0.75	0.0	0.0	1.06243137787	-2.06057159039	-2.40183556588	1.32915086523	-2.75932520387	-3.32566544088	66
5	0.75	0.25	0.0	0.51805399469	-2.18146550257	-2.34721156261	0.672010118585	-2.94030790457	-3.26606729285	67
5	0.75	0.5	0.0	-0.0664796046416	-2.22765673989	-2.09020898817	-0.0307709073857	-3.05036050505	-3.0288149579	68
5	0.75	0.75	0.0	-0.695001462207	-2.22793500706	-1.74658475116	-0.72871466838	-3.11185033528	-2.71506983541	69
5	0.75	1.0	0.0	-1.37134362009	-2.21109000879	-1.43209576017	-1.37134362009	-3.14714472524	-2.42599332478	70
5	1.0	0.0	0.0	1.053776037	-2.692019766	-2.101371309	1.32779010355	-3.56238766881	-2.93323595487	71
5	1.0	0.25	0.0	0.511502428181	-2.76176234066	-2.01090849403	0.667655207069	-3.69729225171	-2.83658778417	72
5	1.0	0.5	0.0	-0.0848413456798	-2.74202301805	-1.78201067553	-0.041076159903	-3.74681660493	-2.61687026391	73
5	1.0	0.75	0.0	-0.723755437451	-2.66937700167	-1.47853737826	-0.745756921036	-3.73966406649	-2.3364699894	74
5	1.0	1.0	0.0	-1.39374	-2.580399495	-1.164348127	-1.39374	-3.70453797441	-2.05777355593	75
6	0.0	0.0	0.0	1.053776037	-2.692019766	-2.101371309	1.32779010355	-3.56238766881	-2.93323595487	76
6	0.0	0.25	0.0	0.511502428181	-2.76176234066	-2.01090849403	0.667655207069	-3.69729225171	-2.83658778417	77
6	0.0	0.5	0.0	-0.0848413456798	-2.74202301805	-1.78201067553	-0.041076159903	-3.74681660493	-2.61687026391	78
6	0.0	0.75	0.0	-0.723755437451	-2.66937700167	-1.47853737826	-0.745756921036	-3.73966406649	-2.3364699894	79
6	0.0	1.0	0.0	-1.39374	-2.580399495	-1.164348127	-1.39374	-3.70453797441	-2.05777355593	80
6	0.25	0.0	0.0	1.08058422479	-3.12062138926	-1.65440822362	1.34496025521	-4.08486915966	-2.3635183303	81
6	0.25	0.25	0.0	0.535012587134	-3.11684100315	-1.5593501819	0.678269139111	-4.15745422769	-2.26818287395	82
6	0.25	0.5	0.0	-0.0698948564318	-3.01926929625	-1.37135403958	-0.0339150125269	-4.12917820802	-2.09076600877	83
6	0.25	0.75	0.0	-0.720802265158	-2.87078326217	-1.12440319427	-0.743995043671	-4.04414461185	-1.87150009442	84
6	0.25	1.0	0.0	-1.40437379829	-2.71425989448	-0.852481043627	-1.40437379829	-3.94645695037	-1.65061749056	85
6	0.5	0.0	0.0	1.1248138792	-3.56716785647	-1.07646887528	1.37345645936	-4.61230686511	-1.61098587263	86
6	0.5	0.25	0.0	0.555848034163	-3.49161338147	-0.983572591897	0.687816563474	-4.62774900183	-1.52828144114	87
6	0.5	0.5	0.0	-0.0516089641996	-3.30768176226	-0.826419275237	-0.0260754501552	-4.51843309698	-1.3894291037	88
6	0.5	0.75	0.0	-0.706776651094	-3.0682016642	-0.635810275545	-0.738284264299	-4.34620311156	-1.23314178391	89
6	0.5	1.0	0.0	-1.41887456173	-2.82600175268	-0.442546943062	-1.41887456173	-4.17290300657	-1.09813240538	90
6	0.75	0.0	0.0	1.16740631327	-3.90907368719	-0.466448137552	1.39985635192	-5.02736010178	-0.802889110659	91
6	0.75	0.25	0.0	0.568055166203	-3.78140253071	-0.386925437878	0.69354474702	-5.00043461855	-0.747976103166	92
6	0.75	0.5	0.0	-0.0464868646291	-3.53471646633	-0.265207461939	-0.0232469769545	-4.83545080693	-0.658912346705	93
6	0.75	0.75	0.0	-0.703738395904	-3.22682331927	-0.132767737786	-0.736255635547	-4.60146558913	-0.572508044239	94
6	0.75	1.0	0.0	-1.4312180443	-2.91553091479	-0.0210797934658	-1.4312180443	-4.36753588737	-0.525573398732	95
6	1.0	0.0	0.0	1.18930284	-4.023753401	0.076759116	1.4107375688	-5.21268818629	-0.0664785731987	96
6	1.0	0.25	0.0	0.565680380187	-3.88153150596	0.127241566289	0.692700956609	-5.16776912226	-0.0583594774518	97
6	1.0	0.5	0.0	-0.0710317533667	-3.62782945874	0.194280320889	-0.0311190970911	-5.00110087302	-0.0452685357914	98
6	1.0	0.75	0.0	-0.733747300238	-3.31183933889	0.264715303294	-0.745540210046	-4.76555806812	-0.0407118617815	99
6	1.0	1.0	0.0	-1.43538	-2.982753226	0.325386437	-1.43538	-4.51401533712	-0.0581955689864	100
9	0.0	0.0	0.0	1.18930284	-4.023753401	0.076759116	1.4107375688	-5.21268818629	-0.0664785731987	101
9	0.0	0.25	0.0	0.565680380187	-3.88153150596	0.127241566289	0.692700956609	-5.16776912226	-0.0583594774518	102
9	0.0	0.5	0.0	-0.0710317533667	-3.62782945874	0.194280320889	-0.0311190970911	-5.00110087302	-0.0452685357914	103
9	0.0	0.75	0.0	-0.733747300238	-3.31183933889	0.264715303294	-0.745540210046	-4.76555806812	-0.0407118617815	104
9	0.0	1.0	0.0	-1.43538	-2.982753226	0.325386437	-1.43538	-4.51401533712	-0.0581955689864	105
9	0.25	0.0	0.0	1.18546683913	-3.68663061769	0.735312247311	1.39013755418	-4.92061452429	0.848081970201	106
9	0.25	0.25	0.0	0.569202035255	-3.57100473461	0.741866492677	0.689208624952	-4.88164528535	0.802098737071	107
9	0.25	0.5	0.0	-0.0825468891014	-3.4006519147	0.780398206691	-0.0263669802312	-4.79467982296	0.767837192987	108
9	0.25	0.75	0.0	-0.742711633968	-3.18602485926	0.836022138555	-0.727280681595	-4.65823777999	0.738270023731	109
9	0.25	1.0	0.0	-1.38422389937	-2.93757626959	0.893853037472	-1.38422389937	-4.47083879933	0.706369915081	110
9	0.5	0.0	0.0	1.16941879981	-2.97941219804	1.38676609964	1.34818348261	-4.16173743649	1.72345217596	111
9	0.5	0.25	0.0	0.604184977459	-2.91120455886	1.36126531686	0.696153951125	-4.14403677445	1.65350283202	112
9	0.5	0.5	0.0	-0.0117003586773	-2.85918232484	1.41714325822	0.0196608778047	-4.15404687015	1.6359854759	113
9	0.5	0.75	0.0	-0.647474583412	-2.79227718457	1.50115694196	-0.647710531653	-4.1453284586	1.63525239503	114
9	0.5	1.0	0.0	-1.27237507155	-2.67942082661	1.56006338635	-1.27237507155	-4.07144227481	1.61565587683	115
9	0.75	0.0	0.0	1.15627955133	-2.19034815463	2.05752881215	1.30893651587	-3.24440891768	2.53520965372	116
9	0.75	0.25	0.0	0.646024408378	-2.1898196019	2.02675753999	0.714345768741	-3.2704671185	2.47423959835	117
9	0.75	0.5	0.0	0.0781142404688	-2.23798360242	2.06847283964	0.0801890604498	-3.35660612289	2.46260600634	118
9	0.75	0.75	0.0	-0.527994086831	-2.28895739771	2.12219677771	-0.555038976089	-3.44548874585	2.45524781235	119
9	0.75	1.0	0.0	-1.15284370796	-2.29685822932	2.12745142081	-1.15284370796	-3.47977780238	2.40710395101	120
9	1.0	0.0	0.0	1.161169923	-1.6076885	2.774008524	1.29645781574	-2.47698096264	3.25893201315	121
9	1.0	0.25	0.0	0.670115529587	-1.69453848693	2.7796626632	0.744592911414	-2.57645984648	3.24269582705	122
9	1.0	0.5	0.0	0.1235033109	-1.77161866068	2.69834431515	0.128442151138	-2.67976168947	3.15112847772	123
9	1.0	0.75	0.0	-0.464228082487	-1.83442658159	2.56121871003	-0.497475230773	-2.7773772836	3.00326883592	124
9	1.0	1.0	0.0	-1.07864	-1.87845981	2.399451078	-1.07864	-2.85979742086	2.81815577237	125
10	0.0	0.0	0.0	1.161169923	-1.6076885	2.774008524	1.29645781574	-2.47698096264	3.25893201315	126
10	0.0	0.25	0.0	0.670115529587	-1.69453848693	2.7796626632	0.744592911414	-2.57645984648	3.24269582705	127
10	0.0	0.5	0.0	0.1235033109	-1.77161866068	2.69834431515	0.128442151138	-2.67976168947	3.15112847772	128
10	0.0	0.75	0.0	-0.464228082487	-1.83442658159	2.56121871003	-0.497475230773	-2.7773772836	3.00326883592	129
10	0.0	1.0	0.0	-1.07864	-1.87845981	2.399451078	-1.07864	-2.85979742086	2.81815577237	130
10	0.25	0.0	0.0	1.16710186801	-1.09889617356	3.09699097301	1.27864511446	-1.79195061646	3.53074853044	131
10	0.25	0.25	0.0	0.669694154185	-1.24378679454	3.11577780184	0.740396032165	-1.94632491187	3.52974119165	132
10	0.25	0.5	0.0	0.123813334526	-1.32123659893	2.94651728332	0.134621880034	-2.0482828525	3.37435803915	133
10	0.25	0.75	0.0	-0.457661424027	-1.36394481243	2.68385599463	-0.484264672134	-2.12871594918	3.13354834963	134
10	0.25	1.0	0.0	-1.06185095454	-1.40461066077	2.42244051296	-1.06185095454	-2.21851571274	2.8762613998	135
10	0.5	0.0	0.0	1.15482918403	-0.342681669566	2.94121182693	1.22694839794	-0.880008546816	3.33110876801	136
10	0.5	0.25	0.0	0.654536598028	-0.511375904421	2.92833587786	0.686839478117	-1.05914989361	3.30174625833	137
10	0.5	0.5	0.0	0.115034863351	-0.628771098657	2.79402632572	0.105227132226	-1.19854300388	3.17389259047	138
10	0.5	0.75	0.0	-0.459798727101	-0.716117078406	2.59376906614	-0.488783400397	-1.31725952287	2.99538106354	139
10	0.5	1.0	0.0	-1.06608688042	-0.794663669801	2.38304999473	-1.06608688042	-1.43437109581	2.81404497668	140
10	0.75	0.0	0.0	1.12850298877	0.502397106461	2.56457814512	1.16718485682	0.0771916630965	2.88329291879	141
10	0.75	0.25	0.0	0.621948372569	0.32214088556	2.53327878464	0.617486273529	-0.115045453694	2.83982804327	142
10	0.75	0.5	0.0	0.0878789847796	0.140949587433	2.48159039638	0.0548613772413	-0.312105494185	2.78194918552	143
10	0.75	0.75	0.0	-0.47869086473	-0.0298686018392	2.39920633518	-0.514084709985	-0.500922792045	2.71216814408	144
10	0.75	1.0	0.0	-1.08274686609	-0.17900549618	2.27581995589	-1.08274686609	-0.668431680942	2.63299671744	145
10	1.0	0.0	0.0	1.0922744	1.277782249	2.224996987	1.12517168173	0.897996430086	2.41058117568	146
10	1.0	0.25	0.0	0.569234989264	1.07621027754	2.24654841555	0.565899442663	0.685877745893	2.42510356265	147
10	1.0	0.5	0.0	0.0330567862185	0.823097206649	2.24992844931	-0.00187191539348	0.429466326016	2.43074487816	148
10	1.0	0.75	0.0	-0.522388709936	0.55587539493	2.20841621242	-0.56322189532	0.162379455904	2.40731075763	149
10	1.0	1.0	0.0	-1.10323	0.311977201	2.095290829	-1.10323	-0.0817655789956	2.33460683651	150
13	0.0	0.0	0.0	1.0922744	1.277782249	2.224996987	1.12517168173	0.897996430086	2.41058117568	151
13	0.0	0.25	0.0	0.569234989264	1.07621027754	2.24654841555	0.565899442663	0.685877745893	2.42510356265	152
13	0.0	0.5	0.0	0.0330567862185	0.823097206649	2.24992844931	-0.00187191539348	0.429466326016	2.43074487816	153
13	0.0	0.75	0.0	-0.522388709936	0.55587539493	2.20841621242	-0.56322189532	0.162379455904	2.40731075763	154
13	0.0	1.0	0.0	-1.10323	0.311977201	2.095290829	-1.10323	-0.0817655789956	2.33460683651	155
13	0.25	0.0	0.0	1.07781196539	1.53355048951	2.08620465629	1.11398782161	1.15332325047	2.19333737367	156
13	0.25	0.25	0.0	0.546862595678	1.31475594838	2.13630288376	0.552251671814	0.927568126931	2.23994221026	157
13	0.25	0.5	0.0	0.00933652540328	1.03802588364	2.15196527628	-0.0186450832174	0.652968181333	2.2656199551	158
13	0.25	0.75	0.0	-0.543297605346	0.738938242764	2.10976200267	-0.581615130356	0.3614453702	2.24841932759	159
13	0.25	1.0	0.0	-1.11957115648	0.453070973193	1.98626323174	-1.11957115648	0.0849216500555	2.16638904712	160
13	0.5	0.0	0.0	1.06538779919	1.77236364789	1.87206074253	1.10139713515	1.39148144889	1.88259577758	161
13	0.5	0.25	0.0	0.527391413684	1.5352016766	1.9343469937	0.536095818493	1.15365138898	1.94741365746	162
13	0.5	0.5	0.0	-0.0100958612122	1.24587911947	1.96997064985	-0.0320576252052	0.871062676874	1.99741805763	163
13	0.5	0.75	0.0	-0.563055946727	0.926859898201	1.94747007666	-0.595700663534	0.567147215565	2.00507126906	164
13	0.5	1.0	0.0	-1.14747076409	0.600607934527	1.83538363982	-1.14747076409	0.265336908057	1.94283558271	165
13	0.75	0.0	0.0	1.05784060114	1.95500651282	1.62832274875	1.09196007479	1.57904830789	1.53978611381	166
13	0.75	0.25	0.0	0.513313408781	1.70675958604	1.69571473361	0.521145406652	1.33645298966	1.61815046862	167
13	0.75	0.5	0.0	-0.0240562411325	1.41583150345	1.75468074846	-0.0441294126121	1.05577406619	1.6965790925	168
13	0.75	0.75	0.0	-0.578804492607	1.09071356418	1.76342326833	-0.608216379286	0.751762280088	1.74074236036	169
13	0.75	1.0	0.0	-1.17546748965	0.739897067347	1.68014476823	-1.17546748965	0.439168374015	1.71631064715	170
13	1.0	0.0	0.0	1.058009071	2.042263873	1.400748178	1.09023709295	1.68260111002	1.22633810874	171
13	1.0	0.25	0.0	0.507120546468	1.7986418005	1.47544009168	0.511113960243	1.44829838661	1.3227852081	172
13	1.0	0.5	0.0	-0.031360481862	1.51705762494	1.55683175052	-0.0568803166936	1.17912660282	1.43354296643	173
13	1.0	0.75	0.0	-0.587684001511	1.20157244365	1.5995044116	-0.621900162046	0.887567851856	1.51890837981	174
13	1.0	1.0	0.0	-1.1921	0.856247354	1.558039332	-1.1921	0.586104226932	1.53917844434	175
14	0.0	0.0	0.0	1.058009071	2.042263873	1.400748178	1.09023709295	1.68260111002	1.22633810874	176
14	0.0	0.25	0.0	0.507120546468	1.7986418005	1.47544009168	0.511113960243	1.44829838661	1.3227852081	177
14	0.0	0.5	0.0	-0.031360481862	1.51705762494	1.55683175052	-0.0568803166936	1.17912660282	1.43354296643	178
14	0.0	0.75	0.0	-0.587684001511	1.20157244365	1.5995044116	-0.621900162046	0.887567851856	1.51890837981	179
14	0.0	1.0	0.0	-1.1921	0.856247354	1.558039332	-1.1921	0.586104226932	1.53917844434	180
14	0.25	0.0	0.0	1.05904420374	2.01317051452	1.12253003867	1.08845487247	1.69592899243	0.854352968022	181
14	0.25	0.25	0.0	0.508875338565	1.81063888485	1.17119402482	0.507449149502	1.50464259358	0.933637709188	182
14	0.25	0.5	0.0	-0.0287073553335	1.56709246529	1.22785470764	-0.0647690902966	1.27843293227	1.01973583909	183
14	0.25	0.75	0.0	-0.585170850379	1.29319672875	1.26915156473	-0.630484596579	1.03337914535	1.09593441542	184
14	0.25	1.0	0.0	-1.191982119	0.99961714811	1.27172407365	-1.191982119	0.785560369649	1.1455204959	185
14	0.5	0.0	0.0	1.05304254999	1.8950906306	0.787635575047	1.08008680905	1.6413134458	0.411794131972	186
14	0.5	0.25	0.0	0.514148153359	1.75020804167	0.790388485296	0.513084074377	1.50429051939	0.452547973448	187
14	0.5	0.5	0.0	-0.0174290160389	1.54098755143	0.816275012368	-0.0502819636684	1.31059966552	0.501441251734	188
14	0.5	0.75	0.0	-0.570370918271	1.29753007516	0.844834312599	-0.611825195968	1.09533011459	0.550692378948	189
14	0.5	1.0	0.0	-1.17335951341	1.04993652812	0.855605542329	-1.17335951341	0.89357109699	0.592519767205	190
14	0.75	0.0	0.0	1.04287918675	1.72992379539	0.466524643899	1.07275248926	1.54447182652	-0.0166699752565	191
14	0.75	0.25	0.0	0.517513193227	1.63805352665	0.424196082393	0.522040326885	1.45469225476	-0.0165148283561	192
14	0.75	0.5	0.0	-0.00794215688296	1.45503730978	0.416581788174	-0.0298210513856	1.28410209577	-0.00819533945745	193
14	0.75	0.75	0.0	-0.556556544642	1.2356071577	0.421908491304	-0.586433694427	1.09037707233	0.004105063861	194
14	0.75	1.0	0.0	-1.15139965111	1.03449508332	0.418402921842	-1.15139965111	0.9311929072	0.0162029540209	195
14	1.0	0.0	0.0	1.031429191	1.559569583	0.229657102	1.07407149964	1.43112149097	-0.346370929512	196
14	1.0	0.25	0.0	0.513544660543	1.49487959547	0.163789425391	0.528339499042	1.36329789039	-0.369581525463	197
14	1.0	0.5	0.0	-0.0106634707701	1.32553616678	0.123264158547	-0.019788468025	1.20741551623	-0.396028478315	198
14	1.0	0.75	0.0	-0.557000068948	1.12846265121	0.0957299369303	-0.57482182617	1.03547633132	-0.422904736355	199
14	1.0	1.0	0.0	-1.14127	0.980582403	0.068835396	-1.14127	0.919482298523	-0.447403247872	200
17	0.0	0.0	0.0	5.348771418	1.274440841	0.312304812	5.48677051183	1.30874865656	-0.168366591613	201
17	0.0	0.25	0.0	4.89041157105	1.35270898378	0.408300534433	5.01622456248	1.36926207381	-0.171442137099	202
17	0.0	0.5	0.0	4.40088597981	1.41800038691	0.46137224081	4.52313154626	1.39427296748	-0.183637344453	203
17	0.0	0.75	0.0	3.91418333341	1.46377358208	0.492304896532	4.03452543113	1.39463704357	-0.200050126957	204
17	0.0	1.0	0.0	3.464292321	1.483487101	0.521883467	3.57744018508	1.38121000807	-0.215778397899	205
17	0.25	0.0	0.0	5.33478212659	1.19501443065	0.16972681941	5.49024274997	1.25759453537	-0.320250036434	206
17	0.25	0.25	0.0	4.87644542575	1.23746995259	0.252734954457	5.02054188926	1.29497045063	-0.347920640843	207
17	0.25	0.5	0.0	4.3907403886	1.2708407344	0.303133087349	4.52679712517	1.29539975355	-0.370974963649	208
17	0.25	0.75	0.0	3.90527327716	1.2871707163	0.338217886164	4.03566380112	1.26910610376	-0.391145583377	209
17	0.25	1.0	0.0	3.44765035348	1.27850383852	0.375286018979	3.57379726053	1.2263131609	-0.410165078552	210
17	0.5	0.0	0.0	5.32622919617	1.14546646686	0.00103162340683	5.49613620593	1.22658847759	-0.498561700222	211
17	0.5	0.25	0.0	4.86017144557	1.14905082437	0.0749737670256	5.01967954909	1.23485407233	-0.542079350051	212
17	0.5	0.5	0.0	4.37400935342	1.13695307799	0.130213120116	4.52493813057	1.19510057905	-0.575317342817	213
17	0.5	0.75	0.0	3.88867639146	1.11344152498	0.170919771859	4.03377422902	1.13039763789	-0.604049250015	214
17	0.5	1.0	0.0	3.42510603142	1.08278446265	0.201263811437	3.56805012307	1.06381488897	-0.634048643142	215
17	0.75	0.0	0.0	5.32435419591	1.10287191939	-0.1672767888	5.50460868206	1.19502534908	-0.679946924453	216
17	0.75	0.25	0.0	4.85035651265	1.07176859052	-0.102577785343	5.02010295943	1.17586897813	-0.734940583744	217
17	0.75	0.5	0.0	4.35905837534	1.01531887112	-0.0431893356309	4.52191086729	1.09562799752	-0.778380340323	218
17	0.75	0.75	0.0	3.87017657407	0.950464599618	0.00220008736619	4.02935324059	0.992357118742	-0.817924169286	219
17	0.75	1.0	0.0	3.40342789891	0.894147614459	0.0249020106776	3.56175091427	0.904111053314	-0.861230045726	220
17	1.0	0.0	0.0	5.330398695	1.044305758	-0.30869443	5.51581798075	1.14220001568	-0.841051050601	221
17	1.0	0.25	0.0	4.85576750915	0.98994024242	-0.257514460132	5.02827753775	1.10497120729	-0.907526660942	222
17	1.0	0.5	0.0	4.35425295543	0.904919567243	-0.202875954633	4.52207164015	0.999234562468	-0.961879814534	223
17	1.0	0.75	0.0	3.85555772275	0.806118531695	-0.156151633568	4.02289736159	0.868830019083	-1.0119333836	224
17	1.0	1.0	0.0	3.3893845	0.710411935	-0.128714217	3.5564517757	0.757597514983	-1.06551024036	225
18	0.0	0.0	0.0	3.464292321	1.483487101	0.521883467	3.57744018508	1.38121000807	-0.215778397899	226
18	0.0	0.25	0.0	2.88630062464	1.4959285415	0.518926524855	2.98494388726	1.37689579329	-0.241919723253	227
18	0.0	0.5	0.0	2.26000923847	1.51721931015	0.443616100352	2.34422169112	1.39532409564	-0.278704370005	228
18	0.0	0.75	0.0	1.62764361106	1.54066459471	0.334382767924	1.6942665706	1.41917322493	-0.316674163608	229
18	0.0	1.0	0.0	1.031429191	1.559569583	0.229657102	1.07407149964	1.43112149097	-0.346370929512	230
18	0.25	0.0	0.0	3.44765035348	1.27850383852	0.375286018979	3.57379726053	1.2263131609	-0.410165078552	231
18	0.25	0.25	0.0	2.86245923884	1.26972754769	0.367287174969	2.98303009747	1.19981937895	-0.454837413187	232
18	0.25	0.5	0.0	2.23792395746	1.29168900377	0.268059039649	2.3488518255	1.2196543514	-0.524933564277	233
18	0.25	0.75	0.0	1.61416729156	1.32547509143	0.134313816922	1.7071063723	1.25325161027	-0.595858399538	234
18	0.25	1.0	0.0	1.03131202337	1.35217269537	0.0227637106914	1.09363766555	1.2680446876	-0.643016786685	235
18	0.5	0.0	0.0	3.42510603142	1.08278446265	0.201263811437	3.56805012307	1.06381488897	-0.634048643142	236
18	0.5	0.25	0.0	2.84100139281	1.06118833996	0.171457192284	2.98198326178	1.0238707351	-0.700772646043	237
18	0.5	0.5	0.0	2.22282747456	1.06701708086	0.0523110453167	2.35534820291	1.03046695224	-0.80079233407	238
18	0.5	0.75	0.0	1.61163853899	1.08280310657	-0.0969773075088	1.72515780135	1.0499325917	-0.902743842971	239
18	0.5	1.0	0.0	1.04848884842	1.0910788383	-0.217210544239	1.12842491197	1.04859670479	-0.975263308496	240
18	0.75	0.0	0.0	3.40342789891	0.894147614459	0.0249020106776	3.56175091427	0.904111053314	-0.861230045726	241
18	0.75	0.25	0.0	2.82721673829	0.855244478301	-0.0266580883184	2.98393198791	0.853096878604	-0.949870737766	242
18	0.75	0.5	0.0	2.21767368599	0.839938619809	-0.164430573429	2.36589234	0.843509893386	-1.07741934681	243
18	0.75	0.75	0.0	1.61860587824	0.831212953045	-0.329801782606	1.74749748898	0.842640645692	-1.20875371621	244
18	0.75	1.0	0.0	1.07382045127	0.812050392071	-0.464158053799	1.16861295332	0.817779683552	-1.30875168929	245
18	1.0	0.0	0.0	3.3893845	0.710411935	-0.128714217	3.5564517757	0.757597514983	-1.06551024036	246
18	1.0	0.25	0.0	2.82639492706	0.636829522712	-0.185153331954	2.9910048836	0.691544826361	-1.1722770043	247
18	1.0	0.5	0.0	2.22541648798	0.607188699011	-0.342968507373	2.3826657534	0.67453117005	-1.32595326994	248
18	1.0	0.75	0.0	1.63361783416	0.589268943804	-0.534470785605	1.77320206642	0.664800248686	-1.48531124156	249
18	1.0	1.0	0.0	1.098167617	0.550849737	-0.691971209	1.20438150399	0.620595764908	-1.60912312343	250
19	0.0	0.0	0.0	5.330398695	1.044305758	-0.30869443	5.51581798075	1.14220001568	-0.841051050601	251
19	0.0	0.25	0.0	4.85576750915	0.98994024242	-0.257514460132	5.02827753775	1.10497120729	-0.907526660942	252
19	0.0	0.5	0.0	4.35425295543	0.904919567243	-0.202875954633	4.52207164015	0.999234562468	-0.961879814534	253
19	0.0	0.75	0.0	3.85555772275	0.806118531695	-0.156151633568	4.02289736159	0.868830019083	-1.0119333836	254
19	0.0	1.0	0.0	3.3893845	0.710411935	-0.128714217	3.5564517757	0.757597514983	-1.06551024036	255
19	0.25	0.0	0.0	5.33835858203	0.944266948335	-0.400422664613	5.52439254437	1.04134552522	-0.959128950788	256
19	0.25	0.25	0.0	4.8685017452	0.888012535818	-0.375737542781	5.04362979137	1.00910017112	-1.04954393026	257
19	0.25	0.5	0.0	4.36324129546	0.79078572396	-0.346955823725	4.5360207689	0.899471510041	-1.1318433747	258
19	0.25	0.75	0.0	3.85752910813	0.671938330321	-0.317771128684	4.03282917177	0.759544889486	-1.20623446498	259
19	0.25	1.0	0.0	3.38631705853	0.550822172463	-0.291877078896	3.56531869482	0.636405656949	-1.27292438201	260
19	0.5	0.0	0.0	5.34353409909	0.802562540264	-0.468659287319	5.53044920492	0.895552859347	-1.05805818009	261
19	0.5	0.25	0.0	4.87835751346	0.759574016602	-0.482147540635	5.06241280302	0.885009830235	-1.18614146241	262
19	0.5	0.5	0.0	4.38014532313	0.655665169726	-0.495508982086	4.5643774504	0.781526053592	-1.31602466308	263
19	0.5	0.75	0.0	3.87498166776	0.527507432481	-0.504300280837	4.06463178618	0.64159548111	-1.43317532087	264
19	0.5	1.0	0.0	3.38895068702	0.411772237715	-0.504078106053	3.5914644495	0.521712064479	-1.52306097455	265
19	0.75	0.0	0.0	5.34693798285	0.64979292331	-0.535403957116	5.53972894127	0.743662521572	-1.15438410383	266
19	0.75	0.25	0.0	4.88723787977	0.621131921316	-0.58468540494	5.08329917015	0.7511594137	-1.31919804475	267
19	0.75	0.5	0.0	4.39820204399	0.516229606337	-0.637497056198	4.59570687132	0.653991083087	-1.49498882925	268
19	0.75	0.75	0.0	3.89496834674	0.38868227892	-0.686680952432	4.10074120897	0.516725548417	-1.65547253353	269
19	0.75	1.0	0.0	3.39267465924	0.29208623961	-0.725079135184	3.6221913473	0.403930828376	-1.77436523377	270
19	1.0	0.0	0.0	5.34958297	0.516558487	-0.622656333	5.5579727323	0.624515015417	-1.26465208732	271
19	1.0	0.25	0.0	4.89704590995	0.489193486499	-0.691292086946	5.10496149021	0.626008150583	-1.45059246468	272
19	1.0	0.5	0.0	4.41064846357	0.38915073559	-0.761881672546	4.61857421834	0.525459488492	-1.64930102278	273
19	1.0	0.75	0.0	3.90454209016	0.271319310386	-0.835855005873	4.12359344432	0.38667884587	-1.83584268518	274
19	1.0	1.0	0.0	3.392878249	0.190588287	-0.914642003	3.64480169579	0.273476039444	-1.98528237542	275
20	0.0	0.0	0.0	3.3893845	0.710411935	-0.128714217	3.5564517757	0.757597514983	-1.06551024036	276
20	0.0	0.25	0.0	2.82639492706	0.636829522712	-0.185153331954	2.9910048836	0.691544826361	-1.1722770043	277
20	0.0	0.5	0.0	2.22541648798	0.607188699011	-0.342968507373	2.3826657534	0.67453117005	-1.32595326994	278
20	0.0	0.75	0.0	1.63361783416	0.589268943804	-0.534470785605	1.77320206642	0.664800248686	-1.48531124156	279
20	0.0	1.0	0.0	1.098167617	0.550849737	-0.691971209	1.20438150399	0.620595764908	-1.60912312343	280
20	0.25	0.0	0.0	3.38631705853	0.550822172463	-0.291877078896	3.56531869482	0.636405656949	-1.27292438201	281
20	0.25	0.25	0.0	2.82397370721	0.461363568693	-0.35280591674	3.00412215818	0.565409834053	-1.39439356993	282
20	0.25	0.5	0.0	2.22852638931	0.437414778426	-0.533962288654	2.40141922386	0.554506932273	-1.57210754688	283
20	0.25	0.75	0.0	1.64411314825	0.428520134472	-0.75000106454	1.79634463369	0.550050342592	-1.75262587186	284
20	0.25	1.0	0.0	1.11487202746	0.384223969646	-0.915577114301	1.22803312953	0.498393455995	-1.88250810388	285
20	0.5	0.0	0.0	3.38895068702	0.411772237715	-0.504078106053	3.5914644495	0.521712064479	-1.52306097455	286
20	0.5	0.25	0.0	2.80968658364	0.341957945972	-0.59261912492	3.02306347904	0.459890554159	-1.66520897072	287
20	0.5	0.5	0.0	2.21763718232	0.331087314283	-0.805372791609	2.42141910258	0.455675600215	-1.87303443152	288
20	0.5	0.75	0.0	1.6461880425	0.326527963984	-1.04068948906	1.81906028527	0.453021203255	-2.07587525637	289
20	0.5	1.0	0.0	1.12872472364	0.275647516411	-1.1969196002	1.24851599228	0.395881363891	-2.20306934468	290
20	0.75	0.0	0.0	3.39267465924	0.29208623961	-0.725079135184	3.6221913473	0.403930828376	-1.77436523377	291
20	0.75	0.25	0.0	2.79323133292	0.251736059073	-0.853514603196	3.04527891618	0.352221735191	-1.94139429928	292
20	0.75	0.5	0.0	2.20303576736	0.251953463858	-1.09486664022	2.44300561363	0.350746289657	-2.17512449626	293
20	0.75	0.75	0.0	1.64428526561	0.246746513859	-1.34355032499	1.84189875756	0.345209039006	-2.39642112801	294
20	0.75	1.0	0.0	1.13917713075	0.19012326897	-1.49398073626	1.2684856659	0.281314530467	-2.52614949784	295
20	1.0	0.0	0.0	3.392878249	0.190588287	-0.914642003	3.64480169579	0.273476039444	-1.98528237542	296
20	1.0	0.25	0.0	2.78430573161	0.163821312519	-1.08441399827	3.06821853961	0.21963812566	-2.17962064825	297
20	1.0	0.5	0.0	2.19500904477	0.163760384427	-1.34011045845	2.46651898107	0.212428116381	-2.42476831348	298
20	1.0	0.75	0.0	1.6428475663	0.152629865622	-1.59559783815	1.86540978696	0.198110058171	-2.65562521967	299
20	1.0	1.0	0.0	1.145680674	0.092654119	-1.764742592	1.29059772404	0.122947997595	-2.80709121537	300
25	0.0	0.0	0.0	5.34958297	0.516558487	-0.622656333	5.5579727323	0.624515015417	-1.26465208732	301
25	0.0	0.25	0.0	4.89704590995	0.489193486499	-0.691292086946	5.10496149021	0.626008150583	-1.45059246468	302
25	0.0	0.5	0.0	4.41064846357	0.38915073559	-0.761881672546	4.61857421834	0.525459488492	-1.64930102278	303
25	0.0	0.75	0.0	3.90454209016	0.271319310386	-0.835855005873	4.12359344432	0.38667884587	-1.83584268518	304
25	0.0	1.0	0.0	3.392878249	0.190588287	-0.914642003	3.64480169579	0.273476039444	-1.98528237542	305
25	0.25	0.0	0.0	5.3575500589	0.125751638805	-1.01588419617	5.63420908311	0.206088982113	-1.67300191511	306
25	0.25	0.25	0.0	4.91368840558	0.0750176733636	-1.07027472888	5.16566185115	0.149709024642	-1.85101467073	307
25	0.25	0.5	0.0	4.41924284485	-0.00261746421615	-1.07680314703	4.65706503269	0.0356130712018	-1.99121252842	308
25	0.25	0.75	0.0	3.89058760365	-0.0851387312931	-1.08733159986	4.14062396293	-0.09908480826	-2.11794726334	309
25	0.25	1.0	0.0	3.3440969089	-0.150531085226	-1.15372223662	3.64854397709	-0.217270543797	-2.25557065067	310
25	0.5	0.0	0.0	5.35813429921	-0.291041245295	-1.41889621503	5.69576876622	-0.378819235105	-2.02584749934	311
25	0.5	0.25	0.0	4.89554581737	-0.375803295436	-1.43640562822	5.20643235858	-0.489500265647	-2.17837890662	312
25	0.5	0.5	0.0	4.39328983927	-0.481579843116	-1.35670106544	4.68106440023	-0.646371256978	-2.24315403872	313
25	0.5	0.75	0.0	3.84497653733	-0.589318052732	-1.26153124257	4.14434101583	-0.813026370817	-2.27924140403	314
25	0.5	1.0	0.0	3.24421608396	-0.679965088682	-1.23264487551	3.62093833006	-0.953059768883	-2.34570951093	315
25	0.75	0.0	0.0	5.34163648816	-0.700201259248	-1.68467864411	5.7311776617	-0.99689908392	-2.20682864642	316
25	0.75	0.25	0.0	4.8490102389	-0.822754656478	-1.66612270435	5.22400469265	-1.15525024608	-2.33098523838	317
25	0.75	0.5	0.0	4.33469040896	-0.966811149194	-1.51887049167	4.69047846188	-1.35218155598	-2.3390306701	318
25	0.75	0.75	0.0	3.7742106039	-1.11540022307	-1.33888438441	4.14338465892	-1.55384286828	-2.30631115663	319
25	0.75	1.0	0.0	3.14310442928	-1.2515513638	-1.2221267609	3.59550897328	-1.72638403764	-2.308172913	320
25	1.0	0.0	0.0	5.298357423	-1.068109497	-1.666217738	5.72896164964	-1.51484001201	-2.09958516276	321
25	1.0	0.25	0.0	4.78047376377	-1.22532164634	-1.63586387665	5.21511053348	-1.71117144243	-2.2071337321	322
25	1.0	0.5	0.0	4.24534551606	-1.37738613053	-1.48060648963	4.68521335857	-1.91350588573	-2.21274753902	323
25	1.0	0.75	0.0	3.68479151606	-1.53756681146	-1.29982147579	4.14639494811	-2.12023132714	-2.18574257055	324
25	1.0	1.0	0.0	3.0906306	-1.719127551	-1.192884734	3.60578012532	-2.32973575191	-2.19543481369	325
26	0.0	0.0	0.0	3.392878249	0.190588287	-0.914642003	3.64480169579	0.273476039444	-1.98528237542	326
26	0.0	0.25	0.0	2.78430573161	0.163821312519	-1.08441399827	3.06821853961	0.21963812566	-2.17962064825	327
26	0.0	0.5	0.0	2.19500904477	0.163760384427	-1.34011045845	2.46651898107	0.212428116381	-2.42476831348	328
26	0.0	0.75	0.0	1.6428475663	0.152629865622	-1.59559783815	1.86540978696	0.198110058171	-2.65562521967	329
26	0.0	1.0	0.0	1.145680674	0.092654119	-1.764742592	1.29059772404	0.122947997595	-2.80709121537	330
26	0.25	0.0	0.0	3.3440969089	-0.150531085226	-1.15372223662	3.64854397709	-0.217270543797	-2.25557065067	331
26	0.25	0.25	0.0	2.72485399286	-0.205672544363	-1.36743812466	3.08159738422	-0.314528217255	-2.48633441272	332
26	0.25	0.5	0.0	2.15062801238	-0.263555536399	-1.67757626091	2.4930861072	-0.396278395041	-2.7746762905	333
26	0.25	0.75	0.0	1.62089622862	-0.334396483612	-2.0012217622	1.90278240556	-0.491251470605	-3.06117979844	334
26	0.25	1.0	0.0	1.13513590273	-0.428411808282	-2.25545974533	1.33045853883	-0.628177837401	-3.28642845093	335
26	0.5	0.0	0.0	3.24421608396	-0.679965088682	-1.23264487551	3.62093833006	-0.953059768883	-2.34570951093	336
26	0.5	0.25	0.0	2.60640891243	-0.785132274368	-1.42072258935	3.05187574145	-1.10162324971	-2.5604885516	337
26	0.5	0.5	0.0	2.06268911403	-0.923491559176	-1.78804274872	2.47977397379	-1.28219640456	-2.88797930665	338
26	0.5	0.75	0.0	1.57329596341	-1.07662000105	-2.1846305586	1.90718854295	-1.48121015327	-3.22074313599	339
26	0.5	1.0	0.0	1.09846873523	-1.22609465794	-2.46051122397	1.33667496477	-1.68509541564	-3.4513413995	340
26	0.75	0.0	0.0	3.14310442928	-1.2515513638	-1.2221267609	3.59550897328	-1.72638403764	-2.308172913	341
26	0.75	0.25	0.0	2.50586730884	-1.42229715055	-1.36301978046	3.02333723187	-1.93639167409	-2.48514756583	342
26	0.75	0.5	0.0	1.98950883551	-1.64311339429	-1.74646012617	2.46144497877	-2.21613470393	-2.8129405786	343
26	0.75	0.75	0.0	1.52977989621	-1.87040367943	-2.16266099049	1.89999519591	-2.50923769218	-3.14272289053	344
26	0.75	1.0	0.0	1.06243137787	-2.06057159039	-2.40183556588	1.32915086523	-2.75932520387	-3.32566544088	345
26	1.0	0.0	0.0	3.0906306	-1.719127551	-1.192884734	3.60578012532	-2.32973575191	-2.19543481369	346
26	1.0	0.25	0.0	2.50012600062	-1.96490644597	-1.3130820861	3.04026547603	-2.61357819279	-2.34337595638	347
26	1.0	0.5	0.0	1.98940366261	-2.24948675213	-1.62777859755	2.47296152003	-2.96890208486	-2.59782332301	348
26	1.0	0.75	0.0	1.52008115254	-2.51211051148	-1.95214982098	1.90256936123	-3.31280578968	-2.83552672027	349
26	1.0	1.0	0.0	1.053776037	-2.692019766	-2.101371309	1.32779010355	-3.56238766881	-2.93323595487	350
27	0.0	0.0	0.0	5.298357423	-1.068109497	-1.666217738	5.72896164964	-1.51484001201	-2.09958516276	351
27	0.0	0.25	0.0	4.78047376377	-1.22532164634	-1.63586387665	5.21511053348	-1.71117144243	-2.2071337321	352
27	0.0	0.5	0.0	4.24534551606	-1.37738613053	-1.48060648963	4.68521335857	-1.91350588573	-2.21274753902	353
27	0.0	0.75	0.0	3.68479151606	-1.53756681146	-1.29982147579	4.14639494811	-2.12023132714	-2.18574257055	354
27	0.0	1.0	0.0	3.0906306	-1.719127551	-1.192884734	3.60578012532	-2.32973575191	-2.19543481369	355
27	0.25	0.0	0.0	5.26867360939	-1.25019112182	-1.39196343916	5.73515369232	-1.80769124787	-1.73444219916	356
27	0.25	0.25	0.0	4.74308450728	-1.48393477651	-1.35848801967	5.22780628978	-2.07446185706	-1.83073201695	357
27	0.25	0.5	0.0	4.20421140489	-1.7190945798	-1.23407523258	4.71378833104	-2.35159158318	-1.84448830549	358
27	0.25	0.75	0.0	3.66681965167	-1.96700305494	-1.10821585246	4.19673279817	-2.6411575579	-1.84046488589	359
27	0.25	1.0	0.0	3.14567459708	-2.23899272522	-1.07040065387	3.68027267324	-2.94523691291	-1.88341557928	360
27	0.5	0.0	0.0	5.26383041103	-1.30957552904	-0.973425642352	5.77627989239	-2.0219076311	-1.18764999045	361
27	0.5	0.25	0.0	4.75048878105	-1.66515188176	-0.931275254659	5.28328593525	-2.38980828234	-1.27238667105	362
27	0.5	0.5	0.0	4.25270482323	-2.05816310115	-0.851502810344	4.79313342418	-2.7970444288	-1.29253955835	363
27	0.5	0.75	0.0	3.76455740665	-2.45786725855	-0.784843186812	4.29684425729	-3.21929364783	-1.29778333904	364
27	0.5	1.0	0.0	3.28012540041	-2.8335224253	-0.782031261468	3.78544033267	-3.63223351675	-1.33779269983	365
27	0.75	0.0	0.0	5.27007613265	-1.30178181198	-0.526887318365	5.82805390815	-2.15105393905	-0.6037550758	366
27	0.75	0.25	0.0	4.77158645792	-1.77885762264	-0.46780575327	5.35246384256	-2.61825679097	-0.661796050304	367
27	0.75	0.5	0.0	4.32569941166	-2.32499587247	-0.418033970829	4.88524371141	-3.15261055426	-0.675777719491	368
27	0.75	0.75	0.0	3.88666701787	-2.8597715648	-0.389786701335	4.40178084558	-3.69321295453	-0.675911761013	369
27	0.75	1.0	0.0	3.40874130053	-3.30275970298	-0.395278675081	3.87746257594	-4.17916171744	-0.692409852524	370
27	1.0	0.0	0.0	5.273659079	-1.282329064	-0.168631438	5.86618939794	-2.18869494912	-0.127303994365	371
27	1.0	0.25	0.0	4.77527741073	-1.83493665971	-0.0816596871552	5.4062543844	-2.72085345568	-0.128658510594	372
27	1.0	0.5	0.0	4.35806881077	-2.44999707161	-0.0188134619524	4.95211426615	-3.32103609118	-0.1130792108	373
27	1.0	0.75	0.0	3.94181072217	-3.0223281162	0.0168703814767	4.46659408317	-3.90148883563	-0.0930639828293	374
27	1.0	1.0	0.0	3.446280588	-3.44674761	0.022354987	3.91251887542	-4.37445766902	-0.0811107145322	375
28	0.0	0.0	0.0	3.0906306	-1.719127551	-1.192884734	3.60578012532	-2.32973575191	-2.19543481369	376
28	0.0	0.25	0.0	2.50012600062	-1.96490644597	-1.3130820861	3.04026547603	-2.61357819279	-2.34337595638	377
28	0.0	0.5	0.0	1.98940366261	-2.24948675213	-1.62777859755	2.47296152003	-2.96890208486	-2.59782332301	378
28	0.0	0.75	0.0	1.52008115254	-2.51211051148	-1.95214982098	1.90256936123	-3.31280578968	-2.83552672027	379
28	0.0	1.0	0.0	1.053776037	-2.692019766	-2.101371309	1.32779010355	-3.56238766881	-2.93323595487	380
28	0.25	0.0	0.0	3.14567459708	-2.23899272522	-1.07040065387	3.68027267324	-2.94523691291	-1.88341557928	381
28	0.25	0.25	0.0	2.62093309559	-2.52769339283	-1.18899192615	3.13008742252	-3.27329350543	-2.01676506904	382
28	0.25	0.5	0.0	2.08932302996	-2.79577363482	-1.3980283568	2.53955093033	-3.60589702931	-2.18787264417	383
28	0.25	0.75	0.0	1.56961615481	-3.00587058803	-1.58925282843	1.93554720508	-3.89307855668	-2.3267773746	384
28	0.25	1.0	0.0	1.08058422479	-3.12062138926	-1.65440822362	1.34496025521	-4.08486915966	-2.3635183303	385
28	0.5	0.0	0.0	3.28012540041	-2.8335224253	-0.782031261468	3.78544033267	-3.63223351675	-1.33779269983	386
28	0.5	0.25	0.0	2.78045610601	-3.1306052223	-0.862694250076	3.24397488871	-3.97377375937	-1.42950486306	387
28	0.5	0.5	0.0	2.2188823747	-3.3625909142	-0.974927442413	2.62668150988	-4.26023669931	-1.53049178905	388
28	0.5	0.75	0.0	1.64910227594	-3.51345371944	-1.06432194773	1.98577157413	-4.47771638507	-1.60342746363	389
28	0.5	1.0	0.0	1.1248138792	-3.56716785647	-1.07646887528	1.37345645936	-4.61230686511	-1.61098587263	390
28	0.75	0.0	0.0	3.40874130053	-3.30275970298	-0.395278675081	3.87746257594	-4.17916171744	-0.692409852524	391
28	0.75	0.25	0.0	2.9071373263	-3.58300242394	-0.428310524066	3.33423518857	-4.51107827783	-0.732650320167	392
28	0.75	0.5	0.0	2.32227570493	-3.78410783672	-0.463937160594	2.69578837814	-4.76182925236	-0.775499297571	393
28	0.75	0.75	0.0	1.72031313454	-3.89611767868	-0.483026919983	2.0287771106	-4.93329605551	-0.804423366985	394
28	0.75	1.0	0.0	1.16740631327	-3.90907368719	-0.466448137552	1.39985635192	-5.02736010178	-0.802889110659	395
28	1.0	0.0	0.0	3.446280588	-3.44674761	0.022354987	3.91251887542	-4.37445766902	-0.0811107145322	396
28	1.0	0.25	0.0	2.92941905094	-3.69424548727	0.0200377857042	3.35317563611	-4.68126638404	-0.0772564221063	397
28	1.0	0.5	0.0	2.34369702876	-3.8944936488	0.0294811824538	2.70830665453	-4.94058284593	-0.0727137096311	398
28	1.0	0.75	0.0	1.7450223492	-4.01512023867	0.0489625137265	2.04009845675	-5.12639434868	-0.0687114642731	399
28	1.0	1.0	0.0	1.18930284	-4.023753401	0.076759116	1.4107375688	-5.21268818629	-0.0664785731987	400
33	0.0	0.0	0.0	5.273659079	-1.282329064	-0.168631438	5.86618939794	-2.18869494912	-0.127303994365	401
33	0.0	0.25	0.0	4.77527741073	-1.83493665971	-0.0816596871552	5.4062543844	-2.72085345568	-0.128658510594	402
33	0.0	0.5	0.0	4.35806881077	-2.44999707161	-0.0188134619524	4.95211426615	-3.32103609118	-0.1130792108	403
33	0.0	0.75	0.0	3.94181072217	-3.0223281162	0.0168703814767	4.46659408317	-3.90148883563	-0.0930639828293	404
33	0.0	1.0	0.0	3.446280588	-3.44674761	0.022354987	3.91251887542	-4.37445766902	-0.0811107145322	405
33	0.25	0.0	0.0	5.28306841321	-1.18648830905	0.2157895899	5.89920727299	-2.07056956691	0.399434322321	406
33	0.25	0.25	0.0	4.77944503177	-1.7126194122	0.358246019551	5.44708771458	-2.58907857849	0.499689085001	407
33	0.25	0.5	0.0	4.35278214689	-2.28341490248	0.481693949803	4.98618673174	-3.1703770642	0.59325416049	408
33	0.25	0.75	0.0	3.91930665677	-2.78299328612	0.559054377947	4.48129603129	-3.70203961725	0.661374841979	409
33	0.25	1.0	0.0	3.39524545964	-3.09547306936	0.563248301275	3.89720732006	-4.07164083085	0.685296422655	410
33	0.5	0.0	0.0	5.30639062721	-0.953124872523	0.657537074456	5.92806173877	-1.78182593189	1.00337042644	411
33	0.5	0.25	0.0	4.81136674494	-1.35838078799	0.853141452952	5.47273963771	-2.2054338461	1.1913355221	412
33	0.5	0.5	0.0	4.35562693917	-1.82490183353	1.01338105364	4.98790757372	-2.70899271647	1.34886218954	413
33	0.5	0.75	0.0	3.88810025728	-2.22656154529	1.10137117769	4.461258222	-3.16286444093	1.44561037943	414
33	0.5	1.0	0.0	3.35771574662	-2.43723345941	1.08022712626	3.88048425776	-3.43741091741	1.45124004239	415
33	0.75	0.0	0.0	5.32804331811	-0.639585496234	1.06022168078	5.92932943115	-1.38474812432	1.5407210755	416
33	0.75	0.25	0.0	4.84794543776	-0.901870571954	1.29249470738	5.47114357439	-1.68784319403	1.79118682294	417
33	0.75	0.5	0.0	4.36429484122	-1.24883936286	1.48076616117	4.96572814995	-2.08689274506	2.00063572216	418
33	0.75	0.75	0.0	3.87016929361	-1.56073270858	1.59073920485	4.42813721881	-2.45745015983	2.13419355241	419
33	0.75	1.0	0.0	3.35864656004	-1.71779144875	1.58811700112	3.87342484191	-2.67506882079	2.15698609298	420
33	1.0	0.0	0.0	5.332444083	-0.303216922	1.327454074	5.87958698603	-0.941620224438	1.86770302702	421
33	1.0	0.25	0.0	4.86608399779	-0.472738548972	1.56577387717	5.43023294523	-1.1542305578	2.14414900977	422
33	1.0	0.5	0.0	4.37647750665	-0.729608988549	1.788367584	4.92809981831	-1.45408684701	2.39546560412	423
33	1.0	0.75	0.0	3.8874915357	-0.993206590851	1.97407688357	4.40358958522	-1.75928362708	2.60167528384	424
33	1.0	1.0	0.0	3.422993011	-1.182909706	2.101743465	3.8871042259	-1.98791543307	2.7428005227	425
34	0.0	0.0	0.0	3.446280588	-3.44674761	0.022354987	3.91251887542	-4.37445766902	-0.0811107145322	426
34	0.0	0.25	0.0	2.92941905094	-3.69424548727	0.0200377857042	3.35317563611	-4.68126638404	-0.0772564221063	427
34	0.0	0.5	0.0	2.34369702876	-3.8944936488	0.0294811824538	2.70830665453	-4.94058284593	-0.0727137096311	428
34	0.0	0.75	0.0	1.7450223492	-4.01512023867	0.0489625137265	2.04009845675	-5.12639434868	-0.0687114642731	429
34	0.0	1.0	0.0	1.18930284	-4.023753401	0.076759116	1.4107375688	-5.21268818629	-0.0664785731987	430
34	0.25	0.0	0.0	3.39524545964	-3.09547306936	0.563248301275	3.89720732006	-4.07164083085	0.685296422655	431
34	0.25	0.25	0.0	2.85560537649	-3.28413118485	0.569959912515	3.30853068738	-4.32419804481	0.714410509069	432
34	0.25	0.5	0.0	2.28555614677	-3.50154641768	0.637998470741	2.66401568322	-4.60829890426	0.787425493682	433
34	0.25	0.75	0.0	1.71790691837	-3.66371436344	0.711677930744	2.00932905601	-4.83631415036	0.850072329668	434
34	0.25	1.0	0.0	1.18546683913	-3.68663061769	0.735312247311	1.39013755418	-4.92061452429	0.848081970201	435
34	0.5	0.0	0.0	3.35771574662	-2.43723345941	1.08022712626	3.88048425776	-3.43741091741	1.45124004239	436
34	0.5	0.25	0.0	2.80257876166	-2.56887425772	1.09266665226	3.27230722096	-3.62765792772	1.48122060585	437
34	0.5	0.5	0.0	2.23636838254	-2.77734696946	1.23195773129	2.61898607936	-3.88402905439	1.6125184959	438
34	0.5	0.75	0.0	1.68375744876	-2.95130761083	1.37201825115	1.96333883318	-4.09817274235	1.73123019259	439
34	0.5	1.0	0.0	1.16941879981	-2.97941219804	1.38676609964	1.34818348261	-4.16173743649	1.72345217596	440
34	0.75	0.0	0.0	3.35864656004	-1.71779144875	1.58811700112	3.87342484191	-2.67506882079	2.15698609298	441
34	0.75	0.25	0.0	2.80381526473	-1.81952401086	1.63656802055	3.25800947189	-2.8235195443	2.20789206643	442
34	0.75	0.5	0.0	2.22851308425	-1.99193237477	1.83122174006	2.58794072248	-3.0204230749	2.37335265995	443
34	0.75	0.75	0.0	1.66768588949	-2.14540945214	2.02167604286	1.91949195127	-3.18698450267	2.52518586017	444
34	0.75	1.0	0.0	1.15627955133	-2.19034815463	2.05752881215	1.30893651587	-3.24440891768	2.53520965372	445
34	1.0	0.0	0.0	3.422993011	-1.182909706	2.101743465	3.8871042259	-1.98791543307	2.7428005227	446
34	1.0	0.25	0.0	2.89279094398	-1.30712974921	2.250074033	3.27914167521	-2.14365640612	2.87914308898	447
34	1.0	0.5	0.0	2.29436960011	-1.41533970426	2.45565327304	2.58560249209	-2.27013074436	3.04071534876	448
34	1.0	0.75	0.0	1.69480418969	-1.51352935868	2.6523438738	1.89515257333	-2.37776380934	3.18236306811	449
34	1.0	1.0	0.0	1.161169923	-1.6076885	2.774008524	1.29645781574	-2.47698096264	3.25893201315	450
35	0.0	0.0	0.0	5.332444083	-0.303216922	1.327454074	5.87958698603	-0.941620224438	1.86770302702	451
35	0.0	0.25	0.0	4.86608399779	-0.472738548972	1.56577387717	5.43023294523	-1.1542305578	2.14414900977	452
35	0.0	0.5	0.0	4.37647750665	-0.729608988549	1.788367584	4.92809981831	-1.45408684701	2.39546560412	453
35	0.0	0.75	0.0	3.8874915357	-0.993206590851	1.97407688357	4.40358958522	-1.75928362708	2.60167528384	454
35	0.0	1.0	0.0	3.422993011	-1.182909706	2.101743465	3.8871042259	-1.98791543307	2.7428005227	455
35	0.25	0.0	0.0	5.32288717636	0.199430484692	1.50310019116	5.76402191772	-0.304561193593	2.00894545851	456
35	0.25	0.25	0.0	4.87028991925	0.0815488179099	1.7187131237	5.33049968821	-0.458789524669	2.27568093471	457
35	0.25	0.5	0.0	4.39156985791	-0.137151971456	1.94870709976	4.85059858013	-0.710558562998	2.53673219586	458
35	0.25	0.75	0.0	3.91949453288	-0.397351152593	2.1866138291	4.35302081993	-0.997772776377	2.78900239769	459
35	0.25	1.0	0.0	3.48683148467	-0.639727994691	2.4259650215	3.86646863408	-1.2583366326	3.02939469593	460
35	0.5	0.0	0.0	5.33055321879	0.814487781988	1.59690171884	5.65201825298	0.423165631401	1.99945109635	461
35	0.5	0.25	0.0	4.88793578703	0.774344279106	1.79158424895	5.21957476382	0.35012332283	2.24374547776	462
35	0.5	0.5	0.0	4.41323845761	0.604424286034	1.99862491884	4.74800456342	0.149483729647	2.49425074864	463
35	0.5	0.75	0.0	3.93848109139	0.373201722109	2.21409982177	4.26137343786	-0.104720479173	2.73766371075	464
35	0.5	1.0	0.0	3.49568354924	0.149150506665	2.43408505097	3.78374717319	-0.33845663465	2.96068116583	465
35	0.75	0.0	0.0	5.37517937983	1.41578217129	1.57696175786	5.58904544251	1.11038278831	1.83116357515	466
35	0.75	0.25	0.0	4.93065043966	1.46278460833	1.74846418302	5.14474588421	1.12852866961	2.04142642886	467
35	0.75	0.5	0.0	4.44738190534	1.3525839875	1.92162511708	4.66529272559	0.988034444626	2.27073722176	468
35	0.75	0.75	0.0	3.95582562578	1.16929489911	2.08631702098	4.17304064655	0.781453088131	2.48518931004	469
35	0.75	1.0	0.0	3.48643344993	0.997031933439	2.23241235571	3.69034432698	0.601337574883	2.6508760499	470
35	1.0	0.0	0.0	5.476502829	1.877140854	1.411383409	5.62057293704	1.62591281489	1.49602652954	471
35	1.0	0.25	0.0	5.01006271565	2.00400657928	1.55342985605	5.15330076153	1.73244720057	1.66180757798	472
35	1.0	0.5	0.0	4.49989880066	1.96479133652	1.70121177032	4.64743802403	1.66708799564	1.8689075745	473
35	1.0	0.75	0.0	3.98290255058	1.84177124425	1.83304758618	4.13241565358	1.52232774913	2.06910928257	474
35	1.0	1.0	0.0	3.495965432	1.717222421	1.927255738	3.63766457924	1.3906590101	2.21419546564	475
36	0.0	0.0	0.0	3.422993011	-1.182909706	2.101743465	3.8871042259	-1.98791543307	2.7428005227	476
36	0.0	0.25	0.0	2.89279094398	-1.30712974921	2.250074033	3.27914167521	-2.14365640612	2.87914308898	477
36	0.0	0.5	0.0	2.29436960011	-1.41533970426	2.45565327304	2.58560249209	-2.27013074436	3.04071534876	478
36	0.0	0.75	0.0	1.69480418969	-1.51352935868	2.6523438738	1.89515257333	-2.37776380934	3.18236306811	479
36	0.0	1.0	0.0	1.161169923	-1.6076885	2.774008524	1.29645781574	-2.47698096264	3.25893201315	480
36	0.25	0.0	0.0	3.48683148467	-0.639727994691	2.4259650215	3.86646863408	-1.2583366326	3.02939469593	481
36	0.25	0.25	0.0	2.97020687595	-0.803712556059	2.64605819018	3.26965677669	-1.44137527002	3.2288308962	482
36	0.25	0.5	0.0	2.35243957748	-0.885569426642	2.81351505237	2.5699695652	-1.54753235113	3.35304023921	483
36	0.25	0.75	0.0	1.72193582845	-0.959297625966	2.954953387	1.87157600824	-1.64249506894	3.44076526921	484
36	0.25	1.0	0.0	1.16710186801	-1.09889617356	3.09699097301	1.27864511446	-1.79195061646	3.53074853044	485
36	0.5	0.0	0.0	3.49568354924	0.149150506665	2.43408505097	3.78374717319	-0.33845663465	2.96068116583	486
36	0.5	0.25	0.0	2.95893644204	-0.0104362246428	2.63531038496	3.18954436822	-0.505694368444	3.13838012893	487
36	0.5	0.5	0.0	2.33820498307	-0.100818210105	2.77249089147	2.50747134236	-0.611844917126	3.23944263386	488
36	0.5	0.75	0.0	1.71099921588	-0.18917388124	2.86725017173	1.8243365381	-0.716689302612	3.29373130532	489
36	0.5	1.0	0.0	1.15482918403	-0.342681669566	2.94121182693	1.22694839794	-0.880008546816	3.33110876801	490
36	0.75	0.0	0.0	3.48643344993	0.997031933439	2.23241235571	3.69034432698	0.601337574883	2.6508760499	491
36	0.75	0.25	0.0	2.92049136303	0.865085949131	2.37307633264	3.09371885173	0.468342557536	2.77589815003	492
36	0.75	0.5	0.0	2.30079211733	0.761380806293	2.4853884856	2.4335927209	0.357311303455	2.85771660443	493
36	0.75	0.75	0.0	1.68443092264	0.651842520284	2.55425402098	1.77105252557	0.237256707142	2.89421899879	494
36	0.75	1.0	0.0	1.12850298877	0.502397106461	2.56457814512	1.16718485682	0.0771916630965	2.88329291879	495
36	1.0	0.0	0.0	3.495965432	1.717222421	1.927255738	3.63766457924	1.3906590101	2.21419546564	496
36	1.0	0.25	0.0	2.91638335971	1.61524066935	2.01460174854	3.03709462913	1.28569176686	2.30949232237	497
36	1.0	0.5	0.0	2.28932728072	1.5234944835	2.10501553003	2.38381859813	1.18031605642	2.36565622268	498
36	1.0	0.75	0.0	1.66466751937	1.41875222339	2.18098472775	1.7293423333	1.05694617782	2.39518617197	499
36	1.0	1.0	0.0	1.0922744	1.277782249	2.224996987	1.12517168173	0.897996430086	2.41058117568	500
41	0.0	0.0	0.0	5.476502829	1.877140854	1.411383409	5.62057293704	1.62591281489	1.49602652954	501
41	0.0	0.25	0.0	5.01006271565	2.00400657928	1.55342985605	5.15330076153	1.73244720057	1.66180757798	502
41	0.0	0.5	0.0	4.49989880066	1.96479133652	1.70121177032	4.64743802403	1.66708799564	1.8689075745	503
41	0.0	0.75	0.0	3.98290255058	1.84177124425	1.83304758618	4.13241565358	1.52232774913	2.06910928257	504
41	0.0	1.0	0.0	3.495965432	1.717222421	1.927255738	3.63766457924	1.3906590101	2.21419546564	505
41	0.25	0.0	0.0	5.50766129182	1.9675062242	1.29533808278	5.63605246343	1.73170814943	1.32375919572	506
41	0.25	0.25	0.0	5.03137195926	2.12784010433	1.42188513487	5.1597290188	1.87373680043	1.46449367148	507
41	0.25	0.5	0.0	4.51331848743	2.15729744081	1.55690134771	4.64522958243	1.8738697322	1.64515847027	508
41	0.25	0.75	0.0	3.99178807719	2.10657557094	1.67983967457	4.1232150974	1.79654628686	1.82626879456	509
41	0.25	1.0	0.0	3.50506792936	2.02637183202	1.77015306874	3.62434650678	1.70620580655	1.96833984683	510
41	0.5	0.0	0.0	5.52248158746	2.03154665898	1.12380897835	5.63342672933	1.81979558437	1.08712721007	511
41	0.5	0.25	0.0	5.03689279848	2.22045964864	1.23412640883	5.1483551076	1.99005631895	1.20135098716	512
41	0.5	0.5	0.0	4.5153537808	2.33282679973	1.36038450636	4.63002746531	2.05982188837	1.35737139098	513
41	0.5	0.75	0.0	3.99313012415	2.37746934441	1.48236870085	4.10556722256	2.06114630715	1.52038057246	514
41	0.5	1.0	0.0	3.5054874182	2.36320851486	1.57986442222	3.60209779945	2.02608358977	1.6555706825	515
41	0.75	0.0	0.0	5.51934721487	2.05702885277	0.94902092799	5.61932429069	1.87585934187	0.846616762918	516
41	0.75	0.25	0.0	5.02705838557	2.2639848421	1.03767878601	5.1284375619	2.06655985141	0.927792429571	517
41	0.75	0.5	0.0	4.50754941242	2.44673178056	1.14344999124	4.61062368	2.19431350834	1.04875072166	518
41	0.75	0.75	0.0	3.98858354476	2.57604722005	1.25359991486	4.0867090166	2.26239501895	1.18343241454	519
41	0.75	1.0	0.0	3.49792403194	2.62270871252	1.35539392809	3.5775199433	2.27407908948	1.30577828359	520
41	1.0	0.0	0.0	5.496641673	2.0317195	0.823198764	5.60037370347	1.88558364406	0.662714044597	521
41	1.0	0.25	0.0	5.00230187282	2.24053531457	0.880067374486	5.10923491566	2.08840149306	0.69923090324	522
41	1.0	0.5	0.0	4.49145011394	2.45436475054	0.937886547271	4.59581023383	2.24671363628	0.762500847288	523
41	1.0	0.75	0.0	3.97980319234	2.62390385325	1.00649856642	4.07387746704	2.34655963122	0.847412119107	524
41	1.0	1.0	0.0	3.483077904	2.699848668	1.095745716	3.55721442437	2.37397903541	0.94885296106	525
42	0.0	0.0	0.0	3.495965432	1.717222421	1.927255738	3.63766457924	1.3906590101	2.21419546564	526
42	0.0	0.25	0.0	2.91638335971	1.61524066935	2.01460174854	3.03709462913	1.28569176686	2.30949232237	527
42	0.0	0.5	0.0	2.28932728072	1.5234944835	2.10501553003	2.38381859813	1.18031605642	2.36565622268	528
42	0.0	0.75	0.0	1.66466751937	1.41875222339	2.18098472775	1.7293423333	1.05694617782	2.39518617197	529
42	0.0	1.0	0.0	1.0922744	1.277782249	2.224996987	1.12517168173	0.897996430086	2.41058117568	530
42	0.25	0.0	0.0	3.50506792936	2.02637183202	1.77015306874	3.62434650678	1.70620580655	1.96833984683	531
42	0.25	0.25	0.0	2.9252426544	1.93177668849	1.85258852817	3.02195998153	1.60643220801	2.06630294642	532
42	0.25	0.5	0.0	2.29304536159	1.82459420405	1.937360237	2.36936910438	1.48248097815	2.11980240736	533
42	0.25	0.75	0.0	1.66004536167	1.69509519797	2.01754125858	1.71667725714	1.33217152346	2.15381996976	534
42	0.25	1.0	0.0	1.07781196539	1.53355048951	2.08620465629	1.11398782161	1.15332325047	2.19333737367	535
42	0.5	0.0	0.0	3.5054874182	2.36320851486	1.57986442222	3.60209779945	2.02608358977	1.6555706825	536
42	0.5	0.25	0.0	2.92286492318	2.28243439372	1.66529279641	2.99655878316	1.93805770957	1.75182561686	537
42	0.5	0.5	0.0	2.28915178165	2.14634373565	1.73934661224	2.34949964454	1.78838914271	1.80189921367	538
42	0.5	0.75	0.0	1.65358155363	1.97097425044	1.80670841313	1.7035644173	1.59891726416	1.83556481867	539
42	0.5	1.0	0.0	1.06538779919	1.77236364789	1.87206074253	1.10139713515	1.39148144889	1.88259577758	540
42	0.75	0.0	0.0	3.49792403194	2.62270871252	1.35539392809	3.5775199433	2.27407908948	1.30577828359	541
42	0.75	0.25	0.0	2.91003534722	2.55750104144	1.44936059746	2.96764513204	2.19625405622	1.40130209591	542
42	0.75	0.5	0.0	2.27957927061	2.39823603315	1.51820810771	2.32945135003	2.02674056259	1.45288414924	543
42	0.75	0.75	0.0	1.64827471696	2.18428181461	1.57388073331	1.69390189753	1.80713863701	1.48941522731	544
42	0.75	1.0	0.0	1.05784060114	1.95500651282	1.62832274875	1.09196007479	1.57904830789	1.53978611381	545
42	1.0	0.0	0.0	3.483077904	2.699848668	1.095745716	3.55721442437	2.37397903541	0.94885296106	546
42	1.0	0.25	0.0	2.88753910769	2.64726388806	1.20143797553	2.94197312621	2.29670703268	1.04997414578	547
42	1.0	0.5	0.0	2.26626055819	2.48976405139	1.28117817536	2.31446535228	2.12623525028	1.11369472175	548
42	1.0	0.75	0.0	1.64712347335	2.27291032428	1.34445276102	1.69158778154	1.90679087909	1.1643657043	549
42	1.0	1.0	0.0	1.058009071	2.042263873	1.400748178	1.09023709295	1.68260111002	1.22633810874	550
43	0.0	0.0	0.0	5.496641673	2.0317195	0.823198764	5.60037370347	1.88558364406	0.662714044597	551
43	0.0	0.25	0.0	5.00230187282	2.24053531457	0.880067374486	5.10923491566	2.08840149306	0.69923090324	552
43	0.0	0.5	0.0	4.49145011394	2.45436475054	0.937886547271	4.59581023383	2.24671363628	0.762500847288	553
43	0.0	0.75	0.0	3.97980319234	2.62390385325	1.00649856642	4.07387746704	2.34655963122	0.847412119107	554
43	0.0	1.0	0.0	3.483077904	2.699848668	1.095745716	3.55721442437	2.37397903541	0.94885296106	555
43	0.25	0.0	0.0	5.45093906831	1.89555020213	0.706710777992	5.56642932382	1.79847748547	0.456975946002	556
43	0.25	0.25	0.0	4.96105610208	2.08748475384	0.752976509733	5.0793858053	1.98917169688	0.465773686611	557
43	0.25	0.5	0.0	4.46195861284	2.28929895372	0.780510944105	4.57456957947	2.13770697832	0.489151354786	558
43	0.25	0.75	0.0	3.96275014433	2.45428132996	0.813879353049	4.06199379644	2.23131603491	0.534250357592	559
43	0.25	1.0	0.0	3.47253424026	2.53572041073	0.877647008505	3.55167160629	2.25723157174	0.608212102097	560
43	0.5	0.0	0.0	5.41020502865	1.68470784273	0.591349124905	5.52810015807	1.63157225136	0.240656478082	561
43	0.5	0.25	0.0	4.92984433594	1.8460530115	0.66035385353	5.04489848443	1.78032222531	0.252225519468	562
43	0.5	0.5	0.0	4.43443348342	2.00461342002	0.69346541943	4.54702060498	1.88700482206	0.257715723582	563
43	0.5	0.75	0.0	3.94239969113	2.13485790557	0.715632611521	4.04779317767	1.95294337351	0.270497072668	564
43	0.5	1.0	0.0	3.47217017909	2.21125530544	0.751804218724	3.56054286045	1.97946121156	0.303939548975	565
43	0.75	0.0	0.0	5.37572174741	1.45805164722	0.464188803366	5.49750696711	1.44746396672	0.0275956343666	566
43	0.75	0.25	0.0	4.9068887628	1.57990583801	0.559646247792	5.01932679088	1.54572753281	0.0445117841269	567
43	0.75	0.5	0.0	4.41277563573	1.68571246067	0.60950188206	4.52569677301	1.60304690571	0.042138106296	568
43	0.75	0.75	0.0	3.92434602381	1.76992488723	0.634270429971	4.03679669461	1.63339819405	0.0333357494476	569
43	0.75	1.0	0.0	3.47256358463	1.82699648968	0.654466615331	3.57280633675	1.65075750647	0.030965862155	570
43	1.0	0.0	0.0	5.348771418	1.274440841	0.312304812	5.48677051183	1.30874865656	-0.168366591613	571
43	1.0	0.25	0.0	4.89041157105	1.35270898378	0.408300534433	5.01622456248	1.36926207381	-0.171442137099	572
43	1.0	0.5	0.0	4.40088597981	1.41800038691	0.46137224081	4.52313154626	1.39427296748	-0.183637344453	573
43	1.0	0.75	0.0	3.91418333341	1.46377358208	0.492304896532	4.03452543113	1.39463704357	-0.200050126957	574
43	1.0	1.0	0.0	3.464292321	1.483487101	0.521883467	3.57744018508	1.38121000807	-0.215778397899	575
44	0.0	0.0	0.0	3.483077904	2.699848668	1.095745716	3.55721442437	2.37397903541	0.94885296106	576
44	0.0	0.25	0.0	2.88753910769	2.64726388806	1.20143797553	2.94197312621	2.29670703268	1.04997414578	577
44	0.0	0.5	0.0	2.26626055819	2.48976405139	1.28117817536	2.31446535228	2.12623525028	1.11369472175	578
44	0.0	0.75	0.0	1.64712347335	2.27291032428	1.34445276102	1.69158778154	1.90679087909	1.1643657043	579
44	0.0	1.0	0.0	1.058009071	2.042263873	1.400748178	1.09023709295	1.68260111002	1.22633810874	580
44	0.25	0.0	0.0	3.47253424026	2.53572041073	0.877647008505	3.55167160629	2.25723157174	0.608212102097	581
44	0.25	0.25	0.0	2.87754361176	2.50416875579	0.967253615546	2.93682137932	2.19337717778	0.693965118264	582
44	0.25	0.5	0.0	2.26275554724	2.37823358003	1.03394381313	2.31271180768	2.05370758493	0.75011116929	583
44	0.25	0.75	0.0	1.6494843201	2.20040434557	1.08370636595	1.69227795188	1.87547434065	0.7968429032	584
44	0.25	1.0	0.0	1.05904420374	2.01317051452	1.12253003867	1.08845487247	1.69592899243	0.854352968022	585
44	0.5	0.0	0.0	3.47217017909	2.21125530544	0.751804218724	3.56054286045	1.97946121156	0.303939548975	586
44	0.5	0.25	0.0	2.88841624145	2.21023623714	0.7953269309	2.95404019217	1.95085878374	0.346355650843	587
44	0.5	0.5	0.0	2.27077779288	2.13027305407	0.81004573889	2.32273283388	1.86414293158	0.369666258163	588
44	0.5	0.75	0.0	1.64905363015	2.01175982798	0.804601625878	1.69021647603	1.75054927797	0.387077156639	589
44	0.5	1.0	0.0	1.05304254999	1.8950906306	0.787635575047	1.08008680905	1.6413134458	0.411794131972	590
44	0.75	0.0	0.0	3.47256358463	1.82699648968	0.654466615331	3.57280633675	1.65075750647	0.030965862155	591
44	0.75	0.25	0.0	2.89854068349	1.8469837073	0.655827905899	2.9759681623	1.65131170432	0.0275819636314	592
44	0.75	0.5	0.0	2.27497859124	1.81892184146	0.61232336413	2.336059204	1.62289664892	0.0131358058918	593
44	0.75	0.75	0.0	1.64278789622	1.77062912615	0.542904955103	1.6895103502	1.58184060231	-0.00430428306904	594
44	0.75	1.0	0.0	1.04287918675	1.72992379539	0.466524643899	1.07275248926	1.54447182652	-0.0166699752565	595
44	1.0	0.0	0.0	3.464292321	1.483487101	0.521883467	3.57744018508	1.38121000807	-0.215778397899	596
44	1.0	0.25	0.0	2.88630062464	1.4959285415	0.518926524855	2.98494388726	1.37689579329	-0.241919723253	597
44	1.0	0.5	0.0	2.26000923847	1.51721931015	0.443616100352	2.34422169112	1.39532409564	-0.278704370005	598
44	1.0	0.75	0.0	1.62764361106	1.54066459471	0.334382767924	1.6942665706	1.41917322493	-0.316674163608	599
44	1.0	1.0	0.0	1.031429191	1.559569583	0.229657102	1.07407149964	1.43112149097	-0.346370929512	600
49	0.0	0.0	0.0	7.127153519	0.204288	0.0131746	7.37077843719	0.029726451453	-0.0509599066064	601
49	0.0	0.25	0.0	6.93362104449	0.668620544374	0.0696954175181	7.16490880149	0.561417107898	-0.0307429115303	602
49	0.0	0.5	0.0	6.48281098154	0.970958300439	0.122458297894	6.68473465119	0.931968453687	-0.0766139206143	603
49	0.0	0.75	0.0	5.90957666207	1.15749911653	0.195361882323	6.07658041256	1.17115434964	-0.139009593946	604
49	0.0	1.0	0.0	5.348771418	1.274440841	0.312304812	5.48677051183	1.30874865656	-0.168366591613	605
49	0.25	0.0	0.0	7.126588174	0.204969633538	-0.0049540581764	7.37080937474	0.031858823472	-0.0746834556985	606
49	0.25	0.25	0.0	6.93113821956	0.663425635619	-0.0177577040375	7.16443136593	0.562891206402	-0.132573010525	607
49	0.25	0.5	0.0	6.47579456714	0.95250627343	0.00557724308011	6.68347757476	0.923258054645	-0.202969069826	608
49	0.25	0.75	0.0	5.8978962063	1.11532979057	0.0673167589662	6.0760480274	1.14435921528	-0.270613967248	609
49	0.25	1.0	0.0	5.33478212659	1.19501443065	0.16972681941	5.49024274997	1.25759453537	-0.320250036434	610
49	0.5	0.0	0.0	7.125344415	0.202531913363	-0.0229185457117	7.37087743736	0.0326127279552	-0.104956703248	611
49	0.5	0.25	0.0	6.92999473512	0.652016878289	-0.107511828786	7.16609151634	0.555203761923	-0.234295702751	612
49	0.5	0.5	0.0	6.47414170095	0.937370632928	-0.122179472627	6.68820924587	0.912781376036	-0.342755060951	613
49	0.5	0.75	0.0	5.89411121909	1.09103866616	-0.0812291107307	6.08297576329	1.12876860352	-0.430716489543	614
49	0.5	1.0	0.0	5.32622919617	1.14546646686	0.00103162340683	5.49613620593	1.22658847759	-0.498561700222	615
49	0.75	0.0	0.0	7.124100656	0.197088411506	-0.0402111603911	7.37094549998	0.0303608507569	-0.134558077942	616
49	0.75	0.25	0.0	6.92907222532	0.630043336848	-0.194141609532	7.16814877954	0.533619569736	-0.333213522466	617
49	0.75	0.5	0.0	6.47369075988	0.913705169227	-0.247341706505	6.694270968	0.889111442293	-0.484260774443	618
49	0.75	0.75	0.0	5.89357762747	1.06550449972	-0.228742937523	6.09214621797	1.10639414366	-0.596803889797	619
49	0.75	1.0	0.0	5.32435419591	1.10287191939	-0.1672767888	5.50460868206	1.19502534908	-0.679946924453	620
49	1.0	0.0	0.0	7.123535311	0.1887527	-0.0563242	7.37097643753	0.0234758777315	-0.156266008467	621
49	1.0	0.25	0.0	6.92725232431	0.593154075763	-0.272221699082	7.16886268233	0.493403425119	-0.426629003927	622
49	1.0	0.5	0.0	6.47028012087	0.869663672623	-0.356439315831	6.69700404464	0.840821277849	-0.615775090757	623
49	1.0	0.75	0.0	5.89165135849	1.01960604767	-0.353691932164	6.0983419892	1.05924746501	-0.746362896975	624
49	1.0	1.0	0.0	5.330398695	1.044305758	-0.30869443	5.51581798075	1.14220001568	-0.841051050601	625
50	0.0	0.0	0.0	7.123535311	0.1887527	-0.0563242	7.37097643753	0.0234758777315	-0.156266008467	626
50	0.0	0.25	0.0	6.92725232431	0.593154075763	-0.272221699082	7.16886268233	0.493403425119	-0.426629003927	627
50	0.0	0.5	0.0	6.47028012087	0.869663672623	-0.356439315831	6.69700404464	0.840821277849	-0.615775090757	628
50	0.0	0.75	0.0	5.89165135849	1.01960604767	-0.353691932164	6.0983419892	1.05924746501	-0.746362896975	629
50	0.0	1.0	0.0	5.330398695	1.044305758	-0.30869443	5.51581798075	1.14220001568	-0.841051050601	630
50	0.25	0.0	0.0	7.1214871635	0.177681085922	-0.0708668689322	7.37554804629	0.00939766272149	-0.171416416237	631
50	0.25	0.25	0.0	6.92330347328	0.53225498927	-0.331933242903	7.17025535876	0.428480154041	-0.504934787327	632
50	0.25	0.5	0.0	6.46365090466	0.780941228559	-0.430212241966	6.69308555124	0.746912788822	-0.717824103438	633
50	0.25	0.75	0.0	5.88713432009	0.919643862133	-0.431207503433	6.09435811576	0.954574826178	-0.854437709586	634
50	0.25	1.0	0.0	5.33835858203	0.944266948335	-0.400422664613	5.52439254437	1.04134552522	-0.959128950788	635
50	0.5	0.0	0.0	7.116981239	0.164462781319	-0.0831049437562	7.38560558557	-0.0104351639332	-0.184991516504	636
50	0.5	0.25	0.0	6.91750889212	0.450537985471	-0.373492206073	7.1743183526	0.344326919883	-0.56425402648	637
50	0.5	0.5	0.0	6.45591157895	0.650166633299	-0.476877919473	6.68622045925	0.613487929833	-0.794398438397	638
50	0.5	0.75	0.0	5.88148731084	0.766468294873	-0.479765730905	6.08402603389	0.79718439872	-0.938106055266	639
50	0.5	1.0	0.0	5.34353409909	0.802562540264	-0.468659287319	5.53044920492	0.895552859347	-1.05805818009	640
50	0.75	0.0	0.0	7.1124753145	0.149321961056	-0.0928645217022	7.39566312484	-0.0321905062474	-0.196088119893	641
50	0.75	0.25	0.0	6.91159168944	0.361594923287	-0.406556968963	7.17939337975	0.253029560919	-0.610270099424	642
50	0.75	0.5	0.0	6.44778192867	0.509772206239	-0.516359248607	6.68240701461	0.473945268548	-0.85879236447	643
50	0.75	0.75	0.0	5.8749345279	0.602842107162	-0.525049023652	6.0780651587	0.635756345734	-1.01553650321	644
50	0.75	1.0	0.0	5.34693798285	0.64979292331	-0.535403957116	5.53972894127	0.743662521572	-1.15438410383	645
50	1.0	0.0	0.0	7.110427167	0.1324828	-0.0999717	7.4002347336	-0.0520362682359	-0.203803037029	646
50	1.0	0.25	0.0	6.90727497388	0.279017661637	-0.440785911939	7.1838221561	0.166673915422	-0.648666384194	647
50	1.0	0.5	0.0	6.43998173872	0.392190266769	-0.568579129623	6.68764346328	0.361683372632	-0.924300150492	648
50	1.0	0.75	0.0	5.86770016846	0.471528060268	-0.592739790745	6.0871949053	0.518970830321	-1.10489762263	649
50	1.0	1.0	0.0	5.34958297	0.516558487	-0.622656333	5.5579727323	0.624515015417	-1.26465208732	650
53	0.0	0.0	0.0	7.110427167	0.1324828	-0.0999717	7.4002347336	-0.0520362682359	-0.203803037029	651
53	0.0	0.25	0.0	6.90727497388	0.279017661637	-0.440785911939	7.1838221561	0.166673915422	-0.648666384194	652
53	0.0	0.5	0.0	6.43998173872	0.392190266769	-0.568579129623	6.68764346328	0.361683372632	-0.924300150492	653
53	0.0	0.75	0.0	5.86770016846	0.471528060268	-0.592739790745	6.0871949053	0.518970830321	-1.10489762263	654
53	0.0	1.0	0.0	5.34958297	0.516558487	-0.622656333	5.5579727323	0.624515015417	-1.26465208732	655
53	0.25	0.0	0.0	7.10974218153	0.105809148834	-0.104780188587	7.41115398314	-0.0838888666802	-0.202644854882	656
53	0.25	0.25	0.0	6.90646891024	0.128018101278	-0.533106648584	7.20864822062	0.00564789448723	-0.736566867783	657
53	0.25	0.5	0.0	6.44091183801	0.143570965446	-0.781483265015	6.74230759821	0.106436527761	-1.13674122853	658
53	0.25	0.75	0.0	5.87172190688	0.145228543801	-0.919284345129	6.16615394327	0.184556926013	-1.4374566675	659
53	0.25	1.0	0.0	5.3575500589	0.125751638805	-1.01588419617	5.63420908311	0.206088982113	-1.67300191511	660
53	0.5	0.0	0.0	7.1082352135	0.0787483616724	-0.102620279099	7.43517633214	-0.122343337855	-0.187358269779	661
53	0.5	0.25	0.0	6.91579299911	-0.0436091306552	-0.621165281502	7.24767198155	-0.198263195733	-0.808064582054	662
53	0.5	0.5	0.0	6.47071247204	-0.137959140313	-1.00519851342	6.81171233984	-0.253582474276	-1.3235934195	663
53	0.5	0.75	0.0	5.90686808713	-0.216402800721	-1.26701161217	6.2526328028	-0.307401158922	-1.73062698948	664
53	0.5	1.0	0.0	5.35813429921	-0.291041245295	-1.41889621503	5.69576876622	-0.378819235105	-2.02584749934	665
53	0.75	0.0	0.0	7.10672824547	0.0530553936744	-0.0938554050612	7.45919868114	-0.159429989865	-0.165466720126	666
53	0.75	0.25	0.0	6.9249877817	-0.214894418143	-0.661240034701	7.28290544293	-0.418530331058	-0.823006493431	667
53	0.75	0.5	0.0	6.49870613887	-0.415603270325	-1.14295890121	6.86879173753	-0.642036162389	-1.4069606622	668
53	0.75	0.75	0.0	5.93516261001	-0.570296953738	-1.49783182941	6.31787624907	-0.833606180973	-1.88050834151	669
53	0.75	1.0	0.0	5.34163648816	-0.700201259248	-1.68467864411	5.7311776617	-0.99689908392	-2.20682864642	670
53	1.0	0.0	0.0	7.10604326	0.0304852	-0.078849	7.47011793068	-0.187179130818	-0.144493644331	671
53	1.0	0.25	0.0	6.92379379922	-0.364868145165	-0.609609132189	7.29636060882	-0.628624487308	-0.741239568338	672
53	1.0	0.5	0.0	6.49421533654	-0.652564644402	-1.09799845473	6.88647984066	-0.982587065487	-1.3089468954	673
53	1.0	0.75	0.0	5.91862937634	-0.873384895688	-1.47365523441	6.33312904725	-1.27076089663	-1.78320047653	674
53	1.0	1.0	0.0	5.298357423	-1.068109497	-1.666217738	5.72896164964	-1.51484001201	-2.09958516276	675
54	0.0	0.0	0.0	7.10604326	0.0304852	-0.078849	7.47011793068	-0.187179130818	-0.144493644331	676
54	0.0	0.25	0.0	6.92379379922	-0.364868145165	-0.609609132189	7.29636060882	-0.628624487308	-0.741239568338	677
54	0.0	0.5	0.0	6.49421533654	-0.652564644402	-1.09799845473	6.88647984066	-0.982587065487	-1.3089468954	678
54	0.0	0.75	0.0	5.91862937634	-0.873384895688	-1.47365523441	6.33312904725	-1.27076089663	-1.78320047653	679
54	0.0	1.0	0.0	5.298357423	-1.068109497	-1.666217738	5.72896164964	-1.51484001201	-2.09958516276	680
54	0.25	0.0	0.0	7.09427244	0.0105999981738	-0.0589143580616	7.4681923792	-0.214081602176	-0.118414083156	681
54	0.25	0.25	0.0	6.90395172698	-0.464639448663	-0.477909507574	7.29025299007	-0.788633718773	-0.571539919432	682
54	0.25	0.5	0.0	6.45891630838	-0.781732233854	-0.894763776206	6.87356645661	-1.20474164588	-1.04432101561	683
54	0.25	0.75	0.0	5.87515924794	-1.01785668303	-1.22695560604	6.32093321272	-1.52392196257	-1.45815567456	684
54	0.25	1.0	0.0	5.26867360939	-1.25019112182	-1.39196343916	5.73515369232	-1.80769124787	-1.73444219916	685
54	0.5	0.0	0.0	7.068376636	-0.00090552307439	-0.0399512955064	7.46395616593	-0.241025116394	-0.08593219828	686
54	0.5	0.25	0.0	6.87073679804	-0.494246203248	-0.329349269179	7.28052209999	-0.85936181127	-0.381874631667	687
54	0.5	0.5	0.0	6.41379618559	-0.810397751486	-0.632064083786	6.85699693687	-1.3264992282	-0.701085339952	688
54	0.5	0.75	0.0	5.83300924211	-1.04897068701	-0.872091090965	6.3150323199	-1.69612021791	-0.988148925444	689
54	0.5	1.0	0.0	5.26383041103	-1.30957552904	-0.973425642352	5.77627989239	-2.0219076311	-1.18764999045	690
54	0.75	0.0	0.0	7.042480832	-0.00549948278541	-0.0182517526979	7.45971995266	-0.261057069076	-0.0507138331508	691
54	0.75	0.25	0.0	6.84054810525	-0.480995662258	-0.169418969687	7.27190150472	-0.872791977238	-0.181768985865	692
54	0.75	0.5	0.0	6.37751317716	-0.780493323803	-0.351021611456	6.84411859587	-1.37154408848	-0.339797682693	693
54	0.75	0.75	0.0	5.80386090165	-1.01656464714	-0.493398215262	6.31621985429	-1.78755190752	-0.491544765413	694
54	0.75	1.0	0.0	5.27007613265	-1.30178181198	-0.526887318365	5.82805390815	-2.15105393905	-0.6037550758	695
54	1.0	0.0	0.0	7.030710012	-0.00465	0.00989233	7.45779440118	-0.267224855822	-0.0164248312162	696
54	1.0	0.25	0.0	6.82978474146	-0.45219507903	-0.00360916178219	7.26912477038	-0.860907429119	0.0192517371518	697
54	1.0	0.5	0.0	6.36872549206	-0.733951077311	-0.0927585931964	6.84227874803	-1.36356050276	-0.021015858102	698
54	1.0	0.75	0.0	5.79939576938	-0.970476302937	-0.175213505012	6.32528930144	-1.79841327626	-0.0867077307002	699
54	1.0	1.0	0.0	5.273659079	-1.282329064	-0.168631438	5.86618939794	-2.18869494912	-0.127303994365	700
57	0.0	0.0	0.0	7.030710012	-0.00465	0.00989233	7.45779440118	-0.267224855822	-0.0164248312162	701
57	0.0	0.25	0.0	6.82978474146	-0.45219507903	-0.00360916178219	7.26912477038	-0.860907429119	0.0192517371518	702
57	0.0	0.5	0.0	6.36872549206	-0.733951077311	-0.0927585931964	6.84227874803	-1.36356050276	-0.021015858102	703
57	0.0	0.75	0.0	5.79939576938	-0.970476302937	-0.175213505012	6.32528930144	-1.79841327626	-0.0867077307002	704
57	0.0	1.0	0.0	5.273659079	-1.282329064	-0.168631438	5.86618939794	-2.18869494912	-0.127303994365	705
57	0.25	0.0	0.0	7.02893310169	8.80593122159e-05	0.032531019987	7.45261241145	-0.261201301347	0.00876662361988	706
57	0.25	0.25	0.0	6.83319912859	-0.417239330275	0.135451440302	7.27016454589	-0.827570832632	0.183321973033	707
57	0.25	0.5	0.0	6.38143088821	-0.67393032793	0.149172354976	6.85657811393	-1.29625078549	0.276121692366	708
57	0.25	0.75	0.0	5.81694758246	-0.890256224054	0.150387244634	6.35265754611	-1.69974806267	0.332910802002	709
57	0.25	1.0	0.0	5.28306841321	-1.18648830905	0.2157895899	5.89920727299	-2.07056956691	0.399434322321	710
57	0.5	0.0	0.0	7.025023899	0.00958769092852	0.0534696893479	7.44121203405	-0.248873580372	0.0353213756489	711
57	0.5	0.25	0.0	6.83365084285	-0.359312865776	0.271913906965	7.26830546175	-0.756535332731	0.343596206698	712
57	0.5	0.5	0.0	6.39117724538	-0.573474989247	0.40323290616	6.87373291873	-1.15755198638	0.598159799447	713
57	0.5	0.75	0.0	5.83596865677	-0.736783913494	0.510687143226	6.38461235955	-1.48746752491	0.813316442994	714
57	0.5	1.0	0.0	5.30639062721	-0.953124872523	0.657537074456	5.92806173877	-1.78182593189	1.00337042644	715
57	0.75	0.0	0.0	7.02111469631	0.0233599270806	0.071881546535	7.42981165665	-0.232273254861	0.059349315504	716
57	0.75	0.25	0.0	6.8317083378	-0.277111166556	0.39596901278	7.2618414978	-0.650525968538	0.486741767215	717
57	0.75	0.5	0.0	6.39454884679	-0.429128896873	0.637703016606	6.87645810229	-0.954732557533	0.889476484817	718
57	0.75	0.75	0.0	5.84740443599	-0.520638571042	0.843611318959	6.39263092758	-1.18582821256	1.24749055776	719
57	0.75	1.0	0.0	5.32804331811	-0.639585496234	1.06022168078	5.92932943115	-1.38474812432	1.5407210755	720
57	1.0	0.0	0.0	7.019337786	0.0409158	0.0869398	7.42462966692	-0.213431886779	0.0769603338182	721
57	1.0	0.25	0.0	6.82794006699	-0.16932971364	0.497807532319	7.2490666339	-0.512267779176	0.599425983652	722
57	1.0	0.5	0.0	6.38812997569	-0.237435886414	0.820862642563	6.84746860444	-0.695060951061	1.09444977016	723
57	1.0	0.75	0.0	5.8422003638	-0.252399396481	1.08708490002	6.348190436	-0.81908667522	1.52841451179	724
57	1.0	1.0	0.0	5.332444083	-0.303216922	1.327454074	5.87958698603	-0.941620224438	1.86770302702	725
58	0.0	0.0	0.0	7.019337786	0.0409158	0.0869398	7.42462966692	-0.213431886779	0.0769603338182	726
58	0.0	0.25	0.0	6.82794006699	-0.16932971364	0.497807532319	7.2490666339	-0.512267779176	0.599425983652	727
58	0.0	0.5	0.0	6.38812997569	-0.237435886414	0.820862642563	6.84746860444	-0.695060951061	1.09444977016	728
58	0.0	0.75	0.0	5.8422003638	-0.252399396481	1.08708490002	6.348190436	-0.81908667522	1.52841451179	729
58	0.0	1.0	0.0	5.332444083	-0.303216922	1.327454074	5.87958698603	-0.941620224438	1.86770302702	730
58	0.25	0.0	0.0	7.02729707241	0.0617513036649	0.0988819265084	7.41684861832	-0.188714660118	0.0882428532573	731
58	0.25	0.25	0.0	6.83355729132	-0.0229931714772	0.591724369255	7.22616367183	-0.330712860492	0.692532764072	732
58	0.25	0.5	0.0	6.38942287354	0.0487593859133	0.971984276662	6.79141924467	-0.331255567021	1.22590802464	733
58	0.25	0.75	0.0	5.83812308119	0.161427697436	1.26674757515	6.25618282918	-0.289489453468	1.67062635084	734
58	0.25	1.0	0.0	5.32288717636	0.199430484692	1.50310019116	5.76402191772	-0.304561193593	2.00894545851	735
58	0.5	0.0	0.0	7.0448075025	0.0816529565523	0.105123893435	7.3997303114	-0.16027321664	0.0930336846314	736
58	0.5	0.25	0.0	6.85592735023	0.130158957749	0.65940808772	7.20409543913	-0.146645385186	0.747385440918	737
58	0.5	0.5	0.0	6.42091803208	0.362663344122	1.06325103123	6.75504010643	0.0482113174886	1.27246308709	738
58	0.5	0.75	0.0	5.86928987821	0.637871243069	1.36097486219	6.19140186161	0.284685465109	1.68443038496	739
58	0.5	1.0	0.0	5.33055321879	0.814487781988	1.59690171884	5.65201825298	0.423165631401	1.99945109635	740
58	0.75	0.0	0.0	7.06231793259	0.102492431164	0.105992363644	7.38261200448	-0.130893951438	0.092451019288	741
58	0.75	0.25	0.0	6.88679735659	0.287700780804	0.687303587076	7.19197188637	0.0409636169906	0.752313273341	742
58	0.75	0.5	0.0	6.47811913431	0.669767188686	1.08119039456	6.74922542648	0.409390953004	1.22585032875	743
58	0.75	0.75	0.0	5.93975567297	1.09651865284	1.35522053513	6.17478061509	0.817995021732	1.56736586839	744
58	0.75	1.0	0.0	5.37517937983	1.41578217129	1.57696175786	5.58904544251	1.11038278831	1.83116357515	745
58	1.0	0.0	0.0	7.070277219	0.1261414	0.101814	7.37483095588	-0.103363259606	0.087613048575	746
58	1.0	0.25	0.0	6.91791442329	0.447206404453	0.661855766684	7.19890296412	0.233143116284	0.695645520497	747
58	1.0	0.5	0.0	6.55652986322	0.935562120077	1.01232985493	6.78486944156	0.718334590058	1.07780512086	748
58	1.0	0.75	0.0	6.05357538354	1.45695733916	1.23493836795	6.22725217144	1.22499615762	1.31697205533	749
58	1.0	1.0	0.0	5.476502829	1.877140854	1.411383409	5.62057293704	1.62591281489	1.49602652954	750
61	0.0	0.0	0.0	7.070277219	0.1261414	0.101814	7.37483095588	-0.103363259606	0.087613048575	751
61	0.0	0.25	0.0	6.91791442329	0.447206404453	0.661855766684	7.19890296412	0.233143116284	0.695645520497	752
61	0.0	0.5	0.0	6.55652986322	0.935562120077	1.01232985493	6.78486944156	0.718334590058	1.07780512086	753
61	0.0	0.75	0.0	6.05357538354	1.45695733916	1.23493836795	6.22725217144	1.22499615762	1.31697205533	754
61	0.0	1.0	0.0	5.476502829	1.877140854	1.411383409	5.62057293704	1.62591281489	1.49602652954	755
61	0.25	0.0	0.0	7.07336753916	0.139881716605	0.0974093215929	7.37168957773	-0.086548900231	0.0830255775892	756
61	0.25	0.25	0.0	6.92662456502	0.52357007207	0.625471836985	7.19949853377	0.326838171118	0.642597353206	757
61	0.25	0.5	0.0	6.57686145229	1.03136478175	0.947128130224	6.79316106576	0.831744731687	0.979704694021	758
61	0.25	0.75	0.0	6.08392482116	1.55032408575	1.14340720944	6.24217857516	1.33206873871	1.17865588115	759
61	0.25	1.0	0.0	5.50766129182	1.9675062242	1.29533808278	5.63605246343	1.73170814943	1.32375919572	760
61	0.5	0.0	0.0	7.0801662435	0.152204710045	0.0915246127972	7.36477854581	-0.0674630126969	0.0767387251206	761
61	0.5	0.25	0.0	6.93501450514	0.591623606156	0.571224973627	7.19336218484	0.409346664476	0.567595897944	762
61	0.5	0.5	0.0	6.58820596494	1.12012825981	0.848376747909	6.78830701027	0.936283933186	0.841584721437	763
61	0.5	0.75	0.0	6.09795640001	1.63450662582	1.00517354602	6.23864964935	1.43316237822	0.98574766801	764
61	0.5	1.0	0.0	5.52248158746	2.03154665898	1.12380897835	5.63342672933	1.81979558437	1.08712721007	765
61	0.75	0.0	0.0	7.08696494784	0.163542823463	0.0839132226029	7.35786751388	-0.0493620051856	0.0687251912533	766
61	0.75	0.25	0.0	6.9407142529	0.649027295661	0.507547667538	7.18516818095	0.480193296225	0.482669527795	767
61	0.75	0.5	0.0	6.5907513591	1.18937795271	0.740332913545	6.77688043299	1.02129327596	0.694868317036	768
61	0.75	0.75	0.0	6.09699082643	1.69018255246	0.861185240427	6.22445041968	1.50837095188	0.788468436302	769
61	0.75	1.0	0.0	5.51934721487	2.05702885277	0.94902092799	5.61932429069	1.87585934187	0.846616762918	770
61	1.0	0.0	0.0	7.090055268	0.1743285	0.0743285	7.35472613573	-0.0355022858788	0.0589576760718	771
61	1.0	0.25	0.0	6.94135381755	0.693441429538	0.442872409649	7.17959078569	0.538902766229	0.399846615845	772
61	1.0	0.5	0.0	6.58468559274	1.22663925887	0.647253832693	6.76545449178	1.0761138414	0.570978594742	773
61	1.0	0.75	0.0	6.08234880681	1.69802945877	0.75239015539	6.20736591179	1.53778833542	0.637039206436	774
61	1.0	1.0	0.0	5.496641673	2.0317195	0.823198764	5.60037370347	1.88558364406	0.662714044597	775
62	0.0	0.0	0.0	7.090055268	0.1743285	0.0743285	7.35472613573	-0.0355022858788	0.0589576760718	776
62	0.0	0.25	0.0	6.94135381755	0.693441429538	0.442872409649	7.17959078569	0.538902766229	0.399846615845	777
62	0.0	0.5	0.0	6.58468559274	1.22663925887	0.647253832693	6.76545449178	1.0761138414	0.570978594742	778
62	0.0	0.75	0.0	6.08234880681	1.69802945877	0.75239015539	6.20736591179	1.53778833542	0.637039206436	779
62	0.0	1.0	0.0	5.496641673	2.0317195	0.823198764	5.60037370347	1.88558364406	0.662714044597	780
62	0.25	0.0	0.0	7.09585186972	0.186568358069	0.0604969680966	7.35723430783	-0.0177516094771	0.0375068187499	781
62	0.25	0.25	0.0	6.93888480176	0.718372764498	0.355335626462	7.175644834	0.581135204967	0.294742102387	782
62	0.25	0.5	0.0	6.56328278599	1.20496638377	0.529741967437	6.7468477932	1.08369855946	0.416312238579	783
62	0.25	0.75	0.0	6.04273711172	1.60960645121	0.631079261216	6.17554276372	1.48959410323	0.453346946669	784
62	0.25	1.0	0.0	5.45093906831	1.89555020213	0.706710777992	5.56642932382	1.79847748547	0.456975946002	785
62	0.5	0.0	0.0	7.1086043935	0.195183298149	0.0466297049584	7.36275228646	0.00298713093582	0.0068770396911	786
62	0.5	0.25	0.0	6.93802546759	0.708584557018	0.26299503182	7.17178891036	0.583417994899	0.189365561744	787
62	0.5	0.5	0.0	6.53404920204	1.12645626068	0.397604875455	6.72248416421	1.03699212913	0.246330922899	788
62	0.5	0.75	0.0	5.992750691	1.45107261922	0.492906988828	6.13465044708	1.38071004437	0.242014202049	789
62	0.5	1.0	0.0	5.41020502865	1.68470784273	0.591349124905	5.52810015807	1.63157225136	0.240656478082	790
62	0.75	0.0	0.0	7.12135691728	0.200860714154	0.031323364341	7.36827026509	0.0207883472744	-0.0251918168469	791
62	0.75	0.25	0.0	6.93689711513	0.685019564506	0.16729887806	7.16816342834	0.569071755914	0.081582166307	792
62	0.75	0.5	0.0	6.50466516064	1.03411739707	0.259093378392	6.69942573885	0.973810208002	0.076775314302	793
62	0.75	0.75	0.0	5.944370292	1.28088462144	0.345219231455	6.09741948799	1.25870663459	0.0341817595259	794
62	0.75	1.0	0.0	5.37572174741	1.45805164722	0.464188803366	5.49750696711	1.44746396672	0.0275956343666	795
62	1.0	0.0	0.0	7.127153519	0.204288	0.0131746	7.37077843719	0.029726451453	-0.0509599066064	796
62	1.0	0.25	0.0	6.93362104449	0.668620544374	0.0696954175181	7.16490880149	0.561417107898	-0.0307429115303	797
62	1.0	0.5	0.0	6.48281098154	0.970958300439	0.122458297894	6.68473465119	0.931968453687	-0.0766139206143	798
62	1.0	0.75	0.0	5.90957666207	1.15749911653	0.195361882323	6.07658041256	1.17115434964	-0.139009593946	799
62	1.0	1.0	0.0	5.348771418	1.274440841	0.312304812	5.48677051183	1.30874865656	-0.168366591613	800
