Elem	xi[0]	xi[1]	xi[2]	Y[0]	Y[1]	Y[2]	y[0]	y[1]	y[2]	Index
1	0.0	0.0	0.0	1.031429191	1.559569583	0.229657102	1.11748751655	1.86248751546	-0.414757453422	1
1	0.0	0.25	0.0	0.513544660543	1.49487959547	0.163789425391	0.553509958065	1.76142600995	-0.387991039191	2
1	0.0	0.5	0.0	-0.0106634707701	1.32553616678	0.123264158547	-0.00617048274839	1.59800181534	-0.363204232777	3
1	0.0	0.75	0.0	-0.557000068948	1.12846265121	0.0957299369303	-0.56871130305	1.42549886722	-0.334976708845	4
1	0.0	1.0	0.0	-1.14127	0.980582403	0.068835396	-1.14127	1.29720110119	-0.29788814206	5
1	0.25	0.0	0.0	1.03131202337	1.35217269537	0.0227637106914	1.1373314926	1.71083728485	-0.759395599187	6
1	0.25	0.25	0.0	0.515487079605	1.29516553872	-0.05157199569	0.570712785388	1.61109592941	-0.738890670819	7
1	0.25	0.5	0.0	-0.0147382296051	1.14479481022	-0.118570341775	0.00388497112775	1.46255631487	-0.729917508052	8
1	0.25	0.75	0.0	-0.56631485153	0.977823129522	-0.172484950547	-0.567100888906	1.31322708365	-0.718555789894	9
1	0.25	1.0	0.0	-1.14619373344	0.871013116262	-0.207569444989	-1.14619373344	1.21111687817	-0.690885195352	10
1	0.5	0.0	0.0	1.04848884842	1.0910788383	-0.217210544239	1.16320104775	1.50575596975	-1.15311806868	11
1	0.5	0.25	0.0	0.532862372043	1.03543173794	-0.311933984562	0.604523903086	1.4027373523	-1.15131316202	12
1	0.5	0.5	0.0	-0.0105613151595	0.91091927974	-0.41315546731	0.0244627359329	1.26945739225	-1.16219818871	13
1	0.5	0.75	0.0	-0.57588768955	0.774497617942	-0.493350260409	-0.566335094122	1.14018654607	-1.16636146592	14
1	0.5	1.0	0.0	-1.15722222749	0.683122906792	-0.524993631784	-1.15722222749	1.04919527024	-1.14439131084	15
1	0.75	0.0	0.0	1.07382045127	0.812050392071	-0.464158053799	1.1870095757	1.27143482915	-1.53596075941	16
1	0.75	0.25	0.0	0.555037842217	0.756177221416	-0.579658156488	0.630803346458	1.15836133389	-1.55228306515	17
1	0.75	0.5	0.0	-0.00703339332281	0.663652537385	-0.704903340827	0.0310449385116	1.03727135162	-1.56991511453	18
1	0.75	0.75	0.0	-0.589868971335	0.557413129536	-0.799126528437	-0.580219696717	0.921980288774	-1.57562561329	19
1	0.75	1.0	0.0	-1.1709446078	0.460395787426	-0.821560640937	-1.1709446078	0.826303551772	-1.55618326717	20
1	1.0	0.0	0.0	1.098167617	0.550849737	-0.691971209	1.20067047012	1.03206512207	-1.84795956889	21
1	1.0	0.25	0.0	0.571380794487	0.497901017414	-0.817106126734	0.625411150804	0.899978929444	-1.86882493258	22
1	1.0	0.5	0.0	-0.0130551299847	0.442737545194	-0.938226085099	-0.000886294291588	0.784564497105	-1.86293712529	23
1	1.0	0.75	0.0	-0.612409085214	0.365496677377	-1.02207429041	-0.622560474712	0.674211346021	-1.84358010834	24
1	1.0	1.0	0.0	-1.18395	0.246315771	-1.035393949	-1.18395	0.557308997159	-1.82403784301	25
2	0.0	0.0	0.0	1.098167617	0.550849737	-0.691971209	1.20067047012	1.03206512207	-1.84795956889	26
2	0.0	0.25	0.0	0.571380794487	0.497901017414	-0.817106126734	0.625411150804	0.899978929444	-1.86882493258	27
2	0.0	0.5	0.0	-0.0130551299847	0.442737545194	-0.938226085099	-0.000886294291588	0.784564497105	-1.86293712529	28
2	0.0	0.75	0.0	-0.612409085214	0.365496677377	-1.02207429041	-0.622560474712	0.674211346021	-1.84358010834	29
2	0.0	1.0	0.0	-1.18395	0.246315771	-1.035393949	-1.18395	0.557308997159	-1.82403784301	30
2	0.25	0.0	0.0	1.11487202746	0.384223969646	-0.915577114301	1.20673881717	0.84836085739	-2.08612666789	31
2	0.25	0.25	0.0	0.583596593232	0.32428448222	-1.02688196192	0.619115611462	0.692074046566	-2.09596239839	32
2	0.25	0.5	0.0	-0.0109347394382	0.277280355136	-1.12202095926	-0.0196346322329	0.565094991862	-2.06413522777	33
2	0.25	0.75	0.0	-0.620521130415	0.206898993251	-1.17364574239	-0.64612329041	0.451032443556	-2.0141686828	34
2	0.25	1.0	0.0	-1.19696173956	0.0768278014246	-1.1544079474	-1.19696173956	0.333495151928	-1.96958629027	35
2	0.5	0.0	0.0	1.12872472364	0.275647516411	-1.1969196002	1.21827277729	0.691033580879	-2.34406473172	36
2	0.5	0.25	0.0	0.598013791091	0.189361797718	-1.28358273691	0.635700586521	0.49954473209	-2.34420613872	37
2	0.5	0.5	0.0	0.00380406887482	0.104258020498	-1.35325189283	-0.00624134189092	0.325384162347	-2.31170576426	38
2	0.5	0.75	0.0	-0.614253742818	0.00152307828915	-1.36762296259	-0.644621640984	0.18090090091	-2.24939460781	39
2	0.5	1.0	0.0	-1.21650894379	-0.137656135371	-1.28839184081	-1.21650894379	0.0784439770369	-2.16010366885	40
2	0.75	0.0	0.0	1.13917713075	0.19012326897	-1.49398073626	1.24051012986	0.545724424638	-2.60085406222	41
2	0.75	0.25	0.0	0.611869142442	0.0749945997066	-1.55915066117	0.662076528596	0.320406989915	-2.60026808626	42
2	0.75	0.5	0.0	0.0219991793397	-0.0611971929131	-1.59331387547	0.015880503803	0.0925765194211	-2.56857041663	43
2	0.75	0.75	0.0	-0.603297134777	-0.208072522017	-1.55758996736	-0.637349284457	-0.0876181487702	-2.49208013991	44
2	0.75	1.0	0.0	-1.23688417613	-0.355251800731	-1.41309852507	-1.23688417613	-0.170028176587	-2.35711634267	45
2	1.0	0.0	0.0	1.145680674	0.092654119	-1.764742592	1.27868865428	0.398074520765	-2.83557496126	46
2	1.0	0.25	0.0	0.622399401658	-0.0369554760177	-1.82552794416	0.685153890299	0.152676823937	-2.85086017374	47
2	1.0	0.5	0.0	0.0344884763418	-0.203953019294	-1.80360189681	0.0233178319174	-0.106183426059	-2.79765086678	48
2	1.0	0.75	0.0	-0.597341518645	-0.379329262173	-1.69713077306	-0.643599978853	-0.305959572337	-2.68504753565	49
2	1.0	1.0	0.0	-1.25238	-0.534074956	-1.504280896	-1.25238	-0.374104958014	-2.52215067566	50
5	0.0	0.0	0.0	1.145680674	0.092654119	-1.764742592	1.27868865428	0.398074520765	-2.83557496126	51
5	0.0	0.25	0.0	0.622399401658	-0.0369554760177	-1.82552794416	0.685153890299	0.152676823937	-2.85086017374	52
5	0.0	0.5	0.0	0.0344884763418	-0.203953019294	-1.80360189681	0.0233178319174	-0.106183426059	-2.79765086678	53
5	0.0	0.75	0.0	-0.597341518645	-0.379329262173	-1.69713077306	-0.643599978853	-0.305959572337	-2.68504753565	54
5	0.0	1.0	0.0	-1.25238	-0.534074956	-1.504280896	-1.25238	-0.374104958014	-2.52215067566	55
5	0.25	0.0	0.0	1.13513590273	-0.428411808282	-2.25545974533	1.3640446974	-0.286351890623	-3.26275246278	56
5	0.25	0.25	0.0	0.611825245531	-0.562071200636	-2.30734223884	0.713251227791	-0.542715936779	-3.30023646457	57
5	0.25	0.5	0.0	0.0242364241202	-0.718666107391	-2.13872803722	0.00888414820384	-0.78817070391	-3.15094138772	58
5	0.25	0.75	0.0	-0.613599270763	-0.875675184159	-1.86504754887	-0.68082646823	-0.959699097188	-2.92499535662	59
5	0.25	1.0	0.0	-1.28765054838	-1.01057708656	-1.60173118216	-1.28765054838	-0.994284021784	-2.73252649567	60
5	0.5	0.0	0.0	1.09846873523	-1.22609465794	-2.46051122397	1.39363190893	-1.31790547881	-3.40582545831	61
5	0.5	0.25	0.0	0.564269188507	-1.36257149936	-2.4636297946	0.720123695752	-1.57267260907	-3.4048450793	62
5	0.5	0.5	0.0	-0.0197699754579	-1.4732192253	-2.22168925487	0.00179581786304	-1.77123207998	-3.20109730621	63
5	0.5	0.75	0.0	-0.652217662631	-1.56095575017	-1.87847684147	-0.701932686471	-1.88205945027	-2.93150489854	64
5	0.5	1.0	0.0	-1.33164277898	-1.6286989884	-1.57777979106	-1.33164277898	-1.87363027867	-2.73299061579	65
5	0.75	0.0	0.0	1.06243137787	-2.06057159039	-2.40183556588	1.40572599415	-2.37629111443	-3.26745000291	66
5	0.75	0.25	0.0	0.51805399469	-2.18146550257	-2.34721156261	0.728502149322	-2.61487386586	-3.20831590231	67
5	0.75	0.5	0.0	-0.0664796046416	-2.22765673989	-2.09020898817	0.00736978730689	-2.7548589812	-2.9931327218	68
5	0.75	0.75	0.0	-0.695001462207	-2.22793500706	-1.74658475116	-0.708851874848	-2.79903011748	-2.73602786578	69
5	0.75	1.0	0.0	-1.37134362009	-2.21109000879	-1.43209576017	-1.37134362009	-2.7501709317	-2.55112873866	70
5	1.0	0.0	0.0	1.053776037	-2.692019766	-2.101371309	1.43860265835	-3.14121366811	-2.85028215163	71
5	1.0	0.25	0.0	0.511502428181	-2.76176234066	-2.01090849403	0.76111744364	-3.34700038007	-2.75427881797	72
5	1.0	0.5	0.0	-0.0848413456798	-2.74202301805	-1.78201067553	0.0309230029473	-3.4385428345	-2.57206173404	73
5	1.0	0.75	0.0	-0.723755437451	-2.66937700167	-1.47853737826	-0.703517274631	-3.43660058469	-2.37001596273	74
5	1.0	1.0	0.0	-1.39374	-2.580399495	-1.164348127	-1.39374	-3.36193318389	-2.21452656692	75
6	0.0	0.0	0.0	1.053776037	-2.692019766	-2.101371309	1.43860265835	-3.14121366811	-2.85028215163	76
6	0.0	0.25	0.0	0.511502428181	-2.76176234066	-2.01090849403	0.76111744364	-3.34700038007	-2.75427881797	77
6	0.0	0.5	0.0	-0.0848413456798	-2.74202301805	-1.78201067553	0.0309230029473	-3.4385428345	-2.57206173404	78
6	0.0	0.75	0.0	-0.723755437451	-2.66937700167	-1.47853737826	-0.703517274631	-3.43660058469	-2.37001596273	79
6	0.0	1.0	0.0	-1.39374	-2.580399495	-1.164348127	-1.39374	-3.36193318389	-2.21452656692	80
6	0.25	0.0	0.0	1.08058422479	-3.12062138926	-1.65440822362	1.48364173237	-3.64781675066	-2.26484485671	81
6	0.25	0.25	0.0	0.535012587134	-3.11684100315	-1.5593501819	0.792584859971	-3.79583866771	-2.17492982476	82
6	0.25	0.5	0.0	-0.0698948564318	-3.01926929625	-1.37135403958	0.0474339130578	-3.81920520698	-2.04742579665	83
6	0.25	0.75	0.0	-0.720802265158	-2.87078326217	-1.12440319427	-0.701617006865	-3.75793506363	-1.91292596083	84
6	0.25	1.0	0.0	-1.40437379829	-2.71425989448	-0.852481043627	-1.40437379829	-3.65204693284	-1.80202350575	85
6	0.5	0.0	0.0	1.1248138792	-3.56716785647	-1.07646887528	1.51899320213	-4.20764682211	-1.51755989635	86
6	0.5	0.25	0.0	0.555848034163	-3.49161338147	-0.983572591897	0.801430818537	-4.28625306442	-1.44947263408	87
6	0.5	0.5	0.0	-0.0516089641996	-3.30768176226	-0.826419275237	0.0436757806373	-4.22802304337	-1.36770504528	88
6	0.5	0.75	0.0	-0.706776651094	-3.0682016642	-0.635810275545	-0.71088748748	-4.09340325895	-1.28927780836	89
6	0.5	1.0	0.0	-1.41887456173	-2.82600175268	-0.442546943062	-1.41887456173	-3.94284021114	-1.23121160174	90
6	0.75	0.0	0.0	1.16740631327	-3.90907368719	-0.466448137552	1.5364841448	-4.67216544731	-0.718792288822	91
6	0.75	0.25	0.0	0.568055166203	-3.78140253071	-0.386925437878	0.790840322756	-4.69557229396	-0.686651940241	92
6	0.75	0.5	0.0	-0.0464868646291	-3.53471646633	-0.265207461939	0.0251413632018	-4.58201520166	-0.658982745047	93
6	0.75	0.75	0.0	-0.703738395904	-3.22682331927	-0.132767737786	-0.726811752828	-4.39593223887	-0.641070171176	94
6	0.75	1.0	0.0	-1.4312180443	-2.91553091479	-0.0210797934658	-1.4312180443	-4.20176147409	-0.638199686564	95
6	1.0	0.0	0.0	1.18930284	-4.023753401	0.076759116	1.52794163754	-4.89283419108	0.0210929475956	96
6	1.0	0.25	0.0	0.565680380187	-3.88153150596	0.127241566289	0.763998376048	-4.90112508008	0.00478756243009	97
6	1.0	0.5	0.0	-0.0710317533667	-3.62782945874	0.194280320889	-0.00267658173298	-4.79820053978	-0.047342161054	98
6	1.0	0.75	0.0	-0.733747300238	-3.31183933889	0.264715303294	-0.744872839262	-4.61844907161	-0.110301715085	99
6	1.0	1.0	0.0	-1.43538	-2.982753226	0.325386437	-1.43538	-4.39625917697	-0.159096591891	100
9	0.0	0.0	0.0	1.18930284	-4.023753401	0.076759116	1.52794163754	-4.89283419108	0.0210929475956	101
9	0.0	0.25	0.0	0.565680380187	-3.88153150596	0.127241566289	0.763998376048	-4.90112508008	0.00478756243009	102
9	0.0	0.5	0.0	-0.0710317533667	-3.62782945874	0.194280320889	-0.00267658173298	-4.79820053978	-0.047342161054	103
9	0.0	0.75	0.0	-0.733747300238	-3.31183933889	0.264715303294	-0.744872839262	-4.61844907161	-0.110301715085	104
9	0.0	1.0	0.0	-1.43538	-2.982753226	0.325386437	-1.43538	-4.39625917697	-0.159096591891	105
9	0.25	0.0	0.0	1.18546683913	-3.68663061769	0.735312247311	1.49747182482	-4.6611306542	0.969508975229	106
9	0.25	0.25	0.0	0.569202035255	-3.57100473461	0.741866492677	0.746883162383	-4.68520729345	0.905747189136	107
9	0.25	0.5	0.0	-0.0825468891014	-3.4006519147	0.780398206691	0.000452572360679	-4.6747384374	0.809322267139	108
9	0.25	0.75	0.0	-0.742711633968	-3.18602485926	0.836022138555	-0.717892322481	-4.6003278963	0.709695620596	109
9	0.25	1.0	0.0	-1.38422389937	-2.93757626959	0.893853037472	-1.38422389937	-4.43257948038	0.636328660865	110
9	0.5	0.0	0.0	1.16941879981	-2.97941219804	1.38676609964	1.47274358847	-4.00435717254	1.89239863956	111
9	0.5	0.25	0.0	0.604184977459	-2.91120455886	1.36126531686	0.772749751942	-4.03771742398	1.81285003741	112
9	0.5	0.5	0.0	-0.0117003586773	-2.85918232484	1.41714325822	0.0656672100984	-4.10660802634	1.74895767134	113
9	0.5	0.75	0.0	-0.647474583412	-2.79227718457	1.50115694196	-0.624156807565	-4.15632293405	1.68832201384	114
9	0.5	1.0	0.0	-1.27237507155	-2.67942082661	1.56006338635	-1.27237507155	-4.13215610153	1.61854353737	115
9	0.75	0.0	0.0	1.15627955133	-2.19034815463	2.05752881215	1.45127823655	-3.18782279115	2.74971600049	116
9	0.75	0.25	0.0	0.646024408378	-2.1898196019	2.02675753999	0.811872167592	-3.24697330685	2.68612672314	117
9	0.75	0.5	0.0	0.0781142404688	-2.23798360242	2.06847283964	0.141054579219	-3.37136943067	2.64906363027	118
9	0.75	0.75	0.0	-0.527994086831	-2.28895739771	2.12219677771	-0.525681666616	-3.51137081736	2.60332740649	119
9	0.75	1.0	0.0	-1.15284370796	-2.29685822932	2.12745142081	-1.15284370796	-3.6173371217	2.51371873641	120
9	1.0	0.0	0.0	1.161169923	-1.6076885	2.774008524	1.43059707709	-2.47683655508	3.50141511794	121
9	1.0	0.25	0.0	0.670115529587	-1.69453848693	2.7796626632	0.8345244322	-2.60129277726	3.48560786224	122
9	1.0	0.5	0.0	0.1235033109	-1.77161866068	2.69834431515	0.174701927463	-2.74658277448	3.38713972262	123
9	1.0	0.75	0.0	-0.464228082487	-1.83442658159	2.56121871003	-0.484482271733	-2.89040817877	3.23246174036	124
9	1.0	1.0	0.0	-1.07864	-1.87845981	2.399451078	-1.07864	-3.01047062217	3.04802495678	125
10	0.0	0.0	0.0	1.161169923	-1.6076885	2.774008524	1.43059707709	-2.47683655508	3.50141511794	126
10	0.0	0.25	0.0	0.670115529587	-1.69453848693	2.7796626632	0.8345244322	-2.60129277726	3.48560786224	127
10	0.0	0.5	0.0	0.1235033109	-1.77161866068	2.69834431515	0.174701927463	-2.74658277448	3.38713972262	128
10	0.0	0.75	0.0	-0.464228082487	-1.83442658159	2.56121871003	-0.484482271733	-2.89040817877	3.23246174036	129
10	0.0	1.0	0.0	-1.07864	-1.87845981	2.399451078	-1.07864	-3.01047062217	3.04802495678	130
10	0.25	0.0	0.0	1.16710186801	-1.09889617356	3.09699097301	1.37133939086	-1.75711141253	3.80762747786	131
10	0.25	0.25	0.0	0.669694154185	-1.24378679454	3.11577780184	0.793116659007	-1.94015465697	3.80453110868	132
10	0.25	0.5	0.0	0.123813334526	-1.32123659893	2.94651728332	0.146701351712	-2.09771911119	3.65326488484	133
10	0.25	0.75	0.0	-0.457661424027	-1.36394481243	2.68385599463	-0.495692522358	-2.22712917326	3.42636098707	134
10	0.25	1.0	0.0	-1.06185095454	-1.40461066077	2.42244051296	-1.06185095454	-2.32570924124	3.1963515961	135
10	0.5	0.0	0.0	1.15482918403	-0.342681669566	2.94121182693	1.26839220766	-0.746458144054	3.6569522222	136
10	0.5	0.25	0.0	0.654536598028	-0.511375904421	2.92833587786	0.699071268345	-0.958724282766	3.62243332468	137
10	0.5	0.5	0.0	0.115034863351	-0.628771098657	2.79402632572	0.0887049752129	-1.1536687226	3.50655452736	138
10	0.5	0.75	0.0	-0.459798727101	-0.716117078406	2.59376906614	-0.515437473716	-1.32687812067	3.34752658718	139
10	0.5	1.0	0.0	-1.06608688042	-0.794663669801	2.38304999473	-1.06608688042	-1.47393913407	3.18356026107	140
10	0.75	0.0	0.0	1.12850298877	0.502397106461	2.56457814512	1.1790993635	0.313627961572	3.22767294187	141
10	0.75	0.25	0.0	0.621948372569	0.32214088556	2.53327878464	0.608698958491	0.0861064634028	3.1829802708	142
10	0.75	0.5	0.0	0.0878789847796	0.140949587433	2.48159039638	0.026349912106	-0.158670068128	3.14384358789	143
10	0.75	0.75	0.0	-0.47869086473	-0.0298686018392	2.39920633518	-0.545085965981	-0.401525362318	3.09587590395	144
10	0.75	1.0	0.0	-1.08274686609	-0.17900549618	2.27581995589	-1.08274686609	-0.623283148466	3.02469022981	145
10	1.0	0.0	0.0	1.0922744	1.277782249	2.224996987	1.16080469439	1.18165161557	2.69807322778	146
10	1.0	0.25	0.0	0.569234989264	1.07621027754	2.24654841555	0.578310427721	0.937445699592	2.72983770757	147
10	1.0	0.5	0.0	0.0330567862185	0.823097206649	2.24992844931	-0.014726723467	0.643038392816	2.76196700412	148
10	1.0	0.75	0.0	-0.522388709936	0.55587539493	2.20841621242	-0.586006839324	0.337058760464	2.77132630066	149
10	1.0	1.0	0.0	-1.10323	0.311977201	2.095290829	-1.10323	0.0581358677537	2.73478078044	150
13	0.0	0.0	0.0	1.0922744	1.277782249	2.224996987	1.16080469439	1.18165161557	2.69807322778	151
13	0.0	0.25	0.0	0.569234989264	1.07621027754	2.24654841555	0.578310427721	0.937445699592	2.72983770757	152
13	0.0	0.5	0.0	0.0330567862185	0.823097206649	2.24992844931	-0.014726723467	0.643038392816	2.76196700412	153
13	0.0	0.75	0.0	-0.522388709936	0.55587539493	2.20841621242	-0.586006839324	0.337058760464	2.77132630066	154
13	0.0	1.0	0.0	-1.10323	0.311977201	2.095290829	-1.10323	0.0581358677537	2.73478078044	155
13	0.25	0.0	0.0	1.07781196539	1.53355048951	2.08620465629	1.16781802187	1.43869042033	2.43792493759	156
13	0.25	0.25	0.0	0.546862595678	1.31475594838	2.13630288376	0.579631140917	1.18516416056	2.50928371933	157
13	0.25	0.5	0.0	0.00933652540328	1.03802588364	2.15196527628	-0.0214985346657	0.877917559869	2.56600490178	158
13	0.25	0.75	0.0	-0.543297605346	0.738938242764	2.10976200267	-0.599817226569	0.556559370881	2.58947934223	159
13	0.25	1.0	0.0	-1.11957115648	0.453070973193	1.98626323174	-1.11957115648	0.260698346226	2.56109789797	160
13	0.5	0.0	0.0	1.06538779919	1.77236364789	1.87206074253	1.16531161673	1.6836895533	2.08135673933	161
13	0.5	0.25	0.0	0.527391413684	1.5352016766	1.9343469937	0.572456133349	1.4240297276	2.17476957031	162
13	0.5	0.5	0.0	-0.0100958612122	1.24587911947	1.96997064985	-0.0285560692635	1.11635376942	2.2616091377	163
13	0.5	0.75	0.0	-0.563055946727	0.926859898201	1.94747007666	-0.610830024083	0.790922765529	2.31829031996	164
13	0.5	1.0	0.0	-1.14747076409	0.600607934527	1.83538363982	-1.14747076409	0.477997802716	2.32122799555	165
13	0.75	0.0	0.0	1.05784060114	1.95500651282	1.62832274875	1.15776197546	1.885168127	1.6940369381	166
13	0.75	0.25	0.0	0.513313408781	1.70675958604	1.69571473361	0.561141876377	1.62531651914	1.80503208802	167
13	0.75	0.5	0.0	-0.0240562411325	1.41583150345	1.75468074846	-0.0374234087462	1.32556718985	1.92683829569	168
13	0.75	0.75	0.0	-0.578804492607	1.09071356418	1.76342326833	-0.621703368043	1.00545264464	2.02723978372	169
13	0.75	1.0	0.0	-1.17546748965	0.739897067347	1.68014476823	-1.17546748965	0.684505389006	2.07402077473	170
13	1.0	0.0	0.0	1.058009071	2.042263873	1.400748178	1.14964559455	2.01164525393	1.341633839	171
13	1.0	0.25	0.0	0.507120546468	1.7986418005	1.47544009168	0.550044841361	1.76029865358	1.47880809994	172
13	1.0	0.5	0.0	-0.031360481862	1.51705762494	1.55683175052	-0.0496246345995	1.47277798956	1.63975095953	173
13	1.0	0.75	0.0	-0.587684001511	1.20157244365	1.5995044116	-0.635095394623	1.16545270846	1.78580828338	174
13	1.0	1.0	0.0	-1.1921	0.856247354	1.558039332	-1.1921	0.85469225688	1.8783259371	175
14	0.0	0.0	0.0	1.058009071	2.042263873	1.400748178	1.14964559455	2.01164525393	1.341633839	176
14	0.0	0.25	0.0	0.507120546468	1.7986418005	1.47544009168	0.550044841361	1.76029865358	1.47880809994	177
14	0.0	0.5	0.0	-0.031360481862	1.51705762494	1.55683175052	-0.0496246345995	1.47277798956	1.63975095953	178
14	0.0	0.75	0.0	-0.587684001511	1.20157244365	1.5995044116	-0.635095394623	1.16545270846	1.78580828338	179
14	0.0	1.0	0.0	-1.1921	0.856247354	1.558039332	-1.1921	0.85469225688	1.8783259371	180
14	0.25	0.0	0.0	1.05904420374	2.01317051452	1.12253003867	1.1378151161	2.05793405384	0.925055370127	181
14	0.25	0.25	0.0	0.508875338565	1.81063888485	1.17119402482	0.542539251383	1.84730608576	1.05230485595	182
14	0.25	0.5	0.0	-0.0287073553335	1.56709246529	1.22785470764	-0.056694955592	1.60624095808	1.19106696835	183
14	0.25	0.75	0.0	-0.585170850379	1.29319672875	1.26915156473	-0.641123435497	1.34998474931	1.32570938258	184
14	0.25	1.0	0.0	-1.191982119	0.99961714811	1.27172407365	-1.191982119	1.09378353796	1.44059977391	185
14	0.5	0.0	0.0	1.05304254999	1.8950906306	0.787635575047	1.12307463099	2.03565680691	0.431402945127	186
14	0.5	0.25	0.0	0.514148153359	1.75020804167	0.790388485296	0.544377284784	1.87480545274	0.521903195768	187
14	0.5	0.5	0.0	-0.0174290160389	1.54098755143	0.816275012368	-0.0390969628264	1.67094361399	0.623962421262	188
14	0.5	0.75	0.0	-0.570370918271	1.29753007516	0.844834312599	-0.615593949626	1.45140221348	0.729111546252	189
14	0.5	1.0	0.0	-1.17335951341	1.04993652812	0.855605542329	-1.17335951341	1.24351217403	0.828881495381	190
14	0.75	0.0	0.0	1.04287918675	1.72992379539	0.466524643899	1.11358010817	1.96408434887	-0.046231856043	191
14	0.75	0.25	0.0	0.517513193227	1.63805352665	0.424196082393	0.549915375649	1.84533325923	0.00325420288417	192
14	0.75	0.5	0.0	-0.00794215688296	1.45503730978	0.416581788174	-0.0158992679845	1.66786941413	0.064013345228	193
14	0.75	0.75	0.0	-0.556556544642	1.2356071577	0.421908491304	-0.58321916336	1.47485646483	0.130665830427	194
14	0.75	1.0	0.0	-1.15139965111	1.03449508332	0.418402921842	-1.15139965111	1.30945806261	0.197831917918	195
14	1.0	0.0	0.0	1.031429191	1.559569583	0.229657102	1.11748751655	1.86248751546	-0.414757453422	196
14	1.0	0.25	0.0	0.513544660543	1.49487959547	0.163789425391	0.553509958065	1.76142600995	-0.387991039191	197
14	1.0	0.5	0.0	-0.0106634707701	1.32553616678	0.123264158547	-0.00617048274839	1.59800181534	-0.363204232777	198
14	1.0	0.75	0.0	-0.557000068948	1.12846265121	0.0957299369303	-0.56871130305	1.42549886722	-0.334976708845	199
14	1.0	1.0	0.0	-1.14127	0.980582403	0.068835396	-1.14127	1.29720110119	-0.29788814206	200
17	0.0	0.0	0.0	5.348771418	1.274440841	0.312304812	5.60411790087	2.08686795314	-0.252058183563	201
17	0.0	0.25	0.0	4.89041157105	1.35270898378	0.408300534433	5.128436817	2.13317541754	-0.289544934599	202
17	0.0	0.5	0.0	4.40088597981	1.41800038691	0.46137224081	4.63088320479	2.11388061216	-0.332296819274	203
17	0.0	0.75	0.0	3.91418333341	1.46377358208	0.492304896532	4.13418381886	2.06086289201	-0.37743840346	204
17	0.0	1.0	0.0	3.464292321	1.483487101	0.521883467	3.66106541384	2.00600161214	-0.422094253028	205
17	0.25	0.0	0.0	5.33478212659	1.19501443065	0.16972681941	5.6038539442	2.03319079595	-0.412985404811	206
17	0.25	0.25	0.0	4.87644542575	1.23746995259	0.252734954457	5.13034914879	2.06262179626	-0.477972997646	207
17	0.25	0.5	0.0	4.3907403886	1.2708407344	0.303133087349	4.63329176625	2.02465899845	-0.536711470367	208
17	0.25	0.75	0.0	3.90527327716	1.2871707163	0.338217886164	4.13610220358	1.94968364461	-0.592220251915	209
17	0.25	1.0	0.0	3.44765035348	1.27850383852	0.375286018979	3.66220086779	1.86807697683	-0.647518771228	210
17	0.5	0.0	0.0	5.32622919617	1.14546646686	0.00103162340683	5.60599435725	1.98755804024	-0.604824421262	211
17	0.5	0.25	0.0	4.86017144557	1.14905082437	0.0749737670256	5.12395598008	1.992411145	-0.689118598758	212
17	0.5	0.5	0.0	4.37400935342	1.13695307799	0.130213120116	4.62186385747	1.92262526312	-0.763111192161	213
17	0.5	0.75	0.0	3.88867639146	1.11344152498	0.170919771859	4.12186656874	1.81877425159	-0.833510993186	214
17	0.5	1.0	0.0	3.42510603142	1.08278446265	0.201263811437	3.64611269322	1.72143196743	-0.907026793545	215
17	0.75	0.0	0.0	5.32435419591	1.10287191939	-0.1672767888	5.61366140501	1.93167933088	-0.801952888305	216
17	0.75	0.25	0.0	4.85035651265	1.07176859052	-0.102577785343	5.12502069465	1.91408548262	-0.90053188251	217
17	0.75	0.5	0.0	4.35905837534	1.01531887112	-0.0431893356309	4.61575839378	1.81605126213	-0.987485456712	218
17	0.75	0.75	0.0	3.87017657407	0.950464599618	0.00220008736619	4.10860067769	1.68536992064	-1.07284375709	219
17	0.75	1.0	0.0	3.40342789891	0.894147614459	0.0249020106776	3.62627372162	1.56983470939	-1.16663692982	220
17	1.0	0.0	0.0	5.330398695	1.044305758	-0.30869443	5.6299773525	1.8472643127	-0.97874846133	221
17	1.0	0.25	0.0	4.85576750915	0.98994024242	-0.257514460132	5.14930667626	1.81918682795	-1.08976299348	222
17	1.0	0.5	0.0	4.35425295543	0.904919567243	-0.202875954633	4.63413429052	1.71320885147	-1.18582373608	223
17	1.0	0.75	0.0	3.85555772275	0.806118531695	-0.156151633568	4.11342829377	1.56670585947	-1.28175167344	224
17	1.0	1.0	0.0	3.3893845	0.710411935	-0.128714217	3.61615678449	1.41705332817	-1.3923677899	225
18	0.0	0.0	0.0	3.464292321	1.483487101	0.521883467	3.66106541384	2.00600161214	-0.422094253028	226
18	0.0	0.25	0.0	2.88630062464	1.4959285415	0.518926524855	3.05136517948	1.96154638094	-0.458362454849	227
18	0.0	0.5	0.0	2.26000923847	1.51721931015	0.443616100352	2.40616109758	1.93350673726	-0.462372805042	228
18	0.0	0.75	0.0	1.62764361106	1.54066459471	0.334382767924	1.75251469948	1.90583600684	-0.444409679326	229
18	0.0	1.0	0.0	1.031429191	1.559569583	0.229657102	1.11748751655	1.86248751546	-0.414757453422	230
18	0.25	0.0	0.0	3.44765035348	1.27850383852	0.375286018979	3.66220086779	1.86807697683	-0.647518771228	231
18	0.25	0.25	0.0	2.86245923884	1.26972754769	0.367287174969	3.05714065395	1.80171633921	-0.71117030343	232
18	0.25	0.5	0.0	2.23792395746	1.29168900377	0.268059039649	2.4161621155	1.77344716736	-0.75570364687	233
18	0.25	0.75	0.0	1.61416729156	1.32547509143	0.134313816922	1.7669856094	1.75318297726	-0.774113759479	234
18	0.25	1.0	0.0	1.03131202337	1.35217269537	0.0227637106914	1.1373314926	1.71083728485	-0.759395599187	235
18	0.5	0.0	0.0	3.42510603142	1.08278446265	0.201263811437	3.64611269322	1.72143196743	-0.907026793545	236
18	0.5	0.25	0.0	2.84100139281	1.06118833996	0.171457192284	3.04679027013	1.6459622102	-1.00193424262	237
18	0.5	0.5	0.0	2.22282747456	1.06701708086	0.0523110453167	2.4079076575	1.60299085369	-1.08569232611	238
18	0.5	0.75	0.0	1.61163853899	1.08280310657	-0.0969773075088	1.76739965136	1.56532105464	-1.1416404621	239
18	0.5	1.0	0.0	1.04848884842	1.0910788383	-0.217210544239	1.16320104775	1.50575596975	-1.15311806868	240
18	0.75	0.0	0.0	3.40342789891	0.894147614459	0.0249020106776	3.62627372162	1.56983470939	-1.16663692982	241
18	0.75	0.25	0.0	2.82721673829	0.855244478301	-0.0266580883184	3.03052578619	1.48028283956	-1.29111778895	242
18	0.75	0.5	0.0	2.21767368599	0.839938619809	-0.164430573429	2.39539707187	1.41805874232	-1.40700104314	243
18	0.75	0.75	0.0	1.61860587824	0.831212953045	-0.329801782606	1.76589064594	1.35712265856	-1.49503319807	244
18	0.75	1.0	0.0	1.07382045127	0.812050392071	-0.464158053799	1.1870095757	1.27143482915	-1.53596075941	245
18	1.0	0.0	0.0	3.3893845	0.710411935	-0.128714217	3.61615678449	1.41705332817	-1.3923677899	246
18	1.0	0.25	0.0	2.82639492706	0.636829522712	-0.185153331954	3.01855896029	1.29067707294	-1.53918445899	247
18	1.0	0.5	0.0	2.22541648798	0.607188699011	-0.342968507373	2.39262970688	1.21457177934	-1.67429199836	248
18	1.0	0.75	0.0	1.63361783416	0.589268943804	-0.534470785605	1.77459241368	1.14346020862	-1.78233537825	249
18	1.0	1.0	0.0	1.098167617	0.550849737	-0.691971209	1.20067047012	1.03206512207	-1.84795956889	250
19	0.0	0.0	0.0	5.330398695	1.044305758	-0.30869443	5.6299773525	1.8472643127	-0.97874846133	251
19	0.0	0.25	0.0	4.85576750915	0.98994024242	-0.257514460132	5.14930667626	1.81918682795	-1.08976299348	252
19	0.0	0.5	0.0	4.35425295543	0.904919567243	-0.202875954633	4.63413429052	1.71320885147	-1.18582373608	253
19	0.0	0.75	0.0	3.85555772275	0.806118531695	-0.156151633568	4.11342829377	1.56670585947	-1.28175167344	254
19	0.0	1.0	0.0	3.3893845	0.710411935	-0.128714217	3.61615678449	1.41705332817	-1.3923677899	255
19	0.25	0.0	0.0	5.33835858203	0.944266948335	-0.400422664613	5.63664429179	1.72206159064	-1.1227026061	256
19	0.25	0.25	0.0	4.8685017452	0.888012535818	-0.375737542781	5.16972809142	1.69538490496	-1.25270640414	257
19	0.25	0.5	0.0	4.36324129546	0.79078572396	-0.346955823725	4.65725318984	1.59382781877	-1.36983958571	258
19	0.25	0.75	0.0	3.85752910813	0.671938330321	-0.317771128684	4.13055204406	1.44467705728	-1.48302593503	259
19	0.25	1.0	0.0	3.38631705853	0.550822172463	-0.291877078896	3.62095711113	1.27521934569	-1.60118923631	260
19	0.5	0.0	0.0	5.34353409909	0.802562540264	-0.468659287319	5.62638846685	1.5609637539	-1.25677700168	261
19	0.5	0.25	0.0	4.87835751346	0.759574016602	-0.482147540635	5.16718766024	1.53808475794	-1.41407641846	262
19	0.5	0.5	0.0	4.38014532313	0.655665169726	-0.495508982086	4.66637143984	1.43697850993	-1.56929221212	263
19	0.5	0.75	0.0	3.87498166776	0.527507432481	-0.504300280837	4.14832516295	1.29121575707	-1.71268914867	264
19	0.5	1.0	0.0	3.38895068702	0.411772237715	-0.504078106053	3.63743418687	1.13436724657	-1.8345319941	265
19	0.75	0.0	0.0	5.34693798285	0.64979292331	-0.535403957116	5.61432040507	1.39337568125	-1.37539308655	266
19	0.75	0.25	0.0	4.88723787977	0.621131921316	-0.58468540494	5.16085242476	1.37251065732	-1.55929106679	267
19	0.75	0.5	0.0	4.39820204399	0.516229606337	-0.637497056198	4.67451817465	1.26992656625	-1.75146950219	268
19	0.75	0.75	0.0	3.89496834674	0.38868227892	-0.686680952432	4.17114381654	1.12937472116	-1.92596871083	269
19	0.75	1.0	0.0	3.39267465924	0.29208623961	-0.725079135184	3.6665555122	0.994606435156	-2.05682901084	270
19	1.0	0.0	0.0	5.34958297	0.516558487	-0.622656333	5.61555063381	1.24870225144	-1.4729722992	271
19	1.0	0.25	0.0	4.89704590995	0.489193486499	-0.691292086946	5.16988942699	1.22388687353	-1.67376837951	272
19	1.0	0.5	0.0	4.41064846357	0.38915073559	-0.761881672546	4.69472252838	1.11993762906	-1.88365934277	273
19	1.0	0.75	0.0	3.90454209016	0.271319310386	-0.835855005873	4.20340417094	0.982206711878	-2.07809201797	274
19	1.0	1.0	0.0	3.392878249	0.190588287	-0.914642003	3.70928858763	0.856046315821	-2.23251323409	275
20	0.0	0.0	0.0	3.3893845	0.710411935	-0.128714217	3.61615678449	1.41705332817	-1.3923677899	276
20	0.0	0.25	0.0	2.82639492706	0.636829522712	-0.185153331954	3.01855896029	1.29067707294	-1.53918445899	277
20	0.0	0.5	0.0	2.22541648798	0.607188699011	-0.342968507373	2.39262970688	1.21457177934	-1.67429199836	278
20	0.0	0.75	0.0	1.63361783416	0.589268943804	-0.534470785605	1.77459241368	1.14346020862	-1.78233537825	279
20	0.0	1.0	0.0	1.098167617	0.550849737	-0.691971209	1.20067047012	1.03206512207	-1.84795956889	280
20	0.25	0.0	0.0	3.38631705853	0.550822172463	-0.291877078896	3.62095711113	1.27521934569	-1.60118923631	281
20	0.25	0.25	0.0	2.82397370721	0.461363568693	-0.35280591674	3.01460802777	1.12662256222	-1.75304451286	282
20	0.25	0.5	0.0	2.22852638931	0.437414778426	-0.533962288654	2.39189170936	1.04811678794	-1.89811802317	283
20	0.25	0.75	0.0	1.64411314825	0.428520134472	-0.75000106454	1.78015351834	0.976447670461	-2.01596149794	284
20	0.25	1.0	0.0	1.11487202746	0.384223969646	-0.915577114301	1.20673881717	0.84836085739	-2.08612666789	285
20	0.5	0.0	0.0	3.38895068702	0.411772237715	-0.504078106053	3.63743418687	1.13436724657	-1.8345319941	286
20	0.5	0.25	0.0	2.80968658364	0.341957945972	-0.59261912492	3.02082728098	0.999187164648	-1.9835154923	287
20	0.5	0.5	0.0	2.21763718232	0.331087314283	-0.805372791609	2.39100995097	0.918499344434	-2.14481288176	288
20	0.5	0.75	0.0	1.6461880425	0.326527963984	-1.04068948906	1.77961438651	0.834912058865	-2.2783530118	289
20	0.5	1.0	0.0	1.12872472364	0.275647516411	-1.1969196002	1.21827277729	0.691033580879	-2.34406473172	290
20	0.75	0.0	0.0	3.39267465924	0.29208623961	-0.725079135184	3.6665555122	0.994606435156	-2.05682901084	291
20	0.75	0.25	0.0	2.79323133292	0.251736059073	-0.853514603196	3.04487582997	0.882801578401	-2.20767172028	292
20	0.75	0.5	0.0	2.20303576736	0.251953463858	-1.09486664022	2.40700825474	0.799920078657	-2.38384359223	293
20	0.75	0.75	0.0	1.64428526561	0.246746513859	-1.34355032499	1.79240296265	0.702161254534	-2.53251443633	294
20	0.75	1.0	0.0	1.13917713075	0.19012326897	-1.49398073626	1.24051012986	0.545724424638	-2.60085406222	295
20	1.0	0.0	0.0	3.392878249	0.190588287	-0.914642003	3.70928858763	0.856046315821	-2.23251323409	296
20	1.0	0.25	0.0	2.78430573161	0.163821312519	-1.08441399827	3.09441278477	0.751896501639	-2.40258751978	297
20	1.0	0.5	0.0	2.19500904477	0.163760384427	-1.34011045845	2.45691044369	0.666579620438	-2.58467717267	298
20	1.0	0.75	0.0	1.6428475663	0.152629865622	-1.59559783815	1.83794719124	0.561503138164	-2.74145028807	299
20	1.0	1.0	0.0	1.145680674	0.092654119	-1.764742592	1.27868865428	0.398074520765	-2.83557496126	300
25	0.0	0.0	0.0	5.34958297	0.516558487	-0.622656333	5.61555063381	1.24870225144	-1.4729722992	301
25	0.0	0.25	0.0	4.89704590995	0.489193486499	-0.691292086946	5.16988942699	1.22388687353	-1.67376837951	302
25	0.0	0.5	0.0	4.41064846357	0.38915073559	-0.761881672546	4.69472252838	1.11993762906	-1.88365934277	303
25	0.0	0.75	0.0	3.90454209016	0.271319310386	-0.835855005873	4.20340417094	0.982206711878	-2.07809201797	304
25	0.0	1.0	0.0	3.392878249	0.190588287	-0.914642003	3.70928858763	0.856046315821	-2.23251323409	305
25	0.25	0.0	0.0	5.3575500589	0.125751638805	-1.01588419617	5.67060807158	0.740975559771	-1.78537994209	306
25	0.25	0.25	0.0	4.91368840558	0.0750176733636	-1.07027472888	5.22862835191	0.6922931503	-1.98328594126	307
25	0.25	0.5	0.0	4.41924284485	-0.00261746421615	-1.07680314703	4.74590893983	0.59669675353	-2.13886564566	308
25	0.25	0.75	0.0	3.89058760365	-0.0851387312931	-1.08733159986	4.24874065498	0.476757872639	-2.27582664012	309
25	0.25	1.0	0.0	3.3440969089	-0.150531085226	-1.15372223662	3.76341431704	0.355048010805	-2.41787650944	310
25	0.5	0.0	0.0	5.35813429921	-0.291041245295	-1.41889621503	5.73361025138	0.100653066519	-2.07945846612	311
25	0.5	0.25	0.0	4.89554581737	-0.375803295436	-1.43640562822	5.26466773633	0.00492220609334	-2.25046072174	312
25	0.5	0.5	0.0	4.39328983927	-0.481579843116	-1.35670106544	4.7556361728	-0.130335145748	-2.32797500975	313
25	0.5	0.75	0.0	3.84497653733	-0.589318052732	-1.26153124257	4.23990742993	-0.277663034833	-2.36596498792	314
25	0.5	1.0	0.0	3.24421608396	-0.679965088682	-1.23264487551	3.75087337684	-0.409605506986	-2.41839431404	315
25	0.75	0.0	0.0	5.34163648816	-0.700201259248	-1.68467864411	5.77671875082	-0.546336496452	-2.21779754478	316
25	0.75	0.25	0.0	4.8490102389	-0.822754656478	-1.66612270435	5.27525231289	-0.69201853752	-2.35732803972	317
25	0.75	0.5	0.0	4.33469040896	-0.966811149194	-1.51887049167	4.74624602518	-0.873030053524	-2.3731037353	318
25	0.75	0.75	0.0	3.7742106039	-1.11540022307	-1.33888438441	4.22050838422	-1.05769693349	-2.33210378591	319
25	0.75	1.0	0.0	3.14310442928	-1.2515513638	-1.2221267609	3.72884788651	-1.21434506646	-2.30130734593	320
25	1.0	0.0	0.0	5.298357423	-1.068109497	-1.666217738	5.7720951475	-1.07406439728	-2.06298685161	321
25	1.0	0.25	0.0	4.78047376377	-1.22532164634	-1.63586387665	5.25762681425	-1.25232165897	-2.18592321394	322
25	1.0	0.5	0.0	4.24534551606	-1.37738613053	-1.48060648963	4.74008029486	-1.44325995455	-2.19636812257	323
25	1.0	0.75	0.0	3.68479151606	-1.53756681146	-1.29982147579	4.2341474063	-1.6399847463	-2.1578397586	324
25	1.0	1.0	0.0	3.0906306	-1.719127551	-1.192884734	3.7545199655	-1.83560149651	-2.13385630314	325
26	0.0	0.0	0.0	3.392878249	0.190588287	-0.914642003	3.70928858763	0.856046315821	-2.23251323409	326
26	0.0	0.25	0.0	2.78430573161	0.163821312519	-1.08441399827	3.09441278477	0.751896501639	-2.40258751978	327
26	0.0	0.5	0.0	2.19500904477	0.163760384427	-1.34011045845	2.45691044369	0.666579620438	-2.58467717267	328
26	0.0	0.75	0.0	1.6428475663	0.152629865622	-1.59559783815	1.83794719124	0.561503138164	-2.74145028807	329
26	0.0	1.0	0.0	1.145680674	0.092654119	-1.764742592	1.27868865428	0.398074520765	-2.83557496126	330
26	0.25	0.0	0.0	3.3440969089	-0.150531085226	-1.15372223662	3.76341431704	0.355048010805	-2.41787650944	331
26	0.25	0.25	0.0	2.72485399286	-0.205672544363	-1.36743812466	3.18439102922	0.221225892478	-2.6241486307	332
26	0.25	0.5	0.0	2.15062801238	-0.263555536399	-1.67757626091	2.57347858863	0.0809714059603	-2.85286836707	333
26	0.25	0.75	0.0	1.62089622862	-0.334396483612	-2.0012217622	1.95769160734	-0.0825947534924	-3.07531116297	334
26	0.25	1.0	0.0	1.13513590273	-0.428411808282	-2.25545974533	1.3640446974	-0.286351890623	-3.26275246278	335
26	0.5	0.0	0.0	3.24421608396	-0.679965088682	-1.23264487551	3.75087337684	-0.409605506986	-2.41839431404	336
26	0.5	0.25	0.0	2.60640891243	-0.785132274368	-1.42072258935	3.20079118659	-0.57671679831	-2.6023988907	337
26	0.5	0.5	0.0	2.06268911403	-0.923491559176	-1.78804274872	2.60969630576	-0.800432338748	-2.892024515	338
26	0.5	0.75	0.0	1.57329596341	-1.07662000105	-2.1846305586	1.99987959349	-1.05580945626	-3.19169282488	339
26	0.5	1.0	0.0	1.09846873523	-1.22609465794	-2.46051122397	1.39363190893	-1.31790547881	-3.40582545831	340
26	0.75	0.0	0.0	3.14310442928	-1.2515513638	-1.2221267609	3.72884788651	-1.21434506646	-2.30130734593	341
26	0.75	0.25	0.0	2.50586730884	-1.42229715055	-1.36301978046	3.19833052317	-1.42482640647	-2.44355052621	342
26	0.75	0.5	0.0	1.98950883551	-1.64311339429	-1.74646012617	2.61808713644	-1.73083226554	-2.7585312394	343
26	0.75	0.75	0.0	1.52977989621	-1.87040367943	-2.16266099049	2.01244365166	-2.06908103707	-3.0864356701	344
26	0.75	1.0	0.0	1.06243137787	-2.06057159039	-2.40183556588	1.40572599415	-2.37629111443	-3.26745000291	345
26	1.0	0.0	0.0	3.0906306	-1.719127551	-1.192884734	3.7545199655	-1.83560149651	-2.13385630314	346
26	1.0	0.25	0.0	2.50012600062	-1.96490644597	-1.3130820861	3.23172630522	-2.10599776774	-2.25381576364	347
26	1.0	0.5	0.0	1.98940366261	-2.24948675213	-1.62777859755	2.65117462203	-2.46342902629	-2.50877416324	348
26	1.0	0.75	0.0	1.52008115254	-2.51211051148	-1.95214982098	2.04331628379	-2.83334956285	-2.75538009491	349
26	1.0	1.0	0.0	1.053776037	-2.692019766	-2.101371309	1.43860265835	-3.14121366811	-2.85028215163	350
27	0.0	0.0	0.0	5.298357423	-1.068109497	-1.666217738	5.7720951475	-1.07406439728	-2.06298685161	351
27	0.0	0.25	0.0	4.78047376377	-1.22532164634	-1.63586387665	5.25762681425	-1.25232165897	-2.18592321394	352
27	0.0	0.5	0.0	4.24534551606	-1.37738613053	-1.48060648963	4.74008029486	-1.44325995455	-2.19636812257	353
27	0.0	0.75	0.0	3.68479151606	-1.53756681146	-1.29982147579	4.2341474063	-1.6399847463	-2.1578397586	354
27	0.0	1.0	0.0	3.0906306	-1.719127551	-1.192884734	3.7545199655	-1.83560149651	-2.13385630314	355
27	0.25	0.0	0.0	5.26867360939	-1.25019112182	-1.39196343916	5.7772810751	-1.34726575788	-1.64918466017	356
27	0.25	0.25	0.0	4.74308450728	-1.48393477651	-1.35848801967	5.27773484391	-1.59108888322	-1.75453960758	357
27	0.25	0.5	0.0	4.20421140489	-1.7190945798	-1.23407523258	4.79851053252	-1.86446274124	-1.76252120178	358
27	0.25	0.75	0.0	3.66681965167	-1.96700305494	-1.10821585246	4.33039595881	-2.15839213998	-1.74366036116	359
27	0.25	1.0	0.0	3.14567459708	-2.23899272522	-1.07040065387	3.86417894069	-2.46388188753	-1.76848800414	360
27	0.5	0.0	0.0	5.26383041103	-1.30957552904	-0.973425642352	5.83404598969	-1.51111032505	-1.05346415777	361
27	0.5	0.25	0.0	4.75048878105	-1.66515188176	-0.931275254659	5.36028826971	-1.86251738227	-1.13425061421	362
27	0.5	0.5	0.0	4.25270482323	-2.05816310115	-0.851502810344	4.91803778262	-2.28232906128	-1.13372723222	363
27	0.5	0.75	0.0	3.76455740665	-2.45786725855	-0.784843186812	4.47597748524	-2.73075374346	-1.11931694746	364
27	0.5	1.0	0.0	3.28012540041	-2.8335224253	-0.782031261468	4.00279033434	-3.16799981018	-1.15844269562	365
27	0.75	0.0	0.0	5.27007613265	-1.30178181198	-0.526887318365	5.91588917388	-1.57831045861	-0.432560409559	366
27	0.75	0.25	0.0	4.77158645792	-1.77885762264	-0.46780575327	5.47230941545	-2.04302849866	-0.472817596537	367
27	0.75	0.5	0.0	4.32569941166	-2.32499587247	-0.418033970829	5.05457095419	-2.60647788059	-0.450743220096	368
27	0.75	0.75	0.0	3.88666701787	-2.8597715648	-0.389786701335	4.6180314907	-3.19233527196	-0.424912522421	369
27	0.75	1.0	0.0	3.40874130053	-3.30275970298	-0.395278675081	4.11804872558	-3.72427734032	-0.4539007457	370
27	1.0	0.0	0.0	5.273659079	-1.282329064	-0.168631438	5.99630991023	-1.56157851836	0.0567915192731	371
27	1.0	0.25	0.0	4.77527741073	-1.83493665971	-0.0816596871552	5.58082060495	-2.10904357493	0.081998082752	372
27	1.0	0.5	0.0	4.35806881077	-2.44999707161	-0.0188134619524	5.16401895621	-2.74652816508	0.145673828397	373
27	1.0	0.75	0.0	3.94181072217	-3.0223281162	0.0168703814767	4.7036974803	-3.37840244074	0.199449909045	374
27	1.0	1.0	0.0	3.446280588	-3.44674761	0.022354987	4.15764869353	-3.90903655384	0.194957477531	375
28	0.0	0.0	0.0	3.0906306	-1.719127551	-1.192884734	3.7545199655	-1.83560149651	-2.13385630314	376
28	0.0	0.25	0.0	2.50012600062	-1.96490644597	-1.3130820861	3.23172630522	-2.10599776774	-2.25381576364	377
28	0.0	0.5	0.0	1.98940366261	-2.24948675213	-1.62777859755	2.65117462203	-2.46342902629	-2.50877416324	378
28	0.0	0.75	0.0	1.52008115254	-2.51211051148	-1.95214982098	2.04331628379	-2.83334956285	-2.75538009491	379
28	0.0	1.0	0.0	1.053776037	-2.692019766	-2.101371309	1.43860265835	-3.14121366811	-2.85028215163	380
28	0.25	0.0	0.0	3.14567459708	-2.23899272522	-1.07040065387	3.86417894069	-2.46388188753	-1.76848800414	381
28	0.25	0.25	0.0	2.62093309559	-2.52769339283	-1.18899192615	3.33765064203	-2.78082901817	-1.896378398	382
28	0.25	0.5	0.0	2.08932302996	-2.79577363482	-1.3980283568	2.73403437339	-3.104087978	-2.08021147064	383
28	0.25	0.75	0.0	1.56961615481	-3.00587058803	-1.58925282843	2.10035608632	-3.40322760838	-2.23227202318	384
28	0.25	1.0	0.0	1.08058422479	-3.12062138926	-1.65440822362	1.48364173237	-3.64781675066	-2.26484485671	385
28	0.5	0.0	0.0	3.28012540041	-2.8335224253	-0.782031261468	4.00279033434	-3.16799981018	-1.15844269562	386
28	0.5	0.25	0.0	2.78045610601	-3.1306052223	-0.862694250076	3.4669209072	-3.51497724237	-1.2712916478	387
28	0.5	0.5	0.0	2.2188823747	-3.3625909142	-0.974927442413	2.8293728195	-3.8015667422	-1.40527380266	388
28	0.5	0.75	0.0	1.64910227594	-3.51345371944	-1.06432194773	2.15758420617	-4.031284529	-1.50561970418	389
28	0.5	1.0	0.0	1.1248138792	-3.56716785647	-1.07646887528	1.51899320213	-4.20764682211	-1.51755989635	390
28	0.75	0.0	0.0	3.40874130053	-3.30275970298	-0.395278675081	4.11804872558	-3.72427734032	-0.4539007457	391
28	0.75	0.25	0.0	2.9071373263	-3.58300242394	-0.428310524066	3.56667085165	-4.08290964108	-0.538226284072	392
28	0.75	0.5	0.0	2.32227570493	-3.78410783672	-0.463937160594	2.8994600075	-4.35277293651	-0.63405017481	393
28	0.75	0.75	0.0	1.72031313454	-3.89611767868	-0.483026919983	2.1961523772	-4.5453604606	-0.706022236773	394
28	0.75	1.0	0.0	1.16740631327	-3.90907368719	-0.466448137552	1.5364841448	-4.67216544731	-0.718792288822	395
28	1.0	0.0	0.0	3.446280588	-3.44674761	0.022354987	4.15764869353	-3.90903655384	0.194957477531	396
28	1.0	0.25	0.0	2.92941905094	-3.69424548727	0.0200377857042	3.58403422626	-4.25909341501	0.143146922174	397
28	1.0	0.5	0.0	2.34369702876	-3.8944936488	0.0294811824538	2.90656598452	-4.55461417857	0.0833703973641	398
28	1.0	0.75	0.0	1.7450223492	-4.01512023867	0.0489625137265	2.19721233329	-4.77329553907	0.0359212801539	399
28	1.0	1.0	0.0	1.18930284	-4.023753401	0.076759116	1.52794163754	-4.89283419108	0.0210929475956	400
33	0.0	0.0	0.0	5.273659079	-1.282329064	-0.168631438	5.99630991023	-1.56157851836	0.0567915192731	401
33	0.0	0.25	0.0	4.77527741073	-1.83493665971	-0.0816596871552	5.58082060495	-2.10904357493	0.081998082752	402
33	0.0	0.5	0.0	4.35806881077	-2.44999707161	-0.0188134619524	5.16401895621	-2.74652816508	0.145673828397	403
33	0.0	0.75	0.0	3.94181072217	-3.0223281162	0.0168703814767	4.7036974803	-3.37840244074	0.199449909045	404
33	0.0	1.0	0.0	3.446280588	-3.44674761	0.022354987	4.15764869353	-3.90903655384	0.194957477531	405
33	0.25	0.0	0.0	5.28306841321	-1.18648830905	0.2157895899	6.05892137521	-1.4099352508	0.563661267826	406
33	0.25	0.25	0.0	4.77944503177	-1.7126194122	0.358246019551	5.65724390684	-1.95724087769	0.692532691719	407
33	0.25	0.5	0.0	4.35278214689	-2.28341490248	0.481693949803	5.21795990158	-2.57949024273	0.837417713424	408
33	0.25	0.75	0.0	3.91930665677	-2.78299328612	0.559054377947	4.71692638534	-3.16580322451	0.944937844402	409
33	0.25	1.0	0.0	3.39524545964	-3.09547306936	0.563248301275	4.13000038406	-3.60529970162	0.961714596113	410
33	0.5	0.0	0.0	5.30639062721	-0.953124872523	0.657537074456	6.08196500373	-1.12776093492	1.13540789865	411
33	0.5	0.25	0.0	4.81136674494	-1.35838078799	0.853141452952	5.67055163899	-1.58289585599	1.34862045202	412
33	0.5	0.5	0.0	4.35562693917	-1.82490183353	1.01338105364	5.20324787574	-2.13472209971	1.54777189958	413
33	0.5	0.75	0.0	3.88810025728	-2.22656154529	1.10137117769	4.67959057652	-2.65555570986	1.6803913688	414
33	0.5	1.0	0.0	3.35771574662	-2.43723345941	1.08022712626	4.09911660386	-3.01771273016	1.69400798715	415
33	0.75	0.0	0.0	5.32804331811	-0.639585496234	1.06022168078	6.0681598719	-0.782163559017	1.65803309484	416
33	0.75	0.25	0.0	4.84794543776	-0.901870571954	1.29249470738	5.63913107717	-1.113817619	1.92783080109	417
33	0.75	0.5	0.0	4.36429484122	-1.24883936286	1.48076616117	5.15315965691	-1.564342661	2.16371929049	418
33	0.75	0.75	0.0	3.87016929361	-1.56073270858	1.59073920485	4.62745978554	-2.0091756748	2.3239866511	419
33	0.75	1.0	0.0	3.35864656004	-1.71779144875	1.58811700112	4.0792456375	-2.32375365018	2.36692097095	420
33	1.0	0.0	0.0	5.332444083	-0.303216922	1.327454074	6.02022505581	-0.440251111415	2.0175385395	421
33	1.0	0.25	0.0	4.86608399779	-0.472738548972	1.56577387717	5.58136949718	-0.677815275937	2.30773317638	422
33	1.0	0.5	0.0	4.37647750665	-0.729608988549	1.788367584	5.1009720233	-1.02047085157	2.57224278981	423
33	1.0	0.75	0.0	3.8874915357	-0.993206590851	1.97407688357	4.59630374411	-1.38817889737	2.79389986016	424
33	1.0	1.0	0.0	3.422993011	-1.182909706	2.101743465	4.08463576958	-1.70090047238	2.9555368678	425
34	0.0	0.0	0.0	3.446280588	-3.44674761	0.022354987	4.15764869353	-3.90903655384	0.194957477531	426
34	0.0	0.25	0.0	2.92941905094	-3.69424548727	0.0200377857042	3.58403422626	-4.25909341501	0.143146922174	427
34	0.0	0.5	0.0	2.34369702876	-3.8944936488	0.0294811824538	2.90656598452	-4.55461417857	0.0833703973641	428
34	0.0	0.75	0.0	1.7450223492	-4.01512023867	0.0489625137265	2.19721233329	-4.77329553907	0.0359212801539	429
34	0.0	1.0	0.0	1.18930284	-4.023753401	0.076759116	1.52794163754	-4.89283419108	0.0210929475956	430
34	0.25	0.0	0.0	3.39524545964	-3.09547306936	0.563248301275	4.13000038406	-3.60529970162	0.961714596113	431
34	0.25	0.25	0.0	2.85560537649	-3.28413118485	0.569959912515	3.53071665494	-3.92155078508	0.945128386135	432
34	0.25	0.5	0.0	2.28555614677	-3.50154641768	0.637998470741	2.85943068344	-4.25978731481	0.962528730689	433
34	0.25	0.75	0.0	1.71790691837	-3.66371436344	0.711677930744	2.16529742243	-4.53473777608	0.981470602734	434
34	0.25	1.0	0.0	1.18546683913	-3.68663061769	0.735312247311	1.49747182482	-4.6611306542	0.969508975229	435
34	0.5	0.0	0.0	3.35771574662	-2.43723345941	1.08022712626	4.09911660386	-3.01771273016	1.69400798715	436
34	0.5	0.25	0.0	2.80257876166	-2.56887425772	1.09266665226	3.4887698794	-3.29540329331	1.70547770204	437
34	0.5	0.5	0.0	2.23636838254	-2.77734696946	1.23195773129	2.8198789764	-3.62314803989	1.80719223858	438
34	0.5	0.75	0.0	1.68375744876	-2.95130761083	1.37201825115	2.13401363328	-3.8948362422	1.90191231251	439
34	0.5	1.0	0.0	1.16941879981	-2.97941219804	1.38676609964	1.47274358847	-4.00435717254	1.89239863956	440
34	0.75	0.0	0.0	3.35864656004	-1.71779144875	1.58811700112	4.0792456375	-2.32375365018	2.36692097095	441
34	0.75	0.25	0.0	2.80381526473	-1.81952401086	1.63656802055	3.46609257759	-2.57541626925	2.42628139502	442
34	0.75	0.5	0.0	2.22851308425	-1.99193237477	1.83122174006	2.78931734464	-2.85636239692	2.58852357513	443
34	0.75	0.75	0.0	1.66768588949	-2.14540945214	2.02167604286	2.10051440788	-3.08702143646	2.73566321053	444
34	0.75	1.0	0.0	1.15627955133	-2.19034815463	2.05752881215	1.45127823655	-3.18782279115	2.74971600049	445
34	1.0	0.0	0.0	3.422993011	-1.182909706	2.101743465	4.08463576958	-1.70090047238	2.9555368678	446
34	1.0	0.25	0.0	2.89279094398	-1.30712974921	2.250074033	3.47058342744	-1.95635504245	3.10962599022	447
34	1.0	0.5	0.0	2.29436960011	-1.41533970426	2.45565327304	2.76915226937	-2.17109642899	3.27768539444	448
34	1.0	0.75	0.0	1.69480418969	-1.51352935868	2.6523438738	2.06195318827	-2.3447238579	3.42114009788	449
34	1.0	1.0	0.0	1.161169923	-1.6076885	2.774008524	1.43059707709	-2.47683655508	3.50141511794	450
35	0.0	0.0	0.0	5.332444083	-0.303216922	1.327454074	6.02022505581	-0.440251111415	2.0175385395	451
35	0.0	0.25	0.0	4.86608399779	-0.472738548972	1.56577387717	5.58136949718	-0.677815275937	2.30773317638	452
35	0.0	0.5	0.0	4.37647750665	-0.729608988549	1.788367584	5.1009720233	-1.02047085157	2.57224278981	453
35	0.0	0.75	0.0	3.8874915357	-0.993206590851	1.97407688357	4.59630374411	-1.38817889737	2.79389986016	454
35	0.0	1.0	0.0	3.422993011	-1.182909706	2.101743465	4.08463576958	-1.70090047238	2.9555368678	455
35	0.25	0.0	0.0	5.32288717636	0.199430484692	1.50310019116	5.92808128825	0.113225789317	2.2202112947	456
35	0.25	0.25	0.0	4.87028991925	0.0815488179099	1.7187131237	5.48842414743	-0.0636726592854	2.49935182525	457
35	0.25	0.5	0.0	4.39156985791	-0.137151971456	1.94870709976	5.0196979644	-0.343453660439	2.77015575978	458
35	0.25	0.75	0.0	3.91949453288	-0.397351152593	2.1866138291	4.53357549919	-0.669637083495	3.03351479393	459
35	0.25	1.0	0.0	3.48683148467	-0.639727994691	2.4259650215	4.04172951186	-0.985742797804	3.29032062332	460
35	0.5	0.0	0.0	5.33055321879	0.814487781988	1.59690171884	5.83096775573	0.866380729076	2.23532062015	461
35	0.5	0.25	0.0	4.88793578703	0.774344279106	1.79158424895	5.3880562271	0.768876476283	2.49851957305	462
35	0.5	0.5	0.0	4.41323845761	0.604424286034	1.99862491884	4.90860057561	0.537998988097	2.7709971142	463
35	0.5	0.75	0.0	3.93848109139	0.373201722109	2.21409982177	4.41244903824	0.249463245103	3.0370086918	464
35	0.5	1.0	0.0	3.49568354924	0.149150506665	2.43408505097	3.91944985192	-0.0210157721082	3.28080975407	465
35	0.75	0.0	0.0	5.37517937983	1.41578217129	1.57696175786	5.76128445683	1.63097426127	2.05917529947	466
35	0.75	0.25	0.0	4.93065043966	1.46278460833	1.74846418302	5.30975901998	1.62377439215	2.29766620957	467
35	0.75	0.5	0.0	4.44738190534	1.3525839875	1.92162511708	4.81248485736	1.44678653141	2.56528156222	468
35	0.75	0.75	0.0	3.95582562578	1.16929489911	2.08631702098	4.2981087309	1.20296307726	2.8173383721	469
35	0.75	1.0	0.0	3.48643344993	0.997031933439	2.23241235571	3.79527740253	0.995256427906	3.00915365384	470
35	1.0	0.0	0.0	5.476502829	1.877140854	1.411383409	5.75143139014	2.21876693931	1.68808411631	471
35	1.0	0.25	0.0	5.01006271565	2.00400657928	1.55342985605	5.28302580988	2.3049633497	1.88922152458	472
35	1.0	0.5	0.0	4.49989880066	1.96479133652	1.70121177032	4.77615581005	2.20580840687	2.143523813	473
35	1.0	0.75	0.0	3.98290255058	1.84177124425	1.83304758618	4.25573894685	2.02470340179	2.38746065312	474
35	1.0	1.0	0.0	3.495965432	1.717222421	1.927255738	3.74669277647	1.86504962544	2.55750171647	475
36	0.0	0.0	0.0	3.422993011	-1.182909706	2.101743465	4.08463576958	-1.70090047238	2.9555368678	476
36	0.0	0.25	0.0	2.89279094398	-1.30712974921	2.250074033	3.47058342744	-1.95635504245	3.10962599022	477
36	0.0	0.5	0.0	2.29436960011	-1.41533970426	2.45565327304	2.76915226937	-2.17109642899	3.27768539444	478
36	0.0	0.75	0.0	1.69480418969	-1.51352935868	2.6523438738	2.06195318827	-2.3447238579	3.42114009788	479
36	0.0	1.0	0.0	1.161169923	-1.6076885	2.774008524	1.43059707709	-2.47683655508	3.50141511794	480
36	0.25	0.0	0.0	3.48683148467	-0.639727994691	2.4259650215	4.04172951186	-0.985742797804	3.29032062332	481
36	0.25	0.25	0.0	2.97020687595	-0.803712556059	2.64605819018	3.42691466642	-1.2446165454	3.50544537309	482
36	0.25	0.5	0.0	2.35243957748	-0.885569426642	2.81351505237	2.71112420016	-1.42685461162	3.63501059156	483
36	0.25	0.75	0.0	1.72193582845	-0.959297625966	2.954953387	1.9930388595	-1.58137892462	3.72155753955	484
36	0.25	1.0	0.0	1.16710186801	-1.09889617356	3.09699097301	1.37133939086	-1.75711141253	3.80762747786	485
36	0.5	0.0	0.0	3.49568354924	0.149150506665	2.43408505097	3.91944985192	-0.0210157721082	3.28080975407	486
36	0.5	0.25	0.0	2.95893644204	-0.0104362246428	2.63531038496	3.30292013053	-0.236941864645	3.47467048885	487
36	0.5	0.5	0.0	2.33820498307	-0.100818210105	2.77249089147	2.59738723072	-0.399329705108	3.58175675336	488
36	0.5	0.75	0.0	1.71099921588	-0.18917388124	2.86725017173	1.89012123044	-0.553921172057	3.63240513525	489
36	0.5	1.0	0.0	1.15482918403	-0.342681669566	2.94121182693	1.26839220766	-0.746458144054	3.6569522222	490
36	0.75	0.0	0.0	3.48643344993	0.997031933439	2.23241235571	3.79527740253	0.995256427906	3.00915365384	491
36	0.75	0.25	0.0	2.92049136303	0.865085949131	2.37307633264	3.17621978255	0.830672355871	3.1461547665	492
36	0.75	0.5	0.0	2.30079211733	0.761380806293	2.4853884856	2.49040720814	0.675469307138	3.2273576802	493
36	0.75	0.75	0.0	1.68443092264	0.651842520284	2.55425402098	1.80298522116	0.509752702205	3.25408840273	494
36	0.75	1.0	0.0	1.12850298877	0.502397106461	2.56457814512	1.1790993635	0.313627961572	3.22767294187	495
36	1.0	0.0	0.0	3.495965432	1.717222421	1.927255738	3.74669277647	1.86504962544	2.55750171647	496
36	1.0	0.25	0.0	2.91638335971	1.61524066935	2.01460174854	3.12443358525	1.72222947221	2.64875163505	497
36	1.0	0.5	0.0	2.28932728072	1.5234944835	2.10501553003	2.45264997952	1.5615334417	2.68124717246	498
36	1.0	0.75	0.0	1.66466751937	1.41875222339	2.18098472775	1.78141575174	1.38174600059	2.68701285971	499
36	1.0	1.0	0.0	1.0922744	1.277782249	2.224996987	1.16080469439	1.18165161557	2.69807322778	500
41	0.0	0.0	0.0	5.476502829	1.877140854	1.411383409	5.75143139014	2.21876693931	1.68808411631	501
41	0.0	0.25	0.0	5.01006271565	2.00400657928	1.55342985605	5.28302580988	2.3049633497	1.88922152458	502
41	0.0	0.5	0.0	4.49989880066	1.96479133652	1.70121177032	4.77615581005	2.20580840687	2.143523813	503
41	0.0	0.75	0.0	3.98290255058	1.84177124425	1.83304758618	4.25573894685	2.02470340179	2.38746065312	504
41	0.0	1.0	0.0	3.495965432	1.717222421	1.927255738	3.74669277647	1.86504962544	2.55750171647	505
41	0.25	0.0	0.0	5.50766129182	1.9675062242	1.29533808278	5.75428396715	2.3443219477	1.49562410126	506
41	0.25	0.25	0.0	5.03137195926	2.12784010433	1.42188513487	5.27923623079	2.46873133454	1.67010584453	507
41	0.25	0.5	0.0	4.51331848743	2.15729744081	1.55690134771	4.77062492451	2.43259574193	1.89283109242	508
41	0.25	0.75	0.0	3.99178807719	2.10657557094	1.67983967457	4.25018252587	2.31362526927	2.1107374902	509
41	0.25	1.0	0.0	3.50506792936	2.02637183202	1.77015306874	3.73964151243	2.18953001596	2.27076268312	510
41	0.5	0.0	0.0	5.52248158746	2.03154665898	1.12380897835	5.74687032988	2.45902169682	1.23022497913	511
41	0.5	0.25	0.0	5.03689279848	2.22045964864	1.23412640883	5.26464192732	2.61160770659	1.37350465936	512
41	0.5	0.5	0.0	4.5153537808	2.33282679973	1.36038450636	4.75110922922	2.63008924155	1.56264541099	513
41	0.5	0.75	0.0	3.99313012415	2.37746934441	1.48236870085	4.22679391595	2.57092830073	1.75174608833	514
41	0.5	1.0	0.0	3.5054874182	2.36320851486	1.57986442222	3.7122176679	2.49058688317	1.89490554569	515
41	0.75	0.0	0.0	5.51934721487	2.05702885277	0.94902092799	5.73159134995	2.54283829526	0.958627215706	516
41	0.75	0.25	0.0	5.02705838557	2.2639848421	1.03767878601	5.24381876201	2.71534217076	1.06206825562	517
41	0.75	0.5	0.0	4.50754941242	2.44673178056	1.14344999124	4.72594061327	2.77618109241	1.20736644543	518
41	0.75	0.75	0.0	3.98858354476	2.57604722005	1.25359991486	4.19668485725	2.7646043548	1.35876979247	519
41	0.75	1.0	0.0	3.49792403194	2.62270871252	1.35539392809	3.67477944745	2.71986125252	1.4805263041	520
41	1.0	0.0	0.0	5.496641673	2.0317195	0.823198764	5.71084789893	2.57574385161	0.747571276768	521
41	1.0	0.25	0.0	5.00230187282	2.24053531457	0.880067374486	5.22134259738	2.76168443194	0.798446919882	522
41	1.0	0.5	0.0	4.49145011394	2.45436475054	0.937886547271	4.70345096579	2.84876348117	0.881393872495	523
41	1.0	0.75	0.0	3.97980319234	2.62390385325	1.00649856642	4.17096708997	2.86264529008	0.980091947617	524
41	1.0	1.0	0.0	3.483077904	2.699848668	1.095745716	3.6376850557	2.82899414944	1.07822095826	525
42	0.0	0.0	0.0	3.495965432	1.717222421	1.927255738	3.74669277647	1.86504962544	2.55750171647	526
42	0.0	0.25	0.0	2.91638335971	1.61524066935	2.01460174854	3.12443358525	1.72222947221	2.64875163505	527
42	0.0	0.5	0.0	2.28932728072	1.5234944835	2.10501553003	2.45264997952	1.5615334417	2.68124717246	528
42	0.0	0.75	0.0	1.66466751937	1.41875222339	2.18098472775	1.78141575174	1.38174600059	2.68701285971	529
42	0.0	1.0	0.0	1.0922744	1.277782249	2.224996987	1.16080469439	1.18165161557	2.69807322778	530
42	0.25	0.0	0.0	3.50506792936	2.02637183202	1.77015306874	3.73964151243	2.18953001596	2.27076268312	531
42	0.25	0.25	0.0	2.9252426544	1.93177668849	1.85258852817	3.11709832278	2.04639281826	2.35798039359	532
42	0.25	0.5	0.0	2.29304536159	1.82459420405	1.937360237	2.45076828472	1.86351267081	2.38407822442	533
42	0.25	0.75	0.0	1.66004536167	1.69509519797	2.01754125858	1.78591898789	1.65593129703	2.39530884822	534
42	0.25	1.0	0.0	1.07781196539	1.53355048951	2.08620465629	1.16781802187	1.43869042033	2.43792493759	535
42	0.5	0.0	0.0	3.5054874182	2.36320851486	1.57986442222	3.7122176679	2.49058688317	1.89490554569	536
42	0.5	0.25	0.0	2.92286492318	2.28243439372	1.66529279641	3.09039988242	2.35944310596	1.97672332408	537
42	0.5	0.5	0.0	2.28915178165	2.14634373565	1.73934661224	2.43464937365	2.15839784994	2.0050634827	538
42	0.5	0.75	0.0	1.65358155363	1.97097425044	1.80670841313	1.78095649921	1.92172277807	2.02493747123	539
42	0.5	1.0	0.0	1.06538779919	1.77236364789	1.87206074253	1.16531161673	1.6836895533	2.08135673933	540
42	0.75	0.0	0.0	3.49792403194	2.62270871252	1.35539392809	3.67477944745	2.71986125252	1.4805263041	541
42	0.75	0.25	0.0	2.91003534722	2.55750104144	1.44936059746	3.05147079328	2.60114400764	1.55928338521	542
42	0.75	0.5	0.0	2.27957927061	2.39823603315	1.51820810771	2.40848195108	2.39066862707	1.59600135479	543
42	0.75	0.75	0.0	1.64827471696	2.18428181461	1.57388073331	1.76938748907	2.13611627784	1.62835945753	544
42	0.75	1.0	0.0	1.05784060114	1.95500651282	1.62832274875	1.15776197546	1.885168127	1.6940369381	545
42	1.0	0.0	0.0	3.483077904	2.699848668	1.095745716	3.6376850557	2.82899414944	1.07822095826	546
42	1.0	0.25	0.0	2.88753910769	2.64726388806	1.20143797553	3.00744358443	2.71125919564	1.15996353567	547
42	1.0	0.5	0.0	2.26626055819	2.48976405139	1.28117817536	2.37645472182	2.50480465017	1.20869024818	548
42	1.0	0.75	0.0	1.64712347335	2.27291032428	1.34445276102	1.75407116086	2.25610763046	1.25803553591	549
42	1.0	1.0	0.0	1.058009071	2.042263873	1.400748178	1.14964559455	2.01164525393	1.341633839	550
43	0.0	0.0	0.0	5.496641673	2.0317195	0.823198764	5.71084789893	2.57574385161	0.747571276768	551
43	0.0	0.25	0.0	5.00230187282	2.24053531457	0.880067374486	5.22134259738	2.76168443194	0.798446919882	552
43	0.0	0.5	0.0	4.49145011394	2.45436475054	0.937886547271	4.70345096579	2.84876348117	0.881393872495	553
43	0.0	0.75	0.0	3.97980319234	2.62390385325	1.00649856642	4.17096708997	2.86264529008	0.980091947617	554
43	0.0	1.0	0.0	3.483077904	2.699848668	1.095745716	3.6376850557	2.82899414944	1.07822095826	555
43	0.25	0.0	0.0	5.45093906831	1.89555020213	0.706710777992	5.675839841	2.51669297784	0.498291332832	556
43	0.25	0.25	0.0	4.96105610208	2.08748475384	0.752976509733	5.18640867489	2.69003840489	0.508856207831	557
43	0.25	0.5	0.0	4.46195861284	2.28929895372	0.780510944105	4.67440496145	2.77175024387	0.546499733357	558
43	0.25	0.75	0.0	3.96275014433	2.45428132996	0.813879353049	4.14873354659	2.78516458867	0.604260214192	559
43	0.25	1.0	0.0	3.47253424026	2.53572041073	0.877647008505	3.61829927621	2.75361753317	0.675175955118	560
43	0.5	0.0	0.0	5.41020502865	1.68470784273	0.591349124905	5.64138627553	2.37641593227	0.228759750373	561
43	0.5	0.25	0.0	4.92984433594	1.8460530115	0.66035385353	5.15148724291	2.50520345367	0.226903340705	562
43	0.5	0.5	0.0	4.43443348342	2.00461342002	0.69346541943	4.64416289091	2.55193778335	0.231128167765	563
43	0.5	0.75	0.0	3.94239969113	2.13485790557	0.715632611521	4.13069398616	2.54818872956	0.24413389666	564
43	0.5	1.0	0.0	3.47217017909	2.21125530544	0.751804218724	3.62236129527	2.52552610056	0.268620192501	565
43	0.75	0.0	0.0	5.37572174741	1.45805164722	0.464188803366	5.61498102225	2.21358387175	-0.0312734339715	566
43	0.75	0.25	0.0	4.9068887628	1.57990583801	0.559646247792	5.12826704307	2.29148173799	-0.0412757004521	567
43	0.75	0.5	0.0	4.41277563573	1.68571246067	0.60950188206	4.62542291756	2.29681745449	-0.0625332184046	568
43	0.75	0.75	0.0	3.92434602381	1.76992488723	0.634270429971	4.12359515986	2.26799555119	-0.087395983162	569
43	0.75	1.0	0.0	3.47256358463	1.82699648968	0.654466615331	3.63993028407	2.24342055807	-0.108213990057	570
43	1.0	0.0	0.0	5.348771418	1.274440841	0.312304812	5.60411790087	2.08686795314	-0.252058183563	571
43	1.0	0.25	0.0	4.89041157105	1.35270898378	0.408300534433	5.128436817	2.13317541754	-0.289544934599	572
43	1.0	0.5	0.0	4.40088597981	1.41800038691	0.46137224081	4.63088320479	2.11388061216	-0.332296819274	573
43	1.0	0.75	0.0	3.91418333341	1.46377358208	0.492304896532	4.13418381886	2.06086289201	-0.37743840346	574
43	1.0	1.0	0.0	3.464292321	1.483487101	0.521883467	3.66106541384	2.00600161214	-0.422094253028	575
44	0.0	0.0	0.0	3.483077904	2.699848668	1.095745716	3.6376850557	2.82899414944	1.07822095826	576
44	0.0	0.25	0.0	2.88753910769	2.64726388806	1.20143797553	3.00744358443	2.71125919564	1.15996353567	577
44	0.0	0.5	0.0	2.26626055819	2.48976405139	1.28117817536	2.37645472182	2.50480465017	1.20869024818	578
44	0.0	0.75	0.0	1.64712347335	2.27291032428	1.34445276102	1.75407116086	2.25610763046	1.25803553591	579
44	0.0	1.0	0.0	1.058009071	2.042263873	1.400748178	1.14964559455	2.01164525393	1.341633839	580
44	0.25	0.0	0.0	3.47253424026	2.53572041073	0.877647008505	3.61829927621	2.75361753317	0.675175955118	581
44	0.25	0.25	0.0	2.87754361176	2.50416875579	0.967253615546	2.98472931758	2.65011552676	0.742274708044	582
44	0.25	0.5	0.0	2.26275554724	2.37823358003	1.03394381313	2.35679270586	2.47380231108	0.78638485001	583
44	0.25	0.75	0.0	1.6494843201	2.20040434557	1.08370636595	1.73948833929	2.26347583661	0.837360398281	584
44	0.25	1.0	0.0	1.05904420374	2.01317051452	1.12253003867	1.1378151161	2.05793405384	0.925055370127	585
44	0.5	0.0	0.0	3.47217017909	2.21125530544	0.751804218724	3.62236129527	2.52552610056	0.268620192501	586
44	0.5	0.25	0.0	2.88841624145	2.21023623714	0.7953269309	2.99608320407	2.46004749048	0.298396971124	587
44	0.5	0.5	0.0	2.27077779288	2.13027305407	0.81004573889	2.36130900168	2.33439274727	0.326427156243	588
44	0.5	0.75	0.0	1.64905363015	2.01175982798	0.804601625878	1.73223928001	2.18183735729	0.366249547647	589
44	0.5	1.0	0.0	1.05304254999	1.8950906306	0.787635575047	1.12307463099	2.03565680691	0.431402945127	590
44	0.75	0.0	0.0	3.47256358463	1.82699648968	0.654466615331	3.63993028407	2.24342055807	-0.108213990057	591
44	0.75	0.25	0.0	2.89854068349	1.8469837073	0.655827905899	3.02409767951	2.20815710311	-0.119278981153	592
44	0.75	0.5	0.0	2.27497859124	1.81892184146	0.61232336413	2.38082475151	2.13736465668	-0.110164754862	593
44	0.75	0.75	0.0	1.64278789622	1.77062912615	0.542904955103	1.73551704581	2.04976610865	-0.0845796126654	594
44	0.75	1.0	0.0	1.04287918675	1.72992379539	0.466524643899	1.11358010817	1.96408434887	-0.046231856043	595
44	1.0	0.0	0.0	3.464292321	1.483487101	0.521883467	3.66106541384	2.00600161214	-0.422094253028	596
44	1.0	0.25	0.0	2.88630062464	1.4959285415	0.518926524855	3.05136517948	1.96154638094	-0.458362454849	597
44	1.0	0.5	0.0	2.26000923847	1.51721931015	0.443616100352	2.40616109758	1.93350673726	-0.462372805042	598
44	1.0	0.75	0.0	1.62764361106	1.54066459471	0.334382767924	1.75251469948	1.90583600684	-0.444409679326	599
44	1.0	1.0	0.0	1.031429191	1.559569583	0.229657102	1.11748751655	1.86248751546	-0.414757453422	600
49	0.0	0.0	0.0	7.127153519	0.204288	0.0131746	7.44463836725	0.629486681205	-0.134332046215	601
49	0.0	0.25	0.0	6.93362104449	0.668620544374	0.0696954175181	7.24709366944	1.1756777096	-0.0878352815645	602
49	0.0	0.5	0.0	6.48281098154	0.970958300439	0.122458297894	6.78441837054	1.60593374267	-0.122167571288	603
49	0.0	0.75	0.0	5.90957666207	1.15749911653	0.195361882323	6.1917229534	1.912311563	-0.192013632812	604
49	0.0	1.0	0.0	5.348771418	1.274440841	0.312304812	5.60411790087	2.08686795314	-0.252058183563	605
49	0.25	0.0	0.0	7.126588174	0.204969633538	-0.0049540581764	7.44116631734	0.628902633427	-0.157770858375	606
49	0.25	0.25	0.0	6.93113821956	0.663425635619	-0.0177577040375	7.24266310048	1.1737888172	-0.199395205742	607
49	0.25	0.5	0.0	6.47579456714	0.95250627343	0.00557724308011	6.77843848355	1.59162978552	-0.260033266277	608
49	0.25	0.75	0.0	5.8978962063	1.11532979057	0.0673167589662	6.18624969022	1.87917921843	-0.333343759471	609
49	0.25	1.0	0.0	5.33478212659	1.19501443065	0.16972681941	5.6038539442	2.03319079595	-0.412985404811	610
49	0.5	0.0	0.0	7.125344415	0.202531913363	-0.0229185457117	7.43352780754	0.623680414357	-0.187417684676	611
49	0.5	0.25	0.0	6.92999473512	0.652016878289	-0.107511828786	7.23710029402	1.15494222477	-0.312245053172	612
49	0.5	0.5	0.0	6.47414170095	0.937370632928	-0.122179472627	6.77708268447	1.56686204156	-0.41405660182	613
49	0.5	0.75	0.0	5.89411121909	1.09103866616	-0.0812291107307	6.18840427388	1.84816045121	-0.506900376043	614
49	0.5	1.0	0.0	5.32622919617	1.14546646686	0.00103162340683	5.60599435725	1.98755804024	-0.604824421262	615
49	0.75	0.0	0.0	7.124100656	0.197088411506	-0.0402111603911	7.42588929775	0.615452413606	-0.21639263812	616
49	0.75	0.25	0.0	6.92907222532	0.630043336848	-0.194141609532	7.23145168575	1.11936281494	-0.422964419301	617
49	0.75	0.5	0.0	6.47369075988	0.913705169227	-0.247341706505	6.77601479873	1.52403933571	-0.57091413201	618
49	0.75	0.75	0.0	5.89357762747	1.06550449972	-0.228742937523	6.19245818803	1.80347912475	-0.687993160319	619
49	0.75	1.0	0.0	5.32435419591	1.10287191939	-0.1672767888	5.61366140501	1.93167933088	-0.801952888305	620
49	1.0	0.0	0.0	7.123535311	0.1887527	-0.0563242	7.42241724784	0.605851020784	-0.237815831713	621
49	1.0	0.25	0.0	6.92725232431	0.593154075763	-0.272221699082	7.2267637114	1.06727547032	-0.528132899574	622
49	1.0	0.5	0.0	6.47028012087	0.869663672623	-0.356439315831	6.77089865178	1.45557049292	-0.717282410938	623
49	1.0	0.75	0.0	5.89165135849	1.01960604767	-0.353691932164	6.19268291635	1.72935910243	-0.851931790094	624
49	1.0	1.0	0.0	5.330398695	1.044305758	-0.30869443	5.6299773525	1.8472643127	-0.97874846133	625
50	0.0	0.0	0.0	7.123535311	0.1887527	-0.0563242	7.42241724784	0.605851020784	-0.237815831713	626
50	0.0	0.25	0.0	6.92725232431	0.593154075763	-0.272221699082	7.2267637114	1.06727547032	-0.528132899574	627
50	0.0	0.5	0.0	6.47028012087	0.869663672623	-0.356439315831	6.77089865178	1.45557049292	-0.717282410938	628
50	0.0	0.75	0.0	5.89165135849	1.01960604767	-0.353691932164	6.19268291635	1.72935910243	-0.851931790094	629
50	0.0	1.0	0.0	5.330398695	1.044305758	-0.30869443	5.6299773525	1.8472643127	-0.97874846133	630
50	0.25	0.0	0.0	7.1214871635	0.177681085922	-0.0708668689322	7.42082518481	0.591383163761	-0.255860490942	631
50	0.25	0.25	0.0	6.92330347328	0.53225498927	-0.331933242903	7.22107390231	0.993570247153	-0.617839544562	632
50	0.25	0.5	0.0	6.46365090466	0.780941228559	-0.430212241966	6.75872098725	1.35001673307	-0.839433087219	633
50	0.25	0.75	0.0	5.88713432009	0.919643862133	-0.431207503433	6.18137494771	1.60981604105	-0.985950860528	634
50	0.25	1.0	0.0	5.33835858203	0.944266948335	-0.400422664613	5.63664429179	1.72206159064	-1.1227026061	635
50	0.5	0.0	0.0	7.116981239	0.164462781319	-0.0831049437562	7.41732264616	0.570693124677	-0.275802944419	636
50	0.5	0.25	0.0	6.91750889212	0.450537985471	-0.373492206073	7.21316386768	0.901490323436	-0.688137203901	637
50	0.5	0.5	0.0	6.45591157895	0.650166633299	-0.476877919473	6.74229858191	1.21285605735	-0.941560997684	638
50	0.5	0.75	0.0	5.88148731084	0.766468294873	-0.479765730905	6.16121178343	1.45070798224	-1.10734927915	639
50	0.5	1.0	0.0	5.34353409909	0.802562540264	-0.468659287319	5.62638846685	1.5609637539	-1.25677700168	640
50	0.75	0.0	0.0	7.1124753145	0.149321961056	-0.0928645217022	7.4138201075	0.548080569934	-0.293266901018	641
50	0.75	0.25	0.0	6.91159168944	0.361594923287	-0.406556968963	7.20602084809	0.804029858795	-0.744581713207	642
50	0.75	0.5	0.0	6.44778192867	0.509772206239	-0.516359248607	6.7278548325	1.06907699291	-1.02644535001	643
50	0.75	0.75	0.0	5.8749345279	0.602842107162	-0.525049023652	6.1427965288	1.28494969337	-1.2122513087	644
50	0.75	1.0	0.0	5.34693798285	0.64979292331	-0.535403957116	5.61432040507	1.39337568125	-1.37539308655	645
50	1.0	0.0	0.0	7.110427167	0.1324828	-0.0999717	7.41222804448	0.527845165932	-0.303876069613	646
50	1.0	0.25	0.0	6.90727497388	0.279017661637	-0.440785911939	7.20263208412	0.714183012858	-0.792728908096	647
50	1.0	0.5	0.0	6.43998173872	0.392190266769	-0.568579129623	6.72161313576	0.943668066881	-1.09686535187	648
50	1.0	0.75	0.0	5.86770016846	0.471528060268	-0.592739790745	6.1367322891	1.14545594181	-1.29678121192	649
50	1.0	1.0	0.0	5.34958297	0.516558487	-0.622656333	5.61555063381	1.24870225144	-1.4729722992	650
53	0.0	0.0	0.0	7.110427167	0.1324828	-0.0999717	7.41222804448	0.527845165932	-0.303876069613	651
53	0.0	0.25	0.0	6.90727497388	0.279017661637	-0.440785911939	7.20263208412	0.714183012858	-0.792728908096	652
53	0.0	0.5	0.0	6.43998173872	0.392190266769	-0.568579129623	6.72161313576	0.943668066881	-1.09686535187	653
53	0.0	0.75	0.0	5.86770016846	0.471528060268	-0.592739790745	6.1367322891	1.14545594181	-1.29678121192	654
53	0.0	1.0	0.0	5.34958297	0.516558487	-0.622656333	5.61555063381	1.24870225144	-1.4729722992	655
53	0.25	0.0	0.0	7.10974218153	0.105809148834	-0.104780188587	7.40776245947	0.492098582274	-0.305234681541	656
53	0.25	0.25	0.0	6.90646891024	0.128018101278	-0.533106648584	7.20664873512	0.531194959588	-0.876521162105	657
53	0.25	0.5	0.0	6.44091183801	0.143570965446	-0.781483265015	6.74594405237	0.623675424151	-1.26855668005	658
53	0.25	0.75	0.0	5.87172190688	0.145228543801	-0.919284345129	6.18185997619	0.71258671215	-1.54896751388	659
53	0.25	1.0	0.0	5.3575500589	0.125751638805	-1.01588419617	5.67060807158	0.740975559771	-1.78537994209	660
53	0.5	0.0	0.0	7.1082352135	0.0787483616724	-0.102620279099	7.39793817245	0.445077343629	-0.295485043402	661
53	0.5	0.25	0.0	6.91579299911	-0.0436091306552	-0.621165281502	7.2171587766	0.304398957952	-0.931389599527	662
53	0.5	0.5	0.0	6.47071247204	-0.137959140313	-1.00519851342	6.79866402986	0.221652319419	-1.41856060692	663
53	0.5	0.75	0.0	5.90686808713	-0.216402800721	-1.26701161217	6.26372437415	0.164512123714	-1.79018718824	664
53	0.5	1.0	0.0	5.35813429921	-0.291041245295	-1.41889621503	5.73361025138	0.100653066519	-2.07945846612	665
53	0.75	0.0	0.0	7.10672824547	0.0530553936744	-0.0938554050612	7.38811388543	0.399423924149	-0.279130440713	666
53	0.75	0.25	0.0	6.9249877817	-0.214894418143	-0.661240034701	7.22753805185	0.0690783595856	-0.917526551493	667
53	0.75	0.5	0.0	6.49870613887	-0.415603270325	-1.14295890121	6.84933884454	-0.189417933354	-1.46028994534	668
53	0.75	0.75	0.0	5.93516261001	-0.570296953738	-1.49783182941	6.33767837403	-0.389933402692	-1.89714036289	669
53	0.75	1.0	0.0	5.34163648816	-0.700201259248	-1.68467864411	5.77671875082	-0.546336496452	-2.21779754478	670
53	1.0	0.0	0.0	7.10604326	0.0304852	-0.078849	7.38364830042	0.367780797982	-0.260674158992	671
53	1.0	0.25	0.0	6.92379379922	-0.364868145165	-0.609609132189	7.23116240418	-0.139483483879	-0.795124349135	672
53	1.0	0.5	0.0	6.49421533654	-0.652564644402	-1.09799845473	6.86753427274	-0.536552020206	-1.30715750814	673
53	1.0	0.75	0.0	5.91862937634	-0.873384895688	-1.47365523441	6.35907486692	-0.841915446254	-1.74652716572	674
53	1.0	1.0	0.0	5.298357423	-1.068109497	-1.666217738	5.7720951475	-1.07406439728	-2.06298685161	675
54	0.0	0.0	0.0	7.10604326	0.0304852	-0.078849	7.38364830042	0.367780797982	-0.260674158992	676
54	0.0	0.25	0.0	6.92379379922	-0.364868145165	-0.609609132189	7.23116240418	-0.139483483879	-0.795124349135	677
54	0.0	0.5	0.0	6.49421533654	-0.652564644402	-1.09799845473	6.86753427274	-0.536552020206	-1.30715750814	678
54	0.0	0.75	0.0	5.91862937634	-0.873384895688	-1.47365523441	6.35907486692	-0.841915446254	-1.74652716572	679
54	0.0	1.0	0.0	5.298357423	-1.068109497	-1.666217738	5.7720951475	-1.07406439728	-2.06298685161	680
54	0.25	0.0	0.0	7.09427244	0.0105999981738	-0.0589143580616	7.38883664481	0.343689503667	-0.223951928775	681
54	0.25	0.25	0.0	6.90395172698	-0.464639448663	-0.477909507574	7.23215752262	-0.273115275787	-0.588330190063	682
54	0.25	0.5	0.0	6.45891630838	-0.781732233854	-0.894763776206	6.86102836049	-0.733323185458	-0.994700833081	683
54	0.25	0.75	0.0	5.87515924794	-1.01785668303	-1.22695560604	6.35091444809	-1.07776356595	-1.3720052068	684
54	0.25	1.0	0.0	5.26867360939	-1.25019112182	-1.39196343916	5.7772810751	-1.34726575788	-1.64918466017	685
54	0.5	0.0	0.0	7.068376636	-0.00090552307439	-0.0399512955064	7.40025100248	0.322930578944	-0.168056172007	686
54	0.5	0.25	0.0	6.87073679804	-0.494246203248	-0.329349269179	7.23678856882	-0.307602219529	-0.382638000646	687
54	0.5	0.5	0.0	6.41379618559	-0.810397751486	-0.632064083786	6.85667206457	-0.805020119723	-0.628440960073	688
54	0.5	0.75	0.0	5.83300924211	-1.04897068701	-0.872091090965	6.35679377608	-1.19697289658	-0.865403521908	689
54	0.5	1.0	0.0	5.26383041103	-1.30957552904	-0.973425642352	5.83404598969	-1.51111032505	-1.05346415777	690
54	0.75	0.0	0.0	7.042480832	-0.00549948278541	-0.0182517526979	7.41166536014	0.309083215758	-0.109423934985	691
54	0.75	0.25	0.0	6.84054810525	-0.480995662258	-0.169418969687	7.24280407487	-0.285577066179	-0.176287843165	692
54	0.75	0.5	0.0	6.37751317716	-0.780493323803	-0.351021611456	6.857940592	-0.792487519507	-0.257696522818	693
54	0.75	0.75	0.0	5.80386090165	-1.01656464714	-0.493398215262	6.37599544663	-1.22046102379	-0.345753027199	694
54	0.75	1.0	0.0	5.27007613265	-1.30178181198	-0.526887318365	5.91588917388	-1.57831045861	-0.432560409559	695
54	1.0	0.0	0.0	7.030710012	-0.00465	0.00989233	7.41685370453	0.305726606055	-0.0644922640089	696
54	1.0	0.25	0.0	6.82978474146	-0.45219507903	-0.00360916178219	7.24795257285	-0.24967256681	0.0324802200974	697
54	1.0	0.5	0.0	6.36872549206	-0.733951077311	-0.0927585931964	6.86830914977	-0.736570081316	0.0682138449824	698
54	1.0	0.75	0.0	5.79939576938	-0.970476302937	-0.175213505012	6.4078020555	-1.16914553324	0.0679153611922	699
54	1.0	1.0	0.0	5.273659079	-1.282329064	-0.168631438	5.99630991023	-1.56157851836	0.0567915192731	700
57	0.0	0.0	0.0	7.030710012	-0.00465	0.00989233	7.41685370453	0.305726606055	-0.0644922640089	701
57	0.0	0.25	0.0	6.82978474146	-0.45219507903	-0.00360916178219	7.24795257285	-0.24967256681	0.0324802200974	702
57	0.0	0.5	0.0	6.36872549206	-0.733951077311	-0.0927585931964	6.86830914977	-0.736570081316	0.0682138449824	703
57	0.0	0.75	0.0	5.79939576938	-0.970476302937	-0.175213505012	6.4078020555	-1.16914553324	0.0679153611922	704
57	0.0	1.0	0.0	5.273659079	-1.282329064	-0.168631438	5.99630991023	-1.56157851836	0.0567915192731	705
57	0.25	0.0	0.0	7.02893310169	8.80593122159e-05	0.032531019987	7.42325194414	0.319999866932	-0.0366406022444	706
57	0.25	0.25	0.0	6.83319912859	-0.417239330275	0.135451440302	7.25981115124	-0.202331113418	0.199961071341	707
57	0.25	0.5	0.0	6.38143088821	-0.67393032793	0.149172354976	6.89365938783	-0.64093468332	0.359883296025	708
57	0.25	0.75	0.0	5.81694758246	-0.890256224054	0.150387244634	6.45122126035	-1.03155475753	0.471619039091	709
57	0.25	1.0	0.0	5.28306841321	-1.18648830905	0.2157895899	6.05892137521	-1.4099352508	0.563661267826	710
57	0.5	0.0	0.0	7.025023899	0.00958769092852	0.0534696893479	7.43732807128	0.350476941991	-0.00423339497296	711
57	0.5	0.25	0.0	6.83365084285	-0.359312865776	0.271913906965	7.27926920724	-0.123915408922	0.3589728583	712
57	0.5	0.5	0.0	6.39117724538	-0.573474989247	0.40323290616	6.9225917803	-0.502210830378	0.666314987447	713
57	0.5	0.75	0.0	5.83596865677	-0.736783913494	0.510687143226	6.48444173196	-0.823721834877	0.923293248791	714
57	0.5	1.0	0.0	5.30639062721	-0.953124872523	0.657537074456	6.08196500373	-1.12776093492	1.13540789865	715
57	0.75	0.0	0.0	7.02111469631	0.0233599270806	0.071881546535	7.45140419841	0.385226621586	0.0256470001246	716
57	0.75	0.25	0.0	6.8317083378	-0.277111166556	0.39596901278	7.29581507615	-0.0214886425503	0.504411306387	717
57	0.75	0.5	0.0	6.39454884679	-0.429128896873	0.637703016606	6.94083656654	-0.327166576438	0.951536907179	718
57	0.75	0.75	0.0	5.84740443599	-0.520638571042	0.843611318959	6.49533079123	-0.568495456464	1.34381407812	719
57	0.75	1.0	0.0	5.32804331811	-0.639585496234	1.06022168078	6.0681598719	-0.782163559017	1.65803309484	720
57	1.0	0.0	0.0	7.019337786	0.0409158	0.0869398	7.45780243802	0.41231769607	0.0459182253671	721
57	1.0	0.25	0.0	6.82794006699	-0.16932971364	0.497807532319	7.29893709331	0.0978859964687	0.631172141019	722
57	1.0	0.5	0.0	6.38812997569	-0.237435886414	0.820862642563	6.93412398593	-0.122569975447	1.17957704315	723
57	1.0	0.75	0.0	5.8422003638	-0.252399396481	1.08708490002	6.47175575903	-0.288724313475	1.65405761492	724
57	1.0	1.0	0.0	5.332444083	-0.303216922	1.327454074	6.02022505581	-0.440251111415	2.0175385395	725
58	0.0	0.0	0.0	7.019337786	0.0409158	0.0869398	7.45780243802	0.41231769607	0.0459182253671	726
58	0.0	0.25	0.0	6.82794006699	-0.16932971364	0.497807532319	7.29893709331	0.0978859964687	0.631172141019	727
58	0.0	0.5	0.0	6.38812997569	-0.237435886414	0.820862642563	6.93412398593	-0.122569975447	1.17957704315	728
58	0.0	0.75	0.0	5.8422003638	-0.252399396481	1.08708490002	6.47175575903	-0.288724313475	1.65405761492	729
58	0.0	1.0	0.0	5.332444083	-0.303216922	1.327454074	6.02022505581	-0.440251111415	2.0175385395	730
58	0.25	0.0	0.0	7.02729707241	0.0617513036649	0.0988819265084	7.45982696014	0.439803884164	0.056156775373	731
58	0.25	0.25	0.0	6.83355729132	-0.0229931714772	0.591724369255	7.29166418583	0.256306100926	0.743349696307	732
58	0.25	0.5	0.0	6.38942287354	0.0487593859133	0.971984276662	6.90454679803	0.191870053379	1.35005616536	733
58	0.25	0.75	0.0	5.83812308119	0.161427697436	1.26674757515	6.41213307331	0.169756397512	1.85082656926	734
58	0.25	1.0	0.0	5.32288717636	0.199430484692	1.50310019116	5.92808128825	0.113225789317	2.2202112947	735
58	0.5	0.0	0.0	7.0448075025	0.0816529565523	0.105123893435	7.46428090879	0.474337042794	0.0586508739938	736
58	0.5	0.25	0.0	6.85592735023	0.130158957749	0.65940808772	7.28842486183	0.43329380756	0.803342938743	737
58	0.5	0.5	0.0	6.42091803208	0.362663344122	1.06325103123	6.88186748008	0.573096421272	1.40931934945	738
58	0.5	0.75	0.0	5.86928987821	0.637871243069	1.36097486219	6.35818852442	0.761530267316	1.88412895896	739
58	0.5	1.0	0.0	5.33055321879	0.814487781988	1.59690171884	5.83096775573	0.866380729076	2.23532062015	740
58	0.75	0.0	0.0	7.06231793259	0.102492431164	0.105992363644	7.46873485745	0.509808023149	0.0557714758972	741
58	0.75	0.25	0.0	6.88679735659	0.287700780804	0.687303587076	7.29095296294	0.622718467006	0.80175657821	742
58	0.75	0.5	0.0	6.47811913431	0.669767188686	1.08119039456	6.87681322248	0.961225877864	1.35264530734	743
58	0.75	0.75	0.0	5.93975567297	1.09651865284	1.35522053513	6.33177169934	1.35431592089	1.75594807664	744
58	0.75	1.0	0.0	5.37517937983	1.41578217129	1.57696175786	5.76128445683	1.63097426127	2.05917529947	745
58	1.0	0.0	0.0	7.070277219	0.1261414	0.101814	7.47075937957	0.540107676414	0.0498895357509	746
58	1.0	0.25	0.0	6.91791442329	0.447206404453	0.661855766684	7.30098233077	0.818449429902	0.729195324591	747
58	1.0	0.5	0.0	6.55652986322	0.935562120077	1.01232985493	6.9001112156	1.29637517278	1.17531275097	748
58	1.0	0.75	0.0	6.05357538354	1.45695733916	1.23493836795	6.35473218506	1.8158319832	1.46826721489	749
58	1.0	1.0	0.0	5.476502829	1.877140854	1.411383409	5.75143139014	2.21876693931	1.68808411631	750
61	0.0	0.0	0.0	7.070277219	0.1261414	0.101814	7.47075937957	0.540107676414	0.0498895357509	751
61	0.0	0.25	0.0	6.91791442329	0.447206404453	0.661855766684	7.30098233077	0.818449429902	0.729195324591	752
61	0.0	0.5	0.0	6.55652986322	0.935562120077	1.01232985493	6.9001112156	1.29637517278	1.17531275097	753
61	0.0	0.75	0.0	6.05357538354	1.45695733916	1.23493836795	6.35473218506	1.8158319832	1.46826721489	754
61	0.0	1.0	0.0	5.476502829	1.877140854	1.411383409	5.75143139014	2.21876693931	1.68808411631	755
61	0.25	0.0	0.0	7.07336753916	0.139881716605	0.0974093215929	7.46883550588	0.55183158082	0.040860307856	756
61	0.25	0.25	0.0	6.92662456502	0.52357007207	0.625471836985	7.30099170957	0.914922849253	0.666833345609	757
61	0.25	0.5	0.0	6.57686145229	1.03136478175	0.947128130224	6.9036567856	1.41800482854	1.06254612821	758
61	0.25	0.75	0.0	6.08392482116	1.55032408575	1.14340720944	6.36027333709	1.93612277568	1.31110694899	759
61	0.25	1.0	0.0	5.50766129182	1.9675062242	1.29533808278	5.75428396715	2.3443219477	1.49562410126	760
61	0.5	0.0	0.0	7.0801662435	0.152204710045	0.0915246127972	7.46460298377	0.559718467423	0.0248015901871	761
61	0.5	0.25	0.0	6.93501450514	0.591623606156	0.571224973627	7.29547309494	1.00433160537	0.581490462773	762
61	0.5	0.5	0.0	6.58820596494	1.12012825981	0.848376747909	6.89536363748	1.5362856438	0.908321949512	763
61	0.5	0.75	0.0	6.09795640001	1.63450662582	1.00517354602	6.3504406897	2.0547819014	1.09474910382	764
61	0.5	1.0	0.0	5.52248158746	2.03154665898	1.12380897835	5.74687032988	2.45902169682	1.23022497913	765
61	0.75	0.0	0.0	7.08696494784	0.163542823463	0.0839132226029	7.46037046166	0.566620474004	0.00701619111965	766
61	0.75	0.25	0.0	6.9407142529	0.649027295661	0.507547667538	7.28827784321	1.08217342315	0.485477648577	767
61	0.75	0.5	0.0	6.5907513591	1.18937795271	0.740332913545	6.88181496202	1.63565379059	0.745525168621	768
61	0.75	0.75	0.0	6.09699082643	1.69018255246	0.861185240427	6.33243505271	2.14867195505	0.874220956062	769
61	0.75	1.0	0.0	5.51934721487	2.05702885277	0.94902092799	5.73159134995	2.54283829526	0.958627215706	770
61	1.0	0.0	0.0	7.090055268	0.1743285	0.0743285	7.45844658797	0.575389738342	-0.00719308097106	771
61	1.0	0.25	0.0	6.94135381755	0.693441429538	0.442872409649	7.28325731067	1.14394602753	0.391105875513	772
61	1.0	0.5	0.0	6.58468559274	1.22663925887	0.647253832693	6.86959394995	1.70054544088	0.607040739282	773
61	1.0	0.75	0.0	6.08234880681	1.69802945877	0.75239015539	6.31345723598	2.19465553129	0.70454978236	774
61	1.0	1.0	0.0	5.496641673	2.0317195	0.823198764	5.71084789893	2.57574385161	0.747571276768	775
62	0.0	0.0	0.0	7.090055268	0.1743285	0.0743285	7.45844658797	0.575389738342	-0.00719308097106	776
62	0.0	0.25	0.0	6.94135381755	0.693441429538	0.442872409649	7.28325731067	1.14394602753	0.391105875513	777
62	0.0	0.5	0.0	6.58468559274	1.22663925887	0.647253832693	6.86959394995	1.70054544088	0.607040739282	778
62	0.0	0.75	0.0	6.08234880681	1.69802945877	0.75239015539	6.31345723598	2.19465553129	0.70454978236	779
62	0.0	1.0	0.0	5.496641673	2.0317195	0.823198764	5.71084789893	2.57574385161	0.747571276768	780
62	0.25	0.0	0.0	7.09585186972	0.186568358069	0.0604969680966	7.45628905348	0.591401071858	-0.0313347793189	781
62	0.25	0.25	0.0	6.93888480176	0.718372764498	0.355335626462	7.27636877039	1.18721094524	0.271469146639	782
62	0.25	0.5	0.0	6.56328278599	1.20496638377	0.529741967437	6.85121669512	1.72130298824	0.43146882248	783
62	0.25	0.75	0.0	6.04273711172	1.60960645121	0.631079261216	6.28348849591	2.17176704955	0.492473225459	784
62	0.25	1.0	0.0	5.45093906831	1.89555020213	0.706710777992	5.675839841	2.51669297784	0.498291332832	785
62	0.5	0.0	0.0	7.1086043935	0.195183298149	0.0466297049584	7.45154247761	0.608313257922	-0.0678844086346	786
62	0.5	0.25	0.0	6.93802546759	0.708584557018	0.26299503182	7.26572930164	1.19201917103	0.153570553619	787
62	0.5	0.5	0.0	6.53404920204	1.12645626068	0.397604875455	6.82704954956	1.6912981233	0.238128483794	788
62	0.5	0.75	0.0	5.992750691	1.45107261922	0.492906988828	6.24807721098	2.09111031147	0.243841007506	789
62	0.5	1.0	0.0	5.41020502865	1.68470784273	0.591349124905	5.64138627553	2.37641593227	0.228759750373	790
62	0.75	0.0	0.0	7.12135691728	0.200860714154	0.031323364341	7.44679590174	0.622287919912	-0.10587311543	791
62	0.75	0.25	0.0	6.93689711513	0.685019564506	0.16729887806	7.2548129271	1.18072374558	0.0347043322767	792
62	0.75	0.5	0.0	6.50466516064	1.03411739707	0.259093378392	6.80286070934	1.6422639926	0.0469421952096	793
62	0.75	0.75	0.0	5.944370292	1.28088462144	0.345219231455	6.21492236791	1.99164019123	0.00142232318748	794
62	0.75	1.0	0.0	5.37572174741	1.45805164722	0.464188803366	5.61498102225	2.21358387175	-0.0312734339715	795
62	1.0	0.0	0.0	7.127153519	0.204288	0.0131746	7.44463836725	0.629486681205	-0.134332046215	796
62	1.0	0.25	0.0	6.93362104449	0.668620544374	0.0696954175181	7.24709366944	1.1756777096	-0.0878352815645	797
62	1.0	0.5	0.0	6.48281098154	0.970958300439	0.122458297894	6.78441837054	1.60593374267	-0.122167571288	798
62	1.0	0.75	0.0	5.90957666207	1.15749911653	0.195361882323	6.1917229534	1.912311563	-0.192013632812	799
62	1.0	1.0	0.0	5.348771418	1.274440841	0.312304812	5.60411790087	2.08686795314	-0.252058183563	800
