Elem	xi[0]	xi[1]	xi[2]	Y[0]	Y[1]	Y[2]	y[0]	y[1]	y[2]	Index
1	0.0	0.0	0.0	-0.021230027	2.783384937	-0.497200458	0.014115660708	2.78971904344	-0.168896339563	1
1	0.0	0.25	0.0	-0.532116240092	2.92145247273	-0.43384988749	-0.541655645257	2.84066391048	-0.170883649697	2
1	0.0	0.5	0.0	-1.08876342883	3.07670653575	-0.392306601493	-1.10354514171	2.92358317737	-0.133889591221	3
1	0.0	0.75	0.0	-1.66327642915	3.23002637939	-0.362264303499	-1.66707317137	3.02069380733	-0.082278011897	4
1	0.0	1.0	0.0	-2.227760077	3.362291257	-0.333416697	-2.227760077	3.11421276362	-0.0404127594901	5
1	0.25	0.0	0.0	0.00557428406247	2.86693564789	-0.744356533375	0.00493309937231	2.86855737918	-0.497010681973	6
1	0.25	0.25	0.0	-0.520720596361	2.95966105904	-0.665803292353	-0.552643429101	2.86991333038	-0.47459291131	7
1	0.25	0.5	0.0	-1.08943837777	3.04380630651	-0.593812738073	-1.10389119402	2.89416744208	-0.385987407913	8
1	0.25	0.75	0.0	-1.66959489231	3.1321419821	-0.517849771458	-1.65951158013	2.93359582609	-0.286691278851	9
1	0.25	1.0	0.0	-2.23020597213	3.23743867761	-0.427379293434	-2.23020597213	2.9804745942	-0.23220163119	10
1	0.5	0.0	0.0	0.0134645942407	2.89184008148	-1.06014635178	0.0245601152782	2.90717872122	-0.899701546823	11
1	0.5	0.25	0.0	-0.530213997136	2.94535453844	-0.954576790159	-0.553811665314	2.86355997613	-0.836392639989	12
1	0.5	0.5	0.0	-1.10603324442	2.98249890384	-0.845188134794	-1.11743775224	2.84133463066	-0.704928878466	13
1	0.5	0.75	0.0	-1.68836722345	3.01710695476	-0.715631151541	-1.67910243674	2.83098924684	-0.550810616554	14
1	0.5	1.0	0.0	-2.25159001008	3.06301246829	-0.549556606257	-2.25159001008	2.82301038668	-0.419538208549	15
1	0.75	0.0	0.0	0.00310357329864	2.86383055059	-1.3721666843	0.0476441582541	2.89590064415	-1.29506078637	16
1	0.75	0.25	0.0	-0.551228619467	2.88641723128	-1.23210396208	-0.554473687534	2.81633045699	-1.18471461489	17
1	0.75	0.5	0.0	-1.12984616196	2.89806460133	-1.08600478819	-1.14088565524	2.76128408681	-1.01651134713	18
1	0.75	0.75	0.0	-1.71382387665	2.89710186901	-0.908848571327	-1.71600290226	2.71833540406	-0.810337125061	19
1	0.75	1.0	0.0	-2.28423658599	2.88185824257	-0.675614720201	-2.28423658599	2.67505827921	-0.586078090678	20
1	1.0	0.0	0.0	-0.024846109	2.788639368	-1.608014302	0.0488326781287	2.82504072254	-1.60118025288	21
1	1.0	0.25	0.0	-0.574396640406	2.79073345788	-1.43031838929	-0.563942829401	2.72295138226	-1.44799061517	22
1	1.0	0.5	0.0	-1.15217526358	2.79578367259	-1.25583469479	-1.17093574191	2.65021515421	-1.24653215814	23
1	1.0	0.75	0.0	-1.74019530596	2.7843072965	-1.0507421584	-1.76037013769	2.60109563218	-1.00097190442	24
1	1.0	1.0	0.0	-2.320470095	2.736821614	-0.78121972	-2.320470095	2.56985640995	-0.715476876689	25
2	0.0	0.0	0.0	-0.024846109	2.788639368	-1.608014302	0.0488326781287	2.82504072254	-1.60118025288	26
2	0.0	0.25	0.0	-0.574396640406	2.79073345788	-1.43031838929	-0.563942829401	2.72295138226	-1.44799061517	27
2	0.0	0.5	0.0	-1.15217526358	2.79578367259	-1.25583469479	-1.17093574191	2.65021515421	-1.24653215814	28
2	0.0	0.75	0.0	-1.74019530596	2.7843072965	-1.0507421584	-1.76037013769	2.60109563218	-1.00097190442	29
2	0.0	1.0	0.0	-2.320470095	2.736821614	-0.78121972	-2.320470095	2.56985640995	-0.715476876689	30
2	0.25	0.0	0.0	-0.0559838126898	2.61518854164	-1.79760507561	0.0378064815898	2.64949326211	-1.88888640922	31
2	0.25	0.25	0.0	-0.603299079169	2.62551315122	-1.61006677801	-0.584174812756	2.55648321964	-1.7155375405	32
2	0.25	0.5	0.0	-1.18117506629	2.64209953432	-1.40690817915	-1.20783746799	2.48971418673	-1.47453418254	33
2	0.25	0.75	0.0	-1.77730278552	2.64103938488	-1.16979049972	-1.8129730809	2.46344509147	-1.18037321615	34
2	0.25	1.0	0.0	-2.37937324828	2.59842439678	-0.88037496041	-2.37937324828	2.491934862	-0.847551522121	35
2	0.5	0.0	0.0	-0.0756077231453	2.3470580536	-1.98614317747	0.0369527381073	2.383180742	-2.21425973862	36
2	0.5	0.25	0.0	-0.639305964224	2.39605339044	-1.82383234934	-0.608020090623	2.33036196016	-2.04308565848	37
2	0.5	0.5	0.0	-1.22317404596	2.43751524484	-1.58971670667	-1.25080175411	2.29289806571	-1.76125343675	38
2	0.5	0.75	0.0	-1.83085859522	2.45565994121	-1.30535482907	-1.87544591574	2.30700190985	-1.40575927606	39
2	0.5	1.0	0.0	-2.4660062389	2.43470380396	-0.992305296121	-2.4660062389	2.40888634378	-1.01359937903	40
2	0.75	0.0	0.0	-0.0900011622781	2.05234592175	-2.15932592634	0.0362899900503	2.08392245741	-2.52070966721	41
2	0.75	0.25	0.0	-0.673675342777	2.14619140764	-2.0168925089	-0.633537542642	2.07828909376	-2.34640173923	42
2	0.75	0.5	0.0	-1.26933042419	2.22086638658	-1.75929039596	-1.2984534337	2.08424269741	-2.03095858877	43
2	0.75	0.75	0.0	-1.89166149878	2.26644707602	-1.43928016175	-1.9439110251	2.14929204516	-1.62908893562	44
2	0.75	1.0	0.0	-2.55536365882	2.27300969341	-1.10962238052	-2.55536365882	2.32094591384	-1.19550149957	45
2	1.0	0.0	0.0	-0.105447452	1.799150164	-2.302850641	0.0258367797877	1.8095377035	-2.75164562109	46
2	1.0	0.25	0.0	-0.697665262035	1.91976443489	-2.13452466235	-0.658786048455	1.83396611043	-2.54125255284	47
2	1.0	0.5	0.0	-1.31080242262	2.03098854198	-1.87065936562	-1.34941734017	1.88822398806	-2.20791830662	48
2	1.0	0.75	0.0	-1.9505102599	2.11167889983	-1.55341151308	-2.01449079185	2.00784145522	-1.80232104634	49
2	1.0	1.0	0.0	-2.6224401	2.140691923	-1.224937867	-2.6224401	2.22834863072	-1.37513893588	50
5	0.0	0.0	0.0	-0.105447452	1.799150164	-2.302850641	0.0258367797877	1.8095377035	-2.75164562109	51
5	0.0	0.25	0.0	-0.697665262035	1.91976443489	-2.13452466235	-0.658786048455	1.83396611043	-2.54125255284	52
5	0.0	0.5	0.0	-1.31080242262	2.03098854198	-1.87065936562	-1.34941734017	1.88822398806	-2.20791830662	53
5	0.0	0.75	0.0	-1.9505102599	2.11167889983	-1.55341151308	-2.01449079185	2.00784145522	-1.80232104634	54
5	0.0	1.0	0.0	-2.6224401	2.140691923	-1.224937867	-2.6224401	2.22834863072	-1.37513893588	55
5	0.25	0.0	0.0	-0.150919766794	1.25833133648	-2.4772867511	-0.00742025614056	1.15457062194	-2.99426519876	56
5	0.25	0.25	0.0	-0.747340017794	1.38615655629	-2.26185157234	-0.703258583141	1.20352568004	-2.73437075212	57
5	0.25	0.5	0.0	-1.3879135454	1.54405144461	-2.0103048883	-1.4261750561	1.34021299664	-2.41328002925	58
5	0.25	0.75	0.0	-2.05566780841	1.6761252432	-1.72384917032	-2.12126663144	1.54585237361	-2.06436576754	59
5	0.25	1.0	0.0	-2.7336302656	1.72648719381	-1.40368688975	-2.7336302656	1.80166361279	-1.72100070438	60
5	0.5	0.0	0.0	-0.204619445347	0.583508766326	-2.51006137558	-0.033892139963	0.325227145739	-3.02768177475	61
5	0.5	0.25	0.0	-0.808598797456	0.714673392294	-2.34017170113	-0.726887325796	0.409211528415	-2.80971932942	62
5	0.5	0.5	0.0	-1.44198506884	0.903198990184	-2.08220364653	-1.42762763892	0.621124798619	-2.51409380946	63
5	0.5	0.75	0.0	-2.11156483355	1.07349838229	-1.7666381128	-2.12905833399	0.890156135447	-2.19431419237	64
5	0.5	1.0	0.0	-2.82412466565	1.14998439089	-1.42395600091	-2.82412466565	1.14549471799	-1.90388945562	65
5	0.75	0.0	0.0	-0.253074008226	-0.0878410897443	-2.42403657978	-0.0579581891881	-0.460761950184	-2.87735547727	66
5	0.75	0.25	0.0	-0.867767619388	0.0477270640531	-2.32283282424	-0.743286316399	-0.334674982273	-2.73186881512	67
5	0.75	0.5	0.0	-1.4903481861	0.251380087248	-2.07620678968	-1.4123708989	-0.0805473768741	-2.49010459734	68
5	0.75	0.75	0.0	-2.15558923198	0.449698727952	-1.74217280726	-2.11432564941	0.213790160966	-2.21726304468	69
5	0.75	1.0	0.0	-2.89826428063	0.569263734277	-1.37874520811	-2.89826428063	0.4605069262	-1.97854437792	70
5	1.0	0.0	0.0	-0.282810976	-0.618241775	-2.242074429	-0.0839977213246	-0.985665890892	-2.56874643452	71
5	1.0	0.25	0.0	-0.911172501956	-0.472270307263	-2.16318271721	-0.766069594925	-0.813832489864	-2.46538973958	72
5	1.0	0.5	0.0	-1.55033409034	-0.268456355641	-1.9821654671	-1.43900064627	-0.576310300697	-2.32105734293	73
5	1.0	0.75	0.0	-2.2251289003	-0.0493733089481	-1.71084772044	-2.15352832756	-0.310208129589	-2.15830904835	74
5	1.0	1.0	0.0	-2.960390091	0.142405444	-1.361054519	-2.960390091	-0.0526347827348	-1.99970465959	75
6	0.0	0.0	0.0	-0.282810976	-0.618241775	-2.242074429	-0.0839977213246	-0.985665890892	-2.56874643452	76
6	0.0	0.25	0.0	-0.911172501956	-0.472270307263	-2.16318271721	-0.766069594925	-0.813832489864	-2.46538973958	77
6	0.0	0.5	0.0	-1.55033409034	-0.268456355641	-1.9821654671	-1.43900064627	-0.576310300697	-2.32105734293	78
6	0.0	0.75	0.0	-2.2251289003	-0.0493733089481	-1.71084772044	-2.15352832756	-0.310208129589	-2.15830904835	79
6	0.0	1.0	0.0	-2.960390091	0.142405444	-1.361054519	-2.960390091	-0.0526347827348	-1.99970465959	80
6	0.25	0.0	0.0	-0.298175037286	-1.12102881904	-1.88825764984	-0.12097314147	-1.38749391829	-2.05474144625	81
6	0.25	0.25	0.0	-0.930828487048	-0.982239049616	-1.80587456924	-0.80436765297	-1.21577305848	-1.96902792393	82
6	0.25	0.5	0.0	-1.5939182361	-0.779235530819	-1.70569941952	-1.49854546122	-1.02252127657	-1.91472658451	83
6	0.25	0.75	0.0	-2.28545568146	-0.536137776893	-1.53997200677	-2.22455687926	-0.792931957139	-1.87106146514	84
6	0.25	1.0	0.0	-3.00345222014	-0.277065302082	-1.26093213712	-3.00345222014	-0.512198484776	-1.81725660294	85
6	0.5	0.0	0.0	-0.310315502222	-1.65493803485	-1.37362783641	-0.167105620422	-1.83261238583	-1.40743254191	86
6	0.5	0.25	0.0	-0.936429664606	-1.55468017739	-1.31835129343	-0.854392510193	-1.72661648488	-1.35104501393	87
6	0.5	0.5	0.0	-1.60059896185	-1.35393033638	-1.25495876659	-1.54927627795	-1.56444077752	-1.32390464156	88
6	0.5	0.75	0.0	-2.29757487114	-1.09086704654	-1.14842537681	-2.26682552925	-1.34179707136	-1.32172162777	89
6	0.5	1.0	0.0	-3.02210886966	-0.803668842613	-0.963726245048	-3.02210886966	-1.05439717398	-1.3402061755	90
6	0.75	0.0	0.0	-0.320201361547	-2.11096582123	-0.792231856027	-0.218255161008	-2.2315930969	-0.730000529516	91
6	0.75	0.25	0.0	-0.944355877832	-2.04269853603	-0.770331890189	-0.913895663371	-2.1885616598	-0.702391897231	92
6	0.75	0.5	0.0	-1.60455670516	-1.84021433359	-0.72971690252	-1.60529342272	-2.0395760809	-0.683252981312	93
6	0.75	0.75	0.0	-2.29938854389	-1.55859935162	-0.661638697459	-2.30546728455	-1.81160164174	-0.683210142439	94
6	0.75	1.0	0.0	-3.02743609435	-1.25293972784	-0.557349079447	-3.02743609435	-1.53160362383	-0.712889741292	95
6	1.0	0.0	0.0	-0.328801606	-2.380108577	-0.238116576	-0.270281766056	-2.49500785488	-0.125626217106	96
6	1.0	0.25	0.0	-0.970986969929	-2.299398971	-0.231535359917	-0.980628609282	-2.44380747399	-0.114019461504	97
6	1.0	0.5	0.0	-1.63997190359	-2.08576108373	-0.229747221508	-1.68069722178	-2.28543446406	-0.127433071004	98
6	1.0	0.75	0.0	-2.32879877421	-1.78437292585	-0.205042835595	-2.36561515215	-2.05714383779	-0.12844761536	99
6	1.0	1.0	0.0	-3.030509949	-1.440412508	-0.129712877	-3.030509949	-1.79619060783	-0.0796436643284	100
9	0.0	0.0	0.0	-0.328801606	-2.380108577	-0.238116576	-0.270281766056	-2.49500785488	-0.125626217106	101
9	0.0	0.25	0.0	-0.970986969929	-2.299398971	-0.231535359917	-0.980628609282	-2.44380747399	-0.114019461504	102
9	0.0	0.5	0.0	-1.63997190359	-2.08576108373	-0.229747221508	-1.68069722178	-2.28543446406	-0.127433071004	103
9	0.0	0.75	0.0	-2.32879877421	-1.78437292585	-0.205042835595	-2.36561515215	-2.05714383779	-0.12844761536	104
9	0.0	1.0	0.0	-3.030509949	-1.440412508	-0.129712877	-3.030509949	-1.79619060783	-0.0796436643284	105
9	0.25	0.0	0.0	-0.334130158537	-2.29878287828	0.280549823989	-0.273563610291	-2.46420978144	0.449893976672	106
9	0.25	0.25	0.0	-0.995064226723	-2.16913162276	0.290160646136	-0.999522970407	-2.35313714938	0.461163396012	107
9	0.25	0.5	0.0	-1.67726938276	-1.93535162389	0.300616766493	-1.72123492994	-2.18268266978	0.467374387517	108
9	0.25	0.75	0.0	-2.3645061702	-1.610626823	0.327282110136	-2.41085411022	-1.95868609893	0.517638265702	109
9	0.25	1.0	0.0	-3.04053513258	-1.20814116142	0.385520602143	-3.04053513258	-1.6869871931	0.661066345086	110
9	0.5	0.0	0.0	-0.337235786534	-1.90455322944	0.822440305691	-0.224713595262	-2.1531148429	1.09926853665	111
9	0.5	0.25	0.0	-0.991854338678	-1.72488302167	0.833728747849	-0.954586375687	-1.99277257006	1.11174769284	112
9	0.5	0.5	0.0	-1.66671548444	-1.46018908789	0.882636953481	-1.68535362341	-1.80904901061	1.18314173923	113
9	0.5	0.75	0.0	-2.35491748886	-1.1098553974	0.915894451153	-2.39201211248	-1.57231707358	1.28687479326	114
9	0.5	1.0	0.0	-3.04955861699	-0.673265919489	0.880230769429	-3.04955861699	-1.25294966802	1.39637097236	115
9	0.75	0.0	0.0	-0.341974880014	-1.36211699713	1.2914046428	-0.178672615794	-1.69779879528	1.6998179666	116
9	0.75	0.25	0.0	-0.974912398399	-1.15511933398	1.33355445326	-0.903989769659	-1.51641506315	1.73572314317	117
9	0.75	0.5	0.0	-1.62859327778	-0.861453928187	1.39492105912	-1.63060717469	-1.3106423544	1.85000571218	118
9	0.75	0.75	0.0	-2.31490193032	-0.492967778102	1.38370015349	-2.34801983836	-1.05296138754	1.95239917873	119
9	0.75	1.0	0.0	-3.04572276815	-0.0615078820653	1.2080874295	-3.04572276815	-0.715852881094	1.9526370479	120
9	1.0	0.0	0.0	-0.352203829	-0.836171548	1.591292609	-0.190381566711	-1.23433739461	2.12886277032	121
9	1.0	0.25	0.0	-0.957793498487	-0.648306725933	1.72402327041	-0.90590409686	-1.07776595574	2.2310794612	122
9	1.0	0.5	0.0	-1.58318583195	-0.340326597224	1.71607680307	-1.61454945631	-0.833571569002	2.29810303441	123
9	1.0	0.75	0.0	-2.25932869469	0.0291269058478	1.5536051832	-2.31780796729	-0.555543666618	2.28734863352	124
9	1.0	1.0	0.0	-3.017169952	0.401411851	1.222760387	-3.017169952	-0.297471680826	2.15623140214	125
10	0.0	0.0	0.0	-0.352203829	-0.836171548	1.591292609	-0.190381566711	-1.23433739461	2.12886277032	126
10	0.0	0.25	0.0	-0.957793498487	-0.648306725933	1.72402327041	-0.90590409686	-1.07776595574	2.2310794612	127
10	0.0	0.5	0.0	-1.58318583195	-0.340326597224	1.71607680307	-1.61454945631	-0.833571569002	2.29810303441	128
10	0.0	0.75	0.0	-2.25932869469	0.0291269058478	1.5536051832	-2.31780796729	-0.555543666618	2.28734863352	129
10	0.0	1.0	0.0	-3.017169952	0.401411851	1.222760387	-3.017169952	-0.297471680826	2.15623140214	130
10	0.25	0.0	0.0	-0.356207925519	-0.286456253037	1.67829681259	-0.210259276827	-0.714359436438	2.32616027968	131
10	0.25	0.25	0.0	-0.944254395234	-0.135526249479	1.85277206263	-0.913294249362	-0.587514073258	2.46009530136	132
10	0.25	0.5	0.0	-1.55744075785	0.161239307596	1.77695892897	-1.61338995466	-0.321045861852	2.46496579164	133
10	0.25	0.75	0.0	-2.22516518329	0.512406085021	1.5177926688	-2.30356196221	-0.0359908390973	2.35755008225	134
10	0.25	1.0	0.0	-2.97682584146	0.826539749627	1.14220853933	-2.97682584146	0.146614958133	2.15462650492	135
10	0.5	0.0	0.0	-0.338774973175	0.371730247602	1.62614889889	-0.176947402342	-0.0529492661667	2.35733578693	136
10	0.5	0.25	0.0	-0.921518913791	0.522007623436	1.72253120842	-0.863703751737	0.0917184546111	2.4407742589	137
10	0.5	0.5	0.0	-1.54216387634	0.809154433998	1.64863918252	-1.57202028728	0.364168371693	2.44779712461	138
10	0.5	0.75	0.0	-2.20844182751	1.14304869502	1.44454014345	-2.27058471326	0.649932866611	2.36012832	139
10	0.5	1.0	0.0	-2.92808473399	1.43356842223	1.15030141346	-2.92808473399	0.834544320892	2.15949178101	140
10	0.75	0.0	0.0	-0.299204696993	1.06273228069	1.52387139024	-0.130569306526	0.689050026148	2.30313546976	141
10	0.75	0.25	0.0	-0.882962269968	1.23007478647	1.52261434664	-0.794767555587	0.858212376946	2.32227888244	142
10	0.75	0.5	0.0	-1.516802778	1.49253139462	1.45419190203	-1.50436100842	1.10632575549	2.32657623053	143
10	0.75	0.75	0.0	-2.18210026454	1.78739507068	1.31843877593	-2.20947347694	1.36279343916	2.26937558541	144
10	0.75	1.0	0.0	-2.86022877303	2.05195878021	1.11518968786	-2.86022877303	1.55701870532	2.10402501849	145
10	1.0	0.0	0.0	-0.236796822	1.710894173	1.460486809	-0.111248352652	1.45079535045	2.24430550589	146
10	1.0	0.25	0.0	-0.821959679578	1.89445513328	1.4423351162	-0.74412061251	1.61024844283	2.25377172064	147
10	1.0	0.5	0.0	-1.4608050534	2.10048280209	1.31669142584	-1.42433267237	1.7896809134	2.18128230659	148
10	1.0	0.75	0.0	-2.11908213153	2.31178554685	1.12407973506	-2.1108255097	1.9631568672	2.05958411708	149
10	1.0	1.0	0.0	-2.762540102	2.511171735	0.905024041	-2.762540102	2.10474040928	1.92142400545	150
13	0.0	0.0	0.0	-0.236796822	1.710894173	1.460486809	-0.111248352652	1.45079535045	2.24430550589	151
13	0.0	0.25	0.0	-0.821959679578	1.89445513328	1.4423351162	-0.74412061251	1.61024844283	2.25377172064	152
13	0.0	0.5	0.0	-1.4608050534	2.10048280209	1.31669142584	-1.42433267237	1.7896809134	2.18128230659	153
13	0.0	0.75	0.0	-2.11908213153	2.31178554685	1.12407973506	-2.1108255097	1.9631568672	2.05958411708	154
13	0.0	1.0	0.0	-2.762540102	2.511171735	0.905024041	-2.762540102	2.10474040928	1.92142400545	155
13	0.25	0.0	0.0	-0.200775577635	1.99706377884	1.34654000488	-0.103758352772	1.81597139591	2.09176229853	156
13	0.25	0.25	0.0	-0.783614999908	2.18262153717	1.34978509091	-0.722542559525	1.95774364768	2.11443114065	157
13	0.25	0.5	0.0	-1.41482659867	2.37635853326	1.21079756128	-1.37722312881	2.11193510774	2.02125799921	158
13	0.25	0.75	0.0	-2.06112049269	2.56320425131	0.997103999819	-2.04153342207	2.25141834462	1.88211462002	159
13	0.25	1.0	0.0	-2.68920680072	2.72808817552	0.776230990385	-2.68920680072	2.34906592685	1.76687274888	160
13	0.5	0.0	0.0	-0.171174965137	2.21808953746	1.07827801592	-0.0802344329267	2.10840509543	1.74999703885	161
13	0.5	0.25	0.0	-0.747482143602	2.40783420703	1.09277219685	-0.692995033487	2.24409744294	1.77364157906	162
13	0.5	0.5	0.0	-1.36301670581	2.63111620944	1.00127747753	-1.32607925007	2.41210178017	1.72618995694	163
13	0.5	0.75	0.0	-1.98963157665	2.84449523825	0.853272244519	-1.9659773701	2.56180713155	1.64808359684	164
13	0.5	1.0	0.0	-2.59917968102	3.00453098704	0.698234884404	-2.59917968102	2.64260252157	1.57976392312	165
13	0.75	0.0	0.0	-0.14782929307	2.37502016234	0.743368620007	-0.0511619371256	2.31914445476	1.33833308944	166
13	0.75	0.25	0.0	-0.71423324604	2.57950001793	0.773131437689	-0.663821903682	2.46128665196	1.36168494446	167
13	0.75	0.5	0.0	-1.31287619935	2.84106826099	0.75207645464	-1.2813948763	2.65367648463	1.37925941957	168
13	0.75	0.75	0.0	-1.91959280826	3.09369692495	0.69395528664	-1.89861532706	2.82949478441	1.38315822803	169
13	0.75	1.0	0.0	-2.51021772806	3.27135804329	0.612519549471	-2.51021772806	2.92192238291	1.36548308308	170
13	1.0	0.0	0.0	-0.13057287	2.468904367	0.429479595	-0.0270262093791	2.43923747964	0.976093812878	171
13	1.0	0.25	0.0	-0.684540442603	2.70702584499	0.492697817073	-0.643367039393	2.60128809803	1.00884314543	172
13	1.0	0.5	0.0	-1.27190590382	2.98252711828	0.527139772656	-1.25366384766	2.80015477509	1.06364762691	173
13	1.0	0.75	0.0	-1.86598161238	3.24884772867	0.520523943661	-1.85390526619	2.98965285961	1.11300569408	174
13	1.0	1.0	0.0	-2.440079927	3.459427218	0.460568812	-2.440079927	3.12359770038	1.12941578367	175
14	0.0	0.0	0.0	-0.13057287	2.468904367	0.429479595	-0.0270262093791	2.43923747964	0.976093812878	176
14	0.0	0.25	0.0	-0.684540442603	2.70702584499	0.492697817073	-0.643367039393	2.60128809803	1.00884314543	177
14	0.0	0.5	0.0	-1.27190590382	2.98252711828	0.527139772656	-1.25366384766	2.80015477509	1.06364762691	178
14	0.0	0.75	0.0	-1.86598161238	3.24884772867	0.520523943661	-1.85390526619	2.98965285961	1.11300569408	179
14	0.0	1.0	0.0	-2.440079927	3.459427218	0.460568812	-2.440079927	3.12359770038	1.12941578367	180
14	0.25	0.0	0.0	-0.113585146994	2.52498806717	0.203663293285	-0.00802039351206	2.50772345184	0.718669883658	181
14	0.25	0.25	0.0	-0.653259037881	2.77507873783	0.285156112157	-0.619328615743	2.67231686325	0.750481797678	182
14	0.25	0.5	0.0	-1.23042118356	3.04429335451	0.33141627935	-1.22581014051	2.86068231326	0.795320439278	183
14	0.25	0.75	0.0	-1.81701310632	3.30187175802	0.328429063846	-1.8176357755	3.04743300725	0.841917846929	184
14	0.25	1.0	0.0	-2.38497632842	3.51705378918	0.262179734625	-2.38497632842	3.2071821506	0.879006059101	185
14	0.5	0.0	0.0	-0.0864806174028	2.59930509118	-0.0516059710839	0.0139393312871	2.59914627726	0.409597385897	186
14	0.5	0.25	0.0	-0.608698101281	2.82757983603	0.0273914180084	-0.580535871631	2.739073197	0.426314548233	187
14	0.5	0.5	0.0	-1.17142785027	3.08205398767	0.0712892945003	-1.17882632993	2.90805368421	0.452465783509	188
14	0.5	0.75	0.0	-1.74956134916	3.32219387016	0.0726855787184	-1.76371631112	3.08171802024	0.493407152615	189
14	0.5	1.0	0.0	-2.3179900827	3.50746580758	0.0241781909895	-2.3179900827	3.23569648642	0.554494716443	190
14	0.75	0.0	0.0	-0.0540865033606	2.6870418956	-0.298002465661	0.025701753275	2.69823509482	0.0975255635165	191
14	0.75	0.25	0.0	-0.563952284714	2.87341059565	-0.229357002748	-0.547730862866	2.79678093437	0.0984798986044	192
14	0.75	0.5	0.0	-1.11688792501	3.0935960405	-0.190774044809	-1.13173160173	2.93233270117	0.115817744908	193
14	0.75	0.75	0.0	-1.6896434278	3.30113757424	-0.179835785728	-1.70818330057	3.07773068984	0.155874802539	194
14	0.75	1.0	0.0	-2.25896879664	3.44957454094	-0.194124419391	-2.25896879664	3.20581519503	0.224986771608	195
14	1.0	0.0	0.0	-0.021230027	2.783384937	-0.497200458	0.014115660708	2.78971904344	-0.168896339563	196
14	1.0	0.25	0.0	-0.532116240092	2.92145247273	-0.43384988749	-0.541655645257	2.84066391048	-0.170883649697	197
14	1.0	0.5	0.0	-1.08876342883	3.07670653575	-0.392306601493	-1.10354514171	2.92358317737	-0.133889591221	198
14	1.0	0.75	0.0	-1.66327642915	3.23002637939	-0.362264303499	-1.66707317137	3.02069380733	-0.082278011897	199
14	1.0	1.0	0.0	-2.227760077	3.362291257	-0.333416697	-2.227760077	3.11421276362	-0.0404127594901	200
17	0.0	0.0	0.0	3.777842524	1.700174068	-0.383696646	4.06197410599	1.87909153053	0.135374103803	201
17	0.0	0.25	0.0	3.22091848593	1.8754454299	-0.467336757785	3.54394422478	2.07707274442	0.0629529967837	202
17	0.0	0.5	0.0	2.73013837258	2.07715686369	-0.519933319221	3.04764186747	2.29289366407	0.0150618376688	203
17	0.0	0.75	0.0	2.27915859744	2.23955114189	-0.561659684296	2.56531450516	2.46754542943	-0.0238821241037	204
17	0.0	1.0	0.0	1.841635574	2.296871037	-0.612689207	2.08920960891	2.54201918044	-0.0694616390958	205
17	0.25	0.0	0.0	3.78666426855	1.70103614067	-0.511736855627	4.08902384103	1.89252738647	-0.0717190703938	206
17	0.25	0.25	0.0	3.23234352813	1.88579920586	-0.617862763626	3.57348139483	2.10320828192	-0.176797636815	207
17	0.25	0.5	0.0	2.75145780619	2.11808408924	-0.710378084345	3.08275975159	2.33864164177	-0.258426720722	208
17	0.25	0.75	0.0	2.31462777306	2.32379340121	-0.78624430207	2.60420610634	2.54269166633	-0.32501270029	209
17	0.25	1.0	0.0	1.89247409906	2.42882975216	-0.842422901089	2.12516765413	2.6592225559	-0.38496195369	210
17	0.5	0.0	0.0	3.78429805573	1.66188922642	-0.683941744168	4.12018916396	1.86406865093	-0.342587626955	211
17	0.5	0.25	0.0	3.23873605218	1.86487545991	-0.823933441004	3.61366372731	2.09103113723	-0.491122683795	212
17	0.5	0.5	0.0	2.77628547395	2.12693231089	-0.958389624355	3.13221521992	2.34924277727	-0.611659152131	213
17	0.5	0.75	0.0	2.3557464834	2.36758807298	-1.06954671492	2.65946739056	2.57783817931	-0.708122292111	214
17	0.5	1.0	0.0	1.93591924288	2.50637103978	-1.13964113341	2.17904398802	2.71595195162	-0.78443736388	215
17	0.75	0.0	0.0	3.77381025455	1.59735632146	-0.855566258875	4.14892287916	1.80701627182	-0.610118290704	216
17	0.75	0.25	0.0	3.24196564112	1.81633765932	-1.02952759535	3.65403773505	2.04557922682	-0.802305712403	217
17	0.75	0.5	0.0	2.80039612429	2.10412034484	-1.20477827528	3.18536927531	2.32369110384	-0.96343618792	218
17	0.75	0.75	0.0	2.39425031095	2.37234970363	-1.35239294342	2.72110675237	2.57199207065	-1.09226444289	219
17	0.75	1.0	0.0	1.96867680801	2.53267106126	-1.44344624452	2.23943941864	2.72112229498	-1.18754520295	220
17	1.0	0.0	0.0	3.758267234	1.522060422	-0.981865347	4.168677791	1.73467119707	-0.807197786464	221
17	1.0	0.25	0.0	3.24390187801	1.74384927138	-1.17862403208	3.68414993087	1.97189046715	-1.03263029088	222
17	1.0	0.5	0.0	2.81956450566	2.0500670073	-1.39035437315	3.23158292063	2.26098065478	-1.23255855945	223
17	1.0	0.75	0.0	2.42187483824	2.33949283957	-1.57560900815	2.77913258632	2.52416044264	-1.39649269596	224
17	1.0	1.0	0.0	1.987452597	2.510905978	-1.692940575	2.29495475403	2.68364851339	-1.51394280419	225
18	0.0	0.0	0.0	1.841635574	2.296871037	-0.612689207	2.08920960891	2.54201918044	-0.0694616390958	226
18	0.0	0.25	0.0	1.39250539302	2.34415403719	-0.640275338137	1.59927675121	2.57861282958	-0.109114594766	227
18	0.0	0.5	0.0	0.905219139351	2.47973875988	-0.617498227168	1.06041262026	2.65577626944	-0.13223676054	228
18	0.0	0.75	0.0	0.420424702753	2.64551809613	-0.563444418865	0.517173496596	2.73798613055	-0.148830040709	229
18	0.0	1.0	0.0	-0.021230027	2.783384937	-0.497200458	0.014115660708	2.78971904344	-0.168896339563	230
18	0.25	0.0	0.0	1.89247409906	2.42882975216	-0.842422901089	2.12516765413	2.6592225559	-0.38496195369	231
18	0.25	0.25	0.0	1.45003579345	2.49714182948	-0.864800231919	1.62594400846	2.72271998417	-0.429465955331	232
18	0.25	0.5	0.0	0.957589065939	2.6191021573	-0.850994017829	1.07519891218	2.79479108961	-0.456684429679	233
18	0.25	0.75	0.0	0.46085990124	2.75545275648	-0.80838565344	0.51937954819	2.85141163401	-0.476053848102	234
18	0.25	1.0	0.0	0.00557428406247	2.86693564789	-0.744356533375	0.00493309937231	2.86855737918	-0.497010681973	235
18	0.5	0.0	0.0	1.93591924288	2.50637103978	-1.13964113341	2.17904398802	2.71595195162	-0.78443736388	236
18	0.5	0.25	0.0	1.48703334468	2.58854219668	-1.16769885174	1.67502892937	2.7935375243	-0.840570591669	237
18	0.5	0.5	0.0	0.988735501316	2.6998730133	-1.16653245251	1.11902907957	2.87007175746	-0.87979768121	238
18	0.5	0.75	0.0	0.483415866577	2.8108201036	-1.13204669833	0.554415715801	2.9173527801	-0.900160657821	239
18	0.5	1.0	0.0	0.0134645942407	2.89184008148	-1.06014635178	0.0245601152782	2.90717872122	-0.899701546823	240
18	0.75	0.0	0.0	1.96867680801	2.53267106126	-1.44344624452	2.23943941864	2.72112229498	-1.18754520295	241
18	0.75	0.25	0.0	1.50470927632	2.62097845735	-1.48348449705	1.72858189084	2.80421241737	-1.25764977376	242
18	0.75	0.5	0.0	0.996685113904	2.72300139606	-1.49402077942	1.16525550369	2.88496117327	-1.30958281275	243
18	0.75	0.75	0.0	0.483263489862	2.8126490397	-1.46144990428	0.591072258922	2.92748507732	-1.3273759427	244
18	0.75	1.0	0.0	0.00310357329864	2.86383055059	-1.3721666843	0.0476441582541	2.89590064415	-1.29506078637	245
18	1.0	0.0	0.0	1.987452597	2.510905978	-1.692940575	2.29495475403	2.68364851339	-1.51394280419	246
18	1.0	0.25	0.0	1.50427481799	2.59707393009	-1.7466704673	1.76865326975	2.76789163082	-1.5959247716	247
18	1.0	0.5	0.0	0.979464572124	2.68943737373	-1.76336624674	1.18723056584	2.84280223734	-1.65404612193	248
18	1.0	0.75	0.0	0.455573662193	2.761968467	-1.72361762207	0.598139437042	2.87348403417	-1.66392517556	249
18	1.0	1.0	0.0	-0.024846109	2.788639368	-1.608014302	0.0488326781287	2.82504072254	-1.60118025288	250
19	0.0	0.0	0.0	3.758267234	1.522060422	-0.981865347	4.168677791	1.73467119707	-0.807197786464	251
19	0.0	0.25	0.0	3.24390187801	1.74384927138	-1.17862403208	3.68414993087	1.97189046715	-1.03263029088	252
19	0.0	0.5	0.0	2.81956450566	2.0500670073	-1.39035437315	3.23158292063	2.26098065478	-1.23255855945	253
19	0.0	0.75	0.0	2.42187483824	2.33949283957	-1.57560900815	2.77913258632	2.52416044264	-1.39649269596	254
19	0.0	1.0	0.0	1.987452597	2.510905978	-1.692940575	2.29495475403	2.68364851339	-1.51394280419	255
19	0.25	0.0	0.0	3.75331278779	1.42165276636	-1.09924019744	4.1917155689	1.61772190463	-0.9860382056	256
19	0.25	0.25	0.0	3.25569416216	1.63135596695	-1.31025628657	3.71800216572	1.84054996008	-1.23907078471	257
19	0.25	0.5	0.0	2.82546660699	1.92962729996	-1.54271048489	3.26870166103	2.12133632928	-1.47168103261	258
19	0.25	0.75	0.0	2.41352710984	2.21376430414	-1.74865497695	2.81343168165	2.38245950481	-1.66578937249	259
19	0.25	1.0	0.0	1.97077265825	2.38106451827	-1.88014194729	2.32180985435	2.54629797924	-1.80331622752	260
19	0.5	0.0	0.0	3.76549973893	1.29525679555	-1.2398914304	4.22431108833	1.45109968514	-1.19555018029	261
19	0.5	0.25	0.0	3.27925856896	1.48605919482	-1.46653156065	3.76371534578	1.65334025977	-1.48017920854	262
19	0.5	0.5	0.0	2.81951401927	1.74329287922	-1.70507303704	3.29972250207	1.90419985469	-1.74345845525	263
19	0.5	0.75	0.0	2.37177071095	1.98559373453	-1.91078094908	2.82163637092	2.13844875344	-1.96317337849	264
19	0.5	1.0	0.0	1.9215332651	2.13159764651	-2.03892038633	2.31876076602	2.29085723957	-2.11710943629	265
19	0.75	0.0	0.0	3.78076845635	1.16218819147	-1.37093291665	4.25361485674	1.26900429418	-1.39221804483	266
19	0.75	0.25	0.0	3.30197923078	1.33077807921	-1.61087008888	3.80407073143	1.44681662156	-1.70588622444	267
19	0.75	0.5	0.0	2.81228292445	1.53500613675	-1.84956200081	3.32261767051	1.65795693113	-1.99597123361	268
19	0.75	0.75	0.0	2.32985479202	1.72200320834	-2.0484022608	2.82016800199	1.85372619645	-2.23726245264	269
19	0.75	1.0	0.0	1.87287008816	1.83890013825	-2.1687844772	2.30763405391	1.98542539108	-2.40454926186	270
19	1.0	0.0	0.0	3.785059309	1.041762636	-1.459478527	4.26677738154	1.10563548737	-1.5325261335	271
19	1.0	0.25	0.0	3.31124027998	1.18833174436	-1.70669210581	3.82184958304	1.25753430081	-1.86612249447	272
19	1.0	0.5	0.0	2.8143495045	1.34870946422	-1.94829734744	3.3353593931	1.43099325874	-2.17729977389	273
19	1.0	0.75	0.0	2.32102850352	1.49001480322	-2.14793424834	2.82544792271	1.58988984175	-2.43667433362	274
19	1.0	1.0	0.0	1.857918798	1.579366769	-2.269242805	2.31025628286	1.69810153046	-2.61486253555	275
20	0.0	0.0	0.0	1.987452597	2.510905978	-1.692940575	2.29495475403	2.68364851339	-1.51394280419	276
20	0.0	0.25	0.0	1.50427481799	2.59707393009	-1.7466704673	1.76865326975	2.76789163082	-1.5959247716	277
20	0.0	0.5	0.0	0.979464572124	2.68943737373	-1.76336624674	1.18723056584	2.84280223734	-1.65404612193	278
20	0.0	0.75	0.0	0.455573662193	2.761968467	-1.72361762207	0.598139437042	2.87348403417	-1.66392517556	279
20	0.0	1.0	0.0	-0.024846109	2.788639368	-1.608014302	0.0488326781287	2.82504072254	-1.60118025288	280
20	0.25	0.0	0.0	1.97077265825	2.38106451827	-1.88014194729	2.32180985435	2.54629797924	-1.80331622752	281
20	0.25	0.25	0.0	1.48368826228	2.45776843388	-1.93807388457	1.78394824303	2.62578833112	-1.8924005208	282
20	0.25	0.5	0.0	0.949732788706	2.53486486079	-1.95400804293	1.18642014432	2.68283014232	-1.95098674921	283
20	0.25	0.75	0.0	0.419608132168	2.59359212229	-1.91237493556	0.585586057434	2.69740469271	-1.9571302622	284
20	0.25	1.0	0.0	-0.0559838126898	2.61518854164	-1.79760507561	0.0378064815898	2.64949326211	-1.88888640922	285
20	0.5	0.0	0.0	1.9215332651	2.13159764651	-2.03892038633	2.31876076602	2.29085723957	-2.11710943629	286
20	0.5	0.25	0.0	1.45069462354	2.19634260928	-2.08856075091	1.78352273435	2.3602979732	-2.20755315158	287
20	0.5	0.5	0.0	0.924585061318	2.25635379488	-2.09743130732	1.1841316276	2.40018188136	-2.26080809237	288
20	0.5	0.75	0.0	0.397664353929	2.30785200808	-2.06385210102	0.581603083084	2.40848434423	-2.2665012807	289
20	0.5	1.0	0.0	-0.0756077231453	2.3470580536	-1.98614317747	0.0369527381073	2.383180742	-2.21425973862	290
20	0.75	0.0	0.0	1.87287008816	1.83890013825	-2.1687844772	2.30763405391	1.98542539108	-2.40454926186	291
20	0.75	0.25	0.0	1.41928230474	1.89221850144	-2.21264071788	1.77848638459	2.04390703825	-2.49784169765	292
20	0.75	0.5	0.0	0.903049192221	1.93975686508	-2.22202725132	1.18008770311	2.0727887624	-2.55097670024	293
20	0.75	0.75	0.0	0.381008715061	1.99022831118	-2.20242775999	0.577626181064	2.08261306747	-2.55993808497	294
20	0.75	1.0	0.0	-0.0900011622781	2.05234592175	-2.15932592634	0.0362899900503	2.08392245741	-2.52070966721	295
20	1.0	0.0	0.0	1.857918798	1.579366769	-2.269242805	2.31025628286	1.69810153046	-2.61486253555	296
20	1.0	0.25	0.0	1.40343970886	1.62481815553	-2.32482343705	1.77994883459	1.74910200743	-2.7197251927	297
20	1.0	0.5	0.0	0.884152983674	1.67092676046	-2.35618708636	1.17401105825	1.77858209342	-2.78895912166	298
20	1.0	0.75	0.0	0.360907603152	1.72620121841	-2.352480554	0.565091018444	1.79568094119	-2.80534052895	299
20	1.0	1.0	0.0	-0.105447452	1.799150164	-2.302850641	0.0258367797877	1.8095377035	-2.75164562109	300
25	0.0	0.0	0.0	3.785059309	1.041762636	-1.459478527	4.26677738154	1.10563548737	-1.5325261335	301
25	0.0	0.25	0.0	3.31124027998	1.18833174436	-1.70669210581	3.82184958304	1.25753430081	-1.86612249447	302
25	0.0	0.5	0.0	2.8143495045	1.34870946422	-1.94829734744	3.3353593931	1.43099325874	-2.17729977389	303
25	0.0	0.75	0.0	2.32102850352	1.49001480322	-2.14793424834	2.82544792271	1.58988984175	-2.43667433362	304
25	0.0	1.0	0.0	1.857918798	1.579366769	-2.269242805	2.31025628286	1.69810153046	-2.61486253555	305
25	0.25	0.0	0.0	3.76125413034	0.7878744361	-1.4975785992	4.25998032487	0.758604827972	-1.63829885498	306
25	0.25	0.25	0.0	3.29442702993	0.880449286753	-1.7405781118	3.8147440006	0.847119457866	-1.98603618877	307
25	0.25	0.5	0.0	2.80938867197	0.970314282237	-1.98965817335	3.32683433317	0.946115465047	-2.3226191295	308
25	0.25	0.75	0.0	2.32438542901	1.0419462938	-2.20901268084	2.81642741371	1.03215624284	-2.61153515533	309
25	0.25	1.0	0.0	1.85766367359	1.07982219271	-2.36283553127	2.30369933332	1.08180518455	-2.81627174441	310
25	0.5	0.0	0.0	3.72133508527	0.461958114569	-1.43884630886	4.24171096487	0.308693290772	-1.62181638902	311
25	0.5	0.25	0.0	3.25895512342	0.484297948516	-1.66362798191	3.79673184856	0.319873412955	-1.96373344478	312
25	0.5	0.5	0.0	2.77142444685	0.499643949763	-1.90770260677	3.29313251718	0.338074611632	-2.30422784588	313
25	0.5	0.75	0.0	2.28442805726	0.503381750125	-2.14031511764	2.76698646835	0.347199636198	-2.60680194493	314
25	0.5	1.0	0.0	1.82365095633	0.490896981421	-2.33071044877	2.2543671997	0.331151236048	-2.83495809454	315
25	0.75	0.0	0.0	3.68045926606	0.130558369503	-1.33091952284	4.21956190329	-0.134927517907	-1.51469586249	316
25	0.75	0.25	0.0	3.21993163976	0.0801154440047	-1.53569533468	3.7778611655	-0.199658885162	-1.83843027592	317
25	0.75	0.5	0.0	2.72680419826	0.0225443393568	-1.76955232315	3.26331300696	-0.261767645955	-2.16683138003	318
25	0.75	0.75	0.0	2.23566352763	-0.0346307926748	-2.00131156578	2.72575317943	-0.323816121167	-2.4630724559	319
25	0.75	1.0	0.0	1.78109621391	-0.0838858003245	-2.19979414013	2.21501743469	-0.38836663168	-2.69032678463	320
25	1.0	0.0	0.0	3.653783765	-0.139780101	-1.221436108	4.20112574189	-0.463085991743	-1.34855440231	321
25	1.0	0.25	0.0	3.19246365826	-0.251860512431	-1.41663378861	3.76817999	-0.586932487727	-1.64934269558	322
25	1.0	0.5	0.0	2.70187529533	-0.375138676427	-1.64232899793	3.26643486436	-0.722049652163	-1.95513518892	323
25	1.0	0.75	0.0	2.21259897949	-0.481043299459	-1.85147203229	2.74135563975	-0.839727172266	-2.22094444172	324
25	1.0	1.0	0.0	1.755215014	-0.541003088	-1.997013188	2.23840759094	-0.91125473525	-2.40178301335	325
26	0.0	0.0	0.0	1.857918798	1.579366769	-2.269242805	2.31025628286	1.69810153046	-2.61486253555	326
26	0.0	0.25	0.0	1.40343970886	1.62481815553	-2.32482343705	1.77994883459	1.74910200743	-2.7197251927	327
26	0.0	0.5	0.0	0.884152983674	1.67092676046	-2.35618708636	1.17401105825	1.77858209342	-2.78895912166	328
26	0.0	0.75	0.0	0.360907603152	1.72620121841	-2.352480554	0.565091018444	1.79568094119	-2.80534052895	329
26	0.0	1.0	0.0	-0.105447452	1.799150164	-2.302850641	0.0258367797877	1.8095377035	-2.75164562109	330
26	0.25	0.0	0.0	1.85766367359	1.07982219271	-2.36283553127	2.30369933332	1.08180518455	-2.81627174441	331
26	0.25	0.25	0.0	1.38498921664	1.10278468475	-2.46494892225	1.76741560727	1.10473011212	-2.95229347607	332
26	0.25	0.5	0.0	0.847344052866	1.14227546545	-2.5420094126	1.15025143625	1.12871769341	-3.05350923742	333
26	0.25	0.75	0.0	0.312712839357	1.19516689572	-2.55809576724	0.532031316395	1.14744037963	-3.08060461585	334
26	0.25	1.0	0.0	-0.150919766794	1.25833133648	-2.4772867511	-0.00742025614056	1.15457062194	-2.99426519876	335
26	0.5	0.0	0.0	1.82365095633	0.490896981421	-2.33071044877	2.2543671997	0.331151236048	-2.83495809454	336
26	0.5	0.25	0.0	1.35119177537	0.482364150736	-2.46079825182	1.72445937984	0.311055903131	-2.98309443241	337
26	0.5	0.5	0.0	0.810804005364	0.498466954708	-2.53894471864	1.11906590064	0.311999040522	-3.07471352843	338
26	0.5	0.75	0.0	0.269772110426	0.533937718262	-2.55781178223	0.509258236053	0.321037253099	-3.09463582756	339
26	0.5	1.0	0.0	-0.204619445347	0.583508766326	-2.51006137558	-0.033892139963	0.325227145739	-3.02768177475	340
26	0.75	0.0	0.0	1.78109621391	-0.0838858003245	-2.19979414013	2.21501743469	-0.38836663168	-2.69032678463	341
26	0.75	0.25	0.0	1.31284840161	-0.118487554404	-2.33065139254	1.69021525096	-0.44113987071	-2.82881508426	342
26	0.75	0.5	0.0	0.776163632555	-0.134146198432	-2.39951038328	1.09410074046	-0.469074682918	-2.89891320981	343
26	0.75	0.75	0.0	0.233402598641	-0.125663465762	-2.42457186236	0.490200671112	-0.474754299133	-2.91147529593	344
26	0.75	1.0	0.0	-0.253074008226	-0.0878410897443	-2.42403657978	-0.0579581891881	-0.460761950184	-2.87735547727	345
26	1.0	0.0	0.0	1.755215014	-0.541003088	-1.997013188	2.23840759094	-0.91125473525	-2.40178301335	346
26	1.0	0.25	0.0	1.28076011195	-0.581814538543	-2.09278831115	1.70381831929	-0.961076460581	-2.50614245417	347
26	1.0	0.5	0.0	0.745053725822	-0.629211420626	-2.1762237853	1.08900224477	-1.01200429457	-2.57244949667	348
26	1.0	0.75	0.0	0.204921486284	-0.651813808145	-2.23131927105	0.468287515268	-1.03116013781	-2.59516415281	349
26	1.0	1.0	0.0	-0.282810976	-0.618241775	-2.242074429	-0.0839977213246	-0.985665890892	-2.56874643452	350
27	0.0	0.0	0.0	3.653783765	-0.139780101	-1.221436108	4.20112574189	-0.463085991743	-1.34855440231	351
27	0.0	0.25	0.0	3.19246365826	-0.251860512431	-1.41663378861	3.76817999	-0.586932487727	-1.64934269558	352
27	0.0	0.5	0.0	2.70187529533	-0.375138676427	-1.64232899793	3.26643486436	-0.722049652163	-1.95513518892	353
27	0.0	0.75	0.0	2.21259897949	-0.481043299459	-1.85147203229	2.74135563975	-0.839727172266	-2.22094444172	354
27	0.0	1.0	0.0	1.755215014	-0.541003088	-1.997013188	2.23840759094	-0.91125473525	-2.40178301335	355
27	0.25	0.0	0.0	3.659706702	-0.393426399649	-1.07455098331	4.16861910846	-0.715049350208	-1.05934407336	356
27	0.25	0.25	0.0	3.19795390167	-0.565674483526	-1.25156651688	3.73804125172	-0.886777838447	-1.31112091638	357
27	0.25	0.5	0.0	2.71427731698	-0.752398552928	-1.44982735796	3.25601570264	-1.08654824658	-1.56531190247	358
27	0.25	0.75	0.0	2.22772736999	-0.90469747502	-1.61337971211	2.75209791509	-1.25310391013	-1.77837900466	359
27	0.25	1.0	0.0	1.7573544828	-0.973670116966	-1.68626978488	2.25584334293	-1.32518816459	-1.90678419602	360
27	0.5	0.0	0.0	3.68997821414	-0.667978905504	-0.853119113149	4.11499153556	-0.959138484174	-0.634975033368	361
27	0.5	0.25	0.0	3.22982858751	-0.903231756877	-0.985919079524	3.67374091902	-1.17597050637	-0.803925960979	362
27	0.5	0.5	0.0	2.74802665445	-1.14793734009	-1.12527358344	3.19358127929	-1.42796348415	-0.97500484253	363
27	0.5	0.75	0.0	2.25796506819	-1.34690465385	-1.2318798675	2.69457672219	-1.6426632714	-1.1261084486	364
27	0.5	1.0	0.0	1.77303648192	-1.44494269688	-1.2664351743	2.19679135355	-1.74761572203	-1.23513354975	365
27	0.75	0.0	0.0	3.71958176721	-0.889758585357	-0.601517928166	4.0637399133	-1.13301190535	-0.18243124787	366
27	0.75	0.25	0.0	3.26112360038	-1.17235301537	-0.678248111368	3.60968892611	-1.38455451624	-0.260893085166	367
27	0.75	0.5	0.0	2.77925124728	-1.45798703961	-0.746639904175	3.12210406298	-1.67178137046	-0.342821505744	368
27	0.75	0.75	0.0	2.28471167554	-1.6934262656	-0.793254186516	2.61817824302	-1.92571600687	-0.430421087909	369
27	0.75	1.0	0.0	1.78825185282	-1.82543630086	-0.804651838321	2.11510438532	-2.07738196433	-0.525896409964	370
27	1.0	0.0	0.0	3.723500827	-0.985086406	-0.364124859	4.03836113177	-1.17432812545	0.191303317601	371
27	1.0	0.25	0.0	3.26487482492	-1.2808589419	-0.387110247255	3.58029520718	-1.44257389276	0.184842455257	372
27	1.0	0.5	0.0	2.78407903495	-1.57877965322	-0.391898549982	3.08455652239	-1.74348791111	0.172630611261	373
27	1.0	0.75	0.0	2.28936679351	-1.83002373992	-0.383784357218	2.57228865953	-2.01957286732	0.14239476301	374
27	1.0	1.0	0.0	1.788991437	-1.985766402	-0.368062259	2.06463520072	-2.21333144822	0.0818618878983	375
28	0.0	0.0	0.0	1.755215014	-0.541003088	-1.997013188	2.23840759094	-0.91125473525	-2.40178301335	376
28	0.0	0.25	0.0	1.28076011195	-0.581814538543	-2.09278831115	1.70381831929	-0.961076460581	-2.50614245417	377
28	0.0	0.5	0.0	0.745053725822	-0.629211420626	-2.1762237853	1.08900224477	-1.01200429457	-2.57244949667	378
28	0.0	0.75	0.0	0.204921486284	-0.651813808145	-2.23131927105	0.468287515268	-1.03116013781	-2.59516415281	379
28	0.0	1.0	0.0	-0.282810976	-0.618241775	-2.242074429	-0.0839977213246	-0.985665890892	-2.56874643452	380
28	0.25	0.0	0.0	1.7573544828	-0.973670116966	-1.68626978488	2.25584334293	-1.32518816459	-1.90678419602	381
28	0.25	0.25	0.0	1.26535253124	-1.0156467923	-1.73446162841	1.70801536457	-1.35901739522	-1.98377639982	382
28	0.25	0.5	0.0	0.723331031701	-1.08703256171	-1.82283574829	1.07242105145	-1.41621792362	-2.05390123659	383
28	0.25	0.75	0.0	0.184438877693	-1.13857678426	-1.8934238527	0.434333762962	-1.44348001093	-2.08745686564	384
28	0.25	1.0	0.0	-0.298175037286	-1.12102881904	-1.88825764984	-0.12097314147	-1.38749391829	-2.05474144625	385
28	0.5	0.0	0.0	1.77303648192	-1.44494269688	-1.2664351743	2.19679135355	-1.74761572203	-1.23513354975	386
28	0.5	0.25	0.0	1.26474219977	-1.49851538706	-1.28323135666	1.64912435212	-1.78523671049	-1.31620876713	387
28	0.5	0.5	0.0	0.715026155589	-1.57652793246	-1.33451098554	1.02281305407	-1.82944246623	-1.38620769195	388
28	0.5	0.75	0.0	0.173477278536	-1.64124669456	-1.37855087432	0.392516662268	-1.85398401582	-1.42374429371	389
28	0.5	1.0	0.0	-0.310315502222	-1.65493803485	-1.37362783641	-0.167105620422	-1.83261238583	-1.40743254191	390
28	0.75	0.0	0.0	1.78825185282	-1.82543630086	-0.804651838321	2.11510438532	-2.07738196433	-0.525896409964	391
28	0.75	0.25	0.0	1.26904955388	-1.90211490824	-0.798698041684	1.572518532	-2.14142540028	-0.61705690814	392
28	0.75	0.5	0.0	0.714904668012	-1.99202527705	-0.798273428422	0.963692724639	-2.18455083386	-0.687248111779	393
28	0.75	0.75	0.0	0.170320070959	-2.07002353786	-0.797933024536	0.347232861031	-2.21264461582	-0.727789494399	394
28	0.75	1.0	0.0	-0.320201361547	-2.11096582123	-0.792231856027	-0.218255161008	-2.2315930969	-0.730000529516	395
28	1.0	0.0	0.0	1.788991437	-1.985766402	-0.368062259	2.06463520072	-2.21333144822	0.0818618878983	396
28	1.0	0.25	0.0	1.26839502989	-2.09813994127	-0.340462229295	1.52357115433	-2.32927445847	6.18250852413e-05	397
28	1.0	0.5	0.0	0.717732139497	-2.22785233965	-0.301147008329	0.918574535172	-2.41441593794	-0.0749017451476	398
28	1.0	0.75	0.0	0.173250637106	-2.33510731296	-0.262802991949	0.302879007098	-2.46943427421	-0.123355525109	399
28	1.0	1.0	0.0	-0.328801606	-2.380108577	-0.238116576	-0.270281766056	-2.49500785488	-0.125626217106	400
33	0.0	0.0	0.0	3.723500827	-0.985086406	-0.364124859	4.03836113177	-1.17432812545	0.191303317601	401
33	0.0	0.25	0.0	3.26487482492	-1.2808589419	-0.387110247255	3.58029520718	-1.44257389276	0.184842455257	402
33	0.0	0.5	0.0	2.78407903495	-1.57877965322	-0.391898549982	3.08455652239	-1.74348791111	0.172630611261	403
33	0.0	0.75	0.0	2.28936679351	-1.83002373992	-0.383784357218	2.57228865953	-2.01957286732	0.14239476301	404
33	0.0	1.0	0.0	1.788991437	-1.985766402	-0.368062259	2.06463520072	-2.21333144822	0.0818618878983	405
33	0.25	0.0	0.0	3.67920104819	-0.918368516471	-0.177373286209	4.01154441012	-1.07754458612	0.452410613043	406
33	0.25	0.25	0.0	3.21826173858	-1.1878528164	-0.162305484918	3.55276539175	-1.33129559829	0.488484928169	407
33	0.25	0.5	0.0	2.7407717093	-1.46073540996	-0.122014220473	3.05731993745	-1.61467970738	0.52304467835	408
33	0.25	0.75	0.0	2.25067520279	-1.69574129652	-0.0708817194234	2.54644333329	-1.879431454	0.542056080464	409
33	0.25	1.0	0.0	1.75191646149	-1.85159547546	-0.0232902083197	2.04137086533	-2.07728537877	0.531485351389	410
33	0.5	0.0	0.0	3.59654046562	-0.745821704	0.0138424775259	3.95210380871	-0.89558165989	0.72759222788	411
33	0.5	0.25	0.0	3.13232893313	-0.963905469608	0.0630525670562	3.48779336646	-1.10956908093	0.801760386426	412
33	0.5	0.5	0.0	2.65761958408	-1.18330817066	0.144740099926	2.99843857014	-1.34934512046	0.884233996165	413
33	0.5	0.75	0.0	2.17241003327	-1.37598298952	0.2368690283	2.49856967224	-1.57442669332	0.955894006827	414
33	0.5	1.0	0.0	1.6766978955	-1.51388310857	0.317403304347	2.00271692529	-1.74433071437	0.997621368144	415
33	0.75	0.0	0.0	3.50952186274	-0.526925438279	0.172237765248	3.88050915497	-0.681432824602	0.970170282617	416
33	0.75	0.25	0.0	3.04233122027	-0.685453926074	0.248681458577	3.41025453584	-0.847988171367	1.07602066854	417
33	0.75	0.5	0.0	2.56544854382	-0.841095325109	0.360710459194	2.92676682298	-1.03433320003	1.19881521301	418
33	0.75	0.75	0.0	2.08075500252	-0.979715393696	0.483495070548	2.43856757226	-1.20892298194	1.31487474587	419
33	0.75	1.0	0.0	1.59013176551	-1.08717989015	0.59220559609	1.95417833952	-1.34021258842	1.40052009694	420
33	1.0	0.0	0.0	3.452148023	-0.321159189	0.26052791	3.81723027632	-0.488091558109	1.13346689776	421
33	1.0	0.25	0.0	2.98352341168	-0.428935210359	0.354298739556	3.3450243044	-0.617146700267	1.26261761301	422
33	1.0	0.5	0.0	2.49508447303	-0.528694263094	0.478242905314	2.86115909854	-0.756492995801	1.40940497719	423
33	1.0	0.75	0.0	2.0018938281	-0.615905083782	0.613023591916	2.37633692924	-0.887284716544	1.54996450135	424
33	1.0	1.0	0.0	1.519014098	-0.686036409	0.739303984	1.90126006699	-0.990676134331	1.66043169657	425
34	0.0	0.0	0.0	1.788991437	-1.985766402	-0.368062259	2.06463520072	-2.21333144822	0.0818618878983	426
34	0.0	0.25	0.0	1.26839502989	-2.09813994127	-0.340462229295	1.52357115433	-2.32927445847	6.18250852413e-05	427
34	0.0	0.5	0.0	0.717732139497	-2.22785233965	-0.301147008329	0.918574535172	-2.41441593794	-0.0749017451476	428
34	0.0	0.75	0.0	0.173250637106	-2.33510731296	-0.262802991949	0.302879007098	-2.46943427421	-0.123355525109	429
34	0.0	1.0	0.0	-0.328801606	-2.380108577	-0.238116576	-0.270281766056	-2.49500785488	-0.125626217106	430
34	0.25	0.0	0.0	1.75191646149	-1.85159547546	-0.0232902083197	2.04137086533	-2.07728537877	0.531485351389	431
34	0.25	0.25	0.0	1.23523897615	-1.98847942397	0.0448788658173	1.50289555378	-2.2308828971	0.497702523824	432
34	0.25	0.5	0.0	0.697983246843	-2.15221168568	0.14282304863	0.90352002079	-2.3723860591	0.46380604268	433
34	0.25	0.75	0.0	0.166182469851	-2.27743269299	0.233670611044	0.294336291163	-2.4630699816	0.443351372212	434
34	0.25	1.0	0.0	-0.334130158537	-2.29878287828	0.280549823989	-0.273563610291	-2.46420978144	0.449893976672	435
34	0.5	0.0	0.0	1.6766978955	-1.51388310857	0.317403304347	2.00271692529	-1.74433071437	0.997621368144	436
34	0.5	0.25	0.0	1.16507825766	-1.64997471852	0.437506135923	1.4750369065	-1.90122287117	1.02832761858	437
34	0.5	0.5	0.0	0.647802349468	-1.80785824664	0.611526172239	0.901051040145	-2.06819353389	1.06649888536	438
34	0.5	0.75	0.0	0.141490793787	-1.91642173595	0.764744024945	0.32104048622	-2.17542881898	1.09564318566	439
34	0.5	1.0	0.0	-0.337235786534	-1.90455322944	0.822440305691	-0.224713595262	-2.1531148429	1.09926853665	440
34	0.75	0.0	0.0	1.59013176551	-1.08717989015	0.59220559609	1.95417833952	-1.34021258842	1.40052009694	441
34	0.75	0.25	0.0	1.08746611033	-1.2004900023	0.754668028683	1.43998594804	-1.47548337926	1.4874238416	442
34	0.75	0.5	0.0	0.59012121226	-1.32371072229	0.988398068634	0.893106860011	-1.63037139812	1.59307662314	443
34	0.75	0.75	0.0	0.10975492943	-1.39740030295	1.19883163399	0.343550772914	-1.72957656384	1.67727560899	444
34	0.75	1.0	0.0	-0.341974880014	-1.36211699713	1.2914046428	-0.178672615794	-1.69779879528	1.6998179666	445
34	1.0	0.0	0.0	1.519014098	-0.686036409	0.739303984	1.90126006699	-0.990676134331	1.66043169657	446
34	1.0	0.25	0.0	1.03195577011	-0.757889452725	0.913612991759	1.39773341392	-1.08885341991	1.77047792514	447
34	1.0	0.5	0.0	0.547871600105	-0.828687812398	1.15687444395	0.861626747161	-1.18745268756	1.90343909627	448
34	1.0	0.75	0.0	0.0815541973006	-0.865694255123	1.40434782241	0.32242633189	-1.24857899367	2.03200433599	449
34	1.0	1.0	0.0	-0.352203829	-0.836171548	1.591292609	-0.190381566711	-1.23433739461	2.12886277032	450
35	0.0	0.0	0.0	3.452148023	-0.321159189	0.26052791	3.81723027632	-0.488091558109	1.13346689776	451
35	0.0	0.25	0.0	2.98352341168	-0.428935210359	0.354298739556	3.3450243044	-0.617146700267	1.26261761301	452
35	0.0	0.5	0.0	2.49508447303	-0.528694263094	0.478242905314	2.86115909854	-0.756492995801	1.40940497719	453
35	0.0	0.75	0.0	2.0018938281	-0.615905083782	0.613023591916	2.37633692924	-0.887284716544	1.54996450135	454
35	0.0	1.0	0.0	1.519014098	-0.686036409	0.739303984	1.90126006699	-0.990676134331	1.66043169657	455
35	0.25	0.0	0.0	3.42972555249	-0.0833304587052	0.285954473929	3.78606142226	-0.241717845941	1.21588983786	456
35	0.25	0.25	0.0	2.95056406831	-0.135449730033	0.395340343107	3.31609718567	-0.32725313132	1.36767824664	457
35	0.25	0.5	0.0	2.45105549128	-0.175418287754	0.536347521632	2.82730320586	-0.410309555326	1.53908930786	458
35	0.25	0.75	0.0	1.95271164552	-0.205952828072	0.687234203401	2.33619890862	-0.488949142585	1.7004523561	459
35	0.25	1.0	0.0	1.47704435517	-0.229770047192	0.826258582308	1.85930371978	-0.561233917725	1.82209672589	460
35	0.5	0.0	0.0	3.42807331865	0.207770149396	0.278520430982	3.79047075191	0.0944545710193	1.23853614791	461
35	0.5	0.25	0.0	2.92721509976	0.22372465742	0.404397396618	3.32090612269	0.0715239014638	1.41016560181	462
35	0.5	0.5	0.0	2.42900851226	0.251380581731	0.576952435267	2.82847895099	0.0605613680433	1.60842216859	463
35	0.5	0.75	0.0	1.94028201177	0.282053037038	0.757744683299	2.32960667373	0.0500174151584	1.79167571115	464
35	0.5	1.0	0.0	1.46786405394	0.307057138051	0.908333277086	1.84070672787	0.0283424872094	1.9182960924	465
35	0.75	0.0	0.0	3.44463431449	0.4987964243	0.244663155794	3.80816215973	0.450619127647	1.21413735775	466
35	0.75	0.25	0.0	2.92370568969	0.583095799303	0.379753527095	3.33151616919	0.497815247439	1.39253584718	467
35	0.75	0.5	0.0	2.43102086525	0.677356570732	0.571134384684	2.83350637968	0.562727708585	1.59594474845	468
35	0.75	0.75	0.0	1.95530324155	0.768178512125	0.769580549522	2.32804453709	0.624703056474	1.78105293201	469
35	0.75	1.0	0.0	1.48527621898	0.842161397019	0.925866842571	1.82904238734	0.663087836491	1.9045492683	470
35	1.0	0.0	0.0	3.476851533	0.736402155	0.190820023	3.81683954019	0.756969258816	1.15542499721	471
35	1.0	0.25	0.0	2.95026502172	0.87717154292	0.319692361546	3.3199923789	0.870251755959	1.31724515137	472
35	1.0	0.5	0.0	2.45916987953	1.02816390462	0.48997010835	2.81120553767	1.00279740058	1.48019823653	473
35	1.0	0.75	0.0	1.98847364957	1.17248959776	0.667767319979	2.30299681122	1.13019588115	1.62600238417	474
35	1.0	1.0	0.0	1.523083875	1.29325898	0.819198053	1.80788399426	1.22803688614	1.73637572579	475
36	0.0	0.0	0.0	1.519014098	-0.686036409	0.739303984	1.90126006699	-0.990676134331	1.66043169657	476
36	0.0	0.25	0.0	1.03195577011	-0.757889452725	0.913612991759	1.39773341392	-1.08885341991	1.77047792514	477
36	0.0	0.5	0.0	0.547871600105	-0.828687812398	1.15687444395	0.861626747161	-1.18745268756	1.90343909627	478
36	0.0	0.75	0.0	0.0815541973006	-0.865694255123	1.40434782241	0.32242633189	-1.24857899367	2.03200433599	479
36	0.0	1.0	0.0	-0.352203829	-0.836171548	1.591292609	-0.190381566711	-1.23433739461	2.12886277032	480
36	0.25	0.0	0.0	1.47704435517	-0.229770047192	0.826258582308	1.85930371978	-0.561233917725	1.82209672589	481
36	0.25	0.25	0.0	1.00771012784	-0.257602542573	0.989748850829	1.364192221	-0.626898040019	1.92716128933	482
36	0.25	0.5	0.0	0.531405306149	-0.285877625542	1.2064339144	0.832040017379	-0.678878545202	2.05142217719	483
36	0.25	0.75	0.0	0.0696069387956	-0.300270470798	1.4460408695	0.296128915809	-0.710318116326	2.18703622785	484
36	0.25	1.0	0.0	-0.356207925519	-0.286456253037	1.67829681259	-0.210259276827	-0.714359436438	2.32616027968	485
36	0.5	0.0	0.0	1.46786405394	0.307057138051	0.908333277086	1.84070672787	0.0283424872094	1.9182960924	486
36	0.5	0.25	0.0	1.00947992626	0.319363382512	1.06289786525	1.35352104457	-0.00872571421035	2.01880543389	487
36	0.5	0.5	0.0	0.538912152577	0.329178589758	1.26127419693	0.83274701564	-0.0442536768188	2.14049371498	488
36	0.5	0.75	0.0	0.081160572797	0.344101348539	1.46263397413	0.311539310271	-0.0638064957572	2.26084310841	489
36	0.5	1.0	0.0	-0.338774973175	0.371730247602	1.62614889889	-0.176947402342	-0.0529492661667	2.35733578693	490
36	0.75	0.0	0.0	1.48527621898	0.842161397019	0.925866842571	1.82904238734	0.663087836491	1.9045492683	491
36	0.75	0.25	0.0	1.03517078724	0.894425908767	1.07736533142	1.35067088554	0.662167548626	2.00657435972	492
36	0.75	0.5	0.0	0.570171325807	0.944955081013	1.26966599936	0.842437283074	0.646515167255	2.13712523754	493
36	0.75	0.75	0.0	0.11660408197	0.999230132179	1.43956822582	0.337603309272	0.645639667917	2.25103468111	494
36	0.75	1.0	0.0	-0.299204696993	1.06273228069	1.52387139024	-0.130569306526	0.689050026148	2.30313546976	495
36	1.0	0.0	0.0	1.523083875	1.29325898	0.819198053	1.80788399426	1.22803688614	1.73637572579	496
36	1.0	0.25	0.0	1.08268833266	1.38900262243	0.977456545732	1.34059274481	1.2822857396	1.85163206769	497
36	1.0	0.5	0.0	0.624962012259	1.48992609573	1.17988002954	0.839800360809	1.32352123669	2.00778827279	498
36	1.0	0.75	0.0	0.176326448981	1.59692480941	1.36228471408	0.343266706806	1.37270417458	2.15522064941	499
36	1.0	1.0	0.0	-0.236796822	1.710894173	1.460486809	-0.111248352652	1.45079535045	2.24430550589	500
41	0.0	0.0	0.0	3.476851533	0.736402155	0.190820023	3.81683954019	0.756969258816	1.15542499721	501
41	0.0	0.25	0.0	2.95026502172	0.87717154292	0.319692361546	3.3199923789	0.870251755959	1.31724515137	502
41	0.0	0.5	0.0	2.45916987953	1.02816390462	0.48997010835	2.81120553767	1.00279740058	1.48019823653	503
41	0.0	0.75	0.0	1.98847364957	1.17248959776	0.667767319979	2.30299681122	1.13019588115	1.62600238417	504
41	0.0	1.0	0.0	1.523083875	1.29325898	0.819198053	1.80788399426	1.22803688614	1.73637572579	505
41	0.25	0.0	0.0	3.50226119423	0.880973640545	0.139936574278	3.82267001776	0.942340677527	1.08417754396	506
41	0.25	0.25	0.0	2.98318904728	1.0388230234	0.256446788781	3.31932208354	1.07875315612	1.22458724076	507
41	0.25	0.5	0.0	2.49705953697	1.20629789439	0.409775466077	2.81084257186	1.22963004613	1.36142763742	508
41	0.25	0.75	0.0	2.03073448152	1.36473013498	0.570017994324	2.30856197291	1.37266882227	1.48385073303	509
41	0.25	1.0	0.0	1.57107569915	1.49545162661	0.707269761681	1.82381077686	1.48556695925	1.58100852667	510
41	0.5	0.0	0.0	3.53133826034	1.04982045045	0.0724564511866	3.84153626028	1.14835466182	0.97463535451	511
41	0.5	0.25	0.0	3.02276958625	1.21688378112	0.166834997683	3.3445275279	1.29962453468	1.08361287272	512
41	0.5	0.5	0.0	2.55086440062	1.40219485912	0.306962610911	2.84479796328	1.47030420306	1.20042403194	513
41	0.5	0.75	0.0	2.09858969426	1.57447004703	0.45170298789	2.35311309825	1.62994406346	1.3054995052	514
41	0.5	1.0	0.0	1.64891245798	1.70242570743	0.559919825642	1.88023846464	1.74809451242	1.37926996553	515
41	0.75	0.0	0.0	3.56826310878	1.21473224963	-0.00177155349834	3.86926656511	1.34330022283	0.846203648616	516
41	0.75	0.25	0.0	3.06423080102	1.38557887153	0.0661922406933	3.37957723567	1.50433059492	0.922445239646	517
41	0.75	0.5	0.0	2.60382029752	1.5826963643	0.189416094532	2.88919792806	1.68853311826	1.01986772251	518
41	0.75	0.75	0.0	2.16467299366	1.76009302133	0.313607917926	2.40762150531	1.85633221732	1.10589478519	519
41	0.75	1.0	0.0	1.72443028482	1.87177713604	0.384475620782	1.94434083045	1.96815231654	1.14795011567	520
41	1.0	0.0	0.0	3.617216117	1.347498703	-0.072898647	3.90168922963	1.4954663717	0.718287646041	521
41	1.0	0.25	0.0	3.10279685399	1.51913335009	-0.0301462297494	3.40843973053	1.66433604007	0.76920753393	522
41	1.0	0.5	0.0	2.63916305471	1.71464397544	0.0650204686222	2.92016868233	1.84803003865	0.842439011555	523
41	1.0	0.75	0.0	2.20161808558	1.87998274532	0.156518401683	2.44305851216	2.00614389645	0.899982657513	524
41	1.0	1.0	0.0	1.765465313	1.961101826	0.188264523	1.98329164711	2.09827314247	0.903839050404	525
42	0.0	0.0	0.0	1.523083875	1.29325898	0.819198053	1.80788399426	1.22803688614	1.73637572579	526
42	0.0	0.25	0.0	1.08268833266	1.38900262243	0.977456545732	1.34059274481	1.2822857396	1.85163206769	527
42	0.0	0.5	0.0	0.624962012259	1.48992609573	1.17988002954	0.839800360809	1.32352123669	2.00778827279	528
42	0.0	0.75	0.0	0.176326448981	1.59692480941	1.36228471408	0.343266706806	1.37270417458	2.15522064941	529
42	0.0	1.0	0.0	-0.236796822	1.710894173	1.460486809	-0.111248352652	1.45079535045	2.24430550589	530
42	0.25	0.0	0.0	1.57107569915	1.49545162661	0.707269761681	1.82381077686	1.48556695925	1.58100852667	531
42	0.25	0.25	0.0	1.12987739925	1.60715486167	0.853373728949	1.35848933329	1.56695908175	1.68837630063	532
42	0.25	0.5	0.0	0.670409016464	1.7339086255	1.04510308265	0.856202195685	1.64719496813	1.83649261357	533
42	0.25	0.75	0.0	0.218311155824	1.86683692794	1.22773333667	0.355827066264	1.72921795924	1.98455532602	534
42	0.25	1.0	0.0	-0.200775577635	1.99706377884	1.34654000488	-0.103758352772	1.81597139591	2.09176229853	535
42	0.5	0.0	0.0	1.64891245798	1.70242570743	0.559919825642	1.88023846464	1.74809451242	1.37926996553	536
42	0.5	0.25	0.0	1.19777447903	1.81150646043	0.66883767002	1.41144378326	1.83671203995	1.45410553844	537
42	0.5	0.5	0.0	0.727024231632	1.94672507917	0.823804416743	0.904774470229	1.93190074601	1.56273210087	538
42	0.5	0.75	0.0	0.262196241629	2.08870996955	0.976418415486	0.395718930015	2.02526398103	1.67230936396	539
42	0.5	1.0	0.0	-0.171174965137	2.21808953746	1.07827801592	-0.0802344329267	2.10840509543	1.74999703885	540
42	0.75	0.0	0.0	1.72443028482	1.87177713604	0.384475620782	1.94434083045	1.96815231654	1.14795011567	541
42	0.75	0.25	0.0	1.26164999933	1.96289686131	0.445644784527	1.47056830783	2.04827596527	1.17897568234	542
42	0.75	0.5	0.0	0.777113736048	2.09495617701	0.55343821702	0.959988949246	2.14182058108	1.23883380924	543
42	0.75	0.75	0.0	0.298170852678	2.24123672881	0.6664736012	0.442709839372	2.23627909918	1.3008458328	544
42	0.75	1.0	0.0	-0.14782929307	2.37502016234	0.743368620007	-0.0511619371256	2.31914445476	1.33833308944	545
42	1.0	0.0	0.0	1.765465313	1.961101826	0.188264523	1.98329164711	2.09827314247	0.903839050404	546
42	1.0	0.25	0.0	1.29677438749	2.0221655069	0.205591488054	1.5069751201	2.15838220876	0.89314263353	547
42	1.0	0.5	0.0	0.802983607996	2.1451826393	0.27145866869	0.996317397545	2.2411364841	0.917124813229	548
42	1.0	0.75	0.0	0.31642413525	2.3031100003	0.356032544481	0.476567335646	2.33770017292	0.952527802133	549
42	1.0	1.0	0.0	-0.13057287	2.468904367	0.429479595	-0.0270262093791	2.43923747964	0.976093812878	550
43	0.0	0.0	0.0	3.617216117	1.347498703	-0.072898647	3.90168922963	1.4954663717	0.718287646041	551
43	0.0	0.25	0.0	3.10279685399	1.51913335009	-0.0301462297494	3.40843973053	1.66433604007	0.76920753393	552
43	0.0	0.5	0.0	2.63916305471	1.71464397544	0.0650204686222	2.92016868233	1.84803003865	0.842439011555	553
43	0.0	0.75	0.0	2.20161808558	1.87998274532	0.156518401683	2.44305851216	2.00614389645	0.899982657513	554
43	0.0	1.0	0.0	1.765465313	1.961101826	0.188264523	1.98329164711	2.09827314247	0.903839050404	555
43	0.25	0.0	0.0	3.66339579359	1.44327574044	-0.135481139746	3.93719812352	1.59950014008	0.599566504966	556
43	0.25	0.25	0.0	3.13395717479	1.61663682249	-0.122436992756	3.4352984085	1.77649718686	0.624081418355	557
43	0.25	0.5	0.0	2.6598360429	1.80675983513	-0.0654075251572	2.94411550718	1.96170862408	0.664307885957	558
43	0.25	0.75	0.0	2.21570545312	1.95635877498	-0.0132332955619	2.46624700648	2.11116582457	0.688161204954	559
43	0.25	1.0	0.0	1.77623846065	2.00814763866	-0.0147548625828	2.00429049334	2.18090016109	0.663556672529	560
43	0.5	0.0	0.0	3.71221053615	1.55322230384	-0.216827611592	3.98513737267	1.71626832731	0.442436920079	561
43	0.5	0.25	0.0	3.16933486352	1.727393666	-0.242865411846	3.47582543602	1.90078508254	0.43138554114	562
43	0.5	0.5	0.0	2.68567745334	1.91269263582	-0.225363760477	2.9811579676	2.09337425718	0.438990057218	563
43	0.5	0.75	0.0	2.2344284508	2.05067191027	-0.208426909121	2.50075276236	2.24164431599	0.438299135101	564
43	0.5	1.0	0.0	1.78877800105	2.08288418632	-0.236159109409	2.03422761521	2.29320372373	0.402361441575	565
43	0.75	0.0	0.0	3.75368467089	1.64847590807	-0.303909100892	4.0314237694	1.81854182644	0.277504312614	566
43	0.75	0.25	0.0	3.20097395546	1.82309837152	-0.366231871896	3.51653573435	2.01003263308	0.231037026034	567
43	0.75	0.5	0.0	2.71100549393	2.01022932839	-0.386366328209	3.01957408168	2.21358368737	0.208552412176	568
43	0.75	0.75	0.0	2.25613139383	2.14953256223	-0.400692388772	2.53697539138	2.36972298089	0.18831263105	569
43	0.75	1.0	0.0	1.80870376267	2.18067185657	-0.44558997253	2.06517624348	2.41897850522	0.14857984266	570
43	1.0	0.0	0.0	3.777842524	1.700174068	-0.383696646	4.06197410599	1.87909153053	0.135374103803	571
43	1.0	0.25	0.0	3.22091848593	1.8754454299	-0.467336757785	3.54394422478	2.07707274442	0.0629529967837	572
43	1.0	0.5	0.0	2.73013837258	2.07715686369	-0.519933319221	3.04764186747	2.29289366407	0.0150618376688	573
43	1.0	0.75	0.0	2.27915859744	2.23955114189	-0.561659684296	2.56531450516	2.46754542943	-0.0238821241037	574
43	1.0	1.0	0.0	1.841635574	2.296871037	-0.612689207	2.08920960891	2.54201918044	-0.0694616390958	575
44	0.0	0.0	0.0	1.765465313	1.961101826	0.188264523	1.98329164711	2.09827314247	0.903839050404	576
44	0.0	0.25	0.0	1.29677438749	2.0221655069	0.205591488054	1.5069751201	2.15838220876	0.89314263353	577
44	0.0	0.5	0.0	0.802983607996	2.1451826393	0.27145866869	0.996317397545	2.2411364841	0.917124813229	578
44	0.0	0.75	0.0	0.31642413525	2.3031100003	0.356032544481	0.476567335646	2.33770017292	0.952527802133	579
44	0.0	1.0	0.0	-0.13057287	2.468904367	0.429479595	-0.0270262093791	2.43923747964	0.976093812878	580
44	0.25	0.0	0.0	1.77623846065	2.00814763866	-0.0147548625828	2.00429049334	2.18090016109	0.663556672529	581
44	0.25	0.25	0.0	1.30812894765	2.04581736183	-0.0195063479291	1.52751785376	2.21941955416	0.635621789527	582
44	0.25	0.5	0.0	0.813606170124	2.1673395318	0.0348319747415	1.01594938596	2.29504919416	0.652965275208	583
44	0.25	0.75	0.0	0.327943635956	2.33847586232	0.118981417717	0.495473750133	2.39531014031	0.689382762331	584
44	0.25	1.0	0.0	-0.113585146994	2.52498806717	0.203663293285	-0.00802039351206	2.50772345184	0.718669883658	585
44	0.5	0.0	0.0	1.78877800105	2.08288418632	-0.236159109409	2.03422761521	2.29320372373	0.402361441575	586
44	0.5	0.25	0.0	1.32366088955	2.1112869372	-0.256940083377	1.55626930816	2.31605910565	0.366973671987	587
44	0.5	0.5	0.0	0.832654125825	2.24027563316	-0.213508258806	1.039599119	2.3925677151	0.369939774005	588
44	0.5	0.75	0.0	0.350894645098	2.4196738319	-0.135263574955	0.515171106963	2.49587996724	0.390925695888	589
44	0.5	1.0	0.0	-0.0864806174028	2.59930509118	-0.0516059710839	0.0139393312871	2.59914627726	0.409597385897	590
44	0.75	0.0	0.0	1.80870376267	2.18067185657	-0.44558997253	2.06517624348	2.41897850522	0.14857984266	591
44	0.75	0.25	0.0	1.34968233181	2.21269292999	-0.474574739658	1.5834490763	2.4389178639	0.110845728144	592
44	0.75	0.5	0.0	0.86242570545	2.34930426773	-0.44160425257	1.05763179699	2.51803056687	0.0981663989709	593
44	0.75	0.75	0.0	0.382610541192	2.52819190965	-0.373729748745	0.525718118372	2.61743138642	0.0979302218563	594
44	0.75	1.0	0.0	-0.0540865033606	2.6870418956	-0.298002465661	0.025701753275	2.69823509482	0.0975255635165	595
44	1.0	0.0	0.0	1.841635574	2.296871037	-0.612689207	2.08920960891	2.54201918044	-0.0694616390958	596
44	1.0	0.25	0.0	1.39250539302	2.34415403719	-0.640275338137	1.59927675121	2.57861282958	-0.109114594766	597
44	1.0	0.5	0.0	0.905219139351	2.47973875988	-0.617498227168	1.06041262026	2.65577626944	-0.13223676054	598
44	1.0	0.75	0.0	0.420424702753	2.64551809613	-0.563444418865	0.517173496596	2.73798613055	-0.148830040709	599
44	1.0	1.0	0.0	-0.021230027	2.783384937	-0.497200458	0.014115660708	2.78971904344	-0.168896339563	600
49	0.0	0.0	0.0	5.033513745	0.404214198	-0.199999995	5.33416583296	0.409628271532	0.16708372368	601
49	0.0	0.25	0.0	4.93073011195	0.857008906162	-0.209720177143	5.21673601525	0.926525063809	0.203924450899	602
49	0.0	0.5	0.0	4.67954683319	1.23002307537	-0.241228577766	4.93976571991	1.34574564155	0.217025630796	603
49	0.0	0.75	0.0	4.29142920509	1.51412277339	-0.298046849755	4.54194754935	1.66427334903	0.197228452165	604
49	0.0	1.0	0.0	3.777842524	1.700174068	-0.383696646	4.06197410599	1.87909153053	0.135374103803	605
49	0.25	0.0	0.0	5.03012564172	0.403877000774	-0.20848763564	5.33577364979	0.406157948957	0.156887749979	606
49	0.25	0.25	0.0	4.92868052932	0.856087513691	-0.279288329137	5.22165255282	0.922945907182	0.105030616114	607
49	0.25	0.5	0.0	4.68074705567	1.23129902332	-0.345746784776	4.95231840192	1.34561015917	0.0657601356202	608
49	0.25	0.75	0.0	4.29663753175	1.51708930665	-0.419387970843	4.56302442277	1.67014066544	0.0149017572127	609
49	0.25	1.0	0.0	3.78666426855	1.70103614067	-0.511736855627	4.08902384103	1.89252738647	-0.0717190703938	610
49	0.5	0.0	0.0	5.0226718145	0.40261169646	-0.215285106498	5.33931084681	0.397999768874	0.146331946386	611
49	0.5	0.25	0.0	4.91998296121	0.841152056653	-0.342788742503	5.22639531259	0.90369297182	0.0178413482959	612
49	0.5	0.5	0.0	4.67040374401	1.20192500545	-0.45580516377	4.96137596682	1.31784273697	-0.0941598198312	613
49	0.5	0.75	0.0	4.28736512237	1.47786068225	-0.565725715818	4.58054364034	1.63858823859	-0.208144998185	614
49	0.5	1.0	0.0	3.78429805573	1.66188922642	-0.683941744168	4.12018916396	1.86406865093	-0.342587626955	615
49	0.75	0.0	0.0	5.01521798728	0.400037718667	-0.221702372856	5.34284804384	0.388532915312	0.136156347293	616
49	0.75	0.25	0.0	4.90906250046	0.814740875293	-0.40359138145	5.2304676679	0.868956859182	-0.0620960131022	617
49	0.75	0.5	0.0	4.65345591963	1.15398745195	-0.562733951213	4.96844315253	1.26840320638	-0.246834466683	618
49	0.75	0.75	0.0	4.26837843944	1.41558881266	-0.709826703302	4.59513979165	1.58253524718	-0.426646172775	619
49	0.75	1.0	0.0	3.77381025455	1.59735632146	-0.855566258875	4.14892287916	1.80701627182	-0.610118290704	620
49	1.0	0.0	0.0	5.011829884	0.395774501	-0.2290494	5.34445586067	0.381136572296	0.127100987088	621
49	1.0	0.25	0.0	4.90034423992	0.779392309856	-0.465066210186	5.23337299211	0.818928170724	-0.139234128628	622
49	1.0	0.5	0.0	4.63484260391	1.09957279297	-0.657863383568	4.97502469699	1.20325139885	-0.37636403606	623
49	1.0	0.75	0.0	4.24444394545	1.34942561035	-0.824457551916	4.60744746629	1.51490086989	-0.595336125305	624
49	1.0	1.0	0.0	3.758267234	1.522060422	-0.981865347	4.168677791	1.73467119707	-0.807197786464	625
50	0.0	0.0	0.0	5.011829884	0.395774501	-0.2290494	5.34445586067	0.381136572296	0.127100987088	626
50	0.0	0.25	0.0	4.90034423992	0.779392309856	-0.465066210186	5.23337299211	0.818928170724	-0.139234128628	627
50	0.0	0.5	0.0	4.63484260391	1.09957279297	-0.657863383568	4.97502469699	1.20325139885	-0.37636403606	628
50	0.0	0.75	0.0	4.24444394545	1.34942561035	-0.824457551916	4.60744746629	1.51490086989	-0.595336125305	629
50	0.0	1.0	0.0	3.758267234	1.522060422	-0.981865347	4.168677791	1.73467119707	-0.807197786464	630
50	0.25	0.0	0.0	5.01086637837	0.390637074792	-0.235911681207	5.34774193305	0.375615993887	0.117654427014	631
50	0.25	0.25	0.0	4.89302762349	0.735338564005	-0.521870215294	5.23703939093	0.759392229214	-0.214162341406	632
50	0.25	0.5	0.0	4.6165293838	1.02997063659	-0.746558612816	4.98089544139	1.11484113451	-0.498675799656	633
50	0.25	0.75	0.0	4.22281124376	1.26268985116	-0.931755673592	4.61916814664	1.41120394718	-0.750947302724	634
50	0.25	1.0	0.0	3.75331278779	1.42165276636	-1.09924019744	4.1917155689	1.61772190463	-0.9860382056	635
50	0.5	0.0	0.0	5.008746666	0.384576681615	-0.241796046459	5.35497129228	0.368712665867	0.106084648251	636
50	0.5	0.25	0.0	4.88542402255	0.679099760766	-0.573559134765	5.24220694055	0.689121314324	-0.289957228038	637
50	0.5	0.5	0.0	4.60081207455	0.936327004669	-0.835801364939	4.98457437236	0.997756151051	-0.630180411756	638
50	0.5	0.75	0.0	4.20935569051	1.14534911553	-1.05056478186	4.62947521314	1.262466	-0.927679772606	639
50	0.5	1.0	0.0	3.76549973893	1.29525679555	-1.2398914304	4.22431108833	1.45109968514	-1.19555018029	640
50	0.75	0.0	0.0	5.00662695363	0.37766097288	-0.246646513482	5.36220065151	0.36095402229	0.0955487677192	641
50	0.75	0.25	0.0	4.87936923009	0.61640123003	-0.617468390614	5.24703832171	0.612494852334	-0.359499134381	642
50	0.75	0.5	0.0	4.5894817351	0.833705848499	-0.914782124725	4.98708254148	0.86946642735	-0.752218509457	643
50	0.75	0.75	0.0	4.20170222505	1.01911983381	-1.15909965401	4.63753936758	1.09919436781	-1.09299594908	644
50	0.75	1.0	0.0	3.78076845635	1.16218819147	-1.37093291665	4.25361485674	1.26900429418	-1.39221804483	645
50	1.0	0.0	0.0	5.005663448	0.3699576	-0.2504071	5.36548672389	0.352867497208	0.0892039023338	646
50	1.0	0.25	0.0	4.87669903909	0.552968301683	-0.650933404857	5.2496962151	0.533892269526	-0.415668406292	647
50	1.0	0.5	0.0	4.5843294244	0.737171119356	-0.972691376959	4.98944100034	0.747441942296	-0.846130729854	648
50	1.0	0.75	0.0	4.19747578676	0.905718436352	-1.23557506733	4.64253131176	0.951896390063	-1.21435824628	649
50	1.0	1.0	0.0	3.785059309	1.041762636	-1.459478527	4.26677738154	1.10563548737	-1.5325261335	650
53	0.0	0.0	0.0	5.005663448	0.3699576	-0.2504071	5.36548672389	0.352867497208	0.0892039023338	651
53	0.0	0.25	0.0	4.87669903909	0.552968301683	-0.650933404857	5.2496962151	0.533892269526	-0.415668406292	652
53	0.0	0.5	0.0	4.5843294244	0.737171119356	-0.972691376959	4.98944100034	0.747441942296	-0.846130729854	653
53	0.0	0.75	0.0	4.19747578676	0.905718436352	-1.23557506733	4.64253131176	0.951896390063	-1.21435824628	654
53	0.0	1.0	0.0	3.785059309	1.041762636	-1.459478527	4.26677738154	1.10563548737	-1.5325261335	655
53	0.25	0.0	0.0	5.00246120503	0.357189416511	-0.253993180269	5.36386828794	0.338286343948	0.0848187234882	656
53	0.25	0.25	0.0	4.86982058172	0.446261280629	-0.676966383451	5.24697938012	0.396645177981	-0.465125653729	657
53	0.25	0.5	0.0	4.5693797771	0.565580234508	-1.0118264051	4.98423469396	0.519523816829	-0.925766574836	658
53	0.25	0.75	0.0	4.17517791777	0.688375034285	-1.27866616907	4.63533481402	0.656863340242	-1.3118942414	659
53	0.25	1.0	0.0	3.76125413034	0.7878744361	-1.4975785992	4.25998032487	0.758604827972	-1.63829885498	660
53	0.5	0.0	0.0	4.9954162705	0.344855352294	-0.254424920318	5.36030772885	0.321963746236	0.0826289665698	661
53	0.5	0.25	0.0	4.85554364717	0.335964661347	-0.66902186601	5.23857088997	0.253991345968	-0.462696486745	662
53	0.5	0.5	0.0	4.53981003983	0.371820838926	-0.990753570783	4.96602062516	0.255721441922	-0.921099039588	663
53	0.5	0.75	0.0	4.13335925152	0.423469963757	-1.24042629746	4.6109647212	0.287255076168	-1.30374892825	664
53	0.5	1.0	0.0	3.72133508527	0.461958114569	-1.43884630886	4.24171096487	0.308693290772	-1.62181638902	665
53	0.75	0.0	0.0	4.98837133597	0.332820661931	-0.251689600458	5.35674716975	0.305940522376	0.0836062695603	666
53	0.75	0.25	0.0	4.84141039101	0.228071004288	-0.635815862722	5.22931141447	0.119706872027	-0.418645346166	667
53	0.75	0.5	0.0	4.51054371375	0.179313616994	-0.930801359046	4.94521395363	0.000345284453006	-0.850595201769	668
53	0.75	0.75	0.0	4.09161283013	0.156744179061	-1.15603845667	4.58258678423	-0.0764356942297	-1.21501985472	669
53	0.75	1.0	0.0	3.68045926606	0.130558369503	-1.33091952284	4.21956190329	-0.134927517907	-1.51469586249	670
53	1.0	0.0	0.0	4.985169093	0.3209506	-0.245774501	5.3551287338	0.292257490675	0.0887222704414	671
53	1.0	0.25	0.0	4.83496296879	0.128572869904	-0.586064383778	5.22404162343	0.00756785469953	-0.343236672821	672
53	1.0	0.5	0.0	4.49650429999	0.0114792530966	-0.853298254923	4.93222983904	-0.202294188704	-0.732722139037	673
53	1.0	0.75	0.0	4.06953169569	-0.0660613655088	-1.06068565086	4.56336675405	-0.353716263022	-1.0708045687	674
53	1.0	1.0	0.0	3.653783765	-0.139780101	-1.221436108	4.20112574189	-0.463085991743	-1.34855440231	675
54	0.0	0.0	0.0	4.985169093	0.3209506	-0.245774501	5.3551287338	0.292257490675	0.0887222704414	676
54	0.0	0.25	0.0	4.83496296879	0.128572869904	-0.586064383778	5.22404162343	0.00756785469953	-0.343236672821	677
54	0.0	0.5	0.0	4.49650429999	0.0114792530966	-0.853298254923	4.93222983904	-0.202294188704	-0.732722139037	678
54	0.0	0.75	0.0	4.06953169569	-0.0660613655088	-1.06068565086	4.56336675405	-0.353716263022	-1.0708045687	679
54	0.0	1.0	0.0	3.653783765	-0.139780101	-1.221436108	4.20112574189	-0.463085991743	-1.34855440231	680
54	0.25	0.0	0.0	4.98834284972	0.309987086729	-0.236923452844	5.35696767516	0.280813879993	0.102106758861	681
54	0.25	0.25	0.0	4.83978124045	0.0347609069342	-0.51746431733	5.22232249684	-0.0873635045791	-0.236519992025	682
54	0.25	0.5	0.0	4.50446920053	-0.145835170913	-0.746237851439	4.92189514026	-0.366533793422	-0.550358061906	683
54	0.25	0.75	0.0	4.07893494828	-0.274373491534	-0.929761068867	4.54191690945	-0.570996053107	-0.828326429459	684
54	0.25	1.0	0.0	3.659706702	-0.393426399649	-1.07455098331	4.16861910846	-0.715049350208	-1.05934407336	685
54	0.5	0.0	0.0	4.9953251145	0.302110147309	-0.226278036202	5.36101334615	0.271880726266	0.122725744081	686
54	0.5	0.25	0.0	4.8503123657	-0.0457022838634	-0.430093967804	5.22045428468	-0.164674934389	-0.104938268968	687
54	0.5	0.5	0.0	4.52324454289	-0.296208666648	-0.600271886665	4.90575303155	-0.510227700044	-0.307033523406	688
54	0.5	0.75	0.0	4.10588028079	-0.490077905657	-0.740163149531	4.50717648308	-0.772481055154	-0.483674338463	689
54	0.5	1.0	0.0	3.68997821414	-0.667978905504	-0.853119113149	4.11499153556	-0.959138484174	-0.634975033368	690
54	0.75	0.0	0.0	5.00230737928	0.297362258984	-0.213915651709	5.36505901713	0.266076623636	0.145061697153	691
54	0.75	0.25	0.0	4.86039819379	-0.102599244518	-0.329106127037	5.2183634932	-0.213598317569	0.0425313681918	692
54	0.75	0.5	0.0	4.54077676287	-0.4108787138	-0.434242621511	4.88921537391	-0.604746489529	-0.0420152436448	693
54	0.75	0.75	0.0	4.13123923714	-0.661817907776	-0.526116200198	4.47265930027	-0.910255237153	-0.114896621338	694
54	0.75	1.0	0.0	3.71958176721	-0.889758585357	-0.601517928166	4.0637399133	-1.13301190535	-0.18243124787	695
54	1.0	0.0	0.0	5.005481136	0.295785899	-0.1999137	5.36689795849	0.26402016624	0.163597089125	696
54	1.0	0.25	0.0	4.86388057395	-0.125712517059	-0.219653586865	5.21597662869	-0.223365536958	0.196911791294	697
54	1.0	0.5	0.0	4.54501229632	-0.461082792062	-0.266992316891	4.87769402833	-0.621460742835	0.20543005727	698
54	1.0	0.75	0.0	4.13588336128	-0.738236797784	-0.321844528221	4.45187918637	-0.936402567098	0.199958396293	699
54	1.0	1.0	0.0	3.723500827	-0.985086406	-0.364124859	4.03836113177	-1.17432812545	0.191303317601	700
57	0.0	0.0	0.0	5.005481136	0.295785899	-0.1999137	5.36689795849	0.26402016624	0.163597089125	701
57	0.0	0.25	0.0	4.86388057395	-0.125712517059	-0.219653586865	5.21597662869	-0.223365536958	0.196911791294	702
57	0.0	0.5	0.0	4.54501229632	-0.461082792062	-0.266992316891	4.87769402833	-0.621460742835	0.20543005727	703
57	0.0	0.75	0.0	4.13588336128	-0.738236797784	-0.321844528221	4.45187918637	-0.936402567098	0.199958396293	704
57	0.0	1.0	0.0	3.723500827	-0.985086406	-0.364124859	4.03836113177	-1.17432812545	0.191303317601	705
57	0.25	0.0	0.0	5.00441575631	0.29755804686	-0.186435553781	5.36265607244	0.268952896557	0.182468206097	706
57	0.25	0.25	0.0	4.8578904331	-0.10826262715	-0.11879414681	5.20916622088	-0.189528928903	0.332475391619	707
57	0.25	0.5	0.0	4.52713701634	-0.428542350224	-0.122492590154	4.86464717735	-0.560151708154	0.403776374622	708
57	0.25	0.75	0.0	4.10371929253	-0.689753515589	-0.155896948418	4.43135466579	-0.852846555719	0.431908875099	709
57	0.25	1.0	0.0	3.67920104819	-0.918368516471	-0.177373286209	4.01154441012	-1.07754458612	0.452410613043	710
57	0.5	0.0	0.0	5.002071921	0.302586834345	-0.173885190857	5.35332392313	0.280934965446	0.206883104681	711
57	0.5	0.25	0.0	4.84590312368	-0.058245939711	-0.0229118338019	5.19588642264	-0.120624292839	0.456665758159	712
57	0.5	0.5	0.0	4.4922206458	-0.335431241624	0.0202587904348	4.84044871789	-0.445568586341	0.597797263217	713
57	0.5	0.75	0.0	4.04208094168	-0.555709640138	0.0132893411213	4.39114358716	-0.701390260283	0.673648969806	714
57	0.5	1.0	0.0	3.59654046562	-0.745821704	0.0138424775259	3.95210380871	-0.89558165989	0.72759222788	715
57	0.75	0.0	0.0	4.99972808569	0.310506329407	-0.162927007254	5.34399177381	0.295807741912	0.229705823942	716
57	0.75	0.25	0.0	4.83240834377	0.0141449356469	0.0590546847312	5.18073271616	-0.0317594661961	0.562001207814	717
57	0.75	0.5	0.0	4.45292118561	-0.208555447568	0.140024987204	4.81024033211	-0.30420205116	0.765214416501	718
57	0.75	0.75	0.0	3.97428592175	-0.381082884216	0.153310485573	4.3407530142	-0.520949881217	0.885789443577	719
57	0.75	1.0	0.0	3.50952186274	-0.526925438279	0.172237765248	3.88050915497	-0.681432824602	0.970170282617	720
57	1.0	0.0	0.0	4.998662706	0.3209506	-0.154225399	5.33974988776	0.309412594961	0.24380040295	721
57	1.0	0.25	0.0	4.82189579147	0.0987173893111	0.118166741362	5.16830058365	0.0619577135949	0.641000057481	722
57	1.0	0.5	0.0	4.42189663666	-0.0747209493643	0.215569162483	4.77916370218	-0.162542776377	0.88374952792	723
57	1.0	0.75	0.0	3.92365184578	-0.210850960608	0.231762630113	4.28969001064	-0.350441618948	1.02894105958	724
57	1.0	1.0	0.0	3.452148023	-0.321159189	0.26052791	3.81723027632	-0.488091558109	1.13346689776	725
58	0.0	0.0	0.0	4.998662706	0.3209506	-0.154225399	5.33974988776	0.309412594961	0.24380040295	726
58	0.0	0.25	0.0	4.82189579147	0.0987173893111	0.118166741362	5.16830058365	0.0619577135949	0.641000057481	727
58	0.0	0.5	0.0	4.42189663666	-0.0747209493643	0.215569162483	4.77916370218	-0.162542776377	0.88374952792	728
58	0.0	0.75	0.0	3.92365184578	-0.210850960608	0.231762630113	4.28969001064	-0.350441618948	1.02894105958	729
58	0.0	1.0	0.0	3.452148023	-0.321159189	0.26052791	3.81723027632	-0.488091558109	1.13346689776	730
58	0.25	0.0	0.0	4.99722764303	0.332521727984	-0.148678686096	5.33757884887	0.32355832583	0.249876449747	731
58	0.25	0.25	0.0	4.81700481509	0.192579740508	0.148744955614	5.1590556797	0.164119180234	0.686087377262	732
58	0.25	0.5	0.0	4.4092488646	0.0764576685604	0.246679543552	4.75546454917	0.00418581602614	0.946859822088	733
58	0.25	0.75	0.0	3.90360678069	-0.0155954203473	0.255593306672	4.25505121184	-0.137380336222	1.10064392777	734
58	0.25	1.0	0.0	3.42972555249	-0.0833304587052	0.285954473929	3.78606142226	-0.241717845941	1.21588983786	735
58	0.5	0.0	0.0	4.9940705045	0.344897839355	-0.146024498214	5.3328025633	0.341598563547	0.253695172194	736
58	0.5	0.25	0.0	4.81720113276	0.296581909416	0.156680168157	5.15258170047	0.282545747447	0.700373466251	737
58	0.5	0.5	0.0	4.41461410805	0.251703878349	0.250367091393	4.74638097183	0.210493225025	0.964812352992	738
58	0.5	0.75	0.0	3.91025598511	0.219140905296	0.251994452124	4.24780808607	0.142207373732	1.11990289326	739
58	0.5	1.0	0.0	3.42807331865	0.207770149396	0.278520430982	3.79047075191	0.0944545710193	1.23853614791	740
58	0.75	0.0	0.0	4.99091336597	0.357552081049	-0.146312635975	5.32802627773	0.359916931586	0.254571568999	741
58	0.75	0.25	0.0	4.82044754659	0.401231020283	0.144642176612	5.14991180528	0.403486023969	0.68776281065	742
58	0.75	0.5	0.0	4.42963071042	0.427402911211	0.228386953414	4.74854845843	0.423383808637	0.944259702835	743
58	0.75	0.75	0.0	3.93288543916	0.453960472872	0.222525883464	4.25695799174	0.434223703794	1.09580397529	744
58	0.75	1.0	0.0	3.44463431449	0.4987964243	0.244663155794	3.80816215973	0.450619127647	1.21413735775	745
58	1.0	0.0	0.0	4.989478303	0.3699576	-0.1495929	5.32585523884	0.374897053422	0.251820638867	746
58	1.0	0.25	0.0	4.82470685871	0.497034197353	0.115300778602	5.15207915344	0.513188618533	0.652159896661	747
58	1.0	0.5	0.0	4.4459370151	0.579939998356	0.182494277025	4.75860249727	0.609861924877	0.891854453819	748
58	1.0	0.75	0.0	3.96078112294	0.649465738931	0.168747417685	4.27149828723	0.684570846843	1.03743319309	749
58	1.0	1.0	0.0	3.476851533	0.736402155	0.190820023	3.81683954019	0.756969258816	1.15542499721	750
61	0.0	0.0	0.0	4.989478303	0.3699576	-0.1495929	5.32585523884	0.374897053422	0.251820638867	751
61	0.0	0.25	0.0	4.82470685871	0.497034197353	0.115300778602	5.15207915344	0.513188618533	0.652159896661	752
61	0.0	0.5	0.0	4.4459370151	0.579939998356	0.182494277025	4.75860249727	0.609861924877	0.891854453819	753
61	0.0	0.75	0.0	3.96078112294	0.649465738931	0.168747417685	4.27149828723	0.684570846843	1.03743319309	754
61	0.0	1.0	0.0	3.476851533	0.736402155	0.190820023	3.81683954019	0.756969258816	1.15542499721	755
61	0.25	0.0	0.0	4.99146080097	0.377886089317	-0.153379463926	5.32631888295	0.380205750061	0.243686813336	756
61	0.25	0.25	0.0	4.83041865987	0.56051263416	0.0897054681358	5.1563144291	0.585386096277	0.617731837775	757
61	0.25	0.5	0.0	4.45998998013	0.68128527543	0.144611976305	4.76974445658	0.731839973901	0.841823191946	758
61	0.25	0.75	0.0	3.98299680913	0.776130211449	0.12385177391	4.28554948094	0.843010471471	0.976969039469	759
61	0.25	1.0	0.0	3.50226119423	0.880973640545	0.139936574278	3.82267001776	0.942340677527	1.08417754396	760
61	0.5	0.0	0.0	4.9958222965	0.384681626126	-0.158077097415	5.3273389	0.381237742977	0.229425204316	761
61	0.5	0.25	0.0	4.84089037489	0.625465253957	0.0613483204545	5.16239723146	0.659751696151	0.576590699027	762
61	0.5	0.5	0.0	4.48308649405	0.796444371085	0.104328786509	4.78613388877	0.867872336615	0.779660594378	763
61	0.5	0.75	0.0	4.01552950539	0.927826821815	0.073739697752	4.30902239176	1.02445490997	0.893915332246	764
61	0.5	1.0	0.0	3.53133826034	1.04982045045	0.0724564511866	3.84153626028	1.14835466182	0.97463535451	765
61	0.75	0.0	0.0	5.00018379203	0.390569375122	-0.163872057196	5.32835891706	0.381361948081	0.214066269004	766
61	0.75	0.25	0.0	4.85393723455	0.686048917508	0.026503862875	5.169816248	0.727648957954	0.527152176231	767
61	0.75	0.5	0.0	4.51370404222	0.908064899604	0.0576498691559	4.80682523064	0.995528727402	0.704696589769	768
61	0.75	0.75	0.0	4.05873055398	1.07737383809	0.0185600381852	4.3398279685	1.19680967588	0.794960187827	769
61	0.75	1.0	0.0	3.56826310878	1.21473224963	-0.00177155349834	3.86926656511	1.34330022283	0.846203648616	770
61	1.0	0.0	0.0	5.00216629	0.395774501	-0.1709506	5.32882256117	0.383947281281	0.202640464595	771
61	1.0	0.25	0.0	4.86737446966	0.736420485579	-0.0185533772857	5.1780601662	0.780441421487	0.467831965204	772
61	1.0	0.5	0.0	4.55032011002	0.998794475266	0.000580385764413	4.83087291897	1.09237886064	0.616261106776	773
61	1.0	0.75	0.0	4.11295129712	1.19758952832	-0.0415383558177	4.37587715996	1.32798028272	0.68679172262	774
61	1.0	1.0	0.0	3.617216117	1.347498703	-0.072898647	3.90168922963	1.4954663717	0.718287646041	775
62	0.0	0.0	0.0	5.00216629	0.395774501	-0.1709506	5.32882256117	0.383947281281	0.202640464595	776
62	0.0	0.25	0.0	4.86737446966	0.736420485579	-0.0185533772857	5.1780601662	0.780441421487	0.467831965204	777
62	0.0	0.5	0.0	4.55032011002	0.998794475266	0.000580385764413	4.83087291897	1.09237886064	0.616261106776	778
62	0.0	0.75	0.0	4.11295129712	1.19758952832	-0.0415383558177	4.37587715996	1.32798028272	0.68679172262	779
62	0.0	1.0	0.0	3.617216117	1.347498703	-0.072898647	3.90168922963	1.4954663717	0.718287646041	780
62	0.25	0.0	0.0	5.00706432984	0.400614956807	-0.178848113955	5.32965744739	0.391481689158	0.193726177841	781
62	0.25	0.25	0.0	4.8822167227	0.780375892014	-0.0673511190189	5.18690579495	0.828250324553	0.407612618773	782
62	0.25	0.5	0.0	4.58544975937	1.06966109994	-0.0561269612654	4.85623285717	1.16711247917	0.528709291824	783
62	0.25	0.75	0.0	4.16357294722	1.28508843221	-0.0954216363045	4.41415738353	1.42016385152	0.583774489664	784
62	0.25	1.0	0.0	3.66339579359	1.44327574044	-0.135481139746	3.93719812352	1.59950014008	0.599566504966	785
62	0.5	0.0	0.0	5.0178400175	0.403124796404	-0.184565819258	5.33149419707	0.399918223311	0.18577157238	786
62	0.5	0.25	0.0	4.90272326144	0.817215618699	-0.10372155067	5.19861748651	0.874624154442	0.358535372672	787
62	0.5	0.5	0.0	4.62594616129	1.13986328537	-0.104504297739	4.88884651694	1.24624560148	0.441486961808	788
62	0.5	0.75	0.0	4.2187086189	1.38166608442	-0.15338325365	4.46381018133	1.52379088543	0.460747193155	789
62	0.5	1.0	0.0	3.71221053615	1.55322230384	-0.216827611592	3.98513737267	1.71626832731	0.442436920079	790
62	0.75	0.0	0.0	5.02861570516	0.40406941255	-0.190738263681	5.33333094674	0.406789534011	0.177362227798	791
62	0.75	0.25	0.0	4.92139431487	0.84380488397	-0.145299595594	5.20971948018	0.910427528433	0.29812954426	792
62	0.75	0.5	0.0	4.66093621836	1.19733821578	-0.160791533343	4.91969657795	1.31178704859	0.341842835281	793
62	0.75	0.75	0.0	4.26558510669	1.46533876985	-0.219549545564	4.51101406579	1.61358588457	0.328351343764	794
62	0.75	1.0	0.0	3.75368467089	1.64847590807	-0.303909100892	4.0314237694	1.81854182644	0.277504312614	795
62	1.0	0.0	0.0	5.033513745	0.404214198	-0.199999995	5.33416583296	0.409628271532	0.16708372368	796
62	1.0	0.25	0.0	4.93073011195	0.857008906162	-0.209720177143	5.21673601525	0.926525063809	0.203924450899	797
62	1.0	0.5	0.0	4.67954683319	1.23002307537	-0.241228577766	4.93976571991	1.34574564155	0.217025630796	798
62	1.0	0.75	0.0	4.29142920509	1.51412277339	-0.298046849755	4.54194754935	1.66427334903	0.197228452165	799
62	1.0	1.0	0.0	3.777842524	1.700174068	-0.383696646	4.06197410599	1.87909153053	0.135374103803	800
