Elem	xi[0]	xi[1]	xi[2]	Y[0]	Y[1]	Y[2]	y[0]	y[1]	y[2]	Index
1	0.0	0.0	0.0	-0.021230027	2.783384937	-0.497200458	0.038317351545	2.71813327764	-0.198703984093	1
1	0.0	0.25	0.0	-0.532116240092	2.92145247273	-0.43384988749	-0.517701868043	2.77326662822	-0.193329513415	2
1	0.0	0.5	0.0	-1.08876342883	3.07670653575	-0.392306601493	-1.0832134604	2.85739736257	-0.166882816619	3
1	0.0	0.75	0.0	-1.66327642915	3.23002637939	-0.362264303499	-1.65447900392	2.95023275686	-0.136016175512	4
1	0.0	1.0	0.0	-2.227760077	3.362291257	-0.333416697	-2.227760077	3.03148008725	-0.117381871901	5
1	0.25	0.0	0.0	0.00557428406247	2.86693564789	-0.744356533375	0.0376425579157	2.80384271808	-0.521413040374	6
1	0.25	0.25	0.0	-0.520720596361	2.95966105904	-0.665803292353	-0.520205389765	2.81456869163	-0.495222174393	7
1	0.25	0.5	0.0	-1.08943837777	3.04380630651	-0.593812738073	-1.08062796022	2.83964554948	-0.428830551376	8
1	0.25	0.75	0.0	-1.66959489231	3.1321419821	-0.517849771458	-1.64887740411	2.87522947274	-0.354823076988	9
1	0.25	1.0	0.0	-2.23020597213	3.23743867761	-0.427379293434	-2.23020597213	2.9174766425	-0.305784656897	10
1	0.5	0.0	0.0	0.0134645942407	2.89184008148	-1.06014635178	0.0506464577727	2.83898611942	-0.929813514377	11
1	0.5	0.25	0.0	-0.530213997136	2.94535453844	-0.954576790159	-0.523319806441	2.81238953888	-0.868036292558	12
1	0.5	0.5	0.0	-1.10603324442	2.98249890384	-0.845188134794	-1.09448317818	2.79271296763	-0.758564676942	13
1	0.5	0.75	0.0	-1.68836722345	3.01710695476	-0.715631151541	-1.6686408489	2.77938889281	-0.630550674757	14
1	0.5	1.0	0.0	-2.25159001008	3.06301246829	-0.549556606257	-2.25159001008	2.77184980156	-0.513146293235	15
1	0.75	0.0	0.0	0.00310357329864	2.86383055059	-1.3721666843	0.0625871520737	2.82141301869	-1.33628540208	16
1	0.75	0.25	0.0	-0.551228619467	2.88641723128	-1.23210396208	-0.52924914465	2.7660373177	-1.23171148335	17
1	0.75	0.5	0.0	-1.12984616196	2.89806460133	-1.08600478819	-1.11820515111	2.71777849827	-1.08151300005	18
1	0.75	0.75	0.0	-1.71382387665	2.89710186901	-0.908848571327	-1.70347094049	2.67238768	-0.901804261659	19
1	0.75	1.0	0.0	-2.28423658599	2.88185824257	-0.675614720201	-2.28423658599	2.62561598248	-0.708699577684	20
1	1.0	0.0	0.0	-0.024846109	2.788639368	-1.608014302	0.0587227417766	2.7489729529	-1.65320869945	21
1	1.0	0.25	0.0	-0.574396640406	2.79073345788	-1.43031838929	-0.540197430974	2.67482017583	-1.50618736221	22
1	1.0	0.5	0.0	-1.15217526358	2.79578367259	-1.25583469479	-1.14521991581	2.61602102266	-1.32310332742	23
1	1.0	0.75	0.0	-1.74019530596	2.7843072965	-1.0507421584	-1.74306928104	2.56390249721	-1.10718913053	24
1	1.0	1.0	0.0	-2.320470095	2.736821614	-0.78121972	-2.320470095	2.50979160332	-0.861677307017	25
2	0.0	0.0	0.0	-0.024846109	2.788639368	-1.608014302	0.0587227417766	2.7489729529	-1.65320869945	26
2	0.0	0.25	0.0	-0.574396640406	2.79073345788	-1.43031838929	-0.540197430974	2.67482017583	-1.50618736221	27
2	0.0	0.5	0.0	-1.15217526358	2.79578367259	-1.25583469479	-1.14521991581	2.61602102266	-1.32310332742	28
2	0.0	0.75	0.0	-1.74019530596	2.7843072965	-1.0507421584	-1.74306928104	2.56390249721	-1.10718913053	29
2	0.0	1.0	0.0	-2.320470095	2.736821614	-0.78121972	-2.320470095	2.50979160332	-0.861677307017	30
2	0.25	0.0	0.0	-0.0559838126898	2.61518854164	-1.79760507561	0.0453874388367	2.57532119023	-1.94504442608	31
2	0.25	0.25	0.0	-0.603299079169	2.62551315122	-1.61006677801	-0.561904693571	2.51236148485	-1.77975627338	32
2	0.25	0.5	0.0	-1.18117506629	2.64209953432	-1.40690817915	-1.18089111121	2.46616858464	-1.56113084977	33
2	0.25	0.75	0.0	-1.77730278552	2.64103938488	-1.16979049972	-1.79292842561	2.43356286377	-1.3004401201	34
2	0.25	1.0	0.0	-2.37937324828	2.59842439678	-0.88037496041	-2.37937324828	2.41136469642	-1.00895604921	35
2	0.5	0.0	0.0	-0.0756077231453	2.3470580536	-1.98614317747	0.0379708930137	2.30877836545	-2.26773849449	36
2	0.5	0.25	0.0	-0.639305964224	2.39605339044	-1.82383234934	-0.592159807369	2.28909980227	-2.11240626461	37
2	0.5	0.5	0.0	-1.22317404596	2.43751524484	-1.58971670667	-1.22790348681	2.27508447063	-1.85533566529	38
2	0.5	0.75	0.0	-1.83085859522	2.45565994121	-1.30535482907	-1.85670425932	2.27728666054	-1.53394051954	39
2	0.5	1.0	0.0	-2.4660062389	2.43470380396	-0.992305296121	-2.4660062389	2.30626066199	-1.18563465034	40
2	0.75	0.0	0.0	-0.0900011622781	2.05234592175	-2.15932592634	0.0319356420568	2.00881749967	-2.57010617719	41
2	0.75	0.25	0.0	-0.673675342777	2.14619140764	-2.0168925089	-0.623283058754	2.0382201617	-2.42023449438	42
2	0.75	0.5	0.0	-1.26933042419	2.22086638658	-1.75929039596	-1.27851836464	2.06822883346	-2.13195104152	43
2	0.75	0.75	0.0	-1.89166149878	2.26644707602	-1.43928016175	-1.9253514924	2.11619594552	-1.76295879112	44
2	0.75	1.0	0.0	-2.55536365882	2.27300969341	-1.10962238052	-2.55536365882	2.19947392844	-1.37096071571	45
2	1.0	0.0	0.0	-0.105447452	1.799150164	-2.302850641	0.0227442237152	1.73491161401	-2.80096274667	46
2	1.0	0.25	0.0	-0.697665262035	1.91976443489	-2.13452466235	-0.647594734115	1.79290759675	-2.61933812115	47
2	1.0	0.5	0.0	-1.31080242262	2.03098854198	-1.87065936562	-1.32499706673	1.87106182593	-2.31721024598	48
2	1.0	0.75	0.0	-1.9505102599	2.11167889983	-1.55341151308	-1.98982483505	1.97141277669	-1.94276339716	49
2	1.0	1.0	0.0	-2.6224401	2.140691923	-1.224937867	-2.6224401	2.09599892416	-1.54418185065	50
5	0.0	0.0	0.0	-0.105447452	1.799150164	-2.302850641	0.0227442237152	1.73491161401	-2.80096274667	51
5	0.0	0.25	0.0	-0.697665262035	1.91976443489	-2.13452466235	-0.647594734115	1.79290759675	-2.61933812115	52
5	0.0	0.5	0.0	-1.31080242262	2.03098854198	-1.87065936562	-1.32499706673	1.87106182593	-2.31721024598	53
5	0.0	0.75	0.0	-1.9505102599	2.11167889983	-1.55341151308	-1.98982483505	1.97141277669	-1.94276339716	54
5	0.0	1.0	0.0	-2.6224401	2.140691923	-1.224937867	-2.6224401	2.09599892416	-1.54418185065	55
5	0.25	0.0	0.0	-0.150919766794	1.25833133648	-2.4772867511	-0.0027610196014	1.08989516612	-3.05583268147	56
5	0.25	0.25	0.0	-0.747340017794	1.38615655629	-2.26185157234	-0.688907696877	1.16138868614	-2.82606915232	57
5	0.25	0.5	0.0	-1.3879135454	1.54405144461	-2.0103048883	-1.39959864576	1.31418628066	-2.54024138665	58
5	0.25	0.75	0.0	-2.05566780841	1.6761252432	-1.72384917032	-2.09458809306	1.4994865028	-2.21316907013	59
5	0.25	1.0	0.0	-2.7336302656	1.72648719381	-1.40368688975	-2.7336302656	1.66848790568	-1.85967188847	60
5	0.5	0.0	0.0	-0.204619445347	0.583508766326	-2.51006137558	-0.0269072876316	0.271747117857	-3.10690668632	61
5	0.5	0.25	0.0	-0.808598797456	0.714673392294	-2.34017170113	-0.721952836674	0.363833872971	-2.91665976169	62
5	0.5	0.5	0.0	-1.44198506884	0.903198990184	-2.08220364653	-1.42767223203	0.576532666447	-2.64551355003	63
5	0.5	0.75	0.0	-2.11156483355	1.07349838229	-1.7666381128	-2.13231349969	0.825545455387	-2.33197249645	64
5	0.5	1.0	0.0	-2.82412466565	1.14998439089	-1.42395600091	-2.82412466565	1.02657419689	-2.01454104609	65
5	0.75	0.0	0.0	-0.253074008226	-0.0878410897443	-2.42403657978	-0.0463282065004	-0.519864046607	-2.97380195969	66
5	0.75	0.25	0.0	-0.867767619388	0.0477270640531	-2.32283282424	-0.74526934744	-0.398747001815	-2.85038127913	67
5	0.75	0.5	0.0	-1.4903481861	0.251380087248	-2.07620678968	-1.43835022403	-0.154769938179	-2.61650501341	68
5	0.75	0.75	0.0	-2.15558923198	0.449698727952	-1.74217280726	-2.14840411039	0.12534810162	-2.33370148742	69
5	0.75	1.0	0.0	-2.89826428063	0.569263734277	-1.37874520811	-2.89826428063	0.354888074901	-2.06349902606	70
5	1.0	0.0	0.0	-0.282810976	-0.618241775	-2.242074429	-0.057657402333	-1.08526984309	-2.67613570003	71
5	1.0	0.25	0.0	-0.911172501956	-0.472270307263	-2.16318271721	-0.757396423108	-0.925344097265	-2.5865050345	72
5	1.0	0.5	0.0	-1.55033409034	-0.268456355641	-1.9821654671	-1.46076502027	-0.692592454694	-2.43669405409	73
5	1.0	0.75	0.0	-2.2251289003	-0.0493733089481	-1.71084772044	-2.18826298062	-0.425347091344	-2.25288385437	74
5	1.0	1.0	0.0	-2.960390091	0.142405444	-1.361054519	-2.960390091	-0.161940183182	-2.0612555309	75
6	0.0	0.0	0.0	-0.282810976	-0.618241775	-2.242074429	-0.057657402333	-1.08526984309	-2.67613570003	76
6	0.0	0.25	0.0	-0.911172501956	-0.472270307263	-2.16318271721	-0.757396423108	-0.925344097265	-2.5865050345	77
6	0.0	0.5	0.0	-1.55033409034	-0.268456355641	-1.9821654671	-1.46076502027	-0.692592454694	-2.43669405409	78
6	0.0	0.75	0.0	-2.2251289003	-0.0493733089481	-1.71084772044	-2.18826298062	-0.425347091344	-2.25288385437	79
6	0.0	1.0	0.0	-2.960390091	0.142405444	-1.361054519	-2.960390091	-0.161940183182	-2.0612555309	80
6	0.25	0.0	0.0	-0.298175037286	-1.12102881904	-1.88825764984	-0.0786575194106	-1.52760347116	-2.15000719412	81
6	0.25	0.25	0.0	-0.930828487048	-0.982239049616	-1.80587456924	-0.777746674063	-1.36423144496	-2.06960456297	82
6	0.25	0.5	0.0	-1.5939182361	-0.779235530819	-1.70569941952	-1.4970917327	-1.16235368295	-2.00483741979	83
6	0.25	0.75	0.0	-2.28545568146	-0.536137776893	-1.53997200677	-2.23841835988	-0.918354797429	-1.93742628315	84
6	0.25	1.0	0.0	-3.00345222014	-0.277065302082	-1.26093213712	-3.00345222014	-0.628619400739	-1.84909167159	85
6	0.5	0.0	0.0	-0.310315502222	-1.65493803485	-1.37362783641	-0.119956859151	-1.97023856925	-1.46764047312	86
6	0.5	0.25	0.0	-0.936429664606	-1.55468017739	-1.31835129343	-0.820867787439	-1.86306630955	-1.41180007564	87
6	0.5	0.5	0.0	-1.60059896185	-1.35393033638	-1.25495876659	-1.53504631898	-1.68807146152	-1.37518118103	88
6	0.5	0.75	0.0	-2.29757487114	-1.09086704654	-1.14842537681	-2.26721812324	-1.45184086541	-1.35320322901	89
6	0.5	1.0	0.0	-3.02210886966	-0.803668842613	-0.963726245048	-3.02210886966	-1.16096136146	-1.34128565931	90
6	0.75	0.0	0.0	-0.320201361547	-2.11096582123	-0.792231856027	-0.169129713243	-2.34668248987	-0.753313450359	91
6	0.75	0.25	0.0	-0.944355877832	-2.04269853603	-0.770331890189	-0.876407859451	-2.29568065989	-0.725453420928	92
6	0.75	0.5	0.0	-1.60455670516	-1.84021433359	-0.72971690252	-1.58272157159	-2.13459169409	-0.700581419896	93
6	0.75	0.75	0.0	-2.29938854389	-1.55859935162	-0.661638697459	-2.29681594984	-1.89747276226	-0.689083668111	94
6	0.75	1.0	0.0	-3.02743609435	-1.25293972784	-0.557349079447	-3.02743609435	-1.61838103418	-0.70134638642	95
6	1.0	0.0	0.0	-0.328801606	-2.380108577	-0.238116576	-0.213750373373	-2.59044258552	-0.13130403914	96
6	1.0	0.25	0.0	-0.970986969929	-2.299398971	-0.231535359917	-0.934014986316	-2.53590646484	-0.122926447258	97
6	1.0	0.5	0.0	-1.63997190359	-2.08576108373	-0.229747221508	-1.64821028301	-2.36676028433	-0.133894218493	98
6	1.0	0.75	0.0	-2.32879877421	-1.78437292585	-0.205042835595	-2.34936551879	-2.12691795497	-0.133936576589	99
6	1.0	1.0	0.0	-3.030509949	-1.440412508	-0.129712877	-3.030509949	-1.86029338773	-0.0927827452895	100
9	0.0	0.0	0.0	-0.328801606	-2.380108577	-0.238116576	-0.213750373373	-2.59044258552	-0.13130403914	101
9	0.0	0.25	0.0	-0.970986969929	-2.299398971	-0.231535359917	-0.934014986316	-2.53590646484	-0.122926447258	102
9	0.0	0.5	0.0	-1.63997190359	-2.08576108373	-0.229747221508	-1.64821028301	-2.36676028433	-0.133894218493	103
9	0.0	0.75	0.0	-2.32879877421	-1.78437292585	-0.205042835595	-2.34936551879	-2.12691795497	-0.133936576589	104
9	0.0	1.0	0.0	-3.030509949	-1.440412508	-0.129712877	-3.030509949	-1.86029338773	-0.0927827452895	105
9	0.25	0.0	0.0	-0.334130158537	-2.29878287828	0.280549823989	-0.214154835654	-2.54328160646	0.443033295122	106
9	0.25	0.25	0.0	-0.995064226723	-2.16913162276	0.290160646136	-0.947598673592	-2.43548847074	0.446008596778	107
9	0.25	0.5	0.0	-1.67726938276	-1.93535162389	0.300616766493	-1.68302343505	-2.25407560947	0.447749908142	108
9	0.25	0.75	0.0	-2.3645061702	-1.610626823	0.327282110136	-2.39060897104	-2.01271020924	0.486525206162	109
9	0.25	1.0	0.0	-3.04053513258	-1.20814116142	0.385520602143	-3.04053513258	-1.72505945664	0.600602467786	110
9	0.5	0.0	0.0	-0.337235786534	-1.90455322944	0.822440305691	-0.174450805809	-2.20898543177	1.08740577516	111
9	0.5	0.25	0.0	-0.991854338678	-1.72488302167	0.833728747849	-0.909130747254	-2.05073158609	1.08717787847	112
9	0.5	0.5	0.0	-1.66671548444	-1.46018908789	0.882636953481	-1.65131336153	-1.85633881893	1.1421911866	113
9	0.5	0.75	0.0	-2.35491748886	-1.1098553974	0.915894451153	-2.37384165074	-1.60256380921	1.22387281063	114
9	0.5	1.0	0.0	-3.04955861699	-0.673265919489	0.880230769429	-3.04955861699	-1.26616323582	1.30364986166	115
9	0.75	0.0	0.0	-0.341974880014	-1.36211699713	1.2914046428	-0.140189097828	-1.73288068273	1.67967639002	116
9	0.75	0.25	0.0	-0.974912398399	-1.15511933398	1.33355445326	-0.868831012348	-1.5499863947	1.69999881984	117
9	0.75	0.5	0.0	-1.62859327778	-0.861453928187	1.39492105912	-1.60382860064	-1.33467305953	1.7870215093	118
9	0.75	0.75	0.0	-2.31490193032	-0.492967778102	1.38370015349	-2.33338985511	-1.0625169257	1.85880466277	119
9	0.75	1.0	0.0	-3.04572276815	-0.0615078820653	1.2080874295	-3.04572276815	-0.70909424166	1.83340848465	120
9	1.0	0.0	0.0	-0.352203829	-0.836171548	1.591292609	-0.156920525702	-1.26029398057	2.09770812875	121
9	1.0	0.25	0.0	-0.957793498487	-0.648306725933	1.72402327041	-0.876919273921	-1.10160348041	2.18388884292	122
9	1.0	0.5	0.0	-1.58318583195	-0.340326597224	1.71607680307	-1.59131769059	-0.850201478123	2.21983276868	123
9	1.0	0.75	0.0	-2.25932869469	0.0291269058478	1.5536051832	-2.3035798814	-0.55860772956	2.17201918855	124
9	1.0	1.0	0.0	-3.017169952	0.401411851	1.222760387	-3.017169952	-0.279341990575	2.00692738503	125
10	0.0	0.0	0.0	-0.352203829	-0.836171548	1.591292609	-0.156920525702	-1.26029398057	2.09770812875	126
10	0.0	0.25	0.0	-0.957793498487	-0.648306725933	1.72402327041	-0.876919273921	-1.10160348041	2.18388884292	127
10	0.0	0.5	0.0	-1.58318583195	-0.340326597224	1.71607680307	-1.59131769059	-0.850201478123	2.21983276868	128
10	0.0	0.75	0.0	-2.25932869469	0.0291269058478	1.5536051832	-2.3035798814	-0.55860772956	2.17201918855	129
10	0.0	1.0	0.0	-3.017169952	0.401411851	1.222760387	-3.017169952	-0.279341990575	2.00692738503	130
10	0.25	0.0	0.0	-0.356207925519	-0.286456253037	1.67829681259	-0.180198819386	-0.729713827775	2.28557152516	131
10	0.25	0.25	0.0	-0.944254395234	-0.135526249479	1.85277206263	-0.887314437276	-0.606775381601	2.40220041622	132
10	0.25	0.5	0.0	-1.55744075785	0.161239307596	1.77695892897	-1.5903030593	-0.336296686814	2.37762182835	133
10	0.25	0.75	0.0	-2.22516518329	0.512406085021	1.5177926688	-2.28739631688	-0.0391876818534	2.23432163057	134
10	0.25	1.0	0.0	-2.97682584146	0.826539749627	1.14220853933	-2.97682584146	0.163641694837	1.99478569189	135
10	0.5	0.0	0.0	-0.338774973175	0.371730247602	1.62614889889	-0.156455497273	-0.0503777722137	2.30924735763	136
10	0.5	0.25	0.0	-0.921518913791	0.522007623436	1.72253120842	-0.843090108896	0.0816545633016	2.37209061028	137
10	0.5	0.5	0.0	-1.54216387634	0.809154433998	1.64863918252	-1.55092547285	0.353952877324	2.35099463366	138
10	0.5	0.75	0.0	-2.20844182751	1.14304869502	1.44454014345	-2.25443315819	0.646544197122	2.23451818601	139
10	0.5	1.0	0.0	-2.92808473399	1.43356842223	1.15030141346	-2.92808473399	0.839455549965	2.01122002559	140
10	0.75	0.0	0.0	-0.299204696993	1.06273228069	1.52387139024	-0.120334424439	0.696690141949	2.24349776638	141
10	0.75	0.25	0.0	-0.882962269968	1.23007478647	1.52261434664	-0.781361635167	0.848453095901	2.24065409426	142
10	0.75	0.5	0.0	-1.516802778	1.49253139462	1.45419190203	-1.48900106149	1.09130793375	2.21877736769	143
10	0.75	0.75	0.0	-2.18210026454	1.78739507068	1.31843877593	-2.19728075643	1.34795181021	2.13871943753	144
10	0.75	1.0	0.0	-2.86022877303	2.05195878021	1.11518968786	-2.86022877303	1.54108187997	1.96133215466	145
10	1.0	0.0	0.0	-0.236796822	1.710894173	1.460486809	-0.106479465961	1.43046587055	2.1630848916	146
10	1.0	0.25	0.0	-0.821959679578	1.89445513328	1.4423351162	-0.73924436248	1.5783869578	2.15498553734	147
10	1.0	0.5	0.0	-1.4608050534	2.10048280209	1.31669142584	-1.42034595544	1.74652920193	2.05979621352	148
10	1.0	0.75	0.0	-2.11908213153	2.31178554685	1.12407973506	-2.10852946267	1.91439906024	1.91303596776	149
10	1.0	1.0	0.0	-2.762540102	2.511171735	0.905024041	-2.762540102	2.06150299001	1.75022384765	150
13	0.0	0.0	0.0	-0.236796822	1.710894173	1.460486809	-0.106479465961	1.43046587055	2.1630848916	151
13	0.0	0.25	0.0	-0.821959679578	1.89445513328	1.4423351162	-0.73924436248	1.5783869578	2.15498553734	152
13	0.0	0.5	0.0	-1.4608050534	2.10048280209	1.31669142584	-1.42034595544	1.74652920193	2.05979621352	153
13	0.0	0.75	0.0	-2.11908213153	2.31178554685	1.12407973506	-2.10852946267	1.91439906024	1.91303596776	154
13	0.0	1.0	0.0	-2.762540102	2.511171735	0.905024041	-2.762540102	2.06150299001	1.75022384765	155
13	0.25	0.0	0.0	-0.200775577635	1.99706377884	1.34654000488	-0.0987535393648	1.76705495462	2.00559875514	156
13	0.25	0.25	0.0	-0.783614999908	2.18262153717	1.34978509091	-0.720132221086	1.90190414708	2.013936182	157
13	0.25	0.5	0.0	-1.41482659867	2.37635853326	1.21079756128	-1.37843093804	2.04574723088	1.9000225728	158
13	0.25	0.75	0.0	-2.06112049269	2.56320425131	0.997103999819	-2.04450427099	2.18132033454	1.73361387971	159
13	0.25	1.0	0.0	-2.68920680072	2.72808817552	0.776230990385	-2.68920680072	2.29135958659	1.58446605489	160
13	0.5	0.0	0.0	-0.171174965137	2.21808953746	1.07827801592	-0.073796137919	2.03260702247	1.67275656183	161
13	0.5	0.25	0.0	-0.747482143602	2.40783420703	1.09277219685	-0.689075935222	2.16265602147	1.6843755071	162
13	0.5	0.5	0.0	-1.36301670581	2.63111620944	1.00127747753	-1.32776447619	2.32554016889	1.61741950343	163
13	0.5	0.75	0.0	-1.98963157665	2.84449523825	0.853272244519	-1.9708147338	2.47676365793	1.51258832912	164
13	0.5	1.0	0.0	-2.59917968102	3.00453098704	0.698234884404	-2.59917968102	2.57183068176	1.41058176244	165
13	0.75	0.0	0.0	-0.14782929307	2.37502016234	0.743368620007	-0.0429837457216	2.22498352922	1.27400387679	166
13	0.75	0.25	0.0	-0.71423324604	2.57950001793	0.773131437689	-0.655145153329	2.36272772994	1.28936146107	167
13	0.75	0.5	0.0	-1.31287619935	2.84106826099	0.75207645464	-1.27906613777	2.55425921372	1.28853009114	168
13	0.75	0.75	0.0	-1.91959280826	3.09369692495	0.69395528664	-1.90175442176	2.73480657146	1.26705024819	169
13	0.75	1.0	0.0	-2.51021772806	3.27135804329	0.612519549471	-2.51021772806	2.83959839407	1.22046241341	170
13	1.0	0.0	0.0	-0.13057287	2.468904367	0.429479595	-0.0176928468707	2.34204593002	0.918786265139	171
13	1.0	0.25	0.0	-0.684540442603	2.70702584499	0.492697817073	-0.627409523852	2.5042044215	0.951951992358	172
13	1.0	0.5	0.0	-1.27190590382	2.98252711828	0.527139772656	-1.2430554906	2.70025556309	0.98989742164	173
13	1.0	0.75	0.0	-1.86598161238	3.24884772867	0.520523943661	-1.85161690552	2.88952661616	1.01409056912	174
13	1.0	1.0	0.0	-2.440079927	3.459427218	0.460568812	-2.440079927	3.03134484206	1.00599945093	175
14	0.0	0.0	0.0	-0.13057287	2.468904367	0.429479595	-0.0176928468707	2.34204593002	0.918786265139	176
14	0.0	0.25	0.0	-0.684540442603	2.70702584499	0.492697817073	-0.627409523852	2.5042044215	0.951951992358	177
14	0.0	0.5	0.0	-1.27190590382	2.98252711828	0.527139772656	-1.2430554906	2.70025556309	0.98989742164	178
14	0.0	0.75	0.0	-1.86598161238	3.24884772867	0.520523943661	-1.85161690552	2.88952661616	1.01409056912	179
14	0.0	1.0	0.0	-2.440079927	3.459427218	0.460568812	-2.440079927	3.03134484206	1.00599945093	180
14	0.25	0.0	0.0	-0.113585146994	2.52498806717	0.203663293285	0.000693750942868	2.41498808899	0.663896684087	181
14	0.25	0.25	0.0	-0.653259037881	2.77507873783	0.285156112157	-0.601192596889	2.58268213524	0.702678925385	182
14	0.25	0.5	0.0	-1.23042118356	3.04429335451	0.33141627935	-1.20998545619	2.7660048097	0.736532262004	183
14	0.25	0.75	0.0	-1.81701310632	3.30187175802	0.328429063846	-1.80985623176	2.94698554039	0.759492966006	184
14	0.25	1.0	0.0	-2.38497632842	3.51705378918	0.262179734625	-2.38497632842	3.10765375535	0.765597309449	185
14	0.5	0.0	0.0	-0.0864806174028	2.59930509118	-0.0516059710839	0.0224512217001	2.5109756976	0.360772449267	186
14	0.5	0.25	0.0	-0.608698101281	2.82757983603	0.0273914180084	-0.564199198653	2.65418041107	0.387588437668	187
14	0.5	0.5	0.0	-1.17142785027	3.08205398767	0.0712892945003	-1.16122127863	2.8198504452	0.411468294993	188
14	0.5	0.75	0.0	-1.74956134916	3.32219387016	0.0726855787184	-1.75151743454	2.9863104012	0.43214428713	189
14	0.5	1.0	0.0	-2.3179900827	3.50746580758	0.0241781909895	-2.3179900827	3.13188488027	0.449348679967	190
14	0.75	0.0	0.0	-0.0540865033606	2.6870418956	-0.298002465661	0.0381392077758	2.61652025932	0.0572825600751	191
14	0.75	0.25	0.0	-0.563952284714	2.87341059565	-0.229357002748	-0.531384049064	2.71795624379	0.0683593508533	192
14	0.75	0.5	0.0	-1.11688792501	3.0935960405	-0.190774044809	-1.11341369951	2.85318408953	0.086423831741	193
14	0.75	0.75	0.0	-1.6896434278	3.30113757424	-0.179835785728	-1.69394389741	2.99241990468	0.108242063092	194
14	0.75	1.0	0.0	-2.25896879664	3.44957454094	-0.194124419391	-2.25896879664	3.10587979739	0.130580105259	195
14	1.0	0.0	0.0	-0.021230027	2.783384937	-0.497200458	0.038317351545	2.71813327764	-0.198703984093	196
14	1.0	0.25	0.0	-0.532116240092	2.92145247273	-0.43384988749	-0.517701868043	2.77326662822	-0.193329513415	197
14	1.0	0.5	0.0	-1.08876342883	3.07670653575	-0.392306601493	-1.0832134604	2.85739736257	-0.166882816619	198
14	1.0	0.75	0.0	-1.66327642915	3.23002637939	-0.362264303499	-1.65447900392	2.95023275686	-0.136016175512	199
14	1.0	1.0	0.0	-2.227760077	3.362291257	-0.333416697	-2.227760077	3.03148008725	-0.117381871901	200
17	0.0	0.0	0.0	3.777842524	1.700174068	-0.383696646	4.04943057646	1.86706753071	0.0485861426946	201
17	0.0	0.25	0.0	3.22091848593	1.8754454299	-0.467336757785	3.52200821435	2.04595058185	-0.0106638481736	202
17	0.0	0.5	0.0	2.73013837258	2.07715686369	-0.519933319221	3.02282953986	2.23941819828	-0.0522926095349	203
17	0.0	0.75	0.0	2.27915859744	2.23955114189	-0.561659684296	2.54130903013	2.39277920061	-0.0885492318924	204
17	0.0	1.0	0.0	1.841635574	2.296871037	-0.612689207	2.06686116234	2.45134240948	-0.131682805749	205
17	0.25	0.0	0.0	3.78666426855	1.70103614067	-0.511736855627	4.07036871134	1.87612706612	-0.149965295797	206
17	0.25	0.25	0.0	3.23234352813	1.88579920586	-0.617862763626	3.545214607	2.06654018216	-0.24163927862	207
17	0.25	0.5	0.0	2.75145780619	2.11808408924	-0.710378084345	3.0518592262	2.27965720028	-0.320492922312	208
17	0.25	0.75	0.0	2.31462777306	2.32379340121	-0.78624430207	2.57630594904	2.46379978964	-0.387879458624	209
17	0.25	1.0	0.0	1.89247409906	2.42882975216	-0.842422901089	2.10455815562	2.56728961939	-0.445152119307	210
17	0.5	0.0	0.0	3.78429805573	1.66188922642	-0.683941744168	4.09407945712	1.84453035895	-0.409502982102	211
17	0.5	0.25	0.0	3.23873605218	1.86487545991	-0.823933441004	3.57679951814	2.05013099321	-0.544970528949	212
17	0.5	0.5	0.0	2.77628547395	2.12693231089	-0.958389624355	3.09232220114	2.28530156213	-0.664953133036	213
17	0.5	0.75	0.0	2.3557464834	2.36758807298	-1.06954671492	2.62250593701	2.49369979167	-0.765145004556	214
17	0.5	1.0	0.0	1.93591924288	2.50637103978	-1.13964113341	2.14920915666	2.61898340778	-0.841240353704	215
17	0.75	0.0	0.0	3.77381025455	1.59735632146	-0.855566258875	4.11596055437	1.78635915563	-0.666176035808	216
17	0.75	0.25	0.0	3.24196564112	1.81633765932	-1.02952759535	3.60917845809	2.00311828627	-0.845728443266	217
17	0.75	0.5	0.0	2.80039612429	2.10412034484	-1.20477827528	3.13661093033	2.25803404128	-1.00783500009	218
17	0.75	0.75	0.0	2.39425031095	2.37234970363	-1.35239294342	2.67398618511	2.48564088523	-1.14320995734	219
17	0.75	1.0	0.0	1.96867680801	2.53267106126	-1.44344624452	2.19703243646	2.62047328268	-1.2425675661	220
17	1.0	0.0	0.0	3.758267234	1.522060422	-0.981865347	4.13140974367	1.71569520262	-0.856133576501	221
17	1.0	0.25	0.0	3.24390187801	1.74384927138	-1.17862403208	3.63476693715	1.93189733261	-1.06898386567	222
17	1.0	0.5	0.0	2.81956450566	2.0500670073	-1.39035437315	3.17711787938	2.1995373952	-1.27130028186	223
17	1.0	0.75	0.0	2.42187483824	2.33949283957	-1.57560900815	2.72482388436	2.44278474888	-1.44493840465	224
17	1.0	1.0	0.0	1.987452597	2.510905978	-1.692940575	2.24424626605	2.58580875214	-1.57175381365	225
18	0.0	0.0	0.0	1.841635574	2.296871037	-0.612689207	2.06686116234	2.45134240948	-0.131682805749	226
18	0.0	0.25	0.0	1.39250539302	2.34415403719	-0.640275338137	1.58461835435	2.48386919261	-0.167446991458	227
18	0.0	0.5	0.0	0.905219139351	2.47973875988	-0.617498227168	1.06137208743	2.56700825805	-0.184642831909	228
18	0.0	0.75	0.0	0.420424702753	2.64551809613	-0.563444418865	0.533734405271	2.65901211625	-0.192113953867	229
18	0.0	1.0	0.0	-0.021230027	2.783384937	-0.497200458	0.038317351545	2.71813327764	-0.198703984093	230
18	0.25	0.0	0.0	1.89247409906	2.42882975216	-0.842422901089	2.10455815562	2.56728961939	-0.445152119307	231
18	0.25	0.25	0.0	1.45003579345	2.49714182948	-0.864800231919	1.61750683783	2.62834645953	-0.484347036433	232
18	0.25	0.5	0.0	0.957589065939	2.6191021573	-0.850994017829	1.08297665121	2.70631159419	-0.50614543823	233
18	0.25	0.75	0.0	0.46085990124	2.75545275648	-0.80838565344	0.542508317374	2.77390401612	-0.516512410832	234
18	0.25	1.0	0.0	0.00557428406247	2.86693564789	-0.744356533375	0.0376425579157	2.80384271808	-0.521413040374	235
18	0.5	0.0	0.0	1.93591924288	2.50637103978	-1.13964113341	2.14920915666	2.61898340778	-0.841240353704	236
18	0.5	0.25	0.0	1.48703334468	2.58854219668	-1.16769885174	1.65652931734	2.69269952096	-0.892831930902	237
18	0.5	0.5	0.0	0.988735501316	2.6998730133	-1.16653245251	1.11590135049	2.77241251513	-0.926943901753	238
18	0.5	0.75	0.0	0.483415866577	2.8108201036	-1.13204669833	0.567286612003	2.83041163353	-0.940347388748	239
18	0.5	1.0	0.0	0.0134645942407	2.89184008148	-1.06014635178	0.0506464577727	2.83898611942	-0.929813514377	240
18	0.75	0.0	0.0	1.96867680801	2.53267106126	-1.44344624452	2.19703243646	2.62047328268	-1.2425675661	241
18	0.75	0.25	0.0	1.50470927632	2.62097845735	-1.48348449705	1.69512447972	2.69682474974	-1.31086399414	242
18	0.75	0.5	0.0	0.996685113904	2.72300139606	-1.49402077942	1.1463520154	2.7777932977	-1.35848387828	243
18	0.75	0.75	0.0	0.483263489862	2.8126490397	-1.46144990428	0.589308440522	2.83033677215	-1.37157506532	244
18	0.75	1.0	0.0	0.00310357329864	2.86383055059	-1.3721666843	0.0625871520737	2.82141301869	-1.33628540208	245
18	1.0	0.0	0.0	1.987452597	2.510905978	-1.692940575	2.24424626605	2.58580875214	-1.57175381365	246
18	1.0	0.25	0.0	1.50427481799	2.59707393009	-1.7466704673	1.72673101183	2.66061851871	-1.65640554541	247
18	1.0	0.5	0.0	0.979464572124	2.68943737373	-1.76336624674	1.16053447611	2.73493621873	-1.71221102359	248
18	1.0	0.75	0.0	0.455573662193	2.761968467	-1.72361762207	0.589812954292	2.77548123564	-1.71815161826	249
18	1.0	1.0	0.0	-0.024846109	2.788639368	-1.608014302	0.0587227417766	2.7489729529	-1.65320869945	250
19	0.0	0.0	0.0	3.758267234	1.522060422	-0.981865347	4.13140974367	1.71569520262	-0.856133576501	251
19	0.0	0.25	0.0	3.24390187801	1.74384927138	-1.17862403208	3.63476693715	1.93189733261	-1.06898386567	252
19	0.0	0.5	0.0	2.81956450566	2.0500670073	-1.39035437315	3.17711787938	2.1995373952	-1.27130028186	253
19	0.0	0.75	0.0	2.42187483824	2.33949283957	-1.57560900815	2.72482388436	2.44278474888	-1.44493840465	254
19	0.0	1.0	0.0	1.987452597	2.510905978	-1.692940575	2.24424626605	2.58580875214	-1.57175381365	255
19	0.25	0.0	0.0	3.75331278779	1.42165276636	-1.09924019744	4.15244685191	1.60405374602	-1.02898230211	256
19	0.25	0.25	0.0	3.25569416216	1.63135596695	-1.31025628657	3.66667702701	1.80724077599	-1.26912129051	257
19	0.25	0.5	0.0	2.82546660699	1.92962729996	-1.54271048489	3.21040500378	2.06708887366	-1.50466717639	258
19	0.25	0.75	0.0	2.41352710984	2.21376430414	-1.74865497695	2.75381943267	2.3078278894	-1.71007676791	259
19	0.25	1.0	0.0	1.97077265825	2.38106451827	-1.88014194729	2.26710896412	2.45368767357	-1.85980687324	260
19	0.5	0.0	0.0	3.76549973893	1.29525679555	-1.2398914304	4.18483203607	1.44490552918	-1.23060958289	261
19	0.5	0.25	0.0	3.27925856896	1.48605919482	-1.46653156065	3.71166224697	1.62869474747	-1.50220519711	262
19	0.5	0.5	0.0	2.81951401927	1.74329287922	-1.70507303704	3.23828101205	1.85609010511	-1.76756164045	263
19	0.5	0.75	0.0	2.37177071095	1.98559373453	-1.91078094908	2.75718147655	2.06685220877	-1.99742233789	264
19	0.5	1.0	0.0	1.9215332651	2.13159764651	-2.03892038633	2.26085678576	2.20074166512	-2.16253071442	265
19	0.75	0.0	0.0	3.78076845635	1.16218819147	-1.37093291665	4.21676346854	1.27048405367	-1.41928249908	266
19	0.75	0.25	0.0	3.30197923078	1.33077807921	-1.61087008888	3.7544985154	1.43107397608	-1.72025435663	267
19	0.75	0.5	0.0	2.81228292445	1.53500613675	-1.84956200081	3.2618985572	1.61623102713	-2.01134182336	268
19	0.75	0.75	0.0	2.32985479202	1.72200320834	-2.0484022608	2.75494992936	1.78551485561	-2.26072929526	269
19	0.75	1.0	0.0	1.87287008816	1.83890013825	-2.1687844772	2.2496389673	1.89848511035	-2.43660116836	270
19	1.0	0.0	0.0	3.785059309	1.041762636	-1.459478527	4.23643932173	1.11302282109	-1.55326813093	271
19	1.0	0.25	0.0	3.31124027998	1.18833174436	-1.70669210581	3.77996175064	1.24919319083	-1.87528754025	272
19	1.0	0.5	0.0	2.8143495045	1.34870946422	-1.94829734744	3.28241029226	1.39720157729	-2.18736587442	273
19	1.0	0.75	0.0	2.32102850352	1.49001480322	-2.14793424834	2.76716470445	1.52947297857	-2.45375182068	274
19	1.0	1.0	0.0	1.857918798	1.579366769	-2.269242805	2.25760474509	1.61843239279	-2.63869406626	275
20	0.0	0.0	0.0	1.987452597	2.510905978	-1.692940575	2.24424626605	2.58580875214	-1.57175381365	276
20	0.0	0.25	0.0	1.50427481799	2.59707393009	-1.7466704673	1.72673101183	2.66061851871	-1.65640554541	277
20	0.0	0.5	0.0	0.979464572124	2.68943737373	-1.76336624674	1.16053447611	2.73493621873	-1.71221102359	278
20	0.0	0.75	0.0	0.455573662193	2.761968467	-1.72361762207	0.589812954292	2.77548123564	-1.71815161826	279
20	0.0	1.0	0.0	-0.024846109	2.788639368	-1.608014302	0.0587227417766	2.7489729529	-1.65320869945	280
20	0.25	0.0	0.0	1.97077265825	2.38106451827	-1.88014194729	2.26710896412	2.45368767357	-1.85980687324	281
20	0.25	0.25	0.0	1.48368826228	2.45776843388	-1.93807388457	1.7403421048	2.52305558134	-1.95438177635	282
20	0.25	0.5	0.0	0.949732788706	2.53486486079	-1.95400804293	1.15881625662	2.58000181023	-2.01250446137	283
20	0.25	0.75	0.0	0.419608132168	2.59359212229	-1.91237493556	0.576006380864	2.60419934997	-2.01558774054	284
20	0.25	1.0	0.0	-0.0559838126898	2.61518854164	-1.79760507561	0.0453874388367	2.57532119023	-1.94504442608	285
20	0.5	0.0	0.0	1.9215332651	2.13159764651	-2.03892038633	2.26085678576	2.20074166512	-2.16253071442	286
20	0.5	0.25	0.0	1.45069462354	2.19634260928	-2.08856075091	1.73867981075	2.26083944863	-2.25771882076	287
20	0.5	0.5	0.0	0.924585061318	2.25635379488	-2.09743130732	1.15451688905	2.29990617618	-2.31080606633	288
20	0.5	0.75	0.0	0.397664353929	2.30785200808	-2.06385210102	0.567802442518	2.31639982329	-2.31605758097	289
20	0.5	1.0	0.0	-0.0756077231453	2.3470580536	-1.98614317747	0.0379708930137	2.30877836545	-2.26773849449	290
20	0.75	0.0	0.0	1.87287008816	1.83890013825	-2.1687844772	2.2496389673	1.89848511035	-2.43660116836	291
20	0.75	0.25	0.0	1.41928230474	1.89221850144	-2.21264071788	1.73441195537	1.94836353243	-2.53286576067	292
20	0.75	0.5	0.0	0.903049192221	1.93975686508	-2.22202725132	1.15012923531	1.97505928592	-2.58626597294	293
20	0.75	0.75	0.0	0.381008715061	1.99022831118	-2.20242775999	0.561175549935	1.99105104895	-2.59821003512	294
20	0.75	1.0	0.0	-0.0900011622781	2.05234592175	-2.15932592634	0.0319356420568	2.00881749967	-2.57010617719	295
20	1.0	0.0	0.0	1.857918798	1.579366769	-2.269242805	2.25760474509	1.61843239279	-2.63869406626	296
20	1.0	0.25	0.0	1.40343970886	1.62481815553	-2.32482343705	1.74020636437	1.6600212446	-2.74627167817	297
20	1.0	0.5	0.0	0.884152983674	1.67092676046	-2.35618708636	1.14814615731	1.68587110878	-2.81803431567	298
20	1.0	0.75	0.0	0.360907603152	1.72620121841	-2.352480554	0.552100113798	1.70712142028	-2.84069399856	299
20	1.0	1.0	0.0	-0.105447452	1.799150164	-2.302850641	0.0227442237152	1.73491161401	-2.80096274667	300
25	0.0	0.0	0.0	3.785059309	1.041762636	-1.459478527	4.23643932173	1.11302282109	-1.55326813093	301
25	0.0	0.25	0.0	3.31124027998	1.18833174436	-1.70669210581	3.77996175064	1.24919319083	-1.87528754025	302
25	0.0	0.5	0.0	2.8143495045	1.34870946422	-1.94829734744	3.28241029226	1.39720157729	-2.18736587442	303
25	0.0	0.75	0.0	2.32102850352	1.49001480322	-2.14793424834	2.76716470445	1.52947297857	-2.45375182068	304
25	0.0	1.0	0.0	1.857918798	1.579366769	-2.269242805	2.25760474509	1.61843239279	-2.63869406626	305
25	0.25	0.0	0.0	3.76125413034	0.7878744361	-1.4975785992	4.24344832239	0.776957504444	-1.65458166225	306
25	0.25	0.25	0.0	3.29442702993	0.880449286753	-1.7405781118	3.79082158177	0.851587824071	-1.99173157827	307
25	0.25	0.5	0.0	2.80938867197	0.970314282237	-1.98965817335	3.29737346035	0.928909491435	-2.32841551694	308
25	0.25	0.75	0.0	2.32438542901	1.0419462938	-2.20901268084	2.78509171212	0.991551507265	-2.62329913826	309
25	0.25	1.0	0.0	1.85766367359	1.07982219271	-2.36283553127	2.27596409111	1.02214287229	-2.83504810219	310
25	0.5	0.0	0.0	3.72133508527	0.461958114569	-1.43884630886	4.23490619273	0.340498964663	-1.64150632975	311
25	0.5	0.25	0.0	3.25895512342	0.484297948516	-1.66362798191	3.78600634881	0.337095875467	-1.97162193927	312
25	0.5	0.5	0.0	2.77142444685	0.499643949763	-1.90770260677	3.28426928414	0.33403479732	-2.30899571724	313
25	0.5	0.75	0.0	2.28442805726	0.503381750125	-2.14031511764	2.76323569956	0.321107818907	-2.615320742	314
25	0.5	1.0	0.0	1.82365095633	0.490896981421	-2.33071044877	2.25644629594	0.288107028915	-2.85229009189	315
25	0.75	0.0	0.0	3.68045926606	0.130558369503	-1.33091952284	4.21888306448	-0.0925225560085	-1.54416144897	316
25	0.75	0.25	0.0	3.21993163976	0.0801154440047	-1.53569533468	3.77502252248	-0.174375754355	-1.85508908415	317
25	0.75	0.5	0.0	2.72680419826	0.0225443393568	-1.76955232315	3.26709094239	-0.258728506199	-2.17749066378	318
25	0.75	0.75	0.0	2.23566352763	-0.0346307926748	-2.00131156578	2.73924345303	-0.342510109468	-2.47520422981	319
25	0.75	1.0	0.0	1.78109621391	-0.0838858003245	-2.19979414013	2.23563518322	-0.422649862089	-2.71206782419	320
25	1.0	0.0	0.0	3.653783765	-0.139780101	-1.221436108	4.20344906936	-0.418276815325	-1.39266633543	321
25	1.0	0.25	0.0	3.19246365826	-0.251860512431	-1.41663378861	3.76737657349	-0.562920164775	-1.68226347378	322
25	1.0	0.5	0.0	2.70187529533	-0.375138676427	-1.64232899793	3.26983161388	-0.720686420261	-1.98228454501	323
25	1.0	0.75	0.0	2.21259897949	-0.481043299459	-1.85147203229	2.75076175881	-0.859954300819	-2.24833719957	324
25	1.0	1.0	0.0	1.755215014	-0.541003088	-1.997013188	2.25011457658	-0.949102525489	-2.43602908789	325
26	0.0	0.0	0.0	1.857918798	1.579366769	-2.269242805	2.25760474509	1.61843239279	-2.63869406626	326
26	0.0	0.25	0.0	1.40343970886	1.62481815553	-2.32482343705	1.74020636437	1.6600212446	-2.74627167817	327
26	0.0	0.5	0.0	0.884152983674	1.67092676046	-2.35618708636	1.14814615731	1.68587110878	-2.81803431567	328
26	0.0	0.75	0.0	0.360907603152	1.72620121841	-2.352480554	0.552100113798	1.70712142028	-2.84069399856	329
26	0.0	1.0	0.0	-0.105447452	1.799150164	-2.302850641	0.0227442237152	1.73491161401	-2.80096274667	330
26	0.25	0.0	0.0	1.85766367359	1.07982219271	-2.36283553127	2.27596409111	1.02214287229	-2.83504810219	331
26	0.25	0.25	0.0	1.38498921664	1.10278468475	-2.46494892225	1.74789677072	1.03449703279	-2.97808081444	332
26	0.25	0.5	0.0	0.847344052866	1.14227546545	-2.5420094126	1.14067530521	1.05409705623	-3.08889720003	333
26	0.25	0.75	0.0	0.312712839357	1.19516689572	-2.55809576724	0.531416954967	1.07465806117	-3.12798518152	334
26	0.25	1.0	0.0	-0.150919766794	1.25833133648	-2.4772867511	-0.0027610196014	1.08989516612	-3.05583268147	335
26	0.5	0.0	0.0	1.82365095633	0.490896981421	-2.33071044877	2.25644629594	0.288107028915	-2.85229009189	336
26	0.5	0.25	0.0	1.35119177537	0.482364150736	-2.46079825182	1.73007042478	0.258887678752	-3.01278100054	337
26	0.5	0.5	0.0	0.810804005364	0.498466954708	-2.53894471864	1.12582649556	0.255347006884	-3.11965552758	338
26	0.5	0.75	0.0	0.269772110426	0.533937718262	-2.55781178223	0.516054070634	0.264096368267	-3.15650148538	339
26	0.5	1.0	0.0	-0.204619445347	0.583508766326	-2.51006137558	-0.0269072876316	0.271747117857	-3.10690668632	340
26	0.75	0.0	0.0	1.78109621391	-0.0838858003245	-2.19979414013	2.23563518322	-0.422649862089	-2.71206782419	341
26	0.75	0.25	0.0	1.31284840161	-0.118487554404	-2.33065139254	1.71155997705	-0.484813502594	-2.86624144038	342
26	0.75	0.5	0.0	0.776163632555	-0.134146198432	-2.39951038328	1.11204135108	-0.520205348084	-2.95503659359	343
26	0.75	0.75	0.0	0.233402598641	-0.125663465762	-2.42457186236	0.503828793759	-0.531122996706	-2.98778089597	344
26	0.75	1.0	0.0	-0.253074008226	-0.0878410897443	-2.42403657978	-0.0463282065004	-0.519864046607	-2.97380195969	345
26	1.0	0.0	0.0	1.755215014	-0.541003088	-1.997013188	2.25011457658	-0.949102525489	-2.43602908789	346
26	1.0	0.25	0.0	1.28076011195	-0.581814538543	-2.09278831115	1.71719807799	-1.01461319634	-2.55433133788	347
26	1.0	0.5	0.0	0.745053725822	-0.629211420626	-2.1762237853	1.10776149449	-1.08238631749	-2.63976769335	348
26	1.0	0.75	0.0	0.204921486284	-0.651813808145	-2.23131927105	0.492558457302	-1.11755937204	-2.68336139912	349
26	1.0	1.0	0.0	-0.282810976	-0.618241775	-2.242074429	-0.057657402333	-1.08526984309	-2.67613570003	350
27	0.0	0.0	0.0	3.653783765	-0.139780101	-1.221436108	4.20344906936	-0.418276815325	-1.39266633543	351
27	0.0	0.25	0.0	3.19246365826	-0.251860512431	-1.41663378861	3.76737657349	-0.562920164775	-1.68226347378	352
27	0.0	0.5	0.0	2.70187529533	-0.375138676427	-1.64232899793	3.26983161388	-0.720686420261	-1.98228454501	353
27	0.0	0.75	0.0	2.21259897949	-0.481043299459	-1.85147203229	2.75076175881	-0.859954300819	-2.24833719957	354
27	0.0	1.0	0.0	1.755215014	-0.541003088	-1.997013188	2.25011457658	-0.949102525489	-2.43602908789	355
27	0.25	0.0	0.0	3.659706702	-0.393426399649	-1.07455098331	4.18451114327	-0.677126608913	-1.12633756151	356
27	0.25	0.25	0.0	3.19795390167	-0.565674483526	-1.25156651688	3.74920077726	-0.874518601523	-1.37129171575	357
27	0.25	0.5	0.0	2.71427731698	-0.752398552928	-1.44982735796	3.26510008238	-1.09565918894	-1.62162127778	358
27	0.25	0.75	0.0	2.22772736999	-0.90469747502	-1.61337971211	2.75920602318	-1.28166451078	-1.83263551388	359
27	0.25	1.0	0.0	1.7573544828	-0.973670116966	-1.68626978488	2.25851556421	-1.37365070665	-1.95964369035	360
27	0.5	0.0	0.0	3.68997821414	-0.667978905504	-0.853119113149	4.15844806265	-0.932679359956	-0.730839707041	361
27	0.5	0.25	0.0	3.22982858751	-0.903231756877	-0.985919079524	3.71254727167	-1.17966456476	-0.897261691199	362
27	0.5	0.5	0.0	2.74802665445	-1.14793734009	-1.12527358344	3.22686598474	-1.45071576167	-1.06471600242	363
27	0.5	0.75	0.0	2.25796506819	-1.34690465385	-1.2318798675	2.72180588939	-1.68044700372	-1.20894784809	364
27	0.5	1.0	0.0	1.77303648192	-1.44494269688	-1.2664351743	2.2177686732	-1.80347234398	-1.30570243562	365
27	0.75	0.0	0.0	3.71958176721	-0.889758585357	-0.601517928166	4.13386485973	-1.11926961203	-0.303474045834	366
27	0.75	0.25	0.0	3.26112360038	-1.17235301537	-0.678248111368	3.67612638153	-1.40199970336	-0.381820617647	367
27	0.75	0.5	0.0	2.77925124728	-1.45798703961	-0.746639904175	3.18256476196	-1.70564454385	-0.458934836423	368
27	0.75	0.75	0.0	2.28471167554	-1.6934262656	-0.793254186516	2.67225389756	-1.97003067043	-0.534674550572	369
27	0.75	1.0	0.0	1.78825185282	-1.82543630086	-0.804651838321	2.16426768486	-2.13498462003	-0.608897608499	370
27	1.0	0.0	0.0	3.723500827	-0.985086406	-0.364124859	4.11936656678	-1.17123190869	0.0584581482844	371
27	1.0	0.25	0.0	3.26487482492	-1.2808589419	-0.387110247255	3.65864843165	-1.46516566622	0.0533842873767	372
27	1.0	0.5	0.0	2.78407903495	-1.57877965322	-0.391898549982	3.15963185508	-1.78023394093	0.0483561026925	373
27	1.0	0.75	0.0	2.28936679351	-1.83002373992	-0.383784357218	2.64424258779	-2.06414440168	0.032784030291	374
27	1.0	1.0	0.0	1.788991437	-1.985766402	-0.368062259	2.1344063805	-2.26460471732	-0.00392149376894	375
28	0.0	0.0	0.0	1.755215014	-0.541003088	-1.997013188	2.25011457658	-0.949102525489	-2.43602908789	376
28	0.0	0.25	0.0	1.28076011195	-0.581814538543	-2.09278831115	1.71719807799	-1.01461319634	-2.55433133788	377
28	0.0	0.5	0.0	0.745053725822	-0.629211420626	-2.1762237853	1.10776149449	-1.08238631749	-2.63976769335	378
28	0.0	0.75	0.0	0.204921486284	-0.651813808145	-2.23131927105	0.492558457302	-1.11755937204	-2.68336139912	379
28	0.0	1.0	0.0	-0.282810976	-0.618241775	-2.242074429	-0.057657402333	-1.08526984309	-2.67613570003	380
28	0.25	0.0	0.0	1.7573544828	-0.973670116966	-1.68626978488	2.25851556421	-1.37365070665	-1.95964369035	381
28	0.25	0.25	0.0	1.26535253124	-1.0156467923	-1.73446162841	1.71387795085	-1.43072218589	-2.04061725177	382
28	0.25	0.5	0.0	0.723331031701	-1.08703256171	-1.82283574829	1.09332726545	-1.51368352409	-2.12234768456	383
28	0.25	0.75	0.0	0.184438877693	-1.13857678426	-1.8934238527	0.471077458523	-1.5651166447	-2.17031699619	384
28	0.25	1.0	0.0	-0.298175037286	-1.12102881904	-1.88825764984	-0.0786575194106	-1.52760347116	-2.15000719412	385
28	0.5	0.0	0.0	1.77303648192	-1.44494269688	-1.2664351743	2.2177686732	-1.80347234398	-1.30570243562	386
28	0.5	0.25	0.0	1.26474219977	-1.49851538706	-1.28323135666	1.67174411121	-1.86503288976	-1.37575390251	387
28	0.5	0.5	0.0	0.715026155589	-1.57652793246	-1.33451098554	1.0564975977	-1.93431773162	-1.44198558608	388
28	0.5	0.75	0.0	0.173477278536	-1.64124669456	-1.37855087432	0.437455238847	-1.97987143598	-1.4805602038	389
28	0.5	1.0	0.0	-0.310315502222	-1.65493803485	-1.37362783641	-0.119956859151	-1.97023856925	-1.46764047312	390
28	0.75	0.0	0.0	1.78825185282	-1.82543630086	-0.804651838321	2.16426768486	-2.13498462003	-0.608897608499	391
28	0.75	0.25	0.0	1.26904955388	-1.90211490824	-0.798698041684	1.62090421614	-2.21834311725	-0.675584174547	392
28	0.75	0.5	0.0	0.714904668012	-1.99202527705	-0.798273428422	1.01427727618	-2.28105934688	-0.726369591532	393
28	0.75	0.75	0.0	0.170320070959	-2.07002353786	-0.797933024536	0.399296191037	-2.32366268054	-0.754522977466	394
28	0.75	1.0	0.0	-0.320201361547	-2.11096582123	-0.792231856027	-0.169129713243	-2.34668248987	-0.753313450359	395
28	1.0	0.0	0.0	1.788991437	-1.985766402	-0.368062259	2.1344063805	-2.26460471732	-0.00392149376894	396
28	1.0	0.25	0.0	1.26839502989	-2.09813994127	-0.340462229295	1.59146592272	-2.39145067765	-0.0559509523434	397
28	1.0	0.5	0.0	0.717732139497	-2.22785233965	-0.301147008329	0.983671085863	-2.49067877664	-0.103187894529	398
28	1.0	0.75	0.0	0.173250637106	-2.33510731296	-0.262802991949	0.364204707857	-2.55832931302	-0.132637272677	399
28	1.0	1.0	0.0	-0.328801606	-2.380108577	-0.238116576	-0.213750373373	-2.59044258552	-0.13130403914	400
33	0.0	0.0	0.0	3.723500827	-0.985086406	-0.364124859	4.11936656678	-1.17123190869	0.0584581482844	401
33	0.0	0.25	0.0	3.26487482492	-1.2808589419	-0.387110247255	3.65864843165	-1.46516566622	0.0533842873767	402
33	0.0	0.5	0.0	2.78407903495	-1.57877965322	-0.391898549982	3.15963185508	-1.78023394093	0.0483561026925	403
33	0.0	0.75	0.0	2.28936679351	-1.83002373992	-0.383784357218	2.64424258779	-2.06414440168	0.032784030291	404
33	0.0	1.0	0.0	1.788991437	-1.985766402	-0.368062259	2.1344063805	-2.26460471732	-0.00392149376894	405
33	0.25	0.0	0.0	3.67920104819	-0.918368516471	-0.177373286209	4.090652562	-1.07656087071	0.326376891303	406
33	0.25	0.25	0.0	3.21826173858	-1.1878528164	-0.162305484918	3.63133588158	-1.35111126194	0.367338607935	407
33	0.25	0.5	0.0	2.7407717093	-1.46073540996	-0.122014220473	3.13442442431	-1.64759619201	0.409599478601	408
33	0.25	0.75	0.0	2.25067520279	-1.69574129652	-0.0708817194234	2.62178128877	-1.91978674102	0.441250703948	409
33	0.25	1.0	0.0	1.75191646149	-1.85159547546	-0.0232902083197	2.11526957354	-2.12145398908	0.450383484626	410
33	0.5	0.0	0.0	3.59654046562	-0.745821704	0.0138424775259	4.02946296243	-0.88868091354	0.619337336372	411
33	0.5	0.25	0.0	3.13232893313	-0.963905469608	0.0630525670562	3.56813117123	-1.12220032327	0.701860678888	412
33	0.5	0.5	0.0	2.65761958408	-1.18330817066	0.144740099926	3.07650960667	-1.3744780522	0.790376722338	413
33	0.5	0.75	0.0	2.17241003327	-1.37598298952	0.2368690283	2.57246599125	-1.60719080978	0.869629332634	414
33	0.5	1.0	0.0	1.6766978955	-1.51388310857	0.317403304347	2.07386804746	-1.78201530542	0.924362375688	415
33	0.75	0.0	0.0	3.50952186274	-0.526925438279	0.172237765248	3.95744446459	-0.662573998941	0.882157738376	416
33	0.75	0.25	0.0	3.04233122027	-0.685453926074	0.248681458577	3.49283204659	-0.847677238526	0.998204883668	417
33	0.75	0.5	0.0	2.56544854382	-0.841095325109	0.360710459194	3.00482790517	-1.04581446679	1.12538433059	418
33	0.75	0.75	0.0	2.08075500252	-0.979715393696	0.483495070548	2.50872431605	-1.22844927572	1.24478424144	419
33	0.75	1.0	0.0	1.59013176551	-1.08717989015	0.59220559609	2.01981355499	-1.36704525735	1.33749277852	420
33	1.0	0.0	0.0	3.452148023	-0.321159189	0.26052791	3.89624376502	-0.453222088664	1.0596563522	421
33	1.0	0.25	0.0	2.98352341168	-0.428935210359	0.354298739556	3.42923625369	-0.596786396062	1.19762560571	422
33	1.0	0.5	0.0	2.49508447303	-0.528694263094	0.478242905314	2.93831982282	-0.746540381056	1.34931880004	423
33	1.0	0.75	0.0	2.0018938281	-0.615905083782	0.613023591916	2.442983884	-0.885654806661	1.49357975547	424
33	1.0	1.0	0.0	1.519014098	-0.686036409	0.739303984	1.9627178488	-0.99730043589	1.60925229224	425
34	0.0	0.0	0.0	1.788991437	-1.985766402	-0.368062259	2.1344063805	-2.26460471732	-0.00392149376894	426
34	0.0	0.25	0.0	1.26839502989	-2.09813994127	-0.340462229295	1.59146592272	-2.39145067765	-0.0559509523434	427
34	0.0	0.5	0.0	0.717732139497	-2.22785233965	-0.301147008329	0.983671085863	-2.49067877664	-0.103187894529	428
34	0.0	0.75	0.0	0.173250637106	-2.33510731296	-0.262802991949	0.364204707857	-2.55832931302	-0.132637272677	429
34	0.0	1.0	0.0	-0.328801606	-2.380108577	-0.238116576	-0.213750373373	-2.59044258552	-0.13130403914	430
34	0.25	0.0	0.0	1.75191646149	-1.85159547546	-0.0232902083197	2.11526957354	-2.12145398908	0.450383484626	431
34	0.25	0.25	0.0	1.23523897615	-1.98847942397	0.0448788658173	1.57446315775	-2.28020080028	0.443441984132	432
34	0.25	0.5	0.0	0.697983246843	-2.15221168568	0.14282304863	0.97105406642	-2.43048743313	0.436808138379	433
34	0.25	0.75	0.0	0.166182469851	-2.27743269299	0.233670611044	0.357396626348	-2.53171424829	0.435124418372	434
34	0.25	1.0	0.0	-0.334130158537	-2.29878287828	0.280549823989	-0.214154835654	-2.54328160646	0.443033295122	435
34	0.5	0.0	0.0	1.6766978955	-1.51388310857	0.317403304347	2.07386804746	-1.78201530542	0.924362375688	436
34	0.5	0.25	0.0	1.16507825766	-1.64997471852	0.437506135923	1.54253081184	-1.94274652029	0.975772886037	437
34	0.5	0.5	0.0	0.647802349468	-1.80785824664	0.611526172239	0.961633168855	-2.11320448624	1.03665094305	438
34	0.5	0.75	0.0	0.141490793787	-1.91642173595	0.764744024945	0.374773251853	-2.22481039337	1.08214556624	439
34	0.5	1.0	0.0	-0.337235786534	-1.90455322944	0.822440305691	-0.174450805809	-2.20898543177	1.08740577516	440
34	0.75	0.0	0.0	1.59013176551	-1.08717989015	0.59220559609	2.01981355499	-1.36704525735	1.33749277852	441
34	0.75	0.25	0.0	1.08746611033	-1.2004900023	0.754668028683	1.50110504068	-1.50768550289	1.43799869787	442
34	0.75	0.5	0.0	0.59012121226	-1.32371072229	0.988398068634	0.945018997431	-1.66406177639	1.55928403363	443
34	0.75	0.75	0.0	0.10975492943	-1.39740030295	1.19883163399	0.386329569751	-1.76338864672	1.65521964472	444
34	0.75	1.0	0.0	-0.341974880014	-1.36211699713	1.2914046428	-0.140189097828	-1.73288068273	1.67967639002	445
34	1.0	0.0	0.0	1.519014098	-0.686036409	0.739303984	1.9627178488	-0.99730043589	1.60925229224	446
34	1.0	0.25	0.0	1.03195577011	-0.757889452725	0.913612991759	1.45562199997	-1.10361541327	1.72707636412	447
34	1.0	0.5	0.0	0.547871600105	-0.828687812398	1.15687444395	0.910822156412	-1.20829114398	1.8676509243	448
34	1.0	0.75	0.0	0.0815541973006	-0.865694255123	1.40434782241	0.362060565421	-1.27321990682	2.00114012757	449
34	1.0	1.0	0.0	-0.352203829	-0.836171548	1.591292609	-0.156920525702	-1.26029398057	2.09770812875	450
35	0.0	0.0	0.0	3.452148023	-0.321159189	0.26052791	3.89624376502	-0.453222088664	1.0596563522	451
35	0.0	0.25	0.0	2.98352341168	-0.428935210359	0.354298739556	3.42923625369	-0.596786396062	1.19762560571	452
35	0.0	0.5	0.0	2.49508447303	-0.528694263094	0.478242905314	2.93831982282	-0.746540381056	1.34931880004	453
35	0.0	0.75	0.0	2.0018938281	-0.615905083782	0.613023591916	2.442983884	-0.885654806661	1.49357975547	454
35	0.0	1.0	0.0	1.519014098	-0.686036409	0.739303984	1.9627178488	-0.99730043589	1.60925229224	455
35	0.25	0.0	0.0	3.42972555249	-0.0833304587052	0.285954473929	3.85825142225	-0.188522042754	1.14828075512	456
35	0.25	0.25	0.0	2.95056406831	-0.135449730033	0.395340343107	3.38758179317	-0.282083422309	1.30526274155	457
35	0.25	0.5	0.0	2.45105549128	-0.175418287754	0.536347521632	2.89045344709	-0.373810688508	1.48197734021	458
35	0.25	0.75	0.0	1.95271164552	-0.205952828072	0.687234203401	2.39022191894	-0.461326108106	1.64902480053	459
35	0.25	1.0	0.0	1.47704435517	-0.229770047192	0.826258582308	1.91024274364	-0.542251947859	1.77700537192	460
35	0.5	0.0	0.0	3.42807331865	0.207770149396	0.278520430982	3.84237706042	0.161758765083	1.17132919989	461
35	0.5	0.25	0.0	2.92721509976	0.22372465742	0.404397396618	3.36429534517	0.134276044375	1.34450114291	462
35	0.5	0.5	0.0	2.42900851226	0.251380581731	0.576952435267	2.86432047836	0.114342322523	1.54575649909	463
35	0.5	0.75	0.0	1.94028201177	0.282053037038	0.757744683299	2.36084587999	0.092757358071	1.7338418068	464
35	0.5	1.0	0.0	1.46786405394	0.307057138051	0.908333277086	1.87226497006	0.0603209095636	1.86750360444	465
35	0.75	0.0	0.0	3.44463431449	0.4987964243	0.244663155794	3.83864278816	0.522708687529	1.14123093451	466
35	0.75	0.25	0.0	2.92370568969	0.583095799303	0.379753527095	3.34966124958	0.563814014355	1.3171539507	467
35	0.75	0.5	0.0	2.43102086525	0.677356570732	0.571134384684	2.84639727759	0.616130502001	1.52130703019	468
35	0.75	0.75	0.0	1.95530324155	0.768178512125	0.769580549522	2.34047034059	0.663083088219	1.71051195791	469
35	0.75	1.0	0.0	1.48527621898	0.842161397019	0.925866842571	1.84349990694	0.688096710764	1.84159051882	470
35	1.0	0.0	0.0	3.476851533	0.736402155	0.190820023	3.83707071408	0.819416077267	1.07041520695	471
35	1.0	0.25	0.0	2.95026502172	0.87717154292	0.319692361546	3.33396384628	0.918052497996	1.2250343058	472
35	1.0	0.5	0.0	2.45916987953	1.02816390462	0.48997010835	2.82316020574	1.02976569989	1.38927968701	473
35	1.0	0.75	0.0	1.98847364957	1.17248959776	0.667767319979	2.31470987414	1.13613857869	1.54151643745	474
35	1.0	1.0	0.0	1.523083875	1.29325898	0.819198053	1.81866293317	1.21875403013	1.66010964404	475
36	0.0	0.0	0.0	1.519014098	-0.686036409	0.739303984	1.9627178488	-0.99730043589	1.60925229224	476
36	0.0	0.25	0.0	1.03195577011	-0.757889452725	0.913612991759	1.45562199997	-1.10361541327	1.72707636412	477
36	0.0	0.5	0.0	0.547871600105	-0.828687812398	1.15687444395	0.910822156412	-1.20829114398	1.8676509243	478
36	0.0	0.75	0.0	0.0815541973006	-0.865694255123	1.40434782241	0.362060565421	-1.27321990682	2.00114012757	479
36	0.0	1.0	0.0	-0.352203829	-0.836171548	1.591292609	-0.156920525702	-1.26029398057	2.09770812875	480
36	0.25	0.0	0.0	1.47704435517	-0.229770047192	0.826258582308	1.91024274364	-0.542251947859	1.77700537192	481
36	0.25	0.25	0.0	1.00771012784	-0.257602542573	0.989748850829	1.41389043466	-0.616926515399	1.88774340859	482
36	0.25	0.5	0.0	0.531405306149	-0.285877625542	1.2064339144	0.875779533341	-0.678466565097	2.01514907109	483
36	0.25	0.75	0.0	0.0696069387956	-0.300270470798	1.4460408695	0.332289846412	-0.718764776155	2.15062442232	484
36	0.25	1.0	0.0	-0.356207925519	-0.286456253037	1.67829681259	-0.180198819386	-0.729713827775	2.28557152516	485
36	0.5	0.0	0.0	1.46786405394	0.307057138051	0.908333277086	1.87226497006	0.0603209095636	1.86750360444	486
36	0.5	0.25	0.0	1.00947992626	0.319363382512	1.06289786525	1.38540023035	0.0161729108671	1.97472903735	487
36	0.5	0.5	0.0	0.538912152577	0.329178589758	1.26127419693	0.861011517599	-0.0243118447147	2.10004475445	488
36	0.5	0.75	0.0	0.081160572797	0.344101348539	1.46263397413	0.335069414249	-0.0501548936016	2.21952583485	489
36	0.5	1.0	0.0	-0.338774973175	0.371730247602	1.62614889889	-0.156455497273	-0.0503777722137	2.30924735763	490
36	0.75	0.0	0.0	1.48527621898	0.842161397019	0.925866842571	1.84349990694	0.688096710764	1.84159051882	491
36	0.75	0.25	0.0	1.03517078724	0.894425908767	1.07736533142	1.36543395363	0.682114107013	1.95125012334	492
36	0.75	0.5	0.0	0.570171325807	0.944955081013	1.26966599936	0.855039892516	0.666806842753	2.08623917309	493
36	0.75	0.75	0.0	0.11660408197	0.999230132179	1.43956822582	0.347917255768	0.664292870295	2.19938070759	494
36	0.75	1.0	0.0	-0.299204696993	1.06273228069	1.52387139024	-0.120334424439	0.696690141949	2.24349776638	495
36	1.0	0.0	0.0	1.523083875	1.29325898	0.819198053	1.81866293317	1.21875403013	1.66010964404	496
36	1.0	0.25	0.0	1.08268833266	1.38900262243	0.977456545732	1.34927417113	1.26732831452	1.7805235395	497
36	1.0	0.5	0.0	0.624962012259	1.48992609573	1.17988002954	0.846386441422	1.30752332289	1.93763352572	498
36	1.0	0.75	0.0	0.176326448981	1.59692480941	1.36228471408	0.34835135781	1.35626164499	2.08172538299	499
36	1.0	1.0	0.0	-0.236796822	1.710894173	1.460486809	-0.106479465961	1.43046587055	2.1630848916	500
41	0.0	0.0	0.0	3.476851533	0.736402155	0.190820023	3.83707071408	0.819416077267	1.07041520695	501
41	0.0	0.25	0.0	2.95026502172	0.87717154292	0.319692361546	3.33396384628	0.918052497996	1.2250343058	502
41	0.0	0.5	0.0	2.45916987953	1.02816390462	0.48997010835	2.82316020574	1.02976569989	1.38927968701	503
41	0.0	0.75	0.0	1.98847364957	1.17248959776	0.667767319979	2.31470987414	1.13613857869	1.54151643745	504
41	0.0	1.0	0.0	1.523083875	1.29325898	0.819198053	1.81866293317	1.21875403013	1.66010964404	505
41	0.25	0.0	0.0	3.50226119423	0.880973640545	0.139936574278	3.84107205943	0.992312731541	0.991453217316	506
41	0.25	0.25	0.0	2.98318904728	1.0388230234	0.256446788781	3.33614400068	1.10927619523	1.12353815198	507
41	0.25	0.5	0.0	2.49705953697	1.20629789439	0.409775466077	2.82664818853	1.2360205383	1.26376908719	508
41	0.25	0.75	0.0	2.03073448152	1.36473013498	0.570017994324	2.32278745974	1.3561012532	1.39520090787	509
41	0.25	1.0	0.0	1.57107569915	1.49545162661	0.707269761681	1.83476465107	1.45307383238	1.50088849894	510
41	0.5	0.0	0.0	3.53133826034	1.04982045045	0.0724564511866	3.85592867261	1.18522349535	0.877657758588	511
41	0.5	0.25	0.0	3.02276958625	1.21688378112	0.166834997683	3.35741116014	1.31541997665	0.98026882456	512
41	0.5	0.5	0.0	2.55086440062	1.40219485912	0.306962610911	2.85673840986	1.46026367644	1.10217821623	513
41	0.5	0.75	0.0	2.09858969426	1.57447004703	0.45170298789	2.36339624945	1.59515985781	1.2171346461	514
41	0.5	1.0	0.0	1.64891245798	1.70242570743	0.559919825642	1.88687050658	1.69551378382	1.29888682668	515
41	0.75	0.0	0.0	3.56826310878	1.21473224963	-0.00177155349834	3.87862423242	1.36744877197	0.747324449279	516
41	0.75	0.25	0.0	3.06423080102	1.38557887153	0.0661922406933	3.38569738614	1.5075873755	0.820884537989	517
41	0.75	0.5	0.0	2.60382029752	1.5826963643	0.189416094532	2.89382462865	1.66537801384	0.924736622045	518
41	0.75	0.75	0.0	2.16467299366	1.76009302133	0.313607917926	2.41087815134	1.80718205555	1.02059637608	519
41	0.75	1.0	0.0	1.72443028482	1.87177713604	0.384475620782	1.94473014561	1.89936086921	1.07017947471	520
41	1.0	0.0	0.0	3.617216117	1.347498703	-0.072898647	3.90614241766	1.50828896466	0.618748907903	521
41	1.0	0.25	0.0	3.10279685399	1.51913335009	-0.0301462297494	3.40893474019	1.65688192504	0.671043506729	522
41	1.0	0.5	0.0	2.63916305471	1.71464397544	0.0650204686222	2.91830060381	1.81424645001	0.751673852568	523
41	1.0	0.75	0.0	2.20161808558	1.87998274532	0.156518401683	2.43957507347	1.94603550948	0.818864821723	524
41	1.0	1.0	0.0	1.765465313	1.961101826	0.188264523	1.97809321409	2.01790207331	0.830841290494	525
42	0.0	0.0	0.0	1.523083875	1.29325898	0.819198053	1.81866293317	1.21875403013	1.66010964404	526
42	0.0	0.25	0.0	1.08268833266	1.38900262243	0.977456545732	1.34927417113	1.26732831452	1.7805235395	527
42	0.0	0.5	0.0	0.624962012259	1.48992609573	1.17988002954	0.846386441422	1.30752332289	1.93763352572	528
42	0.0	0.75	0.0	0.176326448981	1.59692480941	1.36228471408	0.34835135781	1.35626164499	2.08172538299	529
42	0.0	1.0	0.0	-0.236796822	1.710894173	1.460486809	-0.106479465961	1.43046587055	2.1630848916	530
42	0.25	0.0	0.0	1.57107569915	1.49545162661	0.707269761681	1.83476465107	1.45307383238	1.50088849894	531
42	0.25	0.25	0.0	1.12987739925	1.60715486167	0.853373728949	1.3663257942	1.52674024741	1.61202145123	532
42	0.25	0.5	0.0	0.670409016464	1.7339086255	1.04510308265	0.86249016129	1.60243161444	1.76021033592	533
42	0.25	0.75	0.0	0.218311155824	1.86683692794	1.22773333667	0.361412225666	1.68193937101	1.90491586617	534
42	0.25	1.0	0.0	-0.200775577635	1.99706377884	1.34654000488	-0.0987535393648	1.76705495462	2.00559875514	535
42	0.5	0.0	0.0	1.64891245798	1.70242570743	0.559919825642	1.88687050658	1.69551378382	1.29888682668	536
42	0.5	0.25	0.0	1.19777447903	1.81150646043	0.66883767002	1.41518265909	1.7743918795	1.37788255779	537
42	0.5	0.5	0.0	0.727024231632	1.94672507917	0.823804416743	0.908494938898	1.86338131075	1.48920026775	538
42	0.5	0.75	0.0	0.262196241629	2.08870996955	0.976418415486	0.400828341421	1.95271028821	1.59882869097	539
42	0.5	1.0	0.0	-0.171174965137	2.21808953746	1.07827801592	-0.073796137919	2.03260702247	1.67275656183	540
42	0.75	0.0	0.0	1.72443028482	1.87177713604	0.384475620782	1.94473014561	1.89936086921	1.07017947471	541
42	0.75	0.25	0.0	1.26164999933	1.96289686131	0.445644784527	1.46891280677	1.96825218825	1.1059981791	542
42	0.75	0.5	0.0	0.777113736048	2.09495617701	0.55343821702	0.959650153655	2.05536559438	1.17057003766	543
42	0.75	0.75	0.0	0.298170852678	2.24123672881	0.6664736012	0.445999023683	2.14588230292	1.23590271527	544
42	0.75	1.0	0.0	-0.14782929307	2.37502016234	0.743368620007	-0.0429837457216	2.22498352922	1.27400387679	545
42	1.0	0.0	0.0	1.765465313	1.961101826	0.188264523	1.97809321409	2.01790207331	0.830841290494	546
42	1.0	0.25	0.0	1.29677438749	2.0221655069	0.205591488054	1.5005842782	2.06629015114	0.824259635086	547
42	1.0	0.5	0.0	0.802983607996	2.1451826393	0.27145866869	0.99120518497	2.14337764784	0.850286362095	548
42	1.0	0.75	0.0	0.31642413525	2.3031100003	0.356032544481	0.476323591062	2.23876332146	0.888576796965	549
42	1.0	1.0	0.0	-0.13057287	2.468904367	0.429479595	-0.0176928468707	2.34204593002	0.918786265139	550
43	0.0	0.0	0.0	3.617216117	1.347498703	-0.072898647	3.90614241766	1.50828896466	0.618748907903	551
43	0.0	0.25	0.0	3.10279685399	1.51913335009	-0.0301462297494	3.40893474019	1.65688192504	0.671043506729	552
43	0.0	0.5	0.0	2.63916305471	1.71464397544	0.0650204686222	2.91830060381	1.81424645001	0.751673852568	553
43	0.0	0.75	0.0	2.20161808558	1.87998274532	0.156518401683	2.43957507347	1.94603550948	0.818864821723	554
43	0.0	1.0	0.0	1.765465313	1.961101826	0.188264523	1.97809321409	2.01790207331	0.830841290494	555
43	0.25	0.0	0.0	3.66339579359	1.44327574044	-0.135481139746	3.93785759714	1.60487417306	0.500954764857	556
43	0.25	0.25	0.0	3.13395717479	1.61663682249	-0.122436992756	3.4312566504	1.76194449911	0.530186076943	557
43	0.25	0.5	0.0	2.6598360429	1.80675983513	-0.0654075251572	2.93693891962	1.9211255168	0.57868867712	558
43	0.25	0.75	0.0	2.21570545312	1.95635877498	-0.0132332955619	2.45680856153	2.04446656705	0.611843573019	559
43	0.25	1.0	0.0	1.77623846065	2.00814763866	-0.0147548625828	1.99276973287	2.09401699079	0.595031772271	560
43	0.5	0.0	0.0	3.71221053615	1.55322230384	-0.216827611592	3.98134029186	1.71474235182	0.346733706936	561
43	0.5	0.25	0.0	3.16933486352	1.727393666	-0.242865411846	3.46529708334	1.8799825712	0.344103174003	562
43	0.5	0.5	0.0	2.68567745334	1.91269263582	-0.225363760477	2.96722851957	2.04771282921	0.360599201684	563
43	0.5	0.75	0.0	2.2344284508	2.05067191027	-0.208426909121	2.48455609725	2.17095184802	0.367763296772	564
43	0.5	1.0	0.0	1.78877800105	2.08288418632	-0.236159109409	2.0147013131	2.20271834978	0.337136966061	565
43	0.75	0.0	0.0	3.75368467089	1.64847590807	-0.303909100892	4.02304608918	1.81107847851	0.185979558197	566
43	0.75	0.25	0.0	3.20097395546	1.82309837152	-0.366231871896	3.49942471325	1.98373748441	0.1510635987	567
43	0.75	0.5	0.0	2.71100549393	2.01022932839	-0.386366328209	2.99918639565	2.1638598891	0.137055436164	568
43	0.75	0.75	0.0	2.25613139383	2.14953256223	-0.400692388772	2.51524661025	2.29666488251	0.122380269597	569
43	0.75	1.0	0.0	1.80870376267	2.18067185657	-0.44558997253	2.04052083088	2.32737165458	0.0854632980061	570
43	1.0	0.0	0.0	3.777842524	1.700174068	-0.383696646	4.04943057646	1.86706753071	0.0485861426946	571
43	1.0	0.25	0.0	3.22091848593	1.8754454299	-0.467336757785	3.52200821435	2.04595058185	-0.0106638481736	572
43	1.0	0.5	0.0	2.73013837258	2.07715686369	-0.519933319221	3.02282953986	2.23941819828	-0.0522926095349	573
43	1.0	0.75	0.0	2.27915859744	2.23955114189	-0.561659684296	2.54130903013	2.39277920061	-0.0885492318924	574
43	1.0	1.0	0.0	1.841635574	2.296871037	-0.612689207	2.06686116234	2.45134240948	-0.131682805749	575
44	0.0	0.0	0.0	1.765465313	1.961101826	0.188264523	1.97809321409	2.01790207331	0.830841290494	576
44	0.0	0.25	0.0	1.29677438749	2.0221655069	0.205591488054	1.5005842782	2.06629015114	0.824259635086	577
44	0.0	0.5	0.0	0.802983607996	2.1451826393	0.27145866869	0.99120518497	2.14337764784	0.850286362095	578
44	0.0	0.75	0.0	0.31642413525	2.3031100003	0.356032544481	0.476323591062	2.23876332146	0.888576796965	579
44	0.0	1.0	0.0	-0.13057287	2.468904367	0.429479595	-0.0176928468707	2.34204593002	0.918786265139	580
44	0.25	0.0	0.0	1.77623846065	2.00814763866	-0.0147548625828	1.99276973287	2.09401699079	0.595031772271	581
44	0.25	0.25	0.0	1.30812894765	2.04581736183	-0.0195063479291	1.51540900934	2.12169515187	0.570136896228	582
44	0.25	0.5	0.0	0.813606170124	2.1673395318	0.0348319747415	1.00667672371	2.19388981782	0.587452999241	583
44	0.25	0.75	0.0	0.327943635956	2.33847586232	0.118981417717	0.492971947189	2.29639084481	0.625774716724	584
44	0.25	1.0	0.0	-0.113585146994	2.52498806717	0.203663293285	0.000693750942868	2.41498808899	0.663896684087	585
44	0.5	0.0	0.0	1.78877800105	2.08288418632	-0.236159109409	2.0147013131	2.20271834978	0.337136966061	586
44	0.5	0.25	0.0	1.32366088955	2.1112869372	-0.256940083377	1.53705318156	2.21641240839	0.304185266651	587
44	0.5	0.5	0.0	0.832654125825	2.24027563316	-0.213508258806	1.02758008049	2.29282410714	0.308982103417	588
44	0.5	0.75	0.0	0.350894645098	2.4196738319	-0.135263574955	0.513605072872	2.40124726416	0.333765242306	589
44	0.5	1.0	0.0	-0.0864806174028	2.59930509118	-0.0516059710839	0.0224512217001	2.5109756976	0.360772449267	590
44	0.75	0.0	0.0	1.80870376267	2.18067185657	-0.44558997253	2.04052083088	2.32737165458	0.0854632980061	591
44	0.75	0.25	0.0	1.34968233181	2.21269292999	-0.474574739658	1.56147142114	2.34046329665	0.0503441646562	592
44	0.75	0.5	0.0	0.86242570545	2.34930426773	-0.44160425257	1.04783771512	2.42294281936	0.0424310384303	593
44	0.75	0.75	0.0	0.382610541192	2.52819190965	-0.373729748745	0.529950161202	2.52992391087	0.0489888575096	594
44	0.75	1.0	0.0	-0.0540865033606	2.6870418956	-0.298002465661	0.0381392077758	2.61652025932	0.0572825600751	595
44	1.0	0.0	0.0	1.841635574	2.296871037	-0.612689207	2.06686116234	2.45134240948	-0.131682805749	596
44	1.0	0.25	0.0	1.39250539302	2.34415403719	-0.640275338137	1.58461835435	2.48386919261	-0.167446991458	597
44	1.0	0.5	0.0	0.905219139351	2.47973875988	-0.617498227168	1.06137208743	2.56700825805	-0.184642831909	598
44	1.0	0.75	0.0	0.420424702753	2.64551809613	-0.563444418865	0.533734405271	2.65901211625	-0.192113953867	599
44	1.0	1.0	0.0	-0.021230027	2.783384937	-0.497200458	0.038317351545	2.71813327764	-0.198703984093	600
49	0.0	0.0	0.0	5.033513745	0.404214198	-0.199999995	5.3831857981	0.452493684788	0.0970926477898	601
49	0.0	0.25	0.0	4.93073011195	0.857008906162	-0.209720177143	5.25857386048	0.974548559615	0.125006953673	602
49	0.0	0.5	0.0	4.67954683319	1.23002307537	-0.241228577766	4.96450307405	1.37848411279	0.127381646893	603
49	0.0	0.75	0.0	4.29142920509	1.51412277339	-0.298046849755	4.54633484424	1.67306791344	0.102485214288	604
49	0.0	1.0	0.0	3.777842524	1.700174068	-0.383696646	4.04943057646	1.86706753071	0.0485861426946	605
49	0.25	0.0	0.0	5.03012564172	0.403877000774	-0.20848763564	5.38401696286	0.450422654154	0.0872906341546	606
49	0.25	0.25	0.0	4.92868052932	0.856087513691	-0.279288329137	5.26184282741	0.96956995101	0.0295911111166	607
49	0.25	0.5	0.0	4.68074705567	1.23129902332	-0.345746784776	4.97351207549	1.37566962936	-0.0188103476729	608
49	0.25	0.75	0.0	4.29663753175	1.51708930665	-0.419387970843	4.56202170438	1.6755719231	-0.0734752980365	609
49	0.25	1.0	0.0	3.78666426855	1.70103614067	-0.511736855627	4.07036871134	1.87612706612	-0.149965295797	610
49	0.5	0.0	0.0	5.0226718145	0.40261169646	-0.215285106498	5.38584552534	0.445342916341	0.0776015427081	611
49	0.5	0.25	0.0	4.91998296121	0.841152056653	-0.342788742503	5.26421446855	0.94983228263	-0.056188977429	612
49	0.5	0.5	0.0	4.67040374401	1.20192500545	-0.45580516377	4.97861555309	1.34584778426	-0.17379026653	613
49	0.5	0.75	0.0	4.28736512237	1.47786068225	-0.565725715818	4.57369010669	1.64140771258	-0.287471782215	614
49	0.5	1.0	0.0	3.78429805573	1.66188922642	-0.683941744168	4.09407945712	1.84453035895	-0.409502982102	615
49	0.75	0.0	0.0	5.01521798728	0.400037718667	-0.221702372856	5.38767408781	0.438954505049	0.0682926557603	616
49	0.75	0.25	0.0	4.90906250046	0.814740875293	-0.40359138145	5.26598865402	0.91605662963	-0.136227904007	617
49	0.75	0.5	0.0	4.65345591963	1.15398745195	-0.562733951213	4.98197334483	1.29621988637	-0.322732234811	618
49	0.75	0.75	0.0	4.26837843944	1.41558881266	-0.709826703302	4.58288002377	1.58460161509	-0.497341293222	619
49	0.75	1.0	0.0	3.77381025455	1.59735632146	-0.855566258875	4.11596055437	1.78635915563	-0.666176035808	620
49	1.0	0.0	0.0	5.011829884	0.395774501	-0.2290494	5.38850525257	0.432957453974	0.0596312556214	621
49	1.0	0.25	0.0	4.90034423992	0.779392309856	-0.465066210186	5.26746525392	0.868964067161	-0.21442026066	622
49	1.0	0.5	0.0	4.63484260391	1.09957279297	-0.657863383568	4.98574528872	1.23398724456	-0.45081037765	623
49	1.0	0.75	0.0	4.24444394545	1.34942561035	-0.824457551916	4.59113142822	1.51917996383	-0.660920886034	624
49	1.0	1.0	0.0	3.758267234	1.522060422	-0.981865347	4.13140974367	1.71569520262	-0.856133576501	625
50	0.0	0.0	0.0	5.011829884	0.395774501	-0.2290494	5.38850525257	0.432957453974	0.0596312556214	626
50	0.0	0.25	0.0	4.90034423992	0.779392309856	-0.465066210186	5.26746525392	0.868964067161	-0.21442026066	627
50	0.0	0.5	0.0	4.63484260391	1.09957279297	-0.657863383568	4.98574528872	1.23398724456	-0.45081037765	628
50	0.0	0.75	0.0	4.24444394545	1.34942561035	-0.824457551916	4.59113142822	1.51917996383	-0.660920886034	629
50	0.0	1.0	0.0	3.758267234	1.522060422	-0.981865347	4.13140974367	1.71569520262	-0.856133576501	630
50	0.25	0.0	0.0	5.01086637837	0.390637074792	-0.235911681207	5.39112323148	0.427534305658	0.0508943122987	631
50	0.25	0.25	0.0	4.89302762349	0.735338564005	-0.521870215294	5.26994093322	0.812086779486	-0.288434520711	632
50	0.25	0.5	0.0	4.6165293838	1.02997063659	-0.746558612816	4.98944322217	1.14929108684	-0.570508520728	633
50	0.25	0.75	0.0	4.22281124376	1.26268985116	-0.931755673592	4.60011642088	1.41974686369	-0.811850257834	634
50	0.25	1.0	0.0	3.75331278779	1.42165276636	-1.09924019744	4.15244685191	1.60405374602	-1.02898230211	635
50	0.5	0.0	0.0	5.008746666	0.384576681615	-0.241796046459	5.3968827851	0.420845323844	0.0408856903905	636
50	0.5	0.25	0.0	4.88542402255	0.679099760766	-0.573559134765	5.27360196494	0.74293744862	-0.36019012134	637
50	0.5	0.5	0.0	4.60081207455	0.936327004669	-0.835801364939	4.99165940395	1.03460050962	-0.695816937652	638
50	0.5	0.75	0.0	4.20935569051	1.14534911553	-1.05056478186	4.60931584627	1.27540102906	-0.980966258263	639
50	0.5	1.0	0.0	3.76549973893	1.29525679555	-1.2398914304	4.18483203607	1.44490552918	-1.23060958289	640
50	0.75	0.0	0.0	5.00662695363	0.37766097288	-0.246646513482	5.40264233871	0.413301026472	0.0319109667121	641
50	0.75	0.25	0.0	4.87936923009	0.61640123003	-0.617468390614	5.27737487067	0.666841522936	-0.423964749285	642
50	0.75	0.5	0.0	4.5894817351	0.833705848499	-0.914782124725	4.99413610377	0.90822268901	-0.809836282929	643
50	0.75	0.75	0.0	4.20170222505	1.01911983381	-1.15909965401	4.6186807368	1.11643878061	-1.1376325582	644
50	0.75	1.0	0.0	3.78076845635	1.16218819147	-1.37093291665	4.21676346854	1.27048405367	-1.41928249908	645
50	1.0	0.0	0.0	5.005663448	0.3699576	-0.2504071	5.40526031762	0.405311931484	0.0262757180785	646
50	1.0	0.25	0.0	4.87669903909	0.552968301683	-0.650933404857	5.28018617198	0.589124450809	-0.474036091282	647
50	1.0	0.5	0.0	4.5843294244	0.737171119356	-0.972691376959	4.99861559134	0.788464801128	-0.895667211064	648
50	1.0	0.75	0.0	4.19747578676	0.905718436352	-1.23557506733	4.62816212486	0.973156439027	-1.25121282853	649
50	1.0	1.0	0.0	3.785059309	1.041762636	-1.459478527	4.23643932173	1.11302282109	-1.55326813093	650
53	0.0	0.0	0.0	5.005663448	0.3699576	-0.2504071	5.40526031762	0.405311931484	0.0262757180785	651
53	0.0	0.25	0.0	4.87669903909	0.552968301683	-0.650933404857	5.28018617198	0.589124450809	-0.474036091282	652
53	0.0	0.5	0.0	4.5843294244	0.737171119356	-0.972691376959	4.99861559134	0.788464801128	-0.895667211064	653
53	0.0	0.75	0.0	4.19747578676	0.905718436352	-1.23557506733	4.62816212486	0.973156439027	-1.25121282853	654
53	0.0	1.0	0.0	3.785059309	1.041762636	-1.459478527	4.23643932173	1.11302282109	-1.55326813093	655
53	0.25	0.0	0.0	5.00246120503	0.357189416511	-0.253993180269	5.40423304805	0.39104894043	0.0220063372059	656
53	0.25	0.25	0.0	4.86982058172	0.446261280629	-0.676966383451	5.27973041034	0.455474228994	-0.51762417372	657
53	0.25	0.5	0.0	4.5693797771	0.565580234508	-1.0118264051	4.99955477747	0.567597378499	-0.967772938628	658
53	0.25	0.75	0.0	4.17517791777	0.688375034285	-1.27866616907	4.63152209848	0.687923449972	-1.34217906548	659
53	0.25	1.0	0.0	3.76125413034	0.7878744361	-1.4975785992	4.24344832239	0.776957504444	-1.65458166225	660
53	0.5	0.0	0.0	4.9954162705	0.344855352294	-0.254424920318	5.40197305501	0.375426299569	0.0200713358283	661
53	0.5	0.25	0.0	4.85554364717	0.335964661347	-0.66902186601	5.27391584876	0.317387813469	-0.515497329061	662
53	0.5	0.5	0.0	4.53981003983	0.371820838926	-0.990753570783	4.98679246346	0.312894402016	-0.964387416841	663
53	0.5	0.75	0.0	4.13335925152	0.423469963757	-1.24042629746	4.61549265837	0.330935105614	-1.33644254468	664
53	0.5	1.0	0.0	3.72133508527	0.461958114569	-1.43884630886	4.23490619273	0.340498964663	-1.64150632975	665
53	0.75	0.0	0.0	4.98837133597	0.332820661931	-0.251689600458	5.39971306197	0.360103032562	0.0213033943596	666
53	0.75	0.25	0.0	4.84141039101	0.228071004288	-0.635815862722	5.26682815321	0.186369307531	-0.476042327499	667
53	0.75	0.5	0.0	4.51054371375	0.179313616994	-0.930801359046	4.97001170899	0.0650326181398	-0.901300292501	668
53	0.75	0.75	0.0	4.09161283013	0.156744179061	-1.15603845667	4.59283844188	-0.0219252611833	-1.2566226249	669
53	0.75	1.0	0.0	3.68045926606	0.130558369503	-1.33091952284	4.21888306448	-0.0925225560085	-1.54416144897	670
53	1.0	0.0	0.0	4.985169093	0.3209506	-0.245774501	5.3986857924	0.346738163066	0.0265351932138	671
53	1.0	0.25	0.0	4.83496296879	0.128572869904	-0.586064383778	5.26255298966	0.0739228144793	-0.407645939232	672
53	1.0	0.5	0.0	4.49650429999	0.0114792530966	-0.853298254923	4.95889557373	-0.135311226673	-0.794301212405	673
53	1.0	0.75	0.0	4.06953169569	-0.0660613655088	-1.06068565086	4.57632408637	-0.294774317553	-1.12533866493	674
53	1.0	1.0	0.0	3.653783765	-0.139780101	-1.221436108	4.20344906936	-0.418276815325	-1.39266633543	675
54	0.0	0.0	0.0	4.985169093	0.3209506	-0.245774501	5.3986857924	0.346738163066	0.0265351932138	676
54	0.0	0.25	0.0	4.83496296879	0.128572869904	-0.586064383778	5.26255298966	0.0739228144793	-0.407645939232	677
54	0.0	0.5	0.0	4.49650429999	0.0114792530966	-0.853298254923	4.95889557373	-0.135311226673	-0.794301212405	678
54	0.0	0.75	0.0	4.06953169569	-0.0660613655088	-1.06068565086	4.57632408637	-0.294774317553	-1.12533866493	679
54	0.0	1.0	0.0	3.653783765	-0.139780101	-1.221436108	4.20344906936	-0.418276815325	-1.39266633543	680
54	0.25	0.0	0.0	4.98834284972	0.309987086729	-0.236923452844	5.40015354319	0.33594986289	0.0392634988567	681
54	0.25	0.25	0.0	4.83978124045	0.0347609069342	-0.51746431733	5.262363048	-0.0237554075433	-0.308975765077	682
54	0.25	0.5	0.0	4.50446920053	-0.145835170913	-0.746237851439	4.95441901052	-0.301845200174	-0.625744284054	683
54	0.25	0.75	0.0	4.07893494828	-0.274373491534	-0.929761068867	4.5654316394	-0.514306579224	-0.901409176669	684
54	0.25	1.0	0.0	3.659706702	-0.393426399649	-1.07455098331	4.18451114327	-0.677126608913	-1.12633756151	685
54	0.5	0.0	0.0	4.9953251145	0.302110147309	-0.226278036202	5.40338259493	0.328458392279	0.0584388819699	686
54	0.5	0.25	0.0	4.8503123657	-0.0457022838634	-0.430093967804	5.26365754065	-0.103399144442	-0.185207891009	687
54	0.5	0.5	0.0	4.52324454289	-0.296208666648	-0.600271886665	4.95043690604	-0.449379093977	-0.397705318231	688
54	0.5	0.75	0.0	4.10588028079	-0.490077905657	-0.740163149531	4.55245548281	-0.721724738443	-0.579450292606	689
54	0.5	1.0	0.0	3.68997821414	-0.667978905504	-0.853119113149	4.15844806265	-0.932679359956	-0.730839707041	690
54	0.75	0.0	0.0	5.00230737928	0.297362258984	-0.213915651709	5.40661164666	0.324095972763	0.0793312329339	691
54	0.75	0.25	0.0	4.86039819379	-0.102599244518	-0.329106127037	5.26469099255	-0.154521720967	-0.0445763176498	692
54	0.75	0.5	0.0	4.54077676287	-0.4108787138	-0.434242621511	4.94588201603	-0.549803544242	-0.146301597276	693
54	0.75	0.75	0.0	4.13123923714	-0.661817907776	-0.526116200198	4.53925115809	-0.868977005212	-0.23091178149	694
54	0.75	1.0	0.0	3.71958176721	-0.889758585357	-0.601517928166	4.13386485973	-1.11926961203	-0.303474045834	695
54	1.0	0.0	0.0	5.005481136	0.295785899	-0.1999137	5.40807939745	0.322694825874	0.0972104421294	696
54	1.0	0.25	0.0	4.86388057395	-0.125712517059	-0.219653586865	5.26371792861	-0.166636461868	0.104684954379	697
54	1.0	0.5	0.0	4.54501229632	-0.461082792062	-0.266992316891	4.93968709619	-0.575009187131	0.0923495964719	698
54	1.0	0.75	0.0	4.13588336128	-0.738236797784	-0.321844528221	4.52767420674	-0.908011589532	0.0727565879322	699
54	1.0	1.0	0.0	3.723500827	-0.985086406	-0.364124859	4.11936656678	-1.17123190869	0.0584581482844	700
57	0.0	0.0	0.0	5.005481136	0.295785899	-0.1999137	5.40807939745	0.322694825874	0.0972104421294	701
57	0.0	0.25	0.0	4.86388057395	-0.125712517059	-0.219653586865	5.26371792861	-0.166636461868	0.104684954379	702
57	0.0	0.5	0.0	4.54501229632	-0.461082792062	-0.266992316891	4.93968709619	-0.575009187131	0.0923495964719	703
57	0.0	0.75	0.0	4.13588336128	-0.738236797784	-0.321844528221	4.52767420674	-0.908011589532	0.0727565879322	704
57	0.0	1.0	0.0	3.723500827	-0.985086406	-0.364124859	4.11936656678	-1.17123190869	0.0584581482844	705
57	0.25	0.0	0.0	5.00441575631	0.29755804686	-0.186435553781	5.40560505484	0.32692505252	0.115407815342	706
57	0.25	0.25	0.0	4.8578904331	-0.10826262715	-0.11879414681	5.25771605664	-0.135423237987	0.238592351044	707
57	0.25	0.5	0.0	4.52713701634	-0.428542350224	-0.122492590154	4.92554503284	-0.518808133281	0.290311506672	708
57	0.25	0.75	0.0	4.10371929253	-0.689753515589	-0.155896948418	4.50466589683	-0.830197916481	0.307321085626	709
57	0.25	1.0	0.0	3.67920104819	-0.918368516471	-0.177373286209	4.090652562	-1.07656087071	0.326376891303	710
57	0.5	0.0	0.0	5.002071921	0.302586834345	-0.173885190857	5.4001615011	0.337361613332	0.138340477654	711
57	0.5	0.25	0.0	4.84590312368	-0.058245939711	-0.0229118338019	5.24631974135	-0.0693211976998	0.363980356881	712
57	0.5	0.5	0.0	4.4922206458	-0.335431241624	0.0202587904348	4.89941840247	-0.404485516612	0.49016742415	713
57	0.5	0.75	0.0	4.04208094168	-0.555709640138	0.0132893411213	4.46021397824	-0.675236902271	0.56069023285	714
57	0.5	1.0	0.0	3.59654046562	-0.745821704	0.0138424775259	4.02946296243	-0.88868091354	0.619337336372	715
57	0.75	0.0	0.0	4.99972808569	0.310506329407	-0.162927007254	5.39471794737	0.350688881722	0.159680960645	716
57	0.75	0.25	0.0	4.83240834377	0.0141449356469	0.0590546847312	5.23331427769	0.0186887131301	0.471805380883	717
57	0.75	0.5	0.0	4.45292118561	-0.208555447568	0.140024987204	4.8680983016	-0.259301991018	0.666276055965	718
57	0.75	0.75	0.0	3.97428592175	-0.381082884216	0.153310485573	4.4068737777	-0.485612978962	0.788068377819	719
57	0.75	1.0	0.0	3.50952186274	-0.526925438279	0.172237765248	3.95744446459	-0.662573998941	0.882157738376	720
57	1.0	0.0	0.0	4.998662706	0.3209506	-0.154225399	5.39224360476	0.3635912311	0.173101795893	721
57	1.0	0.25	0.0	4.82189579147	0.0987173893111	0.118166741362	5.22248496061	0.115625548638	0.553023832044	722
57	1.0	0.5	0.0	4.42189663666	-0.0747209493643	0.215569162483	4.83837582673	-0.110518210391	0.792996109179	723
57	1.0	0.75	0.0	3.92365184578	-0.210850960608	0.231762630113	4.35720062192	-0.303810578614	0.944659868747	724
57	1.0	1.0	0.0	3.452148023	-0.321159189	0.26052791	3.89624376502	-0.453222088664	1.0596563522	725
58	0.0	0.0	0.0	4.998662706	0.3209506	-0.154225399	5.39224360476	0.3635912311	0.173101795893	726
58	0.0	0.25	0.0	4.82189579147	0.0987173893111	0.118166741362	5.22248496061	0.115625548638	0.553023832044	727
58	0.0	0.5	0.0	4.42189663666	-0.0747209493643	0.215569162483	4.83837582673	-0.110518210391	0.792996109179	728
58	0.0	0.75	0.0	3.92365184578	-0.210850960608	0.231762630113	4.35720062192	-0.303810578614	0.944659868747	729
58	0.0	1.0	0.0	3.452148023	-0.321159189	0.26052791	3.89624376502	-0.453222088664	1.0596563522	730
58	0.25	0.0	0.0	4.99722764303	0.332521727984	-0.148678686096	5.38989503551	0.377065778881	0.179217114745	731
58	0.25	0.25	0.0	4.81700481509	0.192579740508	0.148744955614	5.21345376758	0.221873831578	0.599317047472	732
58	0.25	0.5	0.0	4.4092488646	0.0764576685604	0.246679543552	4.81498862356	0.0637003150249	0.861386139715	733
58	0.25	0.75	0.0	3.90360678069	-0.0155954203473	0.255593306672	4.3210657822	-0.0791874250088	1.02463662957	734
58	0.25	1.0	0.0	3.42972555249	-0.0833304587052	0.285954473929	3.85825142225	-0.188522042754	1.14828075512	735
58	0.5	0.0	0.0	4.9940705045	0.344897839355	-0.146024498214	5.38472818317	0.393629413806	0.183122235714	736
58	0.5	0.25	0.0	4.81720113276	0.296581909416	0.156680168157	5.20566925335	0.341682063795	0.614179989158	737
58	0.5	0.5	0.0	4.41461410805	0.251703878349	0.250367091393	4.80140347042	0.274890272621	0.881259653449	738
58	0.5	0.75	0.0	3.91025598511	0.219140905296	0.251994452124	4.30321226319	0.20950038986	1.04632234992	739
58	0.5	1.0	0.0	3.42807331865	0.207770149396	0.278520430982	3.84237706042	0.161758765083	1.17132919989	740
58	0.75	0.0	0.0	4.99091336597	0.357552081049	-0.146312635975	5.37956133084	0.410471179053	0.18408503104	741
58	0.75	0.25	0.0	4.82044754659	0.401231020283	0.144642176612	5.20066603595	0.462350737018	0.602439314097	742
58	0.75	0.5	0.0	4.42963071042	0.427402911211	0.228386953414	4.796246783	0.489526481948	0.860799916055	743
58	0.75	0.75	0.0	3.93288543916	0.453960472872	0.222525883464	4.2982551683	0.50523395255	1.02008955137	744
58	0.75	1.0	0.0	3.44463431449	0.4987964243	0.244663155794	3.83864278816	0.522708687529	1.14123093451	745
58	1.0	0.0	0.0	4.989478303	0.3699576	-0.1495929	5.37721276159	0.424780117801	0.181373372963	746
58	1.0	0.25	0.0	4.82470685871	0.497034197353	0.115300778602	5.19997873345	0.571180342979	0.568921679283	747
58	1.0	0.5	0.0	4.4459370151	0.579939998356	0.182494277025	4.79814497696	0.674083762555	0.808190193207	748
58	1.0	0.75	0.0	3.96078112294	0.649465738931	0.168747417685	4.30080960091	0.750994349621	0.956310755505	749
58	1.0	1.0	0.0	3.476851533	0.736402155	0.190820023	3.83707071408	0.819416077267	1.07041520695	750
61	0.0	0.0	0.0	4.989478303	0.3699576	-0.1495929	5.37721276159	0.424780117801	0.181373372963	751
61	0.0	0.25	0.0	4.82470685871	0.497034197353	0.115300778602	5.19997873345	0.571180342979	0.568921679283	752
61	0.0	0.5	0.0	4.4459370151	0.579939998356	0.182494277025	4.79814497696	0.674083762555	0.808190193207	753
61	0.0	0.75	0.0	3.96078112294	0.649465738931	0.168747417685	4.30080960091	0.750994349621	0.956310755505	754
61	0.0	1.0	0.0	3.476851533	0.736402155	0.190820023	3.83707071408	0.819416077267	1.07041520695	755
61	0.25	0.0	0.0	4.99146080097	0.377886089317	-0.153379463926	5.37710336748	0.429439367594	0.174861999317	756
61	0.25	0.25	0.0	4.83041865987	0.56051263416	0.0897054681358	5.20240443091	0.643161272353	0.536439912214	757
61	0.25	0.5	0.0	4.45998998013	0.68128527543	0.144611976305	4.80531178361	0.793134059899	0.75774405225	758
61	0.25	0.75	0.0	3.98299680913	0.776130211449	0.12385177391	4.31010710123	0.901977842279	0.891754970319	759
61	0.25	1.0	0.0	3.50226119423	0.880973640545	0.139936574278	3.84107205943	0.992312731541	0.991453217316	760
61	0.5	0.0	0.0	4.9958222965	0.384681626126	-0.158077097415	5.37686270045	0.429042577451	0.164169784445	761
61	0.5	0.25	0.0	4.84089037489	0.625465253957	0.0613483204545	5.20684150541	0.717779626795	0.496679819166	762
61	0.5	0.5	0.0	4.48308649405	0.796444371085	0.104328786509	4.81918466954	0.925636736307	0.693969403684	763
61	0.5	0.75	0.0	4.01552950539	0.927826821815	0.073739697752	4.33013334217	1.07424199587	0.804731172118	764
61	0.5	1.0	0.0	3.53133826034	1.04982045045	0.0724564511866	3.85592867261	1.18522349535	0.877657758588	765
61	0.75	0.0	0.0	5.00018379203	0.390569375122	-0.163872057196	5.37662203342	0.427737999495	0.152380243281	766
61	0.75	0.25	0.0	4.85393723455	0.686048917508	0.026503862875	5.21281843148	0.786202096044	0.447889098988	767
61	0.75	0.5	0.0	4.51370404222	0.908064899604	0.0576498691559	4.8378170719	1.04954958655	0.616642430743	768
61	0.75	0.75	0.0	4.05873055398	1.07737383809	0.0185600381852	4.35771874283	1.23691897665	0.702000720267	769
61	0.75	1.0	0.0	3.56826310878	1.21473224963	-0.00177155349834	3.87862423242	1.36744877197	0.747324449279	770
61	1.0	0.0	0.0	5.00216629	0.395774501	-0.1709506	5.37651263931	0.42967388585	0.142576890758	771
61	1.0	0.25	0.0	4.86737446966	0.736420485579	-0.0185533772857	5.21986368367	0.83959536984	0.388315450526	772
61	1.0	0.5	0.0	4.55032011002	0.998794475266	0.000580385764413	4.85926242781	1.1428304054	0.525539316661	773
61	1.0	0.75	0.0	4.11295129712	1.19758952832	-0.0415383558177	4.38969372228	1.35914095089	0.59032497413	774
61	1.0	1.0	0.0	3.617216117	1.347498703	-0.072898647	3.90614241766	1.50828896466	0.618748907903	775
62	0.0	0.0	0.0	5.00216629	0.395774501	-0.1709506	5.37651263931	0.42967388585	0.142576890758	776
62	0.0	0.25	0.0	4.86737446966	0.736420485579	-0.0185533772857	5.21986368367	0.83959536984	0.388315450526	777
62	0.0	0.5	0.0	4.55032011002	0.998794475266	0.000580385764413	4.85926242781	1.1428304054	0.525539316661	778
62	0.0	0.75	0.0	4.11295129712	1.19758952832	-0.0415383558177	4.38969372228	1.35914095089	0.59032497413	779
62	0.0	1.0	0.0	3.617216117	1.347498703	-0.072898647	3.90614241766	1.50828896466	0.618748907903	780
62	0.25	0.0	0.0	5.00706432984	0.400614956807	-0.178848113955	5.37755532037	0.436761232585	0.132111431808	781
62	0.25	0.25	0.0	4.8822167227	0.780375892014	-0.0673511190189	5.22842458436	0.886925347546	0.326927785759	782
62	0.25	0.5	0.0	4.58544975937	1.06966109994	-0.0561269612654	4.88318330735	1.21447576778	0.436117329429	783
62	0.25	0.75	0.0	4.16357294722	1.28508843221	-0.0954216363045	4.42520360604	1.44519715553	0.485514757551	784
62	0.25	1.0	0.0	3.66339579359	1.44327574044	-0.135481139746	3.93785759714	1.60487417306	0.500954764857	785
62	0.5	0.0	0.0	5.0178400175	0.403124796404	-0.184565819258	5.37984921871	0.444214232223	0.120744247516	786
62	0.5	0.25	0.0	4.90272326144	0.817215618699	-0.10372155067	5.24044851522	0.929950162161	0.276331209345	787
62	0.5	0.5	0.0	4.62594616129	1.13986328537	-0.104504297739	4.91545821555	1.28838916581	0.347674549845	788
62	0.5	0.75	0.0	4.2187086189	1.38166608442	-0.15338325365	4.47303618574	1.54237273256	0.362050104035	789
62	0.5	1.0	0.0	3.71221053615	1.55322230384	-0.216827611592	3.98134029186	1.71474235182	0.346733706936	790
62	0.75	0.0	0.0	5.02861570516	0.40406941255	-0.190738263681	5.38214311704	0.45010200841	0.108922324103	791
62	0.75	0.25	0.0	4.92139431487	0.84380488397	-0.145299595594	5.2518575745	0.961535878059	0.215899629308	792
62	0.75	0.5	0.0	4.66093621836	1.19733821578	-0.160791533343	4.94594539144	1.34843661048	0.248624736226	793
62	0.75	0.75	0.0	4.26558510669	1.46533876985	-0.219549545564	4.51835781421	1.6264141594	0.230762945606	794
62	0.75	1.0	0.0	3.75368467089	1.64847590807	-0.303909100892	4.02304608918	1.81107847851	0.185979558197	795
62	1.0	0.0	0.0	5.033513745	0.404214198	-0.199999995	5.3831857981	0.452493684788	0.0970926477898	796
62	1.0	0.25	0.0	4.93073011195	0.857008906162	-0.209720177143	5.25857386048	0.974548559615	0.125006953673	797
62	1.0	0.5	0.0	4.67954683319	1.23002307537	-0.241228577766	4.96450307405	1.37848411279	0.127381646893	798
62	1.0	0.75	0.0	4.29142920509	1.51412277339	-0.298046849755	4.54633484424	1.67306791344	0.102485214288	799
62	1.0	1.0	0.0	3.777842524	1.700174068	-0.383696646	4.04943057646	1.86706753071	0.0485861426946	800
