Elem	xi[0]	xi[1]	xi[2]	Y[0]	Y[1]	Y[2]	y[0]	y[1]	y[2]	Index
1	0.0	0.0	0.0	-0.021230027	2.783384937	-0.497200458	-0.0505638222375	2.45999483162	0.0354926218997	1
1	0.0	0.25	0.0	-0.532116240092	2.92145247273	-0.43384988749	-0.592265005163	2.49069480975	0.0271017739803	2
1	0.0	0.5	0.0	-1.08876342883	3.07670653575	-0.392306601493	-1.14741451613	2.55048322907	0.0494677269004	3
1	0.0	0.75	0.0	-1.66327642915	3.23002637939	-0.362264303499	-1.69843774384	2.61365371661	0.0975629953377	4
1	0.0	1.0	0.0	-2.227760077	3.362291257	-0.333416697	-2.227760077	2.65449989939	0.16636009397	5
1	0.25	0.0	0.0	0.00557428406247	2.86693564789	-0.744356533375	-0.0761104514744	2.52418681915	-0.319046720005	6
1	0.25	0.25	0.0	-0.520720596361	2.95966105904	-0.665803292353	-0.615058300411	2.50344562728	-0.307596774372	7
1	0.25	0.5	0.0	-1.08943837777	3.04380630651	-0.593812738073	-1.15691631577	2.51316397475	-0.234533897831	8
1	0.25	0.75	0.0	-1.66959489231	3.1321419821	-0.517849771458	-1.69689527915	2.52744301862	-0.134893465483	9
1	0.25	1.0	0.0	-2.23020597213	3.23743867761	-0.427379293434	-2.23020597213	2.52038391597	-0.0437108524292	10
1	0.5	0.0	0.0	0.0134645942407	2.89184008148	-1.06014635178	-0.0678292954723	2.56667130052	-0.748549773614	11
1	0.5	0.25	0.0	-0.530213997136	2.94535453844	-0.954576790159	-0.632480905505	2.4950291818	-0.705557143653	12
1	0.5	0.5	0.0	-1.10603324442	2.98249890384	-0.845188134794	-1.18143142923	2.45733454338	-0.592333368697	13
1	0.5	0.75	0.0	-1.68836722345	3.01710695476	-0.715631151541	-1.71952106473	2.42777621073	-0.435672826725	14
1	0.5	1.0	0.0	-2.25159001008	3.06301246829	-0.549556606257	-2.25159001008	2.38054300932	-0.262369895718	15
1	0.75	0.0	0.0	0.00310357329864	2.86383055059	-1.3721666843	-0.0549677237472	2.56822263985	-1.16982115356	16
1	0.75	0.25	0.0	-0.551228619467	2.88641723128	-1.23210396208	-0.650304568884	2.45237903889	-1.09030960275	17
1	0.75	0.5	0.0	-1.12984616196	2.89806460133	-1.08600478819	-1.21645048984	2.3758108617	-0.941876590111	18
1	0.75	0.75	0.0	-1.71382387665	2.89710186901	-0.908848571327	-1.75917224331	2.31668911219	-0.729905643435	19
1	0.75	1.0	0.0	-2.28423658599	2.88185824257	-0.675614720201	-2.28423658599	2.25318479426	-0.45978029051	20
1	1.0	0.0	0.0	-0.024846109	2.788639368	-1.608014302	-0.0667731058154	2.50961520123	-1.49966547446	21
1	1.0	0.25	0.0	-0.574396640406	2.79073345788	-1.43031838929	-0.674301038984	2.36242876413	-1.38538442054	22
1	1.0	0.5	0.0	-1.15217526358	2.79578367259	-1.25583469479	-1.25746413091	2.26140885646	-1.20110946649	23
1	1.0	0.75	0.0	-1.74019530596	2.7843072965	-1.0507421584	-1.80870595759	2.19621754226	-0.942722470659	24
1	1.0	1.0	0.0	-2.320470095	2.736821614	-0.78121972	-2.320470095	2.1565168856	-0.606105291417	25
2	0.0	0.0	0.0	-0.024846109	2.788639368	-1.608014302	-0.0667731058154	2.50961520123	-1.49966547446	26
2	0.0	0.25	0.0	-0.574396640406	2.79073345788	-1.43031838929	-0.674301038984	2.36242876413	-1.38538442054	27
2	0.0	0.5	0.0	-1.15217526358	2.79578367259	-1.25583469479	-1.25746413091	2.26140885646	-1.20110946649	28
2	0.0	0.75	0.0	-1.74019530596	2.7843072965	-1.0507421584	-1.80870595759	2.19621754226	-0.942722470659	29
2	0.0	1.0	0.0	-2.320470095	2.736821614	-0.78121972	-2.320470095	2.1565168856	-0.606105291417	30
2	0.25	0.0	0.0	-0.0559838126898	2.61518854164	-1.79760507561	-0.0854750935964	2.36333898457	-1.81397126394	31
2	0.25	0.25	0.0	-0.603299079169	2.62551315122	-1.61006677801	-0.702137053882	2.21574546842	-1.67800605714	32
2	0.25	0.5	0.0	-1.18117506629	2.64209953432	-1.40690817915	-1.30275339956	2.1114762338	-1.44981889022	33
2	0.25	0.75	0.0	-1.77730278552	2.64103938488	-1.16979049972	-1.86820513093	2.0650727284	-1.13442470115	34
2	0.25	1.0	0.0	-2.37937324828	2.59842439678	-0.88037496041	-2.37937324828	2.09107639989	-0.736838427905	35
2	0.5	0.0	0.0	-0.0756077231453	2.3470580536	-1.98614317747	-0.080322284123	2.15104707264	-2.16608983901	36
2	0.5	0.25	0.0	-0.639305964224	2.39605339044	-1.82383234934	-0.724822844923	2.03390005977	-2.02216400811	37
2	0.5	0.5	0.0	-1.22317404596	2.43751524484	-1.58971670667	-1.34864058707	1.94580557777	-1.75188240029	38
2	0.5	0.75	0.0	-1.83085859522	2.45565994121	-1.30535482907	-1.93472016644	1.93284095789	-1.37140744531	39
2	0.5	1.0	0.0	-2.4660062389	2.43470380396	-0.992305296121	-2.4660062389	2.0410835314	-0.896901572888	40
2	0.75	0.0	0.0	-0.0900011622781	2.05234592175	-2.15932592634	-0.0679544708077	1.90799689886	-2.49095358063	41
2	0.75	0.25	0.0	-0.673675342777	2.14619140764	-2.0168925089	-0.742793228019	1.82897258357	-2.33475049529	42
2	0.75	0.5	0.0	-1.26933042419	2.22086638658	-1.75929039596	-1.39272481452	1.77126246634	-2.03214262025	43
2	0.75	0.75	0.0	-1.89166149878	2.26644707602	-1.43928016175	-2.00212352616	1.80302328396	-1.60674562768	44
2	0.75	1.0	0.0	-2.55536365882	2.27300969341	-1.10962238052	-2.55536365882	1.99241177322	-1.08217518974	45
2	1.0	0.0	0.0	-0.105447452	1.799150164	-2.302850641	-0.0650114470629	1.66944589663	-2.72349486973	46
2	1.0	0.25	0.0	-0.697665262035	1.91976443489	-2.13452466235	-0.756483019079	1.61304308517	-2.53265774052	47
2	1.0	0.5	0.0	-1.31080242262	2.03098854198	-1.87065936562	-1.43260520296	1.59471247751	-2.21544217366	48
2	1.0	0.75	0.0	-1.9505102599	2.11167889983	-1.55341151308	-2.06428767213	1.67912075987	-1.79351417285	49
2	1.0	1.0	0.0	-2.6224401	2.140691923	-1.224937867	-2.6224401	1.93093461848	-1.28853974185	50
5	0.0	0.0	0.0	-0.105447452	1.799150164	-2.302850641	-0.0650114470629	1.66944589663	-2.72349486973	51
5	0.0	0.25	0.0	-0.697665262035	1.91976443489	-2.13452466235	-0.756483019079	1.61304308517	-2.53265774052	52
5	0.0	0.5	0.0	-1.31080242262	2.03098854198	-1.87065936562	-1.43260520296	1.59471247751	-2.21544217366	53
5	0.0	0.75	0.0	-1.9505102599	2.11167889983	-1.55341151308	-2.06428767213	1.67912075987	-1.79351417285	54
5	0.0	1.0	0.0	-2.6224401	2.140691923	-1.224937867	-2.6224401	1.93093461848	-1.28853974185	55
5	0.25	0.0	0.0	-0.150919766794	1.25833133648	-2.4772867511	-0.0623269232269	1.04396954956	-2.97579693765	56
5	0.25	0.25	0.0	-0.747340017794	1.38615655629	-2.26185157234	-0.767924799588	1.01150847207	-2.74705603676	57
5	0.25	0.5	0.0	-1.3879135454	1.54405144461	-2.0103048883	-1.4793645537	1.07247200916	-2.44917833106	58
5	0.25	0.75	0.0	-2.05566780841	1.6761252432	-1.72384917032	-2.15011132817	1.24309750073	-2.10454949416	59
5	0.25	1.0	0.0	-2.7336302656	1.72648719381	-1.40368688975	-2.7336302656	1.53962228668	-1.7355551997	60
5	0.5	0.0	0.0	-0.204619445347	0.583508766326	-2.51006137558	-0.0383408286719	0.223718500642	-3.0622848892	61
5	0.5	0.25	0.0	-0.808598797456	0.714673392294	-2.34017170113	-0.754095407509	0.239757203233	-2.87558645552	62
5	0.5	0.5	0.0	-1.44198506884	0.903198990184	-2.08220364653	-1.46079561499	0.382990943265	-2.60705280853	63
5	0.5	0.75	0.0	-2.11156483355	1.07349838229	-1.7666381128	-2.15271438856	0.609344608967	-2.30219815786	64
5	0.5	1.0	0.0	-2.82412466565	1.14998439089	-1.42395600091	-2.82412466565	0.874743088565	-2.00653671316	65
5	0.75	0.0	0.0	-0.253074008226	-0.0878410897443	-2.42403657978	-0.0139412387676	-0.58168278387	-2.98553497301	66
5	0.75	0.25	0.0	-0.867767619388	0.0477270640531	-2.32283282424	-0.736756443188	-0.513256072353	-2.86711398829	67
5	0.75	0.5	0.0	-1.4903481861	0.251380087248	-2.07620678968	-1.43120417065	-0.319121514008	-2.65509782596	68
5	0.75	0.75	0.0	-2.15558923198	0.449698727952	-1.74217280726	-2.13810119263	-0.076535154414	-2.40367111631	69
5	0.75	1.0	0.0	-2.89826428063	0.569263734277	-1.37874520811	-2.89826428063	0.137246960848	-2.16701848966	70
5	1.0	0.0	0.0	-0.282810976	-0.618241775	-2.242074429	-0.010016228884	-1.16260983774	-2.74812343771	71
5	1.0	0.25	0.0	-0.911172501956	-0.472270307263	-2.16318271721	-0.73766950697	-1.05857670571	-2.6705036266	72
5	1.0	0.5	0.0	-1.55033409034	-0.268456355641	-1.9821654671	-1.44489600446	-0.879256156482	-2.55934560323	73
5	1.0	0.75	0.0	-2.2251289003	-0.0493733089481	-1.71084772044	-2.17227607969	-0.668939028393	-2.42617932182	74
5	1.0	1.0	0.0	-2.960390091	0.142405444	-1.361054519	-2.960390091	-0.471916159761	-2.28253473662	75
6	0.0	0.0	0.0	-0.282810976	-0.618241775	-2.242074429	-0.010016228884	-1.16260983774	-2.74812343771	76
6	0.0	0.25	0.0	-0.911172501956	-0.472270307263	-2.16318271721	-0.73766950697	-1.05857670571	-2.6705036266	77
6	0.0	0.5	0.0	-1.55033409034	-0.268456355641	-1.9821654671	-1.44489600446	-0.879256156482	-2.55934560323	78
6	0.0	0.75	0.0	-2.2251289003	-0.0493733089481	-1.71084772044	-2.17227607969	-0.668939028393	-2.42617932182	79
6	0.0	1.0	0.0	-2.960390091	0.142405444	-1.361054519	-2.960390091	-0.471916159761	-2.28253473662	80
6	0.25	0.0	0.0	-0.298175037286	-1.12102881904	-1.88825764984	-0.0158167071555	-1.67798579449	-2.27256249489	81
6	0.25	0.25	0.0	-0.930828487048	-0.982239049616	-1.80587456924	-0.74905913758	-1.58394174579	-2.21030800318	82
6	0.25	0.5	0.0	-1.5939182361	-0.779235530819	-1.70569941952	-1.49065001008	-1.44492672079	-2.18093436217	83
6	0.25	0.75	0.0	-2.28545568146	-0.536137776893	-1.53997200677	-2.24173310937	-1.26574662725	-2.15681320849	84
6	0.25	1.0	0.0	-3.00345222014	-0.277065302082	-1.26093213712	-3.00345222014	-1.05120737291	-2.11031617874	85
6	0.5	0.0	0.0	-0.310315502222	-1.65493803485	-1.37362783641	-0.0120676343277	-2.26558938712	-1.61013484339	86
6	0.5	0.25	0.0	-0.936429664606	-1.55468017739	-1.31835129343	-0.755654620553	-2.22685694256	-1.567799214	87
6	0.5	0.5	0.0	-1.60059896185	-1.35393033638	-1.25495876659	-1.52541839246	-2.10915312606	-1.54310494373	88
6	0.5	0.75	0.0	-2.29757487114	-1.09086704654	-1.14842537681	-2.29101709414	-1.92998249689	-1.52946093357	89
6	0.5	1.0	0.0	-3.02210886966	-0.803668842613	-0.963726245048	-3.02210886966	-1.70684961433	-1.52027608456	90
6	0.75	0.0	0.0	-0.320201361547	-2.11096582123	-0.792231856027	-0.0104064132766	-2.79037785433	-0.872111799325	91
6	0.75	0.25	0.0	-0.944355877832	-2.04269853603	-0.770331890189	-0.768590535692	-2.80632351004	-0.844272780122	92
6	0.75	0.5	0.0	-1.60455670516	-1.84021433359	-0.72971690252	-1.55842960145	-2.69761947444	-0.803805062945	93
6	0.75	0.75	0.0	-2.29938854389	-1.55859935162	-0.661638697459	-2.32851449339	-2.50874689655	-0.768287766309	94
6	0.75	1.0	0.0	-3.02743609435	-1.25293972784	-0.557349079447	-3.02743609435	-2.28418692539	-0.755300008726	95
6	1.0	0.0	0.0	-0.328801606	-2.380108577	-0.238116576	-0.0224704468782	-3.11730843482	-0.169764678826	96
6	1.0	0.25	0.0	-0.970986969929	-2.299398971	-0.231535359917	-0.799001462801	-3.14134266226	-0.141024222598	97
6	1.0	0.5	0.0	-1.63997190359	-2.08576108373	-0.229747221508	-1.5989120869	-3.03600986811	-0.120982434878	98
6	1.0	0.75	0.0	-2.32879877421	-1.78437292585	-0.205042835595	-2.36261176652	-2.84914008548	-0.0974589759078	99
6	1.0	1.0	0.0	-3.030509949	-1.440412508	-0.129712877	-3.030509949	-2.62856334749	-0.0582735059261	100
9	0.0	0.0	0.0	-0.328801606	-2.380108577	-0.238116576	-0.0224704468782	-3.11730843482	-0.169764678826	101
9	0.0	0.25	0.0	-0.970986969929	-2.299398971	-0.231535359917	-0.799001462801	-3.14134266226	-0.141024222598	102
9	0.0	0.5	0.0	-1.63997190359	-2.08576108373	-0.229747221508	-1.5989120869	-3.03600986811	-0.120982434878	103
9	0.0	0.75	0.0	-2.32879877421	-1.78437292585	-0.205042835595	-2.36261176652	-2.84914008548	-0.0974589759078	104
9	0.0	1.0	0.0	-3.030509949	-1.440412508	-0.129712877	-3.030509949	-2.62856334749	-0.0582735059261	105
9	0.25	0.0	0.0	-0.334130158537	-2.29878287828	0.280549823989	-0.0117002232169	-3.09331595795	0.542590636034	106
9	0.25	0.25	0.0	-0.995064226723	-2.16913162276	0.290160646136	-0.804776303029	-3.08011844474	0.596407519497	107
9	0.25	0.5	0.0	-1.67726938276	-1.93535162389	0.300616766493	-1.61509968224	-2.9746134693	0.643819366449	108
9	0.25	0.75	0.0	-2.3645061702	-1.610626823	0.327282110136	-2.38093205928	-2.79451482899	0.701311440306	109
9	0.25	1.0	0.0	-3.04053513258	-1.20814116142	0.385520602143	-3.04053513258	-2.55753632113	0.785369004481	110
9	0.5	0.0	0.0	-0.337235786534	-1.90455322944	0.822440305691	0.0353951653823	-2.76700877693	1.36073635642	111
9	0.5	0.25	0.0	-0.991854338678	-1.72488302167	0.833728747849	-0.764744472945	-2.70312062222	1.44072546665	112
9	0.5	0.5	0.0	-1.66671548444	-1.46018908789	0.882636953481	-1.58529875555	-2.56948899831	1.55650966506	113
9	0.5	0.75	0.0	-2.35491748886	-1.1098553974	0.915894451153	-2.36674452329	-2.36437649991	1.67599041183	114
9	0.5	1.0	0.0	-3.04955861699	-0.673265919489	0.880230769429	-3.04955861699	-2.08604572173	1.76706916718	115
9	0.75	0.0	0.0	-0.341974880014	-1.36211699713	1.2914046428	0.0771607519532	-2.26906290008	2.11837804034	116
9	0.75	0.25	0.0	-0.974912398399	-1.15511933398	1.33355445326	-0.718499511922	-2.16703376181	2.23616264064	117
9	0.75	0.5	0.0	-1.62859327778	-0.861453928187	1.39492105912	-1.53977395179	-1.98719019353	2.39844770657	118
9	0.75	0.75	0.0	-2.31490193032	-0.492967778102	1.38370015349	-2.33330191981	-1.7418070675	2.54074779301	119
9	0.75	1.0	0.0	-3.04572276815	-0.0615078820653	1.2080874295	-3.04572276815	-1.44315925597	2.59857745485	120
9	1.0	0.0	0.0	-0.352203829	-0.836171548	1.591292609	0.0719415695294	-1.73015433572	2.6492212458	121
9	1.0	0.25	0.0	-0.957793498487	-0.648306725933	1.72402327041	-0.705634959337	-1.62854243063	2.82695206322	122
9	1.0	0.5	0.0	-1.58318583195	-0.340326597224	1.71607680307	-1.50878991592	-1.39427079336	2.9509927366	123
9	1.0	0.75	0.0	-2.25932869469	0.0291269058478	1.5536051832	-2.29385701016	-1.10988850098	3.00975343816	124
9	1.0	1.0	0.0	-3.017169952	0.401411851	1.222760387	-3.017169952	-0.857944630542	2.99164434015	125
10	0.0	0.0	0.0	-0.352203829	-0.836171548	1.591292609	0.0719415695294	-1.73015433572	2.6492212458	126
10	0.0	0.25	0.0	-0.957793498487	-0.648306725933	1.72402327041	-0.705634959337	-1.62854243063	2.82695206322	127
10	0.0	0.5	0.0	-1.58318583195	-0.340326597224	1.71607680307	-1.50878991592	-1.39427079336	2.9509927366	128
10	0.0	0.75	0.0	-2.25932869469	0.0291269058478	1.5536051832	-2.29385701016	-1.10988850098	3.00975343816	129
10	0.0	1.0	0.0	-3.017169952	0.401411851	1.222760387	-3.017169952	-0.857944630542	2.99164434015	130
10	0.25	0.0	0.0	-0.356207925519	-0.286456253037	1.67829681259	0.0452407995113	-1.09867594789	2.89794455609	131
10	0.25	0.25	0.0	-0.944254395234	-0.135526249479	1.85277206263	-0.713142305314	-1.00383973905	3.09700150616	132
10	0.25	0.5	0.0	-1.55744075785	0.161239307596	1.77695892897	-1.49947040515	-0.745012501065	3.16123343035	133
10	0.25	0.75	0.0	-2.22516518329	0.512406085021	1.5177926688	-2.2689595629	-0.450712450819	3.12840941561	134
10	0.25	1.0	0.0	-2.97682584146	0.826539749627	1.14220853933	-2.97682584146	-0.249457805181	3.0362985489	135
10	0.5	0.0	0.0	-0.338774973175	0.371730247602	1.62614889889	0.0389207680068	-0.317851544783	2.95296268723	136
10	0.5	0.25	0.0	-0.921518913791	0.522007623436	1.72253120842	-0.703914234556	-0.186285637478	3.10449196178	137
10	0.5	0.5	0.0	-1.54216387634	0.809154433998	1.64863918252	-1.48422474074	0.0827318412563	3.16457058107	138
10	0.5	0.75	0.0	-2.20844182751	1.14304869502	1.44454014345	-2.24471386805	0.374344873332	3.13268692845	139
10	0.5	1.0	0.0	-2.92808473399	1.43356842223	1.15030141346	-2.92808473399	0.573697440661	3.00832938727	140
10	0.75	0.0	0.0	-0.299204696993	1.06273228069	1.52387139024	0.0338052976424	0.51434153946	2.88109196344	141
10	0.75	0.25	0.0	-0.882962269968	1.23007478647	1.52261434664	-0.685391388643	0.681469672654	2.96934432858	142
10	0.75	0.5	0.0	-1.516802778	1.49253139462	1.45419190203	-1.45051305736	0.930828489474	3.02026655337	143
10	0.75	0.75	0.0	-2.18210026454	1.78739507068	1.31843877593	-2.19698406624	1.18909956433	2.99917132939	144
10	0.75	1.0	0.0	-2.86022877303	2.05195878021	1.11518968786	-2.86022877303	1.38296447162	2.8713713482	145
10	1.0	0.0	0.0	-0.236796822	1.710894173	1.460486809	0.0107182110444	1.2999259707	2.74914870892	146
10	1.0	0.25	0.0	-0.821959679578	1.89445513328	1.4423351162	-0.665014409158	1.45677598993	2.81147950507	147
10	1.0	0.5	0.0	-1.4608050534	2.10048280209	1.31669142584	-1.38579548968	1.64114369946	2.78758371189	148
10	1.0	0.75	0.0	-2.11908213153	2.31178554685	1.12407973506	-2.1016342981	1.81736771501	2.70444797116	149
10	1.0	1.0	0.0	-2.762540102	2.511171735	0.905024041	-2.762540102	1.94978665233	2.58905892465	150
13	0.0	0.0	0.0	-0.236796822	1.710894173	1.460486809	0.0107182110444	1.2999259707	2.74914870892	151
13	0.0	0.25	0.0	-0.821959679578	1.89445513328	1.4423351162	-0.665014409158	1.45677598993	2.81147950507	152
13	0.0	0.5	0.0	-1.4608050534	2.10048280209	1.31669142584	-1.38579548968	1.64114369946	2.78758371189	153
13	0.0	0.75	0.0	-2.11908213153	2.31178554685	1.12407973506	-2.1016342981	1.81736771501	2.70444797116	154
13	0.0	1.0	0.0	-2.762540102	2.511171735	0.905024041	-2.762540102	1.94978665233	2.58905892465	155
13	0.25	0.0	0.0	-0.200775577635	1.99706377884	1.34654000488	-0.0101610492335	1.6469342917	2.53755621215	156
13	0.25	0.25	0.0	-0.783614999908	2.18262153717	1.34978509091	-0.659763136131	1.78170890082	2.60017077635	157
13	0.25	0.5	0.0	-1.41482659867	2.37635853326	1.21079756128	-1.34339454648	1.93598974921	2.55157752515	158
13	0.25	0.75	0.0	-2.06112049269	2.56320425131	0.997103999819	-2.03017064607	2.07502069633	2.45136377781	159
13	0.25	1.0	0.0	-2.68920680072	2.72808817552	0.776230990385	-2.68920680072	2.16404560162	2.3591168536	160
13	0.5	0.0	0.0	-0.171174965137	2.21808953746	1.07827801592	-0.0288033623419	1.9131289205	2.13555495912	161
13	0.5	0.25	0.0	-0.747482143602	2.40783420703	1.09277219685	-0.660113164697	2.03642705191	2.19014113693	162
13	0.5	0.5	0.0	-1.36301670581	2.63111620944	1.00127747753	-1.30515671341	2.19197408111	2.17188121299	163
13	0.5	0.75	0.0	-1.98963157665	2.84449523825	0.853272244519	-1.95461766626	2.33013064206	2.11841817785	164
13	0.5	1.0	0.0	-2.59917968102	3.00453098704	0.698234884404	-2.59917968102	2.40125736868	2.0673950221	165
13	0.75	0.0	0.0	-0.14782929307	2.37502016234	0.743368620007	-0.0404292412091	2.09739433868	1.66997679862	166
13	0.75	0.25	0.0	-0.71423324604	2.57950001793	0.773131437689	-0.662063926212	2.22040290247	1.71699995666	167
13	0.75	0.5	0.0	-1.31287619935	2.84106826099	0.75207645464	-1.27565437201	2.38776520137	1.74836622625	168
13	0.75	0.75	0.0	-1.91959280826	3.09369692495	0.69395528664	-1.88907937413	2.53972451276	1.76082170958	169
13	0.75	1.0	0.0	-2.51021772806	3.27135804329	0.612519549471	-2.51021772806	2.61652411401	1.75111250883	170
13	1.0	0.0	0.0	-0.13057287	2.468904367	0.429479595	-0.0402591987631	2.19861502781	1.26765357946	171
13	1.0	0.25	0.0	-0.684540442603	2.70702584499	0.492697817073	-0.661614852035	2.33310891181	1.31635660539	172
13	1.0	0.5	0.0	-1.27190590382	2.98252711828	0.527139772656	-1.25945990384	2.50203161622	1.3809040158	173
13	1.0	0.75	0.0	-1.86598161238	3.24884772867	0.520523943661	-1.84765978517	2.660829269	1.43378491129	174
13	1.0	1.0	0.0	-2.440079927	3.459427218	0.460568812	-2.440079927	2.76494799809	1.44748839244	175
14	0.0	0.0	0.0	-0.13057287	2.468904367	0.429479595	-0.0402591987631	2.19861502781	1.26765357946	176
14	0.0	0.25	0.0	-0.684540442603	2.70702584499	0.492697817073	-0.661614852035	2.33310891181	1.31635660539	177
14	0.0	0.5	0.0	-1.27190590382	2.98252711828	0.527139772656	-1.25945990384	2.50203161622	1.3809040158	178
14	0.0	0.75	0.0	-1.86598161238	3.24884772867	0.520523943661	-1.84765978517	2.660829269	1.43378491129	179
14	0.0	1.0	0.0	-2.440079927	3.459427218	0.460568812	-2.440079927	2.76494799809	1.44748839244	180
14	0.25	0.0	0.0	-0.113585146994	2.52498806717	0.203663293285	-0.0303053479651	2.25249069077	0.988305876003	181
14	0.25	0.25	0.0	-0.653259037881	2.77507873783	0.285156112157	-0.645353293406	2.38655082907	1.02936142096	182
14	0.25	0.5	0.0	-1.23042118356	3.04429335451	0.33141627935	-1.23910307303	2.54389119402	1.08236905146	183
14	0.25	0.75	0.0	-1.81701310632	3.30187175802	0.328429063846	-1.81712173523	2.69679672625	1.13223391233	184
14	0.25	1.0	0.0	-2.38497632842	3.51705378918	0.262179734625	-2.38497632842	2.81755236641	1.16386114842	185
14	0.5	0.0	0.0	-0.0864806174028	2.59930509118	-0.0516059710839	-0.0201161214312	2.32115050875	0.657612165952	186
14	0.5	0.25	0.0	-0.608698101281	2.82757983603	0.0273914180084	-0.614709793047	2.43299451754	0.676895367751	187
14	0.5	0.5	0.0	-1.17142785027	3.08205398767	0.0712892945003	-1.20209397971	2.56886639588	0.702984658142	188
14	0.5	0.75	0.0	-1.74956134916	3.32219387016	0.0726855787184	-1.77295772755	2.70518348524	0.74337210037	189
14	0.5	1.0	0.0	-2.3179900827	3.50746580758	0.0241781909895	-2.3179900827	2.81836312711	0.805549757684	190
14	0.75	0.0	0.0	-0.0540865033606	2.6870418956	-0.298002465661	-0.0225745894318	2.3938875372	0.323898923265	191
14	0.75	0.25	0.0	-0.563952284714	2.87341059565	-0.229357002748	-0.590181360464	2.46889187763	0.321846225507	192
14	0.75	0.5	0.0	-1.11688792501	3.0935960405	-0.190774044809	-1.16575650153	2.57253711113	0.329700871427	193
14	0.75	0.75	0.0	-1.6896434278	3.30113757424	-0.179835785728	-1.72883923835	2.67959924802	0.365661214877	194
14	0.75	1.0	0.0	-2.25896879664	3.44957454094	-0.194124419391	-2.25896879664	2.76485429863	0.447925609711	195
14	1.0	0.0	0.0	-0.021230027	2.783384937	-0.497200458	-0.0505638222375	2.45999483162	0.0354926218997	196
14	1.0	0.25	0.0	-0.532116240092	2.92145247273	-0.43384988749	-0.592265005163	2.49069480975	0.0271017739803	197
14	1.0	0.5	0.0	-1.08876342883	3.07670653575	-0.392306601493	-1.14741451613	2.55048322907	0.0494677269004	198
14	1.0	0.75	0.0	-1.66327642915	3.23002637939	-0.362264303499	-1.69843774384	2.61365371661	0.0975629953377	199
14	1.0	1.0	0.0	-2.227760077	3.362291257	-0.333416697	-2.227760077	2.65449989939	0.16636009397	200
17	0.0	0.0	0.0	3.777842524	1.700174068	-0.383696646	3.99741524807	1.79118674811	0.155909951354	201
17	0.0	0.25	0.0	3.22091848593	1.8754454299	-0.467336757785	3.50930142271	1.96067505475	0.110616252314	202
17	0.0	0.5	0.0	2.73013837258	2.07715686369	-0.519933319221	3.0153038111	2.11730932126	0.102295536947	203
17	0.0	0.75	0.0	2.27915859744	2.23955114189	-0.561659684296	2.52522208539	2.2379595794	0.103595093083	204
17	0.0	1.0	0.0	1.841635574	2.296871037	-0.612689207	2.04885591772	2.29949586091	0.0871622085491	205
17	0.25	0.0	0.0	3.78666426855	1.70103614067	-0.511736855627	4.02120369374	1.82147816317	-0.0620676266503	206
17	0.25	0.25	0.0	3.23234352813	1.88579920586	-0.617862763626	3.53546062696	2.00660265348	-0.135804085815	207
17	0.25	0.5	0.0	2.75145780619	2.11808408924	-0.710378084345	3.03917829241	2.18334991505	-0.167317295748	208
17	0.25	0.75	0.0	2.31462777306	2.32379340121	-0.78624430207	2.54295213049	2.32841963024	-0.186577621806	209
17	0.25	1.0	0.0	1.89247409906	2.42882975216	-0.842422901089	2.05737758159	2.41851148143	-0.223555429345	210
17	0.5	0.0	0.0	3.78429805573	1.66188922642	-0.683941744168	4.05056846796	1.80285249556	-0.345846154172	211
17	0.5	0.25	0.0	3.23873605218	1.86487545991	-0.823933441004	3.57260056079	2.01307662692	-0.466334507327	212
17	0.5	0.5	0.0	2.77628547395	2.12693231089	-0.958389624355	3.08241451668	2.21858006552	-0.528518636366	213
17	0.5	0.75	0.0	2.3557464834	2.36758807298	-1.06954671492	2.58926980428	2.38938987136	-0.566493009746	214
17	0.5	1.0	0.0	1.93591924288	2.50637103978	-1.13964113341	2.10242589226	2.49553310444	-0.614352095924	215
17	0.75	0.0	0.0	3.77381025455	1.59735632146	-0.855566258875	4.07943983105	1.7484315838	-0.625041965729	216
17	0.75	0.25	0.0	3.24196564112	1.81633765932	-1.02952759535	3.61340978307	1.98015709141	-0.794545686937	217
17	0.75	0.5	0.0	2.80039612429	2.10412034484	-1.20477827528	3.13617458894	2.21523557243	-0.891269079524	218
17	0.75	0.75	0.0	2.39425031095	2.37234970363	-1.35239294342	2.65108234551	2.41251343752	-0.950802411596	219
17	0.75	1.0	0.0	1.96867680801	2.53267106126	-1.44344624452	2.16148114967	2.53083709733	-1.00873595126	220
17	1.0	0.0	0.0	3.758267234	1.522060422	-0.981865347	4.10174804337	1.67133726642	-0.829271395841	221
17	1.0	0.25	0.0	3.24390187801	1.74384927138	-1.17862403208	3.65057685268	1.90790416326	-1.03400829936	222
17	1.0	0.5	0.0	2.81956450566	2.0500670073	-1.39035437315	3.19162061423	2.16555223552	-1.16552921985	223
17	1.0	0.75	0.0	2.42187483824	2.33949283957	-1.57560900815	2.71529699296	2.38943346349	-1.25415716822	224
17	1.0	1.0	0.0	1.987452597	2.510905978	-1.692940575	2.21202365378	2.52469982749	-1.33021515542	225
18	0.0	0.0	0.0	1.841635574	2.296871037	-0.612689207	2.04885591772	2.29949586091	0.0871622085491	226
18	0.0	0.25	0.0	1.39250539302	2.34415403719	-0.640275338137	1.55657896186	2.3363006665	0.0647972793132	227
18	0.0	0.5	0.0	0.905219139351	2.47973875988	-0.617498227168	1.00293488292	2.38802149653	0.0558267693504	228
18	0.0	0.75	0.0	0.420424702753	2.64551809613	-0.563444418865	0.447396386394	2.43560425143	0.0496065823245	229
18	0.0	1.0	0.0	-0.021230027	2.783384937	-0.497200458	-0.0505638222375	2.45999483162	0.0354926218997	230
18	0.25	0.0	0.0	1.89247409906	2.42882975216	-0.842422901089	2.05737758159	2.41851148143	-0.223555429345	231
18	0.25	0.25	0.0	1.45003579345	2.49714182948	-0.864800231919	1.55516640397	2.47130119166	-0.263265186864	232
18	0.25	0.5	0.0	0.957589065939	2.6191021573	-0.850994017829	0.991918397611	2.51614792006	-0.284526228027	233
18	0.25	0.75	0.0	0.46085990124	2.75545275648	-0.80838565344	0.428027974979	2.53859526358	-0.299174692515	234
18	0.25	1.0	0.0	0.00557428406247	2.86693564789	-0.744356533375	-0.0761104514744	2.52418681915	-0.319046720005	235
18	0.5	0.0	0.0	1.93591924288	2.50637103978	-1.13964113341	2.10242589226	2.49553310444	-0.614352095924	236
18	0.5	0.25	0.0	1.48703334468	2.58854219668	-1.16769885174	1.59825450233	2.55597513299	-0.669270696323	237
18	0.5	0.5	0.0	0.988735501316	2.6998730133	-1.16653245251	1.03206072931	2.60222306296	-0.711243722292	238
18	0.5	0.75	0.0	0.483415866577	2.8108201036	-1.13204669833	0.458485740838	2.6129105627	-0.738320354499	239
18	0.5	1.0	0.0	0.0134645942407	2.89184008148	-1.06014635178	-0.0678292954723	2.56667130052	-0.748549773614	240
18	0.75	0.0	0.0	1.96867680801	2.53267106126	-1.44344624452	2.16148114967	2.53083709733	-1.00873595126	241
18	0.75	0.25	0.0	1.50470927632	2.62097845735	-1.48348449705	1.65049383642	2.59382396347	-1.0774118584	242
18	0.75	0.5	0.0	0.996685113904	2.72300139606	-1.49402077942	1.07837119522	2.64030329986	-1.1400251343	243
18	0.75	0.75	0.0	0.483263489862	2.8126490397	-1.46144990428	0.493691312887	2.64139592061	-1.17726511926	244
18	0.75	1.0	0.0	0.00310357329864	2.86383055059	-1.3721666843	-0.0549677237472	2.56822263985	-1.16982115356	245
18	1.0	0.0	0.0	1.987452597	2.510905978	-1.692940575	2.21202365378	2.52469982749	-1.33021515542	246
18	1.0	0.25	0.0	1.50427481799	2.59707393009	-1.7466704673	1.67653498572	2.58834915607	-1.41188128242	247
18	1.0	0.5	0.0	0.979464572124	2.68943737373	-1.76336624674	1.08585911251	2.62444500536	-1.48656988491	248
18	1.0	0.75	0.0	0.455573662193	2.761968467	-1.72361762207	0.488566320043	2.60689710915	-1.52544370242	249
18	1.0	1.0	0.0	-0.024846109	2.788639368	-1.608014302	-0.0667731058154	2.50961520123	-1.49966547446	250
19	0.0	0.0	0.0	3.758267234	1.522060422	-0.981865347	4.10174804337	1.67133726642	-0.829271395841	251
19	0.0	0.25	0.0	3.24390187801	1.74384927138	-1.17862403208	3.65057685268	1.90790416326	-1.03400829936	252
19	0.0	0.5	0.0	2.81956450566	2.0500670073	-1.39035437315	3.19162061423	2.16555223552	-1.16552921985	253
19	0.0	0.75	0.0	2.42187483824	2.33949283957	-1.57560900815	2.71529699296	2.38943346349	-1.25415716822	254
19	0.0	1.0	0.0	1.987452597	2.510905978	-1.692940575	2.21202365378	2.52469982749	-1.33021515542	255
19	0.25	0.0	0.0	3.75331278779	1.42165276636	-1.09924019744	4.13325934248	1.54917441432	-1.01675656606	256
19	0.25	0.25	0.0	3.25569416216	1.63135596695	-1.31025628657	3.69720333689	1.77611801577	-1.24649976224	257
19	0.25	0.5	0.0	2.82546660699	1.92962729996	-1.54271048489	3.24720918067	2.04335728346	-1.41114558941	258
19	0.25	0.75	0.0	2.41352710984	2.21376430414	-1.74865497695	2.76881715955	2.28399293368	-1.5329348392	259
19	0.25	1.0	0.0	1.97077265825	2.38106451827	-1.88014194729	2.24756755928	2.43112568271	-1.63410830325	260
19	0.5	0.0	0.0	3.76549973893	1.29525679555	-1.2398914304	4.17853469634	1.3826911255	-1.24069292322	261
19	0.5	0.25	0.0	3.27925856896	1.48605919482	-1.46653156065	3.7546014216	1.59598975676	-1.49827157314	262
19	0.5	0.5	0.0	2.81951401927	1.74329287922	-1.70507303704	3.29866353345	1.8566546903	-1.69883089715	263
19	0.5	0.75	0.0	2.37177071095	1.98559373453	-1.91078094908	2.80703139757	2.0933385404	-1.85571236055	264
19	0.5	1.0	0.0	1.9215332651	2.13159764651	-2.03892038633	2.27601537966	2.23469392131	-1.9822574286	265
19	0.75	0.0	0.0	3.78076845635	1.16218819147	-1.37093291665	4.21817677025	1.20251900321	-1.45248483421	266
19	0.75	0.25	0.0	3.30197923078	1.33077807921	-1.61087008888	3.80145463891	1.39738172134	-1.73555744854	267
19	0.75	0.5	0.0	2.81228292445	1.53500613675	-1.84956200081	3.33511320246	1.63805629238	-1.96954796352	268
19	0.75	0.75	0.0	2.32985479202	1.72200320834	-2.0484022608	2.82975302218	1.85579683346	-2.15811291218	269
19	0.75	1.0	0.0	1.87287008816	1.83890013825	-2.1687844772	2.29597465934	1.98185746169	-2.30490882758	270
19	1.0	0.0	0.0	3.785059309	1.041762636	-1.459478527	4.23278822951	1.03928965074	-1.60353666588	271
19	1.0	0.25	0.0	3.31124027998	1.18833174436	-1.70669210581	3.81644652092	1.21015624466	-1.90459110496	272
19	1.0	0.5	0.0	2.8143495045	1.34870946422	-1.94829734744	3.3456877176	1.42017392606	-2.16425960894	273
19	1.0	0.75	0.0	2.32102850352	1.49001480322	-2.14793424834	2.83679534855	1.60969436267	-2.37575967399	274
19	1.0	1.0	0.0	1.857918798	1.579366769	-2.269242805	2.30605294277	1.71906922222	-2.53230879629	275
20	0.0	0.0	0.0	1.987452597	2.510905978	-1.692940575	2.21202365378	2.52469982749	-1.33021515542	276
20	0.0	0.25	0.0	1.50427481799	2.59707393009	-1.7466704673	1.67653498572	2.58834915607	-1.41188128242	277
20	0.0	0.5	0.0	0.979464572124	2.68943737373	-1.76336624674	1.08585911251	2.62444500536	-1.48656988491	278
20	0.0	0.75	0.0	0.455573662193	2.761968467	-1.72361762207	0.488566320043	2.60689710915	-1.52544370242	279
20	0.0	1.0	0.0	-0.024846109	2.788639368	-1.608014302	-0.0667731058154	2.50961520123	-1.49966547446	280
20	0.25	0.0	0.0	1.97077265825	2.38106451827	-1.88014194729	2.24756755928	2.43112568271	-1.63410830325	281
20	0.25	0.25	0.0	1.48368826228	2.45776843388	-1.93807388457	1.688015024	2.48768996805	-1.72791239474	282
20	0.25	0.5	0.0	0.949732788706	2.53486486079	-1.95400804293	1.07617110357	2.50272520808	-1.80695337899	283
20	0.25	0.75	0.0	0.419608132168	2.59359212229	-1.91237493556	0.466764747784	2.46501401089	-1.84453756555	284
20	0.25	1.0	0.0	-0.0559838126898	2.61518854164	-1.79760507561	-0.0854750935964	2.36333898457	-1.81397126394	285
20	0.5	0.0	0.0	1.9215332651	2.13159764651	-2.03892038633	2.27601537966	2.23469392131	-1.9822574286	286
20	0.5	0.25	0.0	1.45069462354	2.19634260928	-2.08856075091	1.71290974874	2.27625174002	-2.08281243904	287
20	0.5	0.5	0.0	0.924585061318	2.25635379488	-2.09743130732	1.091694825	2.27322890405	-2.15825822594	288
20	0.5	0.75	0.0	0.397664353929	2.30785200808	-2.06385210102	0.473555762641	2.23002686454	-2.19166171677	289
20	0.5	1.0	0.0	-0.0756077231453	2.3470580536	-1.98614317747	-0.080322284123	2.15104707264	-2.16608983901	290
20	0.75	0.0	0.0	1.87287008816	1.83890013825	-2.1687844772	2.29597465934	1.98185746169	-2.30490882758	291
20	0.75	0.25	0.0	1.41928230474	1.89221850144	-2.21264071788	1.73850412959	2.00976993896	-2.41017827097	292
20	0.75	0.5	0.0	0.903049192221	1.93975686508	-2.22202725132	1.11330181078	1.99726559099	-2.48432729161	293
20	0.75	0.75	0.0	0.381008715061	1.99022831118	-2.20242775999	0.488453633713	1.95859203765	-2.5152782685	294
20	0.75	1.0	0.0	-0.0900011622781	2.05234592175	-2.15932592634	-0.0679544708077	1.90799689886	-2.49095358063	295
20	1.0	0.0	0.0	1.857918798	1.579366769	-2.269242805	2.30605294277	1.71906922222	-2.53230879629	296
20	1.0	0.25	0.0	1.40343970886	1.62481815553	-2.32482343705	1.75208313616	1.74398003183	-2.64360674617	297
20	1.0	0.5	0.0	0.884152983674	1.67092676046	-2.35618708636	1.12186359489	1.73614476658	-2.72900344188	298
20	1.0	0.75	0.0	0.360907603152	1.72620121841	-2.352480554	0.490972630099	1.70736589776	-2.76384933315	299
20	1.0	1.0	0.0	-0.105447452	1.799150164	-2.302850641	-0.0650114470629	1.66944589663	-2.72349486973	300
25	0.0	0.0	0.0	3.785059309	1.041762636	-1.459478527	4.23278822951	1.03928965074	-1.60353666588	301
25	0.0	0.25	0.0	3.31124027998	1.18833174436	-1.70669210581	3.81644652092	1.21015624466	-1.90459110496	302
25	0.0	0.5	0.0	2.8143495045	1.34870946422	-1.94829734744	3.3456877176	1.42017392606	-2.16425960894	303
25	0.0	0.75	0.0	2.32102850352	1.49001480322	-2.14793424834	2.83679534855	1.60969436267	-2.37575967399	304
25	0.0	1.0	0.0	1.857918798	1.579366769	-2.269242805	2.30605294277	1.71906922222	-2.53230879629	305
25	0.25	0.0	0.0	3.76125413034	0.7878744361	-1.4975785992	4.22365662609	0.695663775568	-1.72746288017	306
25	0.25	0.25	0.0	3.29442702993	0.880449286753	-1.7405781118	3.80425099625	0.799828497252	-2.04490394391	307
25	0.25	0.5	0.0	2.80938867197	0.970314282237	-1.98965817335	3.32895384669	0.929105866136	-2.3385647078	308
25	0.25	0.75	0.0	2.32438542901	1.0419462938	-2.20901268084	2.81967004149	1.04384696438	-2.58570679252	309
25	0.25	1.0	0.0	1.85766367359	1.07982219271	-2.36283553127	2.29830444473	1.10440287414	-2.76359181877	310
25	0.5	0.0	0.0	3.72133508527	0.461958114569	-1.43884630886	4.21593595068	0.257499230102	-1.73521699988	311
25	0.5	0.25	0.0	3.25895512342	0.484297948516	-1.66362798191	3.79868841443	0.280073993244	-2.05284171361	312
25	0.5	0.5	0.0	2.77142444685	0.499643949763	-1.90770260677	3.31088119135	0.320681752705	-2.3635850489	313
25	0.5	0.75	0.0	2.28442805726	0.503381750125	-2.14031511764	2.79102680329	0.351717074375	-2.63797875013	314
25	0.5	1.0	0.0	1.82365095633	0.490896981421	-2.33071044877	2.27763777204	0.345574524144	-2.84655456169	315
25	0.75	0.0	0.0	3.68045926606	0.130558369503	-1.33091952284	4.21531072995	-0.174321859117	-1.65048795096	316
25	0.75	0.25	0.0	3.21993163976	0.0801154440047	-1.53569533468	3.80236919775	-0.231311921666	-1.9557628603	317
25	0.75	0.5	0.0	2.72680419826	0.0225443393568	-1.76955232315	3.30698953129	-0.277915994024	-2.26807832293	318
25	0.75	0.75	0.0	2.23566352763	-0.0346307926748	-2.00131156578	2.7806977911	-0.327252660806	-2.55208327639	319
25	0.75	1.0	0.0	1.78109621391	-0.0838858003245	-2.19979414013	2.27502003777	-0.39244050663	-2.77242665821	320
25	1.0	0.0	0.0	3.653783765	-0.139780101	-1.221436108	4.22746549053	-0.498917365548	-1.49696465934	321
25	1.0	0.25	0.0	3.19246365826	-0.251860512431	-1.41663378861	3.81790376854	-0.616533901778	-1.78102583023	322
25	1.0	0.5	0.0	2.70187529533	-0.375138676427	-1.64232899793	3.33279864618	-0.739504953838	-2.08080222058	323
25	1.0	0.75	0.0	2.21259897949	-0.481043299459	-1.85147203229	2.81851516211	-0.853619594632	-2.34752810084	324
25	1.0	1.0	0.0	1.755215014	-0.541003088	-1.997013188	2.32141835499	-0.944666897063	-2.53243774148	325
26	0.0	0.0	0.0	1.857918798	1.579366769	-2.269242805	2.30605294277	1.71906922222	-2.53230879629	326
26	0.0	0.25	0.0	1.40343970886	1.62481815553	-2.32482343705	1.75208313616	1.74398003183	-2.64360674617	327
26	0.0	0.5	0.0	0.884152983674	1.67092676046	-2.35618708636	1.12186359489	1.73614476658	-2.72900344188	328
26	0.0	0.75	0.0	0.360907603152	1.72620121841	-2.352480554	0.490972630099	1.70736589776	-2.76384933315	329
26	0.0	1.0	0.0	-0.105447452	1.799150164	-2.302850641	-0.0650114470629	1.66944589663	-2.72349486973	330
26	0.25	0.0	0.0	1.85766367359	1.07982219271	-2.36283553127	2.29830444473	1.10440287414	-2.76359181877	331
26	0.25	0.25	0.0	1.38498921664	1.10278468475	-2.46494892225	1.75074981298	1.11451376262	-2.8931187419	332
26	0.25	0.5	0.0	0.847344052866	1.14227546545	-2.5420094126	1.12245310682	1.1091214223	-2.99991729865	333
26	0.25	0.75	0.0	0.312712839357	1.19516689572	-2.55809576724	0.49192422762	1.08626147674	-3.04160439518	334
26	0.25	1.0	0.0	-0.150919766794	1.25833133648	-2.4772867511	-0.0623269232269	1.04396954956	-2.97579693765	335
26	0.5	0.0	0.0	1.82365095633	0.490896981421	-2.33071044877	2.27763777204	0.345574524144	-2.84655456169	336
26	0.5	0.25	0.0	1.35119177537	0.482364150736	-2.46079825182	1.74589269344	0.315151311812	-2.98752200421	337
26	0.5	0.5	0.0	0.810804005364	0.498466954708	-2.53894471864	1.13812840422	0.289292467169	-3.08096346236	338
26	0.5	0.75	0.0	0.269772110426	0.533937718262	-2.55781178223	0.521124148737	0.261110645138	-3.11113305205	339
26	0.5	1.0	0.0	-0.204619445347	0.583508766326	-2.51006137558	-0.0383408286719	0.223718500642	-3.0622848892	340
26	0.75	0.0	0.0	1.78109621391	-0.0838858003245	-2.19979414013	2.27502003777	-0.39244050663	-2.77242665821	341
26	0.75	0.25	0.0	1.31284840161	-0.118487554404	-2.33065139254	1.75454657317	-0.462529108463	-2.91017372953	342
26	0.75	0.5	0.0	0.776163632555	-0.134146198432	-2.39951038328	1.16172581315	-0.518290068702	-2.98457810621	343
26	0.75	0.75	0.0	0.233402598641	-0.125663465762	-2.42457186236	0.553311846311	-0.558436817216	-3.00618383759	344
26	0.75	1.0	0.0	-0.253074008226	-0.0878410897443	-2.42403657978	-0.0139412387676	-0.58168278387	-2.98553497301	345
26	1.0	0.0	0.0	1.755215014	-0.541003088	-1.997013188	2.32141835499	-0.944666897063	-2.53243774148	346
26	1.0	0.25	0.0	1.28076011195	-0.581814538543	-2.09278831115	1.79374624784	-1.02694928606	-2.64443111429	347
26	1.0	0.5	0.0	0.745053725822	-0.629211420626	-2.1762237853	1.18608165968	-1.10857415522	-2.72319740343	348
26	1.0	0.75	0.0	0.204921486284	-0.651813808145	-2.23131927105	0.563226773205	-1.16273113048	-2.76050528565	349
26	1.0	1.0	0.0	-0.282810976	-0.618241775	-2.242074429	-0.010016228884	-1.16260983774	-2.74812343771	350
27	0.0	0.0	0.0	3.653783765	-0.139780101	-1.221436108	4.22746549053	-0.498917365548	-1.49696465934	351
27	0.0	0.25	0.0	3.19246365826	-0.251860512431	-1.41663378861	3.81790376854	-0.616533901778	-1.78102583023	352
27	0.0	0.5	0.0	2.70187529533	-0.375138676427	-1.64232899793	3.33279864618	-0.739504953838	-2.08080222058	353
27	0.0	0.75	0.0	2.21259897949	-0.481043299459	-1.85147203229	2.81851516211	-0.853619594632	-2.34752810084	354
27	0.0	1.0	0.0	1.755215014	-0.541003088	-1.997013188	2.32141835499	-0.944666897063	-2.53243774148	355
27	0.25	0.0	0.0	3.659706702	-0.393426399649	-1.07455098331	4.23365387132	-0.761299615347	-1.20535434346	356
27	0.25	0.25	0.0	3.19795390167	-0.565674483526	-1.25156651688	3.8238019169	-0.931960301453	-1.44283670951	357
27	0.25	0.5	0.0	2.71427731698	-0.752398552928	-1.44982735796	3.35657893966	-1.12834299976	-1.69678387968	358
27	0.25	0.75	0.0	2.22772736999	-0.90469747502	-1.61337971211	2.86246720027	-1.30471587902	-1.91765033354	359
27	0.25	1.0	0.0	1.7573544828	-0.973670116966	-1.68626978488	2.37194895939	-1.41534710798	-2.05589055067	360
27	0.5	0.0	0.0	3.68997821414	-0.667978905504	-0.853119113149	4.22008572435	-1.02324428265	-0.767853547481	361
27	0.5	0.25	0.0	3.22982858751	-0.903231756877	-0.985919079524	3.80766313035	-1.2512696693	-0.928912688228	362
27	0.5	0.5	0.0	2.74802665445	-1.14793734009	-1.12527358344	3.3482710066	-1.51929751827	-1.10276891417	363
27	0.5	0.75	0.0	2.25796506819	-1.34690465385	-1.2318798675	2.86336914483	-1.76346703136	-1.2630517281	364
27	0.5	1.0	0.0	1.77303648192	-1.44494269688	-1.2664351743	2.37441733675	-1.91991741043	-1.3833906328	365
27	0.75	0.0	0.0	3.71958176721	-0.889758585357	-0.601517928166	4.20016370065	-1.21230995228	-0.297885543295	366
27	0.75	0.25	0.0	3.26112360038	-1.17235301537	-0.678248111368	3.78658128461	-1.48932635824	-0.372717654544	367
27	0.75	0.5	0.0	2.77925124728	-1.45798703961	-0.746639904175	3.32823977467	-1.81467452675	-0.457392423481	368
27	0.75	0.75	0.0	2.28471167554	-1.6934262656	-0.793254186516	2.84410714477	-2.11869582234	-0.551783572671	369
27	0.75	1.0	0.0	1.78825185282	-1.82543630086	-0.804651838321	2.35315136884	-2.33173160952	-0.65576482468	370
27	1.0	0.0	0.0	3.723500827	-0.985086406	-0.364124859	4.18729045126	-1.25605520907	0.0911263972089	371
27	1.0	0.25	0.0	3.26487482492	-1.2808589419	-0.387110247255	3.77765025541	-1.56099472116	0.0922845033847	372
27	1.0	0.5	0.0	2.78407903495	-1.57877965322	-0.391898549982	3.31685017154	-1.91678004261	0.0807104929519	373
27	1.0	0.75	0.0	2.28936679351	-1.83002373992	-0.383784357218	2.82756734906	-2.25922502262	0.048102844569	374
27	1.0	1.0	0.0	1.788991437	-1.985766402	-0.368062259	2.33247893741	-2.5241435104	-0.0138399631057	375
28	0.0	0.0	0.0	1.755215014	-0.541003088	-1.997013188	2.32141835499	-0.944666897063	-2.53243774148	376
28	0.0	0.25	0.0	1.28076011195	-0.581814538543	-2.09278831115	1.79374624784	-1.02694928606	-2.64443111429	377
28	0.0	0.5	0.0	0.745053725822	-0.629211420626	-2.1762237853	1.18608165968	-1.10857415522	-2.72319740343	378
28	0.0	0.75	0.0	0.204921486284	-0.651813808145	-2.23131927105	0.563226773205	-1.16273113048	-2.76050528565	379
28	0.0	1.0	0.0	-0.282810976	-0.618241775	-2.242074429	-0.010016228884	-1.16260983774	-2.74812343771	380
28	0.25	0.0	0.0	1.7573544828	-0.973670116966	-1.68626978488	2.37194895939	-1.41534710798	-2.05589055067	381
28	0.25	0.25	0.0	1.26535253124	-1.0156467923	-1.73446162841	1.83048326665	-1.5000036359	-2.14581065139	382
28	0.25	0.5	0.0	0.723331031701	-1.08703256171	-1.82283574829	1.20062752084	-1.60137262999	-2.2344863999	383
28	0.25	0.75	0.0	0.184438877693	-1.13857678426	-1.8934238527	0.559491077662	-1.67538853471	-2.28803220985	384
28	0.25	1.0	0.0	-0.298175037286	-1.12102881904	-1.88825764984	-0.0158167071555	-1.67798579449	-2.27256249489	385
28	0.5	0.0	0.0	1.77303648192	-1.44494269688	-1.2664351743	2.37441733675	-1.91991741043	-1.3833906328	386
28	0.5	0.25	0.0	1.26474219977	-1.49851538706	-1.28323135666	1.83115316916	-2.0229953118	-1.47646666691	387
28	0.5	0.5	0.0	0.715026155589	-1.57652793246	-1.33451098554	1.20372703119	-2.13358112653	-1.56020185874	388
28	0.5	0.75	0.0	0.173477278536	-1.64124669456	-1.37855087432	0.565024803235	-2.22375307738	-1.61221749025	389
28	0.5	1.0	0.0	-0.310315502222	-1.65493803485	-1.37362783641	-0.0120676343277	-2.26558938712	-1.61013484339	390
28	0.75	0.0	0.0	1.78825185282	-1.82543630086	-0.804651838321	2.35315136884	-2.33173160952	-0.65576482468	391
28	0.75	0.25	0.0	1.26904955388	-1.90211490824	-0.798698041684	1.81393639653	-2.47015514274	-0.751857824738	392
28	0.75	0.5	0.0	0.714904668012	-1.99202527705	-0.798273428422	1.19946384906	-2.59677322207	-0.822824909007	393
28	0.75	0.75	0.0	0.170320070959	-2.07002353786	-0.797933024536	0.57094561594	-2.70553205633	-0.864348694774	394
28	0.75	1.0	0.0	-0.320201361547	-2.11096582123	-0.792231856027	-0.0104064132766	-2.79037785433	-0.872111799325	395
28	1.0	0.0	0.0	1.788991437	-1.985766402	-0.368062259	2.33247893741	-2.5241435104	-0.0138399631057	396
28	1.0	0.25	0.0	1.26839502989	-2.09813994127	-0.340462229295	1.79701338993	-2.71571395773	-0.0874427887411	397
28	1.0	0.5	0.0	0.717732139497	-2.22785233965	-0.301147008329	1.19192163273	-2.88252249386	-0.144836679742	398
28	1.0	0.75	0.0	0.173250637106	-2.33510731296	-0.262802991949	0.568371181795	-3.01843276937	-0.175713391355	399
28	1.0	1.0	0.0	-0.328801606	-2.380108577	-0.238116576	-0.0224704468782	-3.11730843482	-0.169764678826	400
33	0.0	0.0	0.0	3.723500827	-0.985086406	-0.364124859	4.18729045126	-1.25605520907	0.0911263972089	401
33	0.0	0.25	0.0	3.26487482492	-1.2808589419	-0.387110247255	3.77765025541	-1.56099472116	0.0922845033847	402
33	0.0	0.5	0.0	2.78407903495	-1.57877965322	-0.391898549982	3.31685017154	-1.91678004261	0.0807104929519	403
33	0.0	0.75	0.0	2.28936679351	-1.83002373992	-0.383784357218	2.82756734906	-2.25922502262	0.048102844569	404
33	0.0	1.0	0.0	1.788991437	-1.985766402	-0.368062259	2.33247893741	-2.5241435104	-0.0138399631057	405
33	0.25	0.0	0.0	3.67920104819	-0.918368516471	-0.177373286209	4.15729815816	-1.16468248086	0.369687604106	406
33	0.25	0.25	0.0	3.21826173858	-1.1878528164	-0.162305484918	3.74705587489	-1.45884442936	0.428281130701	407
33	0.25	0.5	0.0	2.7407717093	-1.46073540996	-0.122014220473	3.28938385535	-1.79974452351	0.476218638942	408
33	0.25	0.75	0.0	2.25067520279	-1.69574129652	-0.0708817194234	2.8059982953	-2.13381828123	0.504405981057	409
33	0.25	1.0	0.0	1.75191646149	-1.85159547546	-0.0232902083197	2.31861539047	-2.40750122045	0.503749009273	410
33	0.5	0.0	0.0	3.59654046562	-0.745821704	0.0138424775259	4.08996569522	-1.00165628136	0.669959450794	411
33	0.5	0.25	0.0	3.13232893313	-0.963905469608	0.0630525670562	3.67113961491	-1.25542086538	0.789690807224	412
33	0.5	0.5	0.0	2.65761958408	-1.18330817066	0.144740099926	3.22296293996	-1.54617210222	0.908593036331	413
33	0.5	0.75	0.0	2.17241003327	-1.37598298952	0.2368690283	2.75938571242	-1.83324713825	1.01046858871	414
33	0.5	1.0	0.0	1.6766978955	-1.51388310857	0.317403304347	2.29435797431	-2.07598311981	1.07911991494	415
33	0.75	0.0	0.0	3.50952186274	-0.526925438279	0.172237765248	4.00756533065	-0.806491597425	0.933243487059	416
33	0.75	0.25	0.0	3.04233122027	-0.685453926074	0.248681458577	3.58044200628	-1.00947396339	1.10784646554	417
33	0.75	0.5	0.0	2.56544854382	-0.841095325109	0.360710459194	3.14065582936	-1.23708180725	1.29046064509	418
33	0.75	0.75	0.0	2.08075500252	-0.979715393696	0.483495070548	2.69638723238	-1.4617413378	1.45904981817	419
33	0.75	1.0	0.0	1.59013176551	-1.08717989015	0.59220559609	2.25581664784	-1.65587876385	1.59157777725	420
33	1.0	0.0	0.0	3.452148023	-0.321159189	0.26052791	3.93236933267	-0.618703415928	1.10084126269	421
33	1.0	0.25	0.0	2.98352341168	-0.428935210359	0.354298739556	3.5055035798	-0.779753657556	1.31408103825	422
33	1.0	0.5	0.0	2.49508447303	-0.528694263094	0.478242905314	3.06553092754	-0.953492667076	1.53444842519	423
33	1.0	0.75	0.0	2.0018938281	-0.615905083782	0.613023591916	2.62566048716	-1.12353062401	1.7429088201	424
33	1.0	1.0	0.0	1.519014098	-0.686036409	0.739303984	2.19910136993	-1.27347770789	1.92042761956	425
34	0.0	0.0	0.0	1.788991437	-1.985766402	-0.368062259	2.33247893741	-2.5241435104	-0.0138399631057	426
34	0.0	0.25	0.0	1.26839502989	-2.09813994127	-0.340462229295	1.79701338993	-2.71571395773	-0.0874427887411	427
34	0.0	0.5	0.0	0.717732139497	-2.22785233965	-0.301147008329	1.19192163273	-2.88252249386	-0.144836679742	428
34	0.0	0.75	0.0	0.173250637106	-2.33510731296	-0.262802991949	0.568371181795	-3.01843276937	-0.175713391355	429
34	0.0	1.0	0.0	-0.328801606	-2.380108577	-0.238116576	-0.0224704468782	-3.11730843482	-0.169764678826	430
34	0.25	0.0	0.0	1.75191646149	-1.85159547546	-0.0232902083197	2.31861539047	-2.40750122045	0.503749009273	431
34	0.25	0.25	0.0	1.23523897615	-1.98847942397	0.0448788658173	1.79130693962	-2.63463539155	0.491269999932	432
34	0.25	0.5	0.0	0.697983246843	-2.15221168568	0.14282304863	1.19619896246	-2.84688870679	0.490943522023	433
34	0.25	0.75	0.0	0.166182469851	-2.27743269299	0.233670611044	0.579720295887	-3.01090196324	0.506730194429	434
34	0.25	1.0	0.0	-0.334130158537	-2.29878287828	0.280549823989	-0.0117002232169	-3.09331595795	0.542590636034	435
34	0.5	0.0	0.0	1.6766978955	-1.51388310857	0.317403304347	2.29435797431	-2.07598311981	1.07911991494	436
34	0.5	0.25	0.0	1.16507825766	-1.64997471852	0.437506135923	1.78432758888	-2.3038965466	1.14297759	437
34	0.5	0.5	0.0	0.647802349468	-1.80785824664	0.611526172239	1.20868030026	-2.53421747475	1.22474337713	438
34	0.5	0.75	0.0	0.141490793787	-1.91642173595	0.764744024945	0.61113114643	-2.70817763972	1.30410154353	439
34	0.5	1.0	0.0	-0.337235786534	-1.90455322944	0.822440305691	0.0353951653823	-2.76700877693	1.36073635642	440
34	0.75	0.0	0.0	1.59013176551	-1.08717989015	0.59220559609	2.25581664784	-1.65587876385	1.59157777725	441
34	0.75	0.25	0.0	1.08746611033	-1.2004900023	0.754668028683	1.76528310735	-1.85593586423	1.72590732714	442
34	0.75	0.5	0.0	0.59012121226	-1.32371072229	0.988398068634	1.20938746595	-2.06837565327	1.8840008194	443
34	0.75	0.75	0.0	0.10975492943	-1.39740030295	1.19883163399	0.632042441516	-2.22786303166	2.02758285636	444
34	0.75	1.0	0.0	-0.341974880014	-1.36211699713	1.2914046428	0.0771607519532	-2.26906290008	2.11837804034	445
34	1.0	0.0	0.0	1.519014098	-0.686036409	0.739303984	2.19910136993	-1.27347770789	1.92042761956	446
34	1.0	0.25	0.0	1.03195577011	-0.757889452725	0.913612991759	1.72338126469	-1.42319178581	2.09828655701	447
34	1.0	0.5	0.0	0.547871600105	-0.828687812398	1.15687444395	1.17834227938	-1.57323009789	2.29615378267	448
34	1.0	0.75	0.0	0.0815541973006	-0.865694255123	1.40434782241	0.61189288924	-1.68756137192	2.48835633332	449
34	1.0	1.0	0.0	-0.352203829	-0.836171548	1.591292609	0.0719415695294	-1.73015433572	2.6492212458	450
35	0.0	0.0	0.0	3.452148023	-0.321159189	0.26052791	3.93236933267	-0.618703415928	1.10084126269	451
35	0.0	0.25	0.0	2.98352341168	-0.428935210359	0.354298739556	3.5055035798	-0.779753657556	1.31408103825	452
35	0.0	0.5	0.0	2.49508447303	-0.528694263094	0.478242905314	3.06553092754	-0.953492667076	1.53444842519	453
35	0.0	0.75	0.0	2.0018938281	-0.615905083782	0.613023591916	2.62566048716	-1.12353062401	1.7429088201	454
35	0.0	1.0	0.0	1.519014098	-0.686036409	0.739303984	2.19910136993	-1.27347770789	1.92042761956	455
35	0.25	0.0	0.0	3.42972555249	-0.0833304587052	0.285954473929	3.88566365578	-0.384233829324	1.17643718641	456
35	0.25	0.25	0.0	2.95056406831	-0.135449730033	0.395340343107	3.46883106343	-0.498751635004	1.41743809488	457
35	0.25	0.5	0.0	2.45105549128	-0.175418287754	0.536347521632	3.02475412733	-0.605598723603	1.66846981503	458
35	0.25	0.75	0.0	1.95271164552	-0.205952828072	0.687234203401	2.5741994846	-0.706220252729	1.90775450842	459
35	0.25	1.0	0.0	1.47704435517	-0.229770047192	0.826258582308	2.13793377236	-0.802061379988	2.11351433658	460
35	0.5	0.0	0.0	3.42807331865	0.207770149396	0.278520430982	3.87099312931	-0.0812890898856	1.19641688264	461
35	0.5	0.25	0.0	2.92721509976	0.22372465742	0.404397396618	3.46128561056	-0.130424401403	1.45751536939	462
35	0.5	0.5	0.0	2.42900851226	0.251380581731	0.576952435267	3.01519594751	-0.147111980557	1.73973219548	463
35	0.5	0.75	0.0	1.94028201177	0.282053037038	0.757744683299	2.55170991673	-0.15519290029	2.00747209514	464
35	0.5	1.0	0.0	1.46786405394	0.307057138051	0.908333277086	2.08981329478	-0.178508233547	2.22513980258	465
35	0.75	0.0	0.0	3.44463431449	0.4987964243	0.244663155794	3.86895460269	0.242344688305	1.17465279911	466
35	0.75	0.25	0.0	2.92370568969	0.583095799303	0.379753527095	3.45133167697	0.270947806361	1.44356706144	467
35	0.75	0.5	0.0	2.43102086525	0.677356570732	0.571134384684	2.99562044768	0.346742376177	1.73143200638	468
35	0.75	0.75	0.0	1.95530324155	0.768178512125	0.769580549522	2.51795152156	0.430048286907	1.99949514749	469
35	0.75	1.0	0.0	1.48527621898	0.842161397019	0.925866842571	2.0344555054	0.481185427703	2.2090039983	470
35	1.0	0.0	0.0	3.476851533	0.736402155	0.190820023	3.86014492537	0.538881391164	1.12501738352	471
35	1.0	0.25	0.0	2.95026502172	0.87717154292	0.319692361546	3.40743371844	0.651084751404	1.38484737067	472
35	1.0	0.5	0.0	2.45916987953	1.02816390462	0.48997010835	2.9247916874	0.800739160713	1.62676568759	473
35	1.0	0.75	0.0	1.98847364957	1.17248959776	0.667767319979	2.4326840371	0.950000162464	1.84125723271	474
35	1.0	1.0	0.0	1.523083875	1.29325898	0.819198053	1.95157597239	1.06102330003	2.01880690448	475
36	0.0	0.0	0.0	1.519014098	-0.686036409	0.739303984	2.19910136993	-1.27347770789	1.92042761956	476
36	0.0	0.25	0.0	1.03195577011	-0.757889452725	0.913612991759	1.72338126469	-1.42319178581	2.09828655701	477
36	0.0	0.5	0.0	0.547871600105	-0.828687812398	1.15687444395	1.17834227938	-1.57323009789	2.29615378267	478
36	0.0	0.75	0.0	0.0815541973006	-0.865694255123	1.40434782241	0.61189288924	-1.68756137192	2.48835633332	479
36	0.0	1.0	0.0	-0.352203829	-0.836171548	1.591292609	0.0719415695294	-1.73015433572	2.6492212458	480
36	0.25	0.0	0.0	1.47704435517	-0.229770047192	0.826258582308	2.13793377236	-0.802061379988	2.11351433658	481
36	0.25	0.25	0.0	1.00771012784	-0.257602542573	0.989748850829	1.66705141325	-0.898916557264	2.30337762879	482
36	0.25	0.5	0.0	0.531405306149	-0.285877625542	1.2064339144	1.13014601614	-0.988664552051	2.5022738957	483
36	0.25	0.75	0.0	0.0696069387956	-0.300270470798	1.4460408695	0.573961253928	-1.05926460278	2.70289793792	484
36	0.25	1.0	0.0	-0.356207925519	-0.286456253037	1.67829681259	0.0452407995113	-1.09867594789	2.89794455609	485
36	0.5	0.0	0.0	1.46786405394	0.307057138051	0.908333277086	2.08981329478	-0.178508233547	2.22513980258	486
36	0.5	0.25	0.0	1.00947992626	0.319363382512	1.06289786525	1.61639022678	-0.227035828611	2.41236156384	487
36	0.5	0.5	0.0	0.538912152577	0.329178589758	1.26127419693	1.09132164414	-0.278179217224	2.60971302334	488
36	0.5	0.75	0.0	0.081160572797	0.344101348539	1.46263397413	0.552775755132	-0.314322941807	2.79673359362	489
36	0.5	1.0	0.0	-0.338774973175	0.371730247602	1.62614889889	0.0389207680068	-0.317851544783	2.95296268723	490
36	0.75	0.0	0.0	1.48527621898	0.842161397019	0.925866842571	2.0344555054	0.481185427703	2.2090039983	491
36	0.75	0.25	0.0	1.03517078724	0.894425908767	1.07736533142	1.56194530276	0.482886911384	2.3889980088	492
36	0.75	0.5	0.0	0.570171325807	0.944955081013	1.26966599936	1.04996809695	0.4705757503	2.58983764024	493
36	0.75	0.75	0.0	0.11660408197	0.999230132179	1.43956822582	0.530072043428	0.471858455856	2.768282442	494
36	0.75	1.0	0.0	-0.299204696993	1.06273228069	1.52387139024	0.0338052976424	0.51434153946	2.88109196344	495
36	1.0	0.0	0.0	1.523083875	1.29325898	0.819198053	1.95157597239	1.06102330003	2.01880690448	496
36	1.0	0.25	0.0	1.08268833266	1.38900262243	0.977456545732	1.49426423866	1.12128817396	2.1970466103	497
36	1.0	0.5	0.0	0.624962012259	1.48992609573	1.17988002954	0.99418430813	1.16995019422	2.41401422105	498
36	1.0	0.75	0.0	0.176326448981	1.59692480941	1.36228471408	0.487585769392	1.22387443506	2.61596362463	499
36	1.0	1.0	0.0	-0.236796822	1.710894173	1.460486809	0.0107182110444	1.2999259707	2.74914870892	500
41	0.0	0.0	0.0	3.476851533	0.736402155	0.190820023	3.86014492537	0.538881391164	1.12501738352	501
41	0.0	0.25	0.0	2.95026502172	0.87717154292	0.319692361546	3.40743371844	0.651084751404	1.38484737067	502
41	0.0	0.5	0.0	2.45916987953	1.02816390462	0.48997010835	2.9247916874	0.800739160713	1.62676568759	503
41	0.0	0.75	0.0	1.98847364957	1.17248959776	0.667767319979	2.4326840371	0.950000162464	1.84125723271	504
41	0.0	1.0	0.0	1.523083875	1.29325898	0.819198053	1.95157597239	1.06102330003	2.01880690448	505
41	0.25	0.0	0.0	3.50226119423	0.880973640545	0.139936574278	3.85249027408	0.73309004348	1.06131700376	506
41	0.25	0.25	0.0	2.98318904728	1.0388230234	0.256446788781	3.3827360929	0.874798426424	1.30098201374	507
41	0.25	0.5	0.0	2.49705953697	1.20629789439	0.409775466077	2.89101469209	1.04073466866	1.50926146399	508
41	0.25	0.75	0.0	2.03073448152	1.36473013498	0.570017994324	2.39869296882	1.20031262358	1.68835211594	509
41	0.25	1.0	0.0	1.57107569915	1.49545162661	0.707269761681	1.92713782028	1.32294614458	1.840450731	510
41	0.5	0.0	0.0	3.53133826034	1.04982045045	0.0724564511866	3.85370521046	0.953480282556	0.958367645513	511
41	0.5	0.25	0.0	3.02276958625	1.21688378112	0.166834997683	3.3838837349	1.10450465563	1.1583682203	512
41	0.5	0.5	0.0	2.55086440062	1.40219485912	0.306962610911	2.89423023572	1.28641028409	1.33588262576	513
41	0.5	0.75	0.0	2.09858969426	1.57447004703	0.45170298789	2.40583700223	1.46022549028	1.48669883763	514
41	0.5	1.0	0.0	1.64891245798	1.70242570743	0.559919825642	1.93979632375	1.58697859653	1.60660483166	515
41	0.75	0.0	0.0	3.56826310878	1.21473224963	-0.00177155349834	3.86438816282	1.16712031163	0.835733687645	516
41	0.75	0.25	0.0	3.06423080102	1.38557887153	0.0661922406933	3.39818634284	1.31880947662	0.991554889199	517
41	0.75	0.5	0.0	2.60382029752	1.5826963643	0.189416094532	2.91353849423	1.50669179411	1.13735905835	518
41	0.75	0.75	0.0	2.16467299366	1.76009302133	0.313607917926	2.43012013795	1.68351579555	1.25891592011	519
41	0.75	1.0	0.0	1.72443028482	1.87177713604	0.384475620782	1.96760679494	1.80203001241	1.34199519945	520
41	1.0	0.0	0.0	3.617216117	1.347498703	-0.072898647	3.88513755952	1.34107833395	0.712979509031	521
41	1.0	0.25	0.0	3.10279685399	1.51913335009	-0.0301462297494	3.41295361513	1.49631892702	0.835090919294	522
41	1.0	0.5	0.0	2.63916305471	1.71464397544	0.0650204686222	2.92803964355	1.67050498581	0.944420647257	523
41	1.0	0.75	0.0	2.20161808558	1.87998274532	0.156518401683	2.44754637656	1.82396057238	1.0276218857	524
41	1.0	1.0	0.0	1.765465313	1.961101826	0.188264523	1.98862454598	1.91700974878	1.0713478274	525
42	0.0	0.0	0.0	1.523083875	1.29325898	0.819198053	1.95157597239	1.06102330003	2.01880690448	526
42	0.0	0.25	0.0	1.08268833266	1.38900262243	0.977456545732	1.49426423866	1.12128817396	2.1970466103	527
42	0.0	0.5	0.0	0.624962012259	1.48992609573	1.17988002954	0.99418430813	1.16995019422	2.41401422105	528
42	0.0	0.75	0.0	0.176326448981	1.59692480941	1.36228471408	0.487585769392	1.22387443506	2.61596362463	529
42	0.0	1.0	0.0	-0.236796822	1.710894173	1.460486809	0.0107182110444	1.2999259707	2.74914870892	530
42	0.25	0.0	0.0	1.57107569915	1.49545162661	0.707269761681	1.92713782028	1.32294614458	1.840450731	531
42	0.25	0.25	0.0	1.12987739925	1.60715486167	0.853373728949	1.47355521626	1.40690987059	2.00239922053	532
42	0.25	0.5	0.0	0.670409016464	1.7339086255	1.04510308265	0.973644632894	1.48763576827	2.20350134939	533
42	0.25	0.75	0.0	0.218311155824	1.86683692794	1.22773333667	0.466155925842	1.56701389089	2.39735453934	534
42	0.25	1.0	0.0	-0.200775577635	1.99706377884	1.34654000488	-0.0101610492335	1.6469342917	2.53755621215	535
42	0.5	0.0	0.0	1.64891245798	1.70242570743	0.559919825642	1.93979632375	1.58697859653	1.60660483166	536
42	0.5	0.25	0.0	1.19777447903	1.81150646043	0.66883767002	1.47904675416	1.67348100419	1.72922251372	537
42	0.5	0.5	0.0	0.727024231632	1.94672507917	0.823804416743	0.97427271717	1.75949066839	1.8818618726	538
42	0.5	0.75	0.0	0.262196241629	2.08870996955	0.976418415486	0.460110561946	1.84078187765	2.02911024288	539
42	0.5	1.0	0.0	-0.171174965137	2.21808953746	1.07827801592	-0.0288033623419	1.9131289205	2.13555495912	540
42	0.75	0.0	0.0	1.72443028482	1.87177713604	0.384475620782	1.96760679494	1.80203001241	1.34199519945	541
42	0.75	0.25	0.0	1.26164999933	1.96289686131	0.445644784527	1.49759459475	1.87710639443	1.41779160733	542
42	0.75	0.5	0.0	0.777113736048	2.09495617701	0.55343821702	0.987173901615	1.95467574025	1.51450758794	543
42	0.75	0.75	0.0	0.298170852678	2.24123672881	0.6664736012	0.464960646103	2.02976330372	1.60696277409	544
42	0.75	1.0	0.0	-0.14782929307	2.37502016234	0.743368620007	-0.0404292412091	2.09739433868	1.66997679862	545
42	1.0	0.0	0.0	1.765465313	1.961101826	0.188264523	1.98862454598	1.91700974878	1.0713478274	546
42	1.0	0.25	0.0	1.29677438749	2.0221655069	0.205591488054	1.51605448043	1.97389086095	1.10838161882	547
42	1.0	0.5	0.0	0.802983607996	2.1451826393	0.27145866869	1.00345352689	2.04235182952	1.16685029262	548
42	1.0	0.75	0.0	0.31642413525	2.3031100003	0.356032544481	0.476217146713	2.11854307748	1.22664417183	549
42	1.0	1.0	0.0	-0.13057287	2.468904367	0.429479595	-0.0402591987631	2.19861502781	1.26765357946	550
43	0.0	0.0	0.0	3.617216117	1.347498703	-0.072898647	3.88513755952	1.34107833395	0.712979509031	551
43	0.0	0.25	0.0	3.10279685399	1.51913335009	-0.0301462297494	3.41295361513	1.49631892702	0.835090919294	552
43	0.0	0.5	0.0	2.63916305471	1.71464397544	0.0650204686222	2.92803964355	1.67050498581	0.944420647257	553
43	0.0	0.75	0.0	2.20161808558	1.87998274532	0.156518401683	2.44754637656	1.82396057238	1.0276218857	554
43	0.0	1.0	0.0	1.765465313	1.961101826	0.188264523	1.98862454598	1.91700974878	1.0713478274	555
43	0.25	0.0	0.0	3.66339579359	1.44327574044	-0.135481139746	3.91064590362	1.46200464541	0.601625003191	556
43	0.25	0.25	0.0	3.13395717479	1.61663682249	-0.122436992756	3.42984025826	1.62333615506	0.686585094669	557
43	0.25	0.5	0.0	2.6598360429	1.80675983513	-0.0654075251572	2.94238264264	1.78408433153	0.755972375079	558
43	0.25	0.75	0.0	2.21570545312	1.95635877498	-0.0132332955619	2.46283331034	1.91347115701	0.802468764408	559
43	0.25	1.0	0.0	1.77623846065	2.00814763866	-0.0147548625828	2.00575251495	1.98071861369	0.818756182639	560
43	0.5	0.0	0.0	3.71221053615	1.55322230384	-0.216827611592	3.9433678513	1.59556557687	0.45531785263	561
43	0.5	0.25	0.0	3.16933486352	1.727393666	-0.242865411846	3.45796722067	1.75971232463	0.48744959598	562
43	0.5	0.5	0.0	2.68567745334	1.91269263582	-0.225363760477	2.96934642291	1.91232553415	0.523199979613	563
43	0.5	0.75	0.0	2.2344284508	2.05067191027	-0.208426909121	2.48940538812	2.02658198814	0.549829416013	564
43	0.5	1.0	0.0	1.78877800105	2.08288418632	-0.236159109409	2.03004404644	2.07565846927	0.554598317664	565
43	0.75	0.0	0.0	3.75368467089	1.64847590807	-0.303909100892	3.97504407523	1.7144099904	0.298574140851	566
43	0.75	0.25	0.0	3.20097395546	1.82309837152	-0.366231871896	3.48767433221	1.88048082732	0.281016092204	567
43	0.75	0.5	0.0	2.71100549393	2.01022932839	-0.386366328209	2.99747285538	2.03135754647	0.290506640391	568
43	0.75	0.75	0.0	2.25613139383	2.14953256223	-0.400692388772	2.51446688732	2.14188186315	0.305079604307	569
43	0.75	1.0	0.0	1.80870376267	2.18067185657	-0.44558997253	2.04868367063	2.18689549263	0.302768802845	570
43	1.0	0.0	0.0	3.777842524	1.700174068	-0.383696646	3.99741524807	1.79118674811	0.155909951354	571
43	1.0	0.25	0.0	3.22091848593	1.8754454299	-0.467336757785	3.50930142271	1.96067505475	0.110616252314	572
43	1.0	0.5	0.0	2.73013837258	2.07715686369	-0.519933319221	3.0153038111	2.11730932126	0.102295536947	573
43	1.0	0.75	0.0	2.27915859744	2.23955114189	-0.561659684296	2.52522208539	2.2379595794	0.103595093083	574
43	1.0	1.0	0.0	1.841635574	2.296871037	-0.612689207	2.04885591772	2.29949586091	0.0871622085491	575
44	0.0	0.0	0.0	1.765465313	1.961101826	0.188264523	1.98862454598	1.91700974878	1.0713478274	576
44	0.0	0.25	0.0	1.29677438749	2.0221655069	0.205591488054	1.51605448043	1.97389086095	1.10838161882	577
44	0.0	0.5	0.0	0.802983607996	2.1451826393	0.27145866869	1.00345352689	2.04235182952	1.16685029262	578
44	0.0	0.75	0.0	0.31642413525	2.3031100003	0.356032544481	0.476217146713	2.11854307748	1.22664417183	579
44	0.0	1.0	0.0	-0.13057287	2.468904367	0.429479595	-0.0402591987631	2.19861502781	1.26765357946	580
44	0.25	0.0	0.0	1.77623846065	2.00814763866	-0.0147548625828	2.00575251495	1.98071861369	0.818756182639	581
44	0.25	0.25	0.0	1.30812894765	2.04581736183	-0.0195063479291	1.53456832317	2.0210770384	0.840114962366	582
44	0.25	0.5	0.0	0.813606170124	2.1673395318	0.0348319747415	1.01829609825	2.08481072977	0.891054559021	583
44	0.25	0.75	0.0	0.327943635956	2.33847586232	0.118981417717	0.486737615956	2.16444138237	0.948232390826	584
44	0.25	1.0	0.0	-0.113585146994	2.52498806717	0.203663293285	-0.0303053479651	2.25249069077	0.988305876003	585
44	0.5	0.0	0.0	1.78877800105	2.08288418632	-0.236159109409	2.03004404644	2.07565846927	0.554598317664	586
44	0.5	0.25	0.0	1.32366088955	2.1112869372	-0.256940083377	1.55661622129	2.10457651354	0.562260904167	587
44	0.5	0.5	0.0	0.832654125825	2.24027563316	-0.213508258806	1.0307843728	2.16533950059	0.593772370014	588
44	0.5	0.75	0.0	0.350894645098	2.4196738319	-0.135263574955	0.492042319164	2.24263498184	0.631450271758	589
44	0.5	1.0	0.0	-0.0864806174028	2.59930509118	-0.0516059710839	-0.0201161214312	2.32115050875	0.657612165952	590
44	0.75	0.0	0.0	1.80870376267	2.18067185657	-0.44558997253	2.04868367063	2.18689549263	0.302768802845	591
44	0.75	0.25	0.0	1.34968233181	2.21269292999	-0.474574739658	1.56851436934	2.21333561378	0.296571118417	592
44	0.75	0.5	0.0	0.86242570545	2.34930426773	-0.44160425257	1.0294775634	2.27079185262	0.305273261493	593
44	0.75	0.75	0.0	0.382610541192	2.52819190965	-0.373729748745	0.482229246066	2.33804792262	0.31800570535	594
44	0.75	1.0	0.0	-0.0540865033606	2.6870418956	-0.298002465661	-0.0225745894318	2.3938875372	0.323898923265	595
44	1.0	0.0	0.0	1.841635574	2.296871037	-0.612689207	2.04885591772	2.29949586091	0.0871622085491	596
44	1.0	0.25	0.0	1.39250539302	2.34415403719	-0.640275338137	1.55657896186	2.3363006665	0.0647972793132	597
44	1.0	0.5	0.0	0.905219139351	2.47973875988	-0.617498227168	1.00293488292	2.38802149653	0.0558267693504	598
44	1.0	0.75	0.0	0.420424702753	2.64551809613	-0.563444418865	0.447396386394	2.43560425143	0.0496065823245	599
44	1.0	1.0	0.0	-0.021230027	2.783384937	-0.497200458	-0.0505638222375	2.45999483162	0.0354926218997	600
49	0.0	0.0	0.0	5.033513745	0.404214198	-0.199999995	5.18141038878	0.392925314417	0.0148578998208	601
49	0.0	0.25	0.0	4.93073011195	0.857008906162	-0.209720177143	5.06887436454	0.858861450456	0.0704857245823	602
49	0.0	0.5	0.0	4.67954683319	1.23002307537	-0.241228577766	4.80741010716	1.25841066561	0.138473182424	603
49	0.0	0.75	0.0	4.29142920509	1.51412277339	-0.298046849755	4.43694720541	1.57478256359	0.179916011848	604
49	0.0	1.0	0.0	3.777842524	1.700174068	-0.383696646	3.99741524807	1.79118674811	0.155909951354	605
49	0.25	0.0	0.0	5.03012564172	0.403877000774	-0.20848763564	5.1820970336	0.389269656842	0.00271031889242	606
49	0.25	0.25	0.0	4.92868052932	0.856087513691	-0.279288329137	5.0715680549	0.856217054329	-0.0324873142623	607
49	0.25	0.5	0.0	4.68074705567	1.23129902332	-0.345746784776	4.81537547353	1.26431414843	-0.0192008373866	608
49	0.25	0.75	0.0	4.29663753175	1.51708930665	-0.419387970843	4.45232033723	1.59294112332	-0.0111532687571	609
49	0.25	1.0	0.0	3.78666426855	1.70103614067	-0.511736855627	4.02120369374	1.82147816317	-0.0620676266503	610
49	0.5	0.0	0.0	5.0226718145	0.40261169646	-0.215285106498	5.18360765222	0.38070373976	-0.0121390205992	611
49	0.5	0.25	0.0	4.91998296121	0.841152056653	-0.342788742503	5.07440613148	0.837675471729	-0.121837453495	612
49	0.5	0.5	0.0	4.67040374401	1.20192500545	-0.45580516377	4.82275034976	1.23793436823	-0.180929368226	613
49	0.5	0.75	0.0	4.28736512237	1.47786068225	-0.565725715818	4.4682634232	1.56511513944	-0.239052892537	614
49	0.5	1.0	0.0	3.78429805573	1.66188922642	-0.683941744168	4.05056846796	1.80285249556	-0.345846154172	615
49	0.75	0.0	0.0	5.01521798728	0.400037718667	-0.221702372856	5.18511827083	0.370829149198	-0.026608155592	616
49	0.75	0.25	0.0	4.90906250046	0.814740875293	-0.40359138145	5.07695509859	0.804536579665	-0.201969413497	617
49	0.75	0.5	0.0	4.65345591963	1.15398745195	-0.562733951213	4.82931314981	1.18820088934	-0.33278062189	618
49	0.75	0.75	0.0	4.26837843944	1.41558881266	-0.709826703302	4.48315415159	1.50757993759	-0.460114049669	619
49	0.75	1.0	0.0	3.77381025455	1.59735632146	-0.855566258875	4.07943983105	1.7484315838	-0.625041965729	620
49	1.0	0.0	0.0	5.011829884	0.395774501	-0.2290494	5.18580491565	0.363247471182	-0.0376151230241	621
49	1.0	0.25	0.0	4.90034423992	0.779392309856	-0.465066210186	5.07878146055	0.758100255146	-0.277287914647	622
49	1.0	0.5	0.0	4.63484260391	1.09957279297	-0.657863383568	4.83484228765	1.1240432761	-0.460822810175	623
49	1.0	0.75	0.0	4.24444394545	1.34942561035	-0.824457551916	4.49537021068	1.43661084341	-0.630667930331	624
49	1.0	1.0	0.0	3.758267234	1.522060422	-0.981865347	4.10174804337	1.67133726642	-0.829271395841	625
50	0.0	0.0	0.0	5.011829884	0.395774501	-0.2290494	5.18580491565	0.363247471182	-0.0376151230241	626
50	0.0	0.25	0.0	4.90034423992	0.779392309856	-0.465066210186	5.07878146055	0.758100255146	-0.277287914647	627
50	0.0	0.5	0.0	4.63484260391	1.09957279297	-0.657863383568	4.83484228765	1.1240432761	-0.460822810175	628
50	0.0	0.75	0.0	4.24444394545	1.34942561035	-0.824457551916	4.49537021068	1.43661084341	-0.630667930331	629
50	0.0	1.0	0.0	3.758267234	1.522060422	-0.981865347	4.10174804337	1.67133726642	-0.829271395841	630
50	0.25	0.0	0.0	5.01086637837	0.390637074792	-0.235911681207	5.19039840907	0.35892574695	-0.0509306475393	631
50	0.25	0.25	0.0	4.89302762349	0.735338564005	-0.521870215294	5.08464024527	0.703745351141	-0.352814276064	632
50	0.25	0.5	0.0	4.6165293838	1.02997063659	-0.746558612816	4.84497753441	1.03982329733	-0.587099280515	633
50	0.25	0.75	0.0	4.22281124376	1.26268985116	-0.931755673592	4.51374049423	1.33301463518	-0.794756448109	634
50	0.25	1.0	0.0	3.75331278779	1.42165276636	-1.09924019744	4.13325934248	1.54917441432	-1.01675656606	635
50	0.5	0.0	0.0	5.008746666	0.384576681615	-0.241796046459	5.20050409458	0.35465989812	-0.071012148071	636
50	0.5	0.25	0.0	4.88542402255	0.679099760766	-0.573559134765	5.0957510016	0.638857708439	-0.43443258221	637
50	0.5	0.5	0.0	4.60081207455	0.936327004669	-0.835801364939	4.86052809847	0.928987362524	-0.729805459482	638
50	0.5	0.75	0.0	4.20935569051	1.14534911553	-1.05056478186	4.53980084383	1.18896109125	-0.988201874837	639
50	0.5	1.0	0.0	3.76549973893	1.29525679555	-1.2398914304	4.17853469634	1.3826911255	-1.24069292322	640
50	0.75	0.0	0.0	5.00662695363	0.37766097288	-0.246646513482	5.21060978009	0.349538733733	-0.0900597503729	641
50	0.75	0.25	0.0	4.87936923009	0.61640123003	-0.617468390614	5.10664731196	0.56547942744	-0.513802192477	642
50	0.75	0.5	0.0	4.5894817351	0.833705848499	-0.914782124725	4.87503736658	0.805285821567	-0.867155337554	643
50	0.75	0.75	0.0	4.20170222505	1.01911983381	-1.15909965401	4.5631053755	1.03046373915	-1.17256696	644
50	0.75	1.0	0.0	3.78076845635	1.16218819147	-1.37093291665	4.21817677025	1.20251900321	-1.45248483421	645
50	1.0	0.0	0.0	5.005663448	0.3699576	-0.2504071	5.21520327351	0.342651062829	-0.100273580199	646
50	1.0	0.25	0.0	4.87669903909	0.552968301683	-0.650933404857	5.11186275874	0.485652608544	-0.582582466256	647
50	1.0	0.5	0.0	4.5843294244	0.737171119356	-0.972691376959	4.88204872553	0.682469024351	-0.977362905214	648
50	1.0	0.75	0.0	4.19747578676	0.905718436352	-1.23557506733	4.57320820531	0.883536106375	-1.30941445308	649
50	1.0	1.0	0.0	3.785059309	1.041762636	-1.459478527	4.23278822951	1.03928965074	-1.60353666588	650
53	0.0	0.0	0.0	5.005663448	0.3699576	-0.2504071	5.21520327351	0.342651062829	-0.100273580199	651
53	0.0	0.25	0.0	4.87669903909	0.552968301683	-0.650933404857	5.11186275874	0.485652608544	-0.582582466256	652
53	0.0	0.5	0.0	4.5843294244	0.737171119356	-0.972691376959	4.88204872553	0.682469024351	-0.977362905214	653
53	0.0	0.75	0.0	4.19747578676	0.905718436352	-1.23557506733	4.57320820531	0.883536106375	-1.30941445308	654
53	0.0	1.0	0.0	3.785059309	1.041762636	-1.459478527	4.23278822951	1.03928965074	-1.60353666588	655
53	0.25	0.0	0.0	5.00246120503	0.357189416511	-0.253993180269	5.21801106161	0.329604732587	-0.104387777846	656
53	0.25	0.25	0.0	4.86982058172	0.446261280629	-0.676966383451	5.11277376263	0.343552040231	-0.647775228432	657
53	0.25	0.5	0.0	4.5693797771	0.565580234508	-1.0118264051	4.87857621848	0.450905790345	-1.0787352009	658
53	0.25	0.75	0.0	4.17517791777	0.688375034285	-1.27866616907	4.56550748702	0.589123772324	-1.42829023742	659
53	0.25	1.0	0.0	3.76125413034	0.7878744361	-1.4975785992	4.22365662609	0.695663775568	-1.72746288017	660
53	0.5	0.0	0.0	4.9954162705	0.344855352294	-0.254424920318	5.22418819543	0.316658745514	-0.105981376128	661
53	0.5	0.25	0.0	4.85554364717	0.335964661347	-0.66902186601	5.11403837333	0.201446741221	-0.650808486499	662
53	0.5	0.5	0.0	4.53981003983	0.371820838926	-0.990753570783	4.86999517973	0.191248530652	-1.08772906752	663
53	0.5	0.75	0.0	4.13335925152	0.423469963757	-1.24042629746	4.5509854328	0.228965548661	-1.44108470879	664
53	0.5	1.0	0.0	3.72133508527	0.461958114569	-1.43884630886	4.21593595068	0.257499230102	-1.73521699988	665
53	0.75	0.0	0.0	4.98837133597	0.332820661931	-0.251689600458	5.23036532926	0.304012132294	-0.104407914501	666
53	0.75	0.25	0.0	4.84141039101	0.228071004288	-0.635815862722	5.11646870775	0.0749794764016	-0.606211401213	667
53	0.75	0.5	0.0	4.51054371375	0.179313616994	-0.930801359046	4.86511402546	-0.0532593138159	-1.02489596442	668
53	0.75	0.75	0.0	4.09161283013	0.156744179061	-1.15603845667	4.54262134524	-0.122445878831	-1.36985651178	669
53	0.75	1.0	0.0	3.68045926606	0.130558369503	-1.33091952284	4.21531072995	-0.174321859117	-1.65048795096	670
53	1.0	0.0	0.0	4.985169093	0.3209506	-0.245774501	5.23317311736	0.29186392361	-0.0990209324212	671
53	1.0	0.25	0.0	4.83496296879	0.128572869904	-0.586064383778	5.12087688281	-0.0202069893364	-0.528513133329	672
53	1.0	0.5	0.0	4.49650429999	0.0114792530966	-0.853298254923	4.87274117186	-0.239374302148	-0.910787350932	673
53	1.0	0.75	0.0	4.06953169569	-0.0660613655088	-1.06068565086	4.55339452696	-0.39061782437	-1.23666429101	674
53	1.0	1.0	0.0	3.653783765	-0.139780101	-1.221436108	4.22746549053	-0.498917365548	-1.49696465934	675
54	0.0	0.0	0.0	4.985169093	0.3209506	-0.245774501	5.23317311736	0.29186392361	-0.0990209324212	676
54	0.0	0.25	0.0	4.83496296879	0.128572869904	-0.586064383778	5.12087688281	-0.0202069893364	-0.528513133329	677
54	0.0	0.5	0.0	4.49650429999	0.0114792530966	-0.853298254923	4.87274117186	-0.239374302148	-0.910787350932	678
54	0.0	0.75	0.0	4.06953169569	-0.0660613655088	-1.06068565086	4.55339452696	-0.39061782437	-1.23666429101	679
54	0.0	1.0	0.0	3.653783765	-0.139780101	-1.221436108	4.22746549053	-0.498917365548	-1.49696465934	680
54	0.25	0.0	0.0	4.98834284972	0.309987086729	-0.236923452844	5.23955197321	0.277740754063	-0.0880613014312	681
54	0.25	0.25	0.0	4.83978124045	0.0347609069342	-0.51746431733	5.12952653146	-0.0978186636195	-0.417517660898	682
54	0.25	0.5	0.0	4.50446920053	-0.145835170913	-0.746237851439	4.88533627456	-0.390242411834	-0.723140825525	683
54	0.25	0.75	0.0	4.07893494828	-0.274373491534	-0.929761068867	4.56677934151	-0.608434669453	-0.990547488613	684
54	0.25	1.0	0.0	3.659706702	-0.393426399649	-1.07455098331	4.23365387132	-0.761299615347	-1.20535434346	685
54	0.5	0.0	0.0	4.9953251145	0.302110147309	-0.226278036202	5.25358545607	0.262912570834	-0.0727770025545	686
54	0.5	0.25	0.0	4.8503123657	-0.0457022838634	-0.430093967804	5.14082762672	-0.167315232703	-0.278109578008	687
54	0.5	0.5	0.0	4.52324454289	-0.296208666648	-0.600271886665	4.8901719337	-0.530125454822	-0.464287323308	688
54	0.5	0.75	0.0	4.10588028079	-0.490077905657	-0.740163149531	4.56284806894	-0.817955877484	-0.628479044463	689
54	0.5	1.0	0.0	3.68997821414	-0.667978905504	-0.853119113149	4.22008572435	-1.02324428265	-0.767853547481	690
54	0.75	0.0	0.0	5.00230737928	0.297362258984	-0.213915651709	5.26761893892	0.251213438701	-0.0557757358269	691
54	0.75	0.25	0.0	4.86039819379	-0.102599244518	-0.329106127037	5.14989049321	-0.213977208711	-0.120957184847	692
54	0.75	0.5	0.0	4.54077676287	-0.4108787138	-0.434242621511	4.88850949308	-0.624543537762	-0.181008541851	693
54	0.75	0.75	0.0	4.13123923714	-0.661817907776	-0.526116200198	4.5498194063	-0.963112226326	-0.23897094771	694
54	0.75	1.0	0.0	3.71958176721	-0.889758585357	-0.601517928166	4.20016370065	-1.21230995228	-0.297885543295	695
54	1.0	0.0	0.0	5.005481136	0.295785899	-0.1999137	5.27399779477	0.24647742244	-0.0396652012843	696
54	1.0	0.25	0.0	4.86388057395	-0.125712517059	-0.219653586865	5.15182545557	-0.223085103767	0.0432712183992	697
54	1.0	0.5	0.0	4.54501229632	-0.461082792062	-0.266992316891	4.88161029648	-0.639016767302	0.0799138212776	698
54	1.0	0.75	0.0	4.13588336128	-0.738236797784	-0.321844528221	4.53591205065	-0.987834493844	0.0894648124983	699
54	1.0	1.0	0.0	3.723500827	-0.985086406	-0.364124859	4.18729045126	-1.25605520907	0.0911263972089	700
57	0.0	0.0	0.0	5.005481136	0.295785899	-0.1999137	5.27399779477	0.24647742244	-0.0396652012843	701
57	0.0	0.25	0.0	4.86388057395	-0.125712517059	-0.219653586865	5.15182545557	-0.223085103767	0.0432712183992	702
57	0.0	0.5	0.0	4.54501229632	-0.461082792062	-0.266992316891	4.88161029648	-0.639016767302	0.0799138212776	703
57	0.0	0.75	0.0	4.13588336128	-0.738236797784	-0.321844528221	4.53591205065	-0.987834493844	0.0894648124983	704
57	0.0	1.0	0.0	3.723500827	-0.985086406	-0.364124859	4.18729045126	-1.25605520907	0.0911263972089	705
57	0.25	0.0	0.0	5.00441575631	0.29755804686	-0.186435553781	5.26794982704	0.253571556983	-0.0167592090405	706
57	0.25	0.25	0.0	4.8578904331	-0.10826262715	-0.11879414681	5.14320312162	-0.19323016543	0.180416924966	707
57	0.25	0.5	0.0	4.52713701634	-0.428542350224	-0.122492590154	4.86662765443	-0.582271566864	0.280049545514	708
57	0.25	0.75	0.0	4.10371929253	-0.689753515589	-0.155896948418	4.51305035633	-0.907954915836	0.327889492071	709
57	0.25	1.0	0.0	3.67920104819	-0.918368516471	-0.177373286209	4.15729815816	-1.16468248086	0.369687604106	710
57	0.5	0.0	0.0	5.002071921	0.302586834345	-0.173885190857	5.25464429804	0.270308715168	0.0165324151397	711
57	0.5	0.25	0.0	4.84590312368	-0.058245939711	-0.0229118338019	5.12628971637	-0.135674605706	0.297981879942	712
57	0.5	0.5	0.0	4.4922206458	-0.335431241624	0.0202587904348	4.83903533562	-0.484414624783	0.468091198029	713
57	0.5	0.75	0.0	4.04208094168	-0.555709640138	0.0132893411213	4.46841578537	-0.773784223017	0.575777883585	714
57	0.5	1.0	0.0	3.59654046562	-0.745821704	0.0138424775259	4.08996569522	-1.00165628136	0.669959450794	715
57	0.75	0.0	0.0	4.99972808569	0.310506329407	-0.162927007254	5.24133876905	0.289936580931	0.0482318599983	716
57	0.75	0.25	0.0	4.83240834377	0.0141449356469	0.0590546847312	5.1067082005	-0.0621459585302	0.397648124806	717
57	0.75	0.5	0.0	4.45292118561	-0.208555447568	0.140024987204	4.80307239667	-0.364176770401	0.628656232007	718
57	0.75	0.75	0.0	3.97428592175	-0.381082884216	0.153310485573	4.41012641943	-0.613257951195	0.790705059969	719
57	0.75	1.0	0.0	3.50952186274	-0.526925438279	0.172237765248	4.00756533065	-0.806491597425	0.933243487059	720
57	1.0	0.0	0.0	4.998662706	0.3209506	-0.154225399	5.23529080132	0.305702838206	0.0663613142773	721
57	1.0	0.25	0.0	4.82189579147	0.0987173893111	0.118166741362	5.09008153468	0.0156282421606	0.481097701038	722
57	1.0	0.5	0.0	4.42189663666	-0.0747209493643	0.215569162483	4.76297789423	-0.240288833059	0.746362100634	723
57	1.0	0.75	0.0	3.92365184578	-0.210850960608	0.231762630113	4.34630034017	-0.45431163618	0.930246094155	724
57	1.0	1.0	0.0	3.452148023	-0.321159189	0.26052791	3.93236933267	-0.618703415928	1.10084126269	725
58	0.0	0.0	0.0	4.998662706	0.3209506	-0.154225399	5.23529080132	0.305702838206	0.0663613142773	726
58	0.0	0.25	0.0	4.82189579147	0.0987173893111	0.118166741362	5.09008153468	0.0156282421606	0.481097701038	727
58	0.0	0.5	0.0	4.42189663666	-0.0747209493643	0.215569162483	4.76297789423	-0.240288833059	0.746362100634	728
58	0.0	0.75	0.0	3.92365184578	-0.210850960608	0.231762630113	4.34630034017	-0.45431163618	0.930246094155	729
58	0.0	1.0	0.0	3.452148023	-0.321159189	0.26052791	3.93236933267	-0.618703415928	1.10084126269	730
58	0.25	0.0	0.0	4.99722764303	0.332521727984	-0.148678686096	5.22914402131	0.316835121741	0.0709353808015	731
58	0.25	0.25	0.0	4.81700481509	0.192579740508	0.148744955614	5.0732576446	0.105262223496	0.533068910952	732
58	0.25	0.5	0.0	4.4092488646	0.0764576685604	0.246679543552	4.72473092326	-0.0882593998625	0.812186061682	733
58	0.25	0.75	0.0	3.90360678069	-0.0155954203473	0.255593306672	4.29254065956	-0.254501000185	0.997053323372	734
58	0.25	1.0	0.0	3.42972555249	-0.0833304587052	0.285954473929	3.88566365578	-0.384233829324	1.17643718641	735
58	0.5	0.0	0.0	4.9940705045	0.344897839355	-0.146024498214	5.21562110529	0.328245775324	0.0714497466479	736
58	0.5	0.25	0.0	4.81720113276	0.296581909416	0.156680168157	5.0554181012	0.214599594927	0.548151511079	737
58	0.5	0.5	0.0	4.41461410805	0.251703878349	0.250367091393	4.69905579006	0.101395704707	0.832469957441	738
58	0.5	0.75	0.0	3.91025598511	0.219140905296	0.251994452124	4.26481914254	-0.000766866506495	1.01752008241	739
58	0.5	1.0	0.0	3.42807331865	0.207770149396	0.278520430982	3.87099312931	-0.0812890898856	1.19641688264	740
58	0.75	0.0	0.0	4.99091336597	0.357552081049	-0.146312635975	5.20209818928	0.33993455923	0.0690217868513	741
58	0.75	0.25	0.0	4.82044754659	0.401231020283	0.144642176612	5.04257006857	0.32946928957	0.534922029281	742
58	0.75	0.5	0.0	4.42963071042	0.427402911211	0.228386953414	4.68774401891	0.298269763482	0.814143278105	743
58	0.75	0.75	0.0	3.93288543916	0.453960472872	0.222525883464	4.25680915779	0.263505167537	0.997211534368	744
58	0.75	1.0	0.0	3.44463431449	0.4987964243	0.244663155794	3.86895460269	0.242344688305	1.17465279911	745
58	1.0	0.0	0.0	4.989478303	0.3699576	-0.1495929	5.19595140927	0.351901233732	0.0647688764466	746
58	1.0	0.25	0.0	4.82470685871	0.497034197353	0.115300778602	5.04072071081	0.435700240539	0.501956993421	747
58	1.0	0.5	0.0	4.4459370151	0.579939998356	0.182494277025	4.6925871341	0.471956059295	0.764135513869	748
58	1.0	0.75	0.0	3.96078112294	0.649465738931	0.168747417685	4.262184074	0.494929504627	0.941692842374	749
58	1.0	1.0	0.0	3.476851533	0.736402155	0.190820023	3.86014492537	0.538881391164	1.12501738352	750
61	0.0	0.0	0.0	4.989478303	0.3699576	-0.1495929	5.19595140927	0.351901233732	0.0647688764466	751
61	0.0	0.25	0.0	4.82470685871	0.497034197353	0.115300778602	5.04072071081	0.435700240539	0.501956993421	752
61	0.0	0.5	0.0	4.4459370151	0.579939998356	0.182494277025	4.6925871341	0.471956059295	0.764135513869	753
61	0.0	0.75	0.0	3.96078112294	0.649465738931	0.168747417685	4.262184074	0.494929504627	0.941692842374	754
61	0.0	1.0	0.0	3.476851533	0.736402155	0.190820023	3.86014492537	0.538881391164	1.12501738352	755
61	0.25	0.0	0.0	4.99146080097	0.377886089317	-0.153379463926	5.193165712	0.361038968844	0.0539805792882	756
61	0.25	0.25	0.0	4.83041865987	0.56051263416	0.0897054681358	5.04158756076	0.504165251689	0.47215428347	757
61	0.25	0.5	0.0	4.45998998013	0.68128527543	0.144611976305	4.69930921151	0.589690313865	0.719166045129	758
61	0.25	0.75	0.0	3.98299680913	0.776130211449	0.12385177391	4.26879025303	0.653902472189	0.885419179986	759
61	0.25	1.0	0.0	3.50226119423	0.880973640545	0.139936574278	3.85249027408	0.73309004348	1.06131700376	760
61	0.5	0.0	0.0	4.9958222965	0.384681626126	-0.158077097415	5.18703717801	0.3704948464	0.0338791326883	761
61	0.5	0.25	0.0	4.84089037489	0.625465253957	0.0613483204545	5.03958190298	0.572513126042	0.435992522663	762
61	0.5	0.5	0.0	4.48308649405	0.796444371085	0.104328786509	4.70516843884	0.725563058601	0.665800679762	763
61	0.5	0.75	0.0	4.01552950539	0.927826821815	0.073739697752	4.2783563524	0.846825244098	0.810770191532	764
61	0.5	1.0	0.0	3.53133826034	1.04982045045	0.0724564511866	3.85370521046	0.953480282556	0.958367645513	765
61	0.75	0.0	0.0	5.00018379203	0.390569375122	-0.163872057196	5.18090864401	0.379042936144	0.012680359796	766
61	0.75	0.25	0.0	4.85393723455	0.686048917508	0.026503862875	5.03859760672	0.636042783298	0.391347977617	767
61	0.75	0.5	0.0	4.51370404222	0.908064899604	0.0576498691559	4.7145402982	0.85680394939	0.600198713593	768
61	0.75	0.75	0.0	4.05873055398	1.07737383809	0.0185600381852	4.29453704229	1.03570395273	0.721053604633	769
61	0.75	1.0	0.0	3.56826310878	1.21473224963	-0.00177155349834	3.86438816282	1.16712031163	0.835733687645	770
61	1.0	0.0	0.0	5.00216629	0.395774501	-0.1709506	5.17812294674	0.385457307817	-0.00139991623981	771
61	1.0	0.25	0.0	4.86737446966	0.736420485579	-0.0185533772857	5.04252854119	0.690053143157	0.336096914951	772
61	1.0	0.5	0.0	4.55032011002	0.998794475266	0.000580385764413	4.73180027167	0.960642642121	0.518519442444	773
61	1.0	0.75	0.0	4.11295129712	1.19758952832	-0.0415383558177	4.32098699289	1.18254473047	0.619577146913	774
61	1.0	1.0	0.0	3.617216117	1.347498703	-0.072898647	3.88513755952	1.34107833395	0.712979509031	775
62	0.0	0.0	0.0	5.00216629	0.395774501	-0.1709506	5.17812294674	0.385457307817	-0.00139991623981	776
62	0.0	0.25	0.0	4.86737446966	0.736420485579	-0.0185533772857	5.04252854119	0.690053143157	0.336096914951	777
62	0.0	0.5	0.0	4.55032011002	0.998794475266	0.000580385764413	4.73180027167	0.960642642121	0.518519442444	778
62	0.0	0.75	0.0	4.11295129712	1.19758952832	-0.0415383558177	4.32098699289	1.18254473047	0.619577146913	779
62	0.0	1.0	0.0	3.617216117	1.347498703	-0.072898647	3.88513755952	1.34107833395	0.712979509031	780
62	0.25	0.0	0.0	5.00706432984	0.400614956807	-0.178848113955	5.17863660956	0.390145936999	-0.00221817846651	781
62	0.25	0.25	0.0	4.8822167227	0.780375892014	-0.0673511190189	5.04946529033	0.744840680427	0.278930217422	782
62	0.25	0.5	0.0	4.58544975937	1.06966109994	-0.0561269612654	4.75179862605	1.04575836594	0.438163499358	783
62	0.25	0.75	0.0	4.16357294722	1.28508843221	-0.0954216363045	4.35055327704	1.28683451409	0.528166737796	784
62	0.25	1.0	0.0	3.66339579359	1.44327574044	-0.135481139746	3.91064590362	1.46200464541	0.601625003191	785
62	0.5	0.0	0.0	5.0178400175	0.403124796404	-0.184565819258	5.17976666776	0.392321758021	0.00763847003298	786
62	0.5	0.25	0.0	4.90272326144	0.817215618699	-0.10372155067	5.05755717876	0.79856978798	0.230582465926	787
62	0.5	0.5	0.0	4.62594616129	1.13986328537	-0.104504297739	4.77472807911	1.13757652063	0.359855968339	788
62	0.5	0.75	0.0	4.2187086189	1.38166608442	-0.15338325365	4.38531856967	1.40476682669	0.424940567248	789
62	0.5	1.0	0.0	3.71221053615	1.55322230384	-0.216827611592	3.9433678513	1.59556557687	0.45531785263	790
62	0.75	0.0	0.0	5.02861570516	0.40406941255	-0.190738263681	5.18089672596	0.392932355592	0.0170403794112	791
62	0.75	0.25	0.0	4.92139431487	0.84380488397	-0.145299595594	5.06472120425	0.840242649946	0.16858914135	792
62	0.75	0.5	0.0	4.66093621836	1.19733821578	-0.160791533343	4.79509608732	1.21536974194	0.265868609367	793
62	0.75	0.75	0.0	4.26558510669	1.46533876985	-0.219549545564	4.41690812703	1.50964754946	0.309117402766	794
62	0.75	1.0	0.0	3.75368467089	1.64847590807	-0.303909100892	3.97504407523	1.7144099904	0.298574140851	795
62	1.0	0.0	0.0	5.033513745	0.404214198	-0.199999995	5.18141038878	0.392925314417	0.0148578998208	796
62	1.0	0.25	0.0	4.93073011195	0.857008906162	-0.209720177143	5.06887436454	0.858861450456	0.0704857245823	797
62	1.0	0.5	0.0	4.67954683319	1.23002307537	-0.241228577766	4.80741010716	1.25841066561	0.138473182424	798
62	1.0	0.75	0.0	4.29142920509	1.51412277339	-0.298046849755	4.43694720541	1.57478256359	0.179916011848	799
62	1.0	1.0	0.0	3.777842524	1.700174068	-0.383696646	3.99741524807	1.79118674811	0.155909951354	800
