Elem	xi[0]	xi[1]	xi[2]	Y[0]	Y[1]	Y[2]	y[0]	y[1]	y[2]	Index
1	0.0	0.0	0.0	-0.021230027	2.783384937	-0.497200458	0.0108015729868	2.79281205086	-0.164290457275	1
1	0.0	0.25	0.0	-0.532116240092	2.92145247273	-0.43384988749	-0.54460725514	2.84353462763	-0.167124716473	2
1	0.0	0.5	0.0	-1.08876342883	3.07670653575	-0.392306601493	-1.10599274636	2.92627745629	-0.129672925492	3
1	0.0	0.75	0.0	-1.66327642915	3.23002637939	-0.362264303499	-1.6686214904	3.02347362792	-0.0766325972371	4
1	0.0	1.0	0.0	-2.227760077	3.362291257	-0.333416697	-2.227760077	3.11755623358	-0.0327012446098	5
1	0.25	0.0	0.0	0.00557428406247	2.86693564789	-0.744356533375	0.000866034203752	2.87099902469	-0.493015085615	6
1	0.25	0.25	0.0	-0.520720596361	2.95966105904	-0.665803292353	-0.556283781986	2.87179126859	-0.471063067834	7
1	0.25	0.5	0.0	-1.08943837777	3.04380630651	-0.593812738073	-1.10668062559	2.8959827863	-0.380996664407	8
1	0.25	0.75	0.0	-1.66959489231	3.1321419821	-0.517849771458	-1.66107214088	2.9354813699	-0.279862045933	9
1	0.25	1.0	0.0	-2.23020597213	3.23743867761	-0.427379293434	-2.23020597213	2.98219481152	-0.224705383006	10
1	0.5	0.0	0.0	0.0134645942407	2.89184008148	-1.06014635178	0.0209025830359	2.90974725845	-0.89503166819	11
1	0.5	0.25	0.0	-0.530213997136	2.94535453844	-0.954576790159	-0.557465769295	2.86491698482	-0.831859895994	12
1	0.5	0.5	0.0	-1.10603324442	2.98249890384	-0.845188134794	-1.12032702898	2.84258565353	-0.699169456674	13
1	0.5	0.75	0.0	-1.68836722345	3.01710695476	-0.715631151541	-1.68069663093	2.83240641057	-0.54313959245	14
1	0.5	1.0	0.0	-2.25159001008	3.06301246829	-0.549556606257	-2.25159001008	2.82403240195	-0.409949545541	15
1	0.75	0.0	0.0	0.00310357329864	2.86383055059	-1.3721666843	0.0446640412254	2.89890483683	-1.28921435131	16
1	0.75	0.25	0.0	-0.551228619467	2.88641723128	-1.23210396208	-0.557971838811	2.81742419973	-1.17878079677	17
1	0.75	0.5	0.0	-1.12984616196	2.89806460133	-1.08600478819	-1.14386013743	2.76203427264	-1.0098443182	18
1	0.75	0.75	0.0	-1.71382387665	2.89710186901	-0.908848571327	-1.71771150352	2.71942679587	-0.801752067974	19
1	0.75	1.0	0.0	-2.28423658599	2.88185824257	-0.675614720201	-2.28423658599	2.67629350976	-0.573851198475	20
1	1.0	0.0	0.0	-0.024846109	2.788639368	-1.608014302	0.0459032305143	2.8283198445	-1.5944372813	21
1	1.0	0.25	0.0	-0.574396640406	2.79073345788	-1.43031838929	-0.567620612278	2.72382533675	-1.44109136599	22
1	1.0	0.5	0.0	-1.15217526358	2.79578367259	-1.25583469479	-1.17420813184	2.65027685826	-1.23867426489	23
1	1.0	0.75	0.0	-1.74019530596	2.7843072965	-1.0507421584	-1.7623333016	2.60172057171	-0.990986303691	24
1	1.0	1.0	0.0	-2.320470095	2.736821614	-0.78121972	-2.320470095	2.57220263981	-0.701827808071	25
2	0.0	0.0	0.0	-0.024846109	2.788639368	-1.608014302	0.0459032305143	2.8283198445	-1.5944372813	26
2	0.0	0.25	0.0	-0.574396640406	2.79073345788	-1.43031838929	-0.567620612278	2.72382533675	-1.44109136599	27
2	0.0	0.5	0.0	-1.15217526358	2.79578367259	-1.25583469479	-1.17420813184	2.65027685826	-1.23867426489	28
2	0.0	0.75	0.0	-1.74019530596	2.7843072965	-1.0507421584	-1.7623333016	2.60172057171	-0.990986303691	29
2	0.0	1.0	0.0	-2.320470095	2.736821614	-0.78121972	-2.320470095	2.57220263981	-0.701827808071	30
2	0.25	0.0	0.0	-0.0559838126898	2.61518854164	-1.79760507561	0.0347998622145	2.65303962266	-1.8819592995	31
2	0.25	0.25	0.0	-0.603299079169	2.62551315122	-1.61006677801	-0.587949458095	2.55726800077	-1.7081080172	32
2	0.25	0.5	0.0	-1.18117506629	2.64209953432	-1.40690817915	-1.21126190524	2.48909333384	-1.46551094357	33
2	0.25	0.75	0.0	-1.77730278552	2.64103938488	-1.16979049972	-1.81508674629	2.46362611347	-1.16899229021	34
2	0.25	1.0	0.0	-2.37937324828	2.59842439678	-0.88037496041	-2.37937324828	2.49597683126	-0.833376268704	35
2	0.5	0.0	0.0	-0.0756077231453	2.3470580536	-1.98614317747	0.0345025703487	2.38726556704	-2.20755167895	36
2	0.5	0.25	0.0	-0.639305964224	2.39605339044	-1.82383234934	-0.611329006355	2.33134365377	-2.03504821646	37
2	0.5	0.5	0.0	-1.22317404596	2.43751524484	-1.58971670667	-1.25395785277	2.29196667331	-1.75140771416	38
2	0.5	0.75	0.0	-1.83085859522	2.45565994121	-1.30535482907	-1.87748368993	2.30707530189	-1.39362353628	39
2	0.5	1.0	0.0	-2.4660062389	2.43470380396	-0.992305296121	-2.4660062389	2.41461021574	-0.998689047055	40
2	0.75	0.0	0.0	-0.0900011622781	2.05234592175	-2.15932592634	0.0344154962706	2.08854401557	-2.51419334029	41
2	0.75	0.25	0.0	-0.673675342777	2.14619140764	-2.0168925089	-0.636326780202	2.0796287314	-2.33770789944	42
2	0.75	0.5	0.0	-1.26933042419	2.22086638658	-1.75929039596	-1.30134763392	2.0833021945	-2.02038119237	43
2	0.75	0.75	0.0	-1.89166149878	2.26644707602	-1.43928016175	-1.94593171132	2.14947515033	-1.61646425794	44
2	0.75	1.0	0.0	-2.55536365882	2.27300969341	-1.10962238052	-2.55536365882	2.32805834437	-1.18020813499	45
2	1.0	0.0	0.0	-0.105447452	1.799150164	-2.302850641	0.0239427813338	1.81442130615	-2.74486320415	46
2	1.0	0.25	0.0	-0.697665262035	1.91976443489	-2.13452466235	-0.661510302782	1.83569966932	-2.53188300184	47
2	1.0	0.5	0.0	-1.31080242262	2.03098854198	-1.87065936562	-1.35248290823	1.88750521526	-2.19644799394	48
2	1.0	0.75	0.0	-1.9505102599	2.11167889983	-1.55341151308	-2.01683838923	2.00823267217	-1.78909867119	49
2	1.0	1.0	0.0	-2.6224401	2.140691923	-1.224937867	-2.6224401	2.23627676826	-1.36037552437	50
5	0.0	0.0	0.0	-0.105447452	1.799150164	-2.302850641	0.0239427813338	1.81442130615	-2.74486320415	51
5	0.0	0.25	0.0	-0.697665262035	1.91976443489	-2.13452466235	-0.661510302782	1.83569966932	-2.53188300184	52
5	0.0	0.5	0.0	-1.31080242262	2.03098854198	-1.87065936562	-1.35248290823	1.88750521526	-2.19644799394	53
5	0.0	0.75	0.0	-1.9505102599	2.11167889983	-1.55341151308	-2.01683838923	2.00823267217	-1.78909867119	54
5	0.0	1.0	0.0	-2.6224401	2.140691923	-1.224937867	-2.6224401	2.23627676826	-1.36037552437	55
5	0.25	0.0	0.0	-0.150919766794	1.25833133648	-2.4772867511	-0.00979781587022	1.15908564684	-2.98637785872	56
5	0.25	0.25	0.0	-0.747340017794	1.38615655629	-2.26185157234	-0.705948258644	1.20590033827	-2.72402478193	57
5	0.25	0.5	0.0	-1.3879135454	1.54405144461	-2.0103048883	-1.42906319157	1.34070573521	-2.40056677306	58
5	0.25	0.75	0.0	-2.05566780841	1.6761252432	-1.72384917032	-2.12350354908	1.5473503916	-2.05070785693	59
5	0.25	1.0	0.0	-2.7336302656	1.72648719381	-1.40368688975	-2.7336302656	1.8096828614	-1.70915205838	60
5	0.5	0.0	0.0	-0.204619445347	0.583508766326	-2.51006137558	-0.036131403435	0.329309476325	-3.01909473175	61
5	0.5	0.25	0.0	-0.808598797456	0.714673392294	-2.34017170113	-0.728666304504	0.412446578722	-2.79935162681	62
5	0.5	0.5	0.0	-1.44198506884	0.903198990184	-2.08220364653	-1.42853432977	0.623727956605	-2.50225034831	63
5	0.5	0.75	0.0	-2.11156483355	1.07349838229	-1.7666381128	-2.12919920742	0.893560760858	-2.18248026036	64
5	0.5	1.0	0.0	-2.82412466565	1.14998439089	-1.42395600091	-2.82412466565	1.15235214236	-1.89473072706	65
5	0.75	0.0	0.0	-0.253074008226	-0.0878410897443	-2.42403657978	-0.060248758787	-0.455960479244	-2.8684877652	66
5	0.75	0.25	0.0	-0.867767619388	0.0477270640531	-2.32283282424	-0.744435095864	-0.329727921206	-2.72200448905	67
5	0.75	0.5	0.0	-1.4903481861	0.251380087248	-2.07620678968	-1.41145841151	-0.0753479489468	-2.48008092495	68
5	0.75	0.75	0.0	-2.15558923198	0.449698727952	-1.74217280726	-2.11238078125	0.219260170605	-2.20820494047	69
5	0.75	1.0	0.0	-2.89826428063	0.569263734277	-1.37874520811	-2.89826428063	0.466177170522	-1.97186440316	70
5	1.0	0.0	0.0	-0.282810976	-0.618241775	-2.242074429	-0.087340659353	-0.977777493721	-2.56003090103	71
5	1.0	0.25	0.0	-0.911172501956	-0.472270307263	-2.16318271721	-0.768025288225	-0.805689473394	-2.45612432124	72
5	1.0	0.5	0.0	-1.55033409034	-0.268456355641	-1.9821654671	-1.43839752546	-0.568441809856	-2.31264070828	73
5	1.0	0.75	0.0	-2.2251289003	-0.0493733089481	-1.71084772044	-2.15150368756	-0.303154988506	-2.15167095629	74
5	1.0	1.0	0.0	-2.960390091	0.142405444	-1.361054519	-2.960390091	-0.0469494947413	-1.99530595944	75
6	0.0	0.0	0.0	-0.282810976	-0.618241775	-2.242074429	-0.087340659353	-0.977777493721	-2.56003090103	76
6	0.0	0.25	0.0	-0.911172501956	-0.472270307263	-2.16318271721	-0.768025288225	-0.805689473394	-2.45612432124	77
6	0.0	0.5	0.0	-1.55033409034	-0.268456355641	-1.9821654671	-1.43839752546	-0.568441809856	-2.31264070828	78
6	0.0	0.75	0.0	-2.2251289003	-0.0493733089481	-1.71084772044	-2.15150368756	-0.303154988506	-2.15167095629	79
6	0.0	1.0	0.0	-2.960390091	0.142405444	-1.361054519	-2.960390091	-0.0469494947413	-1.99530595944	80
6	0.25	0.0	0.0	-0.298175037286	-1.12102881904	-1.88825764984	-0.12550018566	-1.37728166636	-2.04772660884	81
6	0.25	0.25	0.0	-0.930828487048	-0.982239049616	-1.80587456924	-0.80751932565	-1.20589970332	-1.96170189787	82
6	0.25	0.5	0.0	-1.5939182361	-0.779235530819	-1.70569941952	-1.49946835588	-1.01396414871	-1.90851069458	83
6	0.25	0.75	0.0	-2.28545568146	-0.536137776893	-1.53997200677	-2.22392130963	-0.785942570712	-1.86682366121	84
6	0.25	1.0	0.0	-3.00345222014	-0.277065302082	-1.26093213712	-3.00345222014	-0.506302537536	-1.81531145998	85
6	0.5	0.0	0.0	-0.310315502222	-1.65493803485	-1.37362783641	-0.171702754586	-1.82396477561	-1.40354278373	86
6	0.5	0.25	0.0	-0.936429664606	-1.55468017739	-1.31835129343	-0.857612817034	-1.71878724149	-1.34713147323	87
6	0.5	0.5	0.0	-1.60059896185	-1.35393033638	-1.25495876659	-1.55087778092	-1.55800980334	-1.32084666273	88
6	0.5	0.75	0.0	-2.29757487114	-1.09086704654	-1.14842537681	-2.26715676041	-1.33663404531	-1.32010157856	89
6	0.5	1.0	0.0	-3.02210886966	-0.803668842613	-0.963726245048	-3.02210886966	-1.04966155151	-1.34030944708	90
6	0.75	0.0	0.0	-0.320201361547	-2.11096582123	-0.792231856027	-0.222541181648	-2.22592816968	-0.728913813968	91
6	0.75	0.25	0.0	-0.944355877832	-2.04269853603	-0.770331890189	-0.916934863036	-2.18384781516	-0.701337100801	92
6	0.75	0.5	0.0	-1.60455670516	-1.84021433359	-0.72971690252	-1.60727613423	-2.03599241826	-0.682576320545	93
6	0.75	0.75	0.0	-2.29938854389	-1.55859935162	-0.661638697459	-2.30647365731	-1.80885720219	-0.683102766379	94
6	0.75	1.0	0.0	-3.02743609435	-1.25293972784	-0.557349079447	-3.02743609435	-1.5289373902	-0.713387731485	95
6	1.0	0.0	0.0	-0.328801606	-2.380108577	-0.238116576	-0.27460828236	-2.4912731968	-0.125274087836	96
6	1.0	0.25	0.0	-0.970986969929	-2.299398971	-0.231535359917	-0.984114564314	-2.44057715163	-0.113242834053	97
6	1.0	0.5	0.0	-1.63997190359	-2.08576108373	-0.229747221508	-1.68331374947	-2.28332563795	-0.12662737587	98
6	1.0	0.75	0.0	-2.32879877421	-1.78437292585	-0.205042835595	-2.36713561773	-2.05623983128	-0.127425282698	99
6	1.0	1.0	0.0	-3.030509949	-1.440412508	-0.129712877	-3.030509949	-1.79604090713	-0.077634123949	100
9	0.0	0.0	0.0	-0.328801606	-2.380108577	-0.238116576	-0.27460828236	-2.4912731968	-0.125274087836	101
9	0.0	0.25	0.0	-0.970986969929	-2.299398971	-0.231535359917	-0.984114564314	-2.44057715163	-0.113242834053	102
9	0.0	0.5	0.0	-1.63997190359	-2.08576108373	-0.229747221508	-1.68331374947	-2.28332563795	-0.12662737587	103
9	0.0	0.75	0.0	-2.32879877421	-1.78437292585	-0.205042835595	-2.36713561773	-2.05623983128	-0.127425282698	104
9	0.0	1.0	0.0	-3.030509949	-1.440412508	-0.129712877	-3.030509949	-1.79604090713	-0.077634123949	105
9	0.25	0.0	0.0	-0.334130158537	-2.29878287828	0.280549823989	-0.277827581166	-2.46167453318	0.45137768587	106
9	0.25	0.25	0.0	-0.995064226723	-2.16913162276	0.290160646136	-1.00343084421	-2.3507989128	0.463805034369	107
9	0.25	0.5	0.0	-1.67726938276	-1.93535162389	0.300616766493	-1.72429447972	-2.18168945598	0.470772651384	108
9	0.25	0.75	0.0	-2.3645061702	-1.610626823	0.327282110136	-2.4126015538	-1.95957682064	0.522165900538	109
9	0.25	1.0	0.0	-3.04053513258	-1.20814116142	0.385520602143	-3.04053513258	-1.68969166466	0.667870145451	110
9	0.5	0.0	0.0	-0.337235786534	-1.90455322944	0.822440305691	-0.228214434328	-2.15242248251	1.10233883387	111
9	0.5	0.25	0.0	-0.991854338678	-1.72488302167	0.833728747849	-0.958033328926	-1.99250743533	1.11653190309	112
9	0.5	0.5	0.0	-1.66671548444	-1.46018908789	0.882636953481	-1.68814258642	-1.81006354292	1.18975010615	113
9	0.5	0.75	0.0	-2.35491748886	-1.1098553974	0.915894451153	-2.39362381353	-1.57514986649	1.29555611059	114
9	0.5	1.0	0.0	-3.04955861699	-0.673265919489	0.880230769429	-3.04955861699	-1.25782546726	1.40751258393	115
9	0.75	0.0	0.0	-0.341974880014	-1.36211699713	1.2914046428	-0.181135604231	-1.69858478881	1.70468568634	116
9	0.75	0.25	0.0	-0.974912398399	-1.15511933398	1.33355445326	-0.906498915307	-1.51793532937	1.7425974443	117
9	0.75	0.5	0.0	-1.62859327778	-0.861453928187	1.39492105912	-1.63278131155	-1.31319113136	1.85966948852	118
9	0.75	0.75	0.0	-2.31490193032	-0.492967778102	1.38370015349	-2.34938764511	-1.05691611127	1.96505109949	119
9	0.75	1.0	0.0	-3.04572276815	-0.0615078820653	1.2080874295	-3.04572276815	-0.721674185626	1.96789155772	120
9	1.0	0.0	0.0	-0.352203829	-0.836171548	1.591292609	-0.191957853258	-1.23522919612	2.13549457346	121
9	1.0	0.25	0.0	-0.957793498487	-0.648306725933	1.72402327041	-0.907404500214	-1.07931520504	2.23966133019	122
9	1.0	0.5	0.0	-1.58318583195	-0.340326597224	1.71607680307	-1.61613389707	-0.835815453864	2.30989529856	123
9	1.0	0.75	0.0	-2.25932869469	0.0291269058478	1.5536051832	-2.31907829671	-0.558832697396	2.30295661927	124
9	1.0	1.0	0.0	-3.017169952	0.401411851	1.222760387	-3.017169952	-0.302469690434	2.17560543302	125
10	0.0	0.0	0.0	-0.352203829	-0.836171548	1.591292609	-0.191957853258	-1.23522919612	2.13549457346	126
10	0.0	0.25	0.0	-0.957793498487	-0.648306725933	1.72402327041	-0.907404500214	-1.07931520504	2.23966133019	127
10	0.0	0.5	0.0	-1.58318583195	-0.340326597224	1.71607680307	-1.61613389707	-0.835815453864	2.30989529856	128
10	0.0	0.75	0.0	-2.25932869469	0.0291269058478	1.5536051832	-2.31907829671	-0.558832697396	2.30295661927	129
10	0.0	1.0	0.0	-3.017169952	0.401411851	1.222760387	-3.017169952	-0.302469690434	2.17560543302	130
10	0.25	0.0	0.0	-0.356207925519	-0.286456253037	1.67829681259	-0.21132695038	-0.71522333152	2.33401264141	131
10	0.25	0.25	0.0	-0.944254395234	-0.135526249479	1.85277206263	-0.914312853414	-0.588338808088	2.46996832235	132
10	0.25	0.5	0.0	-1.55744075785	0.161239307596	1.77695892897	-1.61477957284	-0.322314562927	2.47790747105	133
10	0.25	0.75	0.0	-2.22516518329	0.512406085021	1.5177926688	-2.3048947038	-0.0380923338722	2.37423826577	134
10	0.25	1.0	0.0	-2.97682584146	0.826539749627	1.14220853933	-2.97682584146	0.143386141244	2.17536888482	135
10	0.5	0.0	0.0	-0.338774973175	0.371730247602	1.62614889889	-0.177742876754	-0.0545728380817	2.36580060599	136
10	0.5	0.25	0.0	-0.921518913791	0.522007623436	1.72253120842	-0.864782325435	0.0910517428825	2.45165470923	137
10	0.5	0.5	0.0	-1.54216387634	0.809154433998	1.64863918252	-1.57351139061	0.363358642222	2.46151244305	138
10	0.5	0.75	0.0	-2.20844182751	1.14304869502	1.44454014345	-2.27194166317	0.648647415978	2.37674741251	139
10	0.5	1.0	0.0	-2.92808473399	1.43356842223	1.15030141346	-2.92808473399	0.83321762019	2.17873322271	140
10	0.75	0.0	0.0	-0.299204696993	1.06273228069	1.52387139024	-0.131169579931	0.687407826498	2.31210945244	141
10	0.75	0.25	0.0	-0.882962269968	1.23007478647	1.52261434664	-0.79589409714	0.858071135823	2.33382141713	142
10	0.75	0.5	0.0	-1.516802778	1.49253139462	1.45419190203	-1.50578500876	1.10648694456	2.34069916091	143
10	0.75	0.75	0.0	-2.18210026454	1.78739507068	1.31843877593	-2.21063300423	1.36292000035	2.28566522285	144
10	0.75	1.0	0.0	-2.86022877303	2.05195878021	1.11518968786	-2.86022877303	1.55763505084	2.12164214201	145
10	1.0	0.0	0.0	-0.236796822	1.710894173	1.460486809	-0.111571007463	1.45140420452	2.25419016599	146
10	1.0	0.25	0.0	-0.821959679578	1.89445513328	1.4423351162	-0.744729349391	1.61193405869	2.26556937235	147
10	1.0	0.5	0.0	-1.4608050534	2.10048280209	1.31669142584	-1.42505608561	1.79235312706	2.195456571	148
10	1.0	0.75	0.0	-2.11908213153	2.31178554685	1.12407973506	-2.11138255639	1.96625886744	2.07617286017	149
10	1.0	1.0	0.0	-2.762540102	2.511171735	0.905024041	-2.762540102	2.10724873763	1.94003933806	150
13	0.0	0.0	0.0	-0.236796822	1.710894173	1.460486809	-0.111571007463	1.45140420452	2.25419016599	151
13	0.0	0.25	0.0	-0.821959679578	1.89445513328	1.4423351162	-0.744729349391	1.61193405869	2.26556937235	152
13	0.0	0.5	0.0	-1.4608050534	2.10048280209	1.31669142584	-1.42505608561	1.79235312706	2.195456571	153
13	0.0	0.75	0.0	-2.11908213153	2.31178554685	1.12407973506	-2.11138255639	1.96625886744	2.07617286017	154
13	0.0	1.0	0.0	-2.762540102	2.511171735	0.905024041	-2.762540102	2.10724873763	1.94003933806	155
13	0.25	0.0	0.0	-0.200775577635	1.99706377884	1.34654000488	-0.104141357187	1.81869221861	2.10160202233	156
13	0.25	0.25	0.0	-0.783614999908	2.18262153717	1.34978509091	-0.722928275435	1.9611651388	2.12572079161	157
13	0.25	0.5	0.0	-1.41482659867	2.37635853326	1.21079756128	-1.37750242387	2.11630950296	2.03470664521	158
13	0.25	0.75	0.0	-2.06112049269	2.56320425131	0.997103999819	-2.04166239985	2.25610886367	1.89816318567	159
13	0.25	1.0	0.0	-2.68920680072	2.72808817552	0.776230990385	-2.68920680072	2.35254677351	1.7856940155	160
13	0.5	0.0	0.0	-0.171174965137	2.21808953746	1.07827801592	-0.0810127308696	2.11302806802	1.75883714211	161
13	0.5	0.25	0.0	-0.747482143602	2.40783420703	1.09277219685	-0.693631502523	2.24932140544	1.78365844449	162
13	0.5	0.5	0.0	-1.36301670581	2.63111620944	1.00127747753	-1.32626180178	2.41775079671	1.73800332658	163
13	0.5	0.75	0.0	-1.98963157665	2.84449523825	0.853272244519	-1.96580930313	2.56731504692	1.66223855441	164
13	0.5	1.0	0.0	-2.59917968102	3.00453098704	0.698234884404	-2.59917968102	2.64701296116	1.59673089402	165
13	0.75	0.0	0.0	-0.14782929307	2.37502016234	0.743368620007	-0.0523998872958	2.32500838479	1.34595821019	166
13	0.75	0.25	0.0	-0.71423324604	2.57950001793	0.773131437689	-0.665009127709	2.46763703309	1.37009426744	167
13	0.75	0.5	0.0	-1.31287619935	2.84106826099	0.75207645464	-1.281854523	2.65998643773	1.38913573971	168
13	0.75	0.75	0.0	-1.91959280826	3.09369692495	0.69395528664	-1.89842706062	2.83535411581	1.39503538886	169
13	0.75	1.0	0.0	-2.51021772806	3.27135804329	0.612519549471	-2.51021772806	2.92703758444	1.37974597676	170
13	1.0	0.0	0.0	-0.13057287	2.468904367	0.429479595	-0.0285175852483	2.44522980101	0.98302791143	171
13	1.0	0.25	0.0	-0.684540442603	2.70702584499	0.492697817073	-0.645231248049	2.60734619622	1.01574019693	172
13	1.0	0.5	0.0	-1.27190590382	2.98252711828	0.527139772656	-1.25480089115	2.80632585543	1.07189300924	173
13	1.0	0.75	0.0	-1.86598161238	3.24884772867	0.520523943661	-1.85411946674	2.99570276898	1.12319011151	174
13	1.0	1.0	0.0	-2.440079927	3.459427218	0.460568812	-2.440079927	3.12901092723	1.14133526687	175
14	0.0	0.0	0.0	-0.13057287	2.468904367	0.429479595	-0.0285175852483	2.44522980101	0.98302791143	176
14	0.0	0.25	0.0	-0.684540442603	2.70702584499	0.492697817073	-0.645231248049	2.60734619622	1.01574019693	177
14	0.0	0.5	0.0	-1.27190590382	2.98252711828	0.527139772656	-1.25480089115	2.80632585543	1.07189300924	178
14	0.0	0.75	0.0	-1.86598161238	3.24884772867	0.520523943661	-1.85411946674	2.99570276898	1.12319011151	179
14	0.0	1.0	0.0	-2.440079927	3.459427218	0.460568812	-2.440079927	3.12901092723	1.14133526687	180
14	0.25	0.0	0.0	-0.113585146994	2.52498806717	0.203663293285	-0.00955692647001	2.51322108266	0.725410732694	181
14	0.25	0.25	0.0	-0.653259037881	2.77507873783	0.285156112157	-0.621455034417	2.67758743179	0.756489774118	182
14	0.25	0.5	0.0	-1.23042118356	3.04429335451	0.33141627935	-1.2274468392	2.86627771812	0.802173187253	183
14	0.25	0.75	0.0	-1.81701310632	3.30187175802	0.328429063846	-1.8183485381	3.0533154069	0.850599890318	184
14	0.25	1.0	0.0	-2.38497632842	3.51705378918	0.262179734625	-2.38497632842	3.21272396343	0.889908801534	185
14	0.5	0.0	0.0	-0.0864806174028	2.59930509118	-0.0516059710839	0.0122191305536	2.60399617124	0.415954221464	186
14	0.5	0.25	0.0	-0.608698101281	2.82757983603	0.0273914180084	-0.582687676954	2.74365842925	0.431534991925	187
14	0.5	0.5	0.0	-1.17142785027	3.08205398767	0.0712892945003	-1.18074040419	2.91280559617	0.457591966256	188
14	0.5	0.75	0.0	-1.74956134916	3.32219387016	0.0726855787184	-1.76486566737	3.08686243733	0.500021066511	189
14	0.5	1.0	0.0	-2.3179900827	3.50746580758	0.0241781909895	-2.3179900827	3.24125371806	0.564718214746	190
14	0.75	0.0	0.0	-0.0540865033606	2.6870418956	-0.298002465661	0.0234566192351	2.70228363716	0.103204963041	191
14	0.75	0.25	0.0	-0.563952284714	2.87341059565	-0.229357002748	-0.550036106811	2.80062041804	0.102966583883	192
14	0.75	0.5	0.0	-1.11688792501	3.0935960405	-0.190774044809	-1.13386217647	2.93608150406	0.119769783068	193
14	0.75	0.75	0.0	-1.6896434278	3.30113757424	-0.179835785728	-1.70963520224	3.08177234831	0.161071088017	194
14	0.75	1.0	0.0	-2.25896879664	3.44957454094	-0.194124419391	-2.25896879664	3.21079840387	0.234327026151	195
14	1.0	0.0	0.0	-0.021230027	2.783384937	-0.497200458	0.0108015729868	2.79281205086	-0.164290457275	196
14	1.0	0.25	0.0	-0.532116240092	2.92145247273	-0.43384988749	-0.54460725514	2.84353462763	-0.167124716473	197
14	1.0	0.5	0.0	-1.08876342883	3.07670653575	-0.392306601493	-1.10599274636	2.92627745629	-0.129672925492	198
14	1.0	0.75	0.0	-1.66327642915	3.23002637939	-0.362264303499	-1.6686214904	3.02347362792	-0.0766325972371	199
14	1.0	1.0	0.0	-2.227760077	3.362291257	-0.333416697	-2.227760077	3.11755623358	-0.0327012446098	200
17	0.0	0.0	0.0	3.777842524	1.700174068	-0.383696646	4.06022732005	1.87723446252	0.141610487158	201
17	0.0	0.25	0.0	3.22091848593	1.8754454299	-0.467336757785	3.54327774125	2.0767585	0.0684743121241	202
17	0.0	0.5	0.0	2.73013837258	2.07715686369	-0.519933319221	3.04731245934	2.29419482856	0.0206064710022	203
17	0.0	0.75	0.0	2.27915859744	2.23955114189	-0.561659684296	2.56500876328	2.47036917532	-0.0179456048335	204
17	0.0	1.0	0.0	1.841635574	2.296871037	-0.612689207	2.08904394204	2.54610726741	-0.0631344840092	205
17	0.25	0.0	0.0	3.78666426855	1.70103614067	-0.511736855627	4.08775940339	1.89122016348	-0.0661771696939	206
17	0.25	0.25	0.0	3.23234352813	1.88579920586	-0.617862763626	3.57331227333	2.1036202697	-0.171971851508	207
17	0.25	0.5	0.0	2.75145780619	2.11808408924	-0.710378084345	3.08286864694	2.34071651874	-0.253194787371	208
17	0.25	0.75	0.0	2.31462777306	2.32379340121	-0.78624430207	2.6040839205	2.54613935847	-0.318996961638	209
17	0.25	1.0	0.0	1.89247409906	2.42882975216	-0.842422901089	2.12461349032	2.66351923676	-0.378529358665	210
17	0.5	0.0	0.0	3.78429805573	1.66188922642	-0.683941744168	4.11946670832	1.86314543799	-0.338010527309	211
17	0.5	0.25	0.0	3.23873605218	1.86487545991	-0.823933441004	3.61413997226	2.09205325703	-0.487259081219	212
17	0.5	0.5	0.0	2.77628547395	2.12693231089	-0.958389624355	3.13297756984	2.35211753909	-0.607108486847	213
17	0.5	0.75	0.0	2.3557464834	2.36758807298	-1.06954671492	2.6599476015	2.58216554105	-0.702412076603	214
17	0.5	1.0	0.0	1.93591924288	2.50637103978	-1.13964113341	2.1790181677	2.72102451982	-0.778023182898	215
17	0.75	0.0	0.0	3.77381025455	1.59735632146	-0.855566258875	4.1486705582	1.80624900896	-0.60647594174	216
17	0.75	0.25	0.0	3.24196564112	1.81633765932	-1.02952759535	3.65509995633	2.04692274814	-0.799380069119	217
17	0.75	0.5	0.0	2.80039612429	2.10412034484	-1.20477827528	3.18678027624	2.32704302325	-0.959604042993	218
17	0.75	0.75	0.0	2.39425031095	2.37234970363	-1.35239294342	2.72230315319	2.57693947282	-1.08689746597	219
17	0.75	1.0	0.0	1.96867680801	2.53267106126	-1.44344624452	2.24026022243	2.72694173537	-1.18100994064	220
17	1.0	0.0	0.0	3.758267234	1.522060422	-0.981865347	4.16869227636	1.73376959928	-0.804159769036	221
17	1.0	0.25	0.0	3.24390187801	1.74384927138	-1.17862403208	3.68553134381	1.97309402913	-1.03032750732	222
17	1.0	0.5	0.0	2.81956450566	2.0500670073	-1.39035437315	3.23341781437	2.26413810487	-1.22915087138	223
17	1.0	0.75	0.0	2.42187483824	2.33949283957	-1.57560900815	2.78085392252	2.52895290354	-1.39115964596	224
17	1.0	1.0	0.0	1.987452597	2.510905978	-1.692940575	2.29634190275	2.6895895022	-1.50688361582	225
18	0.0	0.0	0.0	1.841635574	2.296871037	-0.612689207	2.08904394204	2.54610726741	-0.0631344840092	226
18	0.0	0.25	0.0	1.39250539302	2.34415403719	-0.640275338137	1.59874126352	2.58314866732	-0.102657779261	227
18	0.0	0.5	0.0	0.905219139351	2.47973875988	-0.617498227168	1.05867477194	2.65995204459	-0.125960020931	228
18	0.0	0.75	0.0	0.420424702753	2.64551809613	-0.563444418865	0.514232273143	2.74150922914	-0.143138487458	229
18	0.0	1.0	0.0	-0.021230027	2.783384937	-0.497200458	0.0108015729868	2.79281205086	-0.164290457275	230
18	0.25	0.0	0.0	1.89247409906	2.42882975216	-0.842422901089	2.12461349032	2.66351923676	-0.378529358665	231
18	0.25	0.25	0.0	1.45003579345	2.49714182948	-0.864800231919	1.62457979797	2.72714637049	-0.423112048147	232
18	0.25	0.5	0.0	0.957589065939	2.6191021573	-0.850994017829	1.07259901187	2.79879666928	-0.450650567147	233
18	0.25	0.75	0.0	0.46085990124	2.75545275648	-0.80838565344	0.515688600965	2.85467819878	-0.470749913643	234
18	0.25	1.0	0.0	0.00557428406247	2.86693564789	-0.744356533375	0.000866034203752	2.87099902469	-0.493015085615	235
18	0.5	0.0	0.0	1.93591924288	2.50637103978	-1.13964113341	2.1790181677	2.72102451982	-0.778023182898	236
18	0.5	0.25	0.0	1.48703334468	2.58854219668	-1.16769885174	1.67423849266	2.79869478051	-0.834173147928	237
18	0.5	0.5	0.0	0.988735501316	2.6998730133	-1.16653245251	1.1171383479	2.87488783056	-0.873730975403	238
18	0.5	0.75	0.0	0.483415866577	2.8108201036	-1.13204669833	0.551449216879	2.9213299099	-0.894687027947	239
18	0.5	1.0	0.0	0.0134645942407	2.89184008148	-1.06014635178	0.0209025830359	2.90974725845	-0.89503166819	240
18	0.75	0.0	0.0	1.96867680801	2.53267106126	-1.44344624452	2.24026022243	2.72694173537	-1.18100994064	241
18	0.75	0.25	0.0	1.50470927632	2.62097845735	-1.48348449705	1.72881641799	2.8102789562	-1.25086493227	242
18	0.75	0.5	0.0	0.996685113904	2.72300139606	-1.49402077942	1.16450097735	2.89082017473	-1.30305719293	243
18	0.75	0.75	0.0	0.483263489862	2.8126490397	-1.46144990428	0.589166113956	2.93241294895	-1.32127693012	244
18	0.75	1.0	0.0	0.00310357329864	2.86383055059	-1.3721666843	0.0446640412254	2.89890483683	-1.28921435131	245
18	1.0	0.0	0.0	1.987452597	2.510905978	-1.692940575	2.29634190275	2.6895895022	-1.50688361582	246
18	1.0	0.25	0.0	1.50427481799	2.59707393009	-1.7466704673	1.76941264436	2.77438395639	-1.58821125484	247
18	1.0	0.5	0.0	0.979464572124	2.68943737373	-1.76336624674	1.18689509754	2.84918834807	-1.64648516697	248
18	1.0	0.75	0.0	0.455573662193	2.761968467	-1.72361762207	0.596491285261	2.87887590239	-1.65684671989	249
18	1.0	1.0	0.0	-0.024846109	2.788639368	-1.608014302	0.0459032305143	2.8283198445	-1.5944372813	250
19	0.0	0.0	0.0	3.758267234	1.522060422	-0.981865347	4.16869227636	1.73376959928	-0.804159769036	251
19	0.0	0.25	0.0	3.24390187801	1.74384927138	-1.17862403208	3.68553134381	1.97309402913	-1.03032750732	252
19	0.0	0.5	0.0	2.81956450566	2.0500670073	-1.39035437315	3.23341781437	2.26413810487	-1.22915087138	253
19	0.0	0.75	0.0	2.42187483824	2.33949283957	-1.57560900815	2.78085392252	2.52895290354	-1.39115964596	254
19	0.0	1.0	0.0	1.987452597	2.510905978	-1.692940575	2.29634190275	2.6895895022	-1.50688361582	255
19	0.25	0.0	0.0	3.75331278779	1.42165276636	-1.09924019744	4.1918191451	1.61636957181	-0.983528537142	256
19	0.25	0.25	0.0	3.25569416216	1.63135596695	-1.31025628657	3.71949853581	1.84118543118	-1.23729082693	257
19	0.25	0.5	0.0	2.82546660699	1.92962729996	-1.54271048489	3.2709100289	2.12398726129	-1.46869032942	258
19	0.25	0.75	0.0	2.41352710984	2.21376430414	-1.74865497695	2.81572982438	2.3869363975	-1.66068521567	259
19	0.25	1.0	0.0	1.97077265825	2.38106451827	-1.88014194729	2.32363412228	2.55219417515	-1.79623365672	260
19	0.5	0.0	0.0	3.76549973893	1.29525679555	-1.2398914304	4.22434926537	1.44914103099	-1.19377581822	261
19	0.5	0.25	0.0	3.27925856896	1.48605919482	-1.46653156065	3.76519583721	1.65325560327	-1.47906137729	262
19	0.5	0.5	0.0	2.81951401927	1.74329287922	-1.70507303704	3.30230380268	1.90650582005	-1.74116623804	263
19	0.5	0.75	0.0	2.37177071095	1.98559373453	-1.91078094908	2.82463470019	2.14305346952	-1.95889468309	264
19	0.5	1.0	0.0	1.9215332651	2.13159764651	-2.03892038633	2.32115006818	2.29706033988	-2.11105099504	265
19	0.75	0.0	0.0	3.78076845635	1.16218819147	-1.37093291665	4.25332291355	1.266440451	-1.39119772033	266
19	0.75	0.25	0.0	3.30197923078	1.33077807921	-1.61087008888	3.80521950127	1.44600138787	-1.70539170812	267
19	0.75	0.5	0.0	2.81228292445	1.53500613675	-1.84956200081	3.32516200696	1.65987646479	-1.99438267746	268
19	0.75	0.75	0.0	2.32985479202	1.72200320834	-2.0484022608	2.82342279132	1.8583694086	-2.2339252455	269
19	0.75	1.0	0.0	1.87287008816	1.83890013825	-2.1687844772	2.31027421503	1.99178394617	-2.39977402938	270
19	1.0	0.0	0.0	3.785059309	1.041762636	-1.459478527	4.26578036606	1.10262430599	-1.53209035152	271
19	1.0	0.25	0.0	3.31124027998	1.18833174436	-1.70669210581	3.82216578126	1.2561196275	-1.86603436915	272
19	1.0	0.5	0.0	2.8143495045	1.34870946422	-1.94829734744	3.337047513	1.43228187917	-2.17614372791	273
19	1.0	0.75	0.0	2.32102850352	1.49001480322	-2.14793424834	2.82794833909	1.59394950371	-2.43391410018	274
19	1.0	1.0	0.0	1.857918798	1.579366769	-2.269242805	2.31239103737	1.70396094379	-2.61084115833	275
20	0.0	0.0	0.0	1.987452597	2.510905978	-1.692940575	2.29634190275	2.6895895022	-1.50688361582	276
20	0.0	0.25	0.0	1.50427481799	2.59707393009	-1.7466704673	1.76941264436	2.77438395639	-1.58821125484	277
20	0.0	0.5	0.0	0.979464572124	2.68943737373	-1.76336624674	1.18689509754	2.84918834807	-1.64648516697	278
20	0.0	0.75	0.0	0.455573662193	2.761968467	-1.72361762207	0.596491285261	2.87887590239	-1.65684671989	279
20	0.0	1.0	0.0	-0.024846109	2.788639368	-1.608014302	0.0459032305143	2.8283198445	-1.5944372813	280
20	0.25	0.0	0.0	1.97077265825	2.38106451827	-1.88014194729	2.32363412228	2.55219417515	-1.79623365672	281
20	0.25	0.25	0.0	1.48368826228	2.45776843388	-1.93807388457	1.78484312814	2.63240882326	-1.88447521523	282
20	0.25	0.5	0.0	0.949732788706	2.53486486079	-1.95400804293	1.18604988073	2.68938326616	-1.94314635634	283
20	0.25	0.75	0.0	0.419608132168	2.59359212229	-1.91237493556	0.583840189074	2.70297452543	-1.94979255833	284
20	0.25	1.0	0.0	-0.0559838126898	2.61518854164	-1.79760507561	0.0347998622145	2.65303962266	-1.8819592995	285
20	0.5	0.0	0.0	1.9215332651	2.13159764651	-2.03892038633	2.32115006818	2.29706033988	-2.11105099504	286
20	0.5	0.25	0.0	1.45069462354	2.19634260928	-2.08856075091	1.78471510832	2.36717497461	-2.20082127219	287
20	0.5	0.5	0.0	0.924585061318	2.25635379488	-2.09743130732	1.18406574749	2.40702680248	-2.2541525608	288
20	0.5	0.75	0.0	0.397664353929	2.30785200808	-2.06385210102	0.580296672553	2.41444670584	-2.2600582375	289
20	0.5	1.0	0.0	-0.0756077231453	2.3470580536	-1.98614317747	0.0345025703487	2.38726556704	-2.20755167895	290
20	0.75	0.0	0.0	1.87287008816	1.83890013825	-2.1687844772	2.31027421503	1.99178394617	-2.39977402938	291
20	0.75	0.25	0.0	1.41928230474	1.89221850144	-2.21264071788	1.77982653683	2.05086171783	-2.49262159209	292
20	0.75	0.5	0.0	0.903049192221	1.93975686508	-2.22202725132	1.18025173831	2.07978065956	-2.54575924257	293
20	0.75	0.75	0.0	0.381008715061	1.99022831118	-2.20242775999	0.576723498451	2.08889126194	-2.55450911418	294
20	0.75	1.0	0.0	-0.0900011622781	2.05234592175	-2.15932592634	0.0344154962706	2.08854401557	-2.51419334029	295
20	1.0	0.0	0.0	1.857918798	1.579366769	-2.269242805	2.31239103737	1.70396094379	-2.61084115833	296
20	1.0	0.25	0.0	1.40343970886	1.62481815553	-2.32482343705	1.78097536562	1.75564836028	-2.71524834129	297
20	1.0	0.5	0.0	0.884152983674	1.67092676046	-2.35618708636	1.17391689364	1.78530653993	-2.78422186388	298
20	1.0	0.75	0.0	0.360907603152	1.72620121841	-2.352480554	0.563983429524	1.80190701211	-2.80001054514	299
20	1.0	1.0	0.0	-0.105447452	1.799150164	-2.302850641	0.0239427813338	1.81442130615	-2.74486320415	300
25	0.0	0.0	0.0	3.785059309	1.041762636	-1.459478527	4.26578036606	1.10262430599	-1.53209035152	301
25	0.0	0.25	0.0	3.31124027998	1.18833174436	-1.70669210581	3.82216578126	1.2561196275	-1.86603436915	302
25	0.0	0.5	0.0	2.8143495045	1.34870946422	-1.94829734744	3.337047513	1.43228187917	-2.17614372791	303
25	0.0	0.75	0.0	2.32102850352	1.49001480322	-2.14793424834	2.82794833909	1.59394950371	-2.43391410018	304
25	0.0	1.0	0.0	1.857918798	1.579366769	-2.269242805	2.31239103737	1.70396094379	-2.61084115833	305
25	0.25	0.0	0.0	3.76125413034	0.7878744361	-1.4975785992	4.25753011955	0.754843437138	-1.63837050688	306
25	0.25	0.25	0.0	3.29442702993	0.880449286753	-1.7405781118	3.81319411547	0.844784011915	-1.98627371188	307
25	0.25	0.5	0.0	2.80938867197	0.970314282237	-1.98965817335	3.32605047428	0.946078649446	-2.3219244462	308
25	0.25	0.75	0.0	2.32438542901	1.0419462938	-2.20901268084	2.81610035306	1.03454009471	-2.60941662643	309
25	0.25	1.0	0.0	1.85766367359	1.07982219271	-2.36283553127	2.30334490886	1.08598109269	-2.81284416915	310
25	0.5	0.0	0.0	3.72133508527	0.461958114569	-1.43884630886	4.23827510392	0.304065575708	-1.62182755967	311
25	0.5	0.25	0.0	3.25895512342	0.484297948516	-1.66362798191	3.79384979057	0.316768408766	-1.96395646009	312
25	0.5	0.5	0.0	2.77142444685	0.499643949763	-1.90770260677	3.29041710842	0.33722956729	-2.30388819897	313
25	0.5	0.75	0.0	2.28442805726	0.503381750125	-2.14031511764	2.76418026322	0.348645664373	-2.6053826318	314
25	0.5	1.0	0.0	1.82365095633	0.490896981421	-2.33071044877	2.25134246069	0.334213313108	-2.83219961409	315
25	0.75	0.0	0.0	3.68045926606	0.130558369503	-1.33091952284	4.21560155309	-0.140185243672	-1.5140876224	316
25	0.75	0.25	0.0	3.21993163976	0.0801154440047	-1.53569533468	3.77423510733	-0.203121533196	-1.83812841873	317
25	0.75	0.5	0.0	2.72680419826	0.0225443393568	-1.76955232315	3.25948168392	-0.262855208278	-2.16636335553	318
25	0.75	0.75	0.0	2.23566352763	-0.0346307926748	-2.00131156578	2.72147771931	-0.322634601373	-2.46192771025	319
25	0.75	1.0	0.0	1.78109621391	-0.0838858003245	-2.19979414013	2.21035964992	-0.385708044935	-2.6879567603	320
25	1.0	0.0	0.0	3.653783765	-0.139780101	-1.221436108	4.19709570101	-0.468384986372	-1.34677680754	321
25	1.0	0.25	0.0	3.19246365826	-0.251860512431	-1.41663378861	3.76445236652	-0.590080165217	-1.64783539272	322
25	1.0	0.5	0.0	2.70187529533	-0.375138676427	-1.64232899793	3.26257846928	-0.722765518241	-1.95367828522	323
25	1.0	0.75	0.0	2.21259897949	-0.481043299459	-1.85147203229	2.73728237106	-0.838201516593	-2.21916745572	324
25	1.0	1.0	0.0	1.755215014	-0.541003088	-1.997013188	2.2343724336	-0.908148631424	-2.39916487491	325
26	0.0	0.0	0.0	1.857918798	1.579366769	-2.269242805	2.31239103737	1.70396094379	-2.61084115833	326
26	0.0	0.25	0.0	1.40343970886	1.62481815553	-2.32482343705	1.78097536562	1.75564836028	-2.71524834129	327
26	0.0	0.5	0.0	0.884152983674	1.67092676046	-2.35618708636	1.17391689364	1.78530653993	-2.78422186388	328
26	0.0	0.75	0.0	0.360907603152	1.72620121841	-2.352480554	0.563983429524	1.80190701211	-2.80001054514	329
26	0.0	1.0	0.0	-0.105447452	1.799150164	-2.302850641	0.0239427813338	1.81442130615	-2.74486320415	330
26	0.25	0.0	0.0	1.85766367359	1.07982219271	-2.36283553127	2.30334490886	1.08598109269	-2.81284416915	331
26	0.25	0.25	0.0	1.38498921664	1.10278468475	-2.46494892225	1.76658710144	1.10978003743	-2.94789258625	332
26	0.25	0.5	0.0	0.847344052866	1.14227546545	-2.5420094126	1.14877442327	1.13412532937	-3.048096661	333
26	0.25	0.75	0.0	0.312712839357	1.19516689572	-2.55809576724	0.529961306719	1.1526746415	-3.07405791221	334
26	0.25	1.0	0.0	-0.150919766794	1.25833133648	-2.4772867511	-0.00979781587022	1.15908564684	-2.98637785872	335
26	0.5	0.0	0.0	1.82365095633	0.490896981421	-2.33071044877	2.25134246069	0.334213313108	-2.83219961409	336
26	0.5	0.25	0.0	1.35119177537	0.482364150736	-2.46079825182	1.72140865013	0.314897801545	-2.97888178724	337
26	0.5	0.5	0.0	0.810804005364	0.498466954708	-2.53894471864	1.11628205215	0.316253941887	-3.06892213627	338
26	0.5	0.75	0.0	0.269772110426	0.533937718262	-2.55781178223	0.506817192418	0.325363808643	-3.08732500362	339
26	0.5	1.0	0.0	-0.204619445347	0.583508766326	-2.51006137558	-0.036131403435	0.329309476325	-3.01909473175	340
26	0.75	0.0	0.0	1.78109621391	-0.0838858003245	-2.19979414013	2.21035964992	-0.385708044935	-2.6879567603	341
26	0.75	0.25	0.0	1.31284840161	-0.118487554404	-2.33065139254	1.68578028892	-0.437692526765	-2.82477167775	342
26	0.75	0.5	0.0	0.776163632555	-0.134146198432	-2.39951038328	1.09048786709	-0.464955096075	-2.8930189961	343
26	0.75	0.75	0.0	0.233402598641	-0.125663465762	-2.42457186236	0.487479234497	-0.470157248392	-2.90386794778	344
26	0.75	1.0	0.0	-0.253074008226	-0.0878410897443	-2.42403657978	-0.060248758787	-0.455960479244	-2.8684877652	345
26	1.0	0.0	0.0	1.755215014	-0.541003088	-1.997013188	2.2343724336	-0.908148631424	-2.39916487491	346
26	1.0	0.25	0.0	1.28076011195	-0.581814538543	-2.09278831115	1.70004229506	-0.956685126882	-2.50211799125	347
26	1.0	0.5	0.0	0.745053725822	-0.629211420626	-2.1762237853	1.08543995488	-1.00614925809	-2.56670794693	348
26	1.0	0.75	0.0	0.204921486284	-0.651813808145	-2.23131927105	0.464875580832	-1.02402029155	-2.58774287313	349
26	1.0	1.0	0.0	-0.282810976	-0.618241775	-2.242074429	-0.087340659353	-0.977777493721	-2.56003090103	350
27	0.0	0.0	0.0	3.653783765	-0.139780101	-1.221436108	4.19709570101	-0.468384986372	-1.34677680754	351
27	0.0	0.25	0.0	3.19246365826	-0.251860512431	-1.41663378861	3.76445236652	-0.590080165217	-1.64783539272	352
27	0.0	0.5	0.0	2.70187529533	-0.375138676427	-1.64232899793	3.26257846928	-0.722765518241	-1.95367828522	353
27	0.0	0.75	0.0	2.21259897949	-0.481043299459	-1.85147203229	2.73728237106	-0.838201516593	-2.21916745572	354
27	0.0	1.0	0.0	1.755215014	-0.541003088	-1.997013188	2.2343724336	-0.908148631424	-2.39916487491	355
27	0.25	0.0	0.0	3.659706702	-0.393426399649	-1.07455098331	4.16390232896	-0.719664845567	-1.05568470962	356
27	0.25	0.25	0.0	3.19795390167	-0.565674483526	-1.25156651688	3.73378132349	-0.888901299582	-1.30757792269	357
27	0.25	0.5	0.0	2.71427731698	-0.752398552928	-1.44982735796	3.25203446195	-1.08646213106	-1.5618566291	358
27	0.25	0.75	0.0	2.22772736999	-0.90469747502	-1.61337971211	2.74845477118	-1.25108999349	-1.77494648727	359
27	0.25	1.0	0.0	1.7573544828	-0.973670116966	-1.68626978488	2.25283527802	-1.32152754037	-1.90327315561	360
27	0.5	0.0	0.0	3.68997821414	-0.667978905504	-0.853119113149	4.10853875505	-0.9626871549	-0.629074901219	361
27	0.5	0.25	0.0	3.22982858751	-0.903231756877	-0.985919079524	3.66796413021	-1.17684430171	-0.798042387925	362
27	0.5	0.5	0.0	2.74802665445	-1.14793734009	-1.12527358344	3.18845932321	-1.42706979018	-0.969244008501	363
27	0.5	0.75	0.0	2.25796506819	-1.34690465385	-1.2318798675	2.69013307769	-1.64044172664	-1.1207392677	364
27	0.5	1.0	0.0	1.77303648192	-1.44494269688	-1.2664351743	2.19309413723	-1.74403821745	-1.23058767027	365
27	0.75	0.0	0.0	3.71958176721	-0.889758585357	-0.601517928166	4.05545711001	-1.13546905588	-0.174694148359	366
27	0.75	0.25	0.0	3.26112360038	-1.17235301537	-0.678248111368	3.60225307932	-1.38446167442	-0.25317474316	367
27	0.75	0.5	0.0	2.77925124728	-1.45798703961	-0.746639904175	3.11554344027	-1.67037123124	-0.335299039322	368
27	0.75	0.75	0.0	2.28471167554	-1.6934262656	-0.793254186516	2.61240905981	-1.92354656387	-0.423584336533	369
27	0.75	1.0	0.0	1.78825185282	-1.82543630086	-0.804651838321	2.1099308049	-2.07433650986	-0.520547934479	370
27	1.0	0.0	0.0	3.723500827	-0.985086406	-0.364124859	4.02910952454	-1.17602769003	0.199710782932	371
27	1.0	0.25	0.0	3.26487482492	-1.2808589419	-0.387110247255	3.57190046348	-1.44230592054	0.193079056887	372
27	1.0	0.5	0.0	2.78407903495	-1.57877965322	-0.391898549982	3.0769772003	-1.74214918988	0.180519662537	373
27	1.0	0.75	0.0	2.28936679351	-1.83002373992	-0.383784357218	2.56537448677	-2.01769435299	0.149479766689	374
27	1.0	1.0	0.0	1.788991437	-1.985766402	-0.368062259	2.05812707465	-2.2110782648	0.0874065361513	375
28	0.0	0.0	0.0	1.755215014	-0.541003088	-1.997013188	2.2343724336	-0.908148631424	-2.39916487491	376
28	0.0	0.25	0.0	1.28076011195	-0.581814538543	-2.09278831115	1.70004229506	-0.956685126882	-2.50211799125	377
28	0.0	0.5	0.0	0.745053725822	-0.629211420626	-2.1762237853	1.08543995488	-1.00614925809	-2.56670794693	378
28	0.0	0.75	0.0	0.204921486284	-0.651813808145	-2.23131927105	0.464875580832	-1.02402029155	-2.58774287313	379
28	0.0	1.0	0.0	-0.282810976	-0.618241775	-2.242074429	-0.087340659353	-0.977777493721	-2.56003090103	380
28	0.25	0.0	0.0	1.7573544828	-0.973670116966	-1.68626978488	2.25283527802	-1.32152754037	-1.90327315561	381
28	0.25	0.25	0.0	1.26535253124	-1.0156467923	-1.73446162841	1.70518719849	-1.35354708266	-1.97979725581	382
28	0.25	0.5	0.0	0.723331031701	-1.08703256171	-1.82283574829	1.06891605672	-1.40866986935	-2.04898877647	383
28	0.25	0.75	0.0	0.184438877693	-1.13857678426	-1.8934238527	0.430020659688	-1.43416002305	-2.08143585	384
28	0.25	1.0	0.0	-0.298175037286	-1.12102881904	-1.88825764984	-0.12550018566	-1.37728166636	-2.04772660884	385
28	0.5	0.0	0.0	1.77303648192	-1.44494269688	-1.2664351743	2.19309413723	-1.74403821745	-1.23058767027	386
28	0.5	0.25	0.0	1.26474219977	-1.49851538706	-1.28323135666	1.64557954541	-1.779975906	-1.31244349686	387
28	0.5	0.5	0.0	0.715026155589	-1.57652793246	-1.33451098554	1.01866351853	-1.82245762991	-1.38271980624	388
28	0.5	0.75	0.0	0.173477278536	-1.64124669456	-1.37855087432	0.387763578041	-1.84571128712	-1.42016882599	389
28	0.5	1.0	0.0	-0.310315502222	-1.65493803485	-1.37362783641	-0.171702754586	-1.82396477561	-1.40354278373	390
28	0.75	0.0	0.0	1.78825185282	-1.82543630086	-0.804651838321	2.1099308049	-2.07433650986	-0.520547934479	391
28	0.75	0.25	0.0	1.26904955388	-1.90211490824	-0.798698041684	1.5675456914	-2.13722746767	-0.613504918312	392
28	0.75	0.5	0.0	0.714904668012	-1.99202527705	-0.798273428422	0.958674687165	-2.17935669355	-0.685079366505	393
28	0.75	0.75	0.0	0.170320070959	-2.07002353786	-0.797933024536	0.342313745156	-2.20687374253	-0.726479568557	394
28	0.75	1.0	0.0	-0.320201361547	-2.11096582123	-0.792231856027	-0.222541181648	-2.22592816968	-0.728913813968	395
28	1.0	0.0	0.0	1.788991437	-1.985766402	-0.368062259	2.05812707465	-2.2110782648	0.0874065361513	396
28	1.0	0.25	0.0	1.26839502989	-2.09813994127	-0.340462229295	1.51741199202	-2.32655763844	0.00357027590175	397
28	1.0	0.5	0.0	0.717732139497	-2.22785233965	-0.301147008329	0.912941909498	-2.41121121406	-0.0732457875359	398
28	1.0	0.75	0.0	0.173250637106	-2.33510731296	-0.262802991949	0.297880570295	-2.46584704805	-0.122905845127	399
28	1.0	1.0	0.0	-0.328801606	-2.380108577	-0.238116576	-0.27460828236	-2.4912731968	-0.125274087836	400
33	0.0	0.0	0.0	3.723500827	-0.985086406	-0.364124859	4.02910952454	-1.17602769003	0.199710782932	401
33	0.0	0.25	0.0	3.26487482492	-1.2808589419	-0.387110247255	3.57190046348	-1.44230592054	0.193079056887	402
33	0.0	0.5	0.0	2.78407903495	-1.57877965322	-0.391898549982	3.0769772003	-1.74214918988	0.180519662537	403
33	0.0	0.75	0.0	2.28936679351	-1.83002373992	-0.383784357218	2.56537448677	-2.01769435299	0.149479766689	404
33	0.0	1.0	0.0	1.788991437	-1.985766402	-0.368062259	2.05812707465	-2.2110782648	0.0874065361513	405
33	0.25	0.0	0.0	3.67920104819	-0.918368516471	-0.177373286209	4.00230656835	-1.07929994538	0.46010355098	406
33	0.25	0.25	0.0	3.21826173858	-1.1878528164	-0.162305484918	3.54422778495	-1.33153044658	0.495935522254	407
33	0.25	0.5	0.0	2.7407717093	-1.46073540996	-0.122014220473	3.04948001331	-1.61387844781	0.530226942294	408
33	0.25	0.75	0.0	2.25067520279	-1.69574129652	-0.0708817194234	2.5392257758	-1.8780369879	0.54869157912	409
33	0.25	1.0	0.0	1.75191646149	-1.85159547546	-0.0232902083197	2.03462759478	-2.07569910564	0.537043200751	410
33	0.5	0.0	0.0	3.59654046562	-0.745821704	0.0138424775259	3.94311423783	-0.898074000957	0.733782833783	411
33	0.5	0.25	0.0	3.13232893313	-0.963905469608	0.0630525670562	3.4792891372	-1.11066371102	0.807851185234	412
33	0.5	0.5	0.0	2.65761958408	-1.18330817066	0.144740099926	2.99065263837	-1.3494152769	0.890429289215	413
33	0.5	0.75	0.0	2.17241003327	-1.37598298952	0.2368690283	2.49158970933	-1.57384500829	0.962078096326	414
33	0.5	1.0	0.0	1.6766978955	-1.51388310857	0.317403304347	1.99648531806	-1.74346921484	1.00335855717	415
33	0.75	0.0	0.0	3.50952186274	-0.526925438279	0.172237765248	3.87178628387	-0.685069156499	0.974632055003	416
33	0.75	0.25	0.0	3.04233122027	-0.685453926074	0.248681458577	3.40186115952	-0.850259482855	1.08068614234	417
33	0.75	0.5	0.0	2.56544854382	-0.841095325109	0.360710459194	2.91922018546	-1.03560803376	1.20395336066	418
33	0.75	0.75	0.0	2.08075500252	-0.979715393696	0.483495070548	2.4320922655	-1.20949838439	1.32046381681	419
33	0.75	1.0	0.0	1.59013176551	-1.08717989015	0.59220559609	1.94870630346	-1.3403141099	1.40624761766	420
33	1.0	0.0	0.0	3.452148023	-0.321159189	0.26052791	3.80857645741	-0.493004711738	1.1365346383	421
33	1.0	0.25	0.0	2.98352341168	-0.428935210359	0.354298739556	3.3367204912	-0.620871531108	1.26630049009	422
33	1.0	0.5	0.0	2.49508447303	-0.528694263094	0.478242905314	2.85390776457	-0.759305075022	1.41362581398	423
33	1.0	0.75	0.0	2.0018938281	-0.615905083782	0.613023591916	2.3703594225	-0.889377086433	1.55467323908	424
33	1.0	1.0	0.0	1.519014098	-0.686036409	0.739303984	1.89629660994	-0.992159308295	1.66560539449	425
34	0.0	0.0	0.0	1.788991437	-1.985766402	-0.368062259	2.05812707465	-2.2110782648	0.0874065361513	426
34	0.0	0.25	0.0	1.26839502989	-2.09813994127	-0.340462229295	1.51741199202	-2.32655763844	0.00357027590175	427
34	0.0	0.5	0.0	0.717732139497	-2.22785233965	-0.301147008329	0.912941909498	-2.41121121406	-0.0732457875359	428
34	0.0	0.75	0.0	0.173250637106	-2.33510731296	-0.262802991949	0.297880570295	-2.46584704805	-0.122905845127	429
34	0.0	1.0	0.0	-0.328801606	-2.380108577	-0.238116576	-0.27460828236	-2.4912731968	-0.125274087836	430
34	0.25	0.0	0.0	1.75191646149	-1.85159547546	-0.0232902083197	2.03462759478	-2.07569910564	0.537043200751	431
34	0.25	0.25	0.0	1.23523897615	-1.98847942397	0.0448788658173	1.49673684596	-2.22922781062	0.501607569203	432
34	0.25	0.5	0.0	0.697983246843	-2.15221168568	0.14282304863	0.898164430269	-2.37054508731	0.46602512068	433
34	0.25	0.75	0.0	0.166182469851	-2.27743269299	0.233670611044	0.289709802846	-2.46093323006	0.444535333472	434
34	0.25	1.0	0.0	-0.334130158537	-2.29878287828	0.280549823989	-0.277827581166	-2.46167453318	0.45137768587	435
34	0.5	0.0	0.0	1.6766978955	-1.51388310857	0.317403304347	1.99648531806	-1.74346921484	1.00335855717	436
34	0.5	0.25	0.0	1.16507825766	-1.64997471852	0.437506135923	1.46965189143	-1.90035218051	1.03298890839	437
34	0.5	0.5	0.0	0.647802349468	-1.80785824664	0.611526172239	0.896621882166	-2.06742413944	1.06990632354	438
34	0.5	0.75	0.0	0.141490793787	-1.91642173595	0.764744024945	0.31734865275	-2.17475695299	1.09829492468	439
34	0.5	1.0	0.0	-0.337235786534	-1.90455322944	0.822440305691	-0.228214434328	-2.15242248251	1.10233883387	440
34	0.75	0.0	0.0	1.59013176551	-1.08717989015	0.59220559609	1.94870630346	-1.3403141099	1.40624761766	441
34	0.75	0.25	0.0	1.08746611033	-1.2004900023	0.754668028683	1.43551201223	-1.4753935449	1.49276961785	442
34	0.75	0.5	0.0	0.59012121226	-1.32371072229	0.988398068634	0.889656559333	-1.63041635915	1.5978237914	443
34	0.75	0.75	0.0	0.10975492943	-1.39740030295	1.19883163399	0.340865501578	-1.7299557185	1.68169939524	444
34	0.75	1.0	0.0	-0.341974880014	-1.36211699713	1.2914046428	-0.181135604231	-1.69858478881	1.70468568634	445
34	1.0	0.0	0.0	1.519014098	-0.686036409	0.739303984	1.89629660994	-0.992159308295	1.66560539449	446
34	1.0	0.25	0.0	1.03195577011	-0.757889452725	0.913612991759	1.39367209215	-1.08981470058	1.77600502196	447
34	1.0	0.5	0.0	0.547871600105	-0.828687812398	1.15687444395	0.858610755919	-1.18808973514	1.90920349457	448
34	1.0	0.75	0.0	0.0815541973006	-0.865694255123	1.40434782241	0.320328730902	-1.24916702823	2.03807521188	449
34	1.0	1.0	0.0	-0.352203829	-0.836171548	1.591292609	-0.191957853258	-1.23522919612	2.13549457346	450
35	0.0	0.0	0.0	3.452148023	-0.321159189	0.26052791	3.80857645741	-0.493004711738	1.1365346383	451
35	0.0	0.25	0.0	2.98352341168	-0.428935210359	0.354298739556	3.3367204912	-0.620871531108	1.26630049009	452
35	0.0	0.5	0.0	2.49508447303	-0.528694263094	0.478242905314	2.85390776457	-0.759305075022	1.41362581398	453
35	0.0	0.75	0.0	2.0018938281	-0.615905083782	0.613023591916	2.3703594225	-0.889377086433	1.55467323908	454
35	0.0	1.0	0.0	1.519014098	-0.686036409	0.739303984	1.89629660994	-0.992159308295	1.66560539449	455
35	0.25	0.0	0.0	3.42972555249	-0.0833304587052	0.285954473929	3.77798669065	-0.248394290605	1.21815290338	456
35	0.25	0.25	0.0	2.95056406831	-0.135449730033	0.395340343107	3.30880595845	-0.333122462464	1.37088104698	457
35	0.25	0.5	0.0	2.45105549128	-0.175418287754	0.536347521632	2.82123096338	-0.415325256585	1.5427929237	458
35	0.25	0.75	0.0	1.95271164552	-0.205952828072	0.687234203401	2.33132085637	-0.493109374648	1.70452417535	459
35	0.25	1.0	0.0	1.47704435517	-0.229770047192	0.826258582308	1.85513478837	-0.564581518334	1.8267104437	460
35	0.5	0.0	0.0	3.42807331865	0.207770149396	0.278520430982	3.78385326122	0.0858093110663	1.24065995663	461
35	0.5	0.25	0.0	2.92721509976	0.22372465742	0.404397396618	3.3156825685	0.0634438813819	1.41338300201	462
35	0.5	0.5	0.0	2.42900851226	0.251380581731	0.576952435267	2.82445859094	0.0534971691463	1.61231554317	463
35	0.5	0.75	0.0	1.94028201177	0.282053037038	0.757744683299	2.32644525293	0.0441781961638	1.79604826857	464
35	0.5	1.0	0.0	1.46786405394	0.307057138051	0.908333277086	1.83790647882	0.0236959842389	1.92317186665	465
35	0.75	0.0	0.0	3.44463431449	0.4987964243	0.244663155794	3.80313074414	0.440731713131	1.2168368625	466
35	0.75	0.25	0.0	2.92370568969	0.583095799303	0.379753527095	3.32811939212	0.48866109362	1.39650752336	467
35	0.75	0.5	0.0	2.43102086525	0.677356570732	0.571134384684	2.83111833475	0.555023939495	1.60076392148	468
35	0.75	0.75	0.0	1.95530324155	0.768178512125	0.769580549522	2.32618686086	0.618721088358	1.7864172791	469
35	0.75	1.0	0.0	1.48527621898	0.842161397019	0.925866842571	1.82738425927	0.658653377811	1.9102788185	470
35	1.0	0.0	0.0	3.476851533	0.736402155	0.190820023	3.81277371442	0.747498535443	1.15946468545	471
35	1.0	0.25	0.0	2.95026502172	0.87717154292	0.319692361546	3.31688550009	0.86236276744	1.3229557792	472
35	1.0	0.5	0.0	2.45916987953	1.02816390462	0.48997010835	2.80873788228	0.997116791785	1.48670830769	473
35	1.0	0.75	0.0	1.98847364957	1.17248959776	0.667767319979	2.30099992887	1.12675476429	1.6328029673	474
35	1.0	1.0	0.0	1.523083875	1.29325898	0.819198053	1.80634070773	1.22627084077	1.7433204544	475
36	0.0	0.0	0.0	1.519014098	-0.686036409	0.739303984	1.89629660994	-0.992159308295	1.66560539449	476
36	0.0	0.25	0.0	1.03195577011	-0.757889452725	0.913612991759	1.39367209215	-1.08981470058	1.77600502196	477
36	0.0	0.5	0.0	0.547871600105	-0.828687812398	1.15687444395	0.858610755919	-1.18808973514	1.90920349457	478
36	0.0	0.75	0.0	0.0815541973006	-0.865694255123	1.40434782241	0.320328730902	-1.24916702823	2.03807521188	479
36	0.0	1.0	0.0	-0.352203829	-0.836171548	1.591292609	-0.191957853258	-1.23522919612	2.13549457346	480
36	0.25	0.0	0.0	1.47704435517	-0.229770047192	0.826258582308	1.85513478837	-0.564581518334	1.8267104437	481
36	0.25	0.25	0.0	1.00771012784	-0.257602542573	0.989748850829	1.36062283929	-0.629471002137	1.93252209451	482
36	0.25	0.5	0.0	0.531405306149	-0.285877625542	1.2064339144	0.829402742189	-0.680717471888	2.05755289591	483
36	0.25	0.75	0.0	0.0696069387956	-0.300270470798	1.4460408695	0.294433233492	-0.711556418159	2.19398802063	484
36	0.25	1.0	0.0	-0.356207925519	-0.286456253037	1.67829681259	-0.21132695038	-0.71522333152	2.33401264141	485
36	0.5	0.0	0.0	1.46786405394	0.307057138051	0.908333277086	1.83790647882	0.0236959842389	1.92317186665	486
36	0.5	0.25	0.0	1.00947992626	0.319363382512	1.06289786525	1.35107612874	-0.0125553997585	2.02430115227	487
36	0.5	0.5	0.0	0.538912152577	0.329178589758	1.26127419693	0.830989925743	-0.0474990329525	2.1467281591	488
36	0.5	0.75	0.0	0.081160572797	0.344101348539	1.46263397413	0.310449660396	-0.066412363131	2.26803420454	489
36	0.5	1.0	0.0	-0.338774973175	0.371730247602	1.62614889889	-0.177742876754	-0.0545728380817	2.36580060599	490
36	0.75	0.0	0.0	1.48527621898	0.842161397019	0.925866842571	1.82738425927	0.658653377811	1.9102788185	491
36	0.75	0.25	0.0	1.03517078724	0.894425908767	1.07736533142	1.34929352033	0.658526759022	2.01266331912	492
36	0.75	0.5	0.0	0.570171325807	0.944955081013	1.26966599936	0.8415372938	0.64323175624	2.14377664007	493
36	0.75	0.75	0.0	0.11660408197	0.999230132179	1.43956822582	0.337066090202	0.642836176415	2.25859870873	494
36	0.75	1.0	0.0	-0.299204696993	1.06273228069	1.52387139024	-0.131169579931	0.687407826498	2.31210945244	495
36	1.0	0.0	0.0	1.523083875	1.29325898	0.819198053	1.80634070773	1.22627084077	1.7433204544	496
36	1.0	0.25	0.0	1.08268833266	1.38900262243	0.977456545732	1.33953657393	1.28137012668	1.85892971892	497
36	1.0	0.5	0.0	0.624962012259	1.48992609573	1.17988002954	0.839209833575	1.32314107027	2.01574569478	498
36	1.0	0.75	0.0	0.176326448981	1.59692480941	1.36228471408	0.342970601501	1.37276024004	2.16406647834	499
36	1.0	1.0	0.0	-0.236796822	1.710894173	1.460486809	-0.111571007463	1.45140420452	2.25419016599	500
41	0.0	0.0	0.0	3.476851533	0.736402155	0.190820023	3.81277371442	0.747498535443	1.15946468545	501
41	0.0	0.25	0.0	2.95026502172	0.87717154292	0.319692361546	3.31688550009	0.86236276744	1.3229557792	502
41	0.0	0.5	0.0	2.45916987953	1.02816390462	0.48997010835	2.80873788228	0.997116791785	1.48670830769	503
41	0.0	0.75	0.0	1.98847364957	1.17248959776	0.667767319979	2.30099992887	1.12675476429	1.6328029673	504
41	0.0	1.0	0.0	1.523083875	1.29325898	0.819198053	1.80634070773	1.22627084077	1.7433204544	505
41	0.25	0.0	0.0	3.50226119423	0.880973640545	0.139936574278	3.81888634539	0.933918970541	1.0891411928	506
41	0.25	0.25	0.0	2.98318904728	1.0388230234	0.256446788781	3.31598317031	1.07236055612	1.23133076641	507
41	0.25	0.5	0.0	2.49705953697	1.20629789439	0.409775466077	2.80796826838	1.22572404663	1.36876239216	508
41	0.25	0.75	0.0	2.03073448152	1.36473013498	0.570017994324	2.30622181966	1.37113649359	1.49119055802	509
41	0.25	1.0	0.0	1.57107569915	1.49545162661	0.707269761681	1.82212400423	1.48572494854	1.58836975194	510
41	0.5	0.0	0.0	3.53133826034	1.04982045045	0.0724564511866	3.83806682026	1.14107134343	0.980227690812	511
41	0.5	0.25	0.0	3.02276958625	1.21688378112	0.166834997683	3.34141012856	1.29443448545	1.09074931535	512
41	0.5	0.5	0.0	2.55086440062	1.40219485912	0.306962610911	2.84206370683	1.46772350754	1.2079502226	513
41	0.5	0.75	0.0	2.09858969426	1.57447004703	0.45170298789	2.35087411265	1.62988762158	1.31289799132	514
41	0.5	1.0	0.0	1.64891245798	1.70242570743	0.559919825642	1.87868790355	1.74987603948	1.3866602003	515
41	0.75	0.0	0.0	3.56826310878	1.21473224963	-0.00177155349834	3.86612025468	1.33720721486	0.852238182986	516
41	0.75	0.25	0.0	3.06423080102	1.38557887153	0.0661922406933	3.37687275157	1.50021127014	0.929607162604	517
41	0.75	0.5	0.0	2.60382029752	1.5826963643	0.189416094532	2.88687520019	1.68700781218	1.02722135545	518
41	0.75	0.75	0.0	2.16467299366	1.76009302133	0.313607917926	2.40574127696	1.85739740758	1.11305347876	519
41	0.75	1.0	0.0	1.72443028482	1.87177713604	0.384475620782	1.94308465827	1.97118062291	1.15507624978	520
41	1.0	0.0	0.0	3.617216117	1.347498703	-0.072898647	3.89885176433	1.49057814559	0.724686672843	521
41	1.0	0.25	0.0	3.10279685399	1.51913335009	-0.0301462297494	3.40607741607	1.66131762488	0.776300044729	522
41	1.0	0.5	0.0	2.63916305471	1.71464397544	0.0650204686222	2.91825375099	1.84746959821	0.849525347153	523
41	1.0	0.75	0.0	2.20161808558	1.87998274532	0.156518401683	2.44160778174	2.00805511088	0.906785231895	524
41	1.0	1.0	0.0	1.765465313	1.961101826	0.188264523	1.98236652098	2.10209520816	0.910502350736	525
42	0.0	0.0	0.0	1.523083875	1.29325898	0.819198053	1.80634070773	1.22627084077	1.7433204544	526
42	0.0	0.25	0.0	1.08268833266	1.38900262243	0.977456545732	1.33953657393	1.28137012668	1.85892971892	527
42	0.0	0.5	0.0	0.624962012259	1.48992609573	1.17988002954	0.839209833575	1.32314107027	2.01574569478	528
42	0.0	0.75	0.0	0.176326448981	1.59692480941	1.36228471408	0.342970601501	1.37276024004	2.16406647834	529
42	0.0	1.0	0.0	-0.236796822	1.710894173	1.460486809	-0.111571007463	1.45140420452	2.25419016599	530
42	0.25	0.0	0.0	1.57107569915	1.49545162661	0.707269761681	1.82212400423	1.48572494854	1.58836975194	531
42	0.25	0.25	0.0	1.12987739925	1.60715486167	0.853373728949	1.35739589228	1.56807902083	1.69610825339	532
42	0.25	0.5	0.0	0.670409016464	1.7339086255	1.04510308265	0.855533231775	1.64905944162	1.84483503012	533
42	0.25	0.75	0.0	0.218311155824	1.86683692794	1.22773333667	0.355399617144	1.73161443339	1.99363723535	534
42	0.25	1.0	0.0	-0.200775577635	1.99706377884	1.34654000488	-0.104141357187	1.81869221861	2.10160202233	535
42	0.5	0.0	0.0	1.64891245798	1.70242570743	0.559919825642	1.87868790355	1.74987603948	1.3866602003	536
42	0.5	0.25	0.0	1.19777447903	1.81150646043	0.66883767002	1.41047294107	1.83955309575	1.4617454544	537
42	0.5	0.5	0.0	0.727024231632	1.94672507917	0.823804416743	0.90405943724	1.93549592303	1.57065480789	538
42	0.5	0.75	0.0	0.262196241629	2.08870996955	0.976418415486	0.39503500796	2.02941681567	1.68061109304	539
42	0.5	1.0	0.0	-0.171174965137	2.21808953746	1.07827801592	-0.0810127308696	2.11302806802	1.75883714211	540
42	0.75	0.0	0.0	1.72443028482	1.87177713604	0.384475620782	1.94308465827	1.97118062291	1.15507624978	541
42	0.75	0.25	0.0	1.26164999933	1.96289686131	0.445644784527	1.46981389622	2.05243402246	1.18625156327	542
42	0.75	0.5	0.0	0.777113736048	2.09495617701	0.55343821702	0.959327948865	2.1466662631	1.24617171575	543
42	0.75	0.75	0.0	0.298170852678	2.24123672881	0.6664736012	0.441849219826	2.24161262411	1.30826462536	544
42	0.75	1.0	0.0	-0.14782929307	2.37502016234	0.743368620007	-0.0523998872958	2.32500838479	1.34595821019	545
42	1.0	0.0	0.0	1.765465313	1.961101826	0.188264523	1.98236652098	2.10209520816	0.910502350736	546
42	1.0	0.25	0.0	1.29677438749	2.0221655069	0.205591488054	1.50646493363	2.16336347195	0.90003682135	547
42	1.0	0.5	0.0	0.802983607996	2.1451826393	0.27145866869	0.995878265542	2.2467862104	0.924352441362	548
42	1.0	0.75	0.0	0.31642413525	2.3031100003	0.356032544481	0.475814698618	2.34364709594	0.959874406235	549
42	1.0	1.0	0.0	-0.13057287	2.468904367	0.429479595	-0.0285175852483	2.44522980101	0.98302791143	550
43	0.0	0.0	0.0	3.617216117	1.347498703	-0.072898647	3.89885176433	1.49057814559	0.724686672843	551
43	0.0	0.25	0.0	3.10279685399	1.51913335009	-0.0301462297494	3.40607741607	1.66131762488	0.776300044729	552
43	0.0	0.5	0.0	2.63916305471	1.71464397544	0.0650204686222	2.91825375099	1.84746959821	0.849525347153	553
43	0.0	0.75	0.0	2.20161808558	1.87998274532	0.156518401683	2.44160778174	2.00805511088	0.906785231895	554
43	0.0	1.0	0.0	1.765465313	1.961101826	0.188264523	1.98236652098	2.10209520816	0.910502350736	555
43	0.25	0.0	0.0	3.66339579359	1.44327574044	-0.135481139746	3.93459251273	1.59549230822	0.606158046018	556
43	0.25	0.25	0.0	3.13395717479	1.61663682249	-0.122436992756	3.4332484674	1.7742891607	0.630983409847	557
43	0.25	0.5	0.0	2.6598360429	1.80675983513	-0.0654075251572	2.94256612097	1.9617813119	0.671050677153	558
43	0.25	0.75	0.0	2.21570545312	1.95635877498	-0.0132332955619	2.46519685334	2.11352531868	0.694597573234	559
43	0.25	1.0	0.0	1.77623846065	2.00814763866	-0.0147548625828	2.00379204446	2.18507773792	0.66986182339	560
43	0.5	0.0	0.0	3.71221053615	1.55322230384	-0.216827611592	3.98279242015	1.71309637619	0.449069048821	561
43	0.5	0.25	0.0	3.16933486352	1.727393666	-0.242865411846	3.47426043944	1.89927298979	0.437864383351	562
43	0.5	0.5	0.0	2.68567745334	1.91269263582	-0.225363760477	2.98007342493	2.09388070793	0.445221153401	563
43	0.5	0.75	0.0	2.2344284508	2.05067191027	-0.208426909121	2.50010421466	2.24419927103	0.444364422824	564
43	0.5	1.0	0.0	1.78877800105	2.08288418632	-0.236159109409	2.03422564669	2.29750841949	0.408519255474	565
43	0.75	0.0	0.0	3.75368467089	1.64847590807	-0.303909100892	4.0293658886	1.81610540809	0.284019817214	566
43	0.75	0.25	0.0	3.20097395546	1.82309837152	-0.366231871896	3.51548098109	2.00913935521	0.237006754393	567
43	0.75	0.5	0.0	2.71100549393	2.01022932839	-0.386366328209	3.01893556901	2.2144558567	0.214314007487	568
43	0.75	0.75	0.0	2.25613139383	2.14953256223	-0.400692388772	2.53661360491	2.37237965941	0.194158967767	569
43	0.75	1.0	0.0	1.80870376267	2.18067185657	-0.44558997253	2.06539904133	2.42323551022	0.154759026502	570
43	1.0	0.0	0.0	3.777842524	1.700174068	-0.383696646	4.06022732005	1.87723446252	0.141610487158	571
43	1.0	0.25	0.0	3.22091848593	1.8754454299	-0.467336757785	3.54327774125	2.0767585	0.0684743121241	572
43	1.0	0.5	0.0	2.73013837258	2.07715686369	-0.519933319221	3.04731245934	2.29419482856	0.0206064710022	573
43	1.0	0.75	0.0	2.27915859744	2.23955114189	-0.561659684296	2.56500876328	2.47036917532	-0.0179456048335	574
43	1.0	1.0	0.0	1.841635574	2.296871037	-0.612689207	2.08904394204	2.54610726741	-0.0631344840092	575
44	0.0	0.0	0.0	1.765465313	1.961101826	0.188264523	1.98236652098	2.10209520816	0.910502350736	576
44	0.0	0.25	0.0	1.29677438749	2.0221655069	0.205591488054	1.50646493363	2.16336347195	0.90003682135	577
44	0.0	0.5	0.0	0.802983607996	2.1451826393	0.27145866869	0.995878265542	2.2467862104	0.924352441362	578
44	0.0	0.75	0.0	0.31642413525	2.3031100003	0.356032544481	0.475814698618	2.34364709594	0.959874406235	579
44	0.0	1.0	0.0	-0.13057287	2.468904367	0.429479595	-0.0285175852483	2.44522980101	0.98302791143	580
44	0.25	0.0	0.0	1.77623846065	2.00814763866	-0.0147548625828	2.00379204446	2.18507773792	0.66986182339	581
44	0.25	0.25	0.0	1.30812894765	2.04581736183	-0.0195063479291	1.52738459288	2.22470235142	0.642281661533	582
44	0.25	0.5	0.0	0.813606170124	2.1673395318	0.0348319747415	1.01575348587	2.30086881664	0.660195514845	583
44	0.25	0.75	0.0	0.327943635956	2.33847586232	0.118981417717	0.494804415429	2.40117557868	0.696829749756	584
44	0.25	1.0	0.0	-0.113585146994	2.52498806717	0.203663293285	-0.00955692647001	2.51322108266	0.725410732694	585
44	0.5	0.0	0.0	1.78877800105	2.08288418632	-0.236159109409	2.03422564669	2.29750841949	0.408519255474	586
44	0.5	0.25	0.0	1.32366088955	2.1112869372	-0.256940083377	1.55656960956	2.32134443741	0.373530785463	587
44	0.5	0.5	0.0	0.832654125825	2.24027563316	-0.213508258806	1.03945715151	2.39808317085	0.376917231133	588
44	0.5	0.75	0.0	0.350894645098	2.4196738319	-0.135263574955	0.514227312015	2.50115646655	0.397963430471	589
44	0.5	1.0	0.0	-0.0864806174028	2.59930509118	-0.0516059710839	0.0122191305536	2.60399617124	0.415954221464	590
44	0.75	0.0	0.0	1.80870376267	2.18067185657	-0.44558997253	2.06539904133	2.42323551022	0.154759026502	591
44	0.75	0.25	0.0	1.34968233181	2.21269292999	-0.474574739658	1.58377137075	2.44394233952	0.117359277183	592
44	0.75	0.5	0.0	0.86242570545	2.34930426773	-0.44160425257	1.05707050076	2.52294050339	0.104778436961	593
44	0.75	0.75	0.0	0.382610541192	2.52819190965	-0.373729748745	0.524048295533	2.6218482024	0.104299375645	594
44	0.75	1.0	0.0	-0.0540865033606	2.6870418956	-0.298002465661	0.0234566192351	2.70228363716	0.103204963041	595
44	1.0	0.0	0.0	1.841635574	2.296871037	-0.612689207	2.08904394204	2.54610726741	-0.0631344840092	596
44	1.0	0.25	0.0	1.39250539302	2.34415403719	-0.640275338137	1.59874126352	2.58314866732	-0.102657779261	597
44	1.0	0.5	0.0	0.905219139351	2.47973875988	-0.617498227168	1.05867477194	2.65995204459	-0.125960020931	598
44	1.0	0.75	0.0	0.420424702753	2.64551809613	-0.563444418865	0.514232273143	2.74150922914	-0.143138487458	599
44	1.0	1.0	0.0	-0.021230027	2.783384937	-0.497200458	0.0108015729868	2.79281205086	-0.164290457275	600
49	0.0	0.0	0.0	5.033513745	0.404214198	-0.199999995	5.32516707252	0.403585597989	0.169730927144	601
49	0.0	0.25	0.0	4.93073011195	0.857008906162	-0.209720177143	5.20858440409	0.919541508397	0.20764592002	602
49	0.0	0.5	0.0	4.67954683319	1.23002307537	-0.241228577766	4.93363035542	1.33991553126	0.222308676555	603
49	0.0	0.75	0.0	4.29142920509	1.51412277339	-0.298046849755	4.53820972718	1.66053680363	0.203652448387	604
49	0.0	1.0	0.0	3.777842524	1.700174068	-0.383696646	4.06022732005	1.87723446252	0.141610487158	605
49	0.25	0.0	0.0	5.03012564172	0.403877000774	-0.20848763564	5.32683158263	0.40002829655	0.159501185857	606
49	0.25	0.25	0.0	4.92868052932	0.856087513691	-0.279288329137	5.2136253053	0.916091327798	0.108433825624	607
49	0.25	0.5	0.0	4.68074705567	1.23129902332	-0.345746784776	4.94645565625	1.34005135222	0.070614280672	608
49	0.25	0.75	0.0	4.29663753175	1.51708930665	-0.419387970843	4.55970592558	1.66679781554	0.0208185994247	609
49	0.25	1.0	0.0	3.78666426855	1.70103614067	-0.511736855627	4.08775940339	1.89122016348	-0.0661771696939	610
49	0.5	0.0	0.0	5.0226718145	0.40261169646	-0.215285106498	5.33049350488	0.391678762966	0.148871093575	611
49	0.5	0.25	0.0	4.91998296121	0.841152056653	-0.342788742503	5.21853572698	0.896905305882	0.0211486781936	612
49	0.5	0.5	0.0	4.67040374401	1.20192500545	-0.45580516377	4.95578721563	1.31247275156	-0.0896689558677	613
49	0.5	0.75	0.0	4.28736512237	1.47786068225	-0.565725715818	4.57763514976	1.63550987169	-0.202936970429	614
49	0.5	1.0	0.0	3.78429805573	1.66188922642	-0.683941744168	4.11946670832	1.86314543799	-0.338010527309	615
49	0.75	0.0	0.0	5.01521798728	0.400037718667	-0.221702372856	5.33415542713	0.382020555902	0.138621205793	616
49	0.75	0.25	0.0	4.90906250046	0.814740875293	-0.40359138145	5.22276445521	0.862124347772	-0.058713229752	617
49	0.75	0.5	0.0	4.65345591963	1.15398745195	-0.562733951213	4.96309230452	1.26305644126	-0.242563819685	618
49	0.75	0.75	0.0	4.26837843944	1.41558881266	-0.709826703302	4.5925804979	1.57952770534	-0.422096183763	619
49	0.75	1.0	0.0	3.77381025455	1.59735632146	-0.855566258875	4.1486705582	1.80624900896	-0.60647594174	620
49	1.0	0.0	0.0	5.011829884	0.395774501	-0.2290494	5.33581993724	0.374537234022	0.129532078002	621
49	1.0	0.25	0.0	4.90034423992	0.779392309856	-0.465066210186	5.22576027601	0.81188935859	-0.135655605694	622
49	1.0	0.5	0.0	4.63484260391	1.09957279297	-0.657863383568	4.96983819384	1.19767913334	-0.372093097402	623
49	1.0	0.75	0.0	4.24444394545	1.34942561035	-0.824457551916	4.60512506815	1.51170604974	-0.591140963167	624
49	1.0	1.0	0.0	3.758267234	1.522060422	-0.981865347	4.16869227636	1.73376959928	-0.804159769036	625
50	0.0	0.0	0.0	5.011829884	0.395774501	-0.2290494	5.33581993724	0.374537234022	0.129532078002	626
50	0.0	0.25	0.0	4.90034423992	0.779392309856	-0.465066210186	5.22576027601	0.81188935859	-0.135655605694	627
50	0.0	0.5	0.0	4.63484260391	1.09957279297	-0.657863383568	4.96983819384	1.19767913334	-0.372093097402	628
50	0.0	0.75	0.0	4.24444394545	1.34942561035	-0.824457551916	4.60512506815	1.51170604974	-0.591140963167	629
50	0.0	1.0	0.0	3.758267234	1.522060422	-0.981865347	4.16869227636	1.73376959928	-0.804159769036	630
50	0.25	0.0	0.0	5.01086637837	0.390637074792	-0.235911681207	5.3391650108	0.369014825465	0.119991001918	631
50	0.25	0.25	0.0	4.89302762349	0.735338564005	-0.521870215294	5.22952252032	0.752185414087	-0.210612914934	632
50	0.25	0.5	0.0	4.6165293838	1.02997063659	-0.746558612816	4.9758686984	1.10902506338	-0.494584087908	633
50	0.25	0.75	0.0	4.22281124376	1.26268985116	-0.931755673592	4.61702656625	1.40769828031	-0.747147600735	634
50	0.25	1.0	0.0	3.75331278779	1.42165276636	-1.09924019744	4.1918191451	1.61636957181	-0.983528537142	635
50	0.5	0.0	0.0	5.008746666	0.384576681615	-0.241796046459	5.34652417264	0.362107471121	0.108213287937	636
50	0.5	0.25	0.0	4.88542402255	0.679099760766	-0.573559134765	5.23483357334	0.681898410412	-0.286806320309	637
50	0.5	0.5	0.0	4.60081207455	0.936327004669	-0.835801364939	4.9796977006	0.991856291943	-0.626699932365	638
50	0.5	0.75	0.0	4.20935569051	1.14534911553	-1.05056478186	4.62743133706	1.25869815303	-0.92463421081	639
50	0.5	1.0	0.0	3.76549973893	1.29525679555	-1.2398914304	4.22434926537	1.44914103099	-1.19377581822	640
50	0.75	0.0	0.0	5.00662695363	0.37766097288	-0.246646513482	5.35388333447	0.354344801219	0.0974694721843	641
50	0.75	0.25	0.0	4.87936923009	0.61640123003	-0.617468390614	5.23976621104	0.605304997632	-0.356960422865	642
50	0.75	0.5	0.0	4.5894817351	0.833705848499	-0.914782124725	4.9822212226	0.863527160517	-0.749581628097	643
50	0.75	0.75	0.0	4.20170222505	1.01911983381	-1.15909965401	4.63536718486	1.0951820562	-1.09084408132	644
50	0.75	1.0	0.0	3.78076845635	1.16218819147	-1.37093291665	4.25332291355	1.266440451	-1.39119772033	645
50	1.0	0.0	0.0	5.005663448	0.3699576	-0.2504071	5.35722840803	0.34625644599	0.0910300907899	646
50	1.0	0.25	0.0	4.87669903909	0.552968301683	-0.650933404857	5.24239320939	0.526681825815	-0.413799823645	647
50	1.0	0.5	0.0	4.5843294244	0.737171119356	-0.972691376959	4.98433528655	0.741392010609	-0.844370172429	648
50	1.0	0.75	0.0	4.19747578676	0.905718436352	-1.23557506733	4.63986191397	0.947626378094	-1.21302050018	649
50	1.0	1.0	0.0	3.785059309	1.041762636	-1.459478527	4.26578036606	1.10262430599	-1.53209035152	650
53	0.0	0.0	0.0	5.005663448	0.3699576	-0.2504071	5.35722840803	0.34625644599	0.0910300907899	651
53	0.0	0.25	0.0	4.87669903909	0.552968301683	-0.650933404857	5.24239320939	0.526681825815	-0.413799823645	652
53	0.0	0.5	0.0	4.5843294244	0.737171119356	-0.972691376959	4.98433528655	0.741392010609	-0.844370172429	653
53	0.0	0.75	0.0	4.19747578676	0.905718436352	-1.23557506733	4.63986191397	0.947626378094	-1.21302050018	654
53	0.0	1.0	0.0	3.785059309	1.041762636	-1.459478527	4.26578036606	1.10262430599	-1.53209035152	655
53	0.25	0.0	0.0	5.00246120503	0.357189416511	-0.253993180269	5.35557956042	0.3316464237	0.0866350735106	656
53	0.25	0.25	0.0	4.86982058172	0.446261280629	-0.676966383451	5.23945219407	0.389157627748	-0.463926005167	657
53	0.25	0.5	0.0	4.5693797771	0.565580234508	-1.0118264051	4.9784632872	0.512952522409	-0.924909797995	658
53	0.25	0.75	0.0	4.17517791777	0.688375034285	-1.27866616907	4.63152015673	0.651893621074	-1.31137255017	659
53	0.25	1.0	0.0	3.76125413034	0.7878744361	-1.4975785992	4.25753011955	0.754843437138	-1.63837050688	660
53	0.5	0.0	0.0	4.9954162705	0.344855352294	-0.254424920318	5.35195209569	0.315260314121	0.084423672038	661
53	0.5	0.25	0.0	4.85554364717	0.335964661347	-0.66902186601	5.23085402396	0.246137883345	-0.461514075015	662
53	0.5	0.5	0.0	4.53981003983	0.371820838926	-0.990753570783	4.95977835207	0.248478203206	-0.920300517901	663
53	0.5	0.75	0.0	4.13335925152	0.423469963757	-1.24042629746	4.60637030405	0.281410893921	-1.30328767375	664
53	0.5	1.0	0.0	3.72133508527	0.461958114569	-1.43884630886	4.23827510392	0.304065575708	-1.62182755967	665
53	0.75	0.0	0.0	4.98837133597	0.332820661931	-0.251689600458	5.34832463096	0.299173578396	0.0853793304744	666
53	0.75	0.25	0.0	4.84141039101	0.228071004288	-0.635815862722	5.22147148752	0.111671887526	-0.417050994387	667
53	0.75	0.5	0.0	4.51054371375	0.179313616994	-0.930801359046	4.93871689546	-0.00737202281082	-0.84924826663	668
53	0.75	0.75	0.0	4.09161283013	0.156744179061	-1.15603845667	4.57758540169	-0.0829828380614	-1.21399847854	669
53	0.75	1.0	0.0	3.68045926606	0.130558369503	-1.33091952284	4.21560155309	-0.140185243672	-1.5140876224	670
53	1.0	0.0	0.0	4.985169093	0.3209506	-0.245774501	5.34667578335	0.285461677664	0.0904854929218	671
53	1.0	0.25	0.0	4.83496296879	0.128572869904	-0.586064383778	5.21617737322	-0.00019106478778	-0.34102372448	672
53	1.0	0.5	0.0	4.49650429999	0.0114792530966	-0.853298254923	4.92571533169	-0.209939231452	-0.730458978665	673
53	1.0	0.75	0.0	4.06953169569	-0.0660613655088	-1.06068565086	4.5583384954	-0.360448609567	-1.06873757217	674
53	1.0	1.0	0.0	3.653783765	-0.139780101	-1.221436108	4.19709570101	-0.468384986372	-1.34677680754	675
54	0.0	0.0	0.0	4.985169093	0.3209506	-0.245774501	5.34667578335	0.285461677664	0.0904854929218	676
54	0.0	0.25	0.0	4.83496296879	0.128572869904	-0.586064383778	5.21617737322	-0.00019106478778	-0.34102372448	677
54	0.0	0.5	0.0	4.49650429999	0.0114792530966	-0.853298254923	4.92571533169	-0.209939231452	-0.730458978665	678
54	0.0	0.75	0.0	4.06953169569	-0.0660613655088	-1.06068565086	4.5583384954	-0.360448609567	-1.06873757217	679
54	0.0	1.0	0.0	3.653783765	-0.139780101	-1.221436108	4.19709570101	-0.468384986372	-1.34677680754	680
54	0.25	0.0	0.0	4.98834284972	0.309987086729	-0.236923452844	5.34856504294	0.273896546273	0.103895579107	681
54	0.25	0.25	0.0	4.83978124045	0.0347609069342	-0.51746431733	5.21439452066	-0.0946610407498	-0.233610933414	682
54	0.25	0.5	0.0	4.50446920053	-0.145835170913	-0.746237851439	4.91506541185	-0.373716308098	-0.546863875983	683
54	0.25	0.75	0.0	4.07893494828	-0.274373491534	-0.929761068867	4.5363204401	-0.577355496221	-0.824632163189	684
54	0.25	1.0	0.0	3.659706702	-0.393426399649	-1.07455098331	4.16390232896	-0.719664845567	-1.05568470962	685
54	0.5	0.0	0.0	4.9953251145	0.302110147309	-0.226278036202	5.35272141405	0.264696046988	0.124570879414	686
54	0.5	0.25	0.0	4.8503123657	-0.0457022838634	-0.430093967804	5.21233598835	-0.171734101326	-0.101324646684	687
54	0.5	0.5	0.0	4.52324454289	-0.296208666648	-0.600271886665	4.8980773908	-0.516934570958	-0.302147007716	688
54	0.5	0.75	0.0	4.10588028079	-0.490077905657	-0.740163149531	4.50009514013	-0.77816553209	-0.478021870342	689
54	0.5	1.0	0.0	3.68997821414	-0.667978905504	-0.853119113149	4.10853875505	-0.9626871549	-0.629074901219	690
54	0.75	0.0	0.0	5.00230737928	0.297362258984	-0.213915651709	5.35687778516	0.258624598799	0.146963147571	691
54	0.75	0.25	0.0	4.86039819379	-0.102599244518	-0.329106127037	5.21003732104	-0.22046476841	0.0468059791412	692
54	0.75	0.5	0.0	4.54077676287	-0.4108787138	-0.434242621511	4.8806391705	-0.61085247581	-0.0358870642013	693
54	0.75	0.75	0.0	4.13123923714	-0.661817907776	-0.526116200198	4.4640051585	-0.915025059576	-0.10756932564	694
54	0.75	1.0	0.0	3.71958176721	-0.889758585357	-0.601517928166	4.05545711001	-1.13546905588	-0.174694148359	695
54	1.0	0.0	0.0	5.005481136	0.295785899	-0.1999137	5.35876704475	0.256446620695	0.165524137309	696
54	1.0	0.25	0.0	4.86388057395	-0.125712517059	-0.219653586865	5.2075340635	-0.229907563899	0.201751787492	697
54	1.0	0.5	0.0	4.54501229632	-0.461082792062	-0.266992316891	4.86863865293	-0.626728478433	0.212337264227	698
54	1.0	0.75	0.0	4.13588336128	-0.738236797784	-0.321844528221	4.44239305822	-0.940080421084	0.208062838908	699
54	1.0	1.0	0.0	3.723500827	-0.985086406	-0.364124859	4.02910952454	-1.17602769003	0.199710782932	700
57	0.0	0.0	0.0	5.005481136	0.295785899	-0.1999137	5.35876704475	0.256446620695	0.165524137309	701
57	0.0	0.25	0.0	4.86388057395	-0.125712517059	-0.219653586865	5.2075340635	-0.229907563899	0.201751787492	702
57	0.0	0.5	0.0	4.54501229632	-0.461082792062	-0.266992316891	4.86863865293	-0.626728478433	0.212337264227	703
57	0.0	0.75	0.0	4.13588336128	-0.738236797784	-0.321844528221	4.44239305822	-0.940080421084	0.208062838908	704
57	0.0	1.0	0.0	3.723500827	-0.985086406	-0.364124859	4.02910952454	-1.17602769003	0.199710782932	705
57	0.25	0.0	0.0	5.00441575631	0.29755804686	-0.186435553781	5.35434485757	0.261487084372	0.184482136698	706
57	0.25	0.25	0.0	4.8578904331	-0.10826262715	-0.11879414681	5.2006006218	-0.195778267095	0.337470930882	707
57	0.25	0.5	0.0	4.52713701634	-0.428542350224	-0.122492590154	4.85558038567	-0.564991864762	0.410583098954	708
57	0.25	0.75	0.0	4.10371929253	-0.689753515589	-0.155896948418	4.42193281319	-0.8561627453	0.439550139469	709
57	0.25	1.0	0.0	3.67920104819	-0.918368516471	-0.177373286209	4.00230656835	-1.07929994538	0.46010355098	710
57	0.5	0.0	0.0	5.002071921	0.302586834345	-0.173885190857	5.34461604577	0.273706166654	0.209088176597	711
57	0.5	0.25	0.0	4.84590312368	-0.058245939711	-0.0229118338019	5.18708350742	-0.126794312406	0.461386478697	712
57	0.5	0.5	0.0	4.4922206458	-0.335431241624	0.0202587904348	4.83146393179	-0.450618813063	0.603769152168	713
57	0.5	0.75	0.0	4.04208094168	-0.555709640138	0.0132893411213	4.38204496116	-0.705225865764	0.67998500215	714
57	0.5	1.0	0.0	3.59654046562	-0.745821704	0.0138424775259	3.94311423783	-0.898074000957	0.733782833783	715
57	0.75	0.0	0.0	4.99972808569	0.310506329407	-0.162927007254	5.33488723396	0.288815956514	0.232102037174	716
57	0.75	0.25	0.0	4.83240834377	0.0141449356469	0.0590546847312	5.17169369393	-0.0381321514908	0.566293403272	717
57	0.75	0.5	0.0	4.45292118561	-0.208555447568	0.140024987204	4.80134231163	-0.309910110013	0.770049299337	718
57	0.75	0.75	0.0	3.97428592175	-0.381082884216	0.153310485573	4.33198815298	-0.525796313525	0.890464068778	719
57	0.75	1.0	0.0	3.50952186274	-0.526925438279	0.172237765248	3.87178628387	-0.685069156499	0.974632055003	720
57	1.0	0.0	0.0	4.998662706	0.3209506	-0.154225399	5.33046504678	0.302528542923	0.246283498598	721
57	1.0	0.25	0.0	4.82189579147	0.0987173893111	0.118166741362	5.15914215485	0.0550317639934	0.64498667694	722
57	1.0	0.5	0.0	4.42189663666	-0.0747209493643	0.215569162483	4.77026854551	-0.169166542292	0.887577415932	723
57	1.0	0.75	0.0	3.92365184578	-0.210850960608	0.231762630113	4.28102103947	-0.356400619636	1.03208398118	724
57	1.0	1.0	0.0	3.452148023	-0.321159189	0.26052791	3.80857645741	-0.493004711738	1.1365346383	725
58	0.0	0.0	0.0	4.998662706	0.3209506	-0.154225399	5.33046504678	0.302528542923	0.246283498598	726
58	0.0	0.25	0.0	4.82189579147	0.0987173893111	0.118166741362	5.15914215485	0.0550317639934	0.64498667694	727
58	0.0	0.5	0.0	4.42189663666	-0.0747209493643	0.215569162483	4.77026854551	-0.169166542292	0.887577415932	728
58	0.0	0.75	0.0	3.92365184578	-0.210850960608	0.231762630113	4.28102103947	-0.356400619636	1.03208398118	729
58	0.0	1.0	0.0	3.452148023	-0.321159189	0.26052791	3.80857645741	-0.493004711738	1.1365346383	730
58	0.25	0.0	0.0	4.99722764303	0.332521727984	-0.148678686096	5.32829312481	0.316720700364	0.252359412639	731
58	0.25	0.25	0.0	4.81700481509	0.192579740508	0.148744955614	5.14989839327	0.15664215258	0.689948543664	732
58	0.25	0.5	0.0	4.4092488646	0.0764576685604	0.246679543552	4.74662224148	-0.00340064408584	0.950107068778	733
58	0.25	0.75	0.0	3.90360678069	-0.0155954203473	0.255593306672	4.24660492281	-0.144661516269	1.10284013851	734
58	0.25	1.0	0.0	3.42972555249	-0.0833304587052	0.285954473929	3.77798669065	-0.248394290605	1.21815290338	735
58	0.5	0.0	0.0	4.9940705045	0.344897839355	-0.146024498214	5.32351489649	0.334863076539	0.256177843022	736
58	0.5	0.25	0.0	4.81720113276	0.296581909416	0.156680168157	5.14349278669	0.274807380911	0.704169518335	737
58	0.5	0.5	0.0	4.41461410805	0.251703878349	0.250367091393	4.73784582778	0.202091285934	0.967930404498	738
58	0.5	0.75	0.0	3.91025598511	0.219140905296	0.251994452124	4.2401179944	0.133497644891	1.12193553833	739
58	0.5	1.0	0.0	3.42807331865	0.207770149396	0.278520430982	3.78385326122	0.0858093110663	1.24065995663	740
58	0.75	0.0	0.0	4.99091336597	0.357552081049	-0.146312635975	5.31873666817	0.353283583037	0.257053947763	741
58	0.75	0.25	0.0	4.82044754659	0.401231020283	0.144642176612	5.14098293933	0.395679100188	0.691462811412	742
58	0.75	0.5	0.0	4.42963071042	0.427402911211	0.228386953414	4.74057568134	0.414466674888	0.947478587468	743
58	0.75	0.75	0.0	3.93288543916	0.453960472872	0.222525883464	4.25034743576	0.424524736187	1.09822777236	744
58	0.75	1.0	0.0	3.44463431449	0.4987964243	0.244663155794	3.80313074414	0.440731713131	1.2168368625	745
58	1.0	0.0	0.0	4.989478303	0.3699576	-0.1495929	5.3165647462	0.368310131445	0.254302884875	746
58	1.0	0.25	0.0	4.82470685871	0.497034197353	0.115300778602	5.14342645538	0.505408961611	0.655641633355	747
58	1.0	0.5	0.0	4.4459370151	0.579939998356	0.182494277025	4.75144817907	0.600882949898	0.895182782064	748
58	1.0	0.75	0.0	3.96078112294	0.649465738931	0.168747417685	4.26608042839	0.674867629958	1.04057443232	749
58	1.0	1.0	0.0	3.476851533	0.736402155	0.190820023	3.81277371442	0.747498535443	1.15946468545	750
61	0.0	0.0	0.0	4.989478303	0.3699576	-0.1495929	5.3165647462	0.368310131445	0.254302884875	751
61	0.0	0.25	0.0	4.82470685871	0.497034197353	0.115300778602	5.14342645538	0.505408961611	0.655641633355	752
61	0.0	0.5	0.0	4.4459370151	0.579939998356	0.182494277025	4.75144817907	0.600882949898	0.895182782064	753
61	0.0	0.75	0.0	3.96078112294	0.649465738931	0.168747417685	4.26608042839	0.674867629958	1.04057443232	754
61	0.0	1.0	0.0	3.476851533	0.736402155	0.190820023	3.81277371442	0.747498535443	1.15946468545	755
61	0.25	0.0	0.0	4.99146080097	0.377886089317	-0.153379463926	5.31707039475	0.373731162224	0.245971667907	756
61	0.25	0.25	0.0	4.83041865987	0.56051263416	0.0897054681358	5.14784851467	0.577574028122	0.62105099793	757
61	0.25	0.5	0.0	4.45998998013	0.68128527543	0.144611976305	4.76303823308	0.723029179318	0.84528570599	758
61	0.25	0.75	0.0	3.98299680913	0.776130211449	0.12385177391	4.28069801999	0.833882274046	0.980655776233	759
61	0.25	1.0	0.0	3.50226119423	0.880973640545	0.139936574278	3.81888634539	0.933918970541	1.0891411928	760
61	0.5	0.0	0.0	4.9958222965	0.384681626126	-0.158077097415	5.31818282156	0.375010290249	0.231275797725	761
61	0.5	0.25	0.0	4.84089037489	0.625465253957	0.0613483204545	5.15406703078	0.651827601179	0.579864243921	762
61	0.5	0.5	0.0	4.48308649405	0.796444371085	0.104328786509	4.77965403755	0.85928877803	0.783463626256	763
61	0.5	0.75	0.0	4.01552950539	0.927826821815	0.073739697752	4.30447643601	1.01612597429	0.898207067597	764
61	0.5	1.0	0.0	3.53133826034	1.04982045045	0.0724564511866	3.83806682026	1.14107134343	0.980227690812	765
61	0.75	0.0	0.0	5.00018379203	0.390569375122	-0.163872057196	5.31929524837	0.375381630461	0.215482601251	766
61	0.75	0.25	0.0	4.85393723455	0.686048917508	0.026503862875	5.16158810761	0.719596315529	0.530481912033	767
61	0.75	0.5	0.0	4.51370404222	0.908064899604	0.0576498691559	4.80048275061	0.987231059769	0.708953109679	768
61	0.75	0.75	0.0	4.05873055398	1.07737383809	0.0185600381852	4.33548989407	1.18939748545	0.799877948544	769
61	0.75	1.0	0.0	3.56826310878	1.21473224963	-0.00177155349834	3.86612025468	1.33720721486	0.852238182986	770
61	1.0	0.0	0.0	5.00216629	0.395774501	-0.1709506	5.31980089692	0.378079297801	0.203859405405	771
61	1.0	0.25	0.0	4.86737446966	0.736420485579	-0.0185533772857	5.16991784911	0.772306805921	0.471304542974	772
61	1.0	0.5	0.0	4.55032011002	0.998794475266	0.000580385764413	4.82471153038	1.08442533827	0.620990723078	773
61	1.0	0.75	0.0	4.11295129712	1.19758952832	-0.0415383558177	4.37181261177	1.32149556233	0.692318061206	774
61	1.0	1.0	0.0	3.617216117	1.347498703	-0.072898647	3.89885176433	1.49057814559	0.724686672843	775
62	0.0	0.0	0.0	5.00216629	0.395774501	-0.1709506	5.31980089692	0.378079297801	0.203859405405	776
62	0.0	0.25	0.0	4.86737446966	0.736420485579	-0.0185533772857	5.16991784911	0.772306805921	0.471304542974	777
62	0.0	0.5	0.0	4.55032011002	0.998794475266	0.000580385764413	4.82471153038	1.08442533827	0.620990723078	778
62	0.0	0.75	0.0	4.11295129712	1.19758952832	-0.0415383558177	4.37181261177	1.32149556233	0.692318061206	779
62	0.0	1.0	0.0	3.617216117	1.347498703	-0.072898647	3.89885176433	1.49057814559	0.724686672843	780
62	0.25	0.0	0.0	5.00706432984	0.400614956807	-0.178848113955	5.32063936186	0.385586410356	0.195168284691	781
62	0.25	0.25	0.0	4.8822167227	0.780375892014	-0.0673511190189	5.17878414785	0.820189622675	0.411309560322	782
62	0.25	0.5	0.0	4.58544975937	1.06966109994	-0.0561269612654	4.85013964701	1.1595418691	0.533816567534	783
62	0.25	0.75	0.0	4.16357294722	1.28508843221	-0.0954216363045	4.41023329132	1.41439286062	0.589746873656	784
62	0.25	1.0	0.0	3.66339579359	1.44327574044	-0.135481139746	3.93459251273	1.59549230822	0.606158046018	785
62	0.5	0.0	0.0	5.0178400175	0.403124796404	-0.184565819258	5.32248398472	0.393962894799	0.187704644517	786
62	0.5	0.25	0.0	4.90272326144	0.817215618699	-0.10372155067	5.19046796903	0.866921836154	0.362475200023	787
62	0.5	0.5	0.0	4.62594616129	1.13986328537	-0.104504297739	4.88268692921	1.23931426199	0.446920553588	788
62	0.5	0.75	0.0	4.2187086189	1.38166608442	-0.15338325365	4.459881526	1.51881437458	0.467099053693	789
62	0.5	1.0	0.0	3.71221053615	1.55322230384	-0.216827611592	3.98279242015	1.71309637619	0.449069048821	790
62	0.75	0.0	0.0	5.02861570516	0.40406941255	-0.190738263681	5.32432860758	0.400774155791	0.179786265222	791
62	0.75	0.25	0.0	4.92139431487	0.84380488397	-0.145299595594	5.20154336899	0.903155210136	0.302140855462	792
62	0.75	0.5	0.0	4.66093621836	1.19733821578	-0.160791533343	4.91347621825	1.30551474127	0.347389112756	793
62	0.75	0.75	0.0	4.26558510669	1.46533876985	-0.219549545564	4.50709458242	1.60933679273	0.334894334281	794
62	0.75	1.0	0.0	3.75368467089	1.64847590807	-0.303909100892	4.0293658886	1.81610540809	0.284019817214	795
62	1.0	0.0	0.0	5.033513745	0.404214198	-0.199999995	5.32516707252	0.403585597989	0.169730927144	796
62	1.0	0.25	0.0	4.93073011195	0.857008906162	-0.209720177143	5.20858440409	0.919541508397	0.20764592002	797
62	1.0	0.5	0.0	4.67954683319	1.23002307537	-0.241228577766	4.93363035542	1.33991553126	0.222308676555	798
62	1.0	0.75	0.0	4.29142920509	1.51412277339	-0.298046849755	4.53820972718	1.66053680363	0.203652448387	799
62	1.0	1.0	0.0	3.777842524	1.700174068	-0.383696646	4.06022732005	1.87723446252	0.141610487158	800
