Elem	xi[0]	xi[1]	xi[2]	Y[0]	Y[1]	Y[2]	y[0]	y[1]	y[2]	Index
1	0.0	0.0	0.0	-0.021230027	2.783384937	-0.497200458	0.0580733300291	2.07621228124	0.0047419983573	1
1	0.0	0.25	0.0	-0.532116240092	2.92145247273	-0.43384988749	-0.514103256681	2.13008535858	0.00454042331629	2
1	0.0	0.5	0.0	-1.08876342883	3.07670653575	-0.392306601493	-1.08745756218	2.19700630228	0.00791376222149	3
1	0.0	0.75	0.0	-1.66327642915	3.23002637939	-0.362264303499	-1.65950477333	2.24853136814	0.0113396780505	4
1	0.0	1.0	0.0	-2.227760077	3.362291257	-0.333416697	-2.227760077	2.25621681194	0.011295833781	5
1	0.25	0.0	0.0	0.00557428406247	2.86693564789	-0.744356533375	0.0624236564626	2.13884101091	-0.351232228138	6
1	0.25	0.25	0.0	-0.520720596361	2.95966105904	-0.665803292353	-0.514024681678	2.16095788175	-0.331642947665	7
1	0.25	0.5	0.0	-1.08943837777	3.04380630651	-0.593812738073	-1.09250423332	2.1835213289	-0.29193515497	8
1	0.25	0.75	0.0	-1.66959489231	3.1321419821	-0.517849771458	-1.66667724722	2.19415458019	-0.246116964473	9
1	0.25	1.0	0.0	-2.23020597213	3.23743867761	-0.427379293434	-2.23020597213	2.18048086349	-0.208196490596	10
1	0.5	0.0	0.0	0.0134645942407	2.89184008148	-1.06014635178	0.0617341581544	2.15700645808	-0.807873351792	11
1	0.5	0.25	0.0	-0.530213997136	2.94535453844	-0.954576790159	-0.520913621554	2.15612307784	-0.756670443628	12
1	0.5	0.5	0.0	-1.10603324442	2.98249890384	-0.845188134794	-1.10265714441	2.14386082369	-0.66815613111	13
1	0.5	0.75	0.0	-1.68836722345	3.01710695476	-0.715631151541	-1.68053605803	2.11820909093	-0.566657275628	14
1	0.5	1.0	0.0	-2.25159001008	3.06301246829	-0.549556606257	-2.25159001008	2.07715727481	-0.476500738573	15
1	0.75	0.0	0.0	0.00310357329864	2.86383055059	-1.3721666843	0.0613328630261	2.1298888205	-1.26385883641	16
1	0.75	0.25	0.0	-0.551228619467	2.88641723128	-1.23210396208	-0.53028492727	2.11149458112	-1.17452222326	17
1	0.75	0.5	0.0	-1.12984616196	2.89806460133	-1.08600478819	-1.1185755682	2.07935180813	-1.03793343602	18
1	0.75	0.75	0.0	-1.71382387665	2.89710186901	-0.908848571327	-1.70330435578	2.03097347515	-0.884304984174	19
1	0.75	1.0	0.0	-2.28423658599	2.88185824257	-0.675614720201	-2.28423658599	1.96387255576	-0.743849377235	20
1	1.0	0.0	0.0	-0.024846109	2.788639368	-1.608014302	0.0665477989994	2.05666829592	-1.61786614581	21
1	1.0	0.25	0.0	-0.574396640406	2.79073345788	-1.43031838929	-0.537653449785	2.02298602588	-1.48917844525	22
1	1.0	0.5	0.0	-1.15217526358	2.79578367259	-1.25583469479	-1.1409187775	1.99132130369	-1.3184513395	23
1	1.0	0.75	0.0	-1.74019530596	2.7843072965	-1.0507421584	-1.73720529047	1.94272630767	-1.13308381887	24
1	1.0	1.0	0.0	-2.320470095	2.736821614	-0.78121972	-2.320470095	1.85825321618	-0.960474873668	25
2	0.0	0.0	0.0	-0.024846109	2.788639368	-1.608014302	0.0665477989994	2.05666829592	-1.61786614581	26
2	0.0	0.25	0.0	-0.574396640406	2.79073345788	-1.43031838929	-0.537653449785	2.02298602588	-1.48917844525	27
2	0.0	0.5	0.0	-1.15217526358	2.79578367259	-1.25583469479	-1.1409187775	1.99132130369	-1.3184513395	28
2	0.0	0.75	0.0	-1.74019530596	2.7843072965	-1.0507421584	-1.73720529047	1.94272630767	-1.13308381887	29
2	0.0	1.0	0.0	-2.320470095	2.736821614	-0.78121972	-2.320470095	1.85825321618	-0.960474873668	30
2	0.25	0.0	0.0	-0.0559838126898	2.61518854164	-1.79760507561	0.0705593031406	1.91140689077	-1.95580552689	31
2	0.25	0.25	0.0	-0.603299079169	2.62551315122	-1.61006677801	-0.552687929896	1.88417320214	-1.80681675844	32
2	0.25	0.5	0.0	-1.18117506629	2.64209953432	-1.40690817915	-1.17697524491	1.86893756144	-1.60305526944	33
2	0.25	0.75	0.0	-1.77730278552	2.64103938488	-1.16979049972	-1.78997842375	1.83543195379	-1.37917171878	34
2	0.25	1.0	0.0	-2.37937324828	2.59842439678	-0.88037496041	-2.37937324828	1.75338836429	-1.16981676531	35
2	0.5	0.0	0.0	-0.0756077231453	2.3470580536	-1.98614317747	0.0661521440993	1.7012036541	-2.34452073768	36
2	0.5	0.25	0.0	-0.639305964224	2.39605339044	-1.82383234934	-0.580300804676	1.70965878806	-2.2003962871	37
2	0.5	0.5	0.0	-1.22317404596	2.43751524484	-1.58971670667	-1.22461502668	1.71709679391	-1.95929803772	38
2	0.5	0.75	0.0	-1.83085859522	2.45565994121	-1.30535482907	-1.85658525905	1.70178456473	-1.67809441793	39
2	0.5	1.0	0.0	-2.4660062389	2.43470380396	-0.992305296121	-2.4660062389	1.64198899357	-1.4136538561	40
2	0.75	0.0	0.0	-0.0900011622781	2.05234592175	-2.15932592634	0.0600457956262	1.45523912308	-2.70862485336	41
2	0.75	0.25	0.0	-0.673675342777	2.14619140764	-2.0168925089	-0.608974070403	1.50513839744	-2.56779700568	42
2	0.75	0.5	0.0	-1.26933042419	2.22086638658	-1.75929039596	-1.27293991789	1.54374946356	-2.29824265051	43
2	0.75	0.75	0.0	-1.89166149878	2.26644707602	-1.43928016175	-1.92426527223	1.55707018566	-1.9712153884	44
2	0.75	1.0	0.0	-2.55536365882	2.27300969341	-1.10962238052	-2.55536365882	1.53109842799	-1.65796881993	45
2	1.0	0.0	0.0	-0.105447452	1.799150164	-2.302850641	0.0589597314718	1.20269383491	-2.97273094916	46
2	1.0	0.25	0.0	-0.697665262035	1.91976443489	-2.13452466235	-0.627189723355	1.2763076441	-2.80689888863	47
2	1.0	0.5	0.0	-1.31080242262	2.03098854198	-1.87065936562	-1.31105171358	1.35684603284	-2.53095211395	48
2	1.0	0.75	0.0	-1.9505102599	2.11167889983	-1.55341151308	-1.98025793914	1.41657486177	-2.19989810226	49
2	1.0	1.0	0.0	-2.6224401	2.140691923	-1.224937867	-2.6224401	1.42775999154	-1.86874433068	50
5	0.0	0.0	0.0	-0.105447452	1.799150164	-2.302850641	0.0589597314718	1.20269383491	-2.97273094916	51
5	0.0	0.25	0.0	-0.697665262035	1.91976443489	-2.13452466235	-0.627189723355	1.2763076441	-2.80689888863	52
5	0.0	0.5	0.0	-1.31080242262	2.03098854198	-1.87065936562	-1.31105171358	1.35684603284	-2.53095211395	53
5	0.0	0.75	0.0	-1.9505102599	2.11167889983	-1.55341151308	-1.98025793914	1.41657486177	-2.19989810226	54
5	0.0	1.0	0.0	-2.6224401	2.140691923	-1.224937867	-2.6224401	1.42775999154	-1.86874433068	55
5	0.25	0.0	0.0	-0.150919766794	1.25833133648	-2.4772867511	0.064143815744	0.534042657075	-3.2514908141	56
5	0.25	0.25	0.0	-0.747340017794	1.38615655629	-2.26185157234	-0.64868444533	0.610345483409	-3.06657878601	57
5	0.25	0.5	0.0	-1.3879135454	1.54405144461	-2.0103048883	-1.37341166149	0.755568029386	-2.82913600392	58
5	0.25	0.75	0.0	-2.05566780841	1.6761252432	-1.72384917032	-2.07880465936	0.89968700173	-2.54861567833	59
5	0.25	1.0	0.0	-2.7336302656	1.72648719381	-1.40368688975	-2.7336302656	0.972679107161	-2.23447101973	60
5	0.5	0.0	0.0	-0.204619445347	0.583508766326	-2.51006137558	0.0655661380163	-0.336171773229	-3.32830302968	61
5	0.5	0.25	0.0	-0.808598797456	0.714673392294	-2.34017170113	-0.666669675719	-0.25693427999	-3.20373267938	62
5	0.5	0.5	0.0	-1.44198506884	0.903198990184	-2.08220364653	-1.41603906009	-0.0717460034153	-2.98874372552	63
5	0.5	0.75	0.0	-2.11156483355	1.07349838229	-1.7666381128	-2.14702854633	0.127782818072	-2.71614531589	64
5	0.5	1.0	0.0	-2.82412466565	1.14998439089	-1.42395600091	-2.82412466565	0.250041946051	-2.41874659828	65
5	0.75	0.0	0.0	-0.253074008226	-0.0878410897443	-2.42403657978	0.0644614622421	-1.21096849894	-3.22085174146	66
5	0.75	0.25	0.0	-0.867767619388	0.0477270640531	-2.32283282424	-0.682387986964	-1.12253229683	-3.17014320715	67
5	0.75	0.5	0.0	-1.4903481861	0.251380087248	-2.07620678968	-1.44850855542	-0.921014093199	-2.98869773	68
5	0.75	0.75	0.0	-2.15558923198	0.449698727952	-1.74217280726	-2.19882555077	-0.694169980772	-2.7351334105	69
5	0.75	1.0	0.0	-2.89826428063	0.569263734277	-1.37874520811	-2.89826428063	-0.529756052277	-2.46806834916	70
5	1.0	0.0	0.0	-0.282810976	-0.618241775	-2.242074429	0.0620645523748	-1.89336656298	-2.94682109501	71
5	1.0	0.25	0.0	-0.911172501956	-0.472270307263	-2.16318271721	-0.697081951505	-1.78344921784	-2.91759300772	72
5	1.0	0.5	0.0	-1.55033409034	-0.268456355641	-1.9821654671	-1.48039479351	-1.5881542676	-2.80792046863	73
5	1.0	0.75	0.0	-2.2251289003	-0.0493733089481	-1.71084772044	-2.24809162341	-1.36120368638	-2.63822635778	74
5	1.0	1.0	0.0	-2.960390091	0.142405444	-1.361054519	-2.960390091	-1.15631944831	-2.4289335552	75
6	0.0	0.0	0.0	-0.282810976	-0.618241775	-2.242074429	0.0620645523748	-1.89336656298	-2.94682109501	76
6	0.0	0.25	0.0	-0.911172501956	-0.472270307263	-2.16318271721	-0.697081951505	-1.78344921784	-2.91759300772	77
6	0.0	0.5	0.0	-1.55033409034	-0.268456355641	-1.9821654671	-1.48039479351	-1.5881542676	-2.80792046863	78
6	0.0	0.75	0.0	-2.2251289003	-0.0493733089481	-1.71084772044	-2.24809162341	-1.36120368638	-2.63822635778	79
6	0.0	1.0	0.0	-2.960390091	0.142405444	-1.361054519	-2.960390091	-1.15631944831	-2.4289335552	80
6	0.25	0.0	0.0	-0.298175037286	-1.12102881904	-1.88825764984	0.0593894798292	-2.47317288189	-2.39226386144	81
6	0.25	0.25	0.0	-0.930828487048	-0.982239049616	-1.80587456924	-0.704990460694	-2.35846783806	-2.35430925489	82
6	0.25	0.5	0.0	-1.5939182361	-0.779235530819	-1.70569941952	-1.50075870535	-2.17025829729	-2.31529709584	83
6	0.25	0.75	0.0	-2.28545568146	-0.536137776893	-1.53997200677	-2.28216328241	-1.94275748769	-2.24448844666	84
6	0.25	1.0	0.0	-3.00345222014	-0.277065302082	-1.26093213712	-3.00345222014	-1.71017863737	-2.11114436972	85
6	0.5	0.0	0.0	-0.310315502222	-1.65493803485	-1.37362783641	0.0577485261011	-3.02286869093	-1.60209388224	86
6	0.5	0.25	0.0	-0.936429664606	-1.55468017739	-1.31835129343	-0.704177332451	-2.94593632488	-1.58170688165	87
6	0.5	0.5	0.0	-1.60059896185	-1.35393033638	-1.25495876659	-1.50175859974	-2.76539640186	-1.5606755532	88
6	0.5	0.75	0.0	-2.29757487114	-1.09086704654	-1.14842537681	-2.28955065305	-2.53143272612	-1.52158845529	89
6	0.5	1.0	0.0	-3.02210886966	-0.803668842613	-0.963726245048	-3.02210886966	-2.29422910191	-1.44703414632	90
6	0.75	0.0	0.0	-0.320201361547	-2.11096582123	-0.792231856027	0.0581223989074	-3.45822637225	-0.738619578918	91
6	0.75	0.25	0.0	-0.944355877832	-2.04269853603	-0.770331890189	-0.703583895717	-3.42538389375	-0.743222345996	92
6	0.75	0.5	0.0	-1.60455670516	-1.84021433359	-0.72971690252	-1.50081212209	-3.25150359612	-0.728444689534	93
6	0.75	0.75	0.0	-2.29938854389	-1.55859935162	-0.661638697459	-2.28996271128	-3.00802929602	-0.699593958861	94
6	0.75	1.0	0.0	-3.02743609435	-1.25293972784	-0.557349079447	-3.02743609435	-2.76640481009	-0.661977503307	95
6	1.0	0.0	0.0	-0.328801606	-2.380108577	-0.238116576	0.0614918059647	-3.695018308	0.0358506270177	96
6	1.0	0.25	0.0	-0.970986969929	-2.299398971	-0.231535359917	-0.712151479438	-3.67633976011	0.0177078941076	97
6	1.0	0.5	0.0	-1.63997190359	-2.08576108373	-0.229747221508	-1.5153369178	-3.50651489486	-0.00299335363865	98
6	1.0	0.75	0.0	-2.32879877421	-1.78437292585	-0.205042835595	-2.30310843303	-3.25334709169	-0.00857253255704	99
6	1.0	1.0	0.0	-3.030509949	-1.440412508	-0.129712877	-3.030509949	-2.98463973006	0.0186509410166	100
9	0.0	0.0	0.0	-0.328801606	-2.380108577	-0.238116576	0.0614918059647	-3.695018308	0.0358506270177	101
9	0.0	0.25	0.0	-0.970986969929	-2.299398971	-0.231535359917	-0.712151479438	-3.67633976011	0.0177078941076	102
9	0.0	0.5	0.0	-1.63997190359	-2.08576108373	-0.229747221508	-1.5153369178	-3.50651489486	-0.00299335363865	103
9	0.0	0.75	0.0	-2.32879877421	-1.78437292585	-0.205042835595	-2.30310843303	-3.25334709169	-0.00857253255704	104
9	0.0	1.0	0.0	-3.030509949	-1.440412508	-0.129712877	-3.030509949	-2.98463973006	0.0186509410166	105
9	0.25	0.0	0.0	-0.334130158537	-2.29878287828	0.280549823989	0.0668152804163	-3.58402601254	0.749645511435	106
9	0.25	0.25	0.0	-0.995064226723	-2.16913162276	0.290160646136	-0.720302325872	-3.53550191894	0.746566953697	107
9	0.25	0.5	0.0	-1.67726938276	-1.93535162389	0.300616766493	-1.53449150432	-3.36096331824	0.743309982574	108
9	0.25	0.75	0.0	-2.3645061702	-1.610626823	0.327282110136	-2.32486489364	-3.09823410381	0.759586545343	109
9	0.25	1.0	0.0	-3.04053513258	-1.20814116142	0.385520602143	-3.04053513258	-2.78513816903	0.815108589281	110
9	0.5	0.0	0.0	-0.337235786534	-1.90455322944	0.822440305691	0.0705320719088	-3.15394787518	1.53475608661	111
9	0.5	0.25	0.0	-0.991854338678	-1.72488302167	0.833728747849	-0.716703041853	-3.05318148546	1.55255267973	112
9	0.5	0.5	0.0	-1.66671548444	-1.46018908789	0.882636953481	-1.53381153251	-2.85136003485	1.60379494768	113
9	0.5	0.75	0.0	-2.35491748886	-1.1098553974	0.915894451153	-2.32877089318	-2.57018720199	1.66949186252	114
9	0.5	1.0	0.0	-3.04955861699	-0.673265919489	0.880230769429	-3.04955861699	-2.23136666551	1.73065239631	115
9	0.75	0.0	0.0	-0.341974880014	-1.36211699713	1.2914046428	0.0687996397731	-2.56542890964	2.24847752915	116
9	0.75	0.25	0.0	-0.974912398399	-1.15511933398	1.33355445326	-0.709115707413	-2.42430583651	2.30485378671	117
9	0.75	0.5	0.0	-1.62859327778	-0.861453928187	1.39492105912	-1.51749075497	-2.18567924317	2.39240382702	118
9	0.75	0.75	0.0	-2.31490193032	-0.492967778102	1.38370015349	-2.31135120714	-1.88156454396	2.46822485037	119
9	0.75	1.0	0.0	-3.04572276815	-0.0615078820653	1.2080874295	-3.04572276815	-1.54397715321	2.489414057	120
9	1.0	0.0	0.0	-0.352203829	-0.836171548	1.591292609	0.05777544334	-1.97911412961	2.74810501567	121
9	1.0	0.25	0.0	-0.957793498487	-0.648306725933	1.72402327041	-0.705302402581	-1.84380234893	2.87265898914	122
9	1.0	0.5	0.0	-1.58318583195	-0.340326597224	1.71607680307	-1.4897229243	-1.57189514168	2.92307890595	123
9	1.0	0.75	0.0	-2.25932869469	0.0291269058478	1.5536051832	-2.26913061104	-1.24472428744	2.90286694027	124
9	1.0	1.0	0.0	-3.017169952	0.401411851	1.222760387	-3.017169952	-0.943621565842	2.81552526627	125
10	0.0	0.0	0.0	-0.352203829	-0.836171548	1.591292609	0.05777544334	-1.97911412961	2.74810501567	126
10	0.0	0.25	0.0	-0.957793498487	-0.648306725933	1.72402327041	-0.705302402581	-1.84380234893	2.87265898914	127
10	0.0	0.5	0.0	-1.58318583195	-0.340326597224	1.71607680307	-1.4897229243	-1.57189514168	2.92307890595	128
10	0.0	0.75	0.0	-2.25932869469	0.0291269058478	1.5536051832	-2.26913061104	-1.24472428744	2.90286694027	129
10	0.0	1.0	0.0	-3.017169952	0.401411851	1.222760387	-3.017169952	-0.943621565842	2.81552526627	130
10	0.25	0.0	0.0	-0.356207925519	-0.286456253037	1.67829681259	0.0482126835976	-1.31553689032	2.98027388011	131
10	0.25	0.25	0.0	-0.944254395234	-0.135526249479	1.85277206263	-0.701797053009	-1.20551805873	3.13197951461	132
10	0.25	0.5	0.0	-1.55744075785	0.161239307596	1.77695892897	-1.46913090492	-0.926500267458	3.12664363842	133
10	0.25	0.75	0.0	-2.22516518329	0.512406085021	1.5177926688	-2.23405259384	-0.596647631033	3.01191847764	134
10	0.25	1.0	0.0	-2.97682584146	0.826539749627	1.14220853933	-2.97682584146	-0.334124263987	2.83545625836	135
10	0.5	0.0	0.0	-0.338774973175	0.371730247602	1.62614889889	0.0486042648822	-0.494807132133	3.01580462846	136
10	0.5	0.25	0.0	-0.921518913791	0.522007623436	1.72253120842	-0.687993997118	-0.371591899451	3.11896818629	137
10	0.5	0.5	0.0	-1.54216387634	0.809154433998	1.64863918252	-1.45175843949	-0.089407808779	3.10816241168	138
10	0.5	0.75	0.0	-2.20844182751	1.14304869502	1.44454014345	-2.20951377939	0.23257304479	3.00056231817	139
10	0.5	1.0	0.0	-2.92808473399	1.43356842223	1.15030141346	-2.92808473399	0.475178566161	2.81334291925	140
10	0.75	0.0	0.0	-0.299204696993	1.06273228069	1.52387139024	0.0508974714945	0.348776017525	2.91495464706	141
10	0.75	0.25	0.0	-0.882962269968	1.23007478647	1.52261434664	-0.666431411345	0.495872133822	2.95497520815	142
10	0.75	0.5	0.0	-1.516802778	1.49253139462	1.45419190203	-1.42238848138	0.7528810579	2.93494350493	143
10	0.75	0.75	0.0	-2.18210026454	1.78739507068	1.31843877593	-2.16948413611	1.03041259858	2.84459883109	144
10	0.75	1.0	0.0	-2.86022877303	2.05195878021	1.11518968786	-2.86022877303	1.23907656467	2.67368048033	145
10	1.0	0.0	0.0	-0.236796822	1.710894173	1.460486809	0.0470395877353	1.08091343123	2.73798132223	146
10	1.0	0.25	0.0	-0.821959679578	1.89445513328	1.4423351162	-0.639647472128	1.23477004601	2.7613507842	147
10	1.0	0.5	0.0	-1.4608050534	2.10048280209	1.31669142584	-1.36580398396	1.41386515612	2.67429519736	148
10	1.0	0.75	0.0	-2.11908213153	2.31178554685	1.12407973506	-2.08793363238	1.58434588888	2.51982838564	149
10	1.0	1.0	0.0	-2.762540102	2.511171735	0.905024041	-2.762540102	1.7123593716	2.34096417297	150
13	0.0	0.0	0.0	-0.236796822	1.710894173	1.460486809	0.0470395877353	1.08091343123	2.73798132223	151
13	0.0	0.25	0.0	-0.821959679578	1.89445513328	1.4423351162	-0.639647472128	1.23477004601	2.7613507842	152
13	0.0	0.5	0.0	-1.4608050534	2.10048280209	1.31669142584	-1.36580398396	1.41386515612	2.67429519736	153
13	0.0	0.75	0.0	-2.11908213153	2.31178554685	1.12407973506	-2.08793363238	1.58434588888	2.51982838564	154
13	0.0	1.0	0.0	-2.762540102	2.511171735	0.905024041	-2.762540102	1.7123593716	2.34096417297	155
13	0.25	0.0	0.0	-0.200775577635	1.99706377884	1.34654000488	0.0451341872351	1.36465075696	2.50820153673	156
13	0.25	0.25	0.0	-0.783614999908	2.18262153717	1.34978509091	-0.622072681611	1.50711789024	2.53697157091	157
13	0.25	0.5	0.0	-1.41482659867	2.37635853326	1.21079756128	-1.32075404344	1.65451621562	2.43211632589	158
13	0.25	0.75	0.0	-2.06112049269	2.56320425131	0.997103999819	-2.02007653693	1.78378744765	2.2607566709	159
13	0.25	1.0	0.0	-2.68920680072	2.72808817552	0.776230990385	-2.68920680072	1.87187330087	2.09001347517	160
13	0.5	0.0	0.0	-0.171174965137	2.21808953746	1.07827801592	0.0478157907332	1.56241884696	2.10447240045	161
13	0.5	0.25	0.0	-0.747482143602	2.40783420703	1.09277219685	-0.60090038918	1.6924888781	2.12736974333	162
13	0.5	0.5	0.0	-1.36301670581	2.63111620944	1.00127747753	-1.26901266212	1.84767900264	2.05818876438	163
13	0.5	0.75	0.0	-1.98963157665	2.84449523825	0.853272244519	-1.94045957657	1.98642131326	1.9391766709	164
13	0.5	1.0	0.0	-2.59917968102	3.00453098704	0.698234884404	-2.59917968102	2.06714790259	1.81258067018	165
13	0.75	0.0	0.0	-0.14782929307	2.37502016234	0.743368620007	0.0523754028841	1.69926640706	1.64496411018	166
13	0.75	0.25	0.0	-0.71423324604	2.57950001793	0.773131437689	-0.57943296383	1.82747919693	1.66584661731	167
13	0.75	0.5	0.0	-1.31287619935	2.84106826099	0.75207645464	-1.2203082209	1.99818919122	1.64950760096	168
13	0.75	0.75	0.0	-1.91959280826	3.09369692495	0.69395528664	-1.86548994882	2.15683570649	1.60183146722	169
13	0.75	1.0	0.0	-2.51021772806	3.27135804329	0.612519549471	-2.51021772806	2.24885805932	1.52870262221	170
13	1.0	0.0	0.0	-0.13057287	2.468904367	0.429479595	0.0561040283423	1.80024214309	1.24784686272	171
13	1.0	0.25	0.0	-0.684540442603	2.70702584499	0.492697817073	-0.560972774552	1.94868503412	1.28570350868	172
13	1.0	0.5	0.0	-1.27190590382	2.98252711828	0.527139772656	-1.18436910071	2.1108824554	1.30306792373	173
13	1.0	0.75	0.0	-1.86598161238	3.24884772867	0.520523943661	-1.81157485118	2.25961884816	1.29546414147	174
13	1.0	1.0	0.0	-2.440079927	3.459427218	0.460568812	-2.440079927	2.3676786536	1.25841619551	175
14	0.0	0.0	0.0	-0.13057287	2.468904367	0.429479595	0.0561040283423	1.80024214309	1.24784686272	176
14	0.0	0.25	0.0	-0.684540442603	2.70702584499	0.492697817073	-0.560972774552	1.94868503412	1.28570350868	177
14	0.0	0.5	0.0	-1.27190590382	2.98252711828	0.527139772656	-1.18436910071	2.1108824554	1.30306792373	178
14	0.0	0.75	0.0	-1.86598161238	3.24884772867	0.520523943661	-1.81157485118	2.25961884816	1.29546414147	179
14	0.0	1.0	0.0	-2.440079927	3.459427218	0.460568812	-2.440079927	2.3676786536	1.25841619551	180
14	0.25	0.0	0.0	-0.113585146994	2.52498806717	0.203663293285	0.0559935714213	1.86686324326	0.96473229878	181
14	0.25	0.25	0.0	-0.653259037881	2.77507873783	0.285156112157	-0.547722086627	2.02127321993	1.00764629089	182
14	0.25	0.5	0.0	-1.23042118356	3.04429335451	0.33141627935	-1.15719882474	2.16469280272	1.02386532511	183
14	0.25	0.75	0.0	-1.81701310632	3.30187175802	0.328429063846	-1.77032183974	2.29072240965	1.01651932315	184
14	0.25	1.0	0.0	-2.38497632842	3.51705378918	0.262179734625	-2.38497632842	2.39296245875	0.988738206766	185
14	0.5	0.0	0.0	-0.0864806174028	2.59930509118	-0.0516059710839	0.0542301827097	1.93478818621	0.625483650071	186
14	0.5	0.25	0.0	-0.608698101281	2.82757983603	0.0273914180084	-0.533447151574	2.06585949531	0.653271874574	187
14	0.5	0.5	0.0	-1.17142785027	3.08205398767	0.0712892945003	-1.12377081214	2.19224399615	0.662865031086	188
14	0.5	0.75	0.0	-1.74956134916	3.32219387016	0.0726855787184	-1.71814904164	2.29889027186	0.656074894371	189
14	0.5	1.0	0.0	-2.3179900827	3.50746580758	0.0241781909895	-2.3179900827	2.37074690558	0.634713239192	190
14	0.75	0.0	0.0	-0.0540865033606	2.6870418956	-0.298002465661	0.0538960422361	2.00443264213	0.286640391596	191
14	0.75	0.25	0.0	-0.563952284714	2.87341059565	-0.229357002748	-0.521217648542	2.09720862121	0.294822503968	192
14	0.75	0.5	0.0	-1.11688792501	3.0935960405	-0.190774044809	-1.09641405919	2.20064538092	0.298177643011	193
14	0.75	0.75	0.0	-1.6896434278	3.30113757424	-0.179835785728	-1.67467162885	2.28465055221	0.294293973283	194
14	0.75	1.0	0.0	-2.25896879664	3.44957454094	-0.194124419391	-2.25896879664	2.31913176601	0.280759659344	195
14	1.0	0.0	0.0	-0.021230027	2.783384937	-0.497200458	0.0580733300291	2.07621228124	0.0047419983573	196
14	1.0	0.25	0.0	-0.532116240092	2.92145247273	-0.43384988749	-0.514103256681	2.13008535858	0.00454042331629	197
14	1.0	0.5	0.0	-1.08876342883	3.07670653575	-0.392306601493	-1.08745756218	2.19700630228	0.00791376222149	198
14	1.0	0.75	0.0	-1.66327642915	3.23002637939	-0.362264303499	-1.65950477333	2.24853136814	0.0113396780505	199
14	1.0	1.0	0.0	-2.227760077	3.362291257	-0.333416697	-2.227760077	2.25621681194	0.011295833781	200
17	0.0	0.0	0.0	3.777842524	1.700174068	-0.383696646	4.26277902536	1.49693507434	0.0164463345966	201
17	0.0	0.25	0.0	3.22091848593	1.8754454299	-0.467336757785	3.74592882996	1.64060921215	0.0141149602853	202
17	0.0	0.5	0.0	2.73013837258	2.07715686369	-0.519933319221	3.20853299148	1.73461359695	0.0145094945268	203
17	0.0	0.75	0.0	2.27915859744	2.23955114189	-0.561659684296	2.66956577422	1.79270024215	0.0150588729263	204
17	0.0	1.0	0.0	1.841635574	2.296871037	-0.612689207	2.14800144244	1.82862116111	0.0131920310894	205
17	0.25	0.0	0.0	3.78666426855	1.70103614067	-0.511736855627	4.27688594234	1.49861707762	-0.19481811327	206
17	0.25	0.25	0.0	3.23234352813	1.88579920586	-0.617862763626	3.76127478096	1.65066913289	-0.230897765204	207
17	0.25	0.5	0.0	2.75145780619	2.11808408924	-0.710378084345	3.22597639841	1.75973943315	-0.266031156585	208
17	0.25	0.75	0.0	2.31462777306	2.32379340121	-0.78624430207	2.68972607433	1.84279545397	-0.297232690548	209
17	0.25	1.0	0.0	1.89247409906	2.42882975216	-0.842422901089	2.17125908835	1.91680467091	-0.321516770228	210
17	0.5	0.0	0.0	3.78429805573	1.66188922642	-0.683941744168	4.2943983823	1.45825564379	-0.467516508984	211
17	0.5	0.25	0.0	3.23873605218	1.86487545991	-0.823933441004	3.78099495113	1.62051522563	-0.549216420361	212
17	0.5	0.5	0.0	2.77628547395	2.12693231089	-0.958389624355	3.25053617505	1.74859902688	-0.624111472697	213
17	0.5	0.75	0.0	2.3557464834	2.36758807298	-1.06954671492	2.71818952122	1.85355171073	-0.688998793177	214
17	0.5	1.0	0.0	1.93591924288	2.50637103978	-1.13964113341	2.19912245682	1.94641794034	-0.740675508985	215
17	0.75	0.0	0.0	3.77381025455	1.59735632146	-0.855566258875	4.31169460943	1.39153931866	-0.735518721976	216
17	0.75	0.25	0.0	3.24196564112	1.81633765932	-1.02952759535	3.8012783224	1.56159769392	-0.864099590233	217
17	0.75	0.5	0.0	2.80039612429	2.10412034484	-1.20477827528	3.27829824074	1.70991154057	-0.980550000694	218
17	0.75	0.75	0.0	2.39425031095	2.37234970363	-1.35239294342	2.75192878822	1.83533814516	-1.08161243833	219
17	0.75	1.0	0.0	1.96867680801	2.53267106126	-1.44344624452	2.23134438859	1.93673479429	-1.16402938811	220
17	1.0	0.0	0.0	3.758267234	1.522060422	-0.981865347	4.32515288793	1.31415664802	-0.932694621675	221
17	1.0	0.25	0.0	3.24390187801	1.74384927138	-1.17862403208	3.81831387666	1.48536674134	-1.09880585986	222
17	1.0	0.5	0.0	2.81956450566	2.0500670073	-1.39035437315	3.30534851484	1.65239613664	-1.25616528746	223
17	1.0	0.75	0.0	2.42187483824	2.33949283957	-1.57560900815	2.78791654868	1.79852389003	-1.39644662938	224
17	1.0	1.0	0.0	1.987452597	2.510905978	-1.692940575	2.2676777244	1.90702905764	-1.51132361054	225
18	0.0	0.0	0.0	1.841635574	2.296871037	-0.612689207	2.14800144244	1.82862116111	0.0131920310894	226
18	0.0	0.25	0.0	1.39250539302	2.34415403719	-0.640275338137	1.64236115228	1.87695871819	0.0102797437881	227
18	0.0	0.5	0.0	0.905219139351	2.47973875988	-0.617498227168	1.1054169998	1.95027618748	0.00844734940995	228
18	0.0	0.75	0.0	0.420424702753	2.64551809613	-0.563444418865	0.567283040529	2.02466392362	0.00687478768847	229
18	0.0	1.0	0.0	-0.021230027	2.783384937	-0.497200458	0.0580733300291	2.07621228124	0.0047419983573	230
18	0.25	0.0	0.0	1.89247409906	2.42882975216	-0.842422901089	2.17125908835	1.91680467091	-0.321516770228	231
18	0.25	0.25	0.0	1.45003579345	2.49714182948	-0.864800231919	1.66469617271	1.98870462336	-0.337480433993	232
18	0.25	0.5	0.0	0.957589065939	2.6191021573	-0.850994017829	1.12145264377	2.05586801242	-0.347793067309	233
18	0.25	0.75	0.0	0.46085990124	2.75545275648	-0.80838565344	0.575903479152	2.10900881573	-0.352396416563	234
18	0.25	1.0	0.0	0.00557428406247	2.86693564789	-0.744356533375	0.0624236564626	2.13884101091	-0.351232228138	235
18	0.5	0.0	0.0	1.93591924288	2.50637103978	-1.13964113341	2.19912245682	1.94641794034	-0.740675508985	236
18	0.5	0.25	0.0	1.48703334468	2.58854219668	-1.16769885174	1.68715472236	2.02685352016	-0.77843654506	237
18	0.5	0.5	0.0	0.988735501316	2.6998730133	-1.16653245251	1.13602964207	2.09278622842	-0.80534449295	238
18	0.5	0.75	0.0	0.483415866577	2.8108201036	-1.13204669833	0.582103894481	2.13818192207	-0.816717409559	239
18	0.5	1.0	0.0	0.0134645942407	2.89184008148	-1.06014635178	0.0617341581544	2.15700645808	-0.807873351792	240
18	0.75	0.0	0.0	1.96867680801	2.53267106126	-1.44344624452	2.23134438859	1.93673479429	-1.16402938811	241
18	0.75	0.25	0.0	1.50470927632	2.62097845735	-1.48348449705	1.71198274341	2.01621866649	-1.22669388582	242
18	0.75	0.5	0.0	0.996685113904	2.72300139606	-1.49402077942	1.15237161007	2.08059002364	-1.27135151796	243
18	0.75	0.75	0.0	0.483263489862	2.8126490397	-1.46144990428	0.589743984594	2.12132227267	-1.28730544725	244
18	0.75	1.0	0.0	0.00310357329864	2.86383055059	-1.3721666843	0.0613328630261	2.1298888205	-1.26385883641	245
18	1.0	0.0	0.0	1.987452597	2.510905978	-1.692940575	2.2676777244	1.90702905764	-1.51132361054	246
18	1.0	0.25	0.0	1.50427481799	2.59707393009	-1.7466704673	1.741426178	1.98161332026	-1.59635775266	247
18	1.0	0.5	0.0	0.979464572124	2.68943737373	-1.76336624674	1.17370216314	2.03883858625	-1.65295873278	248
18	1.0	0.75	0.0	0.455573662193	2.761968467	-1.72361762207	0.602683447568	2.06756889751	-1.6653777856	249
18	1.0	1.0	0.0	-0.024846109	2.788639368	-1.608014302	0.0665477989994	2.05666829592	-1.61786614581	250
19	0.0	0.0	0.0	3.758267234	1.522060422	-0.981865347	4.32515288793	1.31415664802	-0.932694621675	251
19	0.0	0.25	0.0	3.24390187801	1.74384927138	-1.17862403208	3.81831387666	1.48536674134	-1.09880585986	252
19	0.0	0.5	0.0	2.81956450566	2.0500670073	-1.39035437315	3.30534851484	1.65239613664	-1.25616528746	253
19	0.0	0.75	0.0	2.42187483824	2.33949283957	-1.57560900815	2.78791654868	1.79852389003	-1.39644662938	254
19	0.0	1.0	0.0	1.987452597	2.510905978	-1.692940575	2.2676777244	1.90702905764	-1.51132361054	255
19	0.25	0.0	0.0	3.75331278779	1.42165276636	-1.09924019744	4.34342104653	1.19265898236	-1.11125364881	256
19	0.25	0.25	0.0	3.25569416216	1.63135596695	-1.31025628657	3.84424784141	1.35788760743	-1.312037482	257
19	0.25	0.5	0.0	2.82546660699	1.92962729996	-1.54271048489	3.33620066506	1.5325484439	-1.50867638738	258
19	0.25	0.75	0.0	2.41352710984	2.21376430414	-1.74865497695	2.8212114975	1.69072009508	-1.68676317642	259
19	0.25	1.0	0.0	1.97077265825	2.38106451827	-1.88014194729	2.30121231872	1.80648116427	-1.8318906606	260
19	0.5	0.0	0.0	3.76549973893	1.29525679555	-1.2398914304	4.37090724304	1.01818628929	-1.31900744057	261
19	0.5	0.25	0.0	3.27925856896	1.48605919482	-1.46653156065	3.88402108749	1.17249004961	-1.56093669289	262
19	0.5	0.5	0.0	2.81951401927	1.74329287922	-1.70507303704	3.37282359301	1.33700526393	-1.79948841168	263
19	0.5	0.75	0.0	2.37177071095	1.98559373453	-1.91078094908	2.84976943792	1.48858602128	-2.01473742411	264
19	0.5	1.0	0.0	1.9215332651	2.13159764651	-2.03892038633	2.32731330055	1.60408641068	-2.18675855732	265
19	0.75	0.0	0.0	3.78076845635	1.16218819147	-1.37093291665	4.39974503472	0.827449886124	-1.5118273764	266
19	0.75	0.25	0.0	3.30197923078	1.33077807921	-1.61087008888	3.92442257254	0.965968919008	-1.79250659757	267
19	0.75	0.5	0.0	2.81228292445	1.53500613675	-1.84956200081	3.40802809824	1.1099714802	-2.06988814313	268
19	0.75	0.75	0.0	2.32985479202	1.72200320834	-2.0484022608	2.87473000374	1.24315871967	-2.31775719814	269
19	0.75	1.0	0.0	1.87287008816	1.83890013825	-2.1687844772	2.34869668098	1.34923178739	-2.50989894764	270
19	1.0	0.0	0.0	3.785059309	1.041762636	-1.459478527	4.42206797883	0.657161090171	-1.64558483573	271
19	1.0	0.25	0.0	3.31124027998	1.18833174436	-1.70669210581	3.95224125418	0.775119066769	-1.95375030105	272
19	1.0	0.5	0.0	2.8143495045	1.34870946422	-1.94829734744	3.43462498033	0.895651976209	-2.26116236449	273
19	1.0	0.75	0.0	2.32102850352	1.49001480322	-2.14793424834	2.8972328288	1.00547524131	-2.53321032423	274
19	1.0	1.0	0.0	1.857918798	1.579366769	-2.269242805	2.36807847109	1.0913042849	-2.73528347845	275
20	0.0	0.0	0.0	1.987452597	2.510905978	-1.692940575	2.2676777244	1.90702905764	-1.51132361054	276
20	0.0	0.25	0.0	1.50427481799	2.59707393009	-1.7466704673	1.741426178	1.98161332026	-1.59635775266	277
20	0.0	0.5	0.0	0.979464572124	2.68943737373	-1.76336624674	1.17370216314	2.03883858625	-1.65295873278	278
20	0.0	0.75	0.0	0.455573662193	2.761968467	-1.72361762207	0.602683447568	2.06756889751	-1.6653777856	279
20	0.0	1.0	0.0	-0.024846109	2.788639368	-1.608014302	0.0665477989994	2.05666829592	-1.61786614581	280
20	0.25	0.0	0.0	1.97077265825	2.38106451827	-1.88014194729	2.30121231872	1.80648116427	-1.8318906606	281
20	0.25	0.25	0.0	1.48368826228	2.45776843388	-1.93807388457	1.77136606804	1.87544588975	-1.93406875875	282
20	0.25	0.5	0.0	0.949732788706	2.53486486079	-1.95400804293	1.19347729234	1.91837587909	-1.99835928482	283
20	0.25	0.75	0.0	0.419608132168	2.59359212229	-1.91237493556	0.611792775928	1.93158994264	-2.01039421536	284
20	0.25	1.0	0.0	-0.0559838126898	2.61518854164	-1.79760507561	0.0705593031406	1.91140689077	-1.95580552689	285
20	0.5	0.0	0.0	1.9215332651	2.13159764651	-2.03892038633	2.32731330055	1.60408641068	-2.18675855732	286
20	0.5	0.25	0.0	1.45069462354	2.19634260928	-2.08856075091	1.79637589978	1.66687535714	-2.29851960602	287
20	0.5	0.5	0.0	0.924585061318	2.25635379488	-2.09743130732	1.20509033459	1.69624155219	-2.36447382618	288
20	0.5	0.75	0.0	0.397664353929	2.30785200808	-2.06385210102	0.609625963266	1.70380948733	-2.38101095701	289
20	0.5	1.0	0.0	-0.0756077231453	2.3470580536	-1.98614317747	0.0661521440993	1.7012036541	-2.34452073768	290
20	0.75	0.0	0.0	1.87287008816	1.83890013825	-2.1687844772	2.34869668098	1.34923178739	-2.50989894764	291
20	0.75	0.25	0.0	1.41928230474	1.89221850144	-2.21264071788	1.81693377548	1.40433497331	-2.62901126896	292
20	0.75	0.5	0.0	0.903049192221	1.93975686508	-2.22202725132	1.21308706998	1.42493604119	-2.70115170345	293
20	0.75	0.75	0.0	0.381008715061	1.99022831118	-2.20242775999	0.604882448645	1.43418681609	-2.72734723646	294
20	0.75	1.0	0.0	-0.0900011622781	2.05234592175	-2.15932592634	0.0600457956262	1.45523912308	-2.70862485336	295
20	1.0	0.0	0.0	1.857918798	1.579366769	-2.269242805	2.36807847109	1.0913042849	-2.73528347845	296
20	1.0	0.25	0.0	1.40343970886	1.62481815553	-2.32482343705	1.83351779741	1.13625798915	-2.86484472207	297
20	1.0	0.5	0.0	0.884152983674	1.67092676046	-2.35618708636	1.2220132786	1.15695978174	-2.9582422632	298
20	1.0	0.75	0.0	0.360907603152	1.72620121841	-2.352480554	0.606261671126	1.17268121341	-2.99952227963	299
20	1.0	1.0	0.0	-0.105447452	1.799150164	-2.302850641	0.0589597314718	1.20269383491	-2.97273094916	300
25	0.0	0.0	0.0	3.785059309	1.041762636	-1.459478527	4.42206797883	0.657161090171	-1.64558483573	301
25	0.0	0.25	0.0	3.31124027998	1.18833174436	-1.70669210581	3.95224125418	0.775119066769	-1.95375030105	302
25	0.0	0.5	0.0	2.8143495045	1.34870946422	-1.94829734744	3.43462498033	0.895651976209	-2.26116236449	303
25	0.0	0.75	0.0	2.32102850352	1.49001480322	-2.14793424834	2.8972328288	1.00547524131	-2.53321032423	304
25	0.0	1.0	0.0	1.857918798	1.579366769	-2.269242805	2.36807847109	1.0913042849	-2.73528347845	305
25	0.25	0.0	0.0	3.76125413034	0.7878744361	-1.4975785992	4.43989812683	0.300364440963	-1.743524779	306
25	0.25	0.25	0.0	3.29442702993	0.880449286753	-1.7405781118	3.97331315618	0.356061687445	-2.07351750443	307
25	0.25	0.5	0.0	2.80938867197	0.970314282237	-1.98965817335	3.45831799806	0.413073393421	-2.41117669608	308
25	0.25	0.75	0.0	2.32438542901	1.0419462938	-2.20901268084	2.92327102347	0.459237587097	-2.71316972913	309
25	0.25	1.0	0.0	1.85766367359	1.07982219271	-2.36283553127	2.39653060341	0.482392296683	-2.93616397874	310
25	0.5	0.0	0.0	3.72133508527	0.461958114569	-1.43884630886	4.43927552764	-0.160683265049	-1.72987169095	311
25	0.5	0.25	0.0	3.25895512342	0.484297948516	-1.66362798191	3.97804384478	-0.188676764696	-2.057246857	312
25	0.5	0.5	0.0	2.77142444685	0.499643949763	-1.90770260677	3.46180369095	-0.214386737813	-2.39555386535	313
25	0.5	0.75	0.0	2.28442805726	0.503381750125	-2.14031511764	2.92691070584	-0.245884702564	-2.70784028996	314
25	0.5	1.0	0.0	1.82365095633	0.490896981421	-2.33071044877	2.40972052914	-0.291242177111	-2.95715370478	315
25	0.75	0.0	0.0	3.68045926606	0.130558369503	-1.33091952284	4.42869295408	-0.618043798443	-1.63153228796	316
25	0.75	0.25	0.0	3.21993163976	0.0801154440047	-1.53569533468	3.97347233348	-0.732807361834	-1.94154244222	317
25	0.75	0.5	0.0	2.72680419826	0.0225443393568	-1.76955232315	3.45645986718	-0.847075577369	-2.26423820856	318
25	0.75	0.75	0.0	2.23566352763	-0.0346307926748	-2.00131156578	2.92119707015	-0.957049518757	-2.56809484912	319
25	0.75	1.0	0.0	1.78109621391	-0.0838858003245	-2.19979414013	2.41122545741	-1.05893025971	-2.82158762605	320
25	1.0	0.0	0.0	3.653783765	-0.139780101	-1.221436108	4.41664317897	-0.963778929798	-1.47541328637	321
25	1.0	0.25	0.0	3.19246365826	-0.251860512431	-1.41663378861	3.96663763583	-1.15004117615	-1.76300834355	322
25	1.0	0.5	0.0	2.70187529533	-0.375138676427	-1.64232899793	3.45366433495	-1.34534028512	-2.06717406196	323
25	1.0	0.75	0.0	2.21259897949	-0.481043299459	-1.85147203229	2.91917531066	-1.52141475257	-2.34480624899	324
25	1.0	1.0	0.0	1.755215014	-0.541003088	-1.997013188	2.4046225973	-1.65000307435	-2.55280071202	325
26	0.0	0.0	0.0	1.857918798	1.579366769	-2.269242805	2.36807847109	1.0913042849	-2.73528347845	326
26	0.0	0.25	0.0	1.40343970886	1.62481815553	-2.32482343705	1.83351779741	1.13625798915	-2.86484472207	327
26	0.0	0.5	0.0	0.884152983674	1.67092676046	-2.35618708636	1.2220132786	1.15695978174	-2.9582422632	328
26	0.0	0.75	0.0	0.360907603152	1.72620121841	-2.352480554	0.606261671126	1.17268121341	-2.99952227963	329
26	0.0	1.0	0.0	-0.105447452	1.799150164	-2.302850641	0.0589597314718	1.20269383491	-2.97273094916	330
26	0.25	0.0	0.0	1.85766367359	1.07982219271	-2.36283553127	2.39653060341	0.482392296683	-2.93616397874	331
26	0.25	0.25	0.0	1.38498921664	1.10278468475	-2.46494892225	1.8582811844	0.491065314675	-3.09517041301	332
26	0.25	0.5	0.0	0.847344052866	1.14227546545	-2.5420094126	1.2414090764	0.504314195782	-3.22858161951	333
26	0.25	0.75	0.0	0.312712839357	1.19516689572	-2.55809576724	0.619001034991	0.519514717437	-3.29461571446	334
26	0.25	1.0	0.0	-0.150919766794	1.25833133648	-2.4772867511	0.064143815744	0.534042657075	-3.2514908141	335
26	0.5	0.0	0.0	1.82365095633	0.490896981421	-2.33071044877	2.40972052914	-0.291242177111	-2.95715370478	336
26	0.5	0.25	0.0	1.35119177537	0.482364150736	-2.46079825182	1.87335660369	-0.328486813347	-3.13560440817	337
26	0.5	0.5	0.0	0.810804005364	0.498466954708	-2.53894471864	1.25448513422	-0.339602965428	-3.26645593415	338
26	0.5	0.75	0.0	0.269772110426	0.533937718262	-2.55781178223	0.627192764437	-0.33777112238	-3.33544367668	339
26	0.5	1.0	0.0	-0.204619445347	0.583508766326	-2.51006137558	0.0655661380163	-0.336171773229	-3.32830302968	340
26	0.75	0.0	0.0	1.78109621391	-0.0838858003245	-2.19979414013	2.41122545741	-1.05893025971	-2.82158762605	341
26	0.75	0.25	0.0	1.31284840161	-0.118487554404	-2.33065139254	1.87590316703	-1.13658048464	-2.99945700659	342
26	0.75	0.5	0.0	0.776163632555	-0.134146198432	-2.39951038328	1.25802906893	-1.18347483215	-3.11611368416	343
26	0.75	0.75	0.0	0.233402598641	-0.125663465762	-2.42457186236	0.630062166281	-1.20610645324	-3.18532336152	344
26	0.75	1.0	0.0	-0.253074008226	-0.0878410897443	-2.42403657978	0.0644614622421	-1.21096849894	-3.22085174146	345
26	1.0	0.0	0.0	1.755215014	-0.541003088	-1.997013188	2.4046225973	-1.65000307435	-2.55280071202	346
26	1.0	0.25	0.0	1.28076011195	-0.581814538543	-2.09278831115	1.86307998619	-1.74739778893	-2.70003850732	347
26	1.0	0.5	0.0	0.745053725822	-0.629211420626	-2.1762237853	1.24882849741	-1.83598453464	-2.82180334652	348
26	1.0	0.75	0.0	0.204921486284	-0.651813808145	-2.23131927105	0.626834547336	-1.89242142236	-2.90757196422	349
26	1.0	1.0	0.0	-0.282810976	-0.618241775	-2.242074429	0.0620645523748	-1.89336656298	-2.94682109501	350
27	0.0	0.0	0.0	3.653783765	-0.139780101	-1.221436108	4.41664317897	-0.963778929798	-1.47541328637	351
27	0.0	0.25	0.0	3.19246365826	-0.251860512431	-1.41663378861	3.96663763583	-1.15004117615	-1.76300834355	352
27	0.0	0.5	0.0	2.70187529533	-0.375138676427	-1.64232899793	3.45366433495	-1.34534028512	-2.06717406196	353
27	0.0	0.75	0.0	2.21259897949	-0.481043299459	-1.85147203229	2.91917531066	-1.52141475257	-2.34480624899	354
27	0.0	1.0	0.0	1.755215014	-0.541003088	-1.997013188	2.4046225973	-1.65000307435	-2.55280071202	355
27	0.25	0.0	0.0	3.659706702	-0.393426399649	-1.07455098331	4.41058546056	-1.23512580314	-1.19718660293	356
27	0.25	0.25	0.0	3.19795390167	-0.565674483526	-1.25156651688	3.96253499208	-1.48353109968	-1.44007693398	357
27	0.25	0.5	0.0	2.71427731698	-0.752398552928	-1.44982735796	3.45570229175	-1.74876734671	-1.69950115951	358
27	0.25	0.75	0.0	2.22772736999	-0.90469747502	-1.61337971211	2.92368721318	-1.98127012846	-1.92502231432	359
27	0.25	1.0	0.0	1.7573544828	-0.973670116966	-1.68626978488	2.40008960997	-2.13147502918	-2.06620343317	360
27	0.5	0.0	0.0	3.68997821414	-0.667978905504	-0.853119113149	4.40828787503	-1.49657718103	-0.783932773381	361
27	0.5	0.25	0.0	3.22982858751	-0.903231756877	-0.985919079524	3.95897767127	-1.80423032924	-0.950829200907	362
27	0.5	0.5	0.0	2.74802665445	-1.14793734009	-1.12527358344	3.45567902553	-2.12576148215	-1.12700944658	363
27	0.5	0.75	0.0	2.25796506819	-1.34690465385	-1.2318798675	2.92717033041	-2.40818132239	-1.2788938694	364
27	0.5	1.0	0.0	1.77303648192	-1.44494269688	-1.2664351743	2.40222997853	-2.59850053261	-1.37290282835	365
27	0.75	0.0	0.0	3.71958176721	-0.889758585357	-0.601517928166	4.40356823188	-1.68460427192	-0.33722712078	366
27	0.75	0.25	0.0	3.26112360038	-1.17235301537	-0.678248111368	3.95227702907	-2.03484170092	-0.417395216319	367
27	0.75	0.5	0.0	2.77925124728	-1.45798703961	-0.746639904175	3.451531841	-2.39460199078	-0.498378615691	368
27	0.75	0.75	0.0	2.28471167554	-1.6934262656	-0.793254186516	2.92735166481	-2.71480525837	-0.570061262563	369
27	0.75	1.0	0.0	1.78825185282	-1.82543630086	-0.804651838321	2.40575549767	-2.94637162054	-0.622327100601	370
27	1.0	0.0	0.0	3.723500827	-0.985086406	-0.364124859	4.39024434059	-1.73567828427	0.0413550317981	371
27	1.0	0.25	0.0	3.26487482492	-1.2808589419	-0.387110247255	3.93874442116	-2.09806805081	0.0380949478075	372
27	1.0	0.5	0.0	2.78407903495	-1.57877965322	-0.391898549982	3.44119804288	-2.47356817194	0.037711640617	373
27	1.0	0.75	0.0	2.28936679351	-1.83002373992	-0.383784357218	2.92195821882	-2.81379886039	0.0378351578349	374
27	1.0	1.0	0.0	1.788991437	-1.985766402	-0.368062259	2.4053779621	-3.0703803289	0.0360955470695	375
28	0.0	0.0	0.0	1.755215014	-0.541003088	-1.997013188	2.4046225973	-1.65000307435	-2.55280071202	376
28	0.0	0.25	0.0	1.28076011195	-0.581814538543	-2.09278831115	1.86307998619	-1.74739778893	-2.70003850732	377
28	0.0	0.5	0.0	0.745053725822	-0.629211420626	-2.1762237853	1.24882849741	-1.83598453464	-2.82180334652	378
28	0.0	0.75	0.0	0.204921486284	-0.651813808145	-2.23131927105	0.626834547336	-1.89242142236	-2.90757196422	379
28	0.0	1.0	0.0	-0.282810976	-0.618241775	-2.242074429	0.0620645523748	-1.89336656298	-2.94682109501	380
28	0.25	0.0	0.0	1.7573544828	-0.973670116966	-1.68626978488	2.40008960997	-2.13147502918	-2.06620343317	381
28	0.25	0.25	0.0	1.26535253124	-1.0156467923	-1.73446162841	1.85008362559	-2.24475259725	-2.16887837382	382
28	0.25	0.5	0.0	0.723331031701	-1.08703256171	-1.82283574829	1.23911052	-2.37082960435	-2.28617876883	383
28	0.25	0.75	0.0	0.184438877693	-1.13857678426	-1.8934238527	0.623451926861	-2.46265378704	-2.37500660308	384
28	0.25	1.0	0.0	-0.298175037286	-1.12102881904	-1.88825764984	0.0593894798292	-2.47317288189	-2.39226386144	385
28	0.5	0.0	0.0	1.77303648192	-1.44494269688	-1.2664351743	2.40222997853	-2.59850053261	-1.37290282835	386
28	0.5	0.25	0.0	1.26474219977	-1.49851538706	-1.28323135666	1.85017650731	-2.73564109091	-1.44171460113	387
28	0.5	0.5	0.0	0.715026155589	-1.57652793246	-1.33451098554	1.24091216751	-2.87475768587	-1.52239175202	388
28	0.5	0.75	0.0	0.173477278536	-1.64124669456	-1.37855087432	0.626186370116	-2.98183774378	-1.58562220455	389
28	0.5	1.0	0.0	-0.310315502222	-1.65493803485	-1.37362783641	0.0577485261011	-3.02286869093	-1.60209388224	390
28	0.75	0.0	0.0	1.78825185282	-1.82543630086	-0.804651838321	2.40575549767	-2.94637162054	-0.622327100601	391
28	0.75	0.25	0.0	1.26904955388	-1.90211490824	-0.798698041684	1.85650733736	-3.11230829401	-0.659784013104	392
28	0.75	0.5	0.0	0.714904668012	-1.99202527705	-0.798273428422	1.24989241076	-3.26302525166	-0.693267002545	393
28	0.75	0.75	0.0	0.170320070959	-2.07002353786	-0.797933024536	0.634300752928	-3.38337908169	-0.720353160594	394
28	0.75	1.0	0.0	-0.320201361547	-2.11096582123	-0.792231856027	0.0581223989074	-3.45822637225	-0.738619578918	395
28	1.0	0.0	0.0	1.788991437	-1.985766402	-0.368062259	2.4053779621	-3.0703803289	0.0360955470695	396
28	1.0	0.25	0.0	1.26839502989	-2.09813994127	-0.340462229295	1.86222482177	-3.26699923065	0.0356765663849	397
28	1.0	0.5	0.0	0.717732139497	-2.22785233965	-0.301147008329	1.26171022059	-3.45088877418	0.0383707731362	398
28	1.0	0.75	0.0	0.173250637106	-2.33510731296	-0.262802991949	0.647057951122	-3.60068358984	0.0398661368411	399
28	1.0	1.0	0.0	-0.328801606	-2.380108577	-0.238116576	0.0614918059647	-3.695018308	0.0358506270177	400
33	0.0	0.0	0.0	3.723500827	-0.985086406	-0.364124859	4.39024434059	-1.73567828427	0.0413550317981	401
33	0.0	0.25	0.0	3.26487482492	-1.2808589419	-0.387110247255	3.93874442116	-2.09806805081	0.0380949478075	402
33	0.0	0.5	0.0	2.78407903495	-1.57877965322	-0.391898549982	3.44119804288	-2.47356817194	0.037711640617	403
33	0.0	0.75	0.0	2.28936679351	-1.83002373992	-0.383784357218	2.92195821882	-2.81379886039	0.0378351578349	404
33	0.0	1.0	0.0	1.788991437	-1.985766402	-0.368062259	2.4053779621	-3.0703803289	0.0360955470695	405
33	0.25	0.0	0.0	3.67920104819	-0.918368516471	-0.177373286209	4.3628355786	-1.62882977149	0.329868555898	406
33	0.25	0.25	0.0	3.21826173858	-1.1878528164	-0.162305484918	3.91110764422	-1.9685345363	0.383422270708	407
33	0.25	0.5	0.0	2.7407717093	-1.46073540996	-0.122014220473	3.41678460957	-2.32724492018	0.444643797778	408
33	0.25	0.75	0.0	2.25067520279	-1.69574129652	-0.0708817194234	2.90249509746	-2.6560890693	0.505103375011	409
33	0.25	1.0	0.0	1.75191646149	-1.85159547546	-0.0232902083197	2.3908677307	-2.90619512983	0.556371240313	410
33	0.5	0.0	0.0	3.59654046562	-0.745821704	0.0138424775259	4.32073309752	-1.41297449159	0.655031876623	411
33	0.5	0.25	0.0	3.13232893313	-0.963905469608	0.0630525670562	3.86659205978	-1.70643144417	0.766740189396	412
33	0.5	0.5	0.0	2.65761958408	-1.18330817066	0.144740099926	3.37436799058	-2.01978636913	0.895347388521	413
33	0.5	0.75	0.0	2.17241003327	-1.37598298952	0.2368690283	2.86518393155	-2.30886916746	1.0222787438	414
33	0.5	1.0	0.0	1.6766978955	-1.51388310857	0.317403304347	2.36016292435	-2.52950974015	1.12895952504	415
33	0.75	0.0	0.0	3.50952186274	-0.526925438279	0.172237765248	4.27695827206	-1.15272306253	0.950544545248	416
33	0.75	0.25	0.0	3.04233122027	-0.685453926074	0.248681458577	3.81918118391	-1.39051802821	1.11255056904	417
33	0.75	0.5	0.0	2.56544854382	-0.841095325109	0.360710459194	3.32619864097	-1.64425227277	1.29977754547	418
33	0.75	0.75	0.0	2.08075500252	-0.979715393696	0.483495070548	2.81998928349	-1.87866881849	1.48531550659	419
33	0.75	1.0	0.0	1.59013176551	-1.08717989015	0.59220559609	2.32253175174	-2.05851068764	1.6422544844	420
33	1.0	0.0	0.0	3.452148023	-0.321159189	0.26052791	4.24453247691	-0.912686102291	1.15010611305	421
33	1.0	0.25	0.0	2.98352341168	-0.428935210359	0.354298739556	3.78285853266	-1.0995535422	1.34535527479	422
33	1.0	0.5	0.0	2.49508447303	-0.528694263094	0.478242905314	3.28452701579	-1.29370238507	1.56788940126	423
33	1.0	0.75	0.0	2.0018938281	-0.615905083782	0.613023591916	2.77687571565	-1.47201768599	1.79016790575	424
33	1.0	1.0	0.0	1.519014098	-0.686036409	0.739303984	2.28724242157	-1.61138450007	1.98465020155	425
34	0.0	0.0	0.0	1.788991437	-1.985766402	-0.368062259	2.4053779621	-3.0703803289	0.0360955470695	426
34	0.0	0.25	0.0	1.26839502989	-2.09813994127	-0.340462229295	1.86222482177	-3.26699923065	0.0356765663849	427
34	0.0	0.5	0.0	0.717732139497	-2.22785233965	-0.301147008329	1.26171022059	-3.45088877418	0.0383707731362	428
34	0.0	0.75	0.0	0.173250637106	-2.33510731296	-0.262802991949	0.647057951122	-3.60068358984	0.0398661368411	429
34	0.0	1.0	0.0	-0.328801606	-2.380108577	-0.238116576	0.0614918059647	-3.695018308	0.0358506270177	430
34	0.25	0.0	0.0	1.75191646149	-1.85159547546	-0.0232902083197	2.3908677307	-2.90619512983	0.556371240313	431
34	0.25	0.25	0.0	1.23523897615	-1.98847942397	0.0448788658173	1.85196100708	-3.11630340077	0.610644631097	432
34	0.25	0.5	0.0	0.697983246843	-2.15221168568	0.14282304863	1.25870063209	-3.33041798371	0.67320134963	433
34	0.25	0.75	0.0	0.166182469851	-2.27743269299	0.233670611044	0.650510693838	-3.50187886039	0.725661581285	434
34	0.25	1.0	0.0	-0.334130158537	-2.29878287828	0.280549823989	0.0668152804163	-3.58402601254	0.749645511435	435
34	0.5	0.0	0.0	1.6766978955	-1.51388310857	0.317403304347	2.36016292435	-2.52950974015	1.12895952504	436
34	0.5	0.25	0.0	1.16507825766	-1.64997471852	0.437506135923	1.82348790784	-2.72888747121	1.24435490065	437
34	0.5	0.5	0.0	0.647802349468	-1.80785824664	0.611526172239	1.23624805699	-2.94139631463	1.37885201335	438
34	0.5	0.75	0.0	0.141490793787	-1.91642173595	0.764744024945	0.638557926702	-3.10407140457	1.48985202229	439
34	0.5	1.0	0.0	-0.337235786534	-1.90455322944	0.822440305691	0.0705320719088	-3.15394787518	1.53475608661	440
34	0.75	0.0	0.0	1.59013176551	-1.08717989015	0.59220559609	2.32253175174	-2.05851068764	1.6422544844	441
34	0.75	0.25	0.0	1.08746611033	-1.2004900023	0.754668028683	1.78944192	-2.22840207121	1.81025719431	442
34	0.75	0.5	0.0	0.59012121226	-1.32371072229	0.988398068634	1.20720589514	-2.41095377319	2.00433120552	443
34	0.75	0.75	0.0	0.10975492943	-1.39740030295	1.19883163399	0.61919977058	-2.54401348789	2.16892261736	444
34	0.75	1.0	0.0	-0.341974880014	-1.36211699713	1.2914046428	0.0687996397731	-2.56542890964	2.24847752915	445
34	1.0	0.0	0.0	1.519014098	-0.686036409	0.739303984	2.28724242157	-1.61138450007	1.98465020155	446
34	1.0	0.25	0.0	1.03195577011	-0.757889452725	0.913612991759	1.76245943948	-1.73849782998	2.18180133134	447
34	1.0	0.5	0.0	0.547871600105	-0.828687812398	1.15687444395	1.1844275464	-1.86622036562	2.39864736736	448
34	1.0	0.75	0.0	0.0815541973006	-0.865694255123	1.40434782241	0.600436346343	-1.95845737587	2.59935852401	449
34	1.0	1.0	0.0	-0.352203829	-0.836171548	1.591292609	0.05777544334	-1.97911412961	2.74810501567	450
35	0.0	0.0	0.0	3.452148023	-0.321159189	0.26052791	4.24453247691	-0.912686102291	1.15010611305	451
35	0.0	0.25	0.0	2.98352341168	-0.428935210359	0.354298739556	3.78285853266	-1.0995535422	1.34535527479	452
35	0.0	0.5	0.0	2.49508447303	-0.528694263094	0.478242905314	3.28452701579	-1.29370238507	1.56788940126	453
35	0.0	0.75	0.0	2.0018938281	-0.615905083782	0.613023591916	2.77687571565	-1.47201768599	1.79016790575	454
35	0.0	1.0	0.0	1.519014098	-0.686036409	0.739303984	2.28724242157	-1.61138450007	1.98465020155	455
35	0.25	0.0	0.0	3.42972555249	-0.0833304587052	0.285954473929	4.2171621386	-0.616722288152	1.25583199579	456
35	0.25	0.25	0.0	2.95056406831	-0.135449730033	0.395340343107	3.74676851531	-0.740991966936	1.47414646529	457
35	0.25	0.5	0.0	2.45105549128	-0.175418287754	0.536347521632	3.24149598846	-0.861155866061	1.7230568168	458
35	0.25	0.75	0.0	1.95271164552	-0.205952828072	0.687234203401	2.72987333361	-0.970225715206	1.97185201522	459
35	0.25	1.0	0.0	1.47704435517	-0.229770047192	0.826258582308	2.24042932633	-1.06121324405	2.18982102548	460
35	0.5	0.0	0.0	3.42807331865	0.207770149396	0.278520430982	4.18749601929	-0.232922826443	1.29659664748	461
35	0.5	0.25	0.0	2.92721509976	0.22372465742	0.404397396618	3.70351809466	-0.279595713379	1.5297313411	462
35	0.5	0.5	0.0	2.42900851226	0.251380581731	0.576952435267	3.19402804391	-0.3157197113	1.8004664565	463
35	0.5	0.75	0.0	1.94028201177	0.282053037038	0.757744683299	2.6794405295	-0.347504163912	2.06823945006	464
35	0.5	1.0	0.0	1.46786405394	0.307057138051	0.908333277086	2.18017021387	-0.381158414921	2.29248777817	465
35	0.75	0.0	0.0	3.44463431449	0.4987964243	0.244663155794	4.16170809585	0.156672729759	1.27663475817	466
35	0.75	0.25	0.0	2.92370568969	0.583095799303	0.379753527095	3.66540562639	0.184517805305	1.50743968744	467
35	0.75	0.5	0.0	2.43102086525	0.677356570732	0.571134384684	3.15124418909	0.224972246088	1.77641120816	468
35	0.75	0.75	0.0	1.95530324155	0.768178512125	0.769580549522	2.63274929712	0.264760098001	2.04005150359	469
35	0.75	1.0	0.0	1.48527621898	0.842161397019	0.925866842571	2.12344646365	0.290605406938	2.25486275702	470
35	1.0	0.0	0.0	3.476851533	0.736402155	0.190820023	4.14597234515	0.470024827377	1.20018101791	471
35	1.0	0.25	0.0	2.95026502172	0.87717154292	0.319692361546	3.64472946614	0.55123117595	1.40260128955	472
35	1.0	0.5	0.0	2.45916987953	1.02816390462	0.48997010835	3.12226543092	0.643286172972	1.62718395958	473
35	1.0	0.75	0.0	1.98847364957	1.17248959776	0.667767319979	2.59697163031	0.735180200638	1.84800946915	474
35	1.0	1.0	0.0	1.523083875	1.29325898	0.819198053	2.08723945513	0.815903641145	2.03915825942	475
36	0.0	0.0	0.0	1.519014098	-0.686036409	0.739303984	2.28724242157	-1.61138450007	1.98465020155	476
36	0.0	0.25	0.0	1.03195577011	-0.757889452725	0.913612991759	1.76245943948	-1.73849782998	2.18180133134	477
36	0.0	0.5	0.0	0.547871600105	-0.828687812398	1.15687444395	1.1844275464	-1.86622036562	2.39864736736	478
36	0.0	0.75	0.0	0.0815541973006	-0.865694255123	1.40434782241	0.600436346343	-1.95845737587	2.59935852401	479
36	0.0	1.0	0.0	-0.352203829	-0.836171548	1.591292609	0.05777544334	-1.97911412961	2.74810501567	480
36	0.25	0.0	0.0	1.47704435517	-0.229770047192	0.826258582308	2.24042932633	-1.06121324405	2.18982102548	481
36	0.25	0.25	0.0	1.00771012784	-0.257602542573	0.989748850829	1.72783718298	-1.14504596539	2.39088109651	482
36	0.25	0.5	0.0	0.531405306149	-0.285877625542	1.2064339144	1.16082316938	-1.22449880795	2.59823184572	483
36	0.25	0.75	0.0	0.0696069387956	-0.300270470798	1.4460408695	0.585558073579	-1.28588978013	2.79899039846	484
36	0.25	1.0	0.0	-0.356207925519	-0.286456253037	1.67829681259	0.0482126835976	-1.31553689032	2.98027388011	485
36	0.5	0.0	0.0	1.46786405394	0.307057138051	0.908333277086	2.18017021387	-0.381158414921	2.29248777817	486
36	0.5	0.25	0.0	1.00947992626	0.319363382512	1.06289786525	1.67793042507	-0.421099837221	2.48754661488	487
36	0.5	0.5	0.0	0.538912152577	0.329178589758	1.26127419693	1.12851280756	-0.458906588452	2.68962328028	488
36	0.5	0.75	0.0	0.081160572797	0.344101348539	1.46263397413	0.572032405961	-0.486251432221	2.87396140719	489
36	0.5	1.0	0.0	-0.338774973175	0.371730247602	1.62614889889	0.0486042648822	-0.494807132133	3.01580462846	490
36	0.75	0.0	0.0	1.48527621898	0.842161397019	0.925866842571	2.12344646365	0.290605406938	2.25486275702	491
36	0.75	0.25	0.0	1.03517078724	0.894425908767	1.07736533142	1.63036453986	0.29788073423	2.4412160954	492
36	0.75	0.5	0.0	0.570171325807	0.944955081013	1.26966599936	1.09644735358	0.303281469265	2.64374724526	493
36	0.75	0.75	0.0	0.11660408197	0.999230132179	1.43956822582	0.557892474294	0.316886825783	2.81685912352	494
36	0.75	1.0	0.0	-0.299204696993	1.06273228069	1.52387139024	0.0508974714945	0.348776017525	2.91495464706	495
36	1.0	0.0	0.0	1.523083875	1.29325898	0.819198053	2.08723945513	0.815903641145	2.03915825942	496
36	1.0	0.25	0.0	1.08268833266	1.38900262243	0.977456545732	1.60276490145	0.87643592867	2.22130774699	497
36	1.0	0.5	0.0	0.624962012259	1.48992609573	1.17988002954	1.07357770008	0.934790541586	2.4315293149	498
36	1.0	0.75	0.0	0.176326448981	1.59692480941	1.36228471408	0.541171409384	0.999954151802	2.62027112078	499
36	1.0	1.0	0.0	-0.236796822	1.710894173	1.460486809	0.0470395877353	1.08091343123	2.73798132223	500
41	0.0	0.0	0.0	3.476851533	0.736402155	0.190820023	4.14597234515	0.470024827377	1.20018101791	501
41	0.0	0.25	0.0	2.95026502172	0.87717154292	0.319692361546	3.64472946614	0.55123117595	1.40260128955	502
41	0.0	0.5	0.0	2.45916987953	1.02816390462	0.48997010835	3.12226543092	0.643286172972	1.62718395958	503
41	0.0	0.75	0.0	1.98847364957	1.17248959776	0.667767319979	2.59697163031	0.735180200638	1.84800946915	504
41	0.0	1.0	0.0	1.523083875	1.29325898	0.819198053	2.08723945513	0.815903641145	2.03915825942	505
41	0.25	0.0	0.0	3.50226119423	0.880973640545	0.139936574278	4.14492650941	0.647384200476	1.10594392979	506
41	0.25	0.25	0.0	2.98318904728	1.0388230234	0.256446788781	3.64664766878	0.742322416578	1.28309743493	507
41	0.25	0.5	0.0	2.49705953697	1.20629789439	0.409775466077	3.12341383909	0.839053347199	1.47850969372	508
41	0.25	0.75	0.0	2.03073448152	1.36473013498	0.570017994324	2.59736713987	0.934081626079	1.67215517105	509
41	0.25	1.0	0.0	1.57107569915	1.49545162661	0.707269761681	2.09064969065	1.02391188695	1.84400833178	510
41	0.5	0.0	0.0	3.53133826034	1.04982045045	0.0724564511866	4.15116174715	0.843102043341	0.97024648278	511
41	0.5	0.25	0.0	3.02276958625	1.21688378112	0.166834997683	3.65710831679	0.948413190603	1.11740615681	512
41	0.5	0.5	0.0	2.55086440062	1.40219485912	0.306962610911	3.13811565681	1.04980737564	1.28443752226	513
41	0.5	0.75	0.0	2.09858969426	1.57447004703	0.45170298789	2.61553506512	1.14434926071	1.44948322849	514
41	0.5	1.0	0.0	1.64891245798	1.70242570743	0.559919825642	2.11071783962	1.2291035081	1.59068592488	515
41	0.75	0.0	0.0	3.56826310878	1.21473224963	-0.00177155349834	4.16220152558	1.02641002208	0.816198320846	516
41	0.75	0.25	0.0	3.06423080102	1.38557887153	0.0661922406933	3.67133368165	1.13910567282	0.934848918645	517
41	0.75	0.5	0.0	2.60382029752	1.5826963643	0.189416094532	3.15612512473	1.23999511151	1.07444111643	518
41	0.75	0.75	0.0	2.16467299366	1.76009302133	0.313607917926	2.63655228998	1.32642788305	1.20942675736	519
41	0.75	1.0	0.0	1.72443028482	1.87177713604	0.384475620782	2.13259161255	1.39575353235	1.31425768462	520
41	1.0	0.0	0.0	3.617216117	1.347498703	-0.072898647	4.17556931186	1.16653980279	0.666909087952	521
41	1.0	0.25	0.0	3.10279685399	1.51913335009	-0.0301462297494	3.68454603483	1.28400203804	0.764747183903	522
41	1.0	0.5	0.0	2.63916305471	1.71464397544	0.0650204686222	3.16719648351	1.37406340804	0.877994147491	523
41	1.0	0.75	0.0	2.20161808558	1.87998274532	0.156518401683	2.64549569839	1.4407622716	0.981418873544	524
41	1.0	1.0	0.0	1.765465313	1.961101826	0.188264523	2.14141871993	1.4881369875	1.04979025689	525
42	0.0	0.0	0.0	1.523083875	1.29325898	0.819198053	2.08723945513	0.815903641145	2.03915825942	526
42	0.0	0.25	0.0	1.08268833266	1.38900262243	0.977456545732	1.60276490145	0.87643592867	2.22130774699	527
42	0.0	0.5	0.0	0.624962012259	1.48992609573	1.17988002954	1.07357770008	0.934790541586	2.4315293149	528
42	0.0	0.75	0.0	0.176326448981	1.59692480941	1.36228471408	0.541171409384	0.999954151802	2.62027112078	529
42	0.0	1.0	0.0	-0.236796822	1.710894173	1.460486809	0.0470395877353	1.08091343123	2.73798132223	530
42	0.25	0.0	0.0	1.57107569915	1.49545162661	0.707269761681	2.09064969065	1.02391188695	1.84400833178	531
42	0.25	0.25	0.0	1.12987739925	1.60715486167	0.853373728949	1.60417225775	1.10385930839	2.01137367901	532
42	0.25	0.5	0.0	0.670409016464	1.7339086255	1.04510308265	1.07331496461	1.18673252069	2.20487192101	533
42	0.25	0.75	0.0	0.218311155824	1.86683692794	1.22773333667	0.539746158628	1.27338013363	2.38398666963	534
42	0.25	1.0	0.0	-0.200775577635	1.99706377884	1.34654000488	0.0451341872351	1.36465075696	2.50820153673	535
42	0.5	0.0	0.0	1.64891245798	1.70242570743	0.559919825642	2.11071783962	1.2291035081	1.59068592488	536
42	0.5	0.25	0.0	1.19777447903	1.81150646043	0.66883767002	1.61478219089	1.308835578	1.72415592384	537
42	0.5	0.5	0.0	0.727024231632	1.94672507917	0.823804416743	1.08277605214	1.39531508806	1.8752960497	538
42	0.5	0.75	0.0	0.262196241629	2.08870996955	0.976418415486	0.549015294901	1.48201764285	2.01257773204	539
42	0.5	1.0	0.0	-0.171174965137	2.21808953746	1.07827801592	0.0478157907332	1.56241884696	2.10447240045	540
42	0.75	0.0	0.0	1.72443028482	1.87177713604	0.384475620782	2.13259161255	1.39575353235	1.31425768462	541
42	0.75	0.25	0.0	1.26164999933	1.96289686131	0.445644784527	1.62636376966	1.46334732927	1.40463913159	542
42	0.75	0.5	0.0	0.777113736048	2.09495617701	0.55343821702	1.09311127012	1.54283274032	1.50389138627	543
42	0.75	0.75	0.0	0.298170852678	2.24123672881	0.6664736012	0.559544889377	1.62465676606	1.59100339651	544
42	0.75	1.0	0.0	-0.14782929307	2.37502016234	0.743368620007	0.0523754028841	1.69926640706	1.64496411018	545
42	1.0	0.0	0.0	1.765465313	1.961101826	0.188264523	2.14141871993	1.4881369875	1.04979025689	546
42	1.0	0.25	0.0	1.29677438749	2.0221655069	0.205591488054	1.63068606284	1.53937715398	1.0978079524	547
42	1.0	0.5	0.0	0.802983607996	2.1451826393	0.27145866869	1.095470926	1.61157997411	1.15174761601	548
42	1.0	0.75	0.0	0.31642413525	2.3031100003	0.356032544481	0.561901013233	1.70008758984	1.20422275152	549
42	1.0	1.0	0.0	-0.13057287	2.468904367	0.429479595	0.0561040283423	1.80024214309	1.24784686272	550
43	0.0	0.0	0.0	3.617216117	1.347498703	-0.072898647	4.17556931186	1.16653980279	0.666909087952	551
43	0.0	0.25	0.0	3.10279685399	1.51913335009	-0.0301462297494	3.68454603483	1.28400203804	0.764747183903	552
43	0.0	0.5	0.0	2.63916305471	1.71464397544	0.0650204686222	3.16719648351	1.37406340804	0.877994147491	553
43	0.0	0.75	0.0	2.20161808558	1.87998274532	0.156518401683	2.64549569839	1.4407622716	0.981418873544	554
43	0.0	1.0	0.0	1.765465313	1.961101826	0.188264523	2.14141871993	1.4881369875	1.04979025689	555
43	0.25	0.0	0.0	3.66339579359	1.44327574044	-0.135481139746	4.19322219834	1.25892357009	0.531002784518	556
43	0.25	0.25	0.0	3.13395717479	1.61663682249	-0.122436992756	3.69688596538	1.38202901101	0.607546095406	557
43	0.25	0.5	0.0	2.6598360429	1.80675983513	-0.0654075251572	3.17324827804	1.46552138732	0.690259670651	558
43	0.25	0.75	0.0	2.21570545312	1.95635877498	-0.0132332955619	2.64581254265	1.51731362502	0.760948070589	559
43	0.25	1.0	0.0	1.77623846065	2.00814763866	-0.0147548625828	2.13808216555	1.54531865008	0.801415855556	560
43	0.5	0.0	0.0	3.71221053615	1.55322230384	-0.216827611592	4.21980981971	1.36062527182	0.352880292848	561
43	0.5	0.25	0.0	3.16933486352	1.727393666	-0.242865411846	3.71456471123	1.49101552369	0.401792863969	562
43	0.5	0.5	0.0	2.68567745334	1.91269263582	-0.225363760477	3.1842288654	1.57357454321	0.455257745373	563
43	0.5	0.75	0.0	2.2344284508	2.05067191027	-0.208426909121	2.65059396958	1.61700102624	0.500103375968	564
43	0.5	1.0	0.0	1.78877800105	2.08288418632	-0.236159109409	2.13545171113	1.62999366862	0.523158194661	565
43	0.75	0.0	0.0	3.75368467089	1.64847590807	-0.303909100892	4.24607961553	1.44788305692	0.169156510391	566
43	0.75	0.25	0.0	3.20097395546	1.82309837152	-0.366231871896	3.73257981766	1.58564708707	0.189858736595	567
43	0.75	0.5	0.0	2.71100549393	2.01022932839	-0.386366328209	3.19702738881	1.67200967875	0.215752857913	568
43	0.75	0.75	0.0	2.25613139383	2.14953256223	-0.400692388772	2.65884377987	1.71655354278	0.23832642998	569
43	0.75	1.0	0.0	1.80870376267	2.18067185657	-0.44558997253	2.13745044174	1.72886139001	0.24906700843	570
43	1.0	0.0	0.0	3.777842524	1.700174068	-0.383696646	4.26277902536	1.49693507434	0.0164463345966	571
43	1.0	0.25	0.0	3.22091848593	1.8754454299	-0.467336757785	3.74592882996	1.64060921215	0.0141149602853	572
43	1.0	0.5	0.0	2.73013837258	2.07715686369	-0.519933319221	3.20853299148	1.73461359695	0.0145094945268	573
43	1.0	0.75	0.0	2.27915859744	2.23955114189	-0.561659684296	2.66956577422	1.79270024215	0.0150588729263	574
43	1.0	1.0	0.0	1.841635574	2.296871037	-0.612689207	2.14800144244	1.82862116111	0.0131920310894	575
44	0.0	0.0	0.0	1.765465313	1.961101826	0.188264523	2.14141871993	1.4881369875	1.04979025689	576
44	0.0	0.25	0.0	1.29677438749	2.0221655069	0.205591488054	1.63068606284	1.53937715398	1.0978079524	577
44	0.0	0.5	0.0	0.802983607996	2.1451826393	0.27145866869	1.095470926	1.61157997411	1.15174761601	578
44	0.0	0.75	0.0	0.31642413525	2.3031100003	0.356032544481	0.561901013233	1.70008758984	1.20422275152	579
44	0.0	1.0	0.0	-0.13057287	2.468904367	0.429479595	0.0561040283423	1.80024214309	1.24784686272	580
44	0.25	0.0	0.0	1.77623846065	2.00814763866	-0.0147548625828	2.13808216555	1.54531865008	0.801415855556	581
44	0.25	0.25	0.0	1.30812894765	2.04581736183	-0.0195063479291	1.62831958062	1.58286853639	0.829340686614	582
44	0.25	0.5	0.0	0.813606170124	2.1673395318	0.0348319747415	1.09258136566	1.6531525804	0.870175868332	583
44	0.25	0.75	0.0	0.327943635956	2.33847586232	0.118981417717	0.559071402121	1.74990580755	0.917460154468	584
44	0.25	1.0	0.0	-0.113585146994	2.52498806717	0.203663293285	0.0559935714213	1.86686324326	0.96473229878	585
44	0.5	0.0	0.0	1.78877800105	2.08288418632	-0.236159109409	2.13545171113	1.62999366862	0.523158194661	586
44	0.5	0.25	0.0	1.32366088955	2.1112869372	-0.256940083377	1.62683483047	1.659011526	0.537958682919	587
44	0.5	0.5	0.0	0.832654125825	2.24027563316	-0.213508258806	1.09179158406	1.73150191016	0.563467981969	588
44	0.5	0.75	0.0	0.350894645098	2.4196738319	-0.135263574955	0.558273019078	1.82943680295	0.594403751218	589
44	0.5	1.0	0.0	-0.0864806174028	2.59930509118	-0.0516059710839	0.0542301827097	1.93478818621	0.625483650071	590
44	0.75	0.0	0.0	1.80870376267	2.18067185657	-0.44558997253	2.13745044174	1.72886139001	0.24906700843	591
44	0.75	0.25	0.0	1.34968233181	2.21269292999	-0.474574739658	1.63019446887	1.75973272065	0.254619261811	592
44	0.75	0.5	0.0	0.86242570545	2.34930426773	-0.44160425257	1.09532799188	1.83456432524	0.265074845977	593
44	0.75	0.75	0.0	0.382610541192	2.52819190965	-0.373729748745	0.560634139937	1.92543727524	0.276919857161	594
44	0.75	1.0	0.0	-0.0540865033606	2.6870418956	-0.298002465661	0.0538960422361	2.00443264213	0.286640391596	595
44	1.0	0.0	0.0	1.841635574	2.296871037	-0.612689207	2.14800144244	1.82862116111	0.0131920310894	596
44	1.0	0.25	0.0	1.39250539302	2.34415403719	-0.640275338137	1.64236115228	1.87695871819	0.0102797437881	597
44	1.0	0.5	0.0	0.905219139351	2.47973875988	-0.617498227168	1.1054169998	1.95027618748	0.00844734940995	598
44	1.0	0.75	0.0	0.420424702753	2.64551809613	-0.563444418865	0.567283040529	2.02466392362	0.00687478768847	599
44	1.0	1.0	0.0	-0.021230027	2.783384937	-0.497200458	0.0580733300291	2.07621228124	0.0047419983573	600
49	0.0	0.0	0.0	5.033513745	0.404214198	-0.199999995	5.68093269502	0.0537561552075	0.0298887620758	601
49	0.0	0.25	0.0	4.93073011195	0.857008906162	-0.209720177143	5.53509853738	0.596203253418	0.0389808016553	602
49	0.0	0.5	0.0	4.67954683319	1.23002307537	-0.241228577766	5.19862418026	1.00191372623	0.0345669020754	603
49	0.0	0.75	0.0	4.29142920509	1.51412277339	-0.298046849755	4.74876566311	1.29434014331	0.0244533256258	604
49	0.0	1.0	0.0	3.777842524	1.700174068	-0.383696646	4.26277902536	1.49693507434	0.0164463345966	605
49	0.25	0.0	0.0	5.03012564172	0.403877000774	-0.20848763564	5.68081233107	0.0516958509195	0.0194564839869	606
49	0.25	0.25	0.0	4.92868052932	0.856087513691	-0.279288329137	5.53629531229	0.585550585366	-0.0580595972926	607
49	0.25	0.5	0.0	4.68074705567	1.23129902332	-0.345746784776	5.20320324337	0.992146638389	-0.11588346179	608
49	0.25	0.75	0.0	4.29663753175	1.51708930665	-0.419387970843	4.75793412113	1.29024760435	-0.159606002713	609
49	0.25	1.0	0.0	3.78666426855	1.70103614067	-0.511736855627	4.27688594234	1.49861707762	-0.19481811327	610
49	0.5	0.0	0.0	5.0226718145	0.40261169646	-0.215285106498	5.68054753037	0.0466397110692	0.00838081074223	611
49	0.5	0.25	0.0	4.91998296121	0.841152056653	-0.342788742503	5.53715404177	0.561859271068	-0.145049470143	612
49	0.5	0.5	0.0	4.67040374401	1.20192500545	-0.45580516377	5.20741914995	0.95767788797	-0.274363199905	613
49	0.5	0.75	0.0	4.28736512237	1.47786068225	-0.565725715818	4.76771116133	1.2508813996	-0.381279254275	614
49	0.5	1.0	0.0	3.78429805573	1.66188922642	-0.683941744168	4.2943983823	1.45825564379	-0.467516508984	615
49	0.75	0.0	0.0	5.01521798728	0.400037718667	-0.221702372856	5.68028272967	0.0402748977387	-0.0023146580037	616
49	0.75	0.25	0.0	4.90906250046	0.814740875293	-0.40359138145	5.53814451845	0.525680321759	-0.226643677288	617
49	0.75	0.5	0.0	4.65345591963	1.15398745195	-0.562733951213	5.21196836466	0.904844879367	-0.426204282755	618
49	0.75	0.75	0.0	4.26837843944	1.41558881266	-0.709826703302	4.77780236331	1.18954055139	-0.597121091839	619
49	0.75	1.0	0.0	3.77381025455	1.59735632146	-0.855566258875	4.31169460943	1.39153931866	-0.735518721976	620
49	1.0	0.0	0.0	5.011829884	0.395774501	-0.2290494	5.68016236572	0.03428857301	-0.0116063225963	621
49	1.0	0.25	0.0	4.90034423992	0.779392309856	-0.465066210186	5.53973653495	0.477564748678	-0.307497079117	622
49	1.0	0.5	0.0	4.63484260391	1.09957279297	-0.657863383568	5.21754735215	0.839985016973	-0.556738680821	623
49	1.0	0.75	0.0	4.24444394545	1.34942561035	-0.824457551916	4.78791330668	1.11952408204	-0.763686178183	624
49	1.0	1.0	0.0	3.758267234	1.522060422	-0.981865347	4.32515288793	1.31415664802	-0.932694621675	625
50	0.0	0.0	0.0	5.011829884	0.395774501	-0.2290494	5.68016236572	0.03428857301	-0.0116063225963	626
50	0.0	0.25	0.0	4.90034423992	0.779392309856	-0.465066210186	5.53973653495	0.477564748678	-0.307497079117	627
50	0.0	0.5	0.0	4.63484260391	1.09957279297	-0.657863383568	5.21754735215	0.839985016973	-0.556738680821	628
50	0.0	0.75	0.0	4.24444394545	1.34942561035	-0.824457551916	4.78791330668	1.11952408204	-0.763686178183	629
50	0.0	1.0	0.0	3.758267234	1.522060422	-0.981865347	4.32515288793	1.31415664802	-0.932694621675	630
50	0.25	0.0	0.0	5.01086637837	0.390637074792	-0.235911681207	5.68070833674	0.0277251460466	-0.0209250252891	631
50	0.25	0.25	0.0	4.89302762349	0.735338564005	-0.521870215294	5.54134185263	0.418159732179	-0.38283251738	632
50	0.25	0.5	0.0	4.6165293838	1.02997063659	-0.746558612816	5.22231958929	0.749839347583	-0.676954266596	633
50	0.25	0.75	0.0	4.22281124376	1.26268985116	-0.931755673592	4.79816987711	1.0116953213	-0.915643551037	634
50	0.25	1.0	0.0	3.75331278779	1.42165276636	-1.09924019744	4.34342104653	1.19265898236	-1.11125364881	635
50	0.5	0.0	0.0	5.008746666	0.384576681615	-0.241796046459	5.68190947299	0.0185275512076	-0.0322135178115	636
50	0.5	0.25	0.0	4.88542402255	0.679099760766	-0.573559134765	5.54230783548	0.343572282772	-0.453145794474	637
50	0.5	0.5	0.0	4.60081207455	0.936327004669	-0.835801364939	5.22491795548	0.626210515466	-0.800463399557	638
50	0.5	0.75	0.0	4.20935569051	1.14534911553	-1.05056478186	4.80827327675	0.854921950551	-1.08535454446	639
50	0.5	1.0	0.0	3.76549973893	1.29525679555	-1.2398914304	4.37090724304	1.01818628929	-1.31900744057	640
50	0.75	0.0	0.0	5.00662695363	0.37766097288	-0.246646513482	5.68311060924	0.00847464081108	-0.0424681121042	641
50	0.75	0.25	0.0	4.87936923009	0.61640123003	-0.617468390614	5.54342715462	0.260749665231	-0.51350132595	642
50	0.75	0.5	0.0	4.5894817351	0.833705848499	-0.914782124725	5.2280378514	0.489796053033	-0.910699844954	643
50	0.75	0.75	0.0	4.20170222505	1.01911983381	-1.15909965401	4.81934353347	0.682925546052	-1.24112231361	644
50	0.75	1.0	0.0	3.78076845635	1.16218819147	-1.37093291665	4.39974503472	0.827449886124	-1.5118273764	645
50	1.0	0.0	0.0	5.005663448	0.3699576	-0.2504071	5.68365658026	-0.000654732824801	-0.0486851201079	646
50	1.0	0.25	0.0	4.87669903909	0.552968301683	-0.650933404857	5.5454924812	0.17663914433	-0.55896352736	647
50	1.0	0.5	0.0	4.5843294244	0.737171119356	-0.972691376959	5.23437467771	0.36129349269	-0.991097368036	648
50	1.0	0.75	0.0	4.19747578676	0.905718436352	-1.23557506733	4.83250067514	0.529427684043	-1.35125001365	649
50	1.0	1.0	0.0	3.785059309	1.041762636	-1.459478527	4.42206797883	0.657161090171	-1.64558483573	650
53	0.0	0.0	0.0	5.005663448	0.3699576	-0.2504071	5.68365658026	-0.000654732824801	-0.0486851201079	651
53	0.0	0.25	0.0	4.87669903909	0.552968301683	-0.650933404857	5.5454924812	0.17663914433	-0.55896352736	652
53	0.0	0.5	0.0	4.5843294244	0.737171119356	-0.972691376959	5.23437467771	0.36129349269	-0.991097368036	653
53	0.0	0.75	0.0	4.19747578676	0.905718436352	-1.23557506733	4.83250067514	0.529427684043	-1.35125001365	654
53	0.0	1.0	0.0	3.785059309	1.041762636	-1.459478527	4.42206797883	0.657161090171	-1.64558483573	655
53	0.25	0.0	0.0	5.00246120503	0.357189416511	-0.253993180269	5.68321783652	-0.0167388586413	-0.0527420042096	656
53	0.25	0.25	0.0	4.86982058172	0.446261280629	-0.676966383451	5.54714596833	0.034942232166	-0.596662784785	657
53	0.25	0.5	0.0	4.5693797771	0.565580234508	-1.0118264051	5.24081036934	0.128478303177	-1.0549868316	658
53	0.25	0.75	0.0	4.17517791777	0.688375034285	-1.27866616907	4.84484857651	0.228681618179	-1.43488415842	659
53	0.25	1.0	0.0	3.76125413034	0.7878744361	-1.4975785992	4.43989812683	0.300364440963	-1.743524779	660
53	0.5	0.0	0.0	4.9954162705	0.344855352294	-0.254424920318	5.68225260029	-0.0363679959783	-0.0542095126914	661
53	0.5	0.25	0.0	4.85554364717	0.335964661347	-0.66902186601	5.54401623453	-0.109320178447	-0.591919802547	662
53	0.5	0.5	0.0	4.53981003983	0.371820838926	-0.990753570783	5.23360173251	-0.137219241943	-1.04690235493	663
53	0.5	0.75	0.0	4.13335925152	0.423469963757	-1.24042629746	4.83676839622	-0.145771499725	-1.42445403076	664
53	0.5	1.0	0.0	3.72133508527	0.461958114569	-1.43884630886	4.43927552764	-0.160683265049	-1.72987169095	665
53	0.75	0.0	0.0	4.98837133597	0.332820661931	-0.251689600458	5.68128736407	-0.0556977594626	-0.0525099612643	666
53	0.75	0.25	0.0	4.84141039101	0.228071004288	-0.635815862722	5.53924973888	-0.245723896004	-0.551260770317	667
53	0.75	0.5	0.0	4.51054371375	0.179313616994	-0.930801359046	5.22119839956	-0.395016384702	-0.981268792683	668
53	0.75	0.75	0.0	4.09161283013	0.156744179061	-1.15603845667	4.82004294	-0.515236070525	-1.34165298101	669
53	0.75	1.0	0.0	3.68045926606	0.130558369503	-1.33091952284	4.42869295408	-0.618043798443	-1.63153228796	670
53	1.0	0.0	0.0	4.985169093	0.3209506	-0.245774501	5.68084862033	-0.0708837637207	-0.0470656656392	671
53	1.0	0.25	0.0	4.83496296879	0.128572869904	-0.586064383778	5.53599294048	-0.363844729002	-0.481211877767	672
53	1.0	0.5	0.0	4.49650429999	0.0114792530966	-0.853298254923	5.21205000282	-0.604130367132	-0.872510999522	673
53	1.0	0.75	0.0	4.06953169569	-0.0660613655088	-1.06068565086	4.80645501358	-0.801016495075	-1.20817435952	674
53	1.0	1.0	0.0	3.653783765	-0.139780101	-1.221436108	4.41664317897	-0.963778929798	-1.47541328637	675
54	0.0	0.0	0.0	4.985169093	0.3209506	-0.245774501	5.68084862033	-0.0708837637207	-0.0470656656392	676
54	0.0	0.25	0.0	4.83496296879	0.128572869904	-0.586064383778	5.53599294048	-0.363844729002	-0.481211877767	677
54	0.0	0.5	0.0	4.49650429999	0.0114792530966	-0.853298254923	5.21205000282	-0.604130367132	-0.872510999522	678
54	0.0	0.75	0.0	4.06953169569	-0.0660613655088	-1.06068565086	4.80645501358	-0.801016495075	-1.20817435952	679
54	0.0	1.0	0.0	3.653783765	-0.139780101	-1.221436108	4.41664317897	-0.963778929798	-1.47541328637	680
54	0.25	0.0	0.0	4.98834284972	0.309987086729	-0.236923452844	5.68287558948	-0.0808066978629	-0.0318732601578	681
54	0.25	0.25	0.0	4.83978124045	0.0347609069342	-0.51746431733	5.53712970999	-0.465721209096	-0.379521872047	682
54	0.25	0.5	0.0	4.50446920053	-0.145835170913	-0.746237851439	5.21120605459	-0.775432633436	-0.699002873068	683
54	0.25	0.75	0.0	4.07893494828	-0.274373491534	-0.929761068867	4.80304463441	-1.02641086631	-0.976247403329	684
54	0.25	1.0	0.0	3.659706702	-0.393426399649	-1.07455098331	4.41058546056	-1.23512580314	-1.19718660293	685
54	0.5	0.0	0.0	4.9953251145	0.302110147309	-0.226278036202	5.68733492163	-0.0863943632004	-0.00727685740006	686
54	0.5	0.25	0.0	4.8503123657	-0.0457022838634	-0.430093967804	5.54122485999	-0.545786832466	-0.252227138108	687
54	0.5	0.5	0.0	4.52324454289	-0.296208666648	-0.600271886665	5.21451983691	-0.922382628563	-0.461966354532	688
54	0.5	0.75	0.0	4.10588028079	-0.490077905657	-0.740163149531	4.80446059455	-1.23352999644	-0.638524801385	689
54	0.5	1.0	0.0	3.68997821414	-0.667978905504	-0.853119113149	4.40828787503	-1.49657718103	-0.783932773381	690
54	0.75	0.0	0.0	5.00230737928	0.297362258984	-0.213915651709	5.69179425377	-0.0888529774423	0.0190365132086	691
54	0.75	0.25	0.0	4.86039819379	-0.102599244518	-0.329106127037	5.54492608563	-0.594754730824	-0.107863505383	692
54	0.75	0.5	0.0	4.54077676287	-0.4108787138	-0.434242621511	5.21658131616	-1.01985133757	-0.200398932754	693
54	0.75	0.75	0.0	4.13123923714	-0.661817907776	-0.526116200198	4.80378651001	-1.37838658786	-0.27228254564	694
54	0.75	1.0	0.0	3.71958176721	-0.889758585357	-0.601517928166	4.40356823188	-1.68460427192	-0.33722712078	695
54	1.0	0.0	0.0	5.005481136	0.295785899	-0.1999137	5.69382122292	-0.089388758298	0.0393798222425	696
54	1.0	0.25	0.0	4.86388057395	-0.125712517059	-0.219653586865	5.54488108208	-0.603338035881	0.045033196694	697
54	1.0	0.5	0.0	4.54501229632	-0.461082792062	-0.266992316891	5.21198045868	-1.0427097455	0.0467019034254	698
54	1.0	0.75	0.0	4.13588336128	-0.738236797784	-0.321844528221	4.79410599682	-1.41699334301	0.0452033719542	699
54	1.0	1.0	0.0	3.723500827	-0.985086406	-0.364124859	4.39024434059	-1.73567828427	0.0413550317981	700
57	0.0	0.0	0.0	5.005481136	0.295785899	-0.1999137	5.69382122292	-0.089388758298	0.0393798222425	701
57	0.0	0.25	0.0	4.86388057395	-0.125712517059	-0.219653586865	5.54488108208	-0.603338035881	0.045033196694	702
57	0.0	0.5	0.0	4.54501229632	-0.461082792062	-0.266992316891	5.21198045868	-1.0427097455	0.0467019034254	703
57	0.0	0.75	0.0	4.13588336128	-0.738236797784	-0.321844528221	4.79410599682	-1.41699334301	0.0452033719542	704
57	0.0	1.0	0.0	3.723500827	-0.985086406	-0.364124859	4.39024434059	-1.73567828427	0.0413550317981	705
57	0.25	0.0	0.0	5.00441575631	0.29755804686	-0.186435553781	5.69434814285	-0.0849077019277	0.0587611294928	706
57	0.25	0.25	0.0	4.8578904331	-0.10826262715	-0.11879414681	5.54216375982	-0.567687415749	0.182751329529	707
57	0.25	0.5	0.0	4.52713701634	-0.428542350224	-0.122492590154	5.20145375536	-0.980409973068	0.25295055228	708
57	0.25	0.75	0.0	4.10371929253	-0.689753515589	-0.155896948418	4.77431280358	-1.33136191221	0.293831920239	709
57	0.25	1.0	0.0	3.67920104819	-0.918368516471	-0.177373286209	4.3628355786	-1.62882977149	0.329868555898	710
57	0.5	0.0	0.0	5.002071921	0.302586834345	-0.173885190857	5.69550736668	-0.0739193157208	0.0842984466874	711
57	0.5	0.25	0.0	4.84590312368	-0.058245939711	-0.0229118338019	5.53896402876	-0.494858437579	0.312554181636	712
57	0.5	0.5	0.0	4.4922206458	-0.335431241624	0.0202587904348	5.1872204154	-0.852255068205	0.463995487158	713
57	0.5	0.75	0.0	4.04208094168	-0.555709640138	0.0132893411213	4.74592671039	-1.15524761656	0.568271629929	714
57	0.5	1.0	0.0	3.59654046562	-0.745821704	0.0138424775259	4.32073309752	-1.41297449159	0.655031876623	715
57	0.75	0.0	0.0	4.99972808569	0.310506329407	-0.162927007254	5.69666659052	-0.0600402219366	0.10824358456	716
57	0.75	0.25	0.0	4.83240834377	0.0141449356469	0.0590546847312	5.5354378451	-0.396549285375	0.424055097726	717
57	0.75	0.5	0.0	4.45292118561	-0.208555447568	0.140024987204	5.17197717312	-0.687901124363	0.650316442095	718
57	0.75	0.75	0.0	3.97428592175	-0.381082884216	0.153310485573	4.71593413023	-0.938493222285	0.816116597869	719
57	0.75	1.0	0.0	3.50952186274	-0.526925438279	0.172237765248	4.27695827206	-1.15272306253	0.950544545248	720
57	1.0	0.0	0.0	4.998662706	0.3209506	-0.154225399	5.69719351045	-0.0468870428341	0.122848353846	721
57	1.0	0.25	0.0	4.82189579147	0.0987173893111	0.118166741362	5.53174116502	-0.28445814314	0.506867422508	722
57	1.0	0.5	0.0	4.42189663666	-0.0747209493643	0.215569162483	5.15842076285	-0.517004234997	0.782393151126	723
57	1.0	0.75	0.0	3.92365184578	-0.210850960608	0.231762630113	4.69132147609	-0.730941495637	0.984960920905	724
57	1.0	1.0	0.0	3.452148023	-0.321159189	0.26052791	4.24453247691	-0.912686102291	1.15010611305	725
58	0.0	0.0	0.0	4.998662706	0.3209506	-0.154225399	5.69719351045	-0.0468870428341	0.122848353846	726
58	0.0	0.25	0.0	4.82189579147	0.0987173893111	0.118166741362	5.53174116502	-0.28445814314	0.506867422508	727
58	0.0	0.5	0.0	4.42189663666	-0.0747209493643	0.215569162483	5.15842076285	-0.517004234997	0.782393151126	728
58	0.0	0.75	0.0	3.92365184578	-0.210850960608	0.231762630113	4.69132147609	-0.730941495637	0.984960920905	729
58	0.0	1.0	0.0	3.452148023	-0.321159189	0.26052791	4.24453247691	-0.912686102291	1.15010611305	730
58	0.25	0.0	0.0	4.99722764303	0.332521727984	-0.148678686096	5.69593099683	-0.0318723127813	0.129132632814	731
58	0.25	0.25	0.0	4.81700481509	0.192579740508	0.148744955614	5.52661369874	-0.162990013134	0.553115357215	732
58	0.25	0.5	0.0	4.4092488646	0.0764576685604	0.246679543552	5.14442806738	-0.321554931892	0.854994802254	733
58	0.25	0.75	0.0	3.90360678069	-0.0155954203473	0.255593306672	4.66830168619	-0.481491034938	1.07561800332	734
58	0.25	1.0	0.0	3.42972555249	-0.0833304587052	0.285954473929	4.2171621386	-0.616722288152	1.25583199579	735
58	0.5	0.0	0.0	4.9940705045	0.344897839355	-0.146024498214	5.69315346685	-0.0119202768598	0.133409466035	736
58	0.5	0.25	0.0	4.81720113276	0.296581909416	0.156680168157	5.52025036937	-0.0320619733476	0.567772019498	737
58	0.5	0.5	0.0	4.41461410805	0.251703878349	0.250367091393	5.12930211329	-0.09256846233	0.881595021204	738
58	0.5	0.75	0.0	3.91025598511	0.219140905296	0.251994452124	4.6438651721	-0.168001495973	1.11212204069	739
58	0.5	1.0	0.0	3.42807331865	0.207770149396	0.278520430982	4.18749601929	-0.232922826443	1.29659664748	740
58	0.75	0.0	0.0	4.99091336597	0.357552081049	-0.146312635975	5.69037593688	0.00830988938398	0.134743973614	741
58	0.75	0.25	0.0	4.82044754659	0.401231020283	0.144642176612	5.51411435489	0.0960966428838	0.555957229322	742
58	0.75	0.5	0.0	4.42963071042	0.427402911211	0.228386953414	5.11510551522	0.135980986132	0.866858429678	743
58	0.75	0.75	0.0	3.93288543916	0.453960472872	0.222525883464	4.62156492613	0.1491204911	1.09717509814	744
58	0.75	1.0	0.0	3.44463431449	0.4987964243	0.244663155794	4.16170809585	0.156672729759	1.27663475817	745
58	1.0	0.0	0.0	4.989478303	0.3699576	-0.1495929	5.68911342326	0.0241590104036	0.132201275653	746
58	1.0	0.25	0.0	4.82470685871	0.497034197353	0.115300778602	5.50966883327	0.209256502225	0.522790806653	747
58	1.0	0.5	0.0	4.4459370151	0.579939998356	0.182494277025	5.10390088782	0.330119225935	0.81544964938	748
58	1.0	0.75	0.0	3.96078112294	0.649465738931	0.168747417685	4.60495394056	0.409468296122	1.03347924081	749
58	1.0	1.0	0.0	3.476851533	0.736402155	0.190820023	4.14597234515	0.470024827377	1.20018101791	750
61	0.0	0.0	0.0	4.989478303	0.3699576	-0.1495929	5.68911342326	0.0241590104036	0.132201275653	751
61	0.0	0.25	0.0	4.82470685871	0.497034197353	0.115300778602	5.50966883327	0.209256502225	0.522790806653	752
61	0.0	0.5	0.0	4.4459370151	0.579939998356	0.182494277025	5.10390088782	0.330119225935	0.81544964938	753
61	0.0	0.75	0.0	3.96078112294	0.649465738931	0.168747417685	4.60495394056	0.409468296122	1.03347924081	754
61	0.0	1.0	0.0	3.476851533	0.736402155	0.190820023	4.14597234515	0.470024827377	1.20018101791	755
61	0.25	0.0	0.0	4.99146080097	0.377886089317	-0.153379463926	5.6880768767	0.0304290036504	0.12654763487	756
61	0.25	0.25	0.0	4.83041865987	0.56051263416	0.0897054681358	5.50906554382	0.282094551842	0.487281376736	757
61	0.25	0.5	0.0	4.45998998013	0.68128527543	0.144611976305	5.1041923144	0.451097145643	0.756562766098	758
61	0.25	0.75	0.0	3.98299680913	0.776130211449	0.12385177391	4.60547377431	0.564004467654	0.955685663576	759
61	0.25	1.0	0.0	3.50226119423	0.880973640545	0.139936574278	4.14492650941	0.647384200476	1.10594392979	760
61	0.5	0.0	0.0	4.9958222965	0.384681626126	-0.158077097415	5.68579647427	0.0335758491046	0.117742432297	761
61	0.5	0.25	0.0	4.84089037489	0.625465253957	0.0613483204545	5.51050890559	0.356111475415	0.439921625561	762
61	0.5	0.5	0.0	4.48308649405	0.796444371085	0.104328786509	5.11293305538	0.581734181138	0.675114763235	763
61	0.5	0.75	0.0	4.01552950539	0.927826821815	0.073739697752	4.61813023284	0.735659269403	0.84474774806	764
61	0.5	1.0	0.0	3.53133826034	1.04982045045	0.0724564511866	4.15116174715	0.843102043341	0.97024648278	765
61	0.75	0.0	0.0	5.00018379203	0.390569375122	-0.163872057196	5.68351607185	0.0358149067459	0.107839903431	766
61	0.75	0.25	0.0	4.85393723455	0.686048917508	0.026503862875	5.51292985297	0.423411717607	0.382764693817	767
61	0.75	0.5	0.0	4.51370404222	0.908064899604	0.0576498691559	5.12468106973	0.702526012215	0.578368049863	768
61	0.75	0.75	0.0	4.05873055398	1.07737383809	0.0185600381852	4.63552115098	0.895933532922	0.715796937046	769
61	0.75	1.0	0.0	3.56826310878	1.21473224963	-0.00177155349834	4.16220152558	1.02641002208	0.816198320846	770
61	1.0	0.0	0.0	5.00216629	0.395774501	-0.1709506	5.68247952529	0.0393615365538	0.0988942837709	771
61	1.0	0.25	0.0	4.86737446966	0.736420485579	-0.0185533772857	5.51525932037	0.476099723084	0.317863722191	772
61	1.0	0.5	0.0	4.55032011002	0.998794475266	0.000580385764413	5.13399431639	0.793968318674	0.473585035055	773
61	1.0	0.75	0.0	4.11295129712	1.19758952832	-0.0415383558177	4.65024436351	1.01632808976	0.583964673322	774
61	1.0	1.0	0.0	3.617216117	1.347498703	-0.072898647	4.17556931186	1.16653980279	0.666909087952	775
62	0.0	0.0	0.0	5.00216629	0.395774501	-0.1709506	5.68247952529	0.0393615365538	0.0988942837709	776
62	0.0	0.25	0.0	4.86737446966	0.736420485579	-0.0185533772857	5.51525932037	0.476099723084	0.317863722191	777
62	0.0	0.5	0.0	4.55032011002	0.998794475266	0.000580385764413	5.13399431639	0.793968318674	0.473585035055	778
62	0.0	0.75	0.0	4.11295129712	1.19758952832	-0.0415383558177	4.65024436351	1.01632808976	0.583964673322	779
62	0.0	1.0	0.0	3.617216117	1.347498703	-0.072898647	4.17556931186	1.16653980279	0.666909087952	780
62	0.25	0.0	0.0	5.00706432984	0.400614956807	-0.178848113955	5.68223783306	0.0451324488689	0.0847536250199	781
62	0.25	0.25	0.0	4.8822167227	0.780375892014	-0.0673511190189	5.5189330899	0.52237794271	0.253390277221	782
62	0.25	0.5	0.0	4.58544975937	1.06966109994	-0.0561269612654	5.14595864169	0.862708869326	0.375107140114	783
62	0.25	0.75	0.0	4.16357294722	1.28508843221	-0.0954216363045	4.66886988047	1.09769936602	0.463209535335	784
62	0.25	1.0	0.0	3.66339579359	1.44327574044	-0.135481139746	4.19322219834	1.25892357009	0.531002784518	785
62	0.5	0.0	0.0	5.0178400175	0.403124796404	-0.184565819258	5.68170611015	0.0496892927851	0.0653010011658	786
62	0.5	0.25	0.0	4.90272326144	0.817215618699	-0.10372155067	5.5252888614	0.562630422624	0.198201835538	787
62	0.5	0.5	0.0	4.62594616129	1.13986328537	-0.104504297739	5.16665537265	0.929803956262	0.274273836873	788
62	0.5	0.75	0.0	4.2187086189	1.38166608442	-0.15338325365	4.70007318005	1.18465415292	0.317754243275	789
62	0.5	1.0	0.0	3.71221053615	1.55322230384	-0.216827611592	4.21980981971	1.36062527182	0.352880292848	790
62	0.75	0.0	0.0	5.02861570516	0.40406941255	-0.190738263681	5.68117438725	0.0526809132491	0.0453936381905	791
62	0.75	0.25	0.0	4.92139431487	0.84380488397	-0.145299595594	5.53158966664	0.589643435352	0.133123607047	792
62	0.75	0.5	0.0	4.66093621836	1.19733821578	-0.160791533343	5.18717904146	0.980967576293	0.163341599478	793
62	0.75	0.75	0.0	4.26558510669	1.46533876985	-0.219549545564	4.73099239625	1.25694892163	0.165526329315	794
62	0.75	1.0	0.0	3.75368467089	1.64847590807	-0.303909100892	4.24607961553	1.44788305692	0.169156510391	795
62	1.0	0.0	0.0	5.033513745	0.404214198	-0.199999995	5.68093269502	0.0537561552075	0.0298887620758	796
62	1.0	0.25	0.0	4.93073011195	0.857008906162	-0.209720177143	5.53509853738	0.596203253418	0.0389808016553	797
62	1.0	0.5	0.0	4.67954683319	1.23002307537	-0.241228577766	5.19862418026	1.00191372623	0.0345669020754	798
62	1.0	0.75	0.0	4.29142920509	1.51412277339	-0.298046849755	4.74876566311	1.29434014331	0.0244533256258	799
62	1.0	1.0	0.0	3.777842524	1.700174068	-0.383696646	4.26277902536	1.49693507434	0.0164463345966	800
