Elem	xi[0]	xi[1]	xi[2]	Y[0]	Y[1]	Y[2]	y[0]	y[1]	y[2]	Index
1	0.0	0.0	0.0	0.286175336	2.189973286	-0.291273722	0.172343994788	2.39346882031	0.390360343328	1
1	0.0	0.25	0.0	-0.20806914714	2.06272602387	-0.289080467095	-0.299510941652	2.26858747886	0.394583561433	2
1	0.0	0.5	0.0	-0.695301118249	1.97602389512	-0.29632619097	-0.752223178397	2.17463275627	0.426135062209	3
1	0.0	0.75	0.0	-1.18241619623	1.88830775081	-0.29699114836	-1.20481532725	2.08692960941	0.484881283006	4
1	0.0	1.0	0.0	-1.67631	1.758018442	-0.275055594	-1.67631	1.98080299514	0.570688661173	5
1	0.25	0.0	0.0	0.321687515997	2.06262178045	-0.514775502281	0.22000145111	2.34029715603	0.0261269665569	6
1	0.25	0.25	0.0	-0.182277427138	1.91229534526	-0.525597356885	-0.266731418244	2.16950179859	-0.00382067250394	7
1	0.25	0.5	0.0	-0.681311017678	1.81012566903	-0.547696835847	-0.73762699296	2.04761686653	0.00369834759751	8
1	0.25	0.75	0.0	-1.18065615897	1.71742627201	-0.555307781995	-1.20609764701	1.96056362327	0.064865813389	9
1	0.25	1.0	0.0	-1.68555575435	1.59551067447	-0.522664038158	-1.68555575435	1.89426333222	0.195863511398	10
1	0.5	0.0	0.0	0.381824743113	1.8542079148	-0.761240423262	0.291268109031	2.22856893332	-0.382519644988	11
1	0.5	0.25	0.0	-0.151058843958	1.68246792622	-0.781509897119	-0.218191139415	2.00489228195	-0.425621202754	12
1	0.5	0.5	0.0	-0.670355760303	1.573989145	-0.813470892897	-0.711264453339	1.85048183546	-0.440005224673	13
1	0.5	0.75	0.0	-1.1857569057	1.48669209407	-0.830270988567	-1.20262680832	1.76386906954	-0.382466561669	14
1	0.5	1.0	0.0	-1.70695317992	1.37849729632	-0.805057762099	-1.70695317992	1.74358545985	-0.209800064666	15
1	0.75	0.0	0.0	0.433447910673	1.5909861995	-0.974858447862	0.354369857025	2.04681234076	-0.77177020368	16
1	0.75	0.25	0.0	-0.126461022992	1.41071100347	-1.00075545901	-0.177633701955	1.77146177725	-0.808352526666	17
1	0.75	0.5	0.0	-0.663961843134	1.29802156124	-1.03575264386	-0.688166325378	1.5831409969	-0.826399216944	18
1	0.75	0.75	0.0	-1.19147326792	1.2097501229	-1.05397666593	-1.19637682574	1.49151031275	-0.762517128746	19
1	0.75	1.0	0.0	-1.72141401553	1.10272893852	-1.02955418874	-1.72141401553	1.50623003784	-0.553313116306	20
1	1.0	0.0	0.0	0.443417912	1.299211145	-1.099819539	0.377532583564	1.78355556694	-1.07781542189	21
1	1.0	0.25	0.0	-0.120531589629	1.13449181374	-1.12727141378	-0.168802702657	1.46591313279	-1.08954914159	22
1	1.0	0.5	0.0	-0.66365576318	1.01263015594	-1.15664637047	-0.68336337492	1.24550768467	-1.07690719156	23
1	1.0	0.75	0.0	-1.19156007714	0.900245264417	-1.15852071193	-1.18932171383	1.13815171746	-0.980687174419	24
1	1.0	1.0	0.0	-1.70985	0.763956232	-1.103470741	-1.70985	1.15965772604	-0.741686692809	25
2	0.0	0.0	0.0	0.443417912	1.299211145	-1.099819539	0.377532583564	1.78355556694	-1.07781542189	26
2	0.0	0.25	0.0	-0.120531589629	1.13449181374	-1.12727141378	-0.168802702657	1.46591313279	-1.08954914159	27
2	0.0	0.5	0.0	-0.66365576318	1.01263015594	-1.15664637047	-0.68336337492	1.24550768467	-1.07690719156	28
2	0.0	0.75	0.0	-1.19156007714	0.900245264417	-1.15852071193	-1.18932171383	1.13815171746	-0.980687174419	29
2	0.0	1.0	0.0	-1.70985	0.763956232	-1.103470741	-1.70985	1.15965772604	-0.741686692809	30
2	0.25	0.0	0.0	0.41137200817	0.973945737329	-1.16264329407	0.348710535606	1.42227379803	-1.29208275873	31
2	0.25	0.25	0.0	-0.125937196177	0.845944989711	-1.18671935097	-0.186891407325	1.12249617557	-1.26539047165	32
2	0.25	0.5	0.0	-0.652741158674	0.732253445556	-1.2023431927	-0.692609671432	0.924197705371	-1.19410792997	33
2	0.25	0.75	0.0	-1.16662104783	0.617552874755	-1.18355331371	-1.18113497396	0.829218000708	-1.06308048395	34
2	0.25	1.0	0.0	-1.66515803216	0.486525047197	-1.10438820846	-1.66515803216	0.839396674864	-0.857153483863	35
2	0.5	0.0	0.0	0.373501615575	0.643585088578	-1.23060538965	0.293633880019	1.02893997781	-1.44053846698	36
2	0.5	0.25	0.0	-0.126890675743	0.53700762532	-1.24745569854	-0.20637360619	0.795961801838	-1.37873035807	37
2	0.5	0.5	0.0	-0.624934363929	0.424776302726	-1.25128185486	-0.696925888956	0.643998450554	-1.26375991385	38
2	0.5	0.75	0.0	-1.11657788346	0.320268417701	-1.22537770009	-1.16504917444	0.563536382414	-1.13749350461	39
2	0.5	1.0	0.0	-1.59776966881	0.236861267146	-1.15303707574	-1.59776966881	0.545062055869	-1.04179750064	40
2	0.75	0.0	0.0	0.346784391443	0.320389940538	-1.32238131015	0.23559997999	0.649570333814	-1.56352282545	41
2	0.75	0.25	0.0	-0.12221102694	0.227231922441	-1.32409496848	-0.222904395344	0.49064837328	-1.47119812492	42
2	0.75	0.5	0.0	-0.594449349605	0.12129643546	-1.31948790154	-0.692742318759	0.394508711978	-1.33090086908	43
2	0.75	0.75	0.0	-1.06609664237	0.0335927702011	-1.29589984278	-1.14063883056	0.336899781683	-1.22725678447	44
2	0.75	1.0	0.0	-1.53331897105	-0.0048697827282	-1.24067052565	-1.53331897105	0.293570014169	-1.24489159763	45
2	1.0	0.0	0.0	0.348197993	0.016621035	-1.45664654	0.197906198704	0.330181093551	-1.70137611296	46
2	1.0	0.25	0.0	-0.110717248383	-0.0638299170542	-1.43125167276	-0.232138870882	0.210894251587	-1.58442309633	47
2	1.0	0.5	0.0	-0.575500086364	-0.147088448233	-1.42298687733	-0.676489252102	0.165327281403	-1.44056852157	48
2	1.0	0.75	0.0	-1.03984338291	-0.217273190796	-1.40702571348	-1.1074784576	0.145101117625	-1.35570087158	49
2	1.0	1.0	0.0	-1.49744	-0.258502777	-1.358541741	-1.49744	0.101836694881	-1.41570862928	50
5	0.0	0.0	0.0	0.348197993	0.016621035	-1.45664654	0.197906198704	0.330181093551	-1.70137611296	51
5	0.0	0.25	0.0	-0.110717248383	-0.0638299170542	-1.43125167276	-0.232138870882	0.210894251587	-1.58442309633	52
5	0.0	0.5	0.0	-0.575500086364	-0.147088448233	-1.42298687733	-0.676489252102	0.165327281403	-1.44056852157	53
5	0.0	0.75	0.0	-1.03984338291	-0.217273190796	-1.40702571348	-1.1074784576	0.145101117625	-1.35570087158	54
5	0.0	1.0	0.0	-1.49744	-0.258502777	-1.358541741	-1.49744	0.101836694881	-1.41570862928	55
5	0.25	0.0	0.0	0.388092152391	-0.746448243984	-1.90227886682	0.20380589505	-0.415823726407	-2.10080359085	56
5	0.25	0.25	0.0	-0.0810618905892	-0.809453629213	-1.79008002579	-0.224338903224	-0.510404450744	-1.94324923407	57
5	0.25	0.5	0.0	-0.560144630723	-0.847324351812	-1.73749005638	-0.636755301414	-0.484113662009	-1.80306345839	58
5	0.25	0.75	0.0	-1.03841286188	-0.895956863563	-1.68649175159	-1.05612341962	-0.421970390795	-1.70948075436	59
5	0.25	1.0	0.0	-1.50512337794	-0.991247616247	-1.57906790444	-1.50512337794	-0.408993667698	-1.69173561252	60
5	0.5	0.0	0.0	0.406253730739	-1.54020184535	-2.35456593025	0.283012237566	-1.21048824639	-2.43925397454	61
5	0.5	0.25	0.0	-0.0686330647931	-1.60874329184	-2.16259900796	-0.191788294102	-1.28056284005	-2.25742415335	62
5	0.5	0.5	0.0	-0.556456112714	-1.64585307164	-2.00429469856	-0.626562676346	-1.23327229629	-2.08715578795	63
5	0.5	0.75	0.0	-1.05697492465	-1.68104881603	-1.83614840673	-1.06978991408	-1.13871785713	-1.9396023901	64
5	0.5	1.0	0.0	-1.56994901221	-1.74384815629	-1.61465553717	-1.56994901221	-1.0670007646	-1.82591747159	65
5	0.75	0.0	0.0	0.410481860468	-2.31740145079	-2.71141725531	0.378158672646	-1.96425447549	-2.62908045195	66
5	0.75	0.25	0.0	-0.072615418318	-2.39922470741	-2.46600926679	-0.147570102643	-2.02882242029	-2.43576469661	67
5	0.75	0.5	0.0	-0.564190428698	-2.44534150219	-2.19490410222	-0.619138229476	-1.99730219679	-2.22705078558	68
5	0.75	0.75	0.0	-1.08374791971	-2.46443298074	-1.89443485169	-1.0992957335	-1.90894428002	-2.0303885301	69
5	0.75	1.0	0.0	-1.65079264038	-2.46518028869	-1.56093460531	-1.65079264038	-1.802999145	-1.87322774143	70
5	1.0	0.0	0.0	0.408575674	-3.030808742	-2.870742367	0.431878646683	-2.5875644228	-2.58263621096	71
5	1.0	0.25	0.0	-0.0921935984878	-3.11842367844	-2.61751144978	-0.104767387976	-2.68442469545	-2.38708770625	72
5	1.0	0.5	0.0	-0.583103475035	-3.14845653795	-2.28082156571	-0.587708813378	-2.69135693888	-2.15695372661	73
5	1.0	0.75	0.0	-1.10695019556	-3.13799329024	-1.89979025929	-1.09545867042	-2.63645265808	-1.96616192567	74
5	1.0	1.0	0.0	-1.70653	-3.104119905	-1.513535075	-1.70653	-2.54780335806	-1.88863995701	75
6	0.0	0.0	0.0	0.408575674	-3.030808742	-2.870742367	0.431878646683	-2.5875644228	-2.58263621096	76
6	0.0	0.25	0.0	-0.0921935984878	-3.11842367844	-2.61751144978	-0.104767387976	-2.68442469545	-2.38708770625	77
6	0.0	0.5	0.0	-0.583103475035	-3.14845653795	-2.28082156571	-0.587708813378	-2.69135693888	-2.15695372661	78
6	0.0	0.75	0.0	-1.10695019556	-3.13799329024	-1.89979025929	-1.09545867042	-2.63645265808	-1.96616192567	79
6	0.0	1.0	0.0	-1.70653	-3.104119905	-1.513535075	-1.70653	-2.54780335806	-1.88863995701	80
6	0.25	0.0	0.0	0.46452020752	-3.72962446608	-2.6503108878	0.49280292192	-3.19498128844	-2.151812977	81
6	0.25	0.25	0.0	-0.0620517746233	-3.80884798046	-2.43400780286	-0.0464644639778	-3.31905023084	-1.99147997458	82
6	0.25	0.5	0.0	-0.570202726263	-3.79098685993	-2.11975875934	-0.548266622944	-3.33723004335	-1.80165024104	83
6	0.25	0.75	0.0	-1.10697942159	-3.72647448392	-1.76248943795	-1.08259189866	-3.28838790912	-1.66370123013	84
6	0.25	1.0	0.0	-1.71942863481	-3.66574423184	-1.41712551938	-1.71942863481	-3.21139101129	-1.6590103956	85
6	0.5	0.0	0.0	0.584999997117	-4.41615150246	-2.07116924611	0.614206102742	-3.88362804782	-1.38502853554	86
6	0.5	0.25	0.0	0.0333026651248	-4.49675508031	-1.91070727462	0.0416673672561	-4.01364562009	-1.2917241979	87
6	0.5	0.5	0.0	-0.515189206844	-4.46706863816	-1.67742441938	-0.515962052114	-4.04761021392	-1.18459442437	88
6	0.5	0.75	0.0	-1.08895321178	-4.38015966341	-1.41641479899	-1.09117565541	-4.01131184177	-1.10299167519	89
6	0.5	1.0	0.0	-1.71646694269	-4.28909564344	-1.17277253205	-1.71646694269	-3.9305405161	-1.08626841058	90
6	0.75	0.0	0.0	0.692125063405	-4.89941950336	-1.33321765211	0.744156946595	-4.47956130187	-0.510786612901	91
6	0.75	0.25	0.0	0.122529599589	-4.98195570995	-1.22988123328	0.131922748211	-4.59844810392	-0.482067445801	92
6	0.75	0.5	0.0	-0.464094243634	-4.9679517657	-1.09287354356	-0.484921947624	-4.64692495191	-0.462767543669	93
6	0.75	0.75	0.0	-1.07223889399	-4.89116148095	-0.94721164395	-1.0998656278	-4.63002654335	-0.436686412357	94
6	0.75	1.0	0.0	-1.70639677922	-4.78533866607	-0.817912595455	-1.70639677922	-4.55278757571	-0.387623557716	95
6	1.0	0.0	0.0	0.708005427	-4.988458121	-0.636356316	0.830724210924	-4.80883765153	0.242409064597	96
6	1.0	0.25	0.0	0.1342889076	-5.06426060135	-0.573801047075	0.196596321373	-4.90369492304	0.243243212082	97
6	1.0	0.5	0.0	-0.462949163488	-5.0848861356	-0.505161129637	-0.449273156208	-4.95960175866	0.206849133999	98
6	1.0	0.75	0.0	-1.07620379608	-5.0515925888	-0.44052527438	-1.08731750295	-4.96933410117	0.182561406871	99
6	1.0	1.0	0.0	-1.69797	-4.965637826	-0.389982192	-1.69797	-4.92566789332	0.21971460722	100
9	0.0	0.0	0.0	0.708005427	-4.988458121	-0.636356316	0.830724210924	-4.80883765153	0.242409064597	101
9	0.0	0.25	0.0	0.1342889076	-5.06426060135	-0.573801047075	0.196596321373	-4.90369492304	0.243243212082	102
9	0.0	0.5	0.0	-0.462949163488	-5.0848861356	-0.505161129637	-0.449273156208	-4.95960175866	0.206849133999	103
9	0.0	0.75	0.0	-1.07620379608	-5.0515925888	-0.44052527438	-1.08731750295	-4.96933410117	0.182561406871	104
9	0.0	1.0	0.0	-1.69797	-4.965637826	-0.389982192	-1.69797	-4.92566789332	0.21971460722	105
9	0.25	0.0	0.0	0.622103407545	-4.59787181887	-0.0909415178472	0.83616128445	-4.72060931555	1.02254475526	106
9	0.25	0.25	0.0	0.0608316741567	-4.66057944357	-0.0307954545735	0.207434295533	-4.79808148815	1.04796091572	107
9	0.25	0.5	0.0	-0.519960950103	-4.70343192656	0.0480817885036	-0.432974255848	-4.86621833177	1.04193653603	108
9	0.25	0.75	0.0	-1.10814024581	-4.70867650639	0.116364297156	-1.07074835657	-4.91112162551	1.02665377983	109
9	0.25	1.0	0.0	-1.69157199353	-4.65856042164	0.144726157154	-1.69157199353	-4.91889314846	1.02429481078	110
9	0.5	0.0	0.0	0.507142886663	-3.89129679039	0.330947587705	0.786228371559	-4.27350206809	1.96586784166	111
9	0.5	0.25	0.0	-0.0293126304682	-3.94808834124	0.386339830947	0.172119758781	-4.34284101561	2.00427090531	112
9	0.5	0.5	0.0	-0.585346440482	-3.9935622135	0.460879293916	-0.459593362504	-4.41330764838	2.0175298277	113
9	0.5	0.75	0.0	-1.14367958124	-4.00962017941	0.521715283791	-1.0867109823	-4.46694683949	2.00697891394	114
9	0.5	1.0	0.0	-1.68703309059	-3.97816401118	0.535997107748	-1.68703309059	-4.48580346203	1.97395246915	115
9	0.75	0.0	0.0	0.405828929949	-3.03806222421	0.683859490155	0.727923784229	-3.61842607015	2.8738255556	116
9	0.75	0.25	0.0	-0.101932297564	-3.09145735938	0.736067152634	0.128123405405	-3.68438625638	2.91980889119	117
9	0.75	0.5	0.0	-0.633964231988	-3.12856234078	0.793023568356	-0.497900274232	-3.75064803138	2.94520854446	118
9	0.75	0.75	0.0	-1.16930310352	-3.14041049501	0.832010649806	-1.11473915629	-3.80169205392	2.93952872167	119
9	0.75	1.0	0.0	-1.68698514236	-3.11803514862	0.830310309469	-1.68698514236	-3.82199898275	2.8922736291	120
9	1.0	0.0	0.0	0.360866603	-2.207497309	1.022342679	0.708245834437	-2.90629148271	3.54786512888	121
9	1.0	0.25	0.0	-0.122815618421	-2.25535656302	1.07684885364	0.112915929691	-2.96912996144	3.6022105837	122
9	1.0	0.5	0.0	-0.640672921983	-2.28171765273	1.10430679358	-0.51666478909	-3.02801780368	3.63655222174	123
9	1.0	0.75	0.0	-1.1714921138	-2.28703434033	1.10373335948	-1.13436665472	-3.0802395796	3.64029511548	124
9	1.0	1.0	0.0	-1.69406	-2.271760388	1.074145412	-1.69406	-3.12307985934	3.60284433739	125
10	0.0	0.0	0.0	0.360866603	-2.207497309	1.022342679	0.708245834437	-2.90629148271	3.54786512888	126
10	0.0	0.25	0.0	-0.122815618421	-2.25535656302	1.07684885364	0.112915929691	-2.96912996144	3.6022105837	127
10	0.0	0.5	0.0	-0.640672921983	-2.28171765273	1.10430679358	-0.51666478909	-3.02801780368	3.63655222174	128
10	0.0	0.75	0.0	-1.1714921138	-2.28703434033	1.10373335948	-1.13436665472	-3.0802395796	3.64029511548	129
10	0.0	1.0	0.0	-1.69406	-2.271760388	1.074145412	-1.69406	-3.12307985934	3.60284433739	130
10	0.25	0.0	0.0	0.406175643636	-1.30951161399	1.45347115495	0.703640384489	-1.93674995068	3.99542356525	131
10	0.25	0.25	0.0	-0.082768298833	-1.37189600132	1.49642916403	0.102992531309	-2.02676961537	4.04307759574	132
10	0.25	0.5	0.0	-0.609952013276	-1.43756262037	1.44823542203	-0.53108006565	-2.13422356632	4.04051108095	133
10	0.25	0.75	0.0	-1.15958476687	-1.4904032381	1.35053387487	-1.15267149037	-2.2481627973	4.00446445588	134
10	0.25	1.0	0.0	-1.71587582681	-1.51430962146	1.24496846847	-1.71587582681	-2.35763830205	3.95167815556	135
10	0.5	0.0	0.0	0.504052093977	-0.378336836838	1.84088615072	0.663215304645	-0.739458787143	4.17985708994	136
10	0.5	0.25	0.0	-0.0211358117319	-0.458614530202	1.85743684167	0.0555662274604	-0.865718616992	4.21887281094	137
10	0.5	0.5	0.0	-0.57368164434	-0.564088683393	1.72210362759	-0.570929590019	-1.03205047494	4.17265740864	138
10	0.5	0.75	0.0	-1.15075143124	-0.66662273127	1.5134302105	-1.18353458628	-1.21529024053	4.08436180298	139
10	0.5	1.0	0.0	-1.74951119981	-0.738080108689	1.30996029245	-1.74951119981	-1.39227379332	3.99713691385	140
10	0.75	0.0	0.0	0.588809547829	0.515996517982	2.00491077188	0.598694690233	0.44831026842	4.02040843815	141
10	0.75	0.25	0.0	0.0271690797207	0.415815810884	1.99275956098	-0.0152166614094	0.300292520765	4.06104945509	142
10	0.75	0.5	0.0	-0.54539114501	0.276312996561	1.80486937968	-0.622574221595	0.0938923939174	4.00142244338	143
10	0.75	0.75	0.0	-1.1430799035	0.13364446381	1.53226277393	-1.21399749165	-0.138570495986	3.89650105487	144
10	0.75	1.0	0.0	-1.78010597291	0.0239666014297	1.26596228971	-1.78010597291	-0.36477653281	3.80125894141	145
10	1.0	0.0	0.0	0.594761599	1.303457946	1.765868124	0.521802636578	1.38928547654	3.43632034504	146
10	1.0	0.25	0.0	0.0272336123631	1.1827229825	1.73528499642	-0.0952098148535	1.25753328499	3.50106075403	147
10	1.0	0.5	0.0	-0.538609845121	1.02125125787	1.57549064774	-0.672374819775	1.0589959637	3.49523742374	148
10	1.0	0.75	0.0	-1.13465798029	0.859735630802	1.3468719727	-1.23110175567	0.825047849655	3.45739610967	149
10	1.0	1.0	0.0	-1.7928	0.73886896	1.109815866	-1.7928	0.587063279817	3.42608256735	150
13	0.0	0.0	0.0	0.594761599	1.303457946	1.765868124	0.521802636578	1.38928547654	3.43632034504	151
13	0.0	0.25	0.0	0.0272336123631	1.1827229825	1.73528499642	-0.0952098148535	1.25753328499	3.50106075403	152
13	0.0	0.5	0.0	-0.538609845121	1.02125125787	1.57549064774	-0.672374819775	1.0589959637	3.49523742374	153
13	0.0	0.75	0.0	-1.13465798029	0.859735630802	1.3468719727	-1.23110175567	0.825047849655	3.45739610967	154
13	0.0	1.0	0.0	-1.7928	0.73886896	1.109815866	-1.7928	0.587063279817	3.42608256735	155
13	0.25	0.0	0.0	0.548313875843	1.50424575939	1.55253006396	0.465910693796	1.61423078722	3.11530664683	156
13	0.25	0.25	0.0	-0.00532161842226	1.38985010119	1.5308216694	-0.137737544528	1.49792553364	3.19389292105	157
13	0.25	0.5	0.0	-0.562956879303	1.24136249596	1.41079066391	-0.696815543492	1.32107485352	3.22483434135	158
13	0.25	0.75	0.0	-1.14873659954	1.09300549761	1.23550122745	-1.23770946523	1.10784166225	3.23319476995	159
13	0.25	1.0	0.0	-1.78680547186	0.97900166007	1.04801753998	-1.78680547186	0.882388875247	3.24403806905	160
13	0.5	0.0	0.0	0.464439524897	1.65391567251	1.27609781038	0.372292386031	1.8041551486	2.73084325198	161
13	0.5	0.25	0.0	-0.0663828792677	1.56220440088	1.27917635349	-0.198662019619	1.70326141731	2.82305074202	162
13	0.5	0.5	0.0	-0.615231463158	1.45035065847	1.21500996297	-0.732546393106	1.55749196386	2.8947053519	163
13	0.5	0.75	0.0	-1.18363317385	1.33581344349	1.1112730515	-1.25036321313	1.37973154046	2.95421152201	164
13	0.5	1.0	0.0	-1.77311495841	1.23605175412	0.995640031746	-1.77311495841	1.18286489932	3.00997369273	165
13	0.75	0.0	0.0	0.371543492752	1.77707474762	0.986429507862	0.273647905974	1.96286906676	2.33561942243	166
13	0.75	0.25	0.0	-0.136379787324	1.70974016518	1.01840115771	-0.25708463285	1.87374976623	2.43830395687	167
13	0.75	0.5	0.0	-0.672673084071	1.6411442358	1.01394719387	-0.767066579276	1.7588209933	2.5488702973	168
13	0.75	0.75	0.0	-1.21898633203	1.5685154102	0.984351467655	-1.26434562601	1.62278305052	2.65688945357	169
13	0.75	1.0	0.0	-1.75696946575	1.48908213911	0.94089783039	-1.75696946575	1.47033624044	2.75193243555	170
13	1.0	0.0	0.0	0.298030726	1.898330047	0.733383301	0.202677446315	2.09418304781	1.98232442012	171
13	1.0	0.25	0.0	-0.195741959744	1.84241167774	0.786548191076	-0.292106776946	2.00959941065	2.08942230554	172
13	1.0	0.5	0.0	-0.712521229431	1.80667171835	0.833401005529	-0.78787531266	1.9156356404	2.23134901947	173
13	1.0	0.75	0.0	-1.2344347029	1.77146733954	0.864900498717	-1.27493933047	1.81906175865	2.37767165236	174
13	1.0	1.0	0.0	-1.74361	1.717155712	0.872005425	-1.74361	1.72664778702	2.49795729467	175
14	0.0	0.0	0.0	0.298030726	1.898330047	0.733383301	0.202677446315	2.09418304781	1.98232442012	176
14	0.0	0.25	0.0	-0.195741959744	1.84241167774	0.786548191076	-0.292106776946	2.00959941065	2.08942230554	177
14	0.0	0.5	0.0	-0.712521229431	1.80667171835	0.833401005529	-0.78787531266	1.9156356404	2.23134901947	178
14	0.0	0.75	0.0	-1.2344347029	1.77146733954	0.864900498717	-1.27493933047	1.81906175865	2.37767165236	179
14	0.0	1.0	0.0	-1.74361	1.717155712	0.872005425	-1.74361	1.72664778702	2.49795729467	180
14	0.25	0.0	0.0	0.267366856404	2.02007288402	0.497203486615	0.170993742571	2.20415012906	1.63058893492	181
14	0.25	0.25	0.0	-0.223732205594	1.9625357336	0.548589028919	-0.304977071107	2.12403715213	1.72187488744	182
14	0.25	0.5	0.0	-0.722343375368	1.94741773249	0.605006998153	-0.789878040764	2.05190991971	1.84632604387	183
14	0.25	0.75	0.0	-1.22455974299	1.93701657711	0.651025763583	-1.26871015403	1.99031774322	1.97611534832	184
14	0.25	1.0	0.0	-1.72647439855	1.89362996385	0.671213694472	-1.72647439855	1.94180993408	2.0834157449	185
14	0.5	0.0	0.0	0.262965236787	2.13452170787	0.209571671046	0.156228029983	2.30805218932	1.18789739928	186
14	0.5	0.25	0.0	-0.230614875159	2.05767232414	0.247727544983	-0.311097855298	2.22474975922	1.25800886627	187
14	0.5	0.5	0.0	-0.719413628896	2.02924492781	0.289877666337	-0.777719637314	2.1579770161	1.35261633939	188
14	0.5	0.75	0.0	-1.20902887037	2.00253800968	0.324648308206	-1.24268920456	2.09641933579	1.45154350537	189
14	0.5	1.0	0.0	-1.70505844553	1.93085006055	0.340665743689	-1.70505844553	2.02876209411	1.5346140509	190
14	0.75	0.0	0.0	0.273132514277	2.20378551103	-0.072318585296	0.157103662679	2.37984112195	0.744428354862	191
14	0.75	0.25	0.0	-0.223142883865	2.10025717801	-0.0526307804485	-0.30957414149	2.28263420907	0.7861398787	192
14	0.75	0.5	0.0	-0.708732654896	2.04212356259	-0.0359217950075	-0.761726037971	2.2076227036	0.846969485638	193
14	0.75	0.75	0.0	-1.19319628735	1.98173421	-0.022075963684	-1.21526231723	2.13080910248	0.916838143577	194
14	0.75	1.0	0.0	-1.68609326974	1.87143866547	-0.0109776211892	-1.68609326974	2.02819590263	0.985666820419	195
14	1.0	0.0	0.0	0.286175336	2.189973286	-0.291273722	0.172343994788	2.39346882031	0.390360343328	196
14	1.0	0.25	0.0	-0.20806914714	2.06272602387	-0.289080467095	-0.299510941652	2.26858747886	0.394583561433	197
14	1.0	0.5	0.0	-0.695301118249	1.97602389512	-0.29632619097	-0.752223178397	2.17463275627	0.426135062209	198
14	1.0	0.75	0.0	-1.18241619623	1.88830775081	-0.29699114836	-1.20481532725	2.08692960941	0.484881283006	199
14	1.0	1.0	0.0	-1.67631	1.758018442	-0.275055594	-1.67631	1.98080299514	0.570688661173	200
17	0.0	0.0	0.0	5.097498723	1.761457284	-0.648926891	5.33588547208	2.48322272066	0.188352578472	201
17	0.0	0.25	0.0	4.41317418932	1.904877855	-0.660262128358	4.71497707483	2.6801839083	0.208151894187	202
17	0.0	0.5	0.0	3.77857554107	2.26134990826	-0.675322601256	4.0867238225	2.91678825307	0.271405205369	203
17	0.0	0.75	0.0	3.18926867754	2.65166109614	-0.672097401026	3.44551856076	3.12061065863	0.345616396961	204
17	0.0	1.0	0.0	2.640819498	2.896599071	-0.628575619	2.78575413532	3.21922602861	0.398289353904	205
17	0.25	0.0	0.0	5.0877926253	1.75503623861	-0.819306644798	5.33800775798	2.47710080702	-0.0442675676195	206
17	0.25	0.25	0.0	4.41331206258	1.90719394233	-0.830957354436	4.72746099033	2.68680381804	-0.0336882506303	207
17	0.25	0.5	0.0	3.782042327	2.26309162888	-0.849361005362	4.10342062108	2.94035672931	0.0252567649355	208
17	0.25	0.75	0.0	3.19438816161	2.64563952764	-0.853301432101	3.47375892616	3.15702695127	0.0999812676649	209
17	0.25	1.0	0.0	2.65075430941	2.87774786796	-0.821562469176	2.84634818147	3.25608189436	0.157899046145	210
17	0.5	0.0	0.0	5.07089107337	1.75150421506	-1.01698076246	5.344103121	2.46026169927	-0.32076714997	211
17	0.5	0.25	0.0	4.41095059745	1.91916939471	-1.01936539776	4.7476577575	2.68236493012	-0.30992983815	212
17	0.5	0.5	0.0	3.79411676331	2.27461501364	-1.03505604705	4.1379298113	2.96106804889	-0.248828660596	213
17	0.5	0.75	0.0	3.21391421444	2.63980936453	-1.04883241377	3.52390913971	3.19841255341	-0.175197524684	214
17	0.5	1.0	0.0	2.66386759433	2.83672074003	-1.04547420139	2.91458560002	3.29643994151	-0.126770337789	215
17	0.75	0.0	0.0	5.05269204575	1.73398699498	-1.20642728665	5.35303886936	2.42606880934	-0.597317536981	216
17	0.75	0.25	0.0	4.41271774021	1.91677114073	-1.195712189	4.77097155963	2.65740673552	-0.581475728525	217
17	0.75	0.5	0.0	3.81021877528	2.27078167305	-1.21093509635	4.17741845651	2.95812850336	-0.514733030619	218
17	0.75	0.75	0.0	3.23544500205	2.61590739067	-1.23705174166	3.57724769484	3.21309174356	-0.442894632616	219
17	0.75	1.0	0.0	2.67864627159	2.77203709234	-1.25901785791	2.97532740946	3.30715408683	-0.411765723869	220
17	1.0	0.0	0.0	5.039093521	1.68561036	-1.35212426	5.36368231133	2.36788554913	-0.830090097055	221
17	1.0	0.25	0.0	4.4252414371	1.87596610902	-1.33022365881	4.79280657997	2.60246872522	-0.809228781906	222
17	1.0	0.5	0.0	3.82576828819	2.22645321763	-1.35552552331	4.20905362005	2.91074438425	-0.736338304523	223
17	1.0	0.75	0.0	3.24657869043	2.55567038993	-1.39632081141	3.61505308499	3.16938880022	-0.66608470866	224
17	1.0	1.0	0.0	2.69357726	2.68221633	-1.420900481	3.01343462824	3.25507824713	-0.653134038067	225
18	0.0	0.0	0.0	2.640819498	2.896599071	-0.628575619	2.78575413532	3.21922602861	0.398289353904	226
18	0.0	0.25	0.0	2.11748471549	2.88186948543	-0.542199276218	2.14633744215	3.13623799809	0.415261157563	227
18	0.0	0.5	0.0	1.53346400865	2.69549863803	-0.435092708437	1.47665966953	2.90910307911	0.414459963896	228
18	0.0	0.75	0.0	0.914460005984	2.43302156087	-0.340402121687	0.808176594675	2.6305903328	0.403591212589	229
18	0.0	1.0	0.0	0.286175336	2.189973286	-0.291273722	0.172343994788	2.39346882031	0.390360343328	230
18	0.25	0.0	0.0	2.65075430941	2.87774786796	-0.821562469176	2.84634818147	3.25608189436	0.157899046145	231
18	0.25	0.25	0.0	2.13022094257	2.84420632257	-0.745903454861	2.22448352034	3.16603369027	0.167288557417	232
18	0.25	0.5	0.0	1.55736928031	2.63102921511	-0.644970674088	1.55187140038	2.92795797401	0.136632134803	233
18	0.25	0.75	0.0	0.94894343425	2.3374299122	-0.555637049135	0.869910988373	2.62499803334	0.0836661479631	234
18	0.25	1.0	0.0	0.321687515997	2.06262178045	-0.514775502281	0.22000145111	2.34029715603	0.0261269665569	235
18	0.5	0.0	0.0	2.66386759433	2.83672074003	-1.04547420139	2.91458560002	3.29643994151	-0.126770337789	236
18	0.5	0.25	0.0	2.13515171611	2.76023587229	-0.992765367884	2.29249185835	3.18583380625	-0.145018056775	237
18	0.5	0.5	0.0	1.59216725829	2.50286870329	-0.893793958181	1.62844421143	2.91826069138	-0.217547054728	238
18	0.5	0.75	0.0	1.01452225568	2.16679934635	-0.79960422555	0.951637886061	2.57280944953	-0.308625021011	239
18	0.5	1.0	0.0	0.381824743113	1.8542079148	-0.761240423262	0.291268109031	2.22856893332	-0.382519644988	240
18	0.75	0.0	0.0	2.67864627159	2.77203709234	-1.25901785791	2.97532740946	3.30715408683	-0.411765723869	241
18	0.75	0.25	0.0	2.14115456669	2.63918154931	-1.2213956268	2.34487578856	3.16743096807	-0.465614917306	242
18	0.75	0.5	0.0	1.62350861979	2.32012494403	-1.11782525955	1.6913227683	2.85578208078	-0.579498372096	243
18	0.75	0.75	0.0	1.07213190856	1.93176168969	-1.01381133896	1.02453268052	2.45473375999	-0.699516622725	244
18	0.75	1.0	0.0	0.433447910673	1.5909861995	-0.974858447862	0.354369857025	2.04681234076	-0.77177020368	245
18	1.0	0.0	0.0	2.69357726	2.68221633	-1.420900481	3.01343462824	3.25507824713	-0.653134038067	246
18	1.0	0.25	0.0	2.15710702491	2.49026676841	-1.37040484314	2.37614864333	3.08261779776	-0.73845825647	247
18	1.0	0.5	0.0	1.63704404204	2.0919057788	-1.25332727704	1.7254517366	2.71629299173	-0.880642584702	248
18	1.0	0.75	0.0	1.08270783115	1.64294876854	-1.13976607742	1.05977076452	2.25148014335	-1.01524298557	249
18	1.0	1.0	0.0	0.443417912	1.299211145	-1.099819539	0.377532583564	1.78355556694	-1.07781542189	250
19	0.0	0.0	0.0	5.039093521	1.68561036	-1.35212426	5.36368231133	2.36788554913	-0.830090097055	251
19	0.0	0.25	0.0	4.4252414371	1.87596610902	-1.33022365881	4.79280657997	2.60246872522	-0.809228781906	252
19	0.0	0.5	0.0	3.82576828819	2.22645321763	-1.35552552331	4.20905362005	2.91074438425	-0.736338304523	253
19	0.0	0.75	0.0	3.24657869043	2.55567038993	-1.39632081141	3.61505308499	3.16938880022	-0.66608470866	254
19	0.0	1.0	0.0	2.69357726	2.68221633	-1.420900481	3.01343462824	3.25507824713	-0.653134038067	255
19	0.25	0.0	0.0	5.01432373687	1.57614294981	-1.47398937185	5.38451901889	2.26222302535	-1.06006155441	256
19	0.25	0.25	0.0	4.42154370935	1.74967550619	-1.46052529203	4.82429176887	2.48251290164	-1.06557496049	257
19	0.25	0.5	0.0	3.81672882459	2.0586770081	-1.52063476818	4.24080708082	2.76282770852	-1.03715812611	258
19	0.25	0.75	0.0	3.2353138526	2.3310023314	-1.58575723495	3.64247071763	2.98428863381	-1.0174300887	259
19	0.25	1.0	0.0	2.71273356338	2.39450635192	-1.58733212696	3.03768844221	3.02801686528	-1.0490098857	260
19	0.5	0.0	0.0	4.96981217523	1.41727873922	-1.59360267261	5.41150105626	2.1107627354	-1.30901121078	261
19	0.5	0.25	0.0	4.38844429235	1.56110008337	-1.58099797782	4.858946017	2.31003922295	-1.3472601665	262
19	0.5	0.5	0.0	3.78776723982	1.81054210682	-1.63153887257	4.26218604911	2.55808861388	-1.35236056436	263
19	0.5	0.75	0.0	3.21409079853	2.00640640469	-1.67980563975	3.64617931383	2.7368921455	-1.36143634096	264
19	0.5	1.0	0.0	2.71372474939	1.98949457206	-1.6603785622	3.03588397239	2.72843105513	-1.4116114329	265
19	0.75	0.0	0.0	4.92059830847	1.24267853552	-1.69785917882	5.42667385926	1.93174414401	-1.5392348208	266
19	0.75	0.25	0.0	4.34481173845	1.34614718589	-1.68986541528	4.88023329014	2.09969975713	-1.61134389239	267
19	0.75	0.5	0.0	3.7510835366	1.52007830872	-1.72550840563	4.27120018689	2.2986694993	-1.64509772891	268
19	0.75	0.75	0.0	3.18655470699	1.62976476998	-1.75543871926	3.63971227071	2.42243052311	-1.67260499889	269
19	0.75	1.0	0.0	2.6983662537	1.54049943566	-1.73030692559	3.02590726283	2.36475998114	-1.72597437083	270
19	1.0	0.0	0.0	4.881721609	1.086003146	-1.773653907	5.41208286374	1.74340671588	-1.7130281391	271
19	1.0	0.25	0.0	4.30951460001	1.14072415907	-1.78535130355	4.87161755409	1.86614657214	-1.81488563058	272
19	1.0	0.5	0.0	3.71887771766	1.2253154087	-1.83981393649	4.26585915609	1.98671276378	-1.8785217294	273
19	1.0	0.75	0.0	3.15635075674	1.24895958747	-1.88962916693	3.63660298537	2.03613495444	-1.92543759597	274
19	1.0	1.0	0.0	2.668473512	1.120839388	-1.887384356	3.02564435758	1.94544280776	-1.9771343907	275
20	0.0	0.0	0.0	2.69357726	2.68221633	-1.420900481	3.01343462824	3.25507824713	-0.653134038067	276
20	0.0	0.25	0.0	2.15710702491	2.49026676841	-1.37040484314	2.37614864333	3.08261779776	-0.73845825647	277
20	0.0	0.5	0.0	1.63704404204	2.0919057788	-1.25332727704	1.7254517366	2.71629299173	-0.880642584702	278
20	0.0	0.75	0.0	1.08270783115	1.64294876854	-1.13976607742	1.05977076452	2.25148014335	-1.01524298557	279
20	0.0	1.0	0.0	0.443417912	1.299211145	-1.099819539	0.377532583564	1.78355556694	-1.07781542189	280
20	0.25	0.0	0.0	2.71273356338	2.39450635192	-1.58733212696	3.03768844221	3.02801686528	-1.0490098857	281
20	0.25	0.25	0.0	2.19158243824	2.14406298786	-1.48432130014	2.38429947041	2.80536565806	-1.13208111598	282
20	0.25	0.5	0.0	1.64180764312	1.71622578304	-1.33418275098	1.71416752216	2.39313592	-1.21464345068	283
20	0.25	0.75	0.0	1.05215541933	1.27238870902	-1.20444668159	1.03355155728	1.89691088777	-1.27515722114	284
20	0.25	1.0	0.0	0.41137200817	0.973945737329	-1.16264329407	0.348710535606	1.42227379803	-1.29208275873	285
20	0.5	0.0	0.0	2.71372474939	1.98949457206	-1.6603785622	3.03588397239	2.72843105513	-1.4116114329	286
20	0.5	0.25	0.0	2.19189057348	1.69001877009	-1.54221080504	2.3566301193	2.43812289579	-1.47298033116	287
20	0.5	0.5	0.0	1.62110155839	1.27946243082	-1.39241876171	1.65711941878	1.9733012629	-1.4861228201	288
20	0.5	0.75	0.0	1.01156835535	0.887444791304	-1.26916332549	0.961428471962	1.46117175681	-1.46924137396	289
20	0.5	1.0	0.0	0.373501615575	0.643585088578	-1.23060538965	0.293633880019	1.02893997781	-1.44053846698	290
20	0.75	0.0	0.0	2.6983662537	1.54049943566	-1.73030692559	3.02590726283	2.36475998114	-1.72597437083	291
20	0.75	0.25	0.0	2.170531579	1.21706245861	-1.62216712459	2.32146908776	2.02694251461	-1.76046985705	292
20	0.75	0.5	0.0	1.59230529705	0.846918738719	-1.48675680748	1.59263085106	1.53374732534	-1.71654876614	293
20	0.75	0.75	0.0	0.979214027864	0.518537993515	-1.37114014557	0.882853999528	1.02726105215	-1.63672759124	294
20	0.75	1.0	0.0	0.346784391443	0.320389940538	-1.32238131015	0.23559997999	0.649570333814	-1.56352282545	295
20	1.0	0.0	0.0	2.668473512	1.120839388	-1.887384356	3.02564435758	1.94544280776	-1.9771343907	296
20	1.0	0.25	0.0	2.14000560314	0.814122396947	-1.80228402553	2.30714487353	1.61787751817	-1.99386364867	297
20	1.0	0.5	0.0	1.57279836828	0.483897723303	-1.67591838654	1.5590252436	1.1514324122	-1.92738936198	298
20	1.0	0.75	0.0	0.973359825539	0.196089293758	-1.54760127828	0.837280630947	0.678177075455	-1.81684802022	299
20	1.0	1.0	0.0	0.348197993	0.016621035	-1.45664654	0.197906198704	0.330181093551	-1.70137611296	300
25	0.0	0.0	0.0	4.881721609	1.086003146	-1.773653907	5.41208286374	1.74340671588	-1.7130281391	301
25	0.0	0.25	0.0	4.30951460001	1.14072415907	-1.78535130355	4.87161755409	1.86614657214	-1.81488563058	302
25	0.0	0.5	0.0	3.71887771766	1.2253154087	-1.83981393649	4.26585915609	1.98671276378	-1.8785217294	303
25	0.0	0.75	0.0	3.15635075674	1.24895958747	-1.88962916693	3.63660298537	2.03613495444	-1.92543759597	304
25	0.0	1.0	0.0	2.668473512	1.120839388	-1.887384356	3.02564435758	1.94544280776	-1.9771343907	305
25	0.25	0.0	0.0	4.81939671313	0.631234612536	-1.94563356981	5.31773495262	1.16241115542	-1.99478768519	306
25	0.25	0.25	0.0	4.2679055946	0.595522516512	-2.03394506214	4.79008795823	1.19357503805	-2.1474081069	307
25	0.25	0.5	0.0	3.69498375021	0.545856222853	-2.18054685959	4.20955309515	1.17644875004	-2.26007389043	308
25	0.25	0.75	0.0	3.14159153217	0.458888037013	-2.3205803921	3.61044894546	1.10741262634	-2.3393912138	309
25	0.25	1.0	0.0	2.64868929271	0.311270264448	-2.38918708962	3.02709409123	0.982847001881	-2.391966255	310
25	0.5	0.0	0.0	4.78819473437	0.0846052965857	-2.11093713512	5.24901957313	0.517330991412	-2.11801775315	311
25	0.5	0.25	0.0	4.26359754118	-0.0292086971956	-2.28084224206	4.73040513754	0.465282838972	-2.31742620554	312
25	0.5	0.5	0.0	3.72408577992	-0.165513372093	-2.51299845416	4.15532943691	0.347469852826	-2.48856654309	313
25	0.5	0.75	0.0	3.19616382482	-0.323388058636	-2.72896584996	3.56880746861	0.190035818454	-2.61874000241	314
25	0.5	1.0	0.0	2.70633605014	-0.501912087354	-2.85030450799	3.01585422999	0.0191245213345	-2.69524782009	315
25	0.75	0.0	0.0	4.78097829517	-0.472761811157	-2.22357297887	5.22988221756	-0.113505787381	-2.11581216792	316
25	0.75	0.25	0.0	4.27835493188	-0.65942167669	-2.4543093798	4.72243884196	-0.242296432738	-2.33971208609	317
25	0.75	0.5	0.0	3.77159621651	-0.860193773441	-2.74123956436	4.15350767377	-0.428709645687	-2.55140073143	318
25	0.75	0.75	0.0	3.27110563562	-1.07054562144	-3.00188048212	3.57400597521	-0.641835150807	-2.722099036	319
25	0.75	1.0	0.0	2.78728667575	-1.28594474073	-3.15374908262	3.0348510085	-0.850762672674	-2.82302793184	320
25	1.0	0.0	0.0	4.790610018	-0.95974372	-2.237549477	5.28426837817	-0.651771192192	-2.02126475443	321
25	1.0	0.25	0.0	4.29394225884	-1.22106861661	-2.48261301189	4.7960588214	-0.852729184732	-2.22903790814	322
25	1.0	0.5	0.0	3.80292746973	-1.48958537849	-2.76934103436	4.25440729814	-1.08057546332	-2.43597749952	323
25	1.0	0.75	0.0	3.3174549655	-1.75526157338	-3.02641923016	3.6883718857	-1.31403996304	-2.60808338877	324
25	1.0	1.0	0.0	2.837414061	-2.008064769	-3.182533285	3.12701066139	-1.53185261894	-2.71135543613	325
26	0.0	0.0	0.0	2.668473512	1.120839388	-1.887384356	3.02564435758	1.94544280776	-1.9771343907	326
26	0.0	0.25	0.0	2.14000560314	0.814122396947	-1.80228402553	2.30714487353	1.61787751817	-1.99386364867	327
26	0.0	0.5	0.0	1.57279836828	0.483897723303	-1.67591838654	1.5590252436	1.1514324122	-1.92738936198	328
26	0.0	0.75	0.0	0.973359825539	0.196089293758	-1.54760127828	0.837280630947	0.678177075455	-1.81684802022	329
26	0.0	1.0	0.0	0.348197993	0.016621035	-1.45664654	0.197906198704	0.330181093551	-1.70137611296	330
26	0.25	0.0	0.0	2.64868929271	0.311270264448	-2.38918708962	3.02709409123	0.982847001881	-2.391966255	331
26	0.25	0.25	0.0	2.11985265617	0.047466107304	-2.35988168468	2.32876975032	0.712207607901	-2.41256814745	332
26	0.25	0.5	0.0	1.56916836897	-0.265859788574	-2.25795071475	1.58309902663	0.321578571555	-2.37498987079	333
26	0.25	0.75	0.0	0.993095258555	-0.555050285049	-2.09991087656	0.853603786186	-0.0880839316992	-2.2731091202	334
26	0.25	1.0	0.0	0.388092152391	-0.746448243984	-1.90227886682	0.20380589505	-0.415823726407	-2.10080359085	335
26	0.5	0.0	0.0	2.70633605014	-0.501912087354	-2.85030450799	3.01585422999	0.0191245213345	-2.69524782009	336
26	0.5	0.25	0.0	2.15951349735	-0.76247978454	-2.85362788252	2.36910778882	-0.243044331477	-2.7266391099	337
26	0.5	0.5	0.0	1.58159222067	-1.06984099563	-2.76410731715	1.65815444354	-0.591655210867	-2.70653148	338
26	0.5	0.75	0.0	0.99102227888	-1.35281019209	-2.59375070276	0.942840493381	-0.942279416087	-2.61678355876	339
26	0.5	1.0	0.0	0.406253730739	-1.54020184535	-2.35456593025	0.283012237566	-1.21048824639	-2.43925397454	340
26	0.75	0.0	0.0	2.78728667575	-1.28594474073	-3.15374908262	3.0348510085	-0.850762672674	-2.82302793184	341
26	0.75	0.25	0.0	2.22026763615	-1.56147527441	-3.17723705428	2.42175905967	-1.12064966976	-2.86528875548	342
26	0.75	0.5	0.0	1.60494179557	-1.86529849263	-3.10154135314	1.7407880626	-1.44421601696	-2.85676778777	343
26	0.75	0.75	0.0	0.98658719126	-2.13730901242	-2.94136655992	1.04267545452	-1.74942864272	-2.78289002212	344
26	0.75	1.0	0.0	0.410481860468	-2.31740145079	-2.71141725531	0.378158672646	-1.96425447549	-2.62908045195	345
26	1.0	0.0	0.0	2.837414061	-2.008064769	-3.182533285	3.12701066139	-1.53185261894	-2.71135543613	346
26	1.0	0.25	0.0	2.26339458207	-2.29528035815	-3.22442363521	2.4803236335	-1.79337977673	-2.75772930362	347
26	1.0	0.5	0.0	1.63408896584	-2.58948487433	-3.17740598216	1.78759645205	-2.09205092861	-2.76045239222	348
26	1.0	0.75	0.0	0.99923630044	-2.84866533109	-3.05500425103	1.09079337159	-2.37455087662	-2.70644719648	349
26	1.0	1.0	0.0	0.408575674	-3.030808742	-2.870742367	0.431878646683	-2.5875644228	-2.58263621096	350
27	0.0	0.0	0.0	4.790610018	-0.95974372	-2.237549477	5.28426837817	-0.651771192192	-2.02126475443	351
27	0.0	0.25	0.0	4.29394225884	-1.22106861661	-2.48261301189	4.7960588214	-0.852729184732	-2.22903790814	352
27	0.0	0.5	0.0	3.80292746973	-1.48958537849	-2.76934103436	4.25440729814	-1.08057546332	-2.43597749952	353
27	0.0	0.75	0.0	3.3174549655	-1.75526157338	-3.02641923016	3.6883718857	-1.31403996304	-2.60808338877	354
27	0.0	1.0	0.0	2.837414061	-2.008064769	-3.182533285	3.12701066139	-1.53185261894	-2.71135543613	355
27	0.25	0.0	0.0	4.87321667579	-1.45273328931	-2.06453028268	5.42959172026	-1.21432157755	-1.6743908138	356
27	0.25	0.25	0.0	4.38041875639	-1.78844207819	-2.27510103094	4.95099859174	-1.4763312024	-1.81501570532	357
27	0.25	0.5	0.0	3.89506387031	-2.12989591455	-2.51291066661	4.42980344608	-1.74551102028	-1.96742952087	358
27	0.25	0.75	0.0	3.41153227835	-2.45636290589	-2.72445434426	3.87022073528	-2.00320066105	-2.10573585627	359
27	0.25	1.0	0.0	2.9242042413	-2.74711115966	-2.85622721847	3.27646491133	-2.23073975454	-2.20403830736	360
27	0.5	0.0	0.0	5.03543377827	-1.94722154538	-1.71165242148	5.61619953973	-1.80845885884	-1.03846691054	361
27	0.5	0.25	0.0	4.55740514005	-2.34854583295	-1.86264546405	5.1273675206	-2.12223519903	-1.08727121741	362
27	0.5	0.5	0.0	4.07900256362	-2.76290260092	-2.02981024066	4.59748349313	-2.46172614581	-1.16073149729	363
27	0.5	0.75	0.0	3.5909346015	-3.1541981369	-2.17567877545	4.02901014851	-2.78826780895	-1.25022581242	364
27	0.5	1.0	0.0	3.08390980619	-3.4863387285	-2.26278309257	3.42441017793	-3.06319629823	-1.34713222504	365
27	0.75	0.0	0.0	5.19919952387	-2.33048175976	-1.26542489529	5.78838381936	-2.28996146534	-0.304075984011	366
27	0.75	0.25	0.0	4.73231942304	-2.77606375942	-1.34772463608	5.2815394908	-2.65248477499	-0.273917311637	367
27	0.75	0.5	0.0	4.2511971476	-3.23562167278	-1.4355861674	4.73186049	-3.05503755624	-0.275263341325	368
27	0.75	0.75	0.0	3.74797143813	-3.66451271128	-1.50816629844	4.1490328354	-3.44564024008	-0.312938042018	369
27	0.75	1.0	0.0	3.21478103523	-4.01809408634	-1.54462183839	3.54274254545	-3.77231325751	-0.391765382657	370
27	1.0	0.0	0.0	5.286452111	-2.489787204	-0.812356706	5.89043654188	-2.51460782637	0.338199026399	371
27	1.0	0.25	0.0	4.8125796186	-2.94567973611	-0.832816871866	5.36988838518	-2.9291235307	0.39693314478	372
27	1.0	0.5	0.0	4.30810122018	-3.39506936534	-0.845784857707	4.80734748741	-3.35126196791	0.429595034494	373
27	1.0	0.75	0.0	3.77495229141	-3.80305207389	-0.849990687945	4.21458150594	-3.75171678773	0.434742670139	374
27	1.0	1.0	0.0	3.215068208	-4.134723844	-0.844164387	3.60335809816	-4.10118163988	0.410934026312	375
28	0.0	0.0	0.0	2.837414061	-2.008064769	-3.182533285	3.12701066139	-1.53185261894	-2.71135543613	376
28	0.0	0.25	0.0	2.26339458207	-2.29528035815	-3.22442363521	2.4803236335	-1.79337977673	-2.75772930362	377
28	0.0	0.5	0.0	1.63408896584	-2.58948487433	-3.17740598216	1.78759645205	-2.09205092861	-2.76045239222	378
28	0.0	0.75	0.0	0.99923630044	-2.84866533109	-3.05500425103	1.09079337159	-2.37455087662	-2.70644719648	379
28	0.0	1.0	0.0	0.408575674	-3.030808742	-2.870742367	0.431878646683	-2.5875644228	-2.58263621096	380
28	0.25	0.0	0.0	2.9242042413	-2.74711115966	-2.85622721847	3.27646491133	-2.23073975454	-2.20403830736	381
28	0.25	0.25	0.0	2.34884749873	-3.03464301657	-2.89999544318	2.58298842123	-2.46956220258	-2.26137648838	382
28	0.25	0.5	0.0	1.72070287912	-3.30603003514	-2.8736449063	1.86163248048	-2.72370423688	-2.27808618235	383
28	0.25	0.75	0.0	1.07938793215	-3.54358594257	-2.78710644284	1.15177725779	-2.97242441349	-2.24471560624	384
28	0.25	1.0	0.0	0.46452020752	-3.72962446608	-2.6503108878	0.49280292192	-3.19498128844	-2.151812977	385
28	0.5	0.0	0.0	3.08390980619	-3.4863387285	-2.26278309257	3.42441017793	-3.06319629823	-1.34713222504	386
28	0.5	0.25	0.0	2.49969827082	-3.77231020518	-2.2830027479	2.73472126297	-3.29266377786	-1.42428471824	387
28	0.5	0.5	0.0	1.86458880223	-4.02110305958	-2.25056282317	2.00913414103	-3.4964886267	-1.45541828308	388
28	0.5	0.75	0.0	1.21441238336	-4.23496694193	-2.17632957153	1.28863401874	-3.68877524871	-1.44188289653	389
28	0.5	1.0	0.0	0.584999997117	-4.41615150246	-2.07116924611	0.614206102742	-3.88362804782	-1.38502853554	390
28	0.75	0.0	0.0	3.21478103523	-4.01809408634	-1.54462183839	3.54274254545	-3.77231325751	-0.391765382657	391
28	0.75	0.25	0.0	2.62034937075	-4.29910276537	-1.5348335126	2.87667730528	-4.00928932774	-0.475644987604	392
28	0.75	0.5	0.0	1.97992759561	-4.53451764887	-1.48789534129	2.16109333348	-4.18185894368	-0.523264535564	393
28	0.75	0.75	0.0	1.32626854733	-4.73205210535	-1.41646937196	1.43668756795	-4.32646772763	-0.534889814632	394
28	0.75	1.0	0.0	0.692125063405	-4.89941950336	-1.33321765211	0.744156946595	-4.47956130187	-0.510786612901	395
28	1.0	0.0	0.0	3.215068208	-4.134723844	-0.844164387	3.60335809816	-4.10118163988	0.410934026312	396
28	1.0	0.25	0.0	2.61520327094	-4.40584153858	-0.816875700546	2.95001169473	-4.36604367739	0.35535170911	397
28	1.0	0.5	0.0	1.98090011969	-4.64608750424	-0.765378069194	2.24850195758	-4.55127003343	0.287559219021	398
28	1.0	0.75	0.0	1.33691531735	-4.84408520902	-0.701321578995	1.53126181892	-4.68836619561	0.239322892148	399
28	1.0	1.0	0.0	0.708005427	-4.988458121	-0.636356316	0.830724210924	-4.80883765153	0.242409064597	400
33	0.0	0.0	0.0	5.286452111	-2.489787204	-0.812356706	5.89043654188	-2.51460782637	0.338199026399	401
33	0.0	0.25	0.0	4.8125796186	-2.94567973611	-0.832816871866	5.36988838518	-2.9291235307	0.39693314478	402
33	0.0	0.5	0.0	4.30810122018	-3.39506936534	-0.845784857707	4.80734748741	-3.35126196791	0.429595034494	403
33	0.0	0.75	0.0	3.77495229141	-3.80305207389	-0.849990687945	4.21458150594	-3.75171678773	0.434742670139	404
33	0.0	1.0	0.0	3.215068208	-4.134723844	-0.844164387	3.60335809816	-4.10118163988	0.410934026312	405
33	0.25	0.0	0.0	5.26673864837	-2.37679764155	-0.272086027245	5.90262780596	-2.43457153923	1.0392716211	406
33	0.25	0.25	0.0	4.77368553357	-2.79142711412	-0.286009957369	5.36950068998	-2.87466405145	1.07543791926	407
33	0.25	0.5	0.0	4.24408875828	-3.17823368469	-0.324505370516	4.79775246158	-3.26889912529	1.0711044872	408
33	0.25	0.75	0.0	3.68558194104	-3.52094117736	-0.364780174835	4.19888875822	-3.62353188599	1.05448624054	409
33	0.25	1.0	0.0	3.1057987004	-3.80327341621	-0.384042278478	3.58441521738	-3.94481745881	1.05379809493	410
33	0.5	0.0	0.0	5.19212524279	-2.06098905103	0.31385169655	5.84713041589	-2.12250213409	1.82836417389	411
33	0.5	0.25	0.0	4.68330785791	-2.39222851	0.276410791951	5.30074337925	-2.53721379756	1.86521586289	412
33	0.5	0.5	0.0	4.14182763665	-2.69218487662	0.16468625073	4.71767207619	-2.89474586066	1.84511152863	413
33	0.5	0.75	0.0	3.57112189998	-2.95799796315	0.0384869545847	4.11488439126	-3.20612362516	1.81112025556	414
33	0.5	1.0	0.0	2.97462796885	-3.18680758184	-0.0423782147906	3.50934820901	-3.48237239279	1.80631112813	415
33	0.75	0.0	0.0	5.11700536857	-1.61004210124	0.837606567319	5.7493755661	-1.63307390854	2.5335299021	416
33	0.75	0.25	0.0	4.5990563886	-1.85484309595	0.776784691141	5.19485405334	-2.00405264855	2.59739123148	417
33	0.75	0.5	0.0	4.05371014245	-2.07274070674	0.59317936936	4.60059854037	-2.33078062616	2.58046126307	418
33	0.75	0.75	0.0	3.47757362706	-2.2689314553	0.383845039427	3.99519139965	-2.61479596721	2.53760761307	419
33	0.75	1.0	0.0	2.86725383937	-2.4486118633	0.245836138792	3.40721500363	-2.85763679753	2.52369789769	420
33	1.0	0.0	0.0	5.0957725	-1.091637461	1.191328687	5.634794451	-1.02096116014	2.98282202311	421
33	1.0	0.25	0.0	4.57854092265	-1.2860300442	1.13745105525	5.0830703126	-1.36246048397	3.10308828085	422
33	1.0	0.5	0.0	4.03212856283	-1.45571894068	0.9323633487	4.48002406327	-1.67898187392	3.10599879479	423
33	1.0	0.75	0.0	3.4509385811	-1.60845067782	0.695328418801	3.87243277801	-1.96485287412	3.06691121096	424
33	1.0	1.0	0.0	2.829374138	-1.751971783	0.545609117	3.30707353183	-2.21440102873	3.06118317544	425
34	0.0	0.0	0.0	3.215068208	-4.134723844	-0.844164387	3.60335809816	-4.10118163988	0.410934026312	426
34	0.0	0.25	0.0	2.61520327094	-4.40584153858	-0.816875700546	2.95001169473	-4.36604367739	0.35535170911	427
34	0.0	0.5	0.0	1.98090011969	-4.64608750424	-0.765378069194	2.24850195758	-4.55127003343	0.287559219021	428
34	0.0	0.75	0.0	1.33691531735	-4.84408520902	-0.701321578995	1.53126181892	-4.68836619561	0.239322892148	429
34	0.0	1.0	0.0	0.708005427	-4.988458121	-0.636356316	0.830724210924	-4.80883765153	0.242409064597	430
34	0.25	0.0	0.0	3.1057987004	-3.80327341621	-0.384042278478	3.58441521738	-3.94481745881	1.05379809493	431
34	0.25	0.25	0.0	2.49856260722	-4.05322683921	-0.347777585118	2.93360880907	-4.22348891203	1.04812203675	432
34	0.25	0.5	0.0	1.87295769299	-4.2875090761	-0.261136249525	2.24371333234	-4.44389303396	1.01939545055	433
34	0.25	0.75	0.0	1.24284945925	-4.47832308371	-0.162672738251	1.53710531489	-4.60870733251	1.00005685162	434
34	0.25	1.0	0.0	0.622103407545	-4.59787181887	-0.0909415178472	0.83616128445	-4.72060931555	1.02254475526	435
34	0.5	0.0	0.0	2.97462796885	-3.18680758184	-0.0423782147906	3.50934820901	-3.48237239279	1.80631112813	436
34	0.5	0.25	0.0	2.35301000729	-3.40431767593	-0.0142835452912	2.8693235439	-3.74224470255	1.83359529931	437
34	0.5	0.5	0.0	1.73343556863	-3.61233156512	0.103876051743	2.18962785305	-3.97461055931	1.86822998453	438
34	0.5	0.75	0.0	1.11758605953	-3.78370576481	0.242239966135	1.48901238082	-4.15863975163	1.91179441993	439
34	0.5	1.0	0.0	0.507142886663	-3.89129679039	0.330947587705	0.786228371559	-4.27350206809	1.96586784166	440
34	0.75	0.0	0.0	2.86725383937	-2.4486118633	0.245836138792	3.40721500363	-2.85763679753	2.52369789769	441
34	0.75	0.25	0.0	2.22830191008	-2.62777626717	0.263498706324	2.78862309409	-3.09187508009	2.5771435682	442
34	0.75	0.5	0.0	1.60902789083	-2.79670239037	0.402428884626	2.12364230558	-3.31583265033	2.67619205103	443
34	0.75	0.75	0.0	1.00351061849	-2.93894584026	0.572568527852	1.43062506125	-3.50088961232	2.78652537167	444
34	0.75	1.0	0.0	0.405828929949	-3.03806222421	0.683859490155	0.727923784229	-3.61842607015	2.8738255556	445
34	1.0	0.0	0.0	2.829374138	-1.751971783	0.545609117	3.30707353183	-2.21440102873	3.06118317544	446
34	1.0	0.25	0.0	2.17419475452	-1.89226483133	0.565461457119	2.72297465452	-2.44194407575	3.14413891484	447
34	1.0	0.5	0.0	1.54642880381	-2.01676897089	0.707292299138	2.08315347579	-2.63996934788	3.28541088013	448
34	1.0	0.75	0.0	0.943008636444	-2.12275589801	0.887464940588	1.40558540073	-2.79818307394	3.43623948143	449
34	1.0	1.0	0.0	0.360866603	-2.207497309	1.022342679	0.708245834437	-2.90629148271	3.54786512888	450
35	0.0	0.0	0.0	5.0957725	-1.091637461	1.191328687	5.634794451	-1.02096116014	2.98282202311	451
35	0.0	0.25	0.0	4.57854092265	-1.2860300442	1.13745105525	5.0830703126	-1.36246048397	3.10308828085	452
35	0.0	0.5	0.0	4.03212856283	-1.45571894068	0.9323633487	4.48002406327	-1.67898187392	3.10599879479	453
35	0.0	0.75	0.0	3.4509385811	-1.60845067782	0.695328418801	3.87243277801	-1.96485287412	3.06691121096	454
35	0.0	1.0	0.0	2.829374138	-1.751971783	0.545609117	3.30707353183	-2.21440102873	3.06118317544	455
35	0.25	0.0	0.0	5.10589361798	-0.585293943825	1.29832688823	5.52221153342	-0.399091964487	3.08681837543	456
35	0.25	0.25	0.0	4.58104999125	-0.739763305372	1.28099490161	4.95746169261	-0.696686363917	3.26862157681	457
35	0.25	0.5	0.0	4.02405464523	-0.863502777125	1.11923875162	4.34100130511	-0.974232289623	3.3211292067	458
35	0.25	0.75	0.0	3.42999869981	-0.968052638734	0.927261198107	3.72787142445	-1.23216645086	3.32332701663	459
35	0.25	1.0	0.0	2.79397327487	-1.06495316985	0.819265000894	3.17311310418	-1.47092555689	3.35420075815	460
35	0.5	0.0	0.0	5.10451787893	-0.0184724300826	1.25408701724	5.40238154113	0.287228777179	2.98892053094	461
35	0.5	0.25	0.0	4.55345347983	-0.12362907333	1.27221040583	4.80422204999	0.0565809464494	3.20930975044	462
35	0.5	0.5	0.0	3.97036923479	-0.21019967211	1.16167913168	4.17506290995	-0.171948240357	3.30865128226	463
35	0.5	0.75	0.0	3.35372054379	-0.277066213481	1.02666829811	3.55755801286	-0.384902307574	3.35542436901	464
35	0.5	1.0	0.0	2.70196280683	-0.323110684502	0.97135300843	2.99436125058	-0.568824779538	3.41810825332	465
35	0.75	0.0	0.0	5.10516440667	0.538281787701	1.10751786939	5.30857300932	0.949009898648	2.75126727848	466
35	0.75	0.25	0.0	4.52352104743	0.485483765937	1.1556995036	4.67921088655	0.796209752324	2.98286332288	467
35	0.75	0.5	0.0	3.90779721101	0.442496043936	1.09314885862	4.0377076007	0.631956908882	3.11110967661	468
35	0.75	0.75	0.0	3.26751675384	0.418924945604	1.01455930387	3.4114255437	0.483139418287	3.18911739874	469
35	0.75	1.0	0.0	2.61220353237	0.424376794847	1.01462420875	2.82772710752	0.376645330502	3.26999754829	470
35	1.0	0.0	0.0	5.121352325	1.014423417	0.90752824	5.27405447319	1.49726023371	2.43599740685	471
35	1.0	0.25	0.0	4.51902235309	1.01068632644	0.976064130617	4.63828770413	1.4210683589	2.64699281526	472
35	1.0	0.5	0.0	3.87306345339	1.03289004058	0.947112302228	3.98443410027	1.34156979309	2.77104904492	473
35	1.0	0.75	0.0	3.21679997075	1.07433718618	0.911943800476	3.33940701744	1.27815858926	2.85032023643	474
35	1.0	1.0	0.0	2.58355625	1.12833039	0.961829671	2.73011981145	1.25022880039	2.92696053039	475
36	0.0	0.0	0.0	2.829374138	-1.751971783	0.545609117	3.30707353183	-2.21440102873	3.06118317544	476
36	0.0	0.25	0.0	2.17419475452	-1.89226483133	0.565461457119	2.72297465452	-2.44194407575	3.14413891484	477
36	0.0	0.5	0.0	1.54642880381	-2.01676897089	0.707292299138	2.08315347579	-2.63996934788	3.28541088013	478
36	0.0	0.75	0.0	0.943008636444	-2.12275589801	0.887464940588	1.40558540073	-2.79818307394	3.43623948143	479
36	0.0	1.0	0.0	0.360866603	-2.207497309	1.022342679	0.708245834437	-2.90629148271	3.54786512888	480
36	0.25	0.0	0.0	2.79397327487	-1.06495316985	0.819265000894	3.17311310418	-1.47092555689	3.35420075815	481
36	0.25	0.25	0.0	2.14858438246	-1.14831478567	0.878721336948	2.62533528612	-1.6603408702	3.47743403378	482
36	0.25	0.5	0.0	1.53868512905	-1.20560470703	1.06159552113	2.01797129732	-1.77811085413	3.66516326999	483
36	0.25	0.75	0.0	0.959480540734	-1.25370847083	1.28185598371	1.37081003204	-1.85874428788	3.85771695205	484
36	0.25	1.0	0.0	0.406175643636	-1.30951161399	1.45347115495	0.703640384489	-1.93674995068	3.99542356525	485
36	0.5	0.0	0.0	2.70196280683	-0.323110684502	0.97135300843	2.99436125058	-0.568824779538	3.41810825332	486
36	0.5	0.25	0.0	2.1002903178	-0.343394514247	1.09172680875	2.46888006948	-0.670908920257	3.56788633925	487
36	0.5	0.5	0.0	1.54632428517	-0.341130079371	1.35165079596	1.88856298284	-0.688852858434	3.79411103956	488
36	0.5	0.75	0.0	1.02069983515	-0.343662485144	1.63880917497	1.27835854358	-0.689441259064	4.0227715559	489
36	0.5	1.0	0.0	0.504052093977	-0.378336836838	1.84088615072	0.663215304645	-0.739458787143	4.17985708994	490
36	0.75	0.0	0.0	2.61220353237	0.424376794847	1.01462420875	2.82772710752	0.376645330502	3.26999754829	491
36	0.75	0.25	0.0	2.06356580523	0.459467440312	1.18463956995	2.31091423818	0.364525509205	3.41827413079	492
36	0.75	0.5	0.0	1.56109423994	0.509051346713	1.49099017174	1.7484338022	0.423690186877	3.64031571149	493
36	0.75	0.75	0.0	1.07832882473	0.539202907965	1.80672943281	1.16834191456	0.477248670842	3.86480093306	494
36	0.75	1.0	0.0	0.588809547829	0.515996517982	2.00491077188	0.598694690233	0.44831026842	4.02040843815	495
36	1.0	0.0	0.0	2.58355625	1.12833039	0.961829671	2.73011981145	1.25022880039	2.92696053039	496
36	1.0	0.25	0.0	2.07266408945	1.19724253537	1.13762131802	2.20874302576	1.28413615331	3.03137570794	497
36	1.0	0.5	0.0	1.57474296114	1.27733600585	1.39314569661	1.65108902529	1.3554038295	3.17183880845	498
36	1.0	0.75	0.0	1.08402981451	1.32670855741	1.63402167565	1.08087112419	1.40884816016	3.31720272359	499
36	1.0	1.0	0.0	0.594761599	1.303457946	1.765868124	0.521802636578	1.38928547654	3.43632034504	500
41	0.0	0.0	0.0	5.121352325	1.014423417	0.90752824	5.27405447319	1.49726023371	2.43599740685	501
41	0.0	0.25	0.0	4.51902235309	1.01068632644	0.976064130617	4.63828770413	1.4210683589	2.64699281526	502
41	0.0	0.5	0.0	3.87306345339	1.03289004058	0.947112302228	3.98443410027	1.34156979309	2.77104904492	503
41	0.0	0.75	0.0	3.21679997075	1.07433718618	0.911943800476	3.33940701744	1.27815858926	2.85032023643	504
41	0.0	1.0	0.0	2.58355625	1.12833039	0.961829671	2.73011981145	1.25022880039	2.92696053039	505
41	0.25	0.0	0.0	5.14035512175	1.21640069462	0.785963674467	5.27880615169	1.722952013	2.24345351109	506
41	0.25	0.25	0.0	4.5294331181	1.22775776703	0.862175249099	4.64531462939	1.67718951204	2.4426439906	507
41	0.25	0.5	0.0	3.87300547247	1.27707266508	0.851367485627	3.99067037399	1.62908295374	2.56646576429	508
41	0.25	0.75	0.0	3.21405325102	1.34491679811	0.833430986267	3.34015900977	1.59320440047	2.64618291908	509
41	0.25	1.0	0.0	2.59555751991	1.41186157543	0.888256353237	2.71906616102	1.58412591458	2.7130595419	510
41	0.5	0.0	0.0	5.16537240226	1.42770242501	0.624342633983	5.28721867252	1.96020573267	1.99056281698	511
41	0.5	0.25	0.0	4.54064152028	1.45136609741	0.70614788596	4.65132585398	1.94712531114	2.17951186782	512
41	0.5	0.5	0.0	3.87586894616	1.52861913456	0.720015789701	4.00095552893	1.92822542706	2.31019165477	513
41	0.5	0.75	0.0	3.21749350697	1.6234119984	0.720564321312	3.35147517916	1.91315165342	2.39582304194	514
41	0.5	1.0	0.0	2.61195402981	1.69969515087	0.762411456899	2.71825228644	1.91154956319	2.44962689344	515
41	0.75	0.0	0.0	5.18681425239	1.6125669719	0.443467249258	5.29891306181	2.17224492795	1.71475658677	516
41	0.75	0.25	0.0	4.54724887112	1.64720805001	0.524085427336	4.66063178781	2.19161317521	1.88802987894	517
41	0.75	0.5	0.0	3.87730567047	1.75991567859	0.560079080938	4.01359092278	2.20668268376	2.02365374752	518
41	0.75	0.75	0.0	3.22296442444	1.89047239826	0.578417716225	3.36476484569	2.21612146775	2.11648876118	519
41	0.75	1.0	0.0	2.63020490706	1.97866074962	0.606070839361	2.72112793552	2.21859754133	2.16139548861	520
41	1.0	0.0	0.0	5.195090758	1.735232699	0.264139651	5.31351034571	2.32229313405	1.45346608272	521
41	1.0	0.25	0.0	4.5438564821	1.78098035724	0.332091259364	4.67754284081	2.37139052328	1.598631456	522
41	1.0	0.5	0.0	3.87296744142	1.94334852675	0.378579225823	4.02687791322	2.43214019458	1.72827907369	523
41	1.0	0.75	0.0	3.22630968928	2.12674760888	0.41206508162	3.37143732946	2.48023496313	1.82542823298	524
41	1.0	1.0	0.0	2.647769279	2.235588005	0.441010358	2.72114285605	2.49136764411	1.87309823105	525
42	0.0	0.0	0.0	2.58355625	1.12833039	0.961829671	2.73011981145	1.25022880039	2.92696053039	526
42	0.0	0.25	0.0	2.07266408945	1.19724253537	1.13762131802	2.20874302576	1.28413615331	3.03137570794	527
42	0.0	0.5	0.0	1.57474296114	1.27733600585	1.39314569661	1.65108902529	1.3554038295	3.17183880845	528
42	0.0	0.75	0.0	1.08402981451	1.32670855741	1.63402167565	1.08087112419	1.40884816016	3.31720272359	529
42	0.0	1.0	0.0	0.594761599	1.303457946	1.765868124	0.521802636578	1.38928547654	3.43632034504	530
42	0.25	0.0	0.0	2.59555751991	1.41186157543	0.888256353237	2.71906616102	1.58412591458	2.7130595419	531
42	0.25	0.25	0.0	2.0863515387	1.46943820192	1.04126695017	2.18307994366	1.60630217248	2.79127228975	532
42	0.25	0.5	0.0	1.56944876937	1.5215706038	1.25126947201	1.61733142092	1.63794465977	2.89486290551	533
42	0.25	0.75	0.0	1.0537894643	1.54194453748	1.44583386215	1.03916140143	1.65020399262	3.0081136157	534
42	0.25	1.0	0.0	0.548313875843	1.50424575939	1.55253006396	0.465910693796	1.61423078722	3.11530664683	535
42	0.5	0.0	0.0	2.61195402981	1.69969515087	0.762411456899	2.71825228644	1.91154956319	2.44962689344	536
42	0.5	0.25	0.0	2.09343360179	1.73346730856	0.872449540879	2.15374786865	1.91273684672	2.49419828928	537
42	0.5	0.5	0.0	1.54796991283	1.73764003018	1.02943305632	1.56639542168	1.89869724314	2.55583113457	538
42	0.5	0.75	0.0	0.997619656121	1.71139544255	1.18132736042	0.968481431984	1.86423519593	2.63466594894	539
42	0.5	1.0	0.0	0.464439524897	1.65391567251	1.27609781038	0.372292386031	1.8041551486	2.73084325198	540
42	0.75	0.0	0.0	2.63020490706	1.97866074962	0.606070839361	2.72112793552	2.21859754133	2.16139548861	541
42	0.75	0.25	0.0	2.09979248546	1.98488373229	0.674378009164	2.12533322293	2.19341395781	2.17829111331	542
42	0.75	0.5	0.0	1.52307413584	1.93609099093	0.78357880641	1.50818030646	2.13168975538	2.20415897402	543
42	0.75	0.75	0.0	0.935255818261	1.85818662841	0.899115287256	0.885631197124	2.04948732729	2.25220107548	544
42	0.75	1.0	0.0	0.371543492752	1.77707474762	0.986429507862	0.273647905974	1.96286906676	2.33561942243	545
42	1.0	0.0	0.0	2.647769279	2.235588005	0.441010358	2.72114285605	2.49136764411	1.87309823105	546
42	1.0	0.25	0.0	2.1113103964	2.2192413501	0.490261274032	2.10242242869	2.4383072875	1.88168816864	547
42	1.0	0.5	0.0	1.50752918277	2.12747019196	0.569649079166	1.45258535413	2.33095037228	1.88926190224	548
42	1.0	0.75	0.0	0.886433379015	2.00544345084	0.657810759466	0.807410678104	2.20450594391	1.91606034751	549
42	1.0	1.0	0.0	0.298030726	1.898330047	0.733383301	0.202677446315	2.09418304781	1.98232442012	550
43	0.0	0.0	0.0	5.195090758	1.735232699	0.264139651	5.31351034571	2.32229313405	1.45346608272	551
43	0.0	0.25	0.0	4.5438564821	1.78098035724	0.332091259364	4.67754284081	2.37139052328	1.598631456	552
43	0.0	0.5	0.0	3.87296744142	1.94334852675	0.378579225823	4.02687791322	2.43214019458	1.72827907369	553
43	0.0	0.75	0.0	3.22630968928	2.12674760888	0.41206508162	3.37143732946	2.48023496313	1.82542823298	554
43	0.0	1.0	0.0	2.647769279	2.235588005	0.441010358	2.72114285605	2.49136764411	1.87309823105	555
43	0.25	0.0	0.0	5.18005024801	1.7849179999	0.0655124640045	5.3255235662	2.40489277263	1.17511615191	556
43	0.25	0.25	0.0	4.51730576464	1.85390515251	0.111847777948	4.693554132	2.49117383596	1.28395813608	557
43	0.25	0.5	0.0	3.85465294308	2.08362612199	0.151130070446	4.04239159538	2.61091391985	1.39532472434	558
43	0.25	0.75	0.0	3.22320788387	2.33885170939	0.187670683205	3.37990432307	2.71310291963	1.48689934291	559
43	0.25	1.0	0.0	2.65408668754	2.48435271578	0.225780957935	2.71396068179	2.74673073065	1.536365418	560
43	0.5	0.0	0.0	5.14826930497	1.79469504552	-0.179544754793	5.33237313251	2.45511388253	0.833897643511	561
43	0.5	0.25	0.0	4.47187238527	1.89533167155	-0.153984693798	4.70258476809	2.58512251491	0.911408984303	562
43	0.5	0.5	0.0	3.82452827191	2.18856003617	-0.126936677785	4.06133141916	2.75710766485	1.01134186078	563
43	0.5	0.75	0.0	3.21368568898	2.51110931944	-0.0941311653058	3.40029677609	2.90648555166	1.10087679102	564
43	0.5	1.0	0.0	2.64679336052	2.69970870144	-0.0512986149116	2.71116452927	2.96867239462	1.14719429313	565
43	0.75	0.0	0.0	5.1155010797	1.78129706414	-0.431026406194	5.33538508702	2.47915701483	0.486184978658	566
43	0.75	0.25	0.0	4.42976048112	1.91055690787	-0.424867535894	4.70845299905	2.6494035443	0.534851177919	567
43	0.75	0.5	0.0	3.79502521041	2.25038854101	-0.415720930982	4.07800596728	2.86197968935	0.621609136589	568
43	0.75	0.75	0.0	3.20121524129	2.62241444603	-0.393875511015	3.42477981362	3.0468368133	0.70717700111	569
43	0.75	1.0	0.0	2.63825054749	2.84825710539	-0.349620195552	2.72951035996	3.13392627947	0.752272917922	570
43	1.0	0.0	0.0	5.097498723	1.761457284	-0.648926891	5.33588547208	2.48322272066	0.188352578472	571
43	1.0	0.25	0.0	4.41317418932	1.904877855	-0.660262128358	4.71497707483	2.6801839083	0.208151894187	572
43	1.0	0.5	0.0	3.77857554107	2.26134990826	-0.675322601256	4.0867238225	2.91678825307	0.271405205369	573
43	1.0	0.75	0.0	3.18926867754	2.65166109614	-0.672097401026	3.44551856076	3.12061065863	0.345616396961	574
43	1.0	1.0	0.0	2.640819498	2.896599071	-0.628575619	2.78575413532	3.21922602861	0.398289353904	575
44	0.0	0.0	0.0	2.647769279	2.235588005	0.441010358	2.72114285605	2.49136764411	1.87309823105	576
44	0.0	0.25	0.0	2.1113103964	2.2192413501	0.490261274032	2.10242242869	2.4383072875	1.88168816864	577
44	0.0	0.5	0.0	1.50752918277	2.12747019196	0.569649079166	1.45258535413	2.33095037228	1.88926190224	578
44	0.0	0.75	0.0	0.886433379015	2.00544345084	0.657810759466	0.807410678104	2.20450594391	1.91606034751	579
44	0.0	1.0	0.0	0.298030726	1.898330047	0.733383301	0.202677446315	2.09418304781	1.98232442012	580
44	0.25	0.0	0.0	2.65408668754	2.48435271578	0.225780957935	2.71396068179	2.74673073065	1.536365418	581
44	0.25	0.25	0.0	2.11652635878	2.45561389745	0.279383010606	2.07674924232	2.67128377923	1.54749094452	582
44	0.25	0.5	0.0	1.50551178577	2.32726337489	0.354356176409	1.41266183542	2.51653329825	1.55463862729	583
44	0.25	0.75	0.0	0.872104705865	2.16138756484	0.432897365145	0.763482116893	2.34123638307	1.57620558465	584
44	0.25	1.0	0.0	0.267366856404	2.02007288402	0.497203486615	0.170993742571	2.20415012906	1.63058893492	585
44	0.5	0.0	0.0	2.64679336052	2.69970870144	-0.0512986149116	2.71116452927	2.96867239462	1.14719429313	586
44	0.5	0.25	0.0	2.10761225283	2.67264444486	0.00762086494067	2.05413023704	2.88561085813	1.14917807738	587
44	0.5	0.5	0.0	1.5072493109	2.5189140105	0.082429248874	1.39285327326	2.69484992155	1.14323804943	588
44	0.5	0.75	0.0	0.880701362837	2.31428417322	0.155591272404	0.751997812656	2.47584517017	1.14945191987	589
44	0.5	1.0	0.0	0.262965236787	2.13452170787	0.209571671046	0.156228029983	2.30805218932	1.18789739928	590
44	0.75	0.0	0.0	2.63825054749	2.84825710539	-0.349620195552	2.72951035996	3.13392627947	0.752272917922	591
44	0.75	0.25	0.0	2.10209079845	2.82863047872	-0.280936213741	2.06663608096	3.05076882937	0.750513503097	592
44	0.75	0.5	0.0	1.51561047843	2.65684984835	-0.197073210416	1.40892933039	2.83575494692	0.736148913388	593
44	0.75	0.75	0.0	0.89917068464	2.41965494791	-0.120158297094	0.768411420286	2.58130544137	0.727885185181	594
44	0.75	1.0	0.0	0.273132514277	2.20378551103	-0.072318585296	0.157103662679	2.37984112195	0.744428354862	595
44	1.0	0.0	0.0	2.640819498	2.896599071	-0.628575619	2.78575413532	3.21922602861	0.398289353904	596
44	1.0	0.25	0.0	2.11748471549	2.88186948543	-0.542199276218	2.14633744215	3.13623799809	0.415261157563	597
44	1.0	0.5	0.0	1.53346400865	2.69549863803	-0.435092708437	1.47665966953	2.90910307911	0.414459963896	598
44	1.0	0.75	0.0	0.914460005984	2.43302156087	-0.340402121687	0.808176594675	2.6305903328	0.403591212589	599
44	1.0	1.0	0.0	0.286175336	2.189973286	-0.291273722	0.172343994788	2.39346882031	0.390360343328	600
49	0.0	0.0	0.0	6.817538404	0.4880699	-0.799999989	7.19098889062	0.800716547859	-0.0709117929742	601
49	0.0	0.25	0.0	6.65046046593	1.02337732224	-0.77604958654	6.98800822865	1.46612448504	0.0260848142461	602
49	0.0	0.5	0.0	6.25210473247	1.43029674317	-0.723542901805	6.51855931056	1.9557989072	0.11259708816	603
49	0.0	0.75	0.0	5.70645591452	1.68444958852	-0.671496486167	5.92154932786	2.28855869289	0.172171014369	604
49	0.0	1.0	0.0	5.097498723	1.761457284	-0.648926891	5.33588547208	2.48322272066	0.188352578472	605
49	0.25	0.0	0.0	6.81797227603	0.487369770836	-0.811046412191	7.18646822788	0.800973195914	-0.0842680501729	606
49	0.25	0.25	0.0	6.64836929298	1.01726869393	-0.854131131815	6.98282989309	1.45315746565	-0.0705818671911	607
49	0.25	0.5	0.0	6.24499516843	1.41850422097	-0.85205191077	6.51287344737	1.93914886827	-0.0505415684334	608
49	0.25	0.75	0.0	5.695564685	1.67108913989	-0.831534998587	5.91759927443	2.27508433749	-0.037364389907	609
49	0.25	1.0	0.0	5.0877926253	1.75503623861	-0.819306644798	5.33800775798	2.47710080702	-0.0442675676195	610
49	0.5	0.0	0.0	6.8189267945	0.485295087442	-0.821900041845	7.17652276987	0.801003422402	-0.100203314645	611
49	0.5	0.25	0.0	6.64761951446	1.00449320245	-0.93745186852	6.97568702593	1.42488024103	-0.177541161603	612
49	0.5	0.5	0.0	6.24001413076	1.39935387354	-0.998043649637	6.51183554178	1.90654965155	-0.240597300609	613
49	0.5	0.75	0.0	5.68485614865	1.65373743349	-1.01933380701	5.92222275945	2.25026051671	-0.288597405465	614
49	0.5	1.0	0.0	5.07089107337	1.75150421506	-1.01698076246	5.344103121	2.46026169927	-0.32076714997	615
49	0.75	0.0	0.0	6.81988131297	0.481884410327	-0.832410647827	7.16657731185	0.799697655169	-0.115795555445	616
49	0.75	0.25	0.0	6.64492602065	0.983957869246	-1.01989293495	6.96928767551	1.38618109922	-0.287231688353	617
49	0.75	0.5	0.0	6.2297922528	1.36869773541	-1.14308799653	6.51306756968	1.85966153392	-0.43444766874	618
49	0.75	0.75	0.0	5.66790569823	1.62305658519	-1.20444854347	5.93021772432	2.20975281778	-0.542718087863	619
49	0.75	1.0	0.0	5.05269204575	1.73398699498	-1.20642728665	5.35303886936	2.42606880934	-0.597317536981	620
49	1.0	0.0	0.0	6.820315185	0.4771763	-0.842428	7.16205664911	0.795946322061	-0.128122741626	621
49	1.0	0.25	0.0	6.63700370185	0.954569715755	-1.09533546939	6.96633989013	1.34194832826	-0.392092066807	622
49	1.0	0.5	0.0	6.20696016788	1.3223878411	-1.26875482959	6.51419150697	1.80014479224	-0.608970233198	623
49	1.0	0.75	0.0	5.63828872647	1.56970871089	-1.35643483999	5.93638211043	2.1492268279	-0.76091649266	624
49	1.0	1.0	0.0	5.039093521	1.68561036	-1.35212426	5.36368231133	2.36788554913	-0.830090097055	625
50	0.0	0.0	0.0	6.820315185	0.4771763	-0.842428	7.16205664911	0.795946322061	-0.128122741626	626
50	0.0	0.25	0.0	6.63700370185	0.954569715755	-1.09533546939	6.96633989013	1.34194832826	-0.392092066807	627
50	0.0	0.5	0.0	6.20696016788	1.3223878411	-1.26875482959	6.51419150697	1.80014479224	-0.608970233198	628
50	0.0	0.75	0.0	5.63828872647	1.56970871089	-1.35643483999	5.93638211043	2.1492268279	-0.76091649266	629
50	0.0	1.0	0.0	5.039093521	1.68561036	-1.35212426	5.36368231133	2.36788554913	-0.830090097055	630
50	0.25	0.0	0.0	6.81792892625	0.470343644876	-0.853156756685	7.15397060372	0.788551370453	-0.142418537122	631
50	0.25	0.25	0.0	6.62577319445	0.907287816449	-1.16848313292	6.96176401357	1.27979547027	-0.499316693551	632
50	0.25	0.5	0.0	6.17924103755	1.24279050331	-1.38076815204	6.51799322645	1.70953883837	-0.778767911001	633
50	0.25	0.75	0.0	5.60115152765	1.4685195872	-1.48445562728	5.94984823176	2.04720638624	-0.969455195832	634
50	0.25	1.0	0.0	5.01432373687	1.57614294981	-1.47398937185	5.38451901889	2.26222302535	-1.06006155441	635
50	0.5	0.0	0.0	6.812679157	0.462397082291	-0.862408932291	7.13618130386	0.779367755602	-0.159518198112	636
50	0.5	0.25	0.0	6.61649823298	0.84690280361	-1.22935693915	6.95161327622	1.2024810755	-0.593385702785	637
50	0.5	0.5	0.0	6.15996247273	1.13664661994	-1.47425395519	6.5242812378	1.59117592447	-0.936571209756	638
50	0.5	0.75	0.0	5.56906830918	1.32798608167	-1.59602689486	5.97172917051	1.90681543395	-1.17860346407	639
50	0.5	1.0	0.0	4.96981217523	1.41727873922	-1.59360267261	5.41150105626	2.1107627354	-1.30901121078	640
50	0.75	0.0	0.0	6.80742938775	0.45315305356	-0.870363641751	7.11839200399	0.768886674605	-0.175320392957	641
50	0.75	0.25	0.0	6.60879572542	0.778433770896	-1.28007006822	6.94019510488	1.11664452702	-0.676751745892	642
50	0.75	0.5	0.0	6.14450238543	1.01939545448	-1.54934343516	6.52622244813	1.45683697951	-1.07687082581	643
50	0.75	0.75	0.0	5.53996477678	1.1746173081	-1.68600078966	5.98540503313	1.74376864689	-1.36719329626	644
50	0.75	1.0	0.0	4.92059830847	1.24267853552	-1.69785917882	5.42667385926	1.93174414401	-1.5392348208	645
50	1.0	0.0	0.0	6.805043129	0.442428	-0.8772	7.1103059586	0.757599324561	-0.185723790017	646
50	1.0	0.25	0.0	6.60228257977	0.706899811967	-1.32273570027	6.93181692631	1.02892520791	-0.751867474256	647
50	1.0	0.5	0.0	6.12823868763	0.906476270466	-1.6061677881	6.51698376452	1.31830293247	-1.1941574555	648
50	1.0	0.75	0.0	5.51176663618	1.03492238023	-1.74922945863	5.97425592605	1.57378070091	-1.51405669127	649
50	1.0	1.0	0.0	4.881721609	1.086003146	-1.773653907	5.41208286374	1.74340671588	-1.7130281391	650
53	0.0	0.0	0.0	6.805043129	0.442428	-0.8772	7.1103059586	0.757599324561	-0.185723790017	651
53	0.0	0.25	0.0	6.60228257977	0.706899811967	-1.32273570027	6.93181692631	1.02892520791	-0.751867474256	652
53	0.0	0.5	0.0	6.12823868763	0.906476270466	-1.6061677881	6.51698376452	1.31830293247	-1.1941574555	653
53	0.0	0.75	0.0	5.51176663618	1.03492238023	-1.74922945863	5.97425592605	1.57378070091	-1.51405669127	654
53	0.0	1.0	0.0	4.881721609	1.086003146	-1.773653907	5.41208286374	1.74340671588	-1.7130281391	655
53	0.25	0.0	0.0	6.79709995338	0.421774416054	-0.886449755741	7.1009797357	0.730602935226	-0.198953920696	656
53	0.25	0.25	0.0	6.58261614438	0.549348618227	-1.39314382432	6.90918489222	0.834648564008	-0.884796028856	657
53	0.25	0.5	0.0	6.08541614835	0.62488596218	-1.70469420316	6.46600471013	0.959800332923	-1.3925732433	658
53	0.25	0.75	0.0	5.44963224477	0.65123258219	-1.87191831181	5.89450084506	1.07830545804	-1.75249923757	659
53	0.25	1.0	0.0	4.81939671313	0.631234612536	-1.94563356981	5.31773495262	1.16241115542	-1.99478768519	660
53	0.5	0.0	0.0	6.779624967	0.402824978651	-0.889905220605	7.0804620453	0.697699325966	-0.211166210426	661
53	0.5	0.25	0.0	6.56161151257	0.384903506079	-1.43759042238	6.88041700921	0.63729886485	-0.965993205417	662
53	0.5	0.5	0.0	6.05866795636	0.311986527665	-1.77356105039	6.42075313027	0.584076871999	-1.49098710844	663
53	0.5	0.75	0.0	5.41834534731	0.204933854228	-1.97296174214	5.8330830908	0.542574022492	-1.85278344814	664
53	0.5	1.0	0.0	4.78819473437	0.0846052965857	-2.11093713512	5.24901957313	0.517330991412	-2.11801775315	665
53	0.75	0.0	0.0	6.76214998062	0.383695451923	-0.887630075166	7.05994435491	0.664615627382	-0.217647889852	666
53	0.75	0.25	0.0	6.54597979183	0.214802876059	-1.44674384465	6.85915928451	0.447300573288	-0.978042238778	667
53	0.75	0.5	0.0	6.0481995823	-0.00551223266612	-1.79802892633	6.39961340132	0.226179566699	-1.49290919146	668
53	0.75	0.75	0.0	5.41210165057	-0.245337814867	-2.02810030836	5.81271746059	0.0297462367602	-1.84468656286	669
53	0.75	1.0	0.0	4.78097829517	-0.472761811157	-2.22357297887	5.22988221756	-0.113505787381	-2.11581216792	670
53	1.0	0.0	0.0	6.754206805	0.3625016	-0.879688	7.05061813201	0.63707897007	-0.213686189625	671
53	1.0	0.25	0.0	6.54243208964	0.0402851287075	-1.41127244134	6.85905772533	0.275078152174	-0.903526363773	672
53	1.0	0.5	0.0	6.05421649679	-0.300900518401	-1.76335842753	6.4209698997	-0.0788445659714	-1.40184963289	673
53	1.0	0.75	0.0	5.42509686129	-0.640946436309	-2.0130745692	5.85611875177	-0.397018056662	-1.75798582158	674
53	1.0	1.0	0.0	4.790610018	-0.95974372	-2.237549477	5.28426837817	-0.651771192192	-2.02126475443	675
54	0.0	0.0	0.0	6.754206805	0.3625016	-0.879688	7.05061813201	0.63707897007	-0.213686189625	676
54	0.0	0.25	0.0	6.54243208964	0.0402851287075	-1.41127244134	6.85905772533	0.275078152174	-0.903526363773	677
54	0.0	0.5	0.0	6.05421649679	-0.300900518401	-1.76335842753	6.4209698997	-0.0788445659714	-1.40184963289	678
54	0.0	0.75	0.0	5.42509686129	-0.640946436309	-2.0130745692	5.85611875177	-0.397018056662	-1.75798582158	679
54	0.0	1.0	0.0	4.790610018	-0.95974372	-2.237549477	5.28426837817	-0.651771192192	-2.02126475443	680
54	0.25	0.0	0.0	6.7588953225	0.341223720947	-0.865870124398	7.07722602065	0.61851462913	-0.196999294212	681
54	0.25	0.25	0.0	6.55910176997	-0.145068518995	-1.31999056815	6.90522028043	0.0863871745645	-0.74064681101	682
54	0.25	0.5	0.0	6.09815933811	-0.609224786425	-1.63148339393	6.51042789796	-0.416160624732	-1.16410287503	683
54	0.25	0.75	0.0	5.49616523677	-1.04664605273	-1.85983462452	5.98712600173	-0.859579848768	-1.47335502854	684
54	0.25	1.0	0.0	4.87321667579	-1.45273328931	-2.06453028268	5.42959172026	-1.21432157755	-1.6743908138	685
54	0.5	0.0	0.0	6.769210061	0.32532599994	-0.84738953729	7.13576337566	0.608586691973	-0.172206863518	686
54	0.5	0.25	0.0	6.58970977487	-0.312407979573	-1.18020842684	6.98686954882	-0.106233766962	-0.522660656129	687
54	0.5	0.5	0.0	6.17649881695	-0.908152323059	-1.40339905343	6.64252039361	-0.783930876611	-0.783798901229	688
54	0.5	0.75	0.0	5.62619941037	-1.45529439138	-1.564650643	6.16490177045	-1.36963058967	-0.955706139229	689
54	0.5	1.0	0.0	5.03543377827	-1.94722154538	-1.71165242148	5.61619953973	-1.80845885884	-1.03846691054	690
54	0.75	0.0	0.0	6.7795247995	0.315373203964	-0.825136183537	7.19430073067	0.604603679847	-0.143641666179	691
54	0.75	0.25	0.0	6.62036875235	-0.433510758001	-1.00225796239	7.06701876935	-0.246240786813	-0.268787756907	692
54	0.75	0.5	0.0	6.25503119143	-1.13353956004	-1.11235961642	6.76933871519	-1.06487121311	-0.331182915376	693
54	0.75	0.75	0.0	5.75685911564	-1.77057572101	-1.18892173194	6.33266044093	-1.77240547923	-0.339916028704	694
54	0.75	1.0	0.0	5.19919952387	-2.33048175976	-1.26542489529	5.78838381936	-2.28996146534	-0.304075984011	695
54	1.0	0.0	0.0	6.784213317	0.3119301	-0.800000008	7.22090861931	0.603874113996	-0.11563647083	696
54	1.0	0.25	0.0	6.6371913504	-0.480154359253	-0.796471119821	7.10868118089	-0.277089999399	0.00175202887663	697
54	1.0	0.5	0.0	6.29955271967	-1.22124292911	-0.791619293285	6.84297419119	-1.14169752575	0.123499878625	698
54	1.0	0.75	0.0	5.82980408611	-1.89617431041	-0.794046998606	6.43361639619	-1.91313971732	0.239138427953	699
54	1.0	1.0	0.0	5.286452111	-2.489787204	-0.812356706	5.89043654188	-2.51460782637	0.338199026399	700
57	0.0	0.0	0.0	6.784213317	0.3119301	-0.800000008	7.22090861931	0.603874113996	-0.11563647083	701
57	0.0	0.25	0.0	6.6371913504	-0.480154359253	-0.796471119821	7.10868118089	-0.277089999399	0.00175202887663	702
57	0.0	0.5	0.0	6.29955271967	-1.22124292911	-0.791619293285	6.84297419119	-1.14169752575	0.123499878625	703
57	0.0	0.75	0.0	5.82980408611	-1.89617431041	-0.794046998606	6.43361639619	-1.91313971732	0.239138427953	704
57	0.0	1.0	0.0	5.286452111	-2.489787204	-0.812356706	5.89043654188	-2.51460782637	0.338199026399	705
57	0.25	0.0	0.0	6.790282297	0.31521467194	-0.774412815906	7.23117196477	0.607667049714	-0.0724736085775	706
57	0.25	0.25	0.0	6.64322689052	-0.447648836398	-0.566027734044	7.12328058564	-0.205695879624	0.293247503304	707
57	0.25	0.5	0.0	6.30334249363	-1.16177956134	-0.41024555578	6.86491952514	-1.02320893057	0.627026768267	708
57	0.25	0.75	0.0	5.82604208627	-1.81041624802	-0.310965310413	6.45754864476	-1.78584363861	0.888992152228	709
57	0.25	1.0	0.0	5.26673864837	-2.37679764155	-0.272086027245	5.90262780596	-2.43457153923	1.0392716211	710
57	0.5	0.0	0.0	6.803634053	0.324903252551	-0.75234218839	7.2537513248	0.618474030637	-0.0117365067136	711
57	0.5	0.25	0.0	6.64888993275	-0.353954866314	-0.347971450481	7.13823442862	-0.0821095431551	0.570388468311	712
57	0.5	0.5	0.0	6.28855709464	-0.99720757756	-0.0160522597454	6.86035428907	-0.808847109537	1.13691509861	713
57	0.5	0.75	0.0	5.78288553315	-1.57587794965	0.214270437903	6.42751744016	-1.50716814701	1.58914109639	714
57	0.5	1.0	0.0	5.19212524279	-2.06098905103	0.31385169655	5.84713041589	-2.12250213409	1.82836417389	715
57	0.75	0.0	0.0	6.816985809	0.340748131887	-0.734178468679	7.27633068482	0.635437310285	0.0450936873454	716
57	0.75	0.25	0.0	6.65335346578	-0.20431772922	-0.164630420244	7.14437722776	0.0946972336826	0.806832838414	717
57	0.75	0.5	0.0	6.27041286577	-0.739289411284	0.32580966619	6.82865354817	-0.499123760204	1.56907348499	718
57	0.75	0.75	0.0	5.73576362727	-1.22193988004	0.679201944189	6.35502965722	-1.09279202355	2.19143328644	719
57	0.75	1.0	0.0	5.11700536857	-1.61004210124	0.837606567319	5.7493755661	-1.63307390854	2.5335299021	720
57	1.0	0.0	0.0	6.823054789	0.3625016	-0.720312	7.28659403028	0.657699142177	0.0765358261829	721
57	1.0	0.25	0.0	6.65579047832	-0.00398270533133	-0.0383327944444	7.132543501	0.325752674566	0.97623852813	722
57	1.0	0.5	0.0	6.26412615013	-0.399787496037	0.550189293399	6.76919236763	-0.0945505801382	1.83941054277	723
57	1.0	0.75	0.0	5.72010556913	-0.777982503975	0.981370906293	6.25159217076	-0.558394049264	2.54771674835	724
57	1.0	1.0	0.0	5.0957725	-1.091637461	1.191328687	5.634794451	-1.02096116014	2.98282202311	725
58	0.0	0.0	0.0	6.823054789	0.3625016	-0.720312	7.28659403028	0.657699142177	0.0765358261829	726
58	0.0	0.25	0.0	6.65579047832	-0.00398270533133	-0.0383327944444	7.132543501	0.325752674566	0.97623852813	727
58	0.0	0.5	0.0	6.26412615013	-0.399787496037	0.550189293399	6.76919236763	-0.0945505801382	1.83941054277	728
58	0.0	0.75	0.0	5.72010556913	-0.777982503975	0.981370906293	6.25159217076	-0.558394049264	2.54771674835	729
58	0.0	1.0	0.0	5.0957725	-1.091637461	1.191328687	5.634794451	-1.02096116014	2.98282202311	730
58	0.25	0.0	0.0	6.82701370181	0.382547747615	-0.713471955059	7.2822461019	0.687142214986	0.0849711718221	731
58	0.25	0.25	0.0	6.65840861777	0.182677347704	0.000190846798783	7.10942106217	0.537490614372	1.03141310694	732
58	0.25	0.5	0.0	6.2641959412	-0.071599491425	0.609783383587	6.7049322524	0.290440014679	1.89897551778	733
58	0.25	0.75	0.0	5.72111212398	-0.340763133894	1.06069796187	6.14909172526	-0.0298180297291	2.60999755654	734
58	0.25	1.0	0.0	5.10589361798	-0.585293943825	1.29832688823	5.52221153342	-0.399091964487	3.08681837543	735
58	0.5	0.0	0.0	6.83572331	0.402777493082	-0.711617664489	7.27268065946	0.728045195881	0.0903351239267	736
58	0.5	0.25	0.0	6.66325305594	0.369083936505	-0.0210002958097	7.08463810504	0.743370097376	1.00562625178	737
58	0.5	0.5	0.0	6.26021600435	0.267566642695	0.568162944822	6.64405607889	0.673734644288	1.83502104752	738
58	0.5	0.75	0.0	5.71213124781	0.128342293287	1.00886205123	6.05021156345	0.521050362321	2.51671923322	739
58	0.5	1.0	0.0	5.10451787893	-0.0184724300826	1.25408701724	5.40238154113	0.287228777179	2.98892053094	740
58	0.75	0.0	0.0	6.84443291819	0.422850892008	-0.714738466675	7.26311521703	0.768791830235	0.0907239832759	741
58	0.75	0.25	0.0	6.66872479551	0.547666131502	-0.0848097212193	7.06382516712	0.938607313161	0.921565971028	742
58	0.75	0.5	0.0	6.25796443699	0.596512827231	0.455823684285	6.59582212186	1.03617449591	1.68337200489	743
58	0.75	0.75	0.0	5.70562119119	0.587386279271	0.866740098325	5.97283007225	1.04510486293	2.31398985175	744
58	0.75	1.0	0.0	5.10516440667	0.538281787701	1.10751786939	5.30857300932	0.949009898648	2.75126727848	745
58	1.0	0.0	0.0	6.848391831	0.442428	-0.7228237	7.25876728865	0.797765863421	0.0842340506488	746
58	1.0	0.25	0.0	6.67322483915	0.710853003124	-0.174140928379	7.05261278592	1.11841845131	0.801920273062	747
58	1.0	0.5	0.0	6.26321933653	0.894040983089	0.303261309158	6.56948865604	1.35860075677	1.47985326277	748
58	1.0	0.75	0.0	5.71404020464	0.99442132576	0.675209027117	5.93482563859	1.49323920812	2.04791748547	749
58	1.0	1.0	0.0	5.121352325	1.014423417	0.90752824	5.27405447319	1.49726023371	2.43599740685	750
61	0.0	0.0	0.0	6.848391831	0.442428	-0.7228237	7.25876728865	0.797765863421	0.0842340506488	751
61	0.0	0.25	0.0	6.67322483915	0.710853003124	-0.174140928379	7.05261278592	1.11841845131	0.801920273062	752
61	0.0	0.5	0.0	6.26321933653	0.894040983089	0.303261309158	6.56948865604	1.35860075677	1.47985326277	753
61	0.0	0.75	0.0	5.71404020464	0.99442132576	0.675209027117	5.93482563859	1.49323920812	2.04791748547	754
61	0.0	1.0	0.0	5.121352325	1.014423417	0.90752824	5.27405447319	1.49726023371	2.43599740685	755
61	0.25	0.0	0.0	6.84756600459	0.452903740174	-0.729590292215	7.25416890671	0.803202073025	0.0690165028869	756
61	0.25	0.25	0.0	6.67551301824	0.791804433327	-0.229947162589	7.04795255337	1.20786970144	0.727078690489	757
61	0.25	0.5	0.0	6.27205374741	1.03462549893	0.212268052316	6.5652083482	1.50867721577	1.35544389416	758
61	0.25	0.75	0.0	5.72954788446	1.17745992377	0.562442586626	5.93310373354	1.68668464372	1.88420465424	759
61	0.25	1.0	0.0	5.14035512175	1.21640069462	0.785963674467	5.27880615169	1.722952013	2.24345351109	760
61	0.5	0.0	0.0	6.8457491865	0.462274915306	-0.737725084694	7.24405246643	0.801486280903	0.0422896082052	761
61	0.5	0.25	0.0	6.67870717757	0.870226005643	-0.294281789977	7.04023149578	1.2929678989	0.642005037998	762
61	0.5	0.5	0.0	6.28568486501	1.17851888019	0.103694799406	6.56287282954	1.65944813455	1.20488041286	763
61	0.5	0.75	0.0	5.75260051713	1.37004664972	0.421478376407	5.93689553326	1.88662730632	1.67352868758	764
61	0.5	1.0	0.0	5.16537240226	1.42770242501	0.624342633983	5.28721867252	1.96020573267	1.99056281698	765
61	0.75	0.0	0.0	6.84393236841	0.470409707785	-0.747096259826	7.23393602616	0.798534106129	0.0143263308706	766
61	0.75	0.25	0.0	6.68214601574	0.939299603767	-0.365071182953	7.03286985225	1.36841356069	0.548991979535	767
61	0.75	0.5	0.0	6.29968568454	1.30756290532	-0.0141156073399	6.56178441494	1.79448126059	1.04155018658	768
61	0.75	0.75	0.0	5.77506916627	1.54278892413	0.267990519301	5.94301904215	2.06600308871	1.44560402974	769
61	0.75	1.0	0.0	5.18681425239	1.6125669719	0.443467249258	5.29891306181	2.17224492795	1.71475658677	770
61	1.0	0.0	0.0	6.843106542	0.4771763	-0.757572	7.22933764422	0.800261167774	-0.00460036485027	771
61	1.0	0.25	0.0	6.68516823137	0.992207111391	-0.440241713928	7.02928786186	1.42890720384	0.450332179044	772
61	1.0	0.5	0.0	6.30962920125	1.40359935275	-0.132820325686	6.5612454193	1.8973443414	0.878840583044	773
61	1.0	0.75	0.0	5.7888248955	1.66629416749	0.117653138149	5.94829226458	2.19774788372	1.23014512499	774
61	1.0	1.0	0.0	5.195090758	1.735232699	0.264139651	5.31351034571	2.32229313405	1.45346608272	775
62	0.0	0.0	0.0	6.843106542	0.4771763	-0.757572	7.22933764422	0.800261167774	-0.00460036485027	776
62	0.0	0.25	0.0	6.68516823137	0.992207111391	-0.440241713928	7.02928786186	1.42890720384	0.450332179044	777
62	0.0	0.5	0.0	6.30962920125	1.40359935275	-0.132820325686	6.5612454193	1.8973443414	0.878840583044	778
62	0.0	0.75	0.0	5.7888248955	1.66629416749	0.117653138149	5.94829226458	2.19774788372	1.23014512499	779
62	0.0	1.0	0.0	5.195090758	1.735232699	0.264139651	5.31351034571	2.32229313405	1.45346608272	780
62	0.25	0.0	0.0	6.83911152044	0.48244278471	-0.768218680115	7.22334565147	0.803896680622	-0.0189788323286	781
62	0.25	0.25	0.0	6.68207173012	1.02194331838	-0.51997179309	7.02335658406	1.46490476161	0.346647356443	782
62	0.25	0.5	0.0	6.3066551156	1.45035543789	-0.262996859414	6.55646110665	1.95338376602	0.705028018042	783
62	0.25	0.75	0.0	5.7827013854	1.72043003461	-0.050200050059	5.94855238034	2.26736825074	0.999929000515	784
62	0.25	1.0	0.0	5.18005024801	1.7849179999	0.0655124640045	5.3255235662	2.40489277263	1.17511615191	785
62	0.5	0.0	0.0	6.830322473	0.485791419168	-0.777972510835	7.21016326742	0.803657176984	-0.0369425952475	786
62	0.5	0.25	0.0	6.67154856342	1.03125144126	-0.602549442988	7.01053178431	1.47589518636	0.241163459425	787
62	0.5	0.5	0.0	6.29080499909	1.45890331405	-0.414343229686	6.54538085018	1.97173863056	0.507073045782	788
62	0.5	0.75	0.0	5.75930687971	1.72722514599	-0.258344717948	5.94317359095	2.29640552435	0.718684871314	789
62	0.5	1.0	0.0	5.14826930497	1.79469504552	-0.179544754793	5.33237313251	2.45511388253	0.833897643511	790
62	0.75	0.0	0.0	6.82153342556	0.487555894042	-0.788133083388	7.19698088337	0.801833513763	-0.0553130999988	791
62	0.75	0.25	0.0	6.65915828933	1.02882995191	-0.687925196509	6.99676511502	1.47269594016	0.134202081017	792
62	0.75	0.5	0.0	6.26998586646	1.44647355716	-0.572608791987	6.53156135109	1.96750999197	0.303440968432	793
62	0.75	0.75	0.0	5.73007913667	1.70809362337	-0.475777863867	5.9336684042	2.29881667995	0.428677341296	794
62	0.75	1.0	0.0	5.1155010797	1.78129706414	-0.431026406194	5.33538508702	2.47915701483	0.486184978658	795
62	1.0	0.0	0.0	6.817538404	0.4880699	-0.799999989	7.19098889062	0.800716547859	-0.0709117929742	796
62	1.0	0.25	0.0	6.65046046593	1.02337732224	-0.77604958654	6.98800822865	1.46612448504	0.0260848142461	797
62	1.0	0.5	0.0	6.25210473247	1.43029674317	-0.723542901805	6.51855931056	1.9557989072	0.11259708816	798
62	1.0	0.75	0.0	5.70645591452	1.68444958852	-0.671496486167	5.92154932786	2.28855869289	0.172171014369	799
62	1.0	1.0	0.0	5.097498723	1.761457284	-0.648926891	5.33588547208	2.48322272066	0.188352578472	800
