Elem	xi[0]	xi[1]	xi[2]	Y[0]	Y[1]	Y[2]	y[0]	y[1]	y[2]	Index
1	0.0	0.0	0.0	0.286175336	2.189973286	-0.291273722	0.17806101508	2.40116530515	0.390502753478	1
1	0.0	0.25	0.0	-0.20806914714	2.06272602387	-0.289080467095	-0.294912262708	2.27595802018	0.393410189969	2
1	0.0	0.5	0.0	-0.695301118249	1.97602389512	-0.29632619097	-0.748916341284	2.18220955101	0.424630428044	3
1	0.0	0.75	0.0	-1.18241619623	1.88830775081	-0.29699114836	-1.20302449545	2.09439025172	0.483480031167	4
1	0.0	1.0	0.0	-1.67631	1.758018442	-0.275055594	-1.67631	1.98697047642	0.569275562804	5
1	0.25	0.0	0.0	0.321687515997	2.06262178045	-0.514775502281	0.225652838557	2.34865352393	0.0297132336337	6
1	0.25	0.25	0.0	-0.182277427138	1.91229534526	-0.525597356885	-0.261692059	2.17733399972	-0.00199566534285	7
1	0.25	0.5	0.0	-0.681311017678	1.81012566903	-0.547696835847	-0.733691511238	2.05464363999	0.00528924963675	8
1	0.25	0.75	0.0	-1.18065615897	1.71742627201	-0.555307781995	-1.20382093681	1.9670011583	0.0664849003349	9
1	0.25	1.0	0.0	-1.68555575435	1.59551067447	-0.522664038158	-1.68555575435	1.90082526819	0.196508208514	10
1	0.5	0.0	0.0	0.381824743113	1.8542079148	-0.761240423262	0.296701478758	2.23604929737	-0.375953005024	11
1	0.5	0.25	0.0	-0.151058843958	1.68246792622	-0.781509897119	-0.213166116878	2.0112894826	-0.418860825179	12
1	0.5	0.5	0.0	-0.670355760303	1.573989145	-0.813470892897	-0.707238723074	1.85610339974	-0.433956264229	13
1	0.5	0.75	0.0	-1.1857569057	1.48669209407	-0.830270988567	-1.20025489302	1.76965641247	-0.377384019894	14
1	0.5	1.0	0.0	-1.70695317992	1.37849729632	-0.805057762099	-1.70695317992	1.75111388447	-0.205288789893	15
1	0.75	0.0	0.0	0.433447910673	1.5909861995	-0.974858447862	0.359876141324	2.05301071899	-0.762924259598	16
1	0.75	0.25	0.0	-0.126461022992	1.41071100347	-1.00075545901	-0.172639945387	1.77647276087	-0.796681865997	17
1	0.75	0.5	0.0	-0.663961843134	1.29802156124	-1.03575264386	-0.684669947938	1.58754400439	-0.815473979575	18
1	0.75	0.75	0.0	-1.19147326792	1.2097501229	-1.05397666593	-1.19474944507	1.49681530121	-0.753467202742	19
1	0.75	1.0	0.0	-1.72141401553	1.10272893852	-1.02955418874	-1.72141401553	1.51487750298	-0.544828137904	20
1	1.0	0.0	0.0	0.443417912	1.299211145	-1.099819539	0.383846031895	1.78919588231	-1.06762882719	21
1	1.0	0.25	0.0	-0.120531589629	1.13449181374	-1.12727141378	-0.163419053568	1.47153212654	-1.07495536425	22
1	1.0	0.5	0.0	-0.66365576318	1.01263015594	-1.15664637047	-0.681097156977	1.24992062806	-1.06163176242	23
1	1.0	0.75	0.0	-1.19156007714	0.900245264417	-1.15852071193	-1.18972767392	1.14293711148	-0.967105121433	24
1	1.0	1.0	0.0	-1.70985	0.763956232	-1.103470741	-1.70985	1.16915730143	-0.730822541006	25
2	0.0	0.0	0.0	0.443417912	1.299211145	-1.099819539	0.383846031895	1.78919588231	-1.06762882719	26
2	0.0	0.25	0.0	-0.120531589629	1.13449181374	-1.12727141378	-0.163419053568	1.47153212654	-1.07495536425	27
2	0.0	0.5	0.0	-0.66365576318	1.01263015594	-1.15664637047	-0.681097156977	1.24992062806	-1.06163176242	28
2	0.0	0.75	0.0	-1.19156007714	0.900245264417	-1.15852071193	-1.18972767392	1.14293711148	-0.967105121433	29
2	0.0	1.0	0.0	-1.70985	0.763956232	-1.103470741	-1.70985	1.16915730143	-0.730822541006	30
2	0.25	0.0	0.0	0.41137200817	0.973945737329	-1.16264329407	0.35631483421	1.42770889882	-1.28038340075	31
2	0.25	0.25	0.0	-0.125937196177	0.845944989711	-1.18671935097	-0.180601307278	1.12879559205	-1.24991740772	32
2	0.25	0.5	0.0	-0.652741158674	0.732253445556	-1.2023431927	-0.68996946204	0.929222558634	-1.17762423574	33
2	0.25	0.75	0.0	-1.16662104783	0.617552874755	-1.18355331371	-1.18156368527	0.833860265866	-1.04737057515	34
2	0.25	1.0	0.0	-1.66515803216	0.486525047197	-1.10438820846	-1.66515803216	0.847579181033	-0.843023116254	35
2	0.5	0.0	0.0	0.373501615575	0.643585088578	-1.23060538965	0.302056714097	1.03352812481	-1.42658816351	36
2	0.5	0.25	0.0	-0.126890675743	0.53700762532	-1.24745569854	-0.199644549553	0.80031550141	-1.36245524919	37
2	0.5	0.5	0.0	-0.624934363929	0.424776302726	-1.25128185486	-0.692389852277	0.648238530677	-1.24812530294	38
2	0.5	0.75	0.0	-1.11657788346	0.320268417701	-1.22537770009	-1.16286846754	0.567872594341	-1.12184136052	39
2	0.5	1.0	0.0	-1.59776966881	0.236861267146	-1.15303707574	-1.59776966881	0.549793074132	-1.02184645767	40
2	0.75	0.0	0.0	0.346784391443	0.320389940538	-1.32238131015	0.244038760331	0.652903282206	-1.54746752327	41
2	0.75	0.25	0.0	-0.12221102694	0.227231922441	-1.32409496848	-0.216339397319	0.492167486521	-1.45410573507	42
2	0.75	0.5	0.0	-0.594449349605	0.12129643546	-1.31948790154	-0.686437056228	0.39697926053	-1.31616923604	43
2	0.75	0.75	0.0	-1.06609664237	0.0335927702011	-1.29589984278	-1.1356362397	0.340241361512	-1.21203810657	44
2	0.75	1.0	0.0	-1.53331897105	-0.0048697827282	-1.24067052565	-1.53331897105	0.294856546743	-1.22009242707	45
2	1.0	0.0	0.0	0.348197993	0.016621035	-1.45664654	0.205228061687	0.332084092926	-1.68424588783	46
2	1.0	0.25	0.0	-0.110717248383	-0.0638299170542	-1.43125167276	-0.226476467504	0.210427179271	-1.5664057118	47
2	1.0	0.5	0.0	-0.575500086364	-0.147088448233	-1.42298687733	-0.670189802433	0.165455464537	-1.42479030709	48
2	1.0	0.75	0.0	-1.03984338291	-0.217273190796	-1.40702571348	-1.10186122072	0.146233831987	-1.33948144235	49
2	1.0	1.0	0.0	-1.49744	-0.258502777	-1.358541741	-1.49744	0.101827164886	-1.39056088625	50
5	0.0	0.0	0.0	0.348197993	0.016621035	-1.45664654	0.205228061687	0.332084092926	-1.68424588783	51
5	0.0	0.25	0.0	-0.110717248383	-0.0638299170542	-1.43125167276	-0.226476467504	0.210427179271	-1.5664057118	52
5	0.0	0.5	0.0	-0.575500086364	-0.147088448233	-1.42298687733	-0.670189802433	0.165455464537	-1.42479030709	53
5	0.0	0.75	0.0	-1.03984338291	-0.217273190796	-1.40702571348	-1.10186122072	0.146233831987	-1.33948144235	54
5	0.0	1.0	0.0	-1.49744	-0.258502777	-1.358541741	-1.49744	0.101827164886	-1.39056088625	55
5	0.25	0.0	0.0	0.388092152391	-0.746448243984	-1.90227886682	0.207459164717	-0.416575951985	-2.08282373749	56
5	0.25	0.25	0.0	-0.0810618905892	-0.809453629213	-1.79008002579	-0.221137728924	-0.512103544014	-1.92336857327	57
5	0.25	0.5	0.0	-0.560144630723	-0.847324351812	-1.73749005638	-0.633132494816	-0.48701518746	-1.78228057675	58
5	0.25	0.75	0.0	-1.03841286188	-0.895956863563	-1.68649175159	-1.05297706661	-0.424473608131	-1.68825335652	59
5	0.25	1.0	0.0	-1.50512337794	-0.991247616247	-1.57906790444	-1.50512337794	-0.407641531836	-1.66998052117	60
5	0.5	0.0	0.0	0.406253730739	-1.54020184535	-2.35456593025	0.284364514753	-1.21205371842	-2.42045023106	61
5	0.5	0.25	0.0	-0.0686330647931	-1.60874329184	-2.16259900796	-0.18973252304	-1.28136969378	-2.23703956181	62
5	0.5	0.5	0.0	-0.556456112714	-1.64585307164	-2.00429469856	-0.624021235002	-1.23412114864	-2.06471416265	63
5	0.5	0.75	0.0	-1.05697492465	-1.68104881603	-1.83614840673	-1.06769545383	-1.13880560456	-1.91554725619	64
5	0.5	1.0	0.0	-1.56994901221	-1.74384815629	-1.61465553717	-1.56994901221	-1.06392058304	-1.80161206505	65
5	0.75	0.0	0.0	0.410481860468	-2.31740145079	-2.71141725531	0.378052959121	-1.96496389512	-2.61005786692	66
5	0.75	0.25	0.0	-0.072615418318	-2.39922470741	-2.46600926679	-0.146114844232	-2.0276064369	-2.41576491116	67
5	0.75	0.5	0.0	-0.564190428698	-2.44534150219	-2.19490410222	-0.616998231787	-1.99430934479	-2.20485331487	68
5	0.75	0.75	0.0	-1.08374791971	-2.46443298074	-1.89443485169	-1.09756742376	-1.90446028753	-2.00548207623	69
5	0.75	1.0	0.0	-1.65079264038	-2.46518028869	-1.56093460531	-1.65079264038	-1.79744693387	-1.84581019343	70
5	1.0	0.0	0.0	0.408575674	-3.030808742	-2.870742367	0.430633345144	-2.58592117082	-2.56457914347	71
5	1.0	0.25	0.0	-0.0921935984878	-3.11842367844	-2.61751144978	-0.104138686881	-2.68104894028	-2.36789085504	72
5	1.0	0.5	0.0	-0.583103475035	-3.14845653795	-2.28082156571	-0.586205693971	-2.68602670166	-2.13546028348	73
5	1.0	0.75	0.0	-1.10695019556	-3.13799329024	-1.89979025929	-1.09414401779	-2.62913578729	-1.9421767515	74
5	1.0	1.0	0.0	-1.70653	-3.104119905	-1.513535075	-1.70653	-2.53865752946	-1.86292958182	75
6	0.0	0.0	0.0	0.408575674	-3.030808742	-2.870742367	0.430633345144	-2.58592117082	-2.56457914347	76
6	0.0	0.25	0.0	-0.0921935984878	-3.11842367844	-2.61751144978	-0.104138686881	-2.68104894028	-2.36789085504	77
6	0.0	0.5	0.0	-0.583103475035	-3.14845653795	-2.28082156571	-0.586205693971	-2.68602670166	-2.13546028348	78
6	0.0	0.75	0.0	-1.10695019556	-3.13799329024	-1.89979025929	-1.09414401779	-2.62913578729	-1.9421767515	79
6	0.0	1.0	0.0	-1.70653	-3.104119905	-1.513535075	-1.70653	-2.53865752946	-1.86292958182	80
6	0.25	0.0	0.0	0.46452020752	-3.72962446608	-2.6503108878	0.490010152329	-3.18882522841	-2.13598969538	81
6	0.25	0.25	0.0	-0.0620517746233	-3.80884798046	-2.43400780286	-0.0474828799613	-3.31193961364	-1.97447390817	82
6	0.25	0.5	0.0	-0.570202726263	-3.79098685993	-2.11975875934	-0.5480758497	-3.32933199544	-1.78264482898	83
6	0.25	0.75	0.0	-1.10697942159	-3.72647448392	-1.76248943795	-1.08198551521	-3.27905543233	-1.6431337557	84
6	0.25	1.0	0.0	-1.71942863481	-3.66574423184	-1.41712551938	-1.71942863481	-3.19916298285	-1.63857198623	85
6	0.5	0.0	0.0	0.584999997117	-4.41615150246	-2.07116924611	0.609594056352	-3.87175950504	-1.37318553457	86
6	0.5	0.25	0.0	0.0333026651248	-4.49675508031	-1.91070727462	0.038653905864	-4.00120333643	-1.27959480119	87
6	0.5	0.5	0.0	-0.515189206844	-4.46706863816	-1.67742441938	-0.517341152399	-4.03518678197	-1.1715241285	88
6	0.5	0.75	0.0	-1.08895321178	-4.38015966341	-1.41641479899	-1.09138385605	-3.99856713947	-1.08905328726	89
6	0.5	1.0	0.0	-1.71646694269	-4.28909564344	-1.17277253205	-1.71646694269	-3.91620170674	-1.07226204824	90
6	0.75	0.0	0.0	0.692125063405	-4.89941950336	-1.33321765211	0.738350086612	-4.46372471671	-0.505648188229	91
6	0.75	0.25	0.0	0.122529599589	-4.98195570995	-1.22988123328	0.127603791114	-4.58219337221	-0.477524512743	92
6	0.75	0.5	0.0	-0.464094243634	-4.9679517657	-1.09287354356	-0.487437900434	-4.63098199276	-0.458118788566	93
6	0.75	0.75	0.0	-1.07223889399	-4.89116148095	-0.94721164395	-1.10077231492	-4.6146279227	-0.431420270595	94
6	0.75	1.0	0.0	-1.70639677922	-4.78533866607	-0.817912595455	-1.70639677922	-4.53766850639	-0.381418213728	95
6	1.0	0.0	0.0	0.708005427	-4.988458121	-0.636356316	0.82524327251	-4.79372157942	0.237140816439	96
6	1.0	0.25	0.0	0.1342889076	-5.06426060135	-0.573801047075	0.192698896307	-4.88826298453	0.237465978523	97
6	1.0	0.5	0.0	-0.462949163488	-5.0848861356	-0.505161129637	-0.45180239217	-4.94410855929	0.201550584281	98
6	1.0	0.75	0.0	-1.07620379608	-5.0515925888	-0.44052527438	-1.08858416644	-4.95419479601	0.178280369871	99
6	1.0	1.0	0.0	-1.69797	-4.965637826	-0.389982192	-1.69797	-4.91145818703	0.21654107145	100
9	0.0	0.0	0.0	0.708005427	-4.988458121	-0.636356316	0.82524327251	-4.79372157942	0.237140816439	101
9	0.0	0.25	0.0	0.1342889076	-5.06426060135	-0.573801047075	0.192698896307	-4.88826298453	0.237465978523	102
9	0.0	0.5	0.0	-0.462949163488	-5.0848861356	-0.505161129637	-0.45180239217	-4.94410855929	0.201550584281	103
9	0.0	0.75	0.0	-1.07620379608	-5.0515925888	-0.44052527438	-1.08858416644	-4.95419479601	0.178280369871	104
9	0.0	1.0	0.0	-1.69797	-4.965637826	-0.389982192	-1.69797	-4.91145818703	0.21654107145	105
9	0.25	0.0	0.0	0.622103407545	-4.59787181887	-0.0909415178472	0.831575006554	-4.70832257652	1.00730173698	106
9	0.25	0.25	0.0	0.0608316741567	-4.66057944357	-0.0307954545735	0.204370741217	-4.78543300792	1.03243853733	107
9	0.25	0.5	0.0	-0.519960950103	-4.70343192656	0.0480817885036	-0.43516863389	-4.85318622781	1.02684785821	108
9	0.25	0.75	0.0	-1.10814024581	-4.70867650639	0.116364297156	-1.07212293879	-4.89796963616	1.01199163233	109
9	0.25	1.0	0.0	-1.69157199353	-4.65856042164	0.144726157154	-1.69157199353	-4.90617063296	1.00933179241	110
9	0.5	0.0	0.0	0.507142886663	-3.89129679039	0.330947587705	0.781830603516	-4.262381054	1.94510899525	111
9	0.5	0.25	0.0	-0.0293126304682	-3.94808834124	0.386339830947	0.16887336835	-4.33097548165	1.98318060021	112
9	0.5	0.5	0.0	-0.585346440482	-3.9935622135	0.460879293916	-0.461857304835	-4.40097335761	1.99645824243	113
9	0.5	0.75	0.0	-1.14367958124	-4.00962017941	0.521715283791	-1.08795994737	-4.45441765488	1.98560127561	114
9	0.5	1.0	0.0	-1.68703309059	-3.97816401118	0.535997107748	-1.68703309059	-4.4733513465	1.95126905345	115
9	0.75	0.0	0.0	0.405828929949	-3.03806222421	0.683859490155	0.72352715443	-3.60827438351	2.84990083621	116
9	0.75	0.25	0.0	-0.101932297564	-3.09145735938	0.736067152634	0.124477299662	-3.6731443449	2.89549011183	117
9	0.75	0.5	0.0	-0.633964231988	-3.12856234078	0.793023568356	-0.50036509093	-3.73880192717	2.92056964622	118
9	0.75	0.75	0.0	-1.16930310352	-3.14041049501	0.832010649806	-1.11588943304	-3.78963936815	2.91412750299	119
9	0.75	1.0	0.0	-1.68698514236	-3.11803514862	0.830310309469	-1.68698514236	-3.81004890571	2.86515174575	120
9	1.0	0.0	0.0	0.360866603	-2.207497309	1.022342679	0.704181750335	-2.89837993671	3.52101550481	121
9	1.0	0.25	0.0	-0.122815618421	-2.25535656302	1.07684885364	0.109453057104	-2.96019353684	3.57516501687	122
9	1.0	0.5	0.0	-0.640672921983	-2.28171765273	1.10430679358	-0.519188678097	-3.01800391497	3.60936997886	123
9	1.0	0.75	0.0	-1.1714921138	-2.28703434033	1.10373335948	-1.13570563667	-3.06973529195	3.61258851775	124
9	1.0	1.0	0.0	-1.69406	-2.271760388	1.074145412	-1.69406	-3.11331188861	3.57377876049	125
10	0.0	0.0	0.0	0.360866603	-2.207497309	1.022342679	0.704181750335	-2.89837993671	3.52101550481	126
10	0.0	0.25	0.0	-0.122815618421	-2.25535656302	1.07684885364	0.109453057104	-2.96019353684	3.57516501687	127
10	0.0	0.5	0.0	-0.640672921983	-2.28171765273	1.10430679358	-0.519188678097	-3.01800391497	3.60936997886	128
10	0.0	0.75	0.0	-1.1714921138	-2.28703434033	1.10373335948	-1.13570563667	-3.06973529195	3.61258851775	129
10	0.0	1.0	0.0	-1.69406	-2.271760388	1.074145412	-1.69406	-3.11331188861	3.57377876049	130
10	0.25	0.0	0.0	0.406175643636	-1.30951161399	1.45347115495	0.700214403097	-1.9332009559	3.96750744763	131
10	0.25	0.25	0.0	-0.082768298833	-1.37189600132	1.49642916403	0.100114864635	-2.02234490818	4.0150495585	132
10	0.25	0.5	0.0	-0.609952013276	-1.43756262037	1.44823542203	-0.533312473251	-2.12816419782	4.01225043362	133
10	0.25	0.75	0.0	-1.15958476687	-1.4904032381	1.35053387487	-1.15399893044	-2.24115203936	3.97570236652	134
10	0.25	1.0	0.0	-1.71587582681	-1.51430962146	1.24496846847	-1.71587582681	-2.35180164736	3.92199765077	135
10	0.5	0.0	0.0	0.504052093977	-0.378336836838	1.84088615072	0.66056002462	-0.740240567607	4.15501663322	136
10	0.5	0.25	0.0	-0.0211358117319	-0.458614530202	1.85743684167	0.0532165115698	-0.865602995159	4.19335414167	137
10	0.5	0.5	0.0	-0.57368164434	-0.564088683393	1.72210362759	-0.572537327128	-1.03041003916	4.14577473484	138
10	0.5	0.75	0.0	-1.15075143124	-0.66662273127	1.5134302105	-1.18426029606	-1.21279675063	4.05598518482	139
10	0.5	1.0	0.0	-1.74951119981	-0.738080108689	1.30996029245	-1.74951119981	-1.3908981806	3.96769226369	140
10	0.75	0.0	0.0	0.588809547829	0.515996517982	2.00491077188	0.597492286682	0.445010383652	4.00036219008	141
10	0.75	0.25	0.0	0.0271690797207	0.415815810884	1.99275956098	-0.0163217459483	0.297518623466	4.0394546243	142
10	0.75	0.5	0.0	-0.54539114501	0.276312996561	1.80486937968	-0.622948293054	0.0919487105728	3.97734213515	143
10	0.75	0.75	0.0	-1.1430799035	0.13364446381	1.53226277393	-1.21375411519	-0.140191700883	3.86997060502	144
10	0.75	1.0	0.0	-1.78010597291	0.0239666014297	1.26596228971	-1.78010597291	-0.367394956758	3.77328591634	145
10	1.0	0.0	0.0	0.594761599	1.303457946	1.765868124	0.523284861063	1.38706105336	3.42036324671	146
10	1.0	0.25	0.0	0.0272336123631	1.1827229825	1.73528499642	-0.0935796517773	1.25450636893	3.48272686433	147
10	1.0	0.5	0.0	-0.538609845121	1.02125125787	1.57549064774	-0.670630424354	1.05560220093	3.47435188716	148
10	1.0	0.75	0.0	-1.13465798029	0.859735630802	1.3468719727	-1.22974476949	0.821140834746	3.43419225954	149
10	1.0	1.0	0.0	-1.7928	0.73886896	1.109815866	-1.7928	0.58191455573	3.40120192579	150
13	0.0	0.0	0.0	0.594761599	1.303457946	1.765868124	0.523284861063	1.38706105336	3.42036324671	151
13	0.0	0.25	0.0	0.0272336123631	1.1827229825	1.73528499642	-0.0935796517773	1.25450636893	3.48272686433	152
13	0.0	0.5	0.0	-0.538609845121	1.02125125787	1.57549064774	-0.670630424354	1.05560220093	3.47435188716	153
13	0.0	0.75	0.0	-1.13465798029	0.859735630802	1.3468719727	-1.22974476949	0.821140834746	3.43419225954	154
13	0.0	1.0	0.0	-1.7928	0.73886896	1.109815866	-1.7928	0.58191455573	3.40120192579	155
13	0.25	0.0	0.0	0.548313875843	1.50424575939	1.55253006396	0.46867238331	1.61332341268	3.10074665571	156
13	0.25	0.25	0.0	-0.00532161842226	1.38985010119	1.5308216694	-0.135170127214	1.49583578399	3.1769410209	157
13	0.25	0.5	0.0	-0.562956879303	1.24136249596	1.41079066391	-0.694593932255	1.31833513373	3.20576263879	158
13	0.25	0.75	0.0	-1.14873659954	1.09300549761	1.23550122745	-1.23625404331	1.10432601108	3.21219844517	159
13	0.25	1.0	0.0	-1.78680547186	0.97900166007	1.04801753998	-1.78680547186	0.87731296525	3.22123537584	160
13	0.5	0.0	0.0	0.464439524897	1.65391567251	1.27609781038	0.376404987162	1.80482502393	2.71834604898	161
13	0.5	0.25	0.0	-0.0663828792677	1.56220440088	1.27917635349	-0.195574478534	1.70282553916	2.80840998447	162
13	0.5	0.5	0.0	-0.615231463158	1.45035065847	1.21500996297	-0.730358394862	1.55634953099	2.87852098392	163
13	0.5	0.75	0.0	-1.18363317385	1.33581344349	1.1112730515	-1.24914060657	1.37762559788	2.93653558298	164
13	0.5	1.0	0.0	-1.77311495841	1.23605175412	0.995640031746	-1.77311495841	1.17888233829	2.99031031729	165
13	0.75	0.0	0.0	0.371543492752	1.77707474762	0.986429507862	0.278900853071	1.96524711873	2.32555764962	166
13	0.75	0.25	0.0	-0.136379787324	1.70974016518	1.01840115771	-0.253629949075	1.87540423412	2.42636672201	167
13	0.75	0.5	0.0	-0.672673084071	1.6411442358	1.01394719387	-0.764994158532	1.75972098128	2.53583409502	168
13	0.75	0.75	0.0	-1.21898633203	1.5685154102	0.984351467655	-1.26337844189	1.62257082294	2.6427293251	169
13	0.75	1.0	0.0	-1.75696946575	1.48908213911	0.94089783039	-1.75696946575	1.46832722183	2.73582196868	170
13	1.0	0.0	0.0	0.298030726	1.898330047	0.733383301	0.208578161488	2.09827092869	1.97477768073	171
13	1.0	0.25	0.0	-0.195741959744	1.84241167774	0.786548191076	-0.288173782175	2.01350046854	2.0800442005	172
13	1.0	0.5	0.0	-0.712521229431	1.80667171835	0.833401005529	-0.785571569621	1.91852507313	2.22090914457	173
13	1.0	0.75	0.0	-1.2344347029	1.77146733954	0.864900498717	-1.27394153188	1.82069291404	2.36630532367	174
13	1.0	1.0	0.0	-1.74361	1.717155712	0.872005425	-1.74361	1.72735216285	2.48516554854	175
14	0.0	0.0	0.0	0.298030726	1.898330047	0.733383301	0.208578161488	2.09827092869	1.97477768073	176
14	0.0	0.25	0.0	-0.195741959744	1.84241167774	0.786548191076	-0.288173782175	2.01350046854	2.0800442005	177
14	0.0	0.5	0.0	-0.712521229431	1.80667171835	0.833401005529	-0.785571569621	1.91852507313	2.22090914457	178
14	0.0	0.75	0.0	-1.2344347029	1.77146733954	0.864900498717	-1.27394153188	1.82069291404	2.36630532367	179
14	0.0	1.0	0.0	-1.74361	1.717155712	0.872005425	-1.74361	1.72735216285	2.48516554854	180
14	0.25	0.0	0.0	0.267366856404	2.02007288402	0.497203486615	0.176991666406	2.20933030601	1.62486922773	181
14	0.25	0.25	0.0	-0.223732205594	1.9625357336	0.548589028919	-0.300758654783	2.12924929561	1.71472629157	182
14	0.25	0.5	0.0	-0.722343375368	1.94741773249	0.605006998153	-0.787269738654	2.05644469867	1.83809039858	183
14	0.25	0.75	0.0	-1.22455974299	1.93701657711	0.651025763583	-1.26751663623	1.99412649038	1.96722561751	184
14	0.25	1.0	0.0	-1.72647439855	1.89362996385	0.671213694472	-1.72647439855	1.9455046459	2.07439601715	185
14	0.5	0.0	0.0	0.262965236787	2.13452170787	0.209571671046	0.162102861283	2.31389034553	1.18370743659	186
14	0.5	0.25	0.0	-0.230614875159	2.05767232414	0.247727544983	-0.306908945755	2.23048298685	1.25315894027	187
14	0.5	0.5	0.0	-0.719413628896	2.02924492781	0.289877666337	-0.775040616802	2.16398676826	1.34670660813	188
14	0.5	0.75	0.0	-1.20902887037	2.00253800968	0.324648308206	-1.24139087551	2.10249650126	1.44510376037	189
14	0.5	1.0	0.0	-1.70505844553	1.93085006055	0.340665743689	-1.70505844553	2.03410699732	1.52910371718	190
14	0.75	0.0	0.0	0.273132514277	2.20378551103	-0.072318585296	0.16282241966	2.38636427075	0.742012035705	191
14	0.75	0.25	0.0	-0.223142883865	2.10025717801	-0.0526307804485	-0.305376275071	2.28883980684	0.783375716442	192
14	0.75	0.5	0.0	-0.708732654896	2.04212356259	-0.0359217950075	-0.758913164275	2.21471910976	0.843354406771	193
14	0.75	0.75	0.0	-1.19319628735	1.98173421	-0.022075963684	-1.21381118386	2.13838905296	0.912876361755	194
14	0.75	1.0	0.0	-1.68609326974	1.87143866547	-0.0109776211892	-1.68609326974	2.0342365099	0.982869836458	195
14	1.0	0.0	0.0	0.286175336	2.189973286	-0.291273722	0.17806101508	2.40116530515	0.390502753478	196
14	1.0	0.25	0.0	-0.20806914714	2.06272602387	-0.289080467095	-0.294912262708	2.27595802018	0.393410189969	197
14	1.0	0.5	0.0	-0.695301118249	1.97602389512	-0.29632619097	-0.748916341284	2.18220955101	0.424630428044	198
14	1.0	0.75	0.0	-1.18241619623	1.88830775081	-0.29699114836	-1.20302449545	2.09439025172	0.483480031167	199
14	1.0	1.0	0.0	-1.67631	1.758018442	-0.275055594	-1.67631	1.98697047642	0.569275562804	200
17	0.0	0.0	0.0	5.097498723	1.761457284	-0.648926891	5.35179020412	2.49070634964	0.185991960601	201
17	0.0	0.25	0.0	4.41317418932	1.904877855	-0.660262128358	4.72672606708	2.69004855473	0.20411498036	202
17	0.0	0.5	0.0	3.77857554107	2.26134990826	-0.675322601256	4.09346358356	2.92788320383	0.265499446988	203
17	0.0	0.75	0.0	3.18926867754	2.65166109614	-0.672097401026	3.44809268813	3.13241260996	0.339256811299	204
17	0.0	1.0	0.0	2.640819498	2.896599071	-0.628575619	2.78670331534	3.23183908614	0.39449852411	205
17	0.25	0.0	0.0	5.0877926253	1.75503623861	-0.819306644798	5.35441608437	2.48476665096	-0.046591095338	206
17	0.25	0.25	0.0	4.41331206258	1.90719394233	-0.830957354436	4.73990434119	2.69604250331	-0.0378800108931	207
17	0.25	0.5	0.0	3.782042327	2.26309162888	-0.849361005362	4.11087329883	2.95060164973	0.0183644418684	208
17	0.25	0.75	0.0	3.19438816161	2.64563952764	-0.853301432101	3.47698870973	3.16817535019	0.0916107228531	209
17	0.25	1.0	0.0	2.65075430941	2.87774786796	-0.821562469176	2.84791632633	3.26849486465	0.151327291968	210
17	0.5	0.0	0.0	5.07089107337	1.75150421506	-1.01698076246	5.3606825968	2.46810535319	-0.323267052187	211
17	0.5	0.25	0.0	4.41095059745	1.91916939471	-1.01936539776	4.75984155195	2.69218199843	-0.314221096282	212
17	0.5	0.5	0.0	3.79411676331	2.27461501364	-1.03505604705	4.14499039826	2.9713172956	-0.257029588616	213
17	0.5	0.75	0.0	3.21391421444	2.63980936453	-1.04883241377	3.52701865625	3.2086623769	-0.186301531388	214
17	0.5	1.0	0.0	2.66386759433	2.83672074003	-1.04547420139	2.91681584643	3.30736837452	-0.136645926794	215
17	0.75	0.0	0.0	5.05269204575	1.73398699498	-1.20642728665	5.36922529301	2.43391415425	-0.599755622549	216
17	0.75	0.25	0.0	4.41271774021	1.91677114073	-1.195712189	4.7822811679	2.66766136574	-0.586081806209	217
17	0.75	0.5	0.0	3.81021877528	2.27078167305	-1.21093509635	4.18391365197	2.96806732131	-0.524414103871	218
17	0.75	0.75	0.0	3.23544500205	2.61590739067	-1.23705174166	3.58049179359	3.22196932377	-0.456553992764	219
17	0.75	1.0	0.0	2.67864627159	2.77203709234	-1.25901785791	2.97838464112	3.31620467596	-0.424302950119	220
17	1.0	0.0	0.0	5.039093521	1.68561036	-1.35212426	5.37867972456	2.37538475204	-0.831776519027	221
17	1.0	0.25	0.0	4.4252414371	1.87596610902	-1.33022365881	4.80296665757	2.61167493088	-0.814635671077	222
17	1.0	0.5	0.0	3.82576828819	2.22645321763	-1.35552552331	4.21574183007	2.91888890672	-0.747520563301	223
17	1.0	0.75	0.0	3.24657869043	2.55567038993	-1.39632081141	3.61971738765	3.17619182451	-0.681220702618	224
17	1.0	1.0	0.0	2.69357726	2.68221633	-1.420900481	3.0176054759	3.26274882919	-0.666525595949	225
18	0.0	0.0	0.0	2.640819498	2.896599071	-0.628575619	2.78670331534	3.23183908614	0.39449852411	226
18	0.0	0.25	0.0	2.11748471549	2.88186948543	-0.542199276218	2.14838568912	3.14883995635	0.414926509481	227
18	0.0	0.5	0.0	1.53346400865	2.69549863803	-0.435092708437	1.48074389207	2.92029580898	0.415990419399	228
18	0.0	0.75	0.0	0.914460005984	2.43302156087	-0.340402121687	0.813921231592	2.63985485494	0.405309439015	229
18	0.0	1.0	0.0	0.286175336	2.189973286	-0.291273722	0.17806101508	2.40116530515	0.390502753478	230
18	0.25	0.0	0.0	2.65075430941	2.87774786796	-0.821562469176	2.84791632633	3.26849486465	0.151327291968	231
18	0.25	0.25	0.0	2.13022094257	2.84420632257	-0.745903454861	2.22693728225	3.17868256212	0.165178891557	232
18	0.25	0.5	0.0	1.55736928031	2.63102921511	-0.644970674088	1.55586144156	2.93919840122	0.138937584745	233
18	0.25	0.75	0.0	0.94894343425	2.3374299122	-0.555637049135	0.875247171312	2.63440213685	0.0884876169611	234
18	0.25	1.0	0.0	0.321687515997	2.06262178045	-0.514775502281	0.225652838557	2.34865352393	0.0297132336337	235
18	0.5	0.0	0.0	2.66386759433	2.83672074003	-1.04547420139	2.91681584643	3.30736837452	-0.136645926794	236
18	0.5	0.25	0.0	2.13515171611	2.76023587229	-0.992765367884	2.2960412374	3.19718348033	-0.150085912454	237
18	0.5	0.5	0.0	1.59216725829	2.50286870329	-0.893793958181	1.63305803863	2.92872555111	-0.217520290825	238
18	0.5	0.75	0.0	1.01452225568	2.16679934635	-0.79960422555	0.956925151848	2.5817592643	-0.304344256738	239
18	0.5	1.0	0.0	0.381824743113	1.8542079148	-0.761240423262	0.296701478758	2.23604929737	-0.375953005024	240
18	0.75	0.0	0.0	2.67864627159	2.77203709234	-1.25901785791	2.97838464112	3.31620467596	-0.424302950119	241
18	0.75	0.25	0.0	2.14115456669	2.63918154931	-1.2213956268	2.34936929614	3.17712192735	-0.473135467163	242
18	0.75	0.5	0.0	1.62350861979	2.32012494403	-1.11782525955	1.69646624231	2.86484044106	-0.582032144244	243
18	0.75	0.75	0.0	1.07213190856	1.93176168969	-1.01381133896	1.02989526293	2.46244258299	-0.696719551632	244
18	0.75	1.0	0.0	0.433447910673	1.5909861995	-0.974858447862	0.359876141324	2.05301071899	-0.762924259598	245
18	1.0	0.0	0.0	2.69357726	2.68221633	-1.420900481	3.0176054759	3.26274882919	-0.666525595949	246
18	1.0	0.25	0.0	2.15710702491	2.49026676841	-1.37040484314	2.38059320004	3.09127711948	-0.746237337182	247
18	1.0	0.5	0.0	1.63704404204	2.0919057788	-1.25332727704	1.73021861159	2.72350625348	-0.883246912445	248
18	1.0	0.75	0.0	1.08270783115	1.64294876854	-1.13976607742	1.06509759429	2.25696843862	-1.01217163727	249
18	1.0	1.0	0.0	0.443417912	1.299211145	-1.099819539	0.383846031895	1.78919588231	-1.06762882719	250
19	0.0	0.0	0.0	5.039093521	1.68561036	-1.35212426	5.37867972456	2.37538475204	-0.831776519027	251
19	0.0	0.25	0.0	4.4252414371	1.87596610902	-1.33022365881	4.80296665757	2.61167493088	-0.814635671077	252
19	0.0	0.5	0.0	3.82576828819	2.22645321763	-1.35552552331	4.21574183007	2.91888890672	-0.747520563301	253
19	0.0	0.75	0.0	3.24657869043	2.55567038993	-1.39632081141	3.61971738765	3.17619182451	-0.681220702618	254
19	0.0	1.0	0.0	2.69357726	2.68221633	-1.420900481	3.0176054759	3.26274882919	-0.666525595949	255
19	0.25	0.0	0.0	5.01432373687	1.57614294981	-1.47398937185	5.39810576593	2.26816777036	-1.06145563602	256
19	0.25	0.25	0.0	4.42154370935	1.74967550619	-1.46052529203	4.83444915852	2.48931375512	-1.07208041941	257
19	0.25	0.5	0.0	3.81672882459	2.0586770081	-1.52063476818	4.24933033261	2.76782753346	-1.04906817735	258
19	0.25	0.75	0.0	3.2353138526	2.3310023314	-1.58575723495	3.64977538604	2.98779672446	-1.03212763509	259
19	0.25	1.0	0.0	2.71273356338	2.39450635192	-1.58733212696	3.04281041666	3.03330894722	-1.0609675179	260
19	0.5	0.0	0.0	4.96981217523	1.41727873922	-1.59360267261	5.42411726841	2.11388923168	-1.31134913107	261
19	0.5	0.25	0.0	4.38844429235	1.56110008337	-1.58099797782	4.8695951824	2.31493523154	-1.35431343121	262
19	0.5	0.5	0.0	3.78776723982	1.81054210682	-1.63153887257	4.27075779111	2.56168087326	-1.36337451552	263
19	0.5	0.75	0.0	3.21409079853	2.00640640469	-1.67980563975	3.65255628494	2.73868462413	-1.37391347259	264
19	0.5	1.0	0.0	2.71372474939	1.98949457206	-1.6603785622	3.03994185431	2.73050495145	-1.42131139099	265
19	0.75	0.0	0.0	4.92059830847	1.24267853552	-1.69785917882	5.43836304099	1.93172168769	-1.54252074407	266
19	0.75	0.25	0.0	4.34481173845	1.34614718589	-1.68986541528	4.89108684071	2.10245630867	-1.61815573004	267
19	0.75	0.5	0.0	3.7510835366	1.52007830872	-1.72550840563	4.27882147435	2.3009148734	-1.65426082073	268
19	0.75	0.75	0.0	3.18655470699	1.62976476998	-1.75543871926	3.64392396684	2.42276532504	-1.68212757338	269
19	0.75	1.0	0.0	2.6983662537	1.54049943566	-1.73030692559	3.0287513431	2.36367560676	-1.73304754524	270
19	1.0	0.0	0.0	4.881721609	1.086003146	-1.773653907	5.42249189265	1.7408376901	-1.71603421492	271
19	1.0	0.25	0.0	4.30951460001	1.14072415907	-1.78535130355	4.88160624498	1.86579393504	-1.82042833948	272
19	1.0	0.5	0.0	3.71887771766	1.2253154087	-1.83981393649	4.27231865112	1.98599548116	-1.88554833587	273
19	1.0	0.75	0.0	3.15635075674	1.24895958747	-1.88962916693	3.63974231419	2.03394862874	-1.93231929572	274
19	1.0	1.0	0.0	2.668473512	1.120839388	-1.887384356	3.02899043729	1.94215967808	-1.98166631066	275
20	0.0	0.0	0.0	2.69357726	2.68221633	-1.420900481	3.0176054759	3.26274882919	-0.666525595949	276
20	0.0	0.25	0.0	2.15710702491	2.49026676841	-1.37040484314	2.38059320004	3.09127711948	-0.746237337182	277
20	0.0	0.5	0.0	1.63704404204	2.0919057788	-1.25332727704	1.73021861159	2.72350625348	-0.883246912445	278
20	0.0	0.75	0.0	1.08270783115	1.64294876854	-1.13976607742	1.06509759429	2.25696843862	-1.01217163727	279
20	0.0	1.0	0.0	0.443417912	1.299211145	-1.099819539	0.383846031895	1.78919588231	-1.06762882719	280
20	0.25	0.0	0.0	2.71273356338	2.39450635192	-1.58733212696	3.04281041666	3.03330894722	-1.0609675179	281
20	0.25	0.25	0.0	2.19158243824	2.14406298786	-1.48432130014	2.38782414204	2.81260430148	-1.13778181078	282
20	0.25	0.5	0.0	1.64180764312	1.71622578304	-1.33418275098	1.71848427346	2.3990948861	-1.21476342163	283
20	0.25	0.75	0.0	1.05215541933	1.27238870902	-1.20444668159	1.03968358088	1.90129248918	-1.26970105132	284
20	0.25	1.0	0.0	0.41137200817	0.973945737329	-1.16264329407	0.35631483421	1.42770889882	-1.28038340075	285
20	0.5	0.0	0.0	2.71372474939	1.98949457206	-1.6603785622	3.03994185431	2.73050495145	-1.42131139099	286
20	0.5	0.25	0.0	2.19189057348	1.69001877009	-1.54221080504	2.36040218211	2.44195158531	-1.47688635653	287
20	0.5	0.5	0.0	1.62110155839	1.27946243082	-1.39241876171	1.66319738212	1.97817421657	-1.48431947107	288
20	0.5	0.75	0.0	1.01156835535	0.887444791304	-1.26916332549	0.969893533174	1.46631800861	-1.4615677387	289
20	0.5	1.0	0.0	0.373501615575	0.643585088578	-1.23060538965	0.302056714097	1.03352812481	-1.42658816351	290
20	0.75	0.0	0.0	2.6983662537	1.54049943566	-1.73030692559	3.0287513431	2.36367560676	-1.73304754524	291
20	0.75	0.25	0.0	2.170531579	1.21706245861	-1.62216712459	2.32647307117	2.02723391959	-1.76255063263	292
20	0.75	0.5	0.0	1.59230529705	0.846918738719	-1.48675680748	1.60110705695	1.53749151617	-1.71303730287	293
20	0.75	0.75	0.0	0.979214027864	0.518537993515	-1.37114014557	0.893385040114	1.03314807691	-1.62713408879	294
20	0.75	1.0	0.0	0.346784391443	0.320389940538	-1.32238131015	0.244038760331	0.652903282206	-1.54746752327	295
20	1.0	0.0	0.0	2.668473512	1.120839388	-1.887384356	3.02899043729	1.94215967808	-1.98166631066	296
20	1.0	0.25	0.0	2.14000560314	0.814122396947	-1.80228402553	2.31418256014	1.61636625296	-1.99377429728	297
20	1.0	0.5	0.0	1.57279836828	0.483897723303	-1.67591838654	1.56896241735	1.15379405621	-1.9220391591	298
20	1.0	0.75	0.0	0.973359825539	0.196089293758	-1.54760127828	0.847815690625	0.682885774099	-1.805762491	299
20	1.0	1.0	0.0	0.348197993	0.016621035	-1.45664654	0.205228061687	0.332084092926	-1.68424588783	300
25	0.0	0.0	0.0	4.881721609	1.086003146	-1.773653907	5.42249189265	1.7408376901	-1.71603421492	301
25	0.0	0.25	0.0	4.30951460001	1.14072415907	-1.78535130355	4.88160624498	1.86579393504	-1.82042833948	302
25	0.0	0.5	0.0	3.71887771766	1.2253154087	-1.83981393649	4.27231865112	1.98599548116	-1.88554833587	303
25	0.0	0.75	0.0	3.15635075674	1.24895958747	-1.88962916693	3.63974231419	2.03394862874	-1.93231929572	304
25	0.0	1.0	0.0	2.668473512	1.120839388	-1.887384356	3.02899043729	1.94215967808	-1.98166631066	305
25	0.25	0.0	0.0	4.81939671313	0.631234612536	-1.94563356981	5.32354750765	1.15646310759	-1.99535156319	306
25	0.25	0.25	0.0	4.2679055946	0.595522516512	-2.03394506214	4.79499447278	1.18708959362	-2.14929935556	307
25	0.25	0.5	0.0	3.69498375021	0.545856222853	-2.18054685959	4.21266096206	1.16959895014	-2.26265712205	308
25	0.25	0.75	0.0	3.14159153217	0.458888037013	-2.3205803921	3.61282048716	1.1008420621	-2.34142254366	309
25	0.25	1.0	0.0	2.64868929271	0.311270264448	-2.38918708962	3.03174655972	0.977669814481	-2.39159330137	310
25	0.5	0.0	0.0	4.78819473437	0.0846052965857	-2.11093713512	5.25043876667	0.510859262767	-2.11789282937	311
25	0.5	0.25	0.0	4.26359754118	-0.0292086971956	-2.28084224206	4.73007371728	0.458426141939	-2.31773179772	312
25	0.5	0.5	0.0	3.72408577992	-0.165513372093	-2.51299845416	4.15452562548	0.340769136116	-2.48789055391	313
25	0.5	0.75	0.0	3.19616382482	-0.323388058636	-2.72896584996	3.56871397693	0.183867866224	-2.61617902581	314
25	0.5	1.0	0.0	2.70633605014	-0.501912087354	-2.85030450799	3.01755825728	0.0137019531899	-2.69040714128	315
25	0.75	0.0	0.0	4.78097829517	-0.472761811157	-2.22357297887	5.22787165573	-0.119458048233	-2.11576215927	316
25	0.75	0.25	0.0	4.27835493188	-0.65942167669	-2.4543093798	4.71790451151	-0.247416518209	-2.33955232789	317
25	0.75	0.5	0.0	3.77159621651	-0.860193773441	-2.74123956436	4.14895565479	-0.433182636561	-2.54859476863	318
25	0.75	0.75	0.0	3.27110563562	-1.07054562144	-3.00188048212	3.57037164793	-0.646107280512	-2.71597641375	319
25	0.75	1.0	0.0	2.78728667575	-1.28594474073	-3.15374908262	3.03149905331	-0.855541327289	-2.81478419548	320
25	1.0	0.0	0.0	4.790610018	-0.95974372	-2.237549477	5.28055216087	-0.657973029265	-2.02106369876	321
25	1.0	0.25	0.0	4.29394225884	-1.22106861661	-2.48261301189	4.78954738853	-0.857658485024	-2.22858760801	322
25	1.0	0.5	0.0	3.80292746973	-1.48958537849	-2.76934103436	4.24699406338	-1.08494504355	-2.43211590339	323
25	1.0	0.75	0.0	3.3174549655	-1.75526157338	-3.02641923016	3.68074236456	-1.31821669973	-2.60020237903	324
25	1.0	1.0	0.0	2.837414061	-2.008064769	-3.182533285	3.11864247117	-1.53585744845	-2.70140082907	325
26	0.0	0.0	0.0	2.668473512	1.120839388	-1.887384356	3.02899043729	1.94215967808	-1.98166631066	326
26	0.0	0.25	0.0	2.14000560314	0.814122396947	-1.80228402553	2.31418256014	1.61636625296	-1.99377429728	327
26	0.0	0.5	0.0	1.57279836828	0.483897723303	-1.67591838654	1.56896241735	1.15379405621	-1.9220391591	328
26	0.0	0.75	0.0	0.973359825539	0.196089293758	-1.54760127828	0.847815690625	0.682885774099	-1.805762491	329
26	0.0	1.0	0.0	0.348197993	0.016621035	-1.45664654	0.205228061687	0.332084092926	-1.68424588783	330
26	0.25	0.0	0.0	2.64868929271	0.311270264448	-2.38918708962	3.03174655972	0.977669814481	-2.39159330137	331
26	0.25	0.25	0.0	2.11985265617	0.047466107304	-2.35988168468	2.33660361982	0.709197017828	-2.40781348758	332
26	0.25	0.5	0.0	1.56916836897	-0.265859788574	-2.25795071475	1.59095341188	0.320054677956	-2.36558052941	333
26	0.25	0.75	0.0	0.993095258555	-0.555050285049	-2.09991087656	0.859627929106	-0.0888415352699	-2.25916156625	334
26	0.25	1.0	0.0	0.388092152391	-0.746448243984	-1.90227886682	0.207459164717	-0.416575951985	-2.08282373749	335
26	0.5	0.0	0.0	2.70633605014	-0.501912087354	-2.85030450799	3.01755825728	0.0137019531899	-2.69040714128	336
26	0.5	0.25	0.0	2.15951349735	-0.76247978454	-2.85362788252	2.37223682258	-0.247668893343	-2.71839575012	337
26	0.5	0.5	0.0	1.58159222067	-1.06984099563	-2.76410731715	1.66086926973	-0.595655783404	-2.69413631039	338
26	0.5	0.75	0.0	0.99102227888	-1.35281019209	-2.59375070276	0.944547775017	-0.945402723071	-2.60052305855	339
26	0.5	1.0	0.0	0.406253730739	-1.54020184535	-2.35456593025	0.284364514753	-1.21205371842	-2.42045023106	340
26	0.75	0.0	0.0	2.78728667575	-1.28594474073	-3.15374908262	3.03149905331	-0.855541327289	-2.81478419548	341
26	0.75	0.25	0.0	2.22026763615	-1.56147527441	-3.17723705428	2.41822838938	-1.1257686653	-2.85482394665	342
26	0.75	0.5	0.0	1.60494179557	-1.86529849263	-3.10154135314	1.73778175794	-1.44856614911	-2.84274272512	343
26	0.75	0.75	0.0	0.98658719126	-2.13730901242	-2.94136655992	1.04083225064	-1.75220686397	-2.76550065662	344
26	0.75	1.0	0.0	0.410481860468	-2.31740145079	-2.71141725531	0.378052959121	-1.96496389512	-2.61005786692	345
26	1.0	0.0	0.0	2.837414061	-2.008064769	-3.182533285	3.11864247117	-1.53585744845	-2.70140082907	346
26	1.0	0.25	0.0	2.26339458207	-2.29528035815	-3.22442363521	2.47172454113	-1.79663948278	-2.74640093895	347
26	1.0	0.5	0.0	1.63408896584	-2.58948487433	-3.17740598216	1.78076264353	-2.09390524039	-2.74643599668	348
26	1.0	0.75	0.0	0.99923630044	-2.84866533109	-3.05500425103	1.08673837825	-2.37466303263	-2.68974804921	349
26	1.0	1.0	0.0	0.408575674	-3.030808742	-2.870742367	0.430633345144	-2.58592117082	-2.56457914347	350
27	0.0	0.0	0.0	4.790610018	-0.95974372	-2.237549477	5.28055216087	-0.657973029265	-2.02106369876	351
27	0.0	0.25	0.0	4.29394225884	-1.22106861661	-2.48261301189	4.78954738853	-0.857658485024	-2.22858760801	352
27	0.0	0.5	0.0	3.80292746973	-1.48958537849	-2.76934103436	4.24699406338	-1.08494504355	-2.43211590339	353
27	0.0	0.75	0.0	3.3174549655	-1.75526157338	-3.02641923016	3.68074236456	-1.31821669973	-2.60020237903	354
27	0.0	1.0	0.0	2.837414061	-2.008064769	-3.182533285	3.11864247117	-1.53585744845	-2.70140082907	355
27	0.25	0.0	0.0	4.87321667579	-1.45273328931	-2.06453028268	5.42340731217	-1.22035268931	-1.67379331101	356
27	0.25	0.25	0.0	4.38041875639	-1.78844207819	-2.27510103094	4.94203499096	-1.48080659897	-1.81358648405	357
27	0.25	0.5	0.0	3.89506387031	-2.12989591455	-2.51291066661	4.41910659177	-1.74929925947	-1.96277930683	358
27	0.25	0.75	0.0	3.41153227835	-2.45636290589	-2.72445434426	3.85863275408	-2.00622466896	-2.0975563588	359
27	0.25	1.0	0.0	2.9242042413	-2.74711115966	-2.85622721847	3.26462411738	-2.23197682558	-2.19410221944	360
27	0.5	0.0	0.0	5.03543377827	-1.94722154538	-1.71165242148	5.60560409124	-1.81252536704	-1.03835282632	361
27	0.5	0.25	0.0	4.55740514005	-2.34854583295	-1.86264546405	5.11394014762	-2.12348385001	-1.08524040206	362
27	0.5	0.5	0.0	4.07900256362	-2.76290260092	-2.02981024066	4.58270439615	-2.46132909239	-1.1560289657	363
27	0.5	0.75	0.0	3.5909346015	-3.1541981369	-2.17567877545	4.01417981456	-2.78644575732	-1.24313969352	364
27	0.5	1.0	0.0	3.08390980619	-3.4863387285	-2.26278309257	3.4106493806	-3.05921850798	-1.3389937618	365
27	0.75	0.0	0.0	5.19919952387	-2.33048175976	-1.26542489529	5.77402976659	-2.2920669605	-0.305927065426	366
27	0.75	0.25	0.0	4.73231942304	-2.77606375942	-1.34772463608	5.26470020139	-2.65055468212	-0.273525176128	367
27	0.75	0.5	0.0	4.2511971476	-3.23562167278	-1.4355861674	4.71455556768	-3.05034767397	-0.273071112802	368
27	0.75	0.75	0.0	3.74797143813	-3.66451271128	-1.50816629844	4.13281998494	-3.43887764307	-0.309533337096	369
27	0.75	1.0	0.0	3.21478103523	-4.01809408634	-1.54462183839	3.52871757264	-3.76357629642	-0.387880310659	370
27	1.0	0.0	0.0	5.286452111	-2.489787204	-0.812356706	5.87557160673	-2.51655336773	0.332299150907	371
27	1.0	0.25	0.0	4.8125796186	-2.94567973611	-0.832816871866	5.35375249512	-2.92688353926	0.39158337966	372
27	1.0	0.5	0.0	4.30810122018	-3.39506936534	-0.845784857707	4.79142819753	-3.34566813591	0.424888019075	373
27	1.0	0.75	0.0	3.77495229141	-3.80305207389	-0.849990687945	4.19998970419	-3.74351800446	0.430681756547	374
27	1.0	1.0	0.0	3.215068208	-4.134723844	-0.844164387	3.59082800531	-4.09104399167	0.407433279473	375
28	0.0	0.0	0.0	2.837414061	-2.008064769	-3.182533285	3.11864247117	-1.53585744845	-2.70140082907	376
28	0.0	0.25	0.0	2.26339458207	-2.29528035815	-3.22442363521	2.47172454113	-1.79663948278	-2.74640093895	377
28	0.0	0.5	0.0	1.63408896584	-2.58948487433	-3.17740598216	1.78076264353	-2.09390524039	-2.74643599668	378
28	0.0	0.75	0.0	0.99923630044	-2.84866533109	-3.05500425103	1.08673837825	-2.37466303263	-2.68974804921	379
28	0.0	1.0	0.0	0.408575674	-3.030808742	-2.870742367	0.430633345144	-2.58592117082	-2.56457914347	380
28	0.25	0.0	0.0	2.9242042413	-2.74711115966	-2.85622721847	3.26462411738	-2.23197682558	-2.19410221944	381
28	0.25	0.25	0.0	2.34884749873	-3.03464301657	-2.89999544318	2.57213101883	-2.46828966454	-2.25047640226	382
28	0.25	0.5	0.0	1.72070287912	-3.30603003514	-2.8736449063	1.85323159843	-2.72050659003	-2.26529058831	383
28	0.25	0.75	0.0	1.07938793215	-3.54358594257	-2.78710644284	1.14637494624	-2.967670734	-2.22998245891	384
28	0.25	1.0	0.0	0.46452020752	-3.72962446608	-2.6503108878	0.490010152329	-3.18882522841	-2.13598969538	385
28	0.5	0.0	0.0	3.08390980619	-3.4863387285	-2.26278309257	3.4106493806	-3.05921850798	-1.3389937618	386
28	0.5	0.25	0.0	2.49969827082	-3.77231020518	-2.2830027479	2.72298255092	-3.28596858765	-1.41547554118	387
28	0.5	0.5	0.0	1.86458880223	-4.02110305958	-2.25056282317	1.99997068159	-3.48767061502	-1.44523691028	388
28	0.5	0.75	0.0	1.21441238336	-4.23496694193	-2.17632957153	1.2820343307	-3.67828183813	-1.43042464833	389
28	0.5	1.0	0.0	0.584999997117	-4.41615150246	-2.07116924611	0.609594056352	-3.87175950504	-1.37318553457	390
28	0.75	0.0	0.0	3.21478103523	-4.01809408634	-1.54462183839	3.52871757264	-3.76357629642	-0.387880310659	391
28	0.75	0.25	0.0	2.62034937075	-4.29910276537	-1.5348335126	2.86515585133	-3.99839472532	-0.471315484697	392
28	0.75	0.5	0.0	1.97992759561	-4.53451764887	-1.48789534129	2.1518413168	-4.16898499963	-0.518161103411	393
28	0.75	0.75	0.0	1.32626854733	-4.73205210535	-1.41646937196	1.42937303869	-4.31190802741	-0.529308295142	394
28	0.75	1.0	0.0	0.692125063405	-4.89941950336	-1.33321765211	0.738350086612	-4.46372471671	-0.505648188229	395
28	1.0	0.0	0.0	3.215068208	-4.134723844	-0.844164387	3.59082800531	-4.09104399167	0.407433279473	396
28	1.0	0.25	0.0	2.61520327094	-4.40584153858	-0.816875700546	2.939527634	-4.35428655077	0.352086638205	397
28	1.0	0.5	0.0	1.98090011969	-4.64608750424	-0.765378069194	2.23970492786	-4.53803742815	0.284050691454	398
28	1.0	0.75	0.0	1.33691531735	-4.84408520902	-0.701321578995	1.52404757725	-4.67396098423	0.235132922955	399
28	1.0	1.0	0.0	0.708005427	-4.988458121	-0.636356316	0.82524327251	-4.79372157942	0.237140816439	400
33	0.0	0.0	0.0	5.286452111	-2.489787204	-0.812356706	5.87557160673	-2.51655336773	0.332299150907	401
33	0.0	0.25	0.0	4.8125796186	-2.94567973611	-0.832816871866	5.35375249512	-2.92688353926	0.39158337966	402
33	0.0	0.5	0.0	4.30810122018	-3.39506936534	-0.845784857707	4.79142819753	-3.34566813591	0.424888019075	403
33	0.0	0.75	0.0	3.77495229141	-3.80305207389	-0.849990687945	4.19998970419	-3.74351800446	0.430681756547	404
33	0.0	1.0	0.0	3.215068208	-4.134723844	-0.844164387	3.59082800531	-4.09104399167	0.407433279473	405
33	0.25	0.0	0.0	5.26673864837	-2.37679764155	-0.272086027245	5.88933330391	-2.43832898681	1.02914332904	406
33	0.25	0.25	0.0	4.77368553357	-2.79142711412	-0.286009957369	5.35614896398	-2.8746632495	1.06404382627	407
33	0.25	0.5	0.0	4.24408875828	-3.17823368469	-0.324505370516	4.78480363133	-3.26533298349	1.05968950953	408
33	0.25	0.75	0.0	3.68558194104	-3.52094117736	-0.364780174835	4.18682972803	-3.61692557952	1.04361755937	409
33	0.25	1.0	0.0	3.1057987004	-3.80327341621	-0.384042278478	3.57375967617	-3.93602842836	1.04336515632	410
33	0.5	0.0	0.0	5.19212524279	-2.06098905103	0.31385169655	5.83462678344	-2.12844911231	1.81655366136	411
33	0.5	0.25	0.0	4.68330785791	-2.39222851	0.276410791951	5.28829658374	-2.53928944847	1.85199347712	412
33	0.5	0.5	0.0	4.14182763665	-2.69218487662	0.16468625073	4.70587751381	-2.89306873554	1.83099155748	413
33	0.5	0.75	0.0	3.57112189998	-2.95799796315	0.0384869545847	4.10418690346	-3.20124273872	1.79624176212	414
33	0.5	1.0	0.0	2.97462796885	-3.18680758184	-0.0423782147906	3.50004208249	-3.47526722324	1.79043795071	415
33	0.75	0.0	0.0	5.11700536857	-1.61004210124	0.837606567319	5.73768384622	-1.64124391255	2.52121594105	416
33	0.75	0.25	0.0	4.5990563886	-1.85484309595	0.776784691141	5.18252597026	-2.00788484139	2.58393434989	417
33	0.75	0.5	0.0	4.05371014245	-2.07274070674	0.59317936936	4.58890993135	-2.33062770283	2.5652306798	418
33	0.75	0.75	0.0	3.47757362706	-2.2689314553	0.383845039427	3.98485775071	-2.61140463005	2.52016204723	419
33	0.75	1.0	0.0	2.86725383937	-2.4486118633	0.245836138792	3.39839144957	-2.85214775626	2.50378556861	420
33	1.0	0.0	0.0	5.0957725	-1.091637461	1.191328687	5.62473629313	-1.03104355586	2.96981596129	421
33	1.0	0.25	0.0	4.57854092265	-1.2860300442	1.13745105525	5.07116773942	-1.36757213349	3.08836846224	422
33	1.0	0.5	0.0	4.03212856283	-1.45571894068	0.9323633487	4.4681609703	-1.67976219613	3.08884339337	423
33	1.0	0.75	0.0	3.4509385811	-1.60845067782	0.695328418801	3.86163878999	-1.96234640152	3.04698609713	424
33	1.0	1.0	0.0	2.829374138	-1.751971783	0.545609117	3.2975240027	-2.21005740739	3.03854191596	425
34	0.0	0.0	0.0	3.215068208	-4.134723844	-0.844164387	3.59082800531	-4.09104399167	0.407433279473	426
34	0.0	0.25	0.0	2.61520327094	-4.40584153858	-0.816875700546	2.939527634	-4.35428655077	0.352086638205	427
34	0.0	0.5	0.0	1.98090011969	-4.64608750424	-0.765378069194	2.23970492786	-4.53803742815	0.284050691454	428
34	0.0	0.75	0.0	1.33691531735	-4.84408520902	-0.701321578995	1.52404757725	-4.67396098423	0.235132922955	429
34	0.0	1.0	0.0	0.708005427	-4.988458121	-0.636356316	0.82524327251	-4.79372157942	0.237140816439	430
34	0.25	0.0	0.0	3.1057987004	-3.80327341621	-0.384042278478	3.57375967617	-3.93602842836	1.04336515632	431
34	0.25	0.25	0.0	2.49856260722	-4.05322683921	-0.347777585118	2.9244298606	-4.21328409447	1.03719563362	432
34	0.25	0.5	0.0	1.87295769299	-4.2875090761	-0.261136249525	2.23581620833	-4.43269517762	1.00711280181	433
34	0.25	0.75	0.0	1.24284945925	-4.47832308371	-0.162672738251	1.53062812258	-4.59684642318	0.986140292421	434
34	0.25	1.0	0.0	0.622103407545	-4.59787181887	-0.0909415178472	0.831575006554	-4.70832257652	1.00730173698	435
34	0.5	0.0	0.0	2.97462796885	-3.18680758184	-0.0423782147906	3.50004208249	-3.47526722324	1.79043795071	436
34	0.5	0.25	0.0	2.35301000729	-3.40431767593	-0.0142835452912	2.86137812801	-3.73381031492	1.81638269033	437
34	0.5	0.5	0.0	1.73343556863	-3.61233156512	0.103876051743	2.18283515648	-3.96525112912	1.84968645992	438
34	0.5	0.75	0.0	1.11758605953	-3.78370576481	0.242239966135	1.48334277821	-4.14847844807	1.89203373605	439
34	0.5	1.0	0.0	0.507142886663	-3.89129679039	0.330947587705	0.781830603516	-4.262381054	1.94510899525	440
34	0.75	0.0	0.0	2.86725383937	-2.4486118633	0.245836138792	3.39839144957	-2.85214775626	2.50378556861	441
34	0.75	0.25	0.0	2.22830191008	-2.62777626717	0.263498706324	2.78121964008	-3.08516657925	2.55525723615	442
34	0.75	0.5	0.0	1.60902789083	-2.79670239037	0.402428884626	2.11752313436	-3.30814647545	2.65332116503	443
34	0.75	0.75	0.0	1.00351061849	-2.93894584026	0.572568527852	1.42554471246	-3.49215866887	2.76314611259	444
34	0.75	1.0	0.0	0.405828929949	-3.03806222421	0.683859490155	0.72352715443	-3.60827438351	2.84990083621	445
34	1.0	0.0	0.0	2.829374138	-1.751971783	0.545609117	3.2975240027	-2.21005740739	3.03854191596	446
34	1.0	0.25	0.0	2.17419475452	-1.89226483133	0.565461457119	2.71480160064	-2.43665425458	3.11942869895	447
34	1.0	0.5	0.0	1.54642880381	-2.01676897089	0.707292299138	2.07664150402	-2.63382240939	3.25956641636	448
34	1.0	0.75	0.0	0.943008636444	-2.12275589801	0.887464940588	1.40058709365	-2.79118869553	3.40981028078	449
34	1.0	1.0	0.0	0.360866603	-2.207497309	1.022342679	0.704181750335	-2.89837993671	3.52101550481	450
35	0.0	0.0	0.0	5.0957725	-1.091637461	1.191328687	5.62473629313	-1.03104355586	2.96981596129	451
35	0.0	0.25	0.0	4.57854092265	-1.2860300442	1.13745105525	5.07116773942	-1.36757213349	3.08836846224	452
35	0.0	0.5	0.0	4.03212856283	-1.45571894068	0.9323633487	4.4681609703	-1.67976219613	3.08884339337	453
35	0.0	0.75	0.0	3.4509385811	-1.60845067782	0.695328418801	3.86163878999	-1.96234640152	3.04698609713	454
35	0.0	1.0	0.0	2.829374138	-1.751971783	0.545609117	3.2975240027	-2.21005740739	3.03854191596	455
35	0.25	0.0	0.0	5.10589361798	-0.585293943825	1.29832688823	5.5161319176	-0.410298965835	3.07478599349	456
35	0.25	0.25	0.0	4.58104999125	-0.739763305372	1.28099490161	4.94880106489	-0.702686800836	3.25359820604	457
35	0.25	0.5	0.0	4.02405464523	-0.863502777125	1.11923875162	4.33167186681	-0.97570786259	3.30291894234	458
35	0.25	0.75	0.0	3.42999869981	-0.968052638734	0.927261198107	3.71886728778	-1.23028228837	3.30218889267	459
35	0.25	1.0	0.0	2.79397327487	-1.06495316985	0.819265000894	3.16451029222	-1.46733021543	3.3308487473	460
35	0.5	0.0	0.0	5.10451787893	-0.0184724300826	1.25408701724	5.40295537669	0.275764341809	2.98057297537	461
35	0.5	0.25	0.0	4.55345347983	-0.12362907333	1.27221040583	4.80214364779	0.0502235622515	3.19715829644	462
35	0.5	0.5	0.0	3.97036923479	-0.21019967211	1.16167913168	4.17182381009	-0.173766830924	3.29260492809	463
35	0.5	0.75	0.0	3.35372054379	-0.277066213481	1.02666829811	3.55384503824	-0.383321831349	3.33607411049	464
35	0.5	1.0	0.0	2.70196280683	-0.323110684502	0.97135300843	2.99005650692	-0.565556432658	3.3967270838	465
35	0.75	0.0	0.0	5.10516440667	0.538281787701	1.10751786939	5.31647775139	0.938618930089	2.7472764205	466
35	0.75	0.25	0.0	4.52352104743	0.485483765937	1.1556995036	4.68469736248	0.790947892897	2.97535755903	467
35	0.75	0.5	0.0	3.90779721101	0.442496043936	1.09314885862	4.04147225045	0.631260678242	3.09956508017	468
35	0.75	0.75	0.0	3.26751675384	0.418924945604	1.01455930387	3.41382404184	0.485716844457	3.17403164055	469
35	0.75	1.0	0.0	2.61220353237	0.424376794847	1.01462420875	2.82877436314	0.380475949873	3.25288989682	470
35	1.0	0.0	0.0	5.121352325	1.014423417	0.90752824	5.28797012267	1.48973736202	2.43499584245	471
35	1.0	0.25	0.0	4.51902235309	1.01068632644	0.976064130617	4.64996408332	1.41927512822	2.64450481939	472
35	1.0	0.5	0.0	3.87306345339	1.03289004058	0.947112302228	3.99347263825	1.34457444428	2.7654631281	473
35	1.0	0.75	0.0	3.21679997075	1.07433718618	0.911943800476	3.34605629904	1.28401561398	2.84145137281	474
35	1.0	1.0	0.0	2.58355625	1.12833039	0.961829671	2.73527557725	1.25597894111	2.91605015777	475
36	0.0	0.0	0.0	2.829374138	-1.751971783	0.545609117	3.2975240027	-2.21005740739	3.03854191596	476
36	0.0	0.25	0.0	2.17419475452	-1.89226483133	0.565461457119	2.71480160064	-2.43665425458	3.11942869895	477
36	0.0	0.5	0.0	1.54642880381	-2.01676897089	0.707292299138	2.07664150402	-2.63382240939	3.25956641636	478
36	0.0	0.75	0.0	0.943008636444	-2.12275589801	0.887464940588	1.40058709365	-2.79118869553	3.40981028078	479
36	0.0	1.0	0.0	0.360866603	-2.207497309	1.022342679	0.704181750335	-2.89837993671	3.52101550481	480
36	0.25	0.0	0.0	2.79397327487	-1.06495316985	0.819265000894	3.16451029222	-1.46733021543	3.3308487473	481
36	0.25	0.25	0.0	2.14858438246	-1.14831478567	0.878721336948	2.61751551715	-1.65633738422	3.4524079557	482
36	0.25	0.5	0.0	1.53868512905	-1.20560470703	1.06159552113	2.01167358536	-1.77414340633	3.63871888404	483
36	0.25	0.75	0.0	0.959480540734	-1.25370847083	1.28185598371	1.36617603472	-1.85501051811	3.8302594191	484
36	0.25	1.0	0.0	0.406175643636	-1.30951161399	1.45347115495	0.700214403097	-1.9332009559	3.96750744763	485
36	0.5	0.0	0.0	2.70196280683	-0.323110684502	0.97135300843	2.99005650692	-0.565556432658	3.3967270838	486
36	0.5	0.25	0.0	2.1002903178	-0.343394514247	1.09172680875	2.46437331147	-0.667938993649	3.54534843419	487
36	0.5	0.5	0.0	1.54632428517	-0.341130079371	1.35165079596	1.88459854078	-0.687301710441	3.77049601421	488
36	0.5	0.75	0.0	1.02069983515	-0.343662485144	1.63880917497	1.27517863258	-0.689462822079	3.99833151638	489
36	0.5	1.0	0.0	0.504052093977	-0.378336836838	1.84088615072	0.66056002462	-0.740240567607	4.15501663322	490
36	0.75	0.0	0.0	2.61220353237	0.424376794847	1.01462420875	2.82877436314	0.380475949873	3.25288989682	491
36	0.75	0.25	0.0	2.06356580523	0.459467440312	1.18463956995	2.31097644725	0.367243467633	3.40036351734	492
36	0.75	0.5	0.0	1.56109423994	0.509051346713	1.49099017174	1.74789744865	0.423950916293	3.62164552532	493
36	0.75	0.75	0.0	1.07832882473	0.539202907965	1.80672943281	1.16743638819	0.475054490187	3.84541779237	494
36	0.75	1.0	0.0	0.588809547829	0.515996517982	2.00491077188	0.597492286682	0.445010383652	4.00036219008	495
36	1.0	0.0	0.0	2.58355625	1.12833039	0.961829671	2.73527557725	1.25597894111	2.91605015777	496
36	1.0	0.25	0.0	2.07266408945	1.19724253537	1.13762131802	2.21292638811	1.28791255014	3.01956658802	497
36	1.0	0.5	0.0	1.57474296114	1.27733600585	1.39314569661	1.65405138734	1.3568627119	3.15891513583	498
36	1.0	0.75	0.0	1.08402981451	1.32670855741	1.63402167565	1.08279080248	1.40814151632	3.30290946685	499
36	1.0	1.0	0.0	0.594761599	1.303457946	1.765868124	0.523284861063	1.38706105336	3.42036324671	500
41	0.0	0.0	0.0	5.121352325	1.014423417	0.90752824	5.28797012267	1.48973736202	2.43499584245	501
41	0.0	0.25	0.0	4.51902235309	1.01068632644	0.976064130617	4.64996408332	1.41927512822	2.64450481939	502
41	0.0	0.5	0.0	3.87306345339	1.03289004058	0.947112302228	3.99347263825	1.34457444428	2.7654631281	503
41	0.0	0.75	0.0	3.21679997075	1.07433718618	0.911943800476	3.34605629904	1.28401561398	2.84145137281	504
41	0.0	1.0	0.0	2.58355625	1.12833039	0.961829671	2.73527557725	1.25597894111	2.91605015777	505
41	0.25	0.0	0.0	5.14035512175	1.21640069462	0.785963674467	5.29458946759	1.71712331773	2.24278530172	506
41	0.25	0.25	0.0	4.5294331181	1.22775776703	0.862175249099	4.65849123819	1.6772696302	2.44161987734	507
41	0.25	0.5	0.0	3.87300547247	1.27707266508	0.851367485627	4.00073772717	1.63387214673	2.5631375201	508
41	0.25	0.75	0.0	3.21405325102	1.34491679811	0.833430986267	3.34756016411	1.60053648508	2.63999046606	509
41	0.25	1.0	0.0	2.59555751991	1.41186157543	0.888256353237	2.72518977859	1.59086826301	2.70483095128	510
41	0.5	0.0	0.0	5.16537240226	1.42770242501	0.624342633983	5.30433287198	1.95600200349	1.98971508057	511
41	0.5	0.25	0.0	4.54064152028	1.45136609741	0.70614788596	4.66501415683	1.94864830795	2.17900232688	512
41	0.5	0.5	0.0	3.87586894616	1.52861913456	0.720015789701	4.01125911531	1.93396389374	2.30828056194	513
41	0.5	0.75	0.0	3.21749350697	1.6234119984	0.720564321312	3.35922499245	1.92102852161	2.39173977209	514
41	0.5	1.0	0.0	2.61195402981	1.69969515087	0.762411456899	2.72506903327	1.91892195232	2.44356994366	515
41	0.75	0.0	0.0	5.18681425239	1.6125669719	0.443467249258	5.31673295999	2.16969832715	1.71364015811	516
41	0.75	0.25	0.0	4.54724887112	1.64720805001	0.524085427336	4.67420607754	2.19447973986	1.88754557777	517
41	0.75	0.5	0.0	3.87730567047	1.75991567859	0.560079080938	4.02375642818	2.21288001765	2.02254764732	518
41	0.75	0.75	0.0	3.22296442444	1.89047239826	0.578417716225	3.37272266676	2.22380370371	2.11392770938	519
41	0.75	1.0	0.0	2.63020490706	1.97866074962	0.606070839361	2.72844344816	2.22615534124	2.15696710657	520
41	1.0	0.0	0.0	5.195090758	1.735232699	0.264139651	5.33132235578	2.32153719655	1.45241551346	521
41	1.0	0.25	0.0	4.5438564821	1.78098035724	0.332091259364	4.69074023864	2.3758325043	1.59814303976	522
41	1.0	0.5	0.0	3.87296744142	1.94334852675	0.378579225823	4.03694929127	2.43865085081	1.72759416993	523
41	1.0	0.75	0.0	3.22630968928	2.12674760888	0.41206508162	3.37972506975	2.48717401153	1.82378269641	524
41	1.0	1.0	0.0	2.647769279	2.235588005	0.441010358	2.72884313013	2.49858376194	1.86972241166	525
42	0.0	0.0	0.0	2.58355625	1.12833039	0.961829671	2.73527557725	1.25597894111	2.91605015777	526
42	0.0	0.25	0.0	2.07266408945	1.19724253537	1.13762131802	2.21292638811	1.28791255014	3.01956658802	527
42	0.0	0.5	0.0	1.57474296114	1.27733600585	1.39314569661	1.65405138734	1.3568627119	3.15891513583	528
42	0.0	0.75	0.0	1.08402981451	1.32670855741	1.63402167565	1.08279080248	1.40814151632	3.30290946685	529
42	0.0	1.0	0.0	0.594761599	1.303457946	1.765868124	0.523284861063	1.38706105336	3.42036324671	530
42	0.25	0.0	0.0	2.59555751991	1.41186157543	0.888256353237	2.72518977859	1.59086826301	2.70483095128	531
42	0.25	0.25	0.0	2.0863515387	1.46943820192	1.04126695017	2.18861324635	1.61093401912	2.78191635861	532
42	0.25	0.5	0.0	1.56944876937	1.5215706038	1.25126947201	1.62182204625	1.6405423118	2.88410834117	533
42	0.25	0.75	0.0	1.0537894643	1.54194453748	1.44583386215	1.0425853635	1.6509273675	2.99564055489	534
42	0.25	1.0	0.0	0.548313875843	1.50424575939	1.55253006396	0.46867238331	1.61332341268	3.10074665571	535
42	0.5	0.0	0.0	2.61195402981	1.69969515087	0.762411456899	2.72506903327	1.91892195232	2.44356994366	536
42	0.5	0.25	0.0	2.09343360179	1.73346730856	0.872449540879	2.16048314929	1.91835467269	2.4868447161	537
42	0.5	0.5	0.0	1.54796991283	1.73764003018	1.02943305632	1.5726327272	1.90257687173	2.54716942136	538
42	0.5	0.75	0.0	0.997619656121	1.71139544255	1.18132736042	0.973834446621	1.86644737897	2.6243884141	539
42	0.5	1.0	0.0	0.464439524897	1.65391567251	1.27609781038	0.376404987162	1.80482502393	2.71834604898	540
42	0.75	0.0	0.0	2.63020490706	1.97866074962	0.606070839361	2.72844344816	2.22615534124	2.15696710657	541
42	0.75	0.25	0.0	2.09979248546	1.98488373229	0.674378009164	2.13291561279	2.19990194043	2.17251707932	542
42	0.75	0.5	0.0	1.52307413584	1.93609099093	0.78357880641	1.51579418386	2.13670831821	2.19743577531	543
42	0.75	0.75	0.0	0.935255818261	1.85818662841	0.899115287256	0.892611738301	2.05301115187	2.24426777269	544
42	0.75	1.0	0.0	0.371543492752	1.77707474762	0.986429507862	0.278900853071	1.96524711873	2.32555764962	545
42	1.0	0.0	0.0	2.647769279	2.235588005	0.441010358	2.72884313013	2.49858376194	1.86972241166	546
42	1.0	0.25	0.0	2.1113103964	2.2192413501	0.490261274032	2.11029015271	2.44530325191	1.87709886708	547
42	1.0	0.5	0.0	1.50752918277	2.12747019196	0.569649079166	1.46061716987	2.33667857776	1.88424480193	548
42	1.0	0.75	0.0	0.886433379015	2.00544345084	0.657810759466	0.814990925005	2.20892828738	1.91039335891	549
42	1.0	1.0	0.0	0.298030726	1.898330047	0.733383301	0.208578161488	2.09827092869	1.97477768073	550
43	0.0	0.0	0.0	5.195090758	1.735232699	0.264139651	5.33132235578	2.32153719655	1.45241551346	551
43	0.0	0.25	0.0	4.5438564821	1.78098035724	0.332091259364	4.69074023864	2.3758325043	1.59814303976	552
43	0.0	0.5	0.0	3.87296744142	1.94334852675	0.378579225823	4.03694929127	2.43865085081	1.72759416993	553
43	0.0	0.75	0.0	3.22630968928	2.12674760888	0.41206508162	3.37972506975	2.48717401153	1.82378269641	554
43	0.0	1.0	0.0	2.647769279	2.235588005	0.441010358	2.72884313013	2.49858376194	1.86972241166	555
43	0.25	0.0	0.0	5.18005024801	1.7849179999	0.0655124640045	5.34268419399	2.40639802391	1.1739882327	556
43	0.25	0.25	0.0	4.51730576464	1.85390515251	0.111847777948	4.70600224221	2.49780862123	1.28306835358	557
43	0.25	0.5	0.0	3.85465294308	2.08362612199	0.151130070446	4.05158079737	2.61867784217	1.39422832326	558
43	0.25	0.75	0.0	3.22320788387	2.33885170939	0.187670683205	3.38719732919	2.72035736994	1.4852699764	559
43	0.25	1.0	0.0	2.65408668754	2.48435271578	0.225780957935	2.7206293074	2.75419888777	1.53399514767	560
43	0.5	0.0	0.0	5.14826930497	1.79469504552	-0.179544754793	5.34866141606	2.45928834962	0.832178079425	561
43	0.5	0.25	0.0	4.47187238527	1.89533167155	-0.153984693798	4.7140118807	2.59420636309	0.909414254314	562
43	0.5	0.5	0.0	3.82452827191	2.18856003617	-0.126936677785	4.06865972996	2.76712983488	1.00879398421	563
43	0.5	0.75	0.0	3.21368568898	2.51110931944	-0.0941311653058	3.40493751503	2.91572964131	1.0982391858	564
43	0.5	1.0	0.0	2.64679336052	2.69970870144	-0.0512986149116	2.71517778709	2.9776766587	1.14567177576	565
43	0.75	0.0	0.0	5.1155010797	1.78129706414	-0.431026406194	5.35108607007	2.48559538706	0.483880754954	566
43	0.75	0.25	0.0	4.42976048112	1.91055690787	-0.424867535894	4.71938215526	2.65997118815	0.531617532917	567
43	0.75	0.5	0.0	3.79502521041	2.25038854101	-0.415720930982	4.08401201628	2.87365042381	0.617236057282	568
43	0.75	0.75	0.0	3.20121524129	2.62241444603	-0.393875511015	3.42716338283	3.0581337474	0.702848679222	569
43	0.75	1.0	0.0	2.63825054749	2.84825710539	-0.349620195552	2.7310239846	3.14492181229	0.75056774991	570
43	1.0	0.0	0.0	5.097498723	1.761457284	-0.648926891	5.35179020412	2.49070634964	0.185991960601	571
43	1.0	0.25	0.0	4.41317418932	1.904877855	-0.660262128358	4.72672606708	2.69004855473	0.20411498036	572
43	1.0	0.5	0.0	3.77857554107	2.26134990826	-0.675322601256	4.09346358356	2.92788320383	0.265499446988	573
43	1.0	0.75	0.0	3.18926867754	2.65166109614	-0.672097401026	3.44809268813	3.13241260996	0.339256811299	574
43	1.0	1.0	0.0	2.640819498	2.896599071	-0.628575619	2.78670331534	3.23183908614	0.39449852411	575
44	0.0	0.0	0.0	2.647769279	2.235588005	0.441010358	2.72884313013	2.49858376194	1.86972241166	576
44	0.0	0.25	0.0	2.1113103964	2.2192413501	0.490261274032	2.11029015271	2.44530325191	1.87709886708	577
44	0.0	0.5	0.0	1.50752918277	2.12747019196	0.569649079166	1.46061716987	2.33667857776	1.88424480193	578
44	0.0	0.75	0.0	0.886433379015	2.00544345084	0.657810759466	0.814990925005	2.20892828738	1.91039335891	579
44	0.0	1.0	0.0	0.298030726	1.898330047	0.733383301	0.208578161488	2.09827092869	1.97477768073	580
44	0.25	0.0	0.0	2.65408668754	2.48435271578	0.225780957935	2.7206293074	2.75419888777	1.53399514767	581
44	0.25	0.25	0.0	2.11652635878	2.45561389745	0.279383010606	2.08371368203	2.67897268028	1.54451633549	582
44	0.25	0.5	0.0	1.50551178577	2.32726337489	0.354356176409	1.4200815207	2.52314881753	1.55111919497	583
44	0.25	0.75	0.0	0.872104705865	2.16138756484	0.432897365145	0.770813842475	2.34663284446	1.57187855081	584
44	0.25	1.0	0.0	0.267366856404	2.02007288402	0.497203486615	0.176991666406	2.20933030601	1.62486922773	585
44	0.5	0.0	0.0	2.64679336052	2.69970870144	-0.0512986149116	2.71517778709	2.9776766587	1.14567177576	586
44	0.5	0.25	0.0	2.10761225283	2.67264444486	0.00762086494067	2.05915864188	2.89465267811	1.14826496344	587
44	0.5	0.5	0.0	1.5072493109	2.5189140105	0.082429248874	1.39916336086	2.70297296016	1.14132371906	588
44	0.5	0.75	0.0	0.880701362837	2.31428417322	0.155591272404	0.758906561505	2.48269851319	1.14606541824	589
44	0.5	1.0	0.0	0.262965236787	2.13452170787	0.209571671046	0.162102861283	2.31389034553	1.18370743659	590
44	0.75	0.0	0.0	2.63825054749	2.84825710539	-0.349620195552	2.7310239846	3.14492181229	0.75056774991	591
44	0.75	0.25	0.0	2.10209079845	2.82863047872	-0.280936213741	2.06969324124	3.06154213895	0.750887453803	592
44	0.75	0.5	0.0	1.51561047843	2.65684984835	-0.197073210416	1.41400378607	2.84555421939	0.735925188951	593
44	0.75	0.75	0.0	0.89917068464	2.41965494791	-0.120158297094	0.774774038932	2.5896107109	0.726145276027	594
44	0.75	1.0	0.0	0.273132514277	2.20378551103	-0.072318585296	0.16282241966	2.38636427075	0.742012035705	595
44	1.0	0.0	0.0	2.640819498	2.896599071	-0.628575619	2.78670331534	3.23183908614	0.39449852411	596
44	1.0	0.25	0.0	2.11748471549	2.88186948543	-0.542199276218	2.14838568912	3.14883995635	0.414926509481	597
44	1.0	0.5	0.0	1.53346400865	2.69549863803	-0.435092708437	1.48074389207	2.92029580898	0.415990419399	598
44	1.0	0.75	0.0	0.914460005984	2.43302156087	-0.340402121687	0.813921231592	2.63985485494	0.405309439015	599
44	1.0	1.0	0.0	0.286175336	2.189973286	-0.291273722	0.17806101508	2.40116530515	0.390502753478	600
49	0.0	0.0	0.0	6.817538404	0.4880699	-0.799999989	7.19568349394	0.787618511918	-0.0716526456364	601
49	0.0	0.25	0.0	6.65046046593	1.02337732224	-0.77604958654	6.99496570163	1.45189657919	0.021504840117	602
49	0.0	0.5	0.0	6.25210473247	1.43029674317	-0.723542901805	6.53022241035	1.9482192198	0.10815880284	603
49	0.0	0.75	0.0	5.70645591452	1.68444958852	-0.671496486167	5.93723633841	2.2900134659	0.169318192885	604
49	0.0	1.0	0.0	5.097498723	1.761457284	-0.648926891	5.35179020412	2.49070634964	0.185991960601	605
49	0.25	0.0	0.0	6.81797227603	0.487369770836	-0.811046412191	7.19093852463	0.788050228417	-0.0851761589157	606
49	0.25	0.25	0.0	6.64836929298	1.01726869393	-0.854131131815	6.98963596071	1.43893346428	-0.074949828091	607
49	0.25	0.5	0.0	6.24499516843	1.41850422097	-0.85205191077	6.52456730225	1.93190221149	-0.0548272647353	608
49	0.25	0.75	0.0	5.695564685	1.67108913989	-0.831534998587	5.93355364492	2.2771240728	-0.0402328825754	609
49	0.25	1.0	0.0	5.0877926253	1.75503623861	-0.819306644798	5.35441608437	2.48476665096	-0.046591095338	610
49	0.5	0.0	0.0	6.8189267945	0.485295087442	-0.821900041845	7.18049959214	0.788465605484	-0.101479386765	611
49	0.5	0.25	0.0	6.64761951446	1.00449320245	-0.93745186852	6.98221284663	1.41100637264	-0.18142222936	612
49	0.5	0.5	0.0	6.24001413076	1.39935387354	-0.998043649637	6.52365991431	1.8992168152	-0.244747587185	613
49	0.5	0.75	0.0	5.68485614865	1.65373743349	-1.01933380701	5.93857257206	2.25196158983	-0.291885761155	614
49	0.5	1.0	0.0	5.07089107337	1.75150421506	-1.01698076246	5.3606825968	2.46810535319	-0.323267052187	615
49	0.75	0.0	0.0	6.81988131297	0.481884410327	-0.832410647827	7.17006065965	0.787544988829	-0.117439590943	616
49	0.75	0.25	0.0	6.64492602065	0.983957869246	-1.01989293495	6.97552355577	1.37254480627	-0.290673094614	617
49	0.75	0.5	0.0	6.2297922528	1.36869773541	-1.14308799653	6.52494959369	1.85202987572	-0.438176073982	618
49	0.75	0.75	0.0	5.66790569823	1.62305658519	-1.20444854347	5.94672232293	2.21086479308	-0.545889819731	619
49	0.75	1.0	0.0	5.05269204575	1.73398699498	-1.20642728665	5.36922529301	2.43391415425	-0.599755622549	620
49	1.0	0.0	0.0	6.820315185	0.4771763	-0.842428	7.16531569034	0.783968724166	-0.129934033204	621
49	1.0	0.25	0.0	6.63700370185	0.954569715755	-1.09533546939	6.97239528451	1.32797826719	-0.395463154778	622
49	1.0	0.5	0.0	6.20696016788	1.3223878411	-1.26875482959	6.52588568758	1.79220823783	-0.6116866346	623
49	1.0	0.75	0.0	5.63828872647	1.56970871089	-1.35643483999	5.95243210059	2.15017245861	-0.76249443518	624
49	1.0	1.0	0.0	5.039093521	1.68561036	-1.35212426	5.37867972456	2.37538475204	-0.831776519027	625
50	0.0	0.0	0.0	6.820315185	0.4771763	-0.842428	7.16531569034	0.783968724166	-0.129934033204	626
50	0.0	0.25	0.0	6.63700370185	0.954569715755	-1.09533546939	6.97239528451	1.32797826719	-0.395463154778	627
50	0.0	0.5	0.0	6.20696016788	1.3223878411	-1.26875482959	6.52588568758	1.79220823783	-0.6116866346	628
50	0.0	0.75	0.0	5.63828872647	1.56970871089	-1.35643483999	5.95243210059	2.15017245861	-0.76249443518	629
50	0.0	1.0	0.0	5.039093521	1.68561036	-1.35212426	5.37867972456	2.37538475204	-0.831776519027	630
50	0.25	0.0	0.0	6.81792892625	0.470343644876	-0.853156756685	7.15723360023	0.775786573688	-0.144495718054	631
50	0.25	0.25	0.0	6.62577319445	0.907287816449	-1.16848313292	6.96746630564	1.26556478203	-0.502569532234	632
50	0.25	0.5	0.0	6.17924103755	1.24279050331	-1.38076815204	6.52862132368	1.70118272065	-0.780369096173	633
50	0.25	0.75	0.0	5.60115152765	1.4685195872	-1.48445562728	5.96430052142	2.04719788496	-0.969471950545	634
50	0.25	1.0	0.0	5.01432373687	1.57614294981	-1.47398937185	5.39810576593	2.26816777036	-1.06145563602	635
50	0.5	0.0	0.0	6.812679157	0.462397082291	-0.862408932291	7.13945300198	0.764871121322	-0.162180335624	636
50	0.5	0.25	0.0	6.61649823298	0.84690280361	-1.22935693915	6.95664209183	1.1889077605	-0.59587156724	637
50	0.5	0.5	0.0	6.15996247273	1.13664661994	-1.47425395519	6.53301729205	1.58240021364	-0.937461816411	638
50	0.5	0.75	0.0	5.56906830918	1.32798608167	-1.59602689486	5.98377641385	1.9043826482	-1.17870352405	639
50	0.5	1.0	0.0	4.96981217523	1.41727873922	-1.59360267261	5.42411726841	2.11388923168	-1.31134913107	640
50	0.75	0.0	0.0	6.80742938775	0.45315305356	-0.870363641751	7.12167240373	0.752658202812	-0.178567487049	641
50	0.75	0.25	0.0	6.60879572542	0.778433770896	-1.28007006822	6.94453537926	1.10395205535	-0.678312830785	642
50	0.75	0.5	0.0	6.14450238543	1.01939545448	-1.54934343516	6.53302991208	1.44778595459	-1.07729237254	643
50	0.75	0.75	0.0	5.53996477678	1.1746173081	-1.68600078966	5.99501835004	1.73882184916	-1.36789778581	644
50	0.75	1.0	0.0	4.92059830847	1.24267853552	-1.69785917882	5.43836304099	1.93172168769	-1.54252074407	645
50	1.0	0.0	0.0	6.805043129	0.442428	-0.8772	7.11359031362	0.740583653897	-0.189236773463	646
50	1.0	0.25	0.0	6.60228257977	0.706899811967	-1.32273570027	6.93575890412	1.0166425193	-0.752836893856	647
50	1.0	0.5	0.0	6.12823868763	0.906476270466	-1.6061677881	6.52261550313	1.3092651813	-1.1941883418	648
50	1.0	0.75	0.0	5.51176663618	1.03492238023	-1.74922945863	5.98218490214	1.56761058865	-1.51476336594	649
50	1.0	1.0	0.0	4.881721609	1.086003146	-1.773653907	5.42249189265	1.7408376901	-1.71603421492	650
53	0.0	0.0	0.0	6.805043129	0.442428	-0.8772	7.11359031362	0.740583653897	-0.189236773463	651
53	0.0	0.25	0.0	6.60228257977	0.706899811967	-1.32273570027	6.93575890412	1.0166425193	-0.752836893856	652
53	0.0	0.5	0.0	6.12823868763	0.906476270466	-1.6061677881	6.52261550313	1.3092651813	-1.1941883418	653
53	0.0	0.75	0.0	5.51176663618	1.03492238023	-1.74922945863	5.98218490214	1.56761058865	-1.51476336594	654
53	0.0	1.0	0.0	4.881721609	1.086003146	-1.773653907	5.42249189265	1.7408376901	-1.71603421492	655
53	0.25	0.0	0.0	6.79709995338	0.421774416054	-0.886449755741	7.10396526567	0.713664471862	-0.202154497415	656
53	0.25	0.25	0.0	6.58261614438	0.549348618227	-1.39314382432	6.91259096329	0.822567549754	-0.885576235359	657
53	0.25	0.5	0.0	6.08541614835	0.62488596218	-1.70469420316	6.47034726847	0.951306722537	-1.39213821455	658
53	0.25	0.75	0.0	5.44963224477	0.65123258219	-1.87191831181	5.89980813274	1.07192442892	-1.75200760162	659
53	0.25	1.0	0.0	4.81939671313	0.631234612536	-1.94563356981	5.32354750765	1.15646310759	-1.99535156319	660
53	0.5	0.0	0.0	6.779624967	0.402824978651	-0.889905220605	7.08279016017	0.680930718662	-0.213679492342	661
53	0.5	0.25	0.0	6.56161151257	0.384903506079	-1.43759042238	6.88314972929	0.625520578871	-0.96724300618	662
53	0.5	0.5	0.0	6.05866795636	0.311986527665	-1.77356105039	6.42408444891	0.575686279239	-1.49091815635	663
53	0.5	0.75	0.0	5.41834534731	0.204933854228	-1.97296174214	5.83628417579	0.535956335345	-1.85202730877	664
53	0.5	1.0	0.0	4.78819473437	0.0846052965857	-2.11093713512	5.25043876667	0.510859262767	-2.11789282937	665
53	0.75	0.0	0.0	6.76214998062	0.383695451923	-0.887630075166	7.06161505468	0.648016876137	-0.219473876967	666
53	0.75	0.25	0.0	6.54597979183	0.214802876059	-1.44674384465	6.8612122385	0.435761046254	-0.980374301243	667
53	0.75	0.5	0.0	6.0481995823	-0.00551223266612	-1.79802892633	6.40199667387	0.217566130307	-1.49380480017	668
53	0.75	0.75	0.0	5.41210165057	-0.245337814867	-2.02810030836	5.81415444991	0.0227278561818	-1.84414190807	669
53	0.75	1.0	0.0	4.78097829517	-0.472761811157	-2.22357297887	5.22787165573	-0.119458048233	-2.11576215927	670
53	1.0	0.0	0.0	6.754206805	0.3625016	-0.879688	7.05199000673	0.620557426125	-0.215199770012	671
53	1.0	0.25	0.0	6.54243208964	0.0402851287075	-1.41127244134	6.86055552729	0.263548391504	-0.907507215473	672
53	1.0	0.5	0.0	6.05421649679	-0.300900518401	-1.76335842753	6.42225357273	-0.0878914453573	-1.404074779	673
53	1.0	0.75	0.0	5.42509686129	-0.640946436309	-2.0130745692	5.85596037371	-0.404739460325	-1.75767082022	674
53	1.0	1.0	0.0	4.790610018	-0.95974372	-2.237549477	5.28055216087	-0.657973029265	-2.02106369876	675
54	0.0	0.0	0.0	6.754206805	0.3625016	-0.879688	7.05199000673	0.620557426125	-0.215199770012	676
54	0.0	0.25	0.0	6.54243208964	0.0402851287075	-1.41127244134	6.86055552729	0.263548391504	-0.907507215473	677
54	0.0	0.5	0.0	6.05421649679	-0.300900518401	-1.76335842753	6.42225357273	-0.0878914453573	-1.404074779	678
54	0.0	0.75	0.0	5.42509686129	-0.640946436309	-2.0130745692	5.85596037371	-0.404739460325	-1.75767082022	679
54	0.0	1.0	0.0	4.790610018	-0.95974372	-2.237549477	5.28055216087	-0.657973029265	-2.02106369876	680
54	0.25	0.0	0.0	6.7588953225	0.341223720947	-0.865870124398	7.07845026092	0.602353530394	-0.198889515273	681
54	0.25	0.25	0.0	6.55910176997	-0.145068518995	-1.31999056815	6.90604195596	0.0745912945816	-0.745620271965	682
54	0.25	0.5	0.0	6.09815933811	-0.609224786425	-1.63148339393	6.5099612449	-0.425706777689	-1.16742939665	683
54	0.25	0.75	0.0	5.49616523677	-1.04664605273	-1.85983462452	5.98436430466	-0.867651250844	-1.47369452958	684
54	0.25	1.0	0.0	4.87321667579	-1.45273328931	-2.06453028268	5.42340731217	-1.22035268931	-1.67379331101	685
54	0.5	0.0	0.0	6.769210061	0.32532599994	-0.84738953729	7.13666282013	0.593218572697	-0.174925694064	686
54	0.5	0.25	0.0	6.58970977487	-0.312407979573	-1.18020842684	6.98679774976	-0.118441249402	-0.527283994424	687
54	0.5	0.5	0.0	6.17649881695	-0.908152323059	-1.40339905343	6.63987194761	-0.793917183331	-0.787689160171	688
54	0.5	0.75	0.0	5.62619941037	-1.45529439138	-1.564650643	6.15857689949	-1.37726122418	-0.957569375929	689
54	0.5	1.0	0.0	5.03543377827	-1.94722154538	-1.71165242148	5.60560409124	-1.81252536704	-1.03835282632	690
54	0.75	0.0	0.0	6.7795247995	0.315373203964	-0.825136183537	7.19487537933	0.59002854003	-0.147189106209	691
54	0.75	0.25	0.0	6.62036875235	-0.433510758001	-1.00225796239	7.06609608983	-0.258936731127	-0.272698100836	692
54	0.75	0.5	0.0	6.25503119143	-1.13353956004	-1.11235961642	6.76467643024	-1.07525744296	-0.335431435981	693
54	0.75	0.75	0.0	5.75685911564	-1.77057572101	-1.18892173194	6.323144842	-1.77945903843	-0.343728096045	694
54	0.75	1.0	0.0	5.19919952387	-2.33048175976	-1.26542489529	5.77402976659	-2.2920669605	-0.305927065426	695
54	1.0	0.0	0.0	6.784213317	0.3119301	-0.800000008	7.22133563352	0.589659419388	-0.119560551535	696
54	1.0	0.25	0.0	6.6371913504	-0.480154359253	-0.796471119821	7.10721015731	-0.290282641279	-0.00206230918617	697
54	1.0	0.5	0.0	6.29955271967	-1.22124292911	-0.791619293285	6.83706544217	-1.15246233726	0.118766409506	698
54	1.0	0.75	0.0	5.82980408611	-1.89617431041	-0.794046998606	6.42261481601	-1.92013435169	0.233396573288	699
54	1.0	1.0	0.0	5.286452111	-2.489787204	-0.812356706	5.87557160673	-2.51655336773	0.332299150907	700
57	0.0	0.0	0.0	6.784213317	0.3119301	-0.800000008	7.22133563352	0.589659419388	-0.119560551535	701
57	0.0	0.25	0.0	6.6371913504	-0.480154359253	-0.796471119821	7.10721015731	-0.290282641279	-0.00206230918617	702
57	0.0	0.5	0.0	6.29955271967	-1.22124292911	-0.791619293285	6.83706544217	-1.15246233726	0.118766409506	703
57	0.0	0.75	0.0	5.82980408611	-1.89617431041	-0.794046998606	6.42261481601	-1.92013435169	0.233396573288	704
57	0.0	1.0	0.0	5.286452111	-2.489787204	-0.812356706	5.87557160673	-2.51655336773	0.332299150907	705
57	0.25	0.0	0.0	6.790282297	0.31521467194	-0.774412815906	7.23171973966	0.593095735582	-0.0763722009165	706
57	0.25	0.25	0.0	6.64322689052	-0.447648836398	-0.566027734044	7.1217309425	-0.219495933605	0.288937022056	707
57	0.25	0.5	0.0	6.30334249363	-1.16177956134	-0.41024555578	6.85872066222	-1.03472767055	0.621372665259	708
57	0.25	0.75	0.0	5.82604208627	-1.81041624802	-0.310965310413	6.44661331173	-1.79390388503	0.881314757863	709
57	0.25	1.0	0.0	5.26673864837	-2.37679764155	-0.272086027245	5.88933330391	-2.43832898681	1.02914332904	710
57	0.5	0.0	0.0	6.803634053	0.324903252551	-0.75234218839	7.25456477317	0.603118153552	-0.0155790246474	711
57	0.5	0.25	0.0	6.64888993275	-0.353954866314	-0.347971450481	7.13704016492	-0.0966082675553	0.56568933861	712
57	0.5	0.5	0.0	6.28855709464	-0.99720757756	-0.0160522597454	6.85470408186	-0.821622252789	1.13016063633	713
57	0.5	0.75	0.0	5.78288553315	-1.57587794965	0.214270437903	6.41731384702	-1.51715785132	1.57979527506	714
57	0.5	1.0	0.0	5.19212524279	-2.06098905103	0.31385169655	5.83462678344	-2.12844911231	1.81655366136	715
57	0.75	0.0	0.0	6.816985809	0.340748131887	-0.734178468679	7.27740980668	0.619296870247	0.0413072438168	716
57	0.75	0.25	0.0	6.65335346578	-0.20431772922	-0.164630420244	7.14381067948	0.0796338627445	0.80186720175	717
57	0.75	0.5	0.0	6.27041286577	-0.739289411284	0.32580966619	6.82427997949	-0.513276538102	1.56147057604	718
57	0.75	0.75	0.0	5.73576362727	-1.22193988004	0.679201944189	6.34638270299	-1.10503543047	2.18096945852	719
57	0.75	1.0	0.0	5.11700536857	-1.61004210124	0.837606567319	5.73768384622	-1.64124391255	2.52121594105	720
57	1.0	0.0	0.0	6.823054789	0.3625016	-0.720312	7.28779391282	0.641202082615	0.0727748710203	721
57	1.0	0.25	0.0	6.65579047832	-0.00398270533133	-0.0383327944444	7.13271534108	0.310483963168	0.971143172746	722
57	1.0	0.5	0.0	6.26412615013	-0.399787496037	0.550189293399	6.76671263356	-0.10982098063	1.83164273772	723
57	1.0	0.75	0.0	5.72010556913	-0.777982503975	0.981370906293	6.24548616075	-0.572675802424	2.5369686419	724
57	1.0	1.0	0.0	5.0957725	-1.091637461	1.191328687	5.62473629313	-1.03104355586	2.96981596129	725
58	0.0	0.0	0.0	6.823054789	0.3625016	-0.720312	7.28779391282	0.641202082615	0.0727748710203	726
58	0.0	0.25	0.0	6.65579047832	-0.00398270533133	-0.0383327944444	7.13271534108	0.310483963168	0.971143172746	727
58	0.0	0.5	0.0	6.26412615013	-0.399787496037	0.550189293399	6.76671263356	-0.10982098063	1.83164273772	728
58	0.0	0.75	0.0	5.72010556913	-0.777982503975	0.981370906293	6.24548616075	-0.572675802424	2.5369686419	729
58	0.0	1.0	0.0	5.0957725	-1.091637461	1.191328687	5.62473629313	-1.03104355586	2.96981596129	730
58	0.25	0.0	0.0	6.82701370181	0.382547747615	-0.713471955059	7.28388117425	0.670554616292	0.0812417480839	731
58	0.25	0.25	0.0	6.65840861777	0.182677347704	0.000190846798783	7.11074300352	0.522264581911	1.02651633303	732
58	0.25	0.5	0.0	6.2641959412	-0.071599491425	0.609783383587	6.70508941809	0.274782461053	1.89230632706	733
58	0.25	0.75	0.0	5.72111212398	-0.340763133894	1.06069796187	6.14689439657	-0.0450269777172	2.60095009295	734
58	0.25	1.0	0.0	5.10589361798	-0.585293943825	1.29832688823	5.5161319176	-0.410298965835	3.07478599349	735
58	0.5	0.0	0.0	6.83572331	0.402777493082	-0.711617664489	7.2752731494	0.711258411095	0.0866750693221	736
58	0.5	0.25	0.0	6.66325305594	0.369083936505	-0.0210002958097	7.0877208323	0.728222478897	1.00129439542	737
58	0.5	0.5	0.0	6.26021600435	0.267566642695	0.568162944822	6.64778764717	0.658315708974	1.83039355154	738
58	0.5	0.75	0.0	5.71213124781	0.128342293287	1.00886205123	6.05351776997	0.50600677279	2.51110794306	739
58	0.5	1.0	0.0	5.10451787893	-0.0184724300826	1.25408701724	5.40295537669	0.275764341809	2.98057297537	740
58	0.75	0.0	0.0	6.84443291819	0.422850892008	-0.714738466675	7.26666512456	0.751805859358	0.0871332978049	741
58	0.75	0.25	0.0	6.66872479551	0.547666131502	-0.0848097212193	7.06864195001	0.923555480668	0.918021856167	742
58	0.75	0.5	0.0	6.25796443699	0.596512827231	0.455823684285	6.60311326657	1.02145099027	1.68071262063	743
58	0.75	0.75	0.0	5.70562119119	0.587386279271	0.866740098325	5.98181366883	1.0312272021	2.31164950435	744
58	0.75	1.0	0.0	5.10516440667	0.538281787701	1.10751786939	5.31647775139	0.938618930089	2.7472764205	745
58	1.0	0.0	0.0	6.848391831	0.442428	-0.7228237	7.26275238599	0.780689353412	0.0806748966021	746
58	1.0	0.25	0.0	6.67322483915	0.710853003124	-0.174140928379	7.05849947926	1.10346141377	0.799243211495	747
58	1.0	0.5	0.0	6.26321933653	0.894040983089	0.303261309158	6.57937222204	1.34486053207	1.47807174381	748
58	1.0	0.75	0.0	5.71404020464	0.99442132576	0.675209027117	5.94823948097	1.4814360632	2.04678208898	749
58	1.0	1.0	0.0	5.121352325	1.014423417	0.90752824	5.28797012267	1.48973736202	2.43499584245	750
61	0.0	0.0	0.0	6.848391831	0.442428	-0.7228237	7.26275238599	0.780689353412	0.0806748966021	751
61	0.0	0.25	0.0	6.67322483915	0.710853003124	-0.174140928379	7.05849947926	1.10346141377	0.799243211495	752
61	0.0	0.5	0.0	6.26321933653	0.894040983089	0.303261309158	6.57937222204	1.34486053207	1.47807174381	753
61	0.0	0.75	0.0	5.71404020464	0.99442132576	0.675209027117	5.94823948097	1.4814360632	2.04678208898	754
61	0.0	1.0	0.0	5.121352325	1.014423417	0.90752824	5.28797012267	1.48973736202	2.43499584245	755
61	0.25	0.0	0.0	6.84756600459	0.452903740174	-0.729590292215	7.2581853385	0.786623141422	0.0659767903709	756
61	0.25	0.25	0.0	6.67551301824	0.791804433327	-0.229947162589	7.05419080006	1.19287861073	0.724636358371	757
61	0.25	0.5	0.0	6.27205374741	1.03462549893	0.212268052316	6.5761301934	1.49529933706	1.35342757047	758
61	0.25	0.75	0.0	5.72954788446	1.17745992377	0.562442586626	5.94819819157	1.67600700965	1.88269552036	759
61	0.25	1.0	0.0	5.14035512175	1.21640069462	0.785963674467	5.29458946759	1.71712331773	2.24278530172	760
61	0.5	0.0	0.0	6.8457491865	0.462274915306	-0.737725084694	7.24813783403	0.786002021793	0.0403926670569	761
61	0.5	0.25	0.0	6.67870717757	0.870226005643	-0.294281789977	7.04693681781	1.27788986836	0.639298193231	762
61	0.5	0.5	0.0	6.28568486501	1.17851888019	0.103694799406	6.57503047828	1.64630984764	1.20213410881	763
61	0.5	0.75	0.0	5.75260051713	1.37004664972	0.421478376407	5.95372657611	1.87707590942	1.67142990688	764
61	0.5	1.0	0.0	5.16537240226	1.42770242501	0.624342633983	5.30433287198	1.95600200349	1.98971508057	765
61	0.75	0.0	0.0	6.84393236841	0.470409707785	-0.747096259826	7.23809032956	0.784144519512	0.01357216109	766
61	0.75	0.25	0.0	6.68214601574	0.939299603767	-0.365071182953	7.03998506704	1.3532326847	0.545727486669	767
61	0.75	0.5	0.0	6.29968568454	1.30756290532	-0.0141156073399	6.5749732816	1.78154002368	1.03797707923	768
61	0.75	0.75	0.0	5.77506916627	1.54278892413	0.267990519301	5.96118067775	2.05753806248	1.44304121198	769
61	0.75	1.0	0.0	5.18681425239	1.6125669719	0.443467249258	5.31673295999	2.16969832715	1.71364015811	770
61	1.0	0.0	0.0	6.843106542	0.4771763	-0.757572	7.23352328207	0.786369159563	-0.00483509310015	771
61	1.0	0.25	0.0	6.68516823137	0.992207111391	-0.440241713928	7.03658308226	1.41364455778	0.446423009281	772
61	1.0	0.5	0.0	6.30962920125	1.40359935275	-0.132820325686	6.57485880831	1.88463782504	0.874742202175	773
61	1.0	0.75	0.0	5.7888248955	1.66629416749	0.117653138149	5.96691653967	2.19028876881	1.22758539907	774
61	1.0	1.0	0.0	5.195090758	1.735232699	0.264139651	5.33132235578	2.32153719655	1.45241551346	775
62	0.0	0.0	0.0	6.843106542	0.4771763	-0.757572	7.23352328207	0.786369159563	-0.00483509310015	776
62	0.0	0.25	0.0	6.68516823137	0.992207111391	-0.440241713928	7.03658308226	1.41364455778	0.446423009281	777
62	0.0	0.5	0.0	6.30962920125	1.40359935275	-0.132820325686	6.57485880831	1.88463782504	0.874742202175	778
62	0.0	0.75	0.0	5.7888248955	1.66629416749	0.117653138149	5.96691653967	2.19028876881	1.22758539907	779
62	0.0	1.0	0.0	5.195090758	1.735232699	0.264139651	5.33132235578	2.32153719655	1.45241551346	780
62	0.25	0.0	0.0	6.83911152044	0.48244278471	-0.768218680115	7.22761081517	0.790128730579	-0.0192926425179	781
62	0.25	0.25	0.0	6.68207173012	1.02194331838	-0.51997179309	7.03061449828	1.44982451763	0.342262673187	782
62	0.25	0.5	0.0	6.3066551156	1.45035543789	-0.262996859414	6.56978156039	1.94145528286	0.700640283401	783
62	0.25	0.75	0.0	5.7827013854	1.72043003461	-0.050200050059	5.96663159461	2.26149009528	0.99737164946	784
62	0.25	1.0	0.0	5.18005024801	1.7849179999	0.0655124640045	5.34268419399	2.40639802391	1.1739882327	785
62	0.5	0.0	0.0	6.830322473	0.485791419168	-0.777972510835	7.21460338801	0.790162154908	-0.0374303857036	786
62	0.5	0.25	0.0	6.67154856342	1.03125144126	-0.602549442988	7.01769229875	1.46127732321	0.236596821525	787
62	0.5	0.5	0.0	6.29080499909	1.45890331405	-0.414343229686	6.55806270129	1.96128408076	0.5024753909	788
62	0.5	0.75	0.0	5.75930687971	1.72722514599	-0.258344717948	5.96021795421	2.29301142406	0.715803188255	789
62	0.5	1.0	0.0	5.14826930497	1.79469504552	-0.179544754793	5.34866141606	2.45928834962	0.832178079425	790
62	0.75	0.0	0.0	6.82153342556	0.487555894042	-0.788133083388	7.20159596084	0.788611419654	-0.0559748707216	791
62	0.75	0.25	0.0	6.65915828933	1.02882995191	-0.687925196509	7.00381114581	1.45847675143	0.12961452145	792
62	0.75	0.5	0.0	6.26998586646	1.44647355716	-0.572608791987	6.54358279621	1.95868509949	0.298798054202	793
62	0.75	0.75	0.0	5.73007913667	1.70809362337	-0.475777863867	5.94973355623	2.29810259949	0.425559030911	794
62	0.75	1.0	0.0	5.1155010797	1.78129706414	-0.431026406194	5.35108607007	2.48559538706	0.483880754954	795
62	1.0	0.0	0.0	6.817538404	0.4880699	-0.799999989	7.19568349394	0.787618511918	-0.0716526456364	796
62	1.0	0.25	0.0	6.65046046593	1.02337732224	-0.77604958654	6.99496570163	1.45189657919	0.021504840117	797
62	1.0	0.5	0.0	6.25210473247	1.43029674317	-0.723542901805	6.53022241035	1.9482192198	0.10815880284	798
62	1.0	0.75	0.0	5.70645591452	1.68444958852	-0.671496486167	5.93723633841	2.2900134659	0.169318192885	799
62	1.0	1.0	0.0	5.097498723	1.761457284	-0.648926891	5.35179020412	2.49070634964	0.185991960601	800
