Elem	xi[0]	xi[1]	xi[2]	Y[0]	Y[1]	Y[2]	y[0]	y[1]	y[2]	Index
1	0.0	0.0	0.0	0.286175336	2.189973286	-0.291273722	0.330077042048	1.62607716965	0.27712002709	1
1	0.0	0.25	0.0	-0.20806914714	2.06272602387	-0.289080467095	-0.16582426055	1.52627951407	0.265666890221	2
1	0.0	0.5	0.0	-0.695301118249	1.97602389512	-0.29632619097	-0.672000208084	1.44142017062	0.243634418488	3
1	0.0	0.75	0.0	-1.18241619623	1.88830775081	-0.29699114836	-1.17873429106	1.36004663338	0.221913586037	4
1	0.0	1.0	0.0	-1.67631	1.758018442	-0.275055594	-1.67631	1.27070639639	0.211395367018	5
1	0.25	0.0	0.0	0.321687515997	2.06262178045	-0.514775502281	0.362276506643	1.61375612275	-0.119333252971	6
1	0.25	0.25	0.0	-0.182277427138	1.91229534526	-0.525597356885	-0.140730165603	1.497175189	-0.141749280112	7
1	0.25	0.5	0.0	-0.681311017678	1.81012566903	-0.547696835847	-0.660193181852	1.40275055207	-0.172275184154	8
1	0.25	0.75	0.0	-1.18065615897	1.71742627201	-0.555307781995	-1.1803794191	1.31242943644	-0.192797728259	9
1	0.25	1.0	0.0	-1.68555575435	1.59551067447	-0.522664038158	-1.68555575435	1.2081590666	-0.185203675592	10
1	0.5	0.0	0.0	0.381824743113	1.8542079148	-0.761240423262	0.418693084522	1.57285286988	-0.598898328751	11
1	0.5	0.25	0.0	-0.151058843958	1.68246792622	-0.781509897119	-0.102867990007	1.43474013101	-0.634116768633	12
1	0.5	0.5	0.0	-0.670355760303	1.573989145	-0.813470892897	-0.638511477461	1.32465483482	-0.659397369653	13
1	0.5	0.75	0.0	-1.1857569057	1.48669209407	-0.830270988567	-1.17696425004	1.2259307444	-0.66518027385	14
1	0.5	1.0	0.0	-1.70695317992	1.37849729632	-0.805057762099	-1.70695317992	1.12190162287	-0.641905623265	15
1	0.75	0.0	0.0	0.433447910673	1.5909861995	-0.974858447862	0.469928755541	1.48698283363	-1.07213286953	16
1	0.75	0.25	0.0	-0.126461022992	1.41071100347	-1.00075545901	-0.0680003248153	1.32856232502	-1.11295898579	17
1	0.75	0.5	0.0	-0.663961843134	1.29802156124	-1.03575264386	-0.61713188543	1.20190923268	-1.1268804141	18
1	0.75	0.75	0.0	-1.19147326792	1.2097501229	-1.05397666593	-1.17056881833	1.09095449783	-1.11876429063	19
1	0.75	1.0	0.0	-1.72141401553	1.10272893852	-1.02955418874	-1.72141401553	0.979629061689	-1.0934777515	20
1	1.0	0.0	0.0	0.443417912	1.299211145	-1.099819539	0.486585499558	1.3397614366	-1.44959454459	21
1	1.0	0.25	0.0	-0.120531589629	1.13449181374	-1.12727141378	-0.0518897610832	1.16822975596	-1.47979934201	22
1	1.0	0.5	0.0	-0.66365576318	1.01263015594	-1.15664637047	-0.606231196277	1.02928995949	-1.4838725936	23
1	1.0	0.75	0.0	-1.19156007714	0.900245264417	-1.15852071193	-1.16327315844	0.897904637323	-1.47708001848	24
1	1.0	1.0	0.0	-1.70985	0.763956232	-1.103470741	-1.70985	0.749036379552	-1.4746873358	25
2	0.0	0.0	0.0	0.443417912	1.299211145	-1.099819539	0.486585499558	1.3397614366	-1.44959454459	26
2	0.0	0.25	0.0	-0.120531589629	1.13449181374	-1.12727141378	-0.0518897610832	1.16822975596	-1.47979934201	27
2	0.0	0.5	0.0	-0.66365576318	1.01263015594	-1.15664637047	-0.606231196277	1.02928995949	-1.4838725936	28
2	0.0	0.75	0.0	-1.19156007714	0.900245264417	-1.15852071193	-1.16327315844	0.897904637323	-1.47708001848	29
2	0.0	1.0	0.0	-1.70985	0.763956232	-1.103470741	-1.70985	0.749036379552	-1.4746873358	30
2	0.25	0.0	0.0	0.41137200817	0.973945737329	-1.16264329407	0.456695305316	1.1351345607	-1.75077472597	31
2	0.25	0.25	0.0	-0.125937196177	0.845944989711	-1.18671935097	-0.0622397627843	0.965712237419	-1.76041678838	32
2	0.25	0.5	0.0	-0.652741158674	0.732253445556	-1.2023431927	-0.60061064197	0.831106367132	-1.74472967406	33
2	0.25	0.75	0.0	-1.16662104783	0.617552874755	-1.18355331371	-1.14079188188	0.698468416208	-1.72664650424	34
2	0.25	1.0	0.0	-1.66515803216	0.486525047197	-1.10438820846	-1.66515803216	0.53494985101	-1.72910040015	35
2	0.5	0.0	0.0	0.373501615575	0.643585088578	-1.23060538965	0.405896789609	0.910173013861	-2.01433518603	36
2	0.5	0.25	0.0	-0.126890675743	0.53700762532	-1.24745569854	-0.0871708505452	0.746413332529	-2.02073160371	37
2	0.5	0.5	0.0	-0.624934363929	0.424776302726	-1.25128185486	-0.592010094375	0.610009671213	-2.00332641333	38
2	0.5	0.75	0.0	-1.11657788346	0.320268417701	-1.22537770009	-1.09881251082	0.480663458724	-1.9794889618	39
2	0.5	1.0	0.0	-1.59776966881	0.236861267146	-1.15303707574	-1.59776966881	0.338076123872	-1.96658859603	40
2	0.75	0.0	0.0	0.346784391443	0.320389940538	-1.32238131015	0.358956440745	0.658712849192	-2.24411084757	41
2	0.75	0.25	0.0	-0.12221102694	0.227231922441	-1.32409496848	-0.110823931235	0.502546747186	-2.24937323142	42
2	0.75	0.5	0.0	-0.594449349605	0.12129643546	-1.31948790154	-0.582471428154	0.367507852006	-2.23675663129	43
2	0.75	0.75	0.0	-1.06609664237	0.0335927702011	-1.29589984278	-1.05647384357	0.248373757093	-2.21136641026	44
2	0.75	1.0	0.0	-1.53331897105	-0.0048697827282	-1.24067052565	-1.53331897105	0.139922055888	-2.17830793144	45
2	1.0	0.0	0.0	0.348197993	0.016621035	-1.45664654	0.34064074703	0.374590119816	-2.44393663344	46
2	1.0	0.25	0.0	-0.110717248383	-0.0638299170542	-1.43125167276	-0.117339911725	0.226326187291	-2.43497111494	47
2	1.0	0.5	0.0	-0.575500086364	-0.147088448233	-1.42298687733	-0.574036517964	0.105108889781	-2.42211414779	48
2	1.0	0.75	0.0	-1.03984338291	-0.217273190796	-1.40702571348	-1.03291467846	0.00548330353594	-2.39803786869	49
2	1.0	1.0	0.0	-1.49744	-0.258502777	-1.358541741	-1.49744	-0.078005495193	-2.35541441434	50
5	0.0	0.0	0.0	0.348197993	0.016621035	-1.45664654	0.34064074703	0.374590119816	-2.44393663344	51
5	0.0	0.25	0.0	-0.110717248383	-0.0638299170542	-1.43125167276	-0.117339911725	0.226326187291	-2.43497111494	52
5	0.0	0.5	0.0	-0.575500086364	-0.147088448233	-1.42298687733	-0.574036517964	0.105108889781	-2.42211414779	53
5	0.0	0.75	0.0	-1.03984338291	-0.217273190796	-1.40702571348	-1.03291467846	0.00548330353594	-2.39803786869	54
5	0.0	1.0	0.0	-1.49744	-0.258502777	-1.358541741	-1.49744	-0.078005495193	-2.35541441434	55
5	0.25	0.0	0.0	0.388092152391	-0.746448243984	-1.90227886682	0.379147956156	-0.488907449571	-2.93266651252	56
5	0.25	0.25	0.0	-0.0810618905892	-0.809453629213	-1.79008002579	-0.0954845259603	-0.623003050229	-2.85811070629	57
5	0.25	0.5	0.0	-0.560144630723	-0.847324351812	-1.73749005638	-0.569110675748	-0.708814487871	-2.80225641256	58
5	0.25	0.75	0.0	-1.03841286188	-0.895956863563	-1.68649175159	-1.03967534311	-0.76836564855	-2.74430657815	59
5	0.25	1.0	0.0	-1.50512337794	-0.991247616247	-1.57906790444	-1.50512337794	-0.82368041832	-2.66346414987	60
5	0.5	0.0	0.0	0.406253730739	-1.54020184535	-2.35456593025	0.456685847228	-1.47575777629	-3.36331352007	61
5	0.5	0.25	0.0	-0.0686330647931	-1.60874329184	-2.16259900796	-0.065937275493	-1.59684022206	-3.22663661152	62
5	0.5	0.5	0.0	-0.556456112714	-1.64585307164	-2.00429469856	-0.579108524977	-1.66432270199	-3.08900176414	63
5	0.5	0.75	0.0	-1.05697492465	-1.68104881603	-1.83614840673	-1.08104130322	-1.7000878454	-2.94057191161	64
5	0.5	1.0	0.0	-1.56994901221	-1.74384815629	-1.61465553717	-1.56994901221	-1.72601828162	-2.77150998761	65
5	0.75	0.0	0.0	0.410481860468	-2.31740145079	-2.71141725531	0.548480324739	-2.47140453512	-3.59212544297	66
5	0.75	0.25	0.0	-0.072615418318	-2.39922470741	-2.46600926679	-0.0270082683164	-2.58204294532	-3.41263240553	67
5	0.75	0.5	0.0	-0.564190428698	-2.44534150219	-2.19490410222	-0.585860707453	-2.63572157938	-3.19620432041	68
5	0.75	0.75	0.0	-1.08374791971	-2.46443298074	-1.89443485169	-1.12736087177	-2.65040601316	-2.95545610197	69
5	0.75	1.0	0.0	-1.65079264038	-2.46518028869	-1.56093460531	-1.65079264038	-2.6440618225	-2.70300266455	70
5	1.0	0.0	0.0	0.408575674	-3.030808742	-2.870742367	0.629757293178	-3.36129140086	-3.4753500681	71
5	1.0	0.25	0.0	-0.0921935984878	-3.11842367844	-2.61751144978	0.0229923875755	-3.46546883713	-3.28818166321	72
5	1.0	0.5	0.0	-0.583103475035	-3.14845653795	-2.28082156571	-0.571197864977	-3.49731694688	-3.03771819924	73
5	1.0	0.75	0.0	-1.10695019556	-3.13799329024	-1.89979025929	-1.14898236175	-3.480042878	-2.7575813821	74
5	1.0	1.0	0.0	-1.70653	-3.104119905	-1.513535075	-1.70653	-3.43685377838	-2.48139291768	75
6	0.0	0.0	0.0	0.408575674	-3.030808742	-2.870742367	0.629757293178	-3.36129140086	-3.4753500681	76
6	0.0	0.25	0.0	-0.0921935984878	-3.11842367844	-2.61751144978	0.0229923875755	-3.46546883713	-3.28818166321	77
6	0.0	0.5	0.0	-0.583103475035	-3.14845653795	-2.28082156571	-0.571197864977	-3.49731694688	-3.03771819924	78
6	0.0	0.75	0.0	-1.10695019556	-3.13799329024	-1.89979025929	-1.14898236175	-3.480042878	-2.7575813821	79
6	0.0	1.0	0.0	-1.70653	-3.104119905	-1.513535075	-1.70653	-3.43685377838	-2.48139291768	80
6	0.25	0.0	0.0	0.46452020752	-3.72962446608	-2.6503108878	0.699083557322	-4.14714371394	-2.87424212622	81
6	0.25	0.25	0.0	-0.0620517746233	-3.80884798046	-2.43400780286	0.0793617849194	-4.23219477922	-2.72385760057	82
6	0.25	0.5	0.0	-0.570202726263	-3.79098685993	-2.11975875934	-0.536447722188	-4.21366917498	-2.51628674366	83
6	0.25	0.75	0.0	-1.10697942159	-3.72647448392	-1.76248943795	-1.13911963757	-4.13945168622	-2.28337151685	84
6	0.25	1.0	0.0	-1.71942863481	-3.66574423184	-1.41712551938	-1.71942863481	-4.05742709797	-2.05695388146	85
6	0.5	0.0	0.0	0.584999997117	-4.41615150246	-2.07116924611	0.767682725986	-4.86570287092	-1.89500888959	86
6	0.5	0.25	0.0	0.0333026651248	-4.49675508031	-1.91070727462	0.134853507042	-4.93541589692	-1.79902650064	87
6	0.5	0.5	0.0	-0.515189206844	-4.46706863816	-1.67742441938	-0.498044916816	-4.89744374472	-1.66538300281	88
6	0.5	0.75	0.0	-1.08895321178	-4.38015966341	-1.41641479899	-1.11911693644	-4.80393320292	-1.51483739496	89
6	0.5	1.0	0.0	-1.71646694269	-4.28909564344	-1.17277253205	-1.71646694269	-4.70703106013	-1.36814867597	90
6	0.75	0.0	0.0	0.692125063405	-4.89941950336	-1.33321765211	0.8222969136	-5.36688500027	-0.798527046598	91
6	0.75	0.25	0.0	0.122529599589	-4.98195570995	-1.22988123328	0.180903946791	-5.42306610305	-0.759422936278	92
6	0.75	0.5	0.0	-0.464094243634	-4.9679517657	-1.09287354356	-0.463461527254	-5.39123617299	-0.708167053396	93
6	0.75	0.75	0.0	-1.07223889399	-4.89116148095	-0.94721164395	-1.09712120408	-5.31016178405	-0.649969032469	94
6	0.75	1.0	0.0	-1.70639677922	-4.78533866607	-0.817912595455	-1.70639677922	-5.21860951019	-0.590038508015	95
6	1.0	0.0	0.0	0.708005427	-4.988458121	-0.636356316	0.849668234596	-5.50060623045	0.15432671436	96
6	1.0	0.25	0.0	0.1342889076	-5.06426060135	-0.573801047075	0.208949497016	-5.54307931048	0.149218519698	97
6	1.0	0.5	0.0	-0.462949163488	-5.0848861356	-0.505161129637	-0.440169631896	-5.53764197669	0.132201027864	98
6	1.0	0.75	0.0	-1.07620379608	-5.0515925888	-0.44052527438	-1.08127938621	-5.49481178553	0.11324355459	99
6	1.0	1.0	0.0	-1.69797	-4.965637826	-0.389982192	-1.69797	-5.42510629345	0.102315415606	100
9	0.0	0.0	0.0	0.708005427	-4.988458121	-0.636356316	0.849668234596	-5.50060623045	0.15432671436	101
9	0.0	0.25	0.0	0.1342889076	-5.06426060135	-0.573801047075	0.208949497016	-5.54307931048	0.149218519698	102
9	0.0	0.5	0.0	-0.462949163488	-5.0848861356	-0.505161129637	-0.440169631896	-5.53764197669	0.132201027864	103
9	0.0	0.75	0.0	-1.07620379608	-5.0515925888	-0.44052527438	-1.08127938621	-5.49481178553	0.11324355459	104
9	0.0	1.0	0.0	-1.69797	-4.965637826	-0.389982192	-1.69797	-5.42510629345	0.102315415606	105
9	0.25	0.0	0.0	0.622103407545	-4.59787181887	-0.0909415178472	0.81902341275	-5.19288377093	0.979909427898	106
9	0.25	0.25	0.0	0.0608316741567	-4.66057944357	-0.0307954545735	0.194475422033	-5.22657280767	0.983006674487	107
9	0.25	0.5	0.0	-0.519960950103	-4.70343192656	0.0480817885036	-0.445088690945	-5.2468589753	0.987010815042	108
9	0.25	0.75	0.0	-1.10814024581	-4.70867650639	0.116364297156	-1.08024560365	-5.24259387576	0.982264456699	109
9	0.25	1.0	0.0	-1.69157199353	-4.65856042164	0.144726157154	-1.69157199353	-5.20262911096	0.959110206593	110
9	0.5	0.0	0.0	0.507142886663	-3.89129679039	0.330947587705	0.738111773462	-4.57781844024	1.78506738356	111
9	0.5	0.25	0.0	-0.0293126304682	-3.94808834124	0.386339830947	0.139805044795	-4.61211151516	1.80403347467	112
9	0.5	0.5	0.0	-0.585346440482	-3.9935622135	0.460879293916	-0.479010168305	-4.64320979604	1.82510363591	113
9	0.5	0.75	0.0	-1.14367958124	-4.00962017941	0.521715283791	-1.09555062654	-4.65752123814	1.83670570081	114
9	0.5	1.0	0.0	-1.68703309059	-3.97816401118	0.535997107748	-1.68703309059	-4.64145379671	1.82726750294	115
9	0.75	0.0	0.0	0.405828929949	-3.03806222421	0.683859490155	0.652179127337	-3.80973457131	2.50591587928	116
9	0.75	0.25	0.0	-0.101932297564	-3.09145735938	0.736067152634	0.079481039201	-3.8482847665	2.54074422627	117
9	0.75	0.5	0.0	-0.633964231988	-3.12856234078	0.793023568356	-0.519366918049	-3.87968358536	2.56993759973	118
9	0.75	0.75	0.0	-1.16930310352	-3.14041049501	0.832010649806	-1.11723292003	-3.89713069154	2.58902746263	119
9	0.75	1.0	0.0	-1.68698514236	-3.11803514862	0.830310309469	-1.68698514236	-3.89382574866	2.59354527794	120
9	1.0	0.0	0.0	0.360866603	-2.207497309	1.022342679	0.606471284978	-3.04295649706	3.07857021297	121
9	1.0	0.25	0.0	-0.122815618421	-2.25535656302	1.07684885364	0.0480460791508	-3.08368189525	3.12158423531	122
9	1.0	0.5	0.0	-0.640672921983	-2.28171765273	1.10430679358	-0.543591794251	-3.10926948976	3.14497081579	123
9	1.0	0.75	0.0	-1.1714921138	-2.28703434033	1.10373335948	-1.13533094928	-3.11895905485	3.15168991785	124
9	1.0	1.0	0.0	-1.69406	-2.271760388	1.074145412	-1.69406	-3.11199036476	3.14470150488	125
10	0.0	0.0	0.0	0.360866603	-2.207497309	1.022342679	0.606471284978	-3.04295649706	3.07857021297	126
10	0.0	0.25	0.0	-0.122815618421	-2.25535656302	1.07684885364	0.0480460791508	-3.08368189525	3.12158423531	127
10	0.0	0.5	0.0	-0.640672921983	-2.28171765273	1.10430679358	-0.543591794251	-3.10926948976	3.14497081579	128
10	0.0	0.75	0.0	-1.1714921138	-2.28703434033	1.10373335948	-1.13533094928	-3.11895905485	3.15168991785	129
10	0.0	1.0	0.0	-1.69406	-2.271760388	1.074145412	-1.69406	-3.11199036476	3.14470150488	130
10	0.25	0.0	0.0	0.406175643636	-1.30951161399	1.45347115495	0.627498138781	-2.08610105771	3.52046459024	131
10	0.25	0.25	0.0	-0.082768298833	-1.37189600132	1.49642916403	0.0559040027633	-2.14964978535	3.55376442061	132
10	0.25	0.5	0.0	-0.609952013276	-1.43756262037	1.44823542203	-0.546371748808	-2.22279977344	3.52773024298	133
10	0.25	0.75	0.0	-1.15958476687	-1.4904032381	1.35053387487	-1.14755604798	-2.28387661085	3.46820836725	134
10	0.25	1.0	0.0	-1.71587582681	-1.51430962146	1.24496846847	-1.71587582681	-2.31120588641	3.40104510334	135
10	0.5	0.0	0.0	0.504052093977	-0.378336836838	1.84088615072	0.679640151183	-0.957837028316	3.7285755122	136
10	0.5	0.25	0.0	-0.0211358117319	-0.458614530202	1.85743684167	0.0727731106228	-1.04627698274	3.75332741641	137
10	0.5	0.5	0.0	-0.57368164434	-0.564088683393	1.72210362759	-0.547127160538	-1.17452776703	3.68055462813	138
10	0.5	0.75	0.0	-1.15075143124	-0.66662273127	1.5134302105	-1.16093161359	-1.3048833263	3.55580018718	139
10	0.5	1.0	0.0	-1.74951119981	-0.738080108689	1.30996029245	-1.74951119981	-1.3996376057	3.42460713339	140
10	0.75	0.0	0.0	0.588809547829	0.515996517982	2.00491077188	0.711010052494	0.140193099156	3.63714038598	141
10	0.75	0.25	0.0	0.0271690797207	0.415815810884	1.99275956098	0.071709054507	0.0332533130585	3.65503544098	142
10	0.75	0.5	0.0	-0.54539114501	0.276312996561	1.80486937968	-0.558879136464	-0.132974896925	3.5634838268	143
10	0.75	0.75	0.0	-1.1430799035	0.13364446381	1.53226277393	-1.17730173931	-0.317225863304	3.41332967889	144
10	0.75	1.0	0.0	-1.78010597291	0.0239666014297	1.26596228971	-1.78010597291	-0.478233918587	3.2554171327	145
10	1.0	0.0	0.0	0.594761599	1.303457946	1.765868124	0.669720573023	1.00634683273	3.18039661872	146
10	1.0	0.25	0.0	0.0272336123631	1.1827229825	1.73528499642	0.0257674861934	0.895757902532	3.19365071259	147
10	1.0	0.5	0.0	-0.538609845121	1.02125125787	1.57549064774	-0.594648783608	0.733337410458	3.13655769454	148
10	1.0	0.75	0.0	-1.13465798029	0.859735630802	1.3468719727	-1.19851051835	0.543849116077	3.03966114364	149
10	1.0	1.0	0.0	-1.7928	0.73886896	1.109815866	-1.7928	0.352056778956	2.93350463898	150
13	0.0	0.0	0.0	0.594761599	1.303457946	1.765868124	0.669720573023	1.00634683273	3.18039661872	151
13	0.0	0.25	0.0	0.0272336123631	1.1827229825	1.73528499642	0.0257674861934	0.895757902532	3.19365071259	152
13	0.0	0.5	0.0	-0.538609845121	1.02125125787	1.57549064774	-0.594648783608	0.733337410458	3.13655769454	153
13	0.0	0.75	0.0	-1.13465798029	0.859735630802	1.3468719727	-1.19851051835	0.543849116077	3.03966114364	154
13	0.0	1.0	0.0	-1.7928	0.73886896	1.109815866	-1.7928	0.352056778956	2.93350463898	155
13	0.25	0.0	0.0	0.548313875843	1.50424575939	1.55253006396	0.610975726391	1.17187758046	2.89556407275	156
13	0.25	0.25	0.0	-0.00532161842226	1.38985010119	1.5308216694	-0.0138741053237	1.07291567776	2.91384149063	157
13	0.25	0.5	0.0	-0.562956879303	1.24136249596	1.41079066391	-0.61808344306	0.932270724912	2.8852604164	158
13	0.25	0.75	0.0	-1.14873659954	1.09300549761	1.23550122745	-1.20720849563	0.768180394683	2.82950531567	159
13	0.25	1.0	0.0	-1.78680547186	0.97900166007	1.04801753998	-1.78680547186	0.598882359845	2.76626065404	160
13	0.5	0.0	0.0	0.464439524897	1.65391567251	1.27609781038	0.517967969296	1.25083922785	2.52150869827	161
13	0.5	0.25	0.0	-0.0663828792677	1.56220440088	1.27917635349	-0.0707292298848	1.17417154976	2.55274532553	162
13	0.5	0.5	0.0	-0.615231463158	1.45035065847	1.21500996297	-0.648920797899	1.06917395731	2.55989263108	163
13	0.5	0.75	0.0	-1.18363317385	1.33581344349	1.1112730515	-1.21643871424	0.950128594636	2.55252497866	164
13	0.5	1.0	0.0	-1.77311495841	1.23605175412	0.995640031746	-1.77311495841	0.831317605855	2.54021673204	165
13	0.75	0.0	0.0	0.371543492752	1.77707474762	0.986429507862	0.42156205488	1.29302663697	2.12412093404	166
13	0.75	0.25	0.0	-0.136379787324	1.70974016518	1.01840115771	-0.128292256864	1.2370564831	2.16970749438	167
13	0.75	0.5	0.0	-0.672673084071	1.6411442358	1.01394719387	-0.679571342114	1.16984087198	2.21379090597	168
13	0.75	0.75	0.0	-1.21898633203	1.5685154102	0.984351467655	-1.22491660902	1.09883053467	2.25388787847	169
13	0.75	1.0	0.0	-1.75696946575	1.48908213911	0.94089783039	-1.75696946575	1.03147620224	2.28751512152	170
13	1.0	0.0	0.0	0.298030726	1.898330047	0.733383301	0.352622736283	1.34823466986	1.76929121886	171
13	1.0	0.25	0.0	-0.195741959744	1.84241167774	0.786548191076	-0.170057555634	1.29910144238	1.82407327426	172
13	1.0	0.5	0.0	-0.712521229431	1.80667171835	0.833401005529	-0.702445569692	1.26006523326	1.9002918085	173
13	1.0	0.75	0.0	-1.2344347029	1.77146733954	0.864900498717	-1.23135761483	1.22342303354	1.97876176097	174
13	1.0	1.0	0.0	-1.74361	1.717155712	0.872005425	-1.74361	1.18147183426	2.04029807102	175
14	0.0	0.0	0.0	0.298030726	1.898330047	0.733383301	0.352622736283	1.34823466986	1.76929121886	176
14	0.0	0.25	0.0	-0.195741959744	1.84241167774	0.786548191076	-0.170057555634	1.29910144238	1.82407327426	177
14	0.0	0.5	0.0	-0.712521229431	1.80667171835	0.833401005529	-0.702445569692	1.26006523326	1.9002918085	178
14	0.0	0.75	0.0	-1.2344347029	1.77146733954	0.864900498717	-1.23135761483	1.22342303354	1.97876176097	179
14	0.0	1.0	0.0	-1.74361	1.717155712	0.872005425	-1.74361	1.18147183426	2.04029807102	180
14	0.25	0.0	0.0	0.267366856404	2.02007288402	0.497203486615	0.325249374586	1.43087274099	1.43542443782	181
14	0.25	0.25	0.0	-0.223732205594	1.9625357336	0.548589028919	-0.185948258739	1.3781784111	1.4761977925	182
14	0.25	0.5	0.0	-0.722343375368	1.94741773249	0.605006998153	-0.707150987683	1.35180656656	1.53823966635	183
14	0.25	0.75	0.0	-1.22455974299	1.93701657711	0.651025763583	-1.22508447878	1.3296364532	1.60255909804	184
14	0.25	1.0	0.0	-1.72647439855	1.89362996385	0.671213694472	-1.72647439855	1.2895473169	1.65016512626	185
14	0.5	0.0	0.0	0.262965236787	2.13452170787	0.209571671046	0.317162136541	1.52303617801	1.02803955123	186
14	0.5	0.25	0.0	-0.230614875159	2.05767232414	0.247727544983	-0.186498554808	1.45606933314	1.04955347233	187
14	0.5	0.5	0.0	-0.719413628896	2.02924492781	0.289877666337	-0.696485191959	1.41326095249	1.08516178097	188
14	0.5	0.75	0.0	-1.20902887037	2.00253800968	0.324648308206	-1.20520331038	1.37675171498	1.12000383004	189
14	0.5	1.0	0.0	-1.70505844553	1.93085006055	0.340665743689	-1.70505844553	1.32868229956	1.13921897245	190
14	0.75	0.0	0.0	0.273132514277	2.20378551103	-0.072318585296	0.321168774809	1.5972594859	0.618237700519	191
14	0.75	0.25	0.0	-0.223142883865	2.10025717801	-0.0526307804485	-0.17777002752	1.51227082772	0.620567457117	192
14	0.75	0.5	0.0	-0.708732654896	2.04212356259	-0.0359217950075	-0.6811882447	1.44345621315	0.625484561855	193
14	0.75	0.75	0.0	-1.19319628735	1.98173421	-0.022075963684	-1.18524346326	1.381358536	0.627615483774	194
14	0.75	1.0	0.0	-1.68609326974	1.87143866547	-0.0109776211892	-1.68609326974	1.3165206901	0.621586691919	195
14	1.0	0.0	0.0	0.286175336	2.189973286	-0.291273722	0.330077042048	1.62607716965	0.27712002709	196
14	1.0	0.25	0.0	-0.20806914714	2.06272602387	-0.289080467095	-0.16582426055	1.52627951407	0.265666890221	197
14	1.0	0.5	0.0	-0.695301118249	1.97602389512	-0.29632619097	-0.672000208084	1.44142017062	0.243634418488	198
14	1.0	0.75	0.0	-1.18241619623	1.88830775081	-0.29699114836	-1.17873429106	1.36004663338	0.221913586037	199
14	1.0	1.0	0.0	-1.67631	1.758018442	-0.275055594	-1.67631	1.27070639639	0.211395367018	200
17	0.0	0.0	0.0	5.097498723	1.761457284	-0.648926891	5.55273982338	1.83154459309	0.102893408525	201
17	0.0	0.25	0.0	4.41317418932	1.904877855	-0.660262128358	4.94078400573	2.07831694072	0.0612215817501	202
17	0.0	0.5	0.0	3.77857554107	2.26134990826	-0.675322601256	4.33880324055	2.2444044451	0.0575728950525	203
17	0.0	0.75	0.0	3.18926867754	2.65166109614	-0.672097401026	3.7176525503	2.31531736778	0.0849549662423	204
17	0.0	1.0	0.0	2.640819498	2.896599071	-0.628575619	3.04818695745	2.27656597035	0.136375413129	205
17	0.25	0.0	0.0	5.0877926253	1.75503623861	-0.819306644798	5.5620131932	1.83465947626	-0.114759495713	206
17	0.25	0.25	0.0	4.41331206258	1.90719394233	-0.830957354436	4.95317593609	2.08077630864	-0.168422147901	207
17	0.25	0.5	0.0	3.782042327	2.26309162888	-0.849361005362	4.34580622913	2.25859997616	-0.178155285465	208
17	0.25	0.75	0.0	3.19438816161	2.64563952764	-0.853301432101	3.72305910815	2.34319117847	-0.156576066136	209
17	0.25	1.0	0.0	2.65075430941	2.87774786796	-0.821562469176	3.06808960899	2.30961061526	-0.11630164764	210
17	0.5	0.0	0.0	5.07089107337	1.75150421506	-1.01698076246	5.57135196282	1.83212986485	-0.37366156135	211
17	0.5	0.25	0.0	4.41095059745	1.91916939471	-1.01936539776	4.96741669697	2.08562631805	-0.432001125191	212
17	0.5	0.5	0.0	3.79411676331	2.27461501364	-1.03505604705	4.35542964179	2.27541893658	-0.440701072488	213
17	0.5	0.75	0.0	3.21391421444	2.63980936453	-1.04883241377	3.72956961464	2.3708966202	-0.425812925908	214
17	0.5	1.0	0.0	2.66386759433	2.83672074003	-1.04547420139	3.08401543288	2.34144826866	-0.413388208116	215
17	0.75	0.0	0.0	5.05269204575	1.73398699498	-1.20642728665	5.58025940446	1.81651497761	-0.631095752821	216
17	0.75	0.25	0.0	4.41271774021	1.91677114073	-1.195712189	4.98192713166	2.07624144762	-0.691668171782	217
17	0.75	0.5	0.0	3.81021877528	2.27078167305	-1.21093509635	4.36623687861	2.27573551254	-0.698641692206	218
17	0.75	0.75	0.0	3.23544500205	2.61590739067	-1.23705174166	3.73679517585	2.37991173298	-0.691395981402	219
17	0.75	1.0	0.0	2.67864627159	2.77203709234	-1.25901785791	3.09720855394	2.35368466953	-0.709310706681	220
17	1.0	0.0	0.0	5.039093521	1.68561036	-1.35212426	5.5882387903	1.78037403327	-0.844345034562	221
17	1.0	0.25	0.0	4.4252414371	1.87596610902	-1.33022365881	4.99512808343	2.03599617602	-0.909576109339	222
17	1.0	0.5	0.0	3.82576828819	2.22645321763	-1.35552552331	4.37679133963	2.24042389021	-0.920554370807	223
17	1.0	0.75	0.0	3.24657869043	2.55567038993	-1.39632081141	3.74434689784	2.35171455682	-0.921965600941	224
17	1.0	1.0	0.0	2.69357726	2.68221633	-1.420900481	3.10891309701	2.32792555688	-0.958495581714	225
18	0.0	0.0	0.0	2.640819498	2.896599071	-0.628575619	3.04818695745	2.27656597035	0.136375413129	226
18	0.0	0.25	0.0	2.11748471549	2.88186948543	-0.542199276218	2.37566783431	2.1502879458	0.190407420394	227
18	0.0	0.5	0.0	1.53346400865	2.69549863803	-0.435092708437	1.67175913217	1.97565309388	0.236282595924	228
18	0.0	0.75	0.0	0.914460005984	2.43302156087	-0.340402121687	0.976536863823	1.78885248002	0.267390333547	229
18	0.0	1.0	0.0	0.286175336	2.189973286	-0.291273722	0.330077042048	1.62607716965	0.27712002709	230
18	0.25	0.0	0.0	2.65075430941	2.87774786796	-0.821562469176	3.06808960899	2.30961061526	-0.11630164764	231
18	0.25	0.25	0.0	2.13022094257	2.84420632257	-0.745903454861	2.40378246424	2.17887042507	-0.0912920301087	232
18	0.25	0.5	0.0	1.55736928031	2.63102921511	-0.644970674088	1.70319717504	1.99741160973	-0.0901901016373	233
18	0.25	0.75	0.0	0.94894343425	2.3374299122	-0.555637049135	1.00860482724	1.79808867402	-0.1029018475	234
18	0.25	1.0	0.0	0.321687515997	2.06262178045	-0.514775502281	0.362276506643	1.61375612275	-0.119333252971	235
18	0.5	0.0	0.0	2.66386759433	2.83672074003	-1.04547420139	3.08401543288	2.34144826866	-0.413388208116	236
18	0.5	0.25	0.0	2.13515171611	2.76023587229	-0.992765367884	2.4236865621	2.20139281041	-0.434928442274	237
18	0.5	0.5	0.0	1.59216725829	2.50286870329	-0.893793958181	1.74385330862	2.00392787747	-0.484582890805	238
18	0.5	0.75	0.0	1.01452225568	2.16679934635	-0.79960422555	1.06777053018	1.78307429044	-0.54501752815	239
18	0.5	1.0	0.0	0.381824743113	1.8542079148	-0.761240423262	0.418693084522	1.57285286988	-0.598898328751	240
18	0.75	0.0	0.0	2.67864627159	2.77203709234	-1.25901785791	3.09720855394	2.35368466953	-0.709310706681	241
18	0.75	0.25	0.0	2.14115456669	2.63918154931	-1.2213956268	2.43740339011	2.19986174667	-0.779684828651	242
18	0.75	0.5	0.0	1.62350861979	2.32012494403	-1.11782525955	1.77707336947	1.97684415264	-0.880297455765	243
18	0.75	0.75	0.0	1.07213190856	1.93176168969	-1.01381133896	1.11999099147	1.72557135808	-0.986122249049	244
18	0.75	1.0	0.0	0.433447910673	1.5909861995	-0.974858447862	0.469928755541	1.48698283363	-1.07213286953	245
18	1.0	0.0	0.0	2.69357726	2.68221633	-1.420900481	3.10891309701	2.32792555688	-0.958495581714	246
18	1.0	0.25	0.0	2.15710702491	2.49026676841	-1.37040484314	2.44695621046	2.15628387874	-1.06474420179	247
18	1.0	0.5	0.0	1.63704404204	2.0919057788	-1.25332727704	1.78620319415	1.89780269073	-1.2107354807	248
18	1.0	0.75	0.0	1.08270783115	1.64294876854	-1.13976607742	1.13122322991	1.60734190573	-1.35338155084	249
18	1.0	1.0	0.0	0.443417912	1.299211145	-1.099819539	0.486585499558	1.3397614366	-1.44959454459	250
19	0.0	0.0	0.0	5.039093521	1.68561036	-1.35212426	5.5882387903	1.78037403327	-0.844345034562	251
19	0.0	0.25	0.0	4.4252414371	1.87596610902	-1.33022365881	4.99512808343	2.03599617602	-0.909576109339	252
19	0.0	0.5	0.0	3.82576828819	2.22645321763	-1.35552552331	4.37679133963	2.24042389021	-0.920554370807	253
19	0.0	0.75	0.0	3.24657869043	2.55567038993	-1.39632081141	3.74434689784	2.35171455682	-0.921965600941	254
19	0.0	1.0	0.0	2.69357726	2.68221633	-1.420900481	3.10891309701	2.32792555688	-0.958495581714	255
19	0.25	0.0	0.0	5.01432373687	1.57614294981	-1.47398937185	5.59107511668	1.68635418996	-1.05504147531	256
19	0.25	0.25	0.0	4.42154370935	1.74967550619	-1.46052529203	5.00447112369	1.92048333948	-1.15752469559	257
19	0.25	0.5	0.0	3.81672882459	2.0586770081	-1.52063476818	4.38033742484	2.11386740107	-1.23340005365	258
19	0.25	0.75	0.0	3.2353138526	2.3310023314	-1.58575723495	3.74209023014	2.22100821858	-1.29954499899	259
19	0.25	1.0	0.0	2.71273356338	2.39450635192	-1.58733212696	3.11314574958	2.19640763589	-1.3728369811	260
19	0.5	0.0	0.0	4.96981217523	1.41727873922	-1.59360267261	5.58689461951	1.53258344201	-1.28899887258	261
19	0.5	0.25	0.0	4.38844429235	1.56110008337	-1.58099797782	5.0076040417	1.74085065542	-1.42786188587	262
19	0.5	0.5	0.0	3.78776723982	1.81054210682	-1.63153887257	4.37188849408	1.92182331271	-1.55360057761	263
19	0.5	0.75	0.0	3.21409079853	2.00640640469	-1.67980563975	3.72002465553	2.0264686165	-1.6665002077	264
19	0.5	1.0	0.0	2.71372474939	1.98949457206	-1.6603785622	3.09228920491	2.00575376939	-1.76684603606	265
19	0.75	0.0	0.0	4.92059830847	1.24267853552	-1.69785917882	5.58002008232	1.35614492128	-1.51124948921	266
19	0.75	0.25	0.0	4.34481173845	1.34614718589	-1.68986541528	5.00562281343	1.53241773419	-1.68449737191	267
19	0.75	0.5	0.0	3.7510835366	1.52007830872	-1.72550840563	4.35772099534	1.69015972462	-1.85228326373	268
19	0.75	0.75	0.0	3.18655470699	1.62976476998	-1.75543871926	3.69193403389	1.78140426773	-2.00266745918	269
19	0.75	1.0	0.0	2.6983662537	1.54049943566	-1.73030692559	3.0638813349	1.75818473866	-2.12371025277	270
19	1.0	0.0	0.0	4.881721609	1.086003146	-1.773653907	5.57477428861	1.19412175964	-1.68682558809	271
19	1.0	0.25	0.0	4.30951460001	1.14072415907	-1.78535130355	4.99962341482	1.33050418614	-1.89134084543	272
19	1.0	0.5	0.0	3.71887771766	1.2253154087	-1.83981393649	4.34411137662	1.44474473627	-2.10057543309	273
19	1.0	0.75	0.0	3.15635075674	1.24895958747	-1.88962916693	3.67160222512	1.49912368942	-2.28788298557	274
19	1.0	1.0	0.0	2.668473512	1.120839388	-1.887384356	3.04546001145	1.45592132497	-2.42661713741	275
20	0.0	0.0	0.0	2.69357726	2.68221633	-1.420900481	3.10891309701	2.32792555688	-0.958495581714	276
20	0.0	0.25	0.0	2.15710702491	2.49026676841	-1.37040484314	2.44695621046	2.15628387874	-1.06474420179	277
20	0.0	0.5	0.0	1.63704404204	2.0919057788	-1.25332727704	1.78620319415	1.89780269073	-1.2107354807	278
20	0.0	0.75	0.0	1.08270783115	1.64294876854	-1.13976607742	1.13122322991	1.60734190573	-1.35338155084	279
20	0.0	1.0	0.0	0.443417912	1.299211145	-1.099819539	0.486585499558	1.3397614366	-1.44959454459	280
20	0.25	0.0	0.0	2.71273356338	2.39450635192	-1.58733212696	3.11314574958	2.19640763589	-1.3728369811	281
20	0.25	0.25	0.0	2.19158243824	2.14406298786	-1.48432130014	2.4467778814	2.01348603814	-1.47443895929	282
20	0.25	0.5	0.0	1.64180764312	1.71622578304	-1.33418275098	1.76955740655	1.73205514706	-1.58715703289	283
20	0.25	0.75	0.0	1.05215541933	1.27238870902	-1.20444668159	1.10001849215	1.4174822316	-1.68719951682	284
20	0.25	1.0	0.0	0.41137200817	0.973945737329	-1.16264329407	0.456695305316	1.1351345607	-1.75077472597	285
20	0.5	0.0	0.0	2.71372474939	1.98949457206	-1.6603785622	3.09228920491	2.00575376939	-1.76684603606	286
20	0.5	0.25	0.0	2.19189057348	1.69001877009	-1.54221080504	2.41703370487	1.81768657832	-1.85841224208	287
20	0.5	0.5	0.0	1.62110155839	1.27946243082	-1.39241876171	1.73218280311	1.5223883174	-1.92694936585	288
20	0.5	0.75	0.0	1.01156835535	0.887444791304	-1.26916332549	1.05578699843	1.19487759359	-1.97730711222	289
20	0.5	1.0	0.0	0.373501615575	0.643585088578	-1.23060538965	0.405896789609	0.910173013861	-2.01433518603	290
20	0.75	0.0	0.0	2.6983662537	1.54049943566	-1.73030692559	3.0638813349	1.75818473866	-2.12371025277	291
20	0.75	0.25	0.0	2.170531579	1.21706245861	-1.62216712459	2.38107105614	1.56746484315	-2.20461593289	292
20	0.75	0.5	0.0	1.59230529705	0.846918738719	-1.48675680748	1.69429675969	1.26821126765	-2.2318033706	293
20	0.75	0.75	0.0	0.979214027864	0.518537993515	-1.37114014557	1.0160835273	0.939076455299	-2.23504439809	294
20	0.75	1.0	0.0	0.346784391443	0.320389940538	-1.32238131015	0.358956440745	0.658712849192	-2.24411084757	295
20	1.0	0.0	0.0	2.668473512	1.120839388	-1.887384356	3.04546001145	1.45592132497	-2.42661713741	296
20	1.0	0.25	0.0	2.14000560314	0.814122396947	-1.80228402553	2.36223731049	1.2614001765	-2.50100191446	297
20	1.0	0.5	0.0	1.57279836828	0.483897723303	-1.67591838654	1.67611665212	0.968933063732	-2.50340993815	298
20	1.0	0.75	0.0	0.973359825539	0.196089293758	-1.54760127828	0.998462857307	0.649627280293	-2.47175143549	299
20	1.0	1.0	0.0	0.348197993	0.016621035	-1.45664654	0.34064074703	0.374590119816	-2.44393663344	300
25	0.0	0.0	0.0	4.881721609	1.086003146	-1.773653907	5.57477428861	1.19412175964	-1.68682558809	301
25	0.0	0.25	0.0	4.30951460001	1.14072415907	-1.78535130355	4.99962341482	1.33050418614	-1.89134084543	302
25	0.0	0.5	0.0	3.71887771766	1.2253154087	-1.83981393649	4.34411137662	1.44474473627	-2.10057543309	303
25	0.0	0.75	0.0	3.15635075674	1.24895958747	-1.88962916693	3.67160222512	1.49912368942	-2.28788298557	304
25	0.0	1.0	0.0	2.668473512	1.120839388	-1.887384356	3.04546001145	1.45592132497	-2.42661713741	305
25	0.25	0.0	0.0	4.81939671313	0.631234612536	-1.94563356981	5.57007026892	0.681949869931	-2.03629776901	306
25	0.25	0.25	0.0	4.2679055946	0.595522516512	-2.03394506214	4.99851528614	0.725605862308	-2.29838026718	307
25	0.25	0.5	0.0	3.69498375021	0.545856222853	-2.18054685959	4.35498651983	0.750217208277	-2.57029863787	308
25	0.25	0.75	0.0	3.14159153217	0.458888037013	-2.3205803921	3.69819732296	0.729929619684	-2.80964512204	309
25	0.25	1.0	0.0	2.64868929271	0.311270264448	-2.38918708962	3.08686104849	0.638888808374	-2.97401196066	310
25	0.5	0.0	0.0	4.78819473437	0.0846052965857	-2.11093713512	5.57270599008	0.0205408160058	-2.27590282152	311
25	0.5	0.25	0.0	4.26359754118	-0.0292086971956	-2.28084224206	5.02388015387	-0.03069243165	-2.59215410172	312
25	0.5	0.5	0.0	3.72408577992	-0.165513372093	-2.51299845416	4.41636865256	-0.103332872021	-2.92304902327	313
25	0.5	0.75	0.0	3.19616382482	-0.323388058636	-2.72896584996	3.79463946015	-0.205362655161	-3.21316777525	314
25	0.5	1.0	0.0	2.70633605014	-0.501912087354	-2.85030450799	3.20316055062	-0.344763931123	-3.40709054673	315
25	0.75	0.0	0.0	4.78097829517	-0.472761811157	-2.22357297887	5.58270810984	-0.67286528967	-2.37213836392	316
25	0.75	0.25	0.0	4.27835493188	-0.65942167669	-2.4543093798	5.06002592914	-0.817242076988	-2.71844881103	317
25	0.75	0.5	0.0	3.77159621651	-0.860193773441	-2.74123956436	4.49284959876	-0.986382554889	-3.08051271864	318
25	0.75	0.75	0.0	3.27110563562	-1.07054562144	-3.00188048212	3.90864414101	-1.17048272087	-3.39792786014	319
25	0.75	1.0	0.0	2.78728667575	-1.28594474073	-3.15374908262	3.33487457823	-1.35973857242	-3.61029200895	320
25	1.0	0.0	0.0	4.790610018	-0.95974372	-2.237549477	5.60010328594	-1.28102833463	-2.29150201455	321
25	1.0	0.25	0.0	4.29394225884	-1.22106861661	-2.48261301189	5.09126052309	-1.51289445496	-2.62305085711	322
25	1.0	0.5	0.0	3.80292746973	-1.48958537849	-2.76934103436	4.54902118235	-1.76940889059	-2.96437585333	323
25	1.0	0.75	0.0	3.3174549655	-1.75526157338	-3.02641923016	3.98792686985	-2.02916016319	-3.26340229168	324
25	1.0	1.0	0.0	2.837414061	-2.008064769	-3.182533285	3.42251919169	-2.27073679442	-3.46805546065	325
26	0.0	0.0	0.0	2.668473512	1.120839388	-1.887384356	3.04546001145	1.45592132497	-2.42661713741	326
26	0.0	0.25	0.0	2.14000560314	0.814122396947	-1.80228402553	2.36223731049	1.2614001765	-2.50100191446	327
26	0.0	0.5	0.0	1.57279836828	0.483897723303	-1.67591838654	1.67611665212	0.968933063732	-2.50340993815	328
26	0.0	0.75	0.0	0.973359825539	0.196089293758	-1.54760127828	0.998462857307	0.649627280293	-2.47175143549	329
26	0.0	1.0	0.0	0.348197993	0.016621035	-1.45664654	0.34064074703	0.374590119816	-2.44393663344	330
26	0.25	0.0	0.0	2.64868929271	0.311270264448	-2.38918708962	3.08686104849	0.638888808374	-2.97401196066	331
26	0.25	0.25	0.0	2.11985265617	0.047466107304	-2.35988168468	2.41208599091	0.417189165273	-3.06281927631	332
26	0.25	0.5	0.0	1.56916836897	-0.265859788574	-2.25795071475	1.72008145186	0.109558328958	-3.07731895286	333
26	0.25	0.75	0.0	0.993095258555	-0.555050285049	-2.09991087656	1.03453843804	-0.215356332135	-3.02982877127	334
26	0.25	1.0	0.0	0.388092152391	-0.746448243984	-1.90227886682	0.379147956156	-0.488907449571	-2.93266651252	335
26	0.5	0.0	0.0	2.70633605014	-0.501912087354	-2.85030450799	3.20316055062	-0.344763931123	-3.40709054673	336
26	0.5	0.25	0.0	2.15951349735	-0.76247978454	-2.85362788252	2.53363400014	-0.587524565266	-3.51259126287	337
26	0.5	0.5	0.0	1.58159222067	-1.06984099563	-2.76410731715	1.82778635213	-0.904100231761	-3.54050675915	338
26	0.5	0.75	0.0	0.99102227888	-1.35281019209	-2.59375070276	1.12300712752	-1.22375620923	-3.49076989255	339
26	0.5	1.0	0.0	0.406253730739	-1.54020184535	-2.35456593025	0.456685847228	-1.47575777629	-3.36331352007	340
26	0.75	0.0	0.0	2.78728667575	-1.28594474073	-3.15374908262	3.33487457823	-1.35973857242	-3.61029200895	341
26	0.75	0.25	0.0	2.22026763615	-1.56147527441	-3.17723705428	2.66808064339	-1.62121243493	-3.72766512377	342
26	0.75	0.5	0.0	1.60494179557	-1.86529849263	-3.10154135314	1.95027706511	-1.93909251829	-3.76580673036	343
26	0.75	0.75	0.0	0.98658719126	-2.13730901242	-2.94136655992	1.22817368001	-2.24521211939	-3.72164933476	344
26	0.75	1.0	0.0	0.410481860468	-2.31740145079	-2.71141725531	0.548480324739	-2.47140453512	-3.59212544297	345
26	1.0	0.0	0.0	2.837414061	-2.008064769	-3.182533285	3.42251919169	-2.27073679442	-3.46805546065	346
26	1.0	0.25	0.0	2.26339458207	-2.29528035815	-3.22442363521	2.75662522586	-2.55234586353	-3.58538810859	347
26	1.0	0.5	0.0	1.63408896584	-2.58948487433	-3.17740598216	2.03859930298	-2.86246843047	-3.62605223983	348
26	1.0	0.75	0.0	0.99923630044	-2.84866533109	-3.05500425103	1.31434284982	-3.149363831	-3.58954163334	349
26	1.0	1.0	0.0	0.408575674	-3.030808742	-2.870742367	0.629757293178	-3.36129140086	-3.4753500681	350
27	0.0	0.0	0.0	4.790610018	-0.95974372	-2.237549477	5.60010328594	-1.28102833463	-2.29150201455	351
27	0.0	0.25	0.0	4.29394225884	-1.22106861661	-2.48261301189	5.09126052309	-1.51289445496	-2.62305085711	352
27	0.0	0.5	0.0	3.80292746973	-1.48958537849	-2.76934103436	4.54902118235	-1.76940889059	-2.96437585333	353
27	0.0	0.75	0.0	3.3174549655	-1.75526157338	-3.02641923016	3.98792686985	-2.02916016319	-3.26340229168	354
27	0.0	1.0	0.0	2.837414061	-2.008064769	-3.182533285	3.42251919169	-2.27073679442	-3.46805546065	355
27	0.25	0.0	0.0	4.87321667579	-1.45273328931	-2.06453028268	5.65441528063	-1.87850374483	-1.91263380476	356
27	0.25	0.25	0.0	4.38041875639	-1.78844207819	-2.27510103094	5.14722074318	-2.19230394967	-2.18152304219	357
27	0.25	0.5	0.0	3.89506387031	-2.12989591455	-2.51291066661	4.61075837846	-2.52060329319	-2.45494839492	358
27	0.25	0.75	0.0	3.41153227835	-2.45636290589	-2.72445434426	4.0535204269	-2.84071275616	-2.69488674833	359
27	0.25	1.0	0.0	2.9242042413	-2.74711115966	-2.85622721847	3.48399912895	-3.12994331934	-2.86331498775	360
27	0.5	0.0	0.0	5.03543377827	-1.94722154538	-1.71165242148	5.74343080376	-2.45970968844	-1.27020673192	361
27	0.5	0.25	0.0	4.55740514005	-2.34854583295	-1.86264546405	5.23706177195	-2.84957151002	-1.44863418592	362
27	0.5	0.5	0.0	4.07900256362	-2.76290260092	-2.02981024066	4.699943013	-3.25090107565	-1.62774985665	363
27	0.5	0.75	0.0	3.5909346015	-3.1541981369	-2.17567877545	4.1380010199	-3.63319437705	-1.7852355964	364
27	0.5	1.0	0.0	3.08390980619	-3.4863387285	-2.26278309257	3.55716228567	-3.96594740592	-1.89877325747	365
27	0.75	0.0	0.0	5.19919952387	-2.33048175976	-1.26542489529	5.82402947395	-2.89844109647	-0.526683332974	366
27	0.75	0.25	0.0	4.73231942304	-2.77606375942	-1.34772463608	5.31720843383	-3.34091380759	-0.60538582062	367
27	0.75	0.5	0.0	4.2511971476	-3.23562167278	-1.4355861674	4.77572668907	-3.79142606971	-0.68271808341	368
27	0.75	0.75	0.0	3.74797143813	-3.66451271128	-1.50816629844	4.20496858805	-4.21342326745	-0.751586648305	369
27	0.75	1.0	0.0	3.21478103523	-4.01809408634	-1.54462183839	3.61031847916	-4.57035078543	-0.804898042264	370
27	1.0	0.0	0.0	5.286452111	-2.489787204	-0.812356706	5.85309090979	-3.06849289992	0.155473855088	371
27	1.0	0.25	0.0	4.8125796186	-2.94567973611	-0.832816871866	5.34408555326	-3.52254751398	0.167220521399	372
27	1.0	0.5	0.0	4.30810122018	-3.39506936534	-0.845784857707	4.79726100977	-3.9733021071	0.180209079879	373
27	1.0	0.75	0.0	3.77495229141	-3.80305207389	-0.849990687945	4.21802307053	-4.38821766893	0.18892228355	374
27	1.0	1.0	0.0	3.215068208	-4.134723844	-0.844164387	3.61177752675	-4.73475518913	0.187842885435	375
28	0.0	0.0	0.0	2.837414061	-2.008064769	-3.182533285	3.42251919169	-2.27073679442	-3.46805546065	376
28	0.0	0.25	0.0	2.26339458207	-2.29528035815	-3.22442363521	2.75662522586	-2.55234586353	-3.58538810859	377
28	0.0	0.5	0.0	1.63408896584	-2.58948487433	-3.17740598216	2.03859930298	-2.86246843047	-3.62605223983	378
28	0.0	0.75	0.0	0.99923630044	-2.84866533109	-3.05500425103	1.31434284982	-3.149363831	-3.58954163334	379
28	0.0	1.0	0.0	0.408575674	-3.030808742	-2.870742367	0.629757293178	-3.36129140086	-3.4753500681	380
28	0.25	0.0	0.0	2.9242042413	-2.74711115966	-2.85622721847	3.48399912895	-3.12994331934	-2.86331498775	381
28	0.25	0.25	0.0	2.34884749873	-3.03464301657	-2.89999544318	2.82070841169	-3.42141800744	-2.96169171353	382
28	0.25	0.5	0.0	1.72070287912	-3.30603003514	-2.8736449063	2.10879735664	-3.70205023227	-2.99409415229	383
28	0.25	0.75	0.0	1.07938793215	-3.54358594257	-2.78710644284	1.38825829483	-3.95092909929	-2.9638387934	384
28	0.25	1.0	0.0	0.46452020752	-3.72962446608	-2.6503108878	0.699083557322	-4.14714371394	-2.87424212622	385
28	0.5	0.0	0.0	3.08390980619	-3.4863387285	-2.26278309257	3.55716228567	-3.96594740592	-1.89877325747	386
28	0.5	0.25	0.0	2.49969827082	-3.77231020518	-2.2830027479	2.89951532769	-4.25418775732	-1.96364862655	387
28	0.5	0.5	0.0	1.86458880223	-4.02110305958	-2.25056282317	2.19147440144	-4.49651020228	-1.98005986683	388
28	0.5	0.75	0.0	1.21441238336	-4.23496694193	-2.17632957153	1.46890752738	-4.69849011531	-1.95488671047	389
28	0.5	1.0	0.0	0.584999997117	-4.41615150246	-2.07116924611	0.767682725986	-4.86570287092	-1.89500888959	390
28	0.75	0.0	0.0	3.21478103523	-4.01809408634	-1.54462183839	3.61031847916	-4.57035078543	-0.804898042264	391
28	0.75	0.25	0.0	2.62034937075	-4.29910276537	-1.5348335126	2.9580182394	-4.85049339256	-0.835793337615	392
28	0.75	0.5	0.0	1.97992759561	-4.53451764887	-1.48789534129	2.25470810762	-5.06597742042	-0.841288595371	393
28	0.75	0.75	0.0	1.32626854733	-4.73205210535	-1.41646937196	1.53219777022	-5.2327816845	-0.826995827656	394
28	0.75	1.0	0.0	0.692125063405	-4.89941950336	-1.33321765211	0.8222969136	-5.36688500027	-0.798527046598	395
28	1.0	0.0	0.0	3.215068208	-4.134723844	-0.844164387	3.61177752675	-4.73475518913	0.187842885435	396
28	1.0	0.25	0.0	2.61520327094	-4.40584153858	-0.816875700546	2.96118941235	-5.01017319257	0.177339663332	397
28	1.0	0.5	0.0	1.98090011969	-4.64608750424	-0.765378069194	2.26657614544	-5.23058096662	0.164880450197	398
28	1.0	0.75	0.0	1.33691531735	-4.84408520902	-0.701321578995	1.55403624615	-5.39453861226	0.155523411911	399
28	1.0	1.0	0.0	0.708005427	-4.988458121	-0.636356316	0.849668234596	-5.50060623045	0.15432671436	400
33	0.0	0.0	0.0	5.286452111	-2.489787204	-0.812356706	5.85309090979	-3.06849289992	0.155473855088	401
33	0.0	0.25	0.0	4.8125796186	-2.94567973611	-0.832816871866	5.34408555326	-3.52254751398	0.167220521399	402
33	0.0	0.5	0.0	4.30810122018	-3.39506936534	-0.845784857707	4.79726100977	-3.9733021071	0.180209079879	403
33	0.0	0.75	0.0	3.77495229141	-3.80305207389	-0.849990687945	4.21802307053	-4.38821766893	0.18892228355	404
33	0.0	1.0	0.0	3.215068208	-4.134723844	-0.844164387	3.61177752675	-4.73475518913	0.187842885435	405
33	0.25	0.0	0.0	5.26673864837	-2.37679764155	-0.272086027245	5.80820669278	-2.9402887585	0.879320157942	406
33	0.25	0.25	0.0	4.77368553357	-2.79142711412	-0.286009957369	5.28841373017	-3.36617795501	0.9226341526	407
33	0.25	0.5	0.0	4.24408875828	-3.17823368469	-0.324505370516	4.73403030469	-3.77504348574	0.923634933863	408
33	0.25	0.75	0.0	3.68558194104	-3.52094117736	-0.364780174835	4.14984202978	-4.14356483374	0.907207789129	409
33	0.25	1.0	0.0	3.1057987004	-3.80327341621	-0.384042278478	3.54063451888	-4.44842148206	0.8982380058	410
33	0.5	0.0	0.0	5.19212524279	-2.06098905103	0.31385169655	5.72218747823	-2.60546216932	1.62547137892	411
33	0.5	0.25	0.0	4.68330785791	-2.39222851	0.276410791951	5.1828663872	-2.98192723662	1.6750709547	412
33	0.5	0.5	0.0	4.14182763665	-2.69218487662	0.16468625073	4.61479089069	-3.33207424443	1.64572511732	413
33	0.5	0.75	0.0	3.57112189998	-2.95799796315	0.0384869545847	4.02423523563	-3.64017072839	1.58958480748	414
33	0.5	1.0	0.0	2.97462796885	-3.18680758184	-0.0423782147906	3.41747366896	-3.89048422417	1.55880096586	415
33	0.75	0.0	0.0	5.11700536857	-1.61004210124	0.837606567319	5.63055683507	-2.11722230988	2.27338657836	416
33	0.75	0.25	0.0	4.5990563886	-1.85484309595	0.776784691141	5.07447668244	-2.43824977154	2.32900060653	417
33	0.75	0.5	0.0	4.05371014245	-2.07274070674	0.59317936936	4.49104250075	-2.73312646075	2.27634925505	418
33	0.75	0.75	0.0	3.47757362706	-2.2689314553	0.383845039427	3.89213229156	-2.99009907381	2.18989010724	419
33	0.75	1.0	0.0	2.86725383937	-2.4486118633	0.245836138792	3.28962405644	-3.197414307	2.14408074645	420
33	1.0	0.0	0.0	5.0957725	-1.091637461	1.191328687	5.56883833227	-1.52877835765	2.70252481663	421
33	1.0	0.25	0.0	4.57854092265	-1.2860300442	1.13745105525	5.01027777399	-1.80359997247	2.78889278694	422
33	1.0	0.5	0.0	4.03212856283	-1.45571894068	0.9323633487	4.41428486788	-2.06693221229	2.74537697182	423
33	1.0	0.75	0.0	3.4509385811	-1.60845067782	0.695328418801	3.80446280107	-2.30541359091	2.66196045704	424
33	1.0	1.0	0.0	2.829374138	-1.751971783	0.545609117	3.20441476072	-2.50568262211	2.6286263284	425
34	0.0	0.0	0.0	3.215068208	-4.134723844	-0.844164387	3.61177752675	-4.73475518913	0.187842885435	426
34	0.0	0.25	0.0	2.61520327094	-4.40584153858	-0.816875700546	2.96118941235	-5.01017319257	0.177339663332	427
34	0.0	0.5	0.0	1.98090011969	-4.64608750424	-0.765378069194	2.26657614544	-5.23058096662	0.164880450197	428
34	0.0	0.75	0.0	1.33691531735	-4.84408520902	-0.701321578995	1.55403624615	-5.39453861226	0.155523411911	429
34	0.0	1.0	0.0	0.708005427	-4.988458121	-0.636356316	0.849668234596	-5.50060623045	0.15432671436	430
34	0.25	0.0	0.0	3.1057987004	-3.80327341621	-0.384042278478	3.54063451888	-4.44842148206	0.8982380058	431
34	0.25	0.25	0.0	2.49856260722	-4.05322683921	-0.347777585118	2.89133631841	-4.70717327772	0.912578687398	432
34	0.25	0.5	0.0	1.87295769299	-4.2875090761	-0.261136249525	2.20797526982	-4.93351499951	0.94037502431	433
34	0.25	0.75	0.0	1.24284945925	-4.47832308371	-0.162672738251	1.51054106922	-5.10342553479	0.967520707491	434
34	0.25	1.0	0.0	0.622103407545	-4.59787181887	-0.0909415178472	0.81902341275	-5.19288377093	0.979909427898	435
34	0.5	0.0	0.0	2.97462796885	-3.18680758184	-0.0423782147906	3.41747366896	-3.89048422417	1.55880096586	436
34	0.5	0.25	0.0	2.35301000729	-3.40431767593	-0.0142835452912	2.77360553699	-4.114406061	1.59007304889	437
34	0.5	0.5	0.0	1.73343556863	-3.61233156512	0.103876051743	2.10320044756	-4.32515578004	1.6621121027	438
34	0.5	0.75	0.0	1.11758605953	-3.78370576481	0.242239966135	1.42009149495	-4.49040327516	1.73906219251	439
34	0.5	1.0	0.0	0.507142886663	-3.89129679039	0.330947587705	0.738111773462	-4.57781844024	1.78506738356	440
34	0.75	0.0	0.0	2.86725383937	-2.4486118633	0.245836138792	3.28962405644	-3.197414307	2.14408074645	441
34	0.75	0.25	0.0	2.22830191008	-2.62777626717	0.263498706324	2.65402782658	-3.38744614248	2.19163186995	442
34	0.75	0.5	0.0	1.60902789083	-2.79670239037	0.402428884626	1.9960830609	-3.57095290309	2.30185530586	443
34	0.75	0.75	0.0	1.00351061849	-2.93894584026	0.572568527852	1.32554756071	-3.72077043173	2.42365024527	444
34	0.75	1.0	0.0	0.405828929949	-3.03806222421	0.683859490155	0.652179127337	-3.80973457131	2.50591587928	445
34	1.0	0.0	0.0	2.829374138	-1.751971783	0.545609117	3.20441476072	-2.50568262211	2.6286263284	446
34	1.0	0.25	0.0	2.17419475452	-1.89226483133	0.565461457119	2.57863394566	-2.68186812223	2.69906427273	447
34	1.0	0.5	0.0	1.54642880381	-2.01676897089	0.707292299138	1.93045449209	-2.83635596354	2.83136825431	448
34	1.0	0.75	0.0	0.943008636444	-2.12275589801	0.887464940588	1.26976930389	-2.95982560286	2.97478724407	449
34	1.0	1.0	0.0	0.360866603	-2.207497309	1.022342679	0.606471284978	-3.04295649706	3.07857021297	450
35	0.0	0.0	0.0	5.0957725	-1.091637461	1.191328687	5.56883833227	-1.52877835765	2.70252481663	451
35	0.0	0.25	0.0	4.57854092265	-1.2860300442	1.13745105525	5.01027777399	-1.80359997247	2.78889278694	452
35	0.0	0.5	0.0	4.03212856283	-1.45571894068	0.9323633487	4.41428486788	-2.06693221229	2.74537697182	453
35	0.0	0.75	0.0	3.4509385811	-1.60845067782	0.695328418801	3.80446280107	-2.30541359091	2.66196045704	454
35	0.0	1.0	0.0	2.829374138	-1.751971783	0.545609117	3.20441476072	-2.50568262211	2.6286263284	455
35	0.25	0.0	0.0	5.10589361798	-0.585293943825	1.29832688823	5.53607935264	-0.934584834574	2.8288506618	456
35	0.25	0.25	0.0	4.58104999125	-0.739763305372	1.28099490161	4.96559745278	-1.15291961531	2.96142319815	457
35	0.25	0.5	0.0	4.02405464523	-0.863502777125	1.11923875162	4.35510506243	-1.36536787391	2.96795814483	458
35	0.25	0.75	0.0	3.42999869981	-0.968052638734	0.927261198107	3.73401146909	-1.56525438254	2.93221356775	459
35	0.25	1.0	0.0	2.79397327487	-1.06495316985	0.819265000894	3.13172596027	-1.74590391335	2.93794753285	460
35	0.5	0.0	0.0	5.10451787893	-0.0184724300826	1.25408701724	5.5057765321	-0.27077409639	2.76495177071	461
35	0.5	0.25	0.0	4.55345347983	-0.12362907333	1.27221040583	4.90404243738	-0.421857966366	2.92636868926	462
35	0.5	0.5	0.0	3.97036923479	-0.21019967211	1.16167913168	4.27730328456	-0.582970752419	2.97267801222	463
35	0.5	0.75	0.0	3.35372054379	-0.277066213481	1.02666829811	3.64809430163	-0.737950800069	2.97698395961	464
35	0.5	1.0	0.0	2.70196280683	-0.323110684502	0.97135300843	3.03895071661	-0.870636454833	3.01239075146	465
35	0.75	0.0	0.0	5.10516440667	0.538281787701	1.10751786939	5.49035677823	0.376187439237	2.56329916124	466
35	0.75	0.25	0.0	4.52352104743	0.485483765937	1.1556995036	4.86131351257	0.300450589961	2.73545989152	467
35	0.75	0.5	0.0	3.90779721101	0.442496043936	1.09314885862	4.22170308374	0.196471730008	2.80490930359	468
35	0.75	0.75	0.0	3.26751675384	0.418924945604	1.01455930387	3.58498747626	0.0929567331752	2.8361085994	469
35	0.75	1.0	0.0	2.61220353237	0.424376794847	1.01462420875	2.96462867466	0.0186114732605	2.89351898088	470
35	1.0	0.0	0.0	5.121352325	1.014423417	0.90752824	5.50224699862	0.919833354639	2.27636385125	471
35	1.0	0.25	0.0	4.51902235309	1.01068632644	0.976064130617	4.87311146313	0.924871669288	2.44042743617	472
35	1.0	0.5	0.0	3.87306345339	1.03289004058	0.947112302228	4.22912800944	0.889172151216	2.51002474855	473
35	1.0	0.75	0.0	3.21679997075	1.07433718618	0.911943800476	3.58296717051	0.843927793879	2.54942445389	474
35	1.0	1.0	0.0	2.58355625	1.12833039	0.961829671	2.94729947934	0.820331590733	2.62289521772	475
36	0.0	0.0	0.0	2.829374138	-1.751971783	0.545609117	3.20441476072	-2.50568262211	2.6286263284	476
36	0.0	0.25	0.0	2.17419475452	-1.89226483133	0.565461457119	2.57863394566	-2.68186812223	2.69906427273	477
36	0.0	0.5	0.0	1.54642880381	-2.01676897089	0.707292299138	1.93045449209	-2.83635596354	2.83136825431	478
36	0.0	0.75	0.0	0.943008636444	-2.12275589801	0.887464940588	1.26976930389	-2.95982560286	2.97478724407	479
36	0.0	1.0	0.0	0.360866603	-2.207497309	1.022342679	0.606471284978	-3.04295649706	3.07857021297	480
36	0.25	0.0	0.0	2.79397327487	-1.06495316985	0.819265000894	3.13172596027	-1.74590391335	2.93794753285	481
36	0.25	0.25	0.0	2.14858438246	-1.14831478567	0.878721336948	2.52879333338	-1.88591322672	3.04411392418	482
36	0.25	0.5	0.0	1.53868512905	-1.20560470703	1.06159552113	1.90412838363	-1.97298999284	3.21545791535	483
36	0.25	0.75	0.0	0.959480540734	-1.25370847083	1.28185598371	1.26720526683	-2.03157300531	3.39367597961	484
36	0.25	1.0	0.0	0.406175643636	-1.30951161399	1.45347115495	0.627498138781	-2.08610105771	3.52046459024	485
36	0.5	0.0	0.0	2.70196280683	-0.323110684502	0.97135300843	3.03895071661	-0.870636454833	3.01239075146	486
36	0.5	0.25	0.0	2.1002903178	-0.343394514247	1.09172680875	2.47021582298	-0.939800138116	3.14710790398	487
36	0.5	0.5	0.0	1.54632428517	-0.341130079371	1.35165079596	1.88357548656	-0.944360676039	3.36128276804	488
36	0.5	0.75	0.0	1.02069983515	-0.343662485144	1.63880917497	1.28479512381	-0.933859246729	3.58005781399	489
36	0.5	1.0	0.0	0.504052093977	-0.378336836838	1.84088615072	0.679640151183	-0.957837028316	3.7285755122	490
36	0.75	0.0	0.0	2.61220353237	0.424376794847	1.01462420875	2.96462867466	0.0186114732605	2.89351898088	491
36	0.75	0.25	0.0	2.06356580523	0.459467440312	1.18463956995	2.42028663284	0.0208455272471	3.03987390646	492
36	0.75	0.5	0.0	1.56109423994	0.509051346713	1.49099017174	1.85908684582	0.0835340771459	3.26541247745	493
36	0.75	0.75	0.0	1.07832882473	0.539202907965	1.80672943281	1.28725331769	0.144156731576	3.49090965143	494
36	0.75	1.0	0.0	0.588809547829	0.515996517982	2.00491077188	0.711010052494	0.140193099156	3.63714038598	495
36	1.0	0.0	0.0	2.58355625	1.12833039	0.961829671	2.94729947934	0.820331590733	2.62289521772	496
36	1.0	0.25	0.0	2.07266408945	1.19724253537	1.13762131802	2.39639098132	0.860398153056	2.75423962597	497
36	1.0	0.5	0.0	1.57474296114	1.27733600585	1.39314569661	1.82095350635	0.944696357004	2.92441670867	498
36	1.0	0.75	0.0	1.08402981451	1.32670855741	1.63402167565	1.2392942913	1.01331598831	3.08320839616	499
36	1.0	1.0	0.0	0.594761599	1.303457946	1.765868124	0.669720573023	1.00634683273	3.18039661872	500
41	0.0	0.0	0.0	5.121352325	1.014423417	0.90752824	5.50224699862	0.919833354639	2.27636385125	501
41	0.0	0.25	0.0	4.51902235309	1.01068632644	0.976064130617	4.87311146313	0.924871669288	2.44042743617	502
41	0.0	0.5	0.0	3.87306345339	1.03289004058	0.947112302228	4.22912800944	0.889172151216	2.51002474855	503
41	0.0	0.75	0.0	3.21679997075	1.07433718618	0.911943800476	3.58296717051	0.843927793879	2.54942445389	504
41	0.0	1.0	0.0	2.58355625	1.12833039	0.961829671	2.94729947934	0.820331590733	2.62289521772	505
41	0.25	0.0	0.0	5.14035512175	1.21640069462	0.785963674467	5.51937808024	1.13915701958	2.09102314308	506
41	0.25	0.25	0.0	4.5294331181	1.22775776703	0.862175249099	4.89543367609	1.17627123262	2.24882413115	507
41	0.25	0.5	0.0	3.87300547247	1.27707266508	0.851367485627	4.25392235131	1.1599366654	2.32100192108	508
41	0.25	0.75	0.0	3.21405325102	1.34491679811	0.833430986267	3.60472709408	1.12352144874	2.36467448544	509
41	0.25	1.0	0.0	2.59555751991	1.41186157543	0.888256353237	2.95773089262	1.10039371344	2.43695979682	510
41	0.5	0.0	0.0	5.16537240226	1.42770242501	0.624342633983	5.54045311882	1.36053656672	1.84217588978	511
41	0.5	0.25	0.0	4.54064152028	1.45136609741	0.70614788596	4.91652080313	1.42736004331	1.99076268941	512
41	0.5	0.5	0.0	3.87586894616	1.52861913456	0.720015789701	4.27994380616	1.42247724176	2.06942535061	513
41	0.5	0.75	0.0	3.21749350697	1.6234119984	0.720564321312	3.63084861817	1.38188632748	2.11880428175	514
41	0.5	1.0	0.0	2.61195402981	1.69969515087	0.762411456899	2.96936172944	1.34158546588	2.17953989122	515
41	0.75	0.0	0.0	5.18681425239	1.6125669719	0.443467249258	5.56004062915	1.55385473079	1.56960756535	516
41	0.75	0.25	0.0	4.54724887112	1.64720805001	0.524085427336	4.93557796162	1.64879000149	1.70212138594	517
41	0.75	0.5	0.0	3.87730567047	1.75991567859	0.560079080938	4.30341161245	1.65529930354	1.78340857774	518
41	0.75	0.75	0.0	3.22296442444	1.89047239826	0.578417716225	3.65521666655	1.60991790723	1.83690437906	519
41	0.75	1.0	0.0	2.63020490706	1.97866074962	0.606070839361	2.98266820881	1.54918108286	1.88604402821	520
41	1.0	0.0	0.0	5.195090758	1.735232699	0.264139651	5.57270912602	1.68899424651	1.31310364374	521
41	1.0	0.25	0.0	4.5438564821	1.78098035724	0.332091259364	4.95181026894	1.81121300731	1.41877849573	522
41	1.0	0.5	0.0	3.87296744142	1.94334852675	0.378579225823	4.32054500865	1.83690827401	1.49106514306	523
41	1.0	0.75	0.0	3.22630968928	2.12674760888	0.41206508162	3.67171616298	1.79851166513	1.54406531357	524
41	1.0	1.0	0.0	2.647769279	2.235588005	0.441010358	2.99812654976	1.72845479921	1.5918807351	525
42	0.0	0.0	0.0	2.58355625	1.12833039	0.961829671	2.94729947934	0.820331590733	2.62289521772	526
42	0.0	0.25	0.0	2.07266408945	1.19724253537	1.13762131802	2.39639098132	0.860398153056	2.75423962597	527
42	0.0	0.5	0.0	1.57474296114	1.27733600585	1.39314569661	1.82095350635	0.944696357004	2.92441670867	528
42	0.0	0.75	0.0	1.08402981451	1.32670855741	1.63402167565	1.2392942913	1.01331598831	3.08320839616	529
42	0.0	1.0	0.0	0.594761599	1.303457946	1.765868124	0.669720573023	1.00634683273	3.18039661872	530
42	0.25	0.0	0.0	2.59555751991	1.41186157543	0.888256353237	2.95773089262	1.10039371344	2.43695979682	531
42	0.25	0.25	0.0	2.0863515387	1.46943820192	1.04126695017	2.38570130667	1.12033643782	2.55118357071	532
42	0.25	0.5	0.0	1.56944876937	1.5215706038	1.25126947201	1.79062560184	1.16475927125	2.68956813343	533
42	0.25	0.75	0.0	1.0537894643	1.54194453748	1.44583386215	1.19241375084	1.19487029252	2.81629959684	534
42	0.25	1.0	0.0	0.548313875843	1.50424575939	1.55253006396	0.610975726391	1.17187758046	2.89556407275	535
42	0.5	0.0	0.0	2.61195402981	1.69969515087	0.762411456899	2.96936172944	1.34158546588	2.17953989122	536
42	0.5	0.25	0.0	2.09343360179	1.73346730856	0.872449540879	2.36400826581	1.32287719373	2.26301796763	537
42	0.5	0.5	0.0	1.54796991283	1.73764003018	1.02943305632	1.7421071884	1.31028203296	2.36137060279	538
42	0.5	0.75	0.0	0.997619656121	1.71139544255	1.18132736042	1.12098494148	1.29065202913	2.45430008393	539
42	0.5	1.0	0.0	0.464439524897	1.65391567251	1.27609781038	0.517967969296	1.25083922785	2.52150869827	540
42	0.75	0.0	0.0	2.63020490706	1.97866074962	0.606070839361	2.98266820881	1.54918108286	1.88604402821	541
42	0.75	0.25	0.0	2.09979248546	1.98488373229	0.674378009164	2.344849499	1.48975560252	1.94118586885	542
42	0.75	0.5	0.0	1.52307413584	1.93609099093	0.78357880641	1.69250544654	1.42108525946	2.00397362246	543
42	0.75	0.75	0.0	0.935255818261	1.85818662841	0.899115287256	1.04496623674	1.35242421663	2.0673158054	544
42	0.75	1.0	0.0	0.371543492752	1.77707474762	0.986429507862	0.42156205488	1.29302663697	2.12412093404	545
42	1.0	0.0	0.0	2.647769279	2.235588005	0.441010358	2.99812654976	1.72845479921	1.5918807351	546
42	1.0	0.25	0.0	2.1113103964	2.2192413501	0.490261274032	2.34176264652	1.6427068459	1.63713032649	547
42	1.0	0.5	0.0	1.50752918277	2.12747019196	0.569649079166	1.65892755678	1.53698956808	1.68152669815	548
42	1.0	0.75	0.0	0.886433379015	2.00544345084	0.657810759466	0.984316010161	1.43194987349	1.72545270923	549
42	1.0	1.0	0.0	0.298030726	1.898330047	0.733383301	0.352622736283	1.34823466986	1.76929121886	550
43	0.0	0.0	0.0	5.195090758	1.735232699	0.264139651	5.57270912602	1.68899424651	1.31310364374	551
43	0.0	0.25	0.0	4.5438564821	1.78098035724	0.332091259364	4.95181026894	1.81121300731	1.41877849573	552
43	0.0	0.5	0.0	3.87296744142	1.94334852675	0.378579225823	4.32054500865	1.83690827401	1.49106514306	553
43	0.0	0.75	0.0	3.22630968928	2.12674760888	0.41206508162	3.67171616298	1.79851166513	1.54406531357	554
43	0.0	1.0	0.0	2.647769279	2.235588005	0.441010358	2.99812654976	1.72845479921	1.5918807351	555
43	0.25	0.0	0.0	5.18005024801	1.7849179999	0.0655124640045	5.57131398612	1.76143103995	1.04347597537	556
43	0.25	0.25	0.0	4.51730576464	1.85390515251	0.111847777948	4.95528343363	1.92085308807	1.11140964837	557
43	0.25	0.5	0.0	3.85465294308	2.08362612199	0.151130070446	4.32920031961	1.98267315342	1.16306112518	558
43	0.25	0.75	0.0	3.22320788387	2.33885170939	0.187670683205	3.68367186926	1.96973604557	1.20906090779	559
43	0.25	1.0	0.0	2.65408668754	2.48435271578	0.225780957935	3.00930530776	1.90488657412	1.26003949818	560
43	0.5	0.0	0.0	5.14826930497	1.79469504552	-0.179544754793	5.5603375331	1.80336569509	0.715377027578	561
43	0.5	0.25	0.0	4.47187238527	1.89533167155	-0.153984693798	4.94639371034	2.00653053063	0.744833748105	562
43	0.5	0.5	0.0	3.82452827191	2.18856003617	-0.126936677785	4.33295977134	2.10943381211	0.783165305433	563
43	0.5	0.75	0.0	3.21368568898	2.51110931944	-0.0941311653058	3.69676265665	2.12568366868	0.829602552689	564
43	0.5	1.0	0.0	2.64679336052	2.69970870144	-0.0512986149116	3.01452930682	2.06888822948	0.883376343	565
43	0.75	0.0	0.0	5.1155010797	1.78129706414	-0.431026406194	5.55055455089	1.82375221259	0.383588829065	566
43	0.75	0.25	0.0	4.42976048112	1.91055690787	-0.424867535894	4.93745570055	2.06132519488	0.375840993159	567
43	0.75	0.5	0.0	3.79502521041	2.25038854101	-0.415720930982	4.3350763997	2.20180574452	0.398846342495	568
43	0.75	0.75	0.0	3.20121524129	2.62241444603	-0.393875511015	3.70881429403	2.24724671567	0.442597991195	569
43	0.75	1.0	0.0	2.63825054749	2.84825710539	-0.349620195552	3.02406702928	2.19970096249	0.49708905338	570
43	1.0	0.0	0.0	5.097498723	1.761457284	-0.648926891	5.55273982338	1.83154459309	0.102893408525	571
43	1.0	0.25	0.0	4.41317418932	1.904877855	-0.660262128358	4.94078400573	2.07831694072	0.0612215817501	572
43	1.0	0.5	0.0	3.77857554107	2.26134990826	-0.675322601256	4.33880324055	2.2444044451	0.0575728950525	573
43	1.0	0.75	0.0	3.18926867754	2.65166109614	-0.672097401026	3.7176525503	2.31531736778	0.0849549662423	574
43	1.0	1.0	0.0	2.640819498	2.896599071	-0.628575619	3.04818695745	2.27656597035	0.136375413129	575
44	0.0	0.0	0.0	2.647769279	2.235588005	0.441010358	2.99812654976	1.72845479921	1.5918807351	576
44	0.0	0.25	0.0	2.1113103964	2.2192413501	0.490261274032	2.34176264652	1.6427068459	1.63713032649	577
44	0.0	0.5	0.0	1.50752918277	2.12747019196	0.569649079166	1.65892755678	1.53698956808	1.68152669815	578
44	0.0	0.75	0.0	0.886433379015	2.00544345084	0.657810759466	0.984316010161	1.43194987349	1.72545270923	579
44	0.0	1.0	0.0	0.298030726	1.898330047	0.733383301	0.352622736283	1.34823466986	1.76929121886	580
44	0.25	0.0	0.0	2.65408668754	2.48435271578	0.225780957935	3.00930530776	1.90488657412	1.26003949818	581
44	0.25	0.25	0.0	2.11652635878	2.45561389745	0.279383010606	2.34392802522	1.80413590854	1.31166686171	582
44	0.25	0.5	0.0	1.50551178577	2.32726337489	0.354356176409	1.6458029807	1.67300541651	1.36004144792	583
44	0.25	0.75	0.0	0.872104705865	2.16138756484	0.432897365145	0.958415116414	1.53931204501	1.40226129417	584
44	0.25	1.0	0.0	0.267366856404	2.02007288402	0.497203486615	0.325249374586	1.43087274099	1.43542443782	585
44	0.5	0.0	0.0	2.64679336052	2.69970870144	-0.0512986149116	3.01452930682	2.06888822948	0.883376343	586
44	0.5	0.25	0.0	2.10761225283	2.67264444486	0.00762086494067	2.33838771687	1.95715126015	0.93342481902	587
44	0.5	0.5	0.0	1.5072493109	2.5189140105	0.082429248874	1.63989607892	1.80677029497	0.976495157389	588
44	0.5	0.75	0.0	0.880701362837	2.31428417322	0.155591272404	0.954379262347	1.65098528418	1.00917189062	589
44	0.5	1.0	0.0	0.262965236787	2.13452170787	0.209571671046	0.317162136541	1.52303617801	1.02803955123	590
44	0.75	0.0	0.0	2.63825054749	2.84825710539	-0.349620195552	3.02406702928	2.19970096249	0.49708905338	591
44	0.75	0.25	0.0	2.10209079845	2.82863047872	-0.280936213741	2.3430111703	2.07983967961	0.545354803537	592
44	0.75	0.5	0.0	1.51561047843	2.65684984835	-0.197073210416	1.64671280992	1.91531069144	0.584153611681	593
44	0.75	0.75	0.0	0.89917068464	2.41965494791	-0.120158297094	0.963366995601	1.74236646964	0.609707302459	594
44	0.75	1.0	0.0	0.273132514277	2.20378551103	-0.072318585296	0.321168774809	1.5972594859	0.618237700519	595
44	1.0	0.0	0.0	2.640819498	2.896599071	-0.628575619	3.04818695745	2.27656597035	0.136375413129	596
44	1.0	0.25	0.0	2.11748471549	2.88186948543	-0.542199276218	2.37566783431	2.1502879458	0.190407420394	597
44	1.0	0.5	0.0	1.53346400865	2.69549863803	-0.435092708437	1.67175913217	1.97565309388	0.236282595924	598
44	1.0	0.75	0.0	0.914460005984	2.43302156087	-0.340402121687	0.976536863823	1.78885248002	0.267390333547	599
44	1.0	1.0	0.0	0.286175336	2.189973286	-0.291273722	0.330077042048	1.62607716965	0.27712002709	600
49	0.0	0.0	0.0	6.817538404	0.4880699	-0.799999989	7.42952207016	0.157307926669	0.0932894095119	601
49	0.0	0.25	0.0	6.65046046593	1.02337732224	-0.77604958654	7.22437494131	0.849865367197	0.114254763967	602
49	0.0	0.5	0.0	6.25210473247	1.43029674317	-0.723542901805	6.74950867605	1.29638713511	0.133500142442	603
49	0.0	0.75	0.0	5.70645591452	1.68444958852	-0.671496486167	6.14545354615	1.59192846541	0.135041154205	604
49	0.0	1.0	0.0	5.097498723	1.761457284	-0.648926891	5.55273982338	1.83154459309	0.102893408525	605
49	0.25	0.0	0.0	6.81797227603	0.487369770836	-0.811046412191	7.42920053779	0.161935704183	0.0832742418707	606
49	0.25	0.25	0.0	6.64836929298	1.01726869393	-0.854131131815	7.22492633677	0.836436286417	0.024179026813	607
49	0.25	0.5	0.0	6.24499516843	1.41850422097	-0.85205191077	6.75234954112	1.28627984771	-0.0174519718339	608
49	0.25	0.75	0.0	5.695564685	1.67108913989	-0.831534998587	6.15140140765	1.59213228026	-0.0582282980245	609
49	0.25	1.0	0.0	5.0877926253	1.75503623861	-0.819306644798	5.5620131932	1.83465947626	-0.114759495713	610
49	0.5	0.0	0.0	6.8189267945	0.485295087442	-0.821900041845	7.42849316658	0.171582415483	0.0746893744247	611
49	0.5	0.25	0.0	6.64761951446	1.00449320245	-0.93745186852	7.22630955537	0.816056714713	-0.0745931808934	612
49	0.5	0.5	0.0	6.24001413076	1.39935387354	-0.998043649637	6.75815149619	1.26153863038	-0.192303455236	613
49	0.5	0.75	0.0	5.68485614865	1.65373743349	-1.01933380701	6.16087897125	1.57717930094	-0.288605048692	614
49	0.5	1.0	0.0	5.07089107337	1.75150421506	-1.01698076246	5.57135196282	1.83212986485	-0.37366156135	615
49	0.75	0.0	0.0	6.81988131297	0.481884410327	-0.832410647827	7.42778579537	0.179893133061	0.0664475306513	616
49	0.75	0.25	0.0	6.64492602065	0.983957869246	-1.01989293495	7.22755233855	0.787561416518	-0.176521374954	617
49	0.75	0.5	0.0	6.2297922528	1.36869773541	-1.14308799653	6.76359353621	1.22538241887	-0.370442062556	618
49	0.75	0.75	0.0	5.66790569823	1.62305658519	-1.20444854347	6.16984926572	1.54961423946	-0.520303774423	619
49	0.75	1.0	0.0	5.05269204575	1.73398699498	-1.20642728665	5.58025940446	1.81651497761	-0.631095752821	620
49	1.0	0.0	0.0	6.820315185	0.4771763	-0.842428	7.427464263	0.180512929413	0.0574614340278	621
49	1.0	0.25	0.0	6.63700370185	0.954569715755	-1.09533546939	7.22768242772	0.749785156268	-0.276065071168	622
49	1.0	0.5	0.0	6.20696016788	1.3223878411	-1.26875482959	6.76535465615	1.18103014897	-0.531255548589	623
49	1.0	0.75	0.0	5.63828872647	1.56970871089	-1.35643483999	6.17427531982	1.51198180785	-0.717539151848	624
49	1.0	1.0	0.0	5.039093521	1.68561036	-1.35212426	5.5882387903	1.78037403327	-0.844345034562	625
50	0.0	0.0	0.0	6.820315185	0.4771763	-0.842428	7.427464263	0.180512929413	0.0574614340278	626
50	0.0	0.25	0.0	6.63700370185	0.954569715755	-1.09533546939	7.22768242772	0.749785156268	-0.276065071168	627
50	0.0	0.5	0.0	6.20696016788	1.3223878411	-1.26875482959	6.76535465615	1.18103014897	-0.531255548589	628
50	0.0	0.75	0.0	5.63828872647	1.56970871089	-1.35643483999	6.17427531982	1.51198180785	-0.717539151848	629
50	0.0	1.0	0.0	5.039093521	1.68561036	-1.35212426	5.5882387903	1.78037403327	-0.844345034562	630
50	0.25	0.0	0.0	6.81792892625	0.470343644876	-0.853156756685	7.42833187617	0.173095245644	0.0432519284394	631
50	0.25	0.25	0.0	6.62577319445	0.907287816449	-1.16848313292	7.22809642341	0.692344913212	-0.375250724558	632
50	0.25	0.5	0.0	6.17924103755	1.24279050331	-1.38076815204	6.76529376739	1.1052002126	-0.686180531506	633
50	0.25	0.75	0.0	5.60115152765	1.4685195872	-1.48445562728	6.17469597589	1.43031776458	-0.906967459421	634
50	0.25	1.0	0.0	5.01432373687	1.57614294981	-1.47398937185	5.59107511668	1.68635418996	-1.05504147531	635
50	0.5	0.0	0.0	6.812679157	0.462397082291	-0.862408932291	7.43024062515	0.163861620039	0.0263421052463	636
50	0.5	0.25	0.0	6.61649823298	0.84690280361	-1.22935693915	7.23008751891	0.623692169509	-0.454080427025	637
50	0.5	0.5	0.0	6.15996247273	1.13664661994	-1.47425395519	6.76689153632	0.998633208026	-0.825922290627	638
50	0.5	0.75	0.0	5.56906830918	1.32798608167	-1.59602689486	6.17453359673	1.29836890804	-1.10046720075	639
50	0.5	1.0	0.0	4.96981217523	1.41727873922	-1.59360267261	5.58689461951	1.53258344201	-1.28899887258	640
50	0.75	0.0	0.0	6.80742938775	0.45315305356	-0.870363641751	7.43214937413	0.153330528288	0.0107297481986	641
50	0.75	0.25	0.0	6.60879572542	0.778433770896	-1.28007006822	7.23235170679	0.548460589716	-0.517696844811	642
50	0.75	0.5	0.0	6.14450238543	1.01939545448	-1.54934343516	6.76901017409	0.879470614114	-0.947297077359	643
50	0.75	0.75	0.0	5.53996477678	1.1746173081	-1.68600078966	6.17420591845	1.14811419385	-1.27837870648	644
50	0.75	1.0	0.0	4.92059830847	1.24267853552	-1.69785917882	5.58002008232	1.35614492128	-1.51124948921	645
50	1.0	0.0	0.0	6.805043129	0.442428	-0.8772	7.4330169873	0.142020446083	0.00041264104639	646
50	1.0	0.25	0.0	6.60228257977	0.706899811967	-1.32273570027	7.23358497962	0.471283838389	-0.571242644153	647
50	1.0	0.5	0.0	6.12823868763	0.906476270466	-1.6061677881	6.77051189185	0.765853909719	-1.04712114311	648
50	1.0	0.75	0.0	5.51176663618	1.03492238023	-1.74922945863	6.17413067714	1.01153257762	-1.42104230728	649
50	1.0	1.0	0.0	4.881721609	1.086003146	-1.773653907	5.57477428861	1.19412175964	-1.68682558809	650
53	0.0	0.0	0.0	6.805043129	0.442428	-0.8772	7.4330169873	0.142020446083	0.00041264104639	651
53	0.0	0.25	0.0	6.60228257977	0.706899811967	-1.32273570027	7.23358497962	0.471283838389	-0.571242644153	652
53	0.0	0.5	0.0	6.12823868763	0.906476270466	-1.6061677881	6.77051189185	0.765853909719	-1.04712114311	653
53	0.0	0.75	0.0	5.51176663618	1.03492238023	-1.74922945863	6.17413067714	1.01153257762	-1.42104230728	654
53	0.0	1.0	0.0	4.881721609	1.086003146	-1.773653907	5.57477428861	1.19412175964	-1.68682558809	655
53	0.25	0.0	0.0	6.79709995338	0.421774416054	-0.886449755741	7.43205887383	0.118142711952	-0.00770345410392	656
53	0.25	0.25	0.0	6.58261614438	0.549348618227	-1.39314382432	7.23338057818	0.299797322024	-0.672942966786	657
53	0.25	0.5	0.0	6.08541614835	0.62488596218	-1.70469420316	6.77216599068	0.467688573857	-1.24187553854	658
53	0.25	0.75	0.0	5.44963224477	0.65123258219	-1.87191831181	6.17540069352	0.601758684233	-1.7008706468	659
53	0.25	1.0	0.0	4.81939671313	0.631234612536	-1.94563356981	5.57007026892	0.681949869931	-2.03629776901	660
53	0.5	0.0	0.0	6.779624967	0.402824978651	-0.889905220605	7.42995102418	0.0921001441427	-0.00866486566878	661
53	0.5	0.25	0.0	6.56161151257	0.384903506079	-1.43759042238	7.23211123913	0.111310883943	-0.74192454467	662
53	0.5	0.5	0.0	6.05866795636	0.311986527665	-1.77356105039	6.77397256508	0.101118775304	-1.36842427139	663
53	0.5	0.75	0.0	5.41834534731	0.204933854228	-1.97296174214	6.17951186206	0.0685275190502	-1.88185378422	664
53	0.5	1.0	0.0	4.78819473437	0.0846052965857	-2.11093713512	5.57270599008	0.0205408160058	-2.27590282152	665
53	0.75	0.0	0.0	6.76214998062	0.383695451923	-0.887630075166	7.42784317454	0.0658774870078	-0.00389566693138	666
53	0.75	0.25	0.0	6.54597979183	0.214802876059	-1.44674384465	7.23162484107	-0.0875211834656	-0.76248524891	667
53	0.75	0.5	0.0	6.0481995823	-0.00551223266612	-1.79802892633	6.77843410881	-0.286264252104	-1.40895121885	668
53	0.75	0.75	0.0	5.41210165057	-0.245337814867	-2.02810030836	6.18866414324	-0.493622145356	-1.94495008708	669
53	0.75	1.0	0.0	4.78097829517	-0.472761811157	-2.22357297887	5.58270810984	-0.67286528967	-2.37213836392	670
53	1.0	0.0	0.0	6.754206805	0.3625016	-0.879688	7.42688506107	0.0414594849005	0.00518006882506	671
53	1.0	0.25	0.0	6.54243208964	0.0402851287075	-1.41127244134	7.23376926262	-0.290044587817	-0.718922950614	672
53	1.0	0.5	0.0	6.05421649679	-0.300900518401	-1.76335842753	6.7880531156	-0.646869274531	-1.3456402581	673
53	1.0	0.75	0.0	5.42509686129	-0.640946436309	-2.0130745692	6.20505749753	-0.990151536412	-1.87111792297	674
53	1.0	1.0	0.0	4.790610018	-0.95974372	-2.237549477	5.60010328594	-1.28102833463	-2.29150201455	675
54	0.0	0.0	0.0	6.754206805	0.3625016	-0.879688	7.42688506107	0.0414594849005	0.00518006882506	676
54	0.0	0.25	0.0	6.54243208964	0.0402851287075	-1.41127244134	7.23376926262	-0.290044587817	-0.718922950614	677
54	0.0	0.5	0.0	6.05421649679	-0.300900518401	-1.76335842753	6.7880531156	-0.646869274531	-1.3456402581	678
54	0.0	0.75	0.0	5.42509686129	-0.640946436309	-2.0130745692	6.20505749753	-0.990151536412	-1.87111792297	679
54	0.0	1.0	0.0	4.790610018	-0.95974372	-2.237549477	5.60010328594	-1.28102833463	-2.29150201455	680
54	0.25	0.0	0.0	6.7588953225	0.341223720947	-0.865870124398	7.42930513054	0.020919927582	0.0218294948174	681
54	0.25	0.25	0.0	6.55910176997	-0.145068518995	-1.31999056815	7.24493958047	-0.509567498155	-0.592134091457	682
54	0.25	0.5	0.0	6.09815933811	-0.609224786425	-1.63148339393	6.81894288578	-1.01750402104	-1.12198582837	683
54	0.25	0.75	0.0	5.49616523677	-1.04664605273	-1.85983462452	6.25440485099	-1.48108448772	-1.56354572858	684
54	0.25	1.0	0.0	4.87321667579	-1.45273328931	-2.06453028268	5.65441528063	-1.87850374483	-1.91263380476	685
54	0.5	0.0	0.0	6.769210061	0.32532599994	-0.84738953729	7.43462928337	0.00664651439262	0.0465394927851	686
54	0.5	0.25	0.0	6.58970977487	-0.312407979573	-1.18020842684	7.26370824496	-0.714248352473	-0.397624279043	687
54	0.5	0.5	0.0	6.17649881695	-0.908152323059	-1.40339905343	6.86834418351	-1.37412965614	-0.755913347796	688
54	0.5	0.75	0.0	5.62619941037	-1.45529439138	-1.564650643	6.33332305209	-1.96021192525	-1.04216255243	689
54	0.5	1.0	0.0	5.03543377827	-1.94722154538	-1.71165242148	5.74343080376	-2.45970968844	-1.27020673192	690
54	0.75	0.0	0.0	6.7795247995	0.315373203964	-0.825136183537	7.43995343619	-0.00168197376692	0.0750222573981	691
54	0.75	0.25	0.0	6.62036875235	-0.433510758001	-1.00225796239	7.28107085084	-0.860003278713	-0.159913651631	692
54	0.75	0.5	0.0	6.25503119143	-1.13353956004	-1.11235961642	6.91322250237	-1.63737324037	-0.32020331318	693
54	0.75	0.75	0.0	5.75685911564	-1.77057572101	-1.18892173194	6.40475863025	-2.3210873494	-0.433306587033	694
54	0.75	1.0	0.0	5.19919952387	-2.33048175976	-1.26542489529	5.82402947395	-2.89844109647	-0.526683332974	695
54	1.0	0.0	0.0	6.784213317	0.3119301	-0.800000008	7.44237350566	-0.00438675599599	0.102989983326	696
54	1.0	0.25	0.0	6.6371913504	-0.480154359253	-0.796471119821	7.28802299283	-0.902748404813	0.0964776525223	697
54	1.0	0.5	0.0	6.29955271967	-1.22124292911	-0.791619293285	6.93054333591	-1.72786183426	0.112363778694	698
54	1.0	0.75	0.0	5.82980408611	-1.89617431041	-0.794046998606	6.4316581149	-2.45726426056	0.136683975122	699
54	1.0	1.0	0.0	5.286452111	-2.489787204	-0.812356706	5.85309090979	-3.06849289992	0.155473855088	700
57	0.0	0.0	0.0	6.784213317	0.3119301	-0.800000008	7.44237350566	-0.00438675599599	0.102989983326	701
57	0.0	0.25	0.0	6.6371913504	-0.480154359253	-0.796471119821	7.28802299283	-0.902748404813	0.0964776525223	702
57	0.0	0.5	0.0	6.29955271967	-1.22124292911	-0.791619293285	6.93054333591	-1.72786183426	0.112363778694	703
57	0.0	0.75	0.0	5.82980408611	-1.89617431041	-0.794046998606	6.4316581149	-2.45726426056	0.136683975122	704
57	0.0	1.0	0.0	5.286452111	-2.489787204	-0.812356706	5.85309090979	-3.06849289992	0.155473855088	705
57	0.25	0.0	0.0	6.790282297	0.31521467194	-0.774412815906	7.44196927802	-0.00278657799975	0.135770046885	706
57	0.25	0.25	0.0	6.64322689052	-0.447648836398	-0.566027734044	7.28432674793	-0.85308387196	0.375270135085	707
57	0.25	0.5	0.0	6.30334249363	-1.16177956134	-0.41024555578	6.91761223366	-1.64446906451	0.587221229607	708
57	0.25	0.75	0.0	5.82604208627	-1.81041624802	-0.310965310413	6.40463559525	-2.34938855892	0.759334260532	709
57	0.25	1.0	0.0	5.26673864837	-2.37679764155	-0.272086027245	5.80820669278	-2.9402887585	0.879320157942	710
57	0.5	0.0	0.0	6.803634053	0.324903252551	-0.75234218839	7.4410799772	0.00319633593616	0.173664991623	711
57	0.5	0.25	0.0	6.64888993275	-0.353954866314	-0.347971450481	7.2769545872	-0.748022839931	0.644220526924	712
57	0.5	0.5	0.0	6.28855709464	-0.99720757756	-0.0160522597454	6.89203765878	-1.44724482691	1.07187192182	713
57	0.5	0.75	0.0	5.78288553315	-1.57587794965	0.214270437903	6.35191876483	-2.07341085879	1.41337144844	714
57	0.5	1.0	0.0	5.19212524279	-2.06098905103	0.31385169655	5.72218747823	-2.60546216932	1.62547137892	715
57	0.75	0.0	0.0	6.816985809	0.340748131887	-0.734178468679	7.44019067638	0.0153355485967	0.207653028556	716
57	0.75	0.25	0.0	6.65335346578	-0.20431772922	-0.164630420244	7.26726414878	-0.580451563279	0.872851108647	717
57	0.75	0.5	0.0	6.27041286577	-0.739289411284	0.32580966619	6.85969545806	-1.14565976196	1.48822135797	718
57	0.75	0.75	0.0	5.73576362727	-1.22193988004	0.679201944189	6.28996591617	-1.66350976998	1.97974083004	719
57	0.75	1.0	0.0	5.11700536857	-1.61004210124	0.837606567319	5.63055683507	-2.11722230988	2.27338657836	720
57	1.0	0.0	0.0	6.823054789	0.3625016	-0.720312	7.43978644874	0.0354046227667	0.2287123687	721
57	1.0	0.25	0.0	6.65579047832	-0.00398270533133	-0.0383327944444	7.25661307082	-0.343256296555	1.03068416086	722
57	1.0	0.5	0.0	6.26412615013	-0.399787496037	0.550189293399	6.82646147828	-0.749184510124	1.75817504069	723
57	1.0	0.75	0.0	5.72010556913	-0.777982503975	0.981370906293	6.23523534185	-1.15386390235	2.3393876965	724
57	1.0	1.0	0.0	5.0957725	-1.091637461	1.191328687	5.56883833227	-1.52877835765	2.70252481663	725
58	0.0	0.0	0.0	6.823054789	0.3625016	-0.720312	7.43978644874	0.0354046227667	0.2287123687	726
58	0.0	0.25	0.0	6.65579047832	-0.00398270533133	-0.0383327944444	7.25661307082	-0.343256296555	1.03068416086	727
58	0.0	0.5	0.0	6.26412615013	-0.399787496037	0.550189293399	6.82646147828	-0.749184510124	1.75817504069	728
58	0.0	0.75	0.0	5.72010556913	-0.777982503975	0.981370906293	6.23523534185	-1.15386390235	2.3393876965	729
58	0.0	1.0	0.0	5.0957725	-1.091637461	1.191328687	5.56883833227	-1.52877835765	2.70252481663	730
58	0.25	0.0	0.0	6.82701370181	0.382547747615	-0.713471955059	7.43927336881	0.0647944587516	0.233286974239	731
58	0.25	0.25	0.0	6.65840861777	0.182677347704	0.000190846798783	7.2488498602	-0.124287554745	1.07673029111	732
58	0.25	0.5	0.0	6.2641959412	-0.071599491425	0.609783383587	6.80310031499	-0.372299764322	1.82898023931	733
58	0.25	0.75	0.0	5.72111212398	-0.340763133894	1.06069796187	6.19963879265	-0.651609685693	2.43227447687	734
58	0.25	1.0	0.0	5.10589361798	-0.585293943825	1.29832688823	5.53607935264	-0.934584834574	2.8288506618	735
58	0.5	0.0	0.0	6.83572331	0.402777493082	-0.711617664489	7.43814459298	0.105580318632	0.230157298122	736
58	0.5	0.25	0.0	6.66325305594	0.369083936505	-0.0210002958097	7.24351087599	0.0825176466	1.04705541078	737
58	0.5	0.5	0.0	6.26021600435	0.267566642695	0.568162944822	6.78677116703	0.00673647372003	1.77894895879	738
58	0.5	0.75	0.0	5.71213124781	0.128342293287	1.00886205123	6.17262615582	-0.113711380459	2.37014529461	739
58	0.5	1.0	0.0	5.10451787893	-0.0184724300826	1.25408701724	5.5057765321	-0.27077409639	2.76495177071	740
58	0.75	0.0	0.0	6.84443291819	0.422850892008	-0.714738466675	7.43701581714	0.146209831972	0.22205252925	741
58	0.75	0.25	0.0	6.66872479551	0.547666131502	-0.0848097212193	7.24011509092	0.277712300889	0.965496655124	742
58	0.75	0.5	0.0	6.25796443699	0.596512827231	0.455823684285	6.77675118252	0.366783764248	1.64161764198	743
58	0.75	0.75	0.0	5.70562119119	0.587386279271	0.866740098325	6.15685483171	0.403062663285	2.19326773047	744
58	0.75	1.0	0.0	5.10516440667	0.538281787701	1.10751786939	5.49035677823	0.376187439237	2.56329916124	745
58	1.0	0.0	0.0	6.848391831	0.442428	-0.7228237	7.43650273722	0.175130628334	0.211701856522	746
58	1.0	0.25	0.0	6.67322483915	0.710853003124	-0.174140928379	7.23818147772	0.461849401532	0.855891159408	747
58	1.0	0.5	0.0	6.26321933653	0.894040983089	0.303261309158	6.77231750963	0.686701667509	1.45052273175	748
58	1.0	0.75	0.0	5.71404020464	0.99442132576	0.675209027117	6.15498222068	0.841944095475	1.94190936516	749
58	1.0	1.0	0.0	5.121352325	1.014423417	0.90752824	5.50224699862	0.919833354639	2.27636385125	750
61	0.0	0.0	0.0	6.848391831	0.442428	-0.7228237	7.43650273722	0.175130628334	0.211701856522	751
61	0.0	0.25	0.0	6.67322483915	0.710853003124	-0.174140928379	7.23818147772	0.461849401532	0.855891159408	752
61	0.0	0.5	0.0	6.26321933653	0.894040983089	0.303261309158	6.77231750963	0.686701667509	1.45052273175	753
61	0.0	0.75	0.0	5.71404020464	0.99442132576	0.675209027117	6.15498222068	0.841944095475	1.94190936516	754
61	0.0	1.0	0.0	5.121352325	1.014423417	0.90752824	5.50224699862	0.919833354639	2.27636385125	755
61	0.25	0.0	0.0	6.84756600459	0.452903740174	-0.729590292215	7.43648352583	0.18003745667	0.200246385959	756
61	0.25	0.25	0.0	6.67551301824	0.791804433327	-0.229947162589	7.23888563402	0.556318927401	0.786759458052	757
61	0.25	0.5	0.0	6.27205374741	1.03462549893	0.212268052316	6.77536030719	0.835735196513	1.32998412647	758
61	0.25	0.75	0.0	5.72954788446	1.17745992377	0.562442586626	6.16312022829	1.02708248643	1.7810341139	759
61	0.25	1.0	0.0	5.14035512175	1.21640069462	0.785963674467	5.51937808024	1.13915701958	2.09102314308	760
61	0.5	0.0	0.0	6.8457491865	0.462274915306	-0.737725084694	7.43644126078	0.177157025757	0.181796061114	761
61	0.5	0.25	0.0	6.67870717757	0.870226005643	-0.294281789977	7.24103864003	0.646101561636	0.703991951465	762
61	0.5	0.5	0.0	6.28568486501	1.17851888019	0.103694799406	6.78278102795	0.983677673739	1.17992118607	763
61	0.5	0.75	0.0	5.75260051713	1.37004664972	0.421478376407	6.17735649679	1.21383834709	1.57188281536	764
61	0.5	1.0	0.0	5.16537240226	1.42770242501	0.624342633983	5.54045311882	1.36053656672	1.84217588978	765
61	0.75	0.0	0.0	6.84393236841	0.470409707785	-0.747096259826	7.43639899574	0.173040212191	0.162109353617	766
61	0.75	0.25	0.0	6.68214601574	0.939299603767	-0.365071182953	7.24301135019	0.72676105473	0.612740881453	767
61	0.75	0.5	0.0	6.29968568454	1.30756290532	-0.0141156073399	6.78961217664	1.11485023923	1.01679513649	768
61	0.75	0.75	0.0	5.77506916627	1.54278892413	0.267990519301	6.19051682099	1.37723803985	1.34538105302	769
61	0.75	1.0	0.0	5.18681425239	1.6125669719	0.443467249258	5.56004062915	1.55385473079	1.56960756535	770
61	1.0	0.0	0.0	6.843106542	0.4771763	-0.757572	7.43637978435	0.174237892568	0.146944735095	771
61	1.0	0.25	0.0	6.68516823137	0.992207111391	-0.440241713928	7.24317461895	0.793861157176	0.518158489824	772
61	1.0	0.5	0.0	6.30962920125	1.40359935275	-0.132820325686	6.79088625802	1.21357403301	0.857067203658	773
61	1.0	0.75	0.0	5.7888248955	1.66629416749	0.117653138149	6.19542699567	1.49230792711	1.13245441037	774
61	1.0	1.0	0.0	5.195090758	1.735232699	0.264139651	5.57270912602	1.68899424651	1.31310364374	775
62	0.0	0.0	0.0	6.843106542	0.4771763	-0.757572	7.43637978435	0.174237892568	0.146944735095	776
62	0.0	0.25	0.0	6.68516823137	0.992207111391	-0.440241713928	7.24317461895	0.793861157176	0.518158489824	777
62	0.0	0.5	0.0	6.30962920125	1.40359935275	-0.132820325686	6.79088625802	1.21357403301	0.857067203658	778
62	0.0	0.75	0.0	5.7888248955	1.66629416749	0.117653138149	6.19542699567	1.49230792711	1.13245441037	779
62	0.0	1.0	0.0	5.195090758	1.735232699	0.264139651	5.57270912602	1.68899424651	1.31310364374	780
62	0.25	0.0	0.0	6.83911152044	0.48244278471	-0.768218680115	7.43530826651	0.175156945106	0.134543783639	781
62	0.25	0.25	0.0	6.68207173012	1.02194331838	-0.51997179309	7.23961231618	0.838946248067	0.420139405845	782
62	0.25	0.5	0.0	6.3066551156	1.45035543789	-0.262996859414	6.78269101765	1.27016948933	0.690791835264	783
62	0.25	0.75	0.0	5.7827013854	1.72043003461	-0.050200050059	6.18607977345	1.55045498219	0.910553286804	784
62	0.25	1.0	0.0	5.18005024801	1.7849179999	0.0655124640045	5.57131398612	1.76143103995	1.04347597537	785
62	0.5	0.0	0.0	6.830322473	0.485791419168	-0.777972510835	7.43295092725	0.168941228786	0.120930555968	786
62	0.5	0.25	0.0	6.67154856342	1.03125144126	-0.602549442988	7.23330082904	0.858099795894	0.319262455216	787
62	0.5	0.5	0.0	6.29080499909	1.45890331405	-0.414343229686	6.76855026481	1.29405796041	0.50324947516	788
62	0.5	0.75	0.0	5.75930687971	1.72722514599	-0.258344717948	6.16784668327	1.5760638757	0.644688653411	789
62	0.5	1.0	0.0	5.14826930497	1.79469504552	-0.179544754793	5.5603375331	1.80336569509	0.715377027578	790
62	0.75	0.0	0.0	6.82153342556	0.487555894042	-0.788133083388	7.430593588	0.161141352883	0.106910586465	791
62	0.75	0.25	0.0	6.65915828933	1.02882995191	-0.687925196509	7.22722631744	0.859135076867	0.216857590426	792
62	0.75	0.5	0.0	6.26998586646	1.44647355716	-0.572608791987	6.75523311308	1.29840774332	0.311724214001	793
62	0.75	0.75	0.0	5.73007913667	1.70809362337	-0.475777863867	6.15091038691	1.58469992948	0.373353584458	794
62	0.75	1.0	0.0	5.1155010797	1.78129706414	-0.431026406194	5.55055455089	1.82375221259	0.383588829065	795
62	1.0	0.0	0.0	6.817538404	0.4880699	-0.799999989	7.42952207016	0.157307926669	0.0932894095119	796
62	1.0	0.25	0.0	6.65046046593	1.02337732224	-0.77604958654	7.22437494131	0.849865367197	0.114254763967	797
62	1.0	0.5	0.0	6.25210473247	1.43029674317	-0.723542901805	6.74950867605	1.29638713511	0.133500142442	798
62	1.0	0.75	0.0	5.70645591452	1.68444958852	-0.671496486167	6.14545354615	1.59192846541	0.135041154205	799
62	1.0	1.0	0.0	5.097498723	1.761457284	-0.648926891	5.55273982338	1.83154459309	0.102893408525	800
