Elem	xi[0]	xi[1]	xi[2]	Y[0]	Y[1]	Y[2]	y[0]	y[1]	y[2]	Index
1	0.0	0.0	0.0	0.286175336	2.189973286	-0.291273722	0.326523676599	1.82409595825	0.494909514034	1
1	0.0	0.25	0.0	-0.20806914714	2.06272602387	-0.289080467095	-0.167022631152	1.72021264512	0.48934412372	2
1	0.0	0.5	0.0	-0.695301118249	1.97602389512	-0.29632619097	-0.672865487921	1.63229676202	0.474920840592	3
1	0.0	0.75	0.0	-1.18241619623	1.88830775081	-0.29699114836	-1.17972218158	1.55149525204	0.460772973925	4
1	0.0	1.0	0.0	-1.67631	1.758018442	-0.275055594	-1.67631	1.46895505827	0.456033833	5
1	0.25	0.0	0.0	0.321687515997	2.06262178045	-0.514775502281	0.363556190469	1.81381234199	0.0773095254438	6
1	0.25	0.25	0.0	-0.182277427138	1.91229534526	-0.525597356885	-0.138885290313	1.69005122537	0.0566308935609	7
1	0.25	0.5	0.0	-0.681311017678	1.81012566903	-0.547696835847	-0.658711763463	1.59537807847	0.0312145830733	8
1	0.25	0.75	0.0	-1.18065615897	1.71742627201	-0.555307781995	-1.17968224585	1.50904190113	0.019259568052	9
1	0.25	1.0	0.0	-1.68555575435	1.59551067447	-0.522664038158	-1.68555575435	1.41029169317	0.0389648225677	10
1	0.5	0.0	0.0	0.381824743113	1.8542079148	-0.761240423262	0.422507400166	1.7752631345	-0.425970204258	11
1	0.5	0.25	0.0	-0.151058843958	1.68246792622	-0.781509897119	-0.100312045373	1.62757162633	-0.465122045887	12
1	0.5	0.5	0.0	-0.670355760303	1.573989145	-0.813470892897	-0.634099956786	1.51401957734	-0.485855306652	13
1	0.5	0.75	0.0	-1.1857569057	1.48669209407	-0.830270988567	-1.17194933475	1.41911002966	-0.481040851506	14
1	0.5	1.0	0.0	-1.70695317992	1.37849729632	-0.805057762099	-1.70695317992	1.32734602544	-0.443549545401	15
1	0.75	0.0	0.0	0.433447910673	1.5909861995	-0.974858447862	0.472584810483	1.68993874237	-0.927833386244	16
1	0.75	0.25	0.0	-0.126461022992	1.41071100347	-1.00075545901	-0.0689448803794	1.51887323002	-0.976723575279	17
1	0.75	0.5	0.0	-0.663961843134	1.29802156124	-1.03575264386	-0.613687918178	1.38437766146	-0.983664653174	18
1	0.75	0.75	0.0	-1.19147326792	1.2097501229	-1.05397666593	-1.16379429815	1.27562598305	-0.962348709461	19
1	0.75	1.0	0.0	-1.72141401553	1.10272893852	-1.02955418874	-1.72141401553	1.18179214118	-0.92646783367	20
1	1.0	0.0	0.0	0.443417912	1.299211145	-1.099819539	0.482995926212	1.53932957223	-1.34118373169	21
1	1.0	0.25	0.0	-0.120531589629	1.13449181374	-1.12727141378	-0.0624257793781	1.35005541847	-1.37898257527	22
1	1.0	0.5	0.0	-0.66365576318	1.01263015594	-1.15664637047	-0.612133497925	1.20260873369	-1.36958928108	23
1	1.0	0.75	0.0	-1.19156007714	0.900245264417	-1.15852071193	-1.16248798596	1.07251610675	-1.34688443052	24
1	1.0	1.0	0.0	-1.70985	0.763956232	-1.103470741	-1.70985	0.935304126511	-1.344748605	25
2	0.0	0.0	0.0	0.443417912	1.299211145	-1.099819539	0.482995926212	1.53932957223	-1.34118373169	26
2	0.0	0.25	0.0	-0.120531589629	1.13449181374	-1.12727141378	-0.0624257793781	1.35005541847	-1.37898257527	27
2	0.0	0.5	0.0	-0.66365576318	1.01263015594	-1.15664637047	-0.612133497925	1.20260873369	-1.36958928108	28
2	0.0	0.75	0.0	-1.19156007714	0.900245264417	-1.15852071193	-1.16248798596	1.07251610675	-1.34688443052	29
2	0.0	1.0	0.0	-1.70985	0.763956232	-1.103470741	-1.70985	0.935304126511	-1.344748605	30
2	0.25	0.0	0.0	0.41137200817	0.973945737329	-1.16264329407	0.440110893316	1.31604413341	-1.68004054661	31
2	0.25	0.25	0.0	-0.125937196177	0.845944989711	-1.18671935097	-0.084615172871	1.12615623439	-1.69300236451	32
2	0.25	0.5	0.0	-0.652741158674	0.732253445556	-1.2023431927	-0.618151289496	0.987754207683	-1.65694652722	33
2	0.25	0.75	0.0	-1.16662104783	0.617552874755	-1.18355331371	-1.14887354608	0.861418380178	-1.62029888407	34
2	0.25	1.0	0.0	-1.66515803216	0.486525047197	-1.10438820846	-1.66515803216	0.707729078761	-1.63148528439	35
2	0.5	0.0	0.0	0.373501615575	0.643585088578	-1.23060538965	0.37483422613	1.05632888289	-1.97070338945	36
2	0.5	0.25	0.0	-0.126890675743	0.53700762532	-1.24745569854	-0.117614086227	0.875981086519	-1.97703649963	37
2	0.5	0.5	0.0	-0.624934363929	0.424776302726	-1.25128185486	-0.616780962338	0.742442976773	-1.93877088184	38
2	0.5	0.75	0.0	-1.11657788346	0.320268417701	-1.22537770009	-1.11329121795	0.627901569128	-1.8987730826	39
2	0.5	1.0	0.0	-1.59776966881	0.236861267146	-1.15303707574	-1.59776966881	0.50454387906	-1.89990964843	40
2	0.75	0.0	0.0	0.346784391443	0.320389940538	-1.32238131015	0.318937654967	0.766359407273	-2.21769246904	41
2	0.75	0.25	0.0	-0.12221102694	0.227231922441	-1.32409496848	-0.144500912029	0.600164823876	-2.22149029856	42
2	0.75	0.5	0.0	-0.594449349605	0.12129643546	-1.31948790154	-0.610107860343	0.474628627605	-2.191578667	43
2	0.75	0.75	0.0	-1.06609664237	0.0335927702011	-1.29589984278	-1.07425620751	0.378436003933	-2.15487699481	44
2	0.75	1.0	0.0	-1.53331897105	-0.0048697827282	-1.24067052565	-1.53331897105	0.30027213833	-2.13830470244	45
2	1.0	0.0	0.0	0.348197993	0.016621035	-1.45664654	0.30419291014	0.452311293144	-2.42552799423	46
2	1.0	0.25	0.0	-0.110717248383	-0.0638299170542	-1.43125167276	-0.148354042862	0.299342295472	-2.41676907924	47
2	1.0	0.5	0.0	-0.575500086364	-0.147088448233	-1.42298687733	-0.600217327403	0.192264746821	-2.39188620478	48
2	1.0	0.75	0.0	-1.03984338291	-0.217273190796	-1.40702571348	-1.05028372071	0.119492014919	-2.36118058942	49
2	1.0	1.0	0.0	-1.49744	-0.258502777	-1.358541741	-1.49744	0.0694374674928	-2.33495345174	50
5	0.0	0.0	0.0	0.348197993	0.016621035	-1.45664654	0.30419291014	0.452311293144	-2.42552799423	51
5	0.0	0.25	0.0	-0.110717248383	-0.0638299170542	-1.43125167276	-0.148354042862	0.299342295472	-2.41676907924	52
5	0.0	0.5	0.0	-0.575500086364	-0.147088448233	-1.42298687733	-0.600217327403	0.192264746821	-2.39188620478	53
5	0.0	0.75	0.0	-1.03984338291	-0.217273190796	-1.40702571348	-1.05028372071	0.119492014919	-2.36118058942	54
5	0.0	1.0	0.0	-1.49744	-0.258502777	-1.358541741	-1.49744	0.0694374674928	-2.33495345174	55
5	0.25	0.0	0.0	0.388092152391	-0.746448243984	-1.90227886682	0.379820151206	-0.453198460709	-2.91968172746	56
5	0.25	0.25	0.0	-0.0810618905892	-0.809453629213	-1.79008002579	-0.10511160505	-0.591843620784	-2.85488820822	57
5	0.25	0.5	0.0	-0.560144630723	-0.847324351812	-1.73749005638	-0.583332708377	-0.664612078071	-2.80159964592	58
5	0.25	0.75	0.0	-1.03841286188	-0.895956863563	-1.68649175159	-1.0512132642	-0.703331691842	-2.74884086641	59
5	0.25	1.0	0.0	-1.50512337794	-0.991247616247	-1.57906790444	-1.50512337794	-0.73983032137	-2.68563669552	60
5	0.5	0.0	0.0	0.406253730739	-1.54020184535	-2.35456593025	0.500373187005	-1.4654539056	-3.34996816992	61
5	0.5	0.25	0.0	-0.0686330647931	-1.60874329184	-2.16259900796	-0.046780105046	-1.60164661332	-3.2315185799	62
5	0.5	0.5	0.0	-0.556456112714	-1.64585307164	-2.00429469856	-0.578846737802	-1.66862056398	-3.11023242391	63
5	0.5	0.75	0.0	-1.05697492465	-1.68104881603	-1.83614840673	-1.08888395796	-1.69899501508	-2.9794724491	64
5	0.5	1.0	0.0	-1.56994901221	-1.74384815629	-1.61465553717	-1.56994901221	-1.7253892241	-2.83260140261	65
5	0.75	0.0	0.0	0.410481860468	-2.31740145079	-2.71141725531	0.630721359391	-2.4819250216	-3.57522494395	66
5	0.75	0.25	0.0	-0.072615418318	-2.39922470741	-2.46600926679	0.0207280524857	-2.62036284005	-3.41931495207	67
5	0.75	0.5	0.0	-0.564190428698	-2.44534150219	-2.19490410222	-0.572636104016	-2.6904290624	-3.23018229616	68
5	0.75	0.75	0.0	-1.08374791971	-2.46443298074	-1.89443485169	-1.13470002876	-2.71904349735	-3.0160843328	69
5	0.75	1.0	0.0	-1.65079264038	-2.46518028869	-1.56093460531	-1.65079264038	-2.73312595358	-2.7852784186	70
5	1.0	0.0	0.0	0.408575674	-3.030808742	-2.870742367	0.73573401022	-3.40008178879	-3.45428967185	71
5	1.0	0.25	0.0	-0.0921935984878	-3.11842367844	-2.61751144978	0.0915004628824	-3.53828845888	-3.29093208252	72
5	1.0	0.5	0.0	-0.583103475035	-3.14845653795	-2.28082156571	-0.550577495357	-3.60070592482	-3.07384702007	73
5	1.0	0.75	0.0	-1.10695019556	-3.13799329024	-1.89979025929	-1.16006570336	-3.61502268122	-2.82168551283	74
5	1.0	1.0	0.0	-1.70653	-3.104119905	-1.513535075	-1.70653	-3.6089272227	-2.55309858908	75
6	0.0	0.0	0.0	0.408575674	-3.030808742	-2.870742367	0.73573401022	-3.40008178879	-3.45428967185	76
6	0.0	0.25	0.0	-0.0921935984878	-3.11842367844	-2.61751144978	0.0915004628824	-3.53828845888	-3.29093208252	77
6	0.0	0.5	0.0	-0.583103475035	-3.14845653795	-2.28082156571	-0.550577495357	-3.60070592482	-3.07384702007	78
6	0.0	0.75	0.0	-1.10695019556	-3.13799329024	-1.89979025929	-1.16006570336	-3.61502268122	-2.82168551283	79
6	0.0	1.0	0.0	-1.70653	-3.104119905	-1.513535075	-1.70653	-3.6089272227	-2.55309858908	80
6	0.25	0.0	0.0	0.46452020752	-3.72962446608	-2.6503108878	0.802423461875	-4.23211850756	-2.83394523787	81
6	0.25	0.25	0.0	-0.0620517746233	-3.80884798046	-2.43400780286	0.14981958483	-4.34550702569	-2.70607787314	82
6	0.25	0.5	0.0	-0.570202726263	-3.79098685993	-2.11975875934	-0.512642506993	-4.3581407223	-2.52978047454	83
6	0.25	0.75	0.0	-1.10697942159	-3.72647448392	-1.76248943795	-1.14803463855	-4.31848897177	-2.31914705942	84
6	0.25	1.0	0.0	-1.71942863481	-3.66574423184	-1.41712551938	-1.71942863481	-4.2750211485	-2.08827164516	85
6	0.5	0.0	0.0	0.584999997117	-4.41615150246	-2.07116924611	0.851037102446	-5.01104024876	-1.81306241785	86
6	0.5	0.25	0.0	0.0333026651248	-4.49675508031	-1.91070727462	0.192346142114	-5.09851360067	-1.74029251017	87
6	0.5	0.5	0.0	-0.515189206844	-4.46706863816	-1.67742441938	-0.472661849914	-5.08318286625	-1.62953472933	88
6	0.5	0.75	0.0	-1.08895321178	-4.38015966341	-1.41641479899	-1.11769637705	-5.01533254346	-1.49256334289	89
6	0.5	1.0	0.0	-1.71646694269	-4.28909564344	-1.17277253205	-1.71646694269	-4.94524713025	-1.3411526184	90
6	0.75	0.0	0.0	0.692125063405	-4.89941950336	-1.33321765211	0.887408761015	-5.57351318963	-0.666207466704	91
6	0.75	0.25	0.0	0.122529599589	-4.98195570995	-1.22988123328	0.225382087308	-5.63755893819	-0.650122186439	92
6	0.75	0.5	0.0	-0.464094243634	-4.9679517657	-1.09287354356	-0.436201198183	-5.61495998387	-0.612051829886	93
6	0.75	0.75	0.0	-1.07223889399	-4.89116148095	-0.94721164395	-1.08443088913	-5.54340477328	-0.56097367171	94
6	0.75	1.0	0.0	-1.70639677922	-4.78533866607	-0.817912595455	-1.70639677922	-5.46058175302	-0.505864986575	95
6	1.0	0.0	0.0	0.708005427	-4.988458121	-0.636356316	0.917372266664	-5.75620350742	0.332053360646	96
6	1.0	0.25	0.0	0.1342889076	-5.06426060135	-0.573801047075	0.255229372984	-5.80289379262	0.307886905219	97
6	1.0	0.5	0.0	-0.462949163488	-5.0848861356	-0.505161129637	-0.408826225863	-5.79259970233	0.283726178386	98
6	1.0	0.75	0.0	-1.07620379608	-5.0515925888	-0.44052527438	-1.06361814511	-5.7405570382	0.25658264566	99
6	1.0	1.0	0.0	-1.69797	-4.965637826	-0.389982192	-1.69797	-5.66200160186	0.223467772557	100
9	0.0	0.0	0.0	0.708005427	-4.988458121	-0.636356316	0.917372266664	-5.75620350742	0.332053360646	101
9	0.0	0.25	0.0	0.1342889076	-5.06426060135	-0.573801047075	0.255229372984	-5.80289379262	0.307886905219	102
9	0.0	0.5	0.0	-0.462949163488	-5.0848861356	-0.505161129637	-0.408826225863	-5.79259970233	0.283726178386	103
9	0.0	0.75	0.0	-1.07620379608	-5.0515925888	-0.44052527438	-1.06361814511	-5.7405570382	0.25658264566	104
9	0.0	1.0	0.0	-1.69797	-4.965637826	-0.389982192	-1.69797	-5.66200160186	0.223467772557	105
9	0.25	0.0	0.0	0.622103407545	-4.59787181887	-0.0909415178472	0.901068153942	-5.47447691711	1.21535653724	106
9	0.25	0.25	0.0	0.0608316741567	-4.66057944357	-0.0307954545735	0.253258861956	-5.51504436004	1.20835015318	107
9	0.25	0.5	0.0	-0.519960950103	-4.70343192656	0.0480817885036	-0.407385590357	-5.52604351425	1.20930897449	108
9	0.25	0.75	0.0	-1.10814024581	-4.70867650639	0.116364297156	-1.06196320739	-5.50572092793	1.19635318307	109
9	0.25	1.0	0.0	-1.69157199353	-4.65856042164	0.144726157154	-1.69157199353	-5.45232314926	1.14760296082	110
9	0.5	0.0	0.0	0.507142886663	-3.89129679039	0.330947587705	0.824684743652	-4.85829633643	2.10113986202	111
9	0.5	0.25	0.0	-0.0293126304682	-3.94808834124	0.386339830947	0.206135091247	-4.90276069203	2.11643409066	112
9	0.5	0.5	0.0	-0.585346440482	-3.9935622135	0.460879293916	-0.435174453005	-4.93183469561	2.13340601001	113
9	0.5	0.75	0.0	-1.14367958124	-4.00962017941	0.521715283791	-1.07448385749	-4.94015398727	2.14139121564	114
9	0.5	1.0	0.0	-1.68703309059	-3.97816401118	0.535997107748	-1.68703309059	-4.92235420713	2.12972530313	115
9	0.75	0.0	0.0	0.405828929949	-3.03806222421	0.683859490155	0.73534187175	-4.06146819473	2.90475646018	116
9	0.75	0.25	0.0	-0.101932297564	-3.09145735938	0.736067152634	0.14590388803	-4.1120988104	2.93924304735	117
9	0.75	0.5	0.0	-0.633964231988	-3.12856234078	0.793023568356	-0.474168111474	-4.15212927442	2.96300278885	118
9	0.75	0.75	0.0	-1.16930310352	-3.14041049501	0.832010649806	-1.09506687289	-4.1778171482	2.98375917156	119
9	0.75	1.0	0.0	-1.68698514236	-3.11803514862	0.830310309469	-1.68698514236	-4.18541999312	3.00923568241	120
9	1.0	0.0	0.0	0.360866603	-2.207497309	1.022342679	0.680159374188	-3.23779892134	3.54155945693	121
9	1.0	0.25	0.0	-0.122815618421	-2.25535656302	1.07684885364	0.104611079477	-3.28911473691	3.58388135296	122
9	1.0	0.5	0.0	-0.640672921983	-2.28171765273	1.10430679358	-0.506341863425	-3.32908327871	3.60508481488	123
9	1.0	0.75	0.0	-1.1714921138	-2.28703434033	1.10373335948	-1.11759903107	-3.3526713427	3.61551947901	124
9	1.0	1.0	0.0	-1.69406	-2.271760388	1.074145412	-1.69406	-3.35484572486	3.62553498163	125
10	0.0	0.0	0.0	0.360866603	-2.207497309	1.022342679	0.680159374188	-3.23779892134	3.54155945693	126
10	0.0	0.25	0.0	-0.122815618421	-2.25535656302	1.07684885364	0.104611079477	-3.28911473691	3.58388135296	127
10	0.0	0.5	0.0	-0.640672921983	-2.28171765273	1.10430679358	-0.506341863425	-3.32908327871	3.60508481488	128
10	0.0	0.75	0.0	-1.1714921138	-2.28703434033	1.10373335948	-1.11759903107	-3.3526713427	3.61551947901	129
10	0.0	1.0	0.0	-1.69406	-2.271760388	1.074145412	-1.69406	-3.35484572486	3.62553498163	130
10	0.25	0.0	0.0	0.406175643636	-1.30951161399	1.45347115495	0.691242571901	-2.20022726475	4.01114635457	131
10	0.25	0.25	0.0	-0.082768298833	-1.37189600132	1.49642916403	0.101005027826	-2.27465992527	4.04289196472	132
10	0.25	0.5	0.0	-0.609952013276	-1.43756262037	1.44823542203	-0.51939664113	-2.36589488885	4.02094851598	133
10	0.25	0.75	0.0	-1.15958476687	-1.4904032381	1.35053387487	-1.13625830325	-2.44192092908	3.96778504934	134
10	0.25	1.0	0.0	-1.71587582681	-1.51430962146	1.24496846847	-1.71587582681	-2.4707268195	3.90587060579	135
10	0.5	0.0	0.0	0.504052093977	-0.378336836838	1.84088615072	0.736818548025	-0.993907265896	4.20566385414	136
10	0.5	0.25	0.0	-0.0211358117319	-0.458614530202	1.85743684167	0.112852130556	-1.09654409065	4.23387866021	137
10	0.5	0.5	0.0	-0.57368164434	-0.564088683393	1.72210362759	-0.525261777912	-1.24375421814	4.17352646119	138
10	0.5	0.75	0.0	-1.15075143124	-0.66662273127	1.5134302105	-1.15391796037	-1.38781653138	4.06451873063	139
10	0.5	1.0	0.0	-1.74951119981	-0.738080108689	1.30996029245	-1.74951119981	-1.48100991339	3.94676694209	140
10	0.75	0.0	0.0	0.588809547829	0.515996517982	2.00491077188	0.759799124267	0.173443385366	4.07605033921	141
10	0.75	0.25	0.0	0.0271690797207	0.415815810884	1.99275956098	0.105324508249	0.050092587126	4.10519318791	142
10	0.75	0.5	0.0	-0.54539114501	0.276312996561	1.80486937968	-0.543560784771	-0.132310940558	4.03300735391	143
10	0.75	0.75	0.0	-1.1430799035	0.13364446381	1.53226277393	-1.17574239757	-0.326073422141	3.90796279103	144
10	0.75	1.0	0.0	-1.78010597291	0.0239666014297	1.26596228971	-1.78010597291	-0.483501082079	3.77852945312	145
10	1.0	0.0	0.0	0.594761599	1.303457946	1.765868124	0.703096122336	1.09410699917	3.57324419334	146
10	1.0	0.25	0.0	0.0272336123631	1.1827229825	1.73528499642	0.0435942814892	0.970109928266	3.60518729629	147
10	1.0	0.5	0.0	-0.538609845121	1.02125125787	1.57549064774	-0.593917172706	0.798785269899	3.56957989753	148
10	1.0	0.75	0.0	-1.13465798029	0.859735630802	1.3468719727	-1.20689600996	0.607593126093	3.5003594987	149
10	1.0	1.0	0.0	-1.7928	0.73886896	1.109815866	-1.7928	0.42399359887	3.43146360145	150
13	0.0	0.0	0.0	0.594761599	1.303457946	1.765868124	0.703096122336	1.09410699917	3.57324419334	151
13	0.0	0.25	0.0	0.0272336123631	1.1827229825	1.73528499642	0.0435942814892	0.970109928266	3.60518729629	152
13	0.0	0.5	0.0	-0.538609845121	1.02125125787	1.57549064774	-0.593917172706	0.798785269899	3.56957989753	153
13	0.0	0.75	0.0	-1.13465798029	0.859735630802	1.3468719727	-1.20689600996	0.607593126093	3.5003594987	154
13	0.0	1.0	0.0	-1.7928	0.73886896	1.109815866	-1.7928	0.42399359887	3.43146360145	155
13	0.25	0.0	0.0	0.548313875843	1.50424575939	1.55253006396	0.635345636933	1.2800440642	3.27026284321	156
13	0.25	0.25	0.0	-0.00532161842226	1.38985010119	1.5308216694	-0.00399169511983	1.16908356926	3.30813875149	157
13	0.25	0.5	0.0	-0.562956879303	1.24136249596	1.41079066391	-0.621803180837	1.02056222557	3.30019421654	158
13	0.25	0.75	0.0	-1.14873659954	1.09300549761	1.23550122745	-1.21657803487	0.855119234936	3.26975408203	159
13	0.25	1.0	0.0	-1.78680547186	0.97900166007	1.04801753998	-1.78680547186	0.693393799143	3.24014319162	160
13	0.5	0.0	0.0	0.464439524897	1.65391567251	1.27609781038	0.531353870694	1.38541287591	2.87395365922	161
13	0.5	0.25	0.0	-0.0663828792677	1.56220440088	1.27917635349	-0.0680357761604	1.29667509758	2.92380301698	162
13	0.5	0.5	0.0	-0.615231463158	1.45035065847	1.21500996297	-0.653346961142	1.1816601245	2.95018276706	163
13	0.5	0.75	0.0	-1.18363317385	1.33581344349	1.1112730515	-1.22242493748	1.05767134382	2.96420506182	164
13	0.5	1.0	0.0	-1.77311495841	1.23605175412	0.995640031746	-1.77311495841	0.942012142706	2.97698205362	165
13	0.75	0.0	0.0	0.371543492752	1.77707474762	0.986429507862	0.42558017363	1.45242389287	2.45449846192	166
13	0.75	0.25	0.0	-0.136379787324	1.70974016518	1.01840115771	-0.129918784353	1.38330381431	2.51641073287	167
13	0.75	0.5	0.0	-0.672673084071	1.6411442358	1.01394719387	-0.682594743987	1.3026365407	2.57804554603	168
13	0.75	0.75	0.0	-1.21898633203	1.5685154102	0.984351467655	-1.22682065466	1.22193876304	2.63571323329	169
13	0.75	1.0	0.0	-1.75696946575	1.48908213911	0.94089783039	-1.75696946575	1.15272717231	2.68572412655	170
13	1.0	0.0	0.0	0.298030726	1.898330047	0.733383301	0.352483895751	1.52328757365	2.08207907186	171
13	1.0	0.25	0.0	-0.195741959744	1.84241167774	0.786548191076	-0.171021542419	1.45938902053	2.15019253922	172
13	1.0	0.5	0.0	-0.712521229431	1.80667171835	0.833401005529	-0.703592759739	1.40404904821	2.24228255038	173
13	1.0	0.75	0.0	-1.2344347029	1.77146733954	0.864900498717	-1.23214912325	1.35461080288	2.33627939169	174
13	1.0	1.0	0.0	-1.74361	1.717155712	0.872005425	-1.74361	1.3084174307	2.41011334952	175
14	0.0	0.0	0.0	0.298030726	1.898330047	0.733383301	0.352483895751	1.52328757365	2.08207907186	176
14	0.0	0.25	0.0	-0.195741959744	1.84241167774	0.786548191076	-0.171021542419	1.45938902053	2.15019253922	177
14	0.0	0.5	0.0	-0.712521229431	1.80667171835	0.833401005529	-0.703592759739	1.40404904821	2.24228255038	178
14	0.0	0.75	0.0	-1.2344347029	1.77146733954	0.864900498717	-1.23214912325	1.35461080288	2.33627939169	179
14	0.0	1.0	0.0	-1.74361	1.717155712	0.872005425	-1.74361	1.3084174307	2.41011334952	180
14	0.25	0.0	0.0	0.267366856404	2.02007288402	0.497203486615	0.323501774896	1.61353978318	1.72986875228	181
14	0.25	0.25	0.0	-0.223732205594	1.9625357336	0.548589028919	-0.185851074967	1.54757088248	1.78106857337	182
14	0.25	0.5	0.0	-0.722343375368	1.94741773249	0.605006998153	-0.708162928447	1.50491606635	1.8561368573	183
14	0.25	0.75	0.0	-1.22455974299	1.93701657711	0.651025763583	-1.22713647362	1.47062045137	1.93307048451	184
14	0.25	1.0	0.0	-1.72647439855	1.89362996385	0.671213694472	-1.72647439855	1.42972915414	1.98986633543	185
14	0.5	0.0	0.0	0.262965236787	2.13452170787	0.209571671046	0.312758779452	1.71281061003	1.29620939911	186
14	0.5	0.25	0.0	-0.230614875159	2.05767232414	0.247727544983	-0.187631577994	1.63731953298	1.32656486165	187
14	0.5	0.5	0.0	-0.719413628896	2.02924492781	0.289877666337	-0.697540483934	1.58072617847	1.3736165929	188
14	0.5	0.75	0.0	-1.20902887037	2.00253800968	0.324648308206	-1.20675406443	1.5350913613	1.41855292007	189
14	0.5	1.0	0.0	-1.70505844553	1.93085006055	0.340665743689	-1.70505844553	1.49247589627	1.44256217041	190
14	0.75	0.0	0.0	0.273132514277	2.20378551103	-0.072318585296	0.315388287369	1.79252201484	0.858692492858	191
14	0.75	0.25	0.0	-0.223142883865	2.10025717801	-0.0526307804485	-0.180107335416	1.70330883341	0.86866288485	192
14	0.75	0.5	0.0	-0.708732654896	2.04212356259	-0.0359217950075	-0.682262359369	1.62525965391	0.883588879789	193
14	0.75	0.75	0.0	-1.19319628735	1.98173421	-0.022075963684	-1.18596244923	1.5585431043	0.894021987001	194
14	0.75	1.0	0.0	-1.68609326974	1.87143866547	-0.0109776211892	-1.68609326974	1.5033278125	0.890513715812	195
14	1.0	0.0	0.0	0.286175336	2.189973286	-0.291273722	0.326523676599	1.82409595825	0.494909514034	196
14	1.0	0.25	0.0	-0.20806914714	2.06272602387	-0.289080467095	-0.167022631152	1.72021264512	0.48934412372	197
14	1.0	0.5	0.0	-0.695301118249	1.97602389512	-0.29632619097	-0.672865487921	1.63229676202	0.474920840592	198
14	1.0	0.75	0.0	-1.18241619623	1.88830775081	-0.29699114836	-1.17972218158	1.55149525204	0.460772973925	199
14	1.0	1.0	0.0	-1.67631	1.758018442	-0.275055594	-1.67631	1.46895505827	0.456033833	200
17	0.0	0.0	0.0	5.097498723	1.761457284	-0.648926891	5.6461284171	2.00325656628	0.271291274289	201
17	0.0	0.25	0.0	4.41317418932	1.904877855	-0.660262128358	5.03737910284	2.2538522258	0.256673240778	202
17	0.0	0.5	0.0	3.77857554107	2.26134990826	-0.675322601256	4.42901484318	2.43326182937	0.295639993407	203
17	0.0	0.75	0.0	3.18926867754	2.65166109614	-0.672097401026	3.79630173793	2.51973805541	0.357291950708	204
17	0.0	1.0	0.0	2.640819498	2.896599071	-0.628575619	3.11450588693	2.49153358232	0.410729531213	205
17	0.25	0.0	0.0	5.0877926253	1.75503623861	-0.819306644798	5.65457297997	1.99612043918	0.0442246669305	206
17	0.25	0.25	0.0	4.41331206258	1.90719394233	-0.830957354436	5.05229091495	2.25090784458	0.0183990977164	207
17	0.25	0.5	0.0	3.782042327	2.26309162888	-0.849361005362	4.44208826576	2.44850934064	0.0512532976752	208
17	0.25	0.75	0.0	3.19438816161	2.64563952764	-0.853301432101	3.81153241397	2.55296078166	0.107903662297	209
17	0.25	1.0	0.0	2.65075430941	2.87774786796	-0.821562469176	3.14819074111	2.52829802193	0.153466587074	210
17	0.5	0.0	0.0	5.07089107337	1.75150421506	-1.01698076246	5.66615998015	1.98203660511	-0.226102733445	211
17	0.5	0.25	0.0	4.41095059745	1.91916939471	-1.01936539776	5.07226402681	2.24460078353	-0.253898323365	212
17	0.5	0.5	0.0	3.79411676331	2.27461501364	-1.03505604705	4.46078577117	2.4639362558	-0.222140201427	213
17	0.5	0.75	0.0	3.21391421444	2.63980936453	-1.04883241377	3.83021079483	2.58857844717	-0.173855211808	214
17	0.5	1.0	0.0	2.66386759433	2.83672074003	-1.04547420139	3.17902467938	2.56706278287	-0.152070198687	215
17	0.75	0.0	0.0	5.05269204575	1.73398699498	-1.20642728665	5.6805731862	1.95486736489	-0.496389884801	216
17	0.75	0.25	0.0	4.41271774021	1.91677114073	-1.195712189	5.09546050923	2.22143096385	-0.521740160641	217
17	0.75	0.5	0.0	3.81021877528	2.27078167305	-1.21093509635	4.48219457791	2.45911662539	-0.489699794815	218
17	0.75	0.75	0.0	3.23544500205	2.61590739067	-1.23705174166	3.84894428203	2.60264016018	-0.451348123386	219
17	0.75	1.0	0.0	2.67864627159	2.77203709234	-1.25901785791	3.20387851141	2.58671737891	-0.457764482421	220
17	1.0	0.0	0.0	5.039093521	1.68561036	-1.35212426	5.69749636671	1.90847501933	-0.723335745101	221
17	1.0	0.25	0.0	4.4252414371	1.87596610902	-1.33022365881	5.12004243303	2.16789830674	-0.746647552285	222
17	1.0	0.5	0.0	3.82576828819	2.22645321763	-1.35552552331	4.50340190447	2.41362449995	-0.716584773403	223
17	1.0	0.75	0.0	3.24657869043	2.55567038993	-1.39632081141	3.86434027707	2.57119502897	-0.687938524214	224
17	1.0	1.0	0.0	2.69357726	2.68221633	-1.420900481	3.21962304688	2.56615132381	-0.715499920477	225
18	0.0	0.0	0.0	2.640819498	2.896599071	-0.628575619	3.11450588693	2.49153358232	0.410729531213	226
18	0.0	0.25	0.0	2.11748471549	2.88186948543	-0.542199276218	2.42437273403	2.36637332095	0.443521731362	227
18	0.0	0.5	0.0	1.53346400865	2.69549863803	-0.435092708437	1.69557130319	2.18704783444	0.469482379386	228
18	0.0	0.75	0.0	0.914460005984	2.43302156087	-0.340402121687	0.979241611635	1.99310581584	0.487111599028	229
18	0.0	1.0	0.0	0.286175336	2.189973286	-0.291273722	0.326523676599	1.82409595825	0.494909514034	230
18	0.25	0.0	0.0	2.65075430941	2.87774786796	-0.821562469176	3.14819074111	2.52829802193	0.153466587074	231
18	0.25	0.25	0.0	2.13022094257	2.84420632257	-0.745903454861	2.46756455459	2.3969202337	0.158317574062	232
18	0.25	0.5	0.0	1.55736928031	2.63102921511	-0.644970674088	1.73980967303	2.2136022742	0.135179610784	233
18	0.25	0.75	0.0	0.94894343425	2.3374299122	-0.555637049135	1.02008668785	2.00901076858	0.102145870244	234
18	0.25	1.0	0.0	0.321687515997	2.06262178045	-0.514775502281	0.363556190469	1.81381234199	0.0773095254438	235
18	0.5	0.0	0.0	2.66386759433	2.83672074003	-1.04547420139	3.17902467938	2.56706278287	-0.152070198687	236
18	0.5	0.25	0.0	2.13515171611	2.76023587229	-0.992765367884	2.50291984782	2.42041072789	-0.189515505711	237
18	0.5	0.5	0.0	1.59216725829	2.50286870329	-0.893793958181	1.79361459049	2.22035423751	-0.265713468077	238
18	0.5	0.75	0.0	1.01452225568	2.16679934635	-0.79960422555	1.0878850578	1.99570210771	-0.353564797141	239
18	0.5	1.0	0.0	0.381824743113	1.8542079148	-0.761240423262	0.422507400166	1.7752631345	-0.425970204258	240
18	0.75	0.0	0.0	2.67864627159	2.77203709234	-1.25901785791	3.20387851141	2.58671737891	-0.457764482421	241
18	0.75	0.25	0.0	2.14115456669	2.63918154931	-1.2213956268	2.52748227275	2.42280633046	-0.541747848616	242
18	0.75	0.5	0.0	1.62350861979	2.32012494403	-1.11782525955	1.83571775352	2.19546158445	-0.672095157304	243
18	0.75	0.75	0.0	1.07213190856	1.93176168969	-1.01381133896	1.14521018801	1.93955007655	-0.812794354506	244
18	0.75	1.0	0.0	0.433447910673	1.5909861995	-0.974858447862	0.472584810483	1.68993874237	-0.927833386244	245
18	1.0	0.0	0.0	2.69357726	2.68221633	-1.420900481	3.21962304688	2.56615132381	-0.715499920477	246
18	1.0	0.25	0.0	2.15710702491	2.49026676841	-1.37040484314	2.53829548844	2.39006856834	-0.840149795311	247
18	1.0	0.5	0.0	1.63704404204	2.0919057788	-1.25332727704	1.84485086007	2.12708217513	-1.022863757	248
18	1.0	0.75	0.0	1.08270783115	1.64294876854	-1.13976607742	1.15463554494	1.82692491837	-1.20831675323	249
18	1.0	1.0	0.0	0.443417912	1.299211145	-1.099819539	0.482995926212	1.53932957223	-1.34118373169	250
19	0.0	0.0	0.0	5.039093521	1.68561036	-1.35212426	5.69749636671	1.90847501933	-0.723335745101	251
19	0.0	0.25	0.0	4.4252414371	1.87596610902	-1.33022365881	5.12004243303	2.16789830674	-0.746647552285	252
19	0.0	0.5	0.0	3.82576828819	2.22645321763	-1.35552552331	4.50340190447	2.41362449995	-0.716584773403	253
19	0.0	0.75	0.0	3.24657869043	2.55567038993	-1.39632081141	3.86434027707	2.57119502897	-0.687938524214	254
19	0.0	1.0	0.0	2.69357726	2.68221633	-1.420900481	3.21962304688	2.56615132381	-0.715499920477	255
19	0.25	0.0	0.0	5.01432373687	1.57614294981	-1.47398937185	5.71457530471	1.81003884811	-0.951315106197	256
19	0.25	0.25	0.0	4.42154370935	1.74967550619	-1.46052529203	5.14155708404	2.04658872358	-1.00878921472	257
19	0.25	0.5	0.0	3.81672882459	2.0586770081	-1.52063476818	4.51687734952	2.2759635029	-1.03973881661	258
19	0.25	0.75	0.0	3.2353138526	2.3310023314	-1.58575723495	3.86833869767	2.42767210811	-1.07605304353	259
19	0.25	1.0	0.0	2.71273356338	2.39450635192	-1.58733212696	3.22374372505	2.43122346125	-1.14962102714	260
19	0.5	0.0	0.0	4.96981217523	1.41727873922	-1.59360267261	5.72678318103	1.65823461306	-1.20392677612	261
19	0.5	0.25	0.0	4.38844429235	1.56110008337	-1.58099797782	5.15303997032	1.87296295231	-1.30268164983	262
19	0.5	0.5	0.0	3.78776723982	1.81054210682	-1.63153887257	4.51367525163	2.08448751006	-1.38243528814	263
19	0.5	0.75	0.0	3.21409079853	2.00640640469	-1.67980563975	3.8506186198	2.22398841971	-1.46433957612	264
19	0.5	1.0	0.0	2.71372474939	1.98949457206	-1.6603785622	3.20579966969	2.22264581469	-1.56954639887	265
19	0.75	0.0	0.0	4.92059830847	1.24267853552	-1.69785917882	5.73301031355	1.48384128622	-1.44065971018	266
19	0.75	0.25	0.0	4.34481173845	1.34614718589	-1.68986541528	5.15623249663	1.67142418219	-1.58166022583	267
19	0.75	0.5	0.0	3.7510835366	1.52007830872	-1.72550840563	4.50259164687	1.8538467608	-1.70494933676	268
19	0.75	0.75	0.0	3.18655470699	1.62976476998	-1.75543871926	3.82612594805	1.96781693154	-1.82359032109	269
19	0.75	1.0	0.0	2.6983662537	1.54049943566	-1.73030692559	3.18087358391	1.95004260386	-1.95064645692	270
19	1.0	0.0	0.0	4.881721609	1.086003146	-1.773653907	5.73214702016	1.31763783966	-1.62100286365	271
19	1.0	0.25	0.0	4.30951460001	1.14072415907	-1.78535130355	5.15287606774	1.46637560247	-1.7990603109	272
19	1.0	0.5	0.0	3.71887771766	1.2253154087	-1.83981393649	4.49242257133	1.59869149453	-1.96755611126	273
19	1.0	0.75	0.0	3.15635075674	1.24895958747	-1.88962916693	3.809806587	1.66683061137	-2.12459747753	274
19	1.0	1.0	0.0	2.668473512	1.120839388	-1.887384356	3.16404817082	1.62303804851	-2.26829162254	275
20	0.0	0.0	0.0	2.69357726	2.68221633	-1.420900481	3.21962304688	2.56615132381	-0.715499920477	276
20	0.0	0.25	0.0	2.15710702491	2.49026676841	-1.37040484314	2.53829548844	2.39006856834	-0.840149795311	277
20	0.0	0.5	0.0	1.63704404204	2.0919057788	-1.25332727704	1.84485086007	2.12708217513	-1.022863757	278
20	0.0	0.75	0.0	1.08270783115	1.64294876854	-1.13976607742	1.15463554494	1.82692491837	-1.20831675323	279
20	0.0	1.0	0.0	0.443417912	1.299211145	-1.099819539	0.482995926212	1.53932957223	-1.34118373169	280
20	0.25	0.0	0.0	2.71273356338	2.39450635192	-1.58733212696	3.22374372505	2.43122346125	-1.14962102714	281
20	0.25	0.25	0.0	2.19158243824	2.14406298786	-1.48432130014	2.53030476269	2.25362860218	-1.28194881283	282
20	0.25	0.5	0.0	1.64180764312	1.71622578304	-1.33418275098	1.81528425261	1.964857974	-1.43665148679	283
20	0.25	0.75	0.0	1.05215541933	1.27238870902	-1.20444668159	1.10858527082	1.63047525749	-1.5804438108	284
20	0.25	1.0	0.0	0.41137200817	0.973945737329	-1.16264329407	0.440110893316	1.31604413341	-1.68004054661	285
20	0.5	0.0	0.0	2.71372474939	1.98949457206	-1.6603785622	3.20579966969	2.22264581469	-1.56954639887	286
20	0.5	0.25	0.0	2.19189057348	1.69001877009	-1.54221080504	2.49608720578	2.03271217378	-1.6993534312	287
20	0.5	0.5	0.0	1.62110155839	1.27946243082	-1.39241876171	1.76317662864	1.72432525978	-1.81118666401	288
20	0.5	0.75	0.0	1.01156835535	0.887444791304	-1.26916332549	1.04383621113	1.37351939029	-1.90248901189	289
20	0.5	1.0	0.0	0.373501615575	0.643585088578	-1.23060538965	0.37483422613	1.05632888289	-1.97070338945	290
20	0.75	0.0	0.0	2.6983662537	1.54049943566	-1.73030692559	3.18087358391	1.95004260386	-1.95064645692	291
20	0.75	0.25	0.0	2.170531579	1.21706245861	-1.62216712459	2.45784266178	1.74583537387	-2.07250324103	292
20	0.75	0.5	0.0	1.59230529705	0.846918738719	-1.48675680748	1.71495805265	1.42745203525	-2.14195862225	293
20	0.75	0.75	0.0	0.979214027864	0.518537993515	-1.37114014557	0.989547226918	1.07444318179	-2.18251942383	294
20	0.75	1.0	0.0	0.346784391443	0.320389940538	-1.32238131015	0.318937654967	0.766359407273	-2.21769246904	295
20	1.0	0.0	0.0	2.668473512	1.120839388	-1.887384356	3.16404817082	1.62303804851	-2.26829162254	296
20	1.0	0.25	0.0	2.14000560314	0.814122396947	-1.80228402553	2.43777097472	1.41151429317	-2.38153783292	297
20	1.0	0.5	0.0	1.57279836828	0.483897723303	-1.67591838654	1.69705858913	1.09620630319	-2.42445669511	298
20	1.0	0.75	0.0	0.973359825539	0.196089293758	-1.54760127828	0.974877179209	0.751632497034	-2.42860211394	299
20	1.0	1.0	0.0	0.348197993	0.016621035	-1.45664654	0.30419291014	0.452311293144	-2.42552799423	300
25	0.0	0.0	0.0	4.881721609	1.086003146	-1.773653907	5.73214702016	1.31763783966	-1.62100286365	301
25	0.0	0.25	0.0	4.30951460001	1.14072415907	-1.78535130355	5.15287606774	1.46637560247	-1.7990603109	302
25	0.0	0.5	0.0	3.71887771766	1.2253154087	-1.83981393649	4.49242257133	1.59869149453	-1.96755611126	303
25	0.0	0.75	0.0	3.15635075674	1.24895958747	-1.88962916693	3.809806587	1.66683061137	-2.12459747753	304
25	0.0	1.0	0.0	2.668473512	1.120839388	-1.887384356	3.16404817082	1.62303804851	-2.26829162254	305
25	0.25	0.0	0.0	4.81939671313	0.631234612536	-1.94563356981	5.72250550904	0.776276391299	-1.95893660962	306
25	0.25	0.25	0.0	4.2679055946	0.595522516512	-2.03394506214	5.15286407495	0.83134710206	-2.20177561134	307
25	0.25	0.5	0.0	3.69498375021	0.545856222853	-2.18054685959	4.50720671673	0.867184540027	-2.44397950001	308
25	0.25	0.75	0.0	3.14159153217	0.458888037013	-2.3205803921	3.8405695242	0.855971561924	-2.66103877571	309
25	0.25	1.0	0.0	2.64868929271	0.311270264448	-2.38918708962	3.20798858722	0.769891024478	-2.82844393849	310
25	0.5	0.0	0.0	4.78819473437	0.0846052965857	-2.11093713512	5.72320172172	0.0824359851796	-2.17848148979	311
25	0.5	0.25	0.0	4.26359754118	-0.0292086971956	-2.28084224206	5.17855436231	0.0440895445089	-2.48229407469	312
25	0.5	0.5	0.0	3.72408577992	-0.165513372093	-2.51299845416	4.5674205511	-0.0166726388099	-2.79493687286	313
25	0.5	0.75	0.0	3.19616382482	-0.323388058636	-2.72896584996	3.93649667195	-0.108144819554	-3.07240740683	314
25	0.5	1.0	0.0	2.70633605014	-0.501912087354	-2.85030450799	3.33247910872	-0.238621252502	-3.27070319912	315
25	0.75	0.0	0.0	4.78097829517	-0.472761811157	-2.22357297887	5.73856838122	-0.64277136304	-2.25170200861	316
25	0.75	0.25	0.0	4.27835493188	-0.65942167669	-2.4543093798	5.22007850292	-0.773477843302	-2.59099057068	317
25	0.75	0.5	0.0	3.77159621651	-0.860193773441	-2.74123956436	4.64749836742	-0.928668319516	-2.94570077844	318
25	0.75	0.75	0.0	3.27110563562	-1.07054562144	-3.00188048212	4.05527514872	-1.10045966086	-3.26104953824	319
25	0.75	1.0	0.0	2.78728667575	-1.28594474073	-3.15374908262	3.47785602079	-1.2809687365	-3.48225375644	320
25	1.0	0.0	0.0	4.790610018	-0.95974372	-2.237549477	5.77293821059	-1.2782336377	-2.15066267055	321
25	1.0	0.25	0.0	4.29394225884	-1.22106861661	-2.48261301189	5.26756806987	-1.49943583449	-2.47823996906	322
25	1.0	0.5	0.0	3.80292746973	-1.48958537849	-2.76934103436	4.72187445867	-1.74459077963	-2.82154376538	323
25	1.0	0.75	0.0	3.3174549655	-1.75526157338	-3.02641923016	4.15459207301	-1.99591408978	-3.12931133726	324
25	1.0	1.0	0.0	2.837414061	-2.008064769	-3.182533285	3.58445560888	-2.23562138157	-3.35027996244	325
26	0.0	0.0	0.0	2.668473512	1.120839388	-1.887384356	3.16404817082	1.62303804851	-2.26829162254	326
26	0.0	0.25	0.0	2.14000560314	0.814122396947	-1.80228402553	2.43777097472	1.41151429317	-2.38153783292	327
26	0.0	0.5	0.0	1.57279836828	0.483897723303	-1.67591838654	1.69705858913	1.09620630319	-2.42445669511	328
26	0.0	0.75	0.0	0.973359825539	0.196089293758	-1.54760127828	0.974877179209	0.751632497034	-2.42860211394	329
26	0.0	1.0	0.0	0.348197993	0.016621035	-1.45664654	0.30419291014	0.452311293144	-2.42552799423	330
26	0.25	0.0	0.0	2.64868929271	0.311270264448	-2.38918708962	3.20798858722	0.769891024478	-2.82844393849	331
26	0.25	0.25	0.0	2.11985265617	0.047466107304	-2.35988168468	2.49877142914	0.538625990896	-2.94800169011	332
26	0.25	0.5	0.0	1.56916836897	-0.265859788574	-2.25795071475	1.77231526484	0.204598700886	-2.99966018893	333
26	0.25	0.75	0.0	0.993095258555	-0.555050285049	-2.09991087656	1.05665365273	-0.152554798625	-2.98852000977	334
26	0.25	1.0	0.0	0.388092152391	-0.746448243984	-1.90227886682	0.379820151206	-0.453198460709	-2.91968172746	335
26	0.5	0.0	0.0	2.70633605014	-0.501912087354	-2.85030450799	3.33247910872	-0.238621252502	-3.27070319912	336
26	0.5	0.25	0.0	2.15951349735	-0.76247978454	-2.85362788252	2.64609501976	-0.485710677865	-3.40161368974	337
26	0.5	0.5	0.0	1.58159222067	-1.06984099563	-2.76410731715	1.92114014126	-0.826540403349	-3.46306478006	338
26	0.5	0.75	0.0	0.99102227888	-1.35281019209	-2.59375070276	1.19382826606	-1.18011871668	-3.44815132261	339
26	0.5	1.0	0.0	0.406253730739	-1.54020184535	-2.35456593025	0.500373187005	-1.4654539056	-3.34996816992	340
26	0.75	0.0	0.0	2.78728667575	-1.28594474073	-3.15374908262	3.47785602079	-1.2809687365	-3.48225375644	341
26	0.75	0.25	0.0	2.22026763615	-1.56147527441	-3.17723705428	2.80802631345	-1.54506297558	-3.62296558565	342
26	0.75	0.5	0.0	1.60494179557	-1.86529849263	-3.10154135314	2.07954165216	-1.88185416086	-3.69117346849	343
26	0.75	0.75	0.0	0.98658719126	-2.13730901242	-2.94136655992	1.33843050984	-2.21844170524	-3.67816429218	344
26	0.75	1.0	0.0	0.410481860468	-2.31740145079	-2.71141725531	0.630721359391	-2.4819250216	-3.57522494395	345
26	1.0	0.0	0.0	2.837414061	-2.008064769	-3.182533285	3.58445560888	-2.23562138157	-3.35027996244	346
26	1.0	0.25	0.0	2.26339458207	-2.29528035815	-3.22442363521	2.91284987705	-2.5229981647	-3.4926491317	347
26	1.0	0.5	0.0	1.63408896584	-2.58948487433	-3.17740598216	2.1835282313	-2.84598572299	-3.5604892542	348
26	1.0	0.75	0.0	0.99923630044	-2.84866533109	-3.05500425103	1.44248987468	-3.15490621238	-3.54922715818	349
26	1.0	1.0	0.0	0.408575674	-3.030808742	-2.870742367	0.73573401022	-3.40008178879	-3.45428967185	350
27	0.0	0.0	0.0	4.790610018	-0.95974372	-2.237549477	5.77293821059	-1.2782336377	-2.15066267055	351
27	0.0	0.25	0.0	4.29394225884	-1.22106861661	-2.48261301189	5.26756806987	-1.49943583449	-2.47823996906	352
27	0.0	0.5	0.0	3.80292746973	-1.48958537849	-2.76934103436	4.72187445867	-1.74459077963	-2.82154376538	353
27	0.0	0.75	0.0	3.3174549655	-1.75526157338	-3.02641923016	4.15459207301	-1.99591408978	-3.12931133726	354
27	0.0	1.0	0.0	2.837414061	-2.008064769	-3.182533285	3.58445560888	-2.23562138157	-3.35027996244	355
27	0.25	0.0	0.0	4.87321667579	-1.45273328931	-2.06453028268	5.84552820753	-1.90523465803	-1.74617824906	356
27	0.25	0.25	0.0	4.38041875639	-1.78844207819	-2.27510103094	5.33928972847	-2.21739309834	-2.01349803334	357
27	0.25	0.5	0.0	3.89506387031	-2.12989591455	-2.51291066661	4.79889527397	-2.54150353688	-2.29544002251	358
27	0.25	0.75	0.0	3.41153227835	-2.45636290589	-2.72445434426	4.2331515168	-2.85969527949	-2.55186070742	359
27	0.25	1.0	0.0	2.9242042413	-2.74711115966	-2.85622721847	3.65086512978	-3.15409763202	-2.7426165789	360
27	0.5	0.0	0.0	5.03543377827	-1.94722154538	-1.71165242148	5.94218527197	-2.51612089956	-1.0686837426	361
27	0.5	0.25	0.0	4.55740514005	-2.34854583295	-1.86264546405	5.43250427011	-2.91647339026	-1.24832870686	362
27	0.5	0.5	0.0	4.07900256362	-2.76290260092	-2.02981024066	4.88518920417	-3.32231175435	-1.4387894739	363
27	0.5	0.75	0.0	3.5909346015	-3.1541981369	-2.17567877545	4.30834643415	-3.70843249729	-1.61504739142	364
27	0.5	1.0	0.0	3.08390980619	-3.4863387285	-2.26278309257	3.71008232006	-4.0496321245	-1.75208380711	365
27	0.75	0.0	0.0	5.19919952387	-2.33048175976	-1.26542489529	6.02676214557	-2.97263522267	-0.287946379529	366
27	0.75	0.25	0.0	4.73231942304	-2.77606375942	-1.34772463608	5.51192306945	-3.43583469746	-0.369191111398	367
27	0.75	0.5	0.0	4.2511971476	-3.23562167278	-1.4355861674	4.95413111219	-3.9001892027	-0.457654393655	368
27	0.75	0.75	0.0	3.74797143813	-3.66451271128	-1.50816629844	4.36369919822	-4.33334545436	-0.544066517046	369
27	0.75	1.0	0.0	3.21478103523	-4.01809408634	-1.54462183839	3.75094025194	-4.70295016841	-0.619157772318	370
27	1.0	0.0	0.0	5.286452111	-2.489787204	-0.812356706	6.06311157	-3.13652048772	0.426266611802	371
27	1.0	0.25	0.0	4.8125796186	-2.94567973611	-0.832816871866	5.54225750116	-3.61463500714	0.437455631245	372
27	1.0	0.5	0.0	4.30810122018	-3.39506936534	-0.845784857707	4.97909586096	-4.08830965253	0.441902944115	373
27	1.0	0.75	0.0	3.77495229141	-3.80305207389	-0.849990687945	4.38273218218	-4.52565386187	0.43588678794	374
27	1.0	1.0	0.0	3.215068208	-4.134723844	-0.844164387	3.76227199761	-4.89477707312	0.415685400246	375
28	0.0	0.0	0.0	2.837414061	-2.008064769	-3.182533285	3.58445560888	-2.23562138157	-3.35027996244	376
28	0.0	0.25	0.0	2.26339458207	-2.29528035815	-3.22442363521	2.91284987705	-2.5229981647	-3.4926491317	377
28	0.0	0.5	0.0	1.63408896584	-2.58948487433	-3.17740598216	2.1835282313	-2.84598572299	-3.5604892542	378
28	0.0	0.75	0.0	0.99923630044	-2.84866533109	-3.05500425103	1.44248987468	-3.15490621238	-3.54922715818	379
28	0.0	1.0	0.0	0.408575674	-3.030808742	-2.870742367	0.73573401022	-3.40008178879	-3.45428967185	380
28	0.25	0.0	0.0	2.9242042413	-2.74711115966	-2.85622721847	3.65086512978	-3.15409763202	-2.7426165789	381
28	0.25	0.25	0.0	2.34884749873	-3.03464301657	-2.89999544318	2.97192816718	-3.45605409874	-2.8661870323	382
28	0.25	0.5	0.0	1.72070287912	-3.30603003514	-2.8736449063	2.24479027986	-3.7478935953	-2.92043066621	383
28	0.25	0.75	0.0	1.07938793215	-3.54358594257	-2.78710644284	1.50857940053	-4.0123403291	-2.90859942121	384
28	0.25	1.0	0.0	0.46452020752	-3.72962446608	-2.6503108878	0.802423461875	-4.23211850756	-2.83394523787	385
28	0.5	0.0	0.0	3.08390980619	-3.4863387285	-2.26278309257	3.71008232006	-4.0496321245	-1.75208380711	386
28	0.5	0.25	0.0	2.49969827082	-3.77231020518	-2.2830027479	3.03446570116	-4.35209841556	-1.83779388032	387
28	0.5	0.5	0.0	1.86458880223	-4.02110305958	-2.25056282317	2.30978858103	-4.60990882472	-1.86784786847	388
28	0.5	0.75	0.0	1.21441238336	-4.23496694193	-2.17632957153	1.57049702601	-4.82793291484	-1.85526447862	389
28	0.5	1.0	0.0	0.584999997117	-4.41615150246	-2.07116924611	0.851037102446	-5.01104024876	-1.81306241785	390
28	0.75	0.0	0.0	3.21478103523	-4.01809408634	-1.54462183839	3.75094025194	-4.70295016841	-0.619157772318	391
28	0.75	0.25	0.0	2.62034937075	-4.29910276537	-1.5348335126	3.08240079111	-5.00182233121	-0.66574400791	392
28	0.75	0.5	0.0	1.97992759561	-4.53451764887	-1.48789534129	2.36186653417	-5.23951798638	-0.678126620575	393
28	0.75	0.75	0.0	1.32626854733	-4.73205210535	-1.41646937196	1.61998626339	-5.42657048786	-0.672787232708	394
28	0.75	1.0	0.0	0.692125063405	-4.89941950336	-1.33321765211	0.887408761015	-5.57351318963	-0.666207466704	395
28	1.0	0.0	0.0	3.215068208	-4.134723844	-0.844164387	3.76227199761	-4.89477707312	0.415685400246	396
28	1.0	0.25	0.0	2.61520327094	-4.40584153858	-0.816875700546	3.09767174915	-5.19591706178	0.391688252774	397
28	1.0	0.5	0.0	1.98090011969	-4.64608750424	-0.765378069194	2.38436753867	-5.44420765535	0.373347317843	398
28	1.0	0.75	0.0	1.33691531735	-4.84408520902	-0.701321578995	1.64879062493	-5.63313956638	0.355267414214	399
28	1.0	1.0	0.0	0.708005427	-4.988458121	-0.636356316	0.917372266664	-5.75620350742	0.332053360646	400
33	0.0	0.0	0.0	5.286452111	-2.489787204	-0.812356706	6.06311157	-3.13652048772	0.426266611802	401
33	0.0	0.25	0.0	4.8125796186	-2.94567973611	-0.832816871866	5.54225750116	-3.61463500714	0.437455631245	402
33	0.0	0.5	0.0	4.30810122018	-3.39506936534	-0.845784857707	4.97909586096	-4.08830965253	0.441902944115	403
33	0.0	0.75	0.0	3.77495229141	-3.80305207389	-0.849990687945	4.38273218218	-4.52565386187	0.43588678794	404
33	0.0	1.0	0.0	3.215068208	-4.134723844	-0.844164387	3.76227199761	-4.89477707312	0.415685400246	405
33	0.25	0.0	0.0	5.26673864837	-2.37679764155	-0.272086027245	6.03156892709	-2.97773791653	1.1836667388	406
33	0.25	0.25	0.0	4.77368553357	-2.79142711412	-0.286009957369	5.49869360113	-3.43131587293	1.22823109796	407
33	0.25	0.5	0.0	4.24408875828	-3.17823368469	-0.324505370516	4.9294499971	-3.87350640548	1.22398993781	408
33	0.25	0.75	0.0	3.68558194104	-3.52094117736	-0.364780174835	4.3310739848	-4.27797410885	1.19735276132	409
33	0.25	1.0	0.0	3.1057987004	-3.80327341621	-0.384042278478	3.71080143401	-4.61838357775	1.17472907143	410
33	0.5	0.0	0.0	5.19212524279	-2.06098905103	0.31385169655	5.95480405595	-2.604921701	1.96412525227	411
33	0.5	0.25	0.0	4.68330785791	-2.39222851	0.276410791951	5.40552158306	-3.01945797216	2.01672084284	412
33	0.5	0.5	0.0	4.14182763665	-2.69218487662	0.16468625073	4.82218447143	-3.41309032202	1.99013049292	413
33	0.5	0.75	0.0	3.57112189998	-2.95799796315	0.0384869545847	4.21605492077	-3.76717378665	1.93504551776	414
33	0.5	1.0	0.0	2.97462796885	-3.18680758184	-0.0423782147906	3.5983951308	-4.06306340214	1.90215723261	415
33	0.75	0.0	0.0	5.11700536857	-1.61004210124	0.837606567319	5.86024185973	-2.07705533132	2.63890790197	416
33	0.75	0.25	0.0	4.5990563886	-1.85484309595	0.776784691141	5.29882957304	-2.4468037205	2.70301964426	417
33	0.75	0.5	0.0	4.05371014245	-2.07274070674	0.59317936936	4.70032862536	-2.79230381918	2.66370381209	418
33	0.75	0.75	0.0	3.47757362706	-2.2689314553	0.383845039427	4.08423273689	-3.10025770061	2.59111909913	419
33	0.75	1.0	0.0	2.86725383937	-2.4486118633	0.245836138792	3.47003562784	-3.35736743805	2.55542419902	420
33	1.0	0.0	0.0	5.0957725	-1.091637461	1.191328687	5.77530724161	-1.45312229768	3.07928043763	421
33	1.0	0.25	0.0	4.57854092265	-1.2860300442	1.13745105525	5.21470569712	-1.78109553363	3.18722228058	422
33	1.0	0.5	0.0	4.03212856283	-1.45571894068	0.9323633487	4.60691180027	-2.096389314	3.16808909798	423
33	1.0	0.75	0.0	3.4509385811	-1.60845067782	0.695328418801	3.98216517994	-2.3842306561	3.10772754727	424
33	1.0	1.0	0.0	2.829374138	-1.751971783	0.545609117	3.370705465	-2.62984657722	3.09198428589	425
34	0.0	0.0	0.0	3.215068208	-4.134723844	-0.844164387	3.76227199761	-4.89477707312	0.415685400246	426
34	0.0	0.25	0.0	2.61520327094	-4.40584153858	-0.816875700546	3.09767174915	-5.19591706178	0.391688252774	427
34	0.0	0.5	0.0	1.98090011969	-4.64608750424	-0.765378069194	2.38436753867	-5.44420765535	0.373347317843	428
34	0.0	0.75	0.0	1.33691531735	-4.84408520902	-0.701321578995	1.64879062493	-5.63313956638	0.355267414214	429
34	0.0	1.0	0.0	0.708005427	-4.988458121	-0.636356316	0.917372266664	-5.75620350742	0.332053360646	430
34	0.25	0.0	0.0	3.1057987004	-3.80327341621	-0.384042278478	3.71080143401	-4.61838357775	1.17472907143	431
34	0.25	0.25	0.0	2.49856260722	-4.05322683921	-0.347777585118	3.04788632515	-4.91035627308	1.17785894264	432
34	0.25	0.5	0.0	1.87295769299	-4.2875090761	-0.261136249525	2.34323146661	-5.16657061376	1.19840625675	433
34	0.25	0.75	0.0	1.24284945925	-4.47832308371	-0.162672738251	1.61992827175	-5.36271477128	1.21727184466	434
34	0.25	1.0	0.0	0.622103407545	-4.59787181887	-0.0909415178472	0.901068153942	-5.47447691711	1.21535653724	435
34	0.5	0.0	0.0	2.97462796885	-3.18680758184	-0.0423782147906	3.5983951308	-4.06306340214	1.90215723261	436
34	0.5	0.25	0.0	2.35301000729	-3.40431767593	-0.0142835452912	2.93974652139	-4.32535227506	1.92735393302	437
34	0.5	0.5	0.0	1.73343556863	-3.61233156512	0.103876051743	2.24386892971	-4.56345917638	1.99098005409	438
34	0.5	0.75	0.0	1.11758605953	-3.78370576481	0.242239966135	1.53182684179	-4.75017642416	2.05994042178	439
34	0.5	1.0	0.0	0.507142886663	-3.89129679039	0.330947587705	0.824684743652	-4.85829633643	2.10113986202	440
34	0.75	0.0	0.0	2.86725383937	-2.4486118633	0.245836138792	3.47003562784	-3.35736743805	2.55542419902	441
34	0.75	0.25	0.0	2.22830191008	-2.62777626717	0.263498706324	2.81857312097	-3.58677050734	2.60351126192	442
34	0.75	0.5	0.0	1.60902789083	-2.79670239037	0.402428884626	2.1326991786	-3.79308013529	2.7063980185	443
34	0.75	0.75	0.0	1.00351061849	-2.93894584026	0.572568527852	1.43182002183	-3.95755860379	2.82113093063	444
34	0.75	1.0	0.0	0.405828929949	-3.03806222421	0.683859490155	0.73534187175	-4.06146819473	2.90475646018	445
34	1.0	0.0	0.0	2.829374138	-1.751971783	0.545609117	3.370705465	-2.62984657722	3.09198428589	446
34	1.0	0.25	0.0	2.17419475452	-1.89226483133	0.565461457119	2.72968690698	-2.84047640952	3.16966896731	447
34	1.0	0.5	0.0	1.54642880381	-2.01676897089	0.707292299138	2.05614146389	-3.01364028255	3.29998945859	448
34	1.0	0.75	0.0	0.943008636444	-2.12275589801	0.887464940588	1.36724149865	-3.14689538895	3.43870115627	449
34	1.0	1.0	0.0	0.360866603	-2.207497309	1.022342679	0.680159374188	-3.23779892134	3.54155945693	450
35	0.0	0.0	0.0	5.0957725	-1.091637461	1.191328687	5.77530724161	-1.45312229768	3.07928043763	451
35	0.0	0.25	0.0	4.57854092265	-1.2860300442	1.13745105525	5.21470569712	-1.78109553363	3.18722228058	452
35	0.0	0.5	0.0	4.03212856283	-1.45571894068	0.9323633487	4.60691180027	-2.096389314	3.16808909798	453
35	0.0	0.75	0.0	3.4509385811	-1.60845067782	0.695328418801	3.98216517994	-2.3842306561	3.10772754727	454
35	0.0	1.0	0.0	2.829374138	-1.751971783	0.545609117	3.370705465	-2.62984657722	3.09198428589	455
35	0.25	0.0	0.0	5.10589361798	-0.585293943825	1.29832688823	5.70678108316	-0.831815518789	3.19306685718	456
35	0.25	0.25	0.0	4.58104999125	-0.739763305372	1.28099490161	5.13352925804	-1.10005935358	3.36062700772	457
35	0.25	0.5	0.0	4.02405464523	-0.863502777125	1.11923875162	4.51329151959	-1.3590652787	3.40232791698	458
35	0.25	0.75	0.0	3.42999869981	-0.968052638734	0.927261198107	3.88115524152	-1.60044787505	3.39744555938	459
35	0.25	1.0	0.0	2.79397327487	-1.06495316985	0.819265000894	3.27220779753	-1.81582172351	3.42525590932	460
35	0.5	0.0	0.0	5.10451787893	-0.0184724300826	1.25408701724	5.63597662769	-0.142501648437	3.09854176023	461
35	0.5	0.25	0.0	4.55345347983	-0.12362907333	1.27221040583	5.0287950168	-0.338577919073	3.30179928911	462
35	0.5	0.5	0.0	3.97036923479	-0.21019967211	1.16167913168	4.39259186709	-0.539187876863	3.39157562281	463
35	0.5	0.75	0.0	3.35372054379	-0.277066213481	1.02666829811	3.75637246221	-0.726654853617	3.43405534796	464
35	0.5	1.0	0.0	2.70196280683	-0.323110684502	0.97135300843	3.14914208583	-0.883302181147	3.49542305116	465
35	0.75	0.0	0.0	5.10516440667	0.538281787701	1.10751786939	5.58307196749	0.525349226666	2.86042468357	466
35	0.75	0.25	0.0	4.52352104743	0.485483765937	1.1556995036	4.94586495889	0.409129883457	3.07407143516	467
35	0.75	0.5	0.0	3.90779721101	0.442496043936	1.09314885862	4.29717482402	0.27424440128	3.19047024018	468
35	0.75	0.75	0.0	3.26751675384	0.418924945604	1.01455930387	3.65650128176	0.149390220733	3.26395951856	469
35	0.75	1.0	0.0	2.61220353237	0.424376794847	1.01462420875	3.04334405095	0.0632647824126	3.34887769021	470
35	1.0	0.0	0.0	5.121352325	1.014423417	0.90752824	5.56824519484	1.08226701981	2.543435164	471
35	1.0	0.25	0.0	4.51902235309	1.01068632644	0.976064130617	4.93010106983	1.04884516758	2.74077575628	472
35	1.0	0.5	0.0	3.87306345339	1.03289004058	0.947112302228	4.27940237168	0.992233065478	2.85364979378	473
35	1.0	0.75	0.0	3.21679997075	1.07433718618	0.911943800476	3.63022613989	0.939929160515	2.93356067671	474
35	1.0	1.0	0.0	2.58355625	1.12833039	0.961829671	2.99664941396	0.919431899713	3.03201180526	475
36	0.0	0.0	0.0	2.829374138	-1.751971783	0.545609117	3.370705465	-2.62984657722	3.09198428589	476
36	0.0	0.25	0.0	2.17419475452	-1.89226483133	0.565461457119	2.72968690698	-2.84047640952	3.16966896731	477
36	0.0	0.5	0.0	1.54642880381	-2.01676897089	0.707292299138	2.05614146389	-3.01364028255	3.29998945859	478
36	0.0	0.75	0.0	0.943008636444	-2.12275589801	0.887464940588	1.36724149865	-3.14689538895	3.43870115627	479
36	0.0	1.0	0.0	0.360866603	-2.207497309	1.022342679	0.680159374188	-3.23779892134	3.54155945693	480
36	0.25	0.0	0.0	2.79397327487	-1.06495316985	0.819265000894	3.27220779753	-1.81582172351	3.42525590932	481
36	0.25	0.25	0.0	2.14858438246	-1.14831478567	0.878721336948	2.65945478154	-1.97990483159	3.54243110617	482
36	0.25	0.5	0.0	1.53868512905	-1.20560470703	1.06159552113	2.01562633444	-2.07909977883	3.71613690449	483
36	0.25	0.75	0.0	0.959480540734	-1.25370847083	1.28185598371	1.35484731248	-2.14275708372	3.89087481654	484
36	0.25	1.0	0.0	0.406175643636	-1.30951161399	1.45347115495	0.691242571901	-2.20022726475	4.01114635457	485
36	0.5	0.0	0.0	2.70196280683	-0.323110684502	0.97135300843	3.14914208583	-0.883302181147	3.49542305116	486
36	0.5	0.25	0.0	2.1002903178	-0.343394514247	1.09172680875	2.57895528227	-0.965663676018	3.63940767399	487
36	0.5	0.5	0.0	1.54632428517	-0.341130079371	1.35165079596	1.97911663275	-0.97497966169	3.85202974017	488
36	0.5	0.75	0.0	1.02069983515	-0.343662485144	1.63880917497	1.36120982531	-0.966108178277	4.0639086626	489
36	0.5	1.0	0.0	0.504052093977	-0.378336836838	1.84088615072	0.736818548025	-0.993907265896	4.20566385414	490
36	0.75	0.0	0.0	2.61220353237	0.424376794847	1.01462420875	3.04334405095	0.0632647824126	3.34887769021	491
36	0.75	0.25	0.0	2.06356580523	0.459467440312	1.18463956995	2.50328320784	0.0621387634847	3.50011960589	492
36	0.75	0.5	0.0	1.56109423994	0.509051346713	1.49099017174	1.93443493506	0.125053356659	3.71768181757	493
36	0.75	0.75	0.0	1.07832882473	0.539202907965	1.80672943281	1.34915498856	0.184618313448	3.93263512782	494
36	0.75	1.0	0.0	0.588809547829	0.515996517982	2.00491077188	0.759799124267	0.173443385366	4.07605033921	495
36	1.0	0.0	0.0	2.58355625	1.12833039	0.961829671	2.99664941396	0.919431899713	3.03201180526	496
36	1.0	0.25	0.0	2.07266408945	1.19724253537	1.13762131802	2.44753335689	0.963394193225	3.164087837	497
36	1.0	0.5	0.0	1.57474296114	1.27733600585	1.39314569661	1.86940381764	1.04733256402	3.32310698861	498
36	1.0	0.75	0.0	1.08402981451	1.32670855741	1.63402167565	1.28150875365	1.11098937753	3.47188664557	499
36	1.0	1.0	0.0	0.594761599	1.303457946	1.765868124	0.703096122336	1.09410699917	3.57324419334	500
41	0.0	0.0	0.0	5.121352325	1.014423417	0.90752824	5.56824519484	1.08226701981	2.543435164	501
41	0.0	0.25	0.0	4.51902235309	1.01068632644	0.976064130617	4.93010106983	1.04884516758	2.74077575628	502
41	0.0	0.5	0.0	3.87306345339	1.03289004058	0.947112302228	4.27940237168	0.992233065478	2.85364979378	503
41	0.0	0.75	0.0	3.21679997075	1.07433718618	0.911943800476	3.63022613989	0.939929160515	2.93356067671	504
41	0.0	1.0	0.0	2.58355625	1.12833039	0.961829671	2.99664941396	0.919431899713	3.03201180526	505
41	0.25	0.0	0.0	5.14035512175	1.21640069462	0.785963674467	5.57693740222	1.3074648017	2.34723951813	506
41	0.25	0.25	0.0	4.5294331181	1.22775776703	0.862175249099	4.94557453434	1.30795269634	2.53428489905	507
41	0.25	0.5	0.0	3.87300547247	1.27707266508	0.851367485627	4.2999821208	1.27434268775	2.64671318014	508
41	0.25	0.75	0.0	3.21405325102	1.34491679811	0.833430986267	3.6484952352	1.23560586226	2.72832648171	509
41	0.25	1.0	0.0	2.59555751991	1.41186157543	0.888256353237	2.9994489511	1.22071330619	2.82292692407	510
41	0.5	0.0	0.0	5.16537240226	1.42770242501	0.624342633983	5.59130173592	1.53709061936	2.08649272193	511
41	0.5	0.25	0.0	4.54064152028	1.45136609741	0.70614788596	4.96330079973	1.57205144439	2.26237869617	512
41	0.5	0.5	0.0	3.87586894616	1.52861913456	0.720015789701	4.32572557382	1.55265091591	2.37861595451	513
41	0.5	0.75	0.0	3.21749350697	1.6234119984	0.720564321312	3.67532216583	1.51154578987	2.46265511234	514
41	0.5	1.0	0.0	2.61195402981	1.69969515087	0.762411456899	3.00883668343	1.48139282218	2.54194678507	515
41	0.75	0.0	0.0	5.18681425239	1.6125669719	0.443467249258	5.6085244298	1.73837747364	1.80126850971	516
41	0.75	0.25	0.0	4.54724887112	1.64720805001	0.524085427336	4.983978313	1.80761919402	1.96053569288	517
41	0.75	0.5	0.0	3.87730567047	1.75991567859	0.560079080938	4.35275533861	1.80230520529	2.07753976661	518
41	0.75	0.75	0.0	3.22296442444	1.89047239826	0.578417716225	3.70286212284	1.75679029592	2.16259590391	519
41	0.75	1.0	0.0	2.63020490706	1.97866074962	0.606070839361	3.02230528186	1.70542925437	2.22601927777	520
41	1.0	0.0	0.0	5.195090758	1.735232699	0.264139651	5.62579171771	1.87855836534	1.53164061581	521
41	1.0	0.25	0.0	4.5438564821	1.78098035724	0.332091259364	5.00830552114	1.98113372752	1.6642344344	522
41	1.0	0.5	0.0	3.87296744142	1.94334852675	0.378579225823	4.37719402309	1.99845301122	1.77166626617	523
41	1.0	0.75	0.0	3.22630968928	2.12674760888	0.41206508162	3.72327029724	1.96038073302	1.85419819173	524
41	1.0	1.0	0.0	2.647769279	2.235588005	0.441010358	3.0373474173	1.89678140946	1.9120922917	525
42	0.0	0.0	0.0	2.58355625	1.12833039	0.961829671	2.99664941396	0.919431899713	3.03201180526	526
42	0.0	0.25	0.0	2.07266408945	1.19724253537	1.13762131802	2.44753335689	0.963394193225	3.164087837	527
42	0.0	0.5	0.0	1.57474296114	1.27733600585	1.39314569661	1.86940381764	1.04733256402	3.32310698861	528
42	0.0	0.75	0.0	1.08402981451	1.32670855741	1.63402167565	1.28150875365	1.11098937753	3.47188664557	529
42	0.0	1.0	0.0	0.594761599	1.303457946	1.765868124	0.703096122336	1.09410699917	3.57324419334	530
42	0.25	0.0	0.0	2.59555751991	1.41186157543	0.888256353237	2.9994489511	1.22071330619	2.82292692407	531
42	0.25	0.25	0.0	2.0863515387	1.46943820192	1.04126695017	2.4255854386	1.24682530623	2.93684718975	532
42	0.25	0.5	0.0	1.56944876937	1.5215706038	1.25126947201	1.82820525685	1.29009541825	3.06519978037	533
42	0.25	0.75	0.0	1.0537894643	1.54194453748	1.44583386215	1.22542109369	1.31350716373	3.18424992264	534
42	0.25	1.0	0.0	0.548313875843	1.50424575939	1.55253006396	0.635345636933	1.2800440642	3.27026284321	535
42	0.5	0.0	0.0	2.61195402981	1.69969515087	0.762411456899	3.00883668343	1.48139282218	2.54194678507	536
42	0.5	0.25	0.0	2.09343360179	1.73346730856	0.872449540879	2.39755578583	1.47127776561	2.62337570382	537
42	0.5	0.5	0.0	1.54796991283	1.73764003018	1.02943305632	1.77078803313	1.45983376859	2.7122366586	538
42	0.5	0.75	0.0	0.997619656121	1.71139544255	1.18132736042	1.14367390239	1.43517431179	2.79895439515	539
42	0.5	1.0	0.0	0.464439524897	1.65391567251	1.27609781038	0.531353870694	1.38541287591	2.87395365922	540
42	0.75	0.0	0.0	2.63020490706	1.97866074962	0.606070839361	3.02230528186	1.70542925437	2.22601927777	541
42	0.75	0.25	0.0	2.09979248546	1.98488373229	0.674378009164	2.37426072606	1.65575245503	2.27712735943	542
42	0.75	0.5	0.0	1.52307413584	1.93609099093	0.78357880641	1.71321137747	1.59144714209	2.33133205435	543
42	0.75	0.75	0.0	0.935255818261	1.85818662841	0.899115287256	1.05752770401	1.52088154491	2.39000015701	544
42	0.75	1.0	0.0	0.371543492752	1.77707474762	0.986429507862	0.42558017363	1.45242389287	2.45449846192	545
42	1.0	0.0	0.0	2.647769279	2.235588005	0.441010358	3.0373474173	1.89678140946	1.9120922917	546
42	1.0	0.25	0.0	2.1113103964	2.2192413501	0.490261274032	2.36651658678	1.81925025817	1.95155613678	547
42	1.0	0.5	0.0	1.50752918277	2.12747019196	0.569649079166	1.67153452088	1.71983506578	1.98960039868	548
42	1.0	0.75	0.0	0.886433379015	2.00544345084	0.657810759466	0.988243022809	1.61551958627	2.03138730212	549
42	1.0	1.0	0.0	0.298030726	1.898330047	0.733383301	0.352483895751	1.52328757365	2.08207907186	550
43	0.0	0.0	0.0	5.195090758	1.735232699	0.264139651	5.62579171771	1.87855836534	1.53164061581	551
43	0.0	0.25	0.0	4.5438564821	1.78098035724	0.332091259364	5.00830552114	1.98113372752	1.6642344344	552
43	0.0	0.5	0.0	3.87296744142	1.94334852675	0.378579225823	4.37719402309	1.99845301122	1.77166626617	553
43	0.0	0.75	0.0	3.22630968928	2.12674760888	0.41206508162	3.72327029724	1.96038073302	1.85419819173	554
43	0.0	1.0	0.0	2.647769279	2.235588005	0.441010358	3.0373474173	1.89678140946	1.9120922917	555
43	0.25	0.0	0.0	5.18005024801	1.7849179999	0.0655124640045	5.63601114283	1.95186417104	1.24912942874	556
43	0.25	0.25	0.0	4.51730576464	1.85390515251	0.111847777948	5.02411228322	2.09650241629	1.34411807311	557
43	0.25	0.5	0.0	3.85465294308	2.08362612199	0.151130070446	4.39486254289	2.15499192489	1.43151196874	558
43	0.25	0.75	0.0	3.22320788387	2.33885170939	0.187670683205	3.73926167686	2.14538883075	1.50618266622	559
43	0.25	1.0	0.0	2.65408668754	2.48435271578	0.225780957935	3.04830944013	2.0857492678	1.56300171612	560
43	0.5	0.0	0.0	5.14826930497	1.79469504552	-0.179544754793	5.63929579325	1.99121484968	0.907904206285	561
43	0.5	0.25	0.0	4.47187238527	1.89533167155	-0.153984693798	5.02788635604	2.18417415512	0.964563671925	562
43	0.5	0.5	0.0	3.82452827191	2.18856003617	-0.126936677785	4.40765551315	2.28951219255	1.04051254937	563
43	0.5	0.75	0.0	3.21368568898	2.51110931944	-0.0941311653058	3.757725984	2.31404043679	1.11634012863	564
43	0.5	1.0	0.0	2.64679336052	2.69970870144	-0.0512986149116	3.05722048804	2.26457036267	1.17263569975	565
43	0.75	0.0	0.0	5.1155010797	1.78129706414	-0.431026406194	5.64091258075	2.00541183638	0.563459853211	566
43	0.75	0.25	0.0	4.42976048112	1.91055690787	-0.424867535894	5.02913840684	2.23850530471	0.582954353568	567
43	0.75	0.5	0.0	3.79502521041	2.25038854101	-0.415720930982	4.41817294339	2.38720507408	0.646083420199	568
43	0.75	0.75	0.0	3.20121524129	2.62241444603	-0.393875511015	3.77722030793	2.44570152154	0.721200062343	569
43	0.75	1.0	0.0	2.63825054749	2.84825710539	-0.349620195552	3.07548461798	2.40818502415	0.776657289242	570
43	1.0	0.0	0.0	5.097498723	1.761457284	-0.648926891	5.6461284171	2.00325656628	0.271291274289	571
43	1.0	0.25	0.0	4.41317418932	1.904877855	-0.660262128358	5.03737910284	2.2538522258	0.256673240778	572
43	1.0	0.5	0.0	3.77857554107	2.26134990826	-0.675322601256	4.42901484318	2.43326182937	0.295639993407	573
43	1.0	0.75	0.0	3.18926867754	2.65166109614	-0.672097401026	3.79630173793	2.51973805541	0.357291950708	574
43	1.0	1.0	0.0	2.640819498	2.896599071	-0.628575619	3.11450588693	2.49153358232	0.410729531213	575
44	0.0	0.0	0.0	2.647769279	2.235588005	0.441010358	3.0373474173	1.89678140946	1.9120922917	576
44	0.0	0.25	0.0	2.1113103964	2.2192413501	0.490261274032	2.36651658678	1.81925025817	1.95155613678	577
44	0.0	0.5	0.0	1.50752918277	2.12747019196	0.569649079166	1.67153452088	1.71983506578	1.98960039868	578
44	0.0	0.75	0.0	0.886433379015	2.00544345084	0.657810759466	0.988243022809	1.61551958627	2.03138730212	579
44	0.0	1.0	0.0	0.298030726	1.898330047	0.733383301	0.352483895751	1.52328757365	2.08207907186	580
44	0.25	0.0	0.0	2.65408668754	2.48435271578	0.225780957935	3.04830944013	2.0857492678	1.56300171612	581
44	0.25	0.25	0.0	2.11652635878	2.45561389745	0.279383010606	2.36543885613	1.98965281593	1.60592764047	582
44	0.25	0.5	0.0	1.50551178577	2.32726337489	0.354356176409	1.65283919545	1.862256964	1.64901437269	583
44	0.25	0.75	0.0	0.872104705865	2.16138756484	0.432897365145	0.956772740797	1.72855489281	1.69081153565	584
44	0.25	1.0	0.0	0.267366856404	2.02007288402	0.497203486615	0.323501774896	1.61353978318	1.72986875228	585
44	0.5	0.0	0.0	2.64679336052	2.69970870144	-0.0512986149116	3.05722048804	2.26457036267	1.17263569975	586
44	0.5	0.25	0.0	2.10761225283	2.67264444486	0.00762086494067	2.36225505001	2.15477119146	1.20916873309	587
44	0.5	0.5	0.0	1.5072493109	2.5189140105	0.082429248874	1.6465562535	2.00293245662	1.2436378553	588
44	0.5	0.75	0.0	0.880701362837	2.31428417322	0.155591272404	0.950074147111	1.84397273665	1.27349932458	589
44	0.5	1.0	0.0	0.262965236787	2.13452170787	0.209571671046	0.312758779452	1.71281061003	1.29620939911	590
44	0.75	0.0	0.0	2.63825054749	2.84825710539	-0.349620195552	3.07548461798	2.40818502415	0.776657289242	591
44	0.75	0.25	0.0	2.10209079845	2.82863047872	-0.280936213741	2.37566604909	2.28890986603	0.806594926192	592
44	0.75	0.5	0.0	1.51561047843	2.65684984835	-0.197073210416	1.65877164082	2.11886244599	0.831213104777	593
44	0.75	0.75	0.0	0.89917068464	2.41965494791	-0.120158297094	0.960209638482	1.9395605627	0.849062176498	594
44	0.75	1.0	0.0	0.273132514277	2.20378551103	-0.072318585296	0.315388287369	1.79252201484	0.858692492858	595
44	1.0	0.0	0.0	2.640819498	2.896599071	-0.628575619	3.11450588693	2.49153358232	0.410729531213	596
44	1.0	0.25	0.0	2.11748471549	2.88186948543	-0.542199276218	2.42437273403	2.36637332095	0.443521731362	597
44	1.0	0.5	0.0	1.53346400865	2.69549863803	-0.435092708437	1.69557130319	2.18704783444	0.469482379386	598
44	1.0	0.75	0.0	0.914460005984	2.43302156087	-0.340402121687	0.979241611635	1.99310581584	0.487111599028	599
44	1.0	1.0	0.0	0.286175336	2.189973286	-0.291273722	0.326523676599	1.82409595825	0.494909514034	600
49	0.0	0.0	0.0	6.817538404	0.4880699	-0.799999989	7.56642683988	0.286192813185	0.233683411266	601
49	0.0	0.25	0.0	6.65046046593	1.02337732224	-0.77604958654	7.35294936193	0.9814035957	0.262953485638	602
49	0.0	0.5	0.0	6.25210473247	1.43029674317	-0.723542901805	6.86057283351	1.44405712982	0.288140514629	603
49	0.0	0.75	0.0	5.70645591452	1.68444958852	-0.671496486167	6.24104870258	1.7570444439	0.295500957695	604
49	0.0	1.0	0.0	5.097498723	1.761457284	-0.648926891	5.6461284171	2.00325656628	0.271291274289	605
49	0.25	0.0	0.0	6.81797227603	0.487369770836	-0.811046412191	7.566745667	0.288981795441	0.22070483629	606
49	0.25	0.25	0.0	6.64836929298	1.01726869393	-0.854131131815	7.35334645569	0.965274281554	0.168948196704	607
49	0.25	0.5	0.0	6.24499516843	1.41850422097	-0.85205191077	6.86181253101	1.42759225157	0.130430828604	608
49	0.25	0.75	0.0	5.695564685	1.67108913989	-0.831534998587	6.24470200256	1.74738965446	0.0929304220073	609
49	0.25	1.0	0.0	5.0877926253	1.75503623861	-0.819306644798	5.65457297997	1.99612043918	0.0442246669305	610
49	0.5	0.0	0.0	6.8189267945	0.485295087442	-0.821900041845	7.56744708668	0.294583157172	0.205600472708	611
49	0.5	0.25	0.0	6.64761951446	1.00449320245	-0.93745186852	7.35560613806	0.938859340115	0.0664629547434	612
49	0.5	0.5	0.0	6.24001413076	1.39935387354	-0.998043649637	6.86767369129	1.39669284093	-0.0524536247396	613
49	0.5	0.75	0.0	5.68485614865	1.65373743349	-1.01933380701	6.25430616558	1.72533486185	-0.150268957037	614
49	0.5	1.0	0.0	5.07089107337	1.75150421506	-1.01698076246	5.66615998015	1.98203660511	-0.226102733445	615
49	0.75	0.0	0.0	6.81988131297	0.481884410327	-0.832410647827	7.56814850635	0.298848525182	0.190839132798	616
49	0.75	0.25	0.0	6.64492602065	0.983957869246	-1.01989293495	7.35815753051	0.904302116359	-0.0386533795952	617
49	0.75	0.5	0.0	6.2297922528	1.36869773541	-1.14308799653	6.87459878571	1.35529608188	-0.239476616459	618
49	0.75	0.75	0.0	5.66790569823	1.62305658519	-1.20444854347	6.26592107119	1.69207097898	-0.396949233094	619
49	0.75	1.0	0.0	5.05269204575	1.73398699498	-1.20642728665	5.6805731862	1.95486736489	-0.496389884801	620
49	1.0	0.0	0.0	6.820315185	0.4771763	-0.842428	7.56846733347	0.297629526276	0.17888962884	621
49	1.0	0.25	0.0	6.63700370185	0.954569715755	-1.09533546939	7.35942975451	0.863745955258	-0.140551945664	622
49	1.0	0.5	0.0	6.20696016788	1.3223878411	-1.26875482959	6.87903028562	1.3073391584	-0.409601917613	623
49	1.0	0.75	0.0	5.63828872647	1.56970871089	-1.35643483999	6.27560659897	1.64878891875	-0.60996245982	624
49	1.0	1.0	0.0	5.039093521	1.68561036	-1.35212426	5.69749636671	1.90847501933	-0.723335745101	625
50	0.0	0.0	0.0	6.820315185	0.4771763	-0.842428	7.56846733347	0.297629526276	0.17888962884	626
50	0.0	0.25	0.0	6.63700370185	0.954569715755	-1.09533546939	7.35942975451	0.863745955258	-0.140551945664	627
50	0.0	0.5	0.0	6.20696016788	1.3223878411	-1.26875482959	6.87903028562	1.3073391584	-0.409601917613	628
50	0.0	0.75	0.0	5.63828872647	1.56970871089	-1.35643483999	6.27560659897	1.64878891875	-0.60996245982	629
50	0.0	1.0	0.0	5.039093521	1.68561036	-1.35212426	5.69749636671	1.90847501933	-0.723335745101	630
50	0.25	0.0	0.0	6.81792892625	0.470343644876	-0.853156756685	7.56738473821	0.287754458521	0.163832202914	631
50	0.25	0.25	0.0	6.62577319445	0.907287816449	-1.16848313292	7.36088318976	0.804666865441	-0.242515029574	632
50	0.25	0.5	0.0	6.17924103755	1.24279050331	-1.38076815204	6.88634098477	1.22808019776	-0.573451068937	633
50	0.25	0.75	0.0	5.60115152765	1.4685195872	-1.48445562728	6.28911829812	1.56190175785	-0.814532299652	634
50	0.25	1.0	0.0	5.01432373687	1.57614294981	-1.47398937185	5.71457530471	1.81003884811	-0.951315106197	635
50	0.5	0.0	0.0	6.812679157	0.462397082291	-0.862408932291	7.56500302863	0.273114588147	0.145056954977	636
50	0.5	0.25	0.0	6.61649823298	0.84690280361	-1.22935693915	7.36389064093	0.731766418544	-0.326399889522	637
50	0.5	0.5	0.0	6.15996247273	1.13664661994	-1.47425395519	6.89952303574	1.11644988332	-0.72110188622	638
50	0.5	0.75	0.0	5.56906830918	1.32798608167	-1.59602689486	6.3083404651	1.42574570674	-1.01997039509	639
50	0.5	1.0	0.0	4.96981217523	1.41727873922	-1.59360267261	5.72678318103	1.65823461306	-1.20392677612	640
50	0.75	0.0	0.0	6.80742938775	0.45315305356	-0.870363641751	7.56262131904	0.257177251628	0.127579173186	641
50	0.75	0.25	0.0	6.60879572542	0.778433770896	-1.28007006822	7.36672612328	0.650927236613	-0.397555684177	642
50	0.75	0.5	0.0	6.14450238543	1.01939545448	-1.54934343516	6.91176523372	0.990650435288	-0.850265943222	643
50	0.75	0.75	0.0	5.53996477678	1.1746173081	-1.68600078966	6.32482963544	1.27030305078	-1.2061133649	644
50	0.75	1.0	0.0	4.92059830847	1.24267853552	-1.69785917882	5.73301031355	1.48384128622	-1.44065971018	645
50	1.0	0.0	0.0	6.805043129	0.442428	-0.8772	7.56153872378	0.243409785437	0.116414145696	646
50	1.0	0.25	0.0	6.60228257977	0.706899811967	-1.32273570027	7.36766365208	0.568031941692	-0.461331572203	647
50	1.0	0.5	0.0	6.12823868763	0.906476270466	-1.6061677881	6.91625637387	0.868884073842	-0.9586548137	648
50	1.0	0.75	0.0	5.51176663618	1.03492238023	-1.74922945863	6.33014234471	1.12555607534	-1.35279782783	649
50	1.0	1.0	0.0	4.881721609	1.086003146	-1.773653907	5.73214702016	1.31763783966	-1.62100286365	650
53	0.0	0.0	0.0	6.805043129	0.442428	-0.8772	7.56153872378	0.243409785437	0.116414145696	651
53	0.0	0.25	0.0	6.60228257977	0.706899811967	-1.32273570027	7.36766365208	0.568031941692	-0.461331572203	652
53	0.0	0.5	0.0	6.12823868763	0.906476270466	-1.6061677881	6.91625637387	0.868884073842	-0.9586548137	653
53	0.0	0.75	0.0	5.51176663618	1.03492238023	-1.74922945863	6.33014234471	1.12555607534	-1.35279782783	654
53	0.0	1.0	0.0	4.881721609	1.086003146	-1.773653907	5.73214702016	1.31763783966	-1.62100286365	655
53	0.25	0.0	0.0	6.79709995338	0.421774416054	-0.886449755741	7.56110075342	0.219700776499	0.107774027114	656
53	0.25	0.25	0.0	6.58261614438	0.549348618227	-1.39314382432	7.36547982937	0.382226927182	-0.578425580017	657
53	0.25	0.5	0.0	6.08541614835	0.62488596218	-1.70469420316	6.91131030789	0.545624162028	-1.1617161393	658
53	0.25	0.75	0.0	5.44963224477	0.65123258219	-1.87191831181	6.32238719808	0.68520360781	-1.62693927455	659
53	0.25	1.0	0.0	4.81939671313	0.631234612536	-1.94563356981	5.72250550904	0.776276391299	-1.95893660962	660
53	0.5	0.0	0.0	6.779624967	0.402824978651	-0.889905220605	7.56013721863	0.194029404114	0.105659764001	661
53	0.5	0.25	0.0	6.56161151257	0.384903506079	-1.43759042238	7.36353846387	0.178360171529	-0.650181098601	662
53	0.5	0.5	0.0	6.05866795636	0.311986527665	-1.77356105039	6.90916063509	0.152535481591	-1.28240442402	663
53	0.5	0.75	0.0	5.41834534731	0.204933854228	-1.97296174214	6.32103722385	0.11955939818	-1.79163096887	664
53	0.5	1.0	0.0	4.78819473437	0.0846052965857	-2.11093713512	5.72320172172	0.0824359851796	-2.17848148979	665
53	0.75	0.0	0.0	6.76214998062	0.383695451923	-0.887630075166	7.55917368384	0.168177942403	0.10927611119	666
53	0.75	0.25	0.0	6.54597979183	0.214802876059	-1.44674384465	7.36428675491	-0.0313586575176	-0.661475481694	667
53	0.75	0.5	0.0	6.0481995823	-0.00551223266612	-1.79802892633	6.91535917707	-0.256074286288	-1.3058967618	668
53	0.75	0.75	0.0	5.41210165057	-0.245337814867	-2.02810030836	6.33318752695	-0.471401127073	-1.83297613536	669
53	0.75	1.0	0.0	4.78097829517	-0.472761811157	-2.22357297887	5.73856838122	-0.64277136304	-2.25170200861	670
53	1.0	0.0	0.0	6.754206805	0.3625016	-0.879688	7.55873571348	0.143928665489	0.117827823515	671
53	1.0	0.25	0.0	6.54243208964	0.0402851287075	-1.41127244134	7.3701719018	-0.234719892208	-0.597186083033	672
53	1.0	0.5	0.0	6.05421649679	-0.300900518401	-1.76335842753	6.93545775542	-0.625897460424	-1.2173702466	673
53	1.0	0.75	0.0	5.42509686129	-0.640946436309	-2.0130745692	6.36593321235	-0.98770254148	-1.73707799862	674
53	1.0	1.0	0.0	4.790610018	-0.95974372	-2.237549477	5.77293821059	-1.2782336377	-2.15066267055	675
54	0.0	0.0	0.0	6.754206805	0.3625016	-0.879688	7.55873571348	0.143928665489	0.117827823515	676
54	0.0	0.25	0.0	6.54243208964	0.0402851287075	-1.41127244134	7.3701719018	-0.234719892208	-0.597186083033	677
54	0.0	0.5	0.0	6.05421649679	-0.300900518401	-1.76335842753	6.93545775542	-0.625897460424	-1.2173702466	678
54	0.0	0.75	0.0	5.42509686129	-0.640946436309	-2.0130745692	6.36593321235	-0.98770254148	-1.73707799862	679
54	0.0	1.0	0.0	4.790610018	-0.95974372	-2.237549477	5.77293821059	-1.2782336377	-2.15066267055	680
54	0.25	0.0	0.0	6.7588953225	0.341223720947	-0.865870124398	7.56638876953	0.123022454116	0.1380190037	681
54	0.25	0.25	0.0	6.55910176997	-0.145068518995	-1.31999056815	7.38968431743	-0.451659954388	-0.446165174143	682
54	0.25	0.5	0.0	6.09815933811	-0.609224786425	-1.63148339393	6.98095856002	-1.00064799044	-0.964062319469	683
54	0.25	0.75	0.0	5.49616523677	-1.04664605273	-1.85983462452	6.43473276687	-1.49486508225	-1.4019681164	684
54	0.25	1.0	0.0	4.87321667579	-1.45273328931	-2.06453028268	5.84552820753	-1.90523465803	-1.74617824906	685
54	0.5	0.0	0.0	6.769210061	0.32532599994	-0.84738953729	7.58322549284	0.107942402005	0.170520860891	686
54	0.5	0.25	0.0	6.58970977487	-0.312407979573	-1.18020842684	7.4199506601	-0.657112951326	-0.233098300686	687
54	0.5	0.5	0.0	6.17649881695	-0.908152323059	-1.40339905343	7.04151012965	-1.36279434604	-0.569762207809	688
54	0.5	0.75	0.0	5.62619941037	-1.45529439138	-1.564650643	6.52366722558	-1.98912319212	-0.846085731456	689
54	0.5	1.0	0.0	5.03543377827	-1.94722154538	-1.71165242148	5.94218527197	-2.51612089956	-1.0686837426	690
54	0.75	0.0	0.0	6.7795247995	0.315373203964	-0.825136183537	7.60006221614	0.098807274925	0.206795484727	691
54	0.75	0.25	0.0	6.62036875235	-0.433510758001	-1.00225796239	7.44835153927	-0.801147441579	0.0184480064051	692
54	0.75	0.5	0.0	6.25503119143	-1.13353956004	-1.11235961642	7.09600836259	-1.62653265656	-0.109381432414	693
54	0.75	0.75	0.0	5.75685911564	-1.77057572101	-1.18892173194	6.60236709503	-2.35710853019	-0.202807878726	694
54	0.75	1.0	0.0	5.19919952387	-2.33048175976	-1.26542489529	6.02676214557	-2.97263522267	-0.287946379529	695
54	1.0	0.0	0.0	6.784213317	0.3119301	-0.800000008	7.60771527219	0.095735838641	0.238304964847	696
54	1.0	0.25	0.0	6.6371913504	-0.480154359253	-0.796471119821	7.46226756444	-0.833831983707	0.284907216198	697
54	1.0	0.5	0.0	6.29955271967	-1.22124292911	-0.791619293285	7.12334915713	-1.70605905134	0.342168485926	698
54	1.0	0.75	0.0	5.82980408611	-1.89617431041	-0.794046998606	6.64046288179	-2.48545275558	0.394488406854	699
54	1.0	1.0	0.0	5.286452111	-2.489787204	-0.812356706	6.06311157	-3.13652048772	0.426266611802	700
57	0.0	0.0	0.0	6.784213317	0.3119301	-0.800000008	7.60771527219	0.095735838641	0.238304964847	701
57	0.0	0.25	0.0	6.6371913504	-0.480154359253	-0.796471119821	7.46226756444	-0.833831983707	0.284907216198	702
57	0.0	0.5	0.0	6.29955271967	-1.22124292911	-0.791619293285	7.12334915713	-1.70605905134	0.342168485926	703
57	0.0	0.75	0.0	5.82980408611	-1.89617431041	-0.794046998606	6.64046288179	-2.48545275558	0.394488406854	704
57	0.0	1.0	0.0	5.286452111	-2.489787204	-0.812356706	6.06311157	-3.13652048772	0.426266611802	705
57	0.25	0.0	0.0	6.790282297	0.31521467194	-0.774412815906	7.60723979156	0.10007115054	0.27476383445	706
57	0.25	0.25	0.0	6.64322689052	-0.447648836398	-0.566027734044	7.46127646203	-0.767389407615	0.572561075965	707
57	0.25	0.5	0.0	6.30334249363	-1.16177956134	-0.41024555578	7.11886825874	-1.59766747037	0.835723143709	708
57	0.25	0.75	0.0	5.82604208627	-1.81041624802	-0.310965310413	6.62672810575	-2.34852848944	1.04563128291	709
57	0.25	1.0	0.0	5.26673864837	-2.37679764155	-0.272086027245	6.03156892709	-2.97773791653	1.1836667388	710
57	0.5	0.0	0.0	6.803634053	0.324903252551	-0.75234218839	7.60619373418	0.112071359063	0.320752152485	711
57	0.5	0.25	0.0	6.64888993275	-0.353954866314	-0.347971450481	7.45388402402	-0.645999334112	0.84886118389	712
57	0.5	0.5	0.0	6.28855709464	-0.99720757756	-0.0160522597454	7.09428513041	-1.36914001943	1.33825149061	713
57	0.5	0.75	0.0	5.78288553315	-1.57587794965	0.214270437903	6.57779311912	-2.03092328052	1.72973540322	714
57	0.5	1.0	0.0	5.19212524279	-2.06098905103	0.31385169655	5.95480405595	-2.604921701	1.96412525227	715
57	0.75	0.0	0.0	6.816985809	0.340748131887	-0.734178468679	7.60514767679	0.13022786631	0.362833562716	716
57	0.75	0.25	0.0	6.65335346578	-0.20431772922	-0.164630420244	7.44181492669	-0.462893091446	1.08174704953	717
57	0.75	0.5	0.0	6.27041286577	-0.739289411284	0.32580966619	7.05562986715	-1.03541572518	1.76516357761	718
57	0.75	0.75	0.0	5.73576362727	-1.22193988004	0.679201944189	6.50797725817	-1.57693736258	2.31643368305	719
57	0.75	1.0	0.0	5.11700536857	-1.61004210124	0.837606567319	5.86024185973	-2.07705533132	2.63890790197	720
57	1.0	0.0	0.0	6.823054789	0.3625016	-0.720312	7.60467219616	0.153032074383	0.387571708904	721
57	1.0	0.25	0.0	6.65579047832	-0.00398270533133	-0.0383327944444	7.4267938463	-0.211302007867	1.23915818245	722
57	1.0	0.5	0.0	6.26412615013	-0.399787496037	0.550189293399	7.00893256402	-0.611433614278	2.03186945567	723
57	1.0	0.75	0.0	5.72010556913	-0.777982503975	0.981370906293	6.43159985917	-1.03087096937	2.67535903769	724
57	1.0	1.0	0.0	5.0957725	-1.091637461	1.191328687	5.77530724161	-1.45312229768	3.07928043763	725
58	0.0	0.0	0.0	6.823054789	0.3625016	-0.720312	7.60467219616	0.153032074383	0.387571708904	726
58	0.0	0.25	0.0	6.65579047832	-0.00398270533133	-0.0383327944444	7.4267938463	-0.211302007867	1.23915818245	727
58	0.0	0.5	0.0	6.26412615013	-0.399787496037	0.550189293399	7.00893256402	-0.611433614278	2.03186945567	728
58	0.0	0.75	0.0	5.72010556913	-0.777982503975	0.981370906293	6.43159985917	-1.03087096937	2.67535903769	729
58	0.0	1.0	0.0	5.0957725	-1.091637461	1.191328687	5.77530724161	-1.45312229768	3.07928043763	730
58	0.25	0.0	0.0	6.82701370181	0.382547747615	-0.713471955059	7.60088819978	0.18331430264	0.391575624955	731
58	0.25	0.25	0.0	6.65840861777	0.182677347704	0.000190846798783	7.4112232973	0.017043893583	1.28188582476	732
58	0.25	0.5	0.0	6.2641959412	-0.071599491425	0.609783383587	6.96749533728	-0.218118843666	2.0896970439	733
58	0.25	0.75	0.0	5.72111212398	-0.340763133894	1.06069796187	6.36693702935	-0.506347463119	2.74882036162	734
58	0.25	1.0	0.0	5.10589361798	-0.585293943825	1.29832688823	5.70678108316	-0.831815518789	3.19306685718	735
58	0.5	0.0	0.0	6.83572331	0.402777493082	-0.711617664489	7.59256340774	0.22606342552	0.387190431966	736
58	0.5	0.25	0.0	6.66325305594	0.369083936505	-0.0210002958097	7.39430727194	0.2299290418	1.24758168959	737
58	0.5	0.5	0.0	6.26021600435	0.267566642695	0.568162944822	6.9295119717	0.172249188028	2.02362276456	738
58	0.5	0.75	0.0	5.71213124781	0.128342293287	1.00886205123	6.30709569446	0.0493351845131	2.65928550529	739
58	0.5	1.0	0.0	5.10451787893	-0.0184724300826	1.25408701724	5.63597662769	-0.142501648437	3.09854176023	740
58	0.75	0.0	0.0	6.84443291819	0.422850892008	-0.714738466675	7.5842386157	0.268656201859	0.377830146222	741
58	0.75	0.25	0.0	6.66872479551	0.547666131502	-0.0848097212193	7.37988888074	0.428677504249	1.15934415461	742
58	0.75	0.5	0.0	6.25796443699	0.596512827231	0.455823684285	6.899567657	0.540344698139	1.86967069504	743
58	0.75	0.75	0.0	5.70562119119	0.587386279271	0.866740098325	6.26129025057	0.58034090009	2.4547255954	744
58	0.75	1.0	0.0	5.10516440667	0.538281787701	1.10751786939	5.58307196749	0.525349226666	2.86042468357	745
58	1.0	0.0	0.0	6.848391831	0.442428	-0.7228237	7.58045461932	0.298469390493	0.366908784007	746
58	1.0	0.25	0.0	6.67322483915	0.710853003124	-0.174140928379	7.37181123421	0.6146133484	1.04027159749	747
58	1.0	0.5	0.0	6.26321933653	0.894040983089	0.303261309158	6.88224758293	0.866841904004	1.66386491274	748
58	1.0	0.75	0.0	5.71404020464	0.99442132576	0.675209027117	6.23873509372	1.03083361018	2.18311175863	749
58	1.0	1.0	0.0	5.121352325	1.014423417	0.90752824	5.56824519484	1.08226701981	2.543435164	750
61	0.0	0.0	0.0	6.848391831	0.442428	-0.7228237	7.58045461932	0.298469390493	0.366908784007	751
61	0.0	0.25	0.0	6.67322483915	0.710853003124	-0.174140928379	7.37181123421	0.6146133484	1.04027159749	752
61	0.0	0.5	0.0	6.26321933653	0.894040983089	0.303261309158	6.88224758293	0.866841904004	1.66386491274	753
61	0.0	0.75	0.0	5.71404020464	0.99442132576	0.675209027117	6.23873509372	1.03083361018	2.18311175863	754
61	0.0	1.0	0.0	5.121352325	1.014423417	0.90752824	5.56824519484	1.08226701981	2.543435164	755
61	0.25	0.0	0.0	6.84756600459	0.452903740174	-0.729590292215	7.57992975955	0.302211110612	0.352957547408	756
61	0.25	0.25	0.0	6.67551301824	0.791804433327	-0.229947162589	7.37074839106	0.709095012486	0.965774351258	757
61	0.25	0.5	0.0	6.27205374741	1.03462549893	0.212268052316	6.88076002713	1.01796464727	1.53692407564	758
61	0.25	0.75	0.0	5.72954788446	1.17745992377	0.562442586626	6.23960844007	1.22027093649	2.01466102858	759
61	0.25	1.0	0.0	5.14035512175	1.21640069462	0.785963674467	5.57693740222	1.3074648017	2.34723951813	760
61	0.5	0.0	0.0	6.8457491865	0.462274915306	-0.737725084694	7.57877506805	0.296767441624	0.329016537285	761
61	0.5	0.25	0.0	6.67870717757	0.870226005643	-0.294281789977	7.37035737265	0.798225349445	0.878978683056	762
61	0.5	0.5	0.0	6.28568486501	1.17851888019	0.103694799406	6.88278420365	1.16665859734	1.38099831204	763
61	0.5	0.75	0.0	5.75260051713	1.37004664972	0.421478376407	6.24633813381	1.41022706181	1.79639609981	764
61	0.5	1.0	0.0	5.16537240226	1.42770242501	0.624342633983	5.59130173592	1.53709061936	2.08649272193	765
61	0.75	0.0	0.0	6.84393236841	0.470409707785	-0.747096259826	7.57762037654	0.290087389982	0.30383914451	766
61	0.75	0.25	0.0	6.68214601574	0.939299603767	-0.365071182953	7.37009141155	0.87758863349	0.784329764335	767
61	0.75	0.5	0.0	6.29968568454	1.30756290532	-0.0141156073399	6.88539524056	1.29719453701	1.21172604924	768
61	0.75	0.75	0.0	5.77506916627	1.54278892413	0.267990519301	6.25453765088	1.57531938793	1.55953622307	769
61	0.75	1.0	0.0	5.18681425239	1.6125669719	0.443467249258	5.6085244298	1.73837747364	1.80126850971	770
61	1.0	0.0	0.0	6.843106542	0.4771763	-0.757572	7.57709551677	0.290119962143	0.286178759952	771
61	1.0	0.25	0.0	6.68516823137	0.992207111391	-0.440241713928	7.36940374033	0.942769138832	0.68627276655	772
61	1.0	0.5	0.0	6.30962920125	1.40359935275	-0.132820325686	6.88566826595	1.39384324907	1.0447457145	773
61	1.0	0.75	0.0	5.7888248955	1.66629416749	0.117653138149	6.25982046721	1.69016531664	1.33530064914	774
61	1.0	1.0	0.0	5.195090758	1.735232699	0.264139651	5.62579171771	1.87855836534	1.53164061581	775
62	0.0	0.0	0.0	6.843106542	0.4771763	-0.757572	7.57709551677	0.290119962143	0.286178759952	776
62	0.0	0.25	0.0	6.68516823137	0.992207111391	-0.440241713928	7.36940374033	0.942769138832	0.68627276655	777
62	0.0	0.5	0.0	6.30962920125	1.40359935275	-0.132820325686	6.88566826595	1.39384324907	1.0447457145	778
62	0.0	0.75	0.0	5.7888248955	1.66629416749	0.117653138149	6.25982046721	1.69016531664	1.33530064914	779
62	0.0	1.0	0.0	5.195090758	1.735232699	0.264139651	5.62579171771	1.87855836534	1.53164061581	780
62	0.25	0.0	0.0	6.83911152044	0.48244278471	-0.768218680115	7.57542853601	0.293070704828	0.273959054886	781
62	0.25	0.25	0.0	6.68207173012	1.02194331838	-0.51997179309	7.36652732611	0.983910851847	0.584024004811	782
62	0.25	0.5	0.0	6.3066551156	1.45035543789	-0.262996859414	6.88131200223	1.44533544372	0.870325796304	783
62	0.25	0.75	0.0	5.7827013854	1.72043003461	-0.050200050059	6.25830059694	1.7453260327	1.10223681055	784
62	0.25	1.0	0.0	5.18005024801	1.7849179999	0.0655124640045	5.63601114283	1.95186417104	1.24912942874	785
62	0.5	0.0	0.0	6.830322473	0.485791419168	-0.777972510835	7.57176117832	0.291324706832	0.260744569274	786
62	0.5	0.25	0.0	6.67154856342	1.03125144126	-0.602549442988	7.36136203725	0.997316392087	0.478198287104	787
62	0.5	0.5	0.0	6.29080499909	1.45890331405	-0.414343229686	6.87370873568	1.46080867041	0.674245105114	788
62	0.5	0.75	0.0	5.75930687971	1.72722514599	-0.258344717948	6.25196530916	1.76453150266	0.825331564457	789
62	0.5	1.0	0.0	5.14826930497	1.79469504552	-0.179544754793	5.63929579325	1.99121484968	0.907904206285	790
62	0.75	0.0	0.0	6.82153342556	0.487555894042	-0.788133083388	7.56809382064	0.287994549252	0.247123341829	791
62	0.75	0.25	0.0	6.65915828933	1.02882995191	-0.687925196509	7.35610400533	0.993106919917	0.370579988893	792
62	0.75	0.5	0.0	6.26998586646	1.44647355716	-0.572608791987	6.86581137615	1.45535265662	0.47426341865	793
62	0.75	0.75	0.0	5.73007913667	1.70809362337	-0.475777863867	6.24486465925	1.76327366143	0.543460937843	794
62	0.75	1.0	0.0	5.1155010797	1.78129706414	-0.431026406194	5.64091258075	2.00541183638	0.563459853211	795
62	1.0	0.0	0.0	6.817538404	0.4880699	-0.799999989	7.56642683988	0.286192813185	0.233683411266	796
62	1.0	0.25	0.0	6.65046046593	1.02337732224	-0.77604958654	7.35294936193	0.9814035957	0.262953485638	797
62	1.0	0.5	0.0	6.25210473247	1.43029674317	-0.723542901805	6.86057283351	1.44405712982	0.288140514629	798
62	1.0	0.75	0.0	5.70645591452	1.68444958852	-0.671496486167	6.24104870258	1.7570444439	0.295500957695	799
62	1.0	1.0	0.0	5.097498723	1.761457284	-0.648926891	5.6461284171	2.00325656628	0.271291274289	800
