Elem	xi[0]	xi[1]	xi[2]	Y[0]	Y[1]	Y[2]	y[0]	y[1]	y[2]	Index
1	0.0	0.0	0.0	0.286175336	2.189973286	-0.291273722	0.329891102868	1.63829916191	0.296682283853	1
1	0.0	0.25	0.0	-0.20806914714	2.06272602387	-0.289080467095	-0.165984593412	1.53910375469	0.284303995704	2
1	0.0	0.5	0.0	-0.695301118249	1.97602389512	-0.29632619097	-0.672426310024	1.45481859557	0.261292220069	3
1	0.0	0.75	0.0	-1.18241619623	1.88830775081	-0.29699114836	-1.17925959591	1.37421628541	0.238473131179	4
1	0.0	1.0	0.0	-1.67631	1.758018442	-0.275055594	-1.67631	1.28606942506	0.226672903266	5
1	0.25	0.0	0.0	0.321687515997	2.06262178045	-0.514775502281	0.361363802644	1.62512978127	-0.101232685158	6
1	0.25	0.25	0.0	-0.182277427138	1.91229534526	-0.525597356885	-0.141481433341	1.50943577652	-0.124911913741	7
1	0.25	0.5	0.0	-0.681311017678	1.81012566903	-0.547696835847	-0.660941112256	1.41637072802	-0.156612741574	8
1	0.25	0.75	0.0	-1.18065615897	1.71742627201	-0.555307781995	-1.18097822297	1.32735470263	-0.178306266468	9
1	0.25	1.0	0.0	-1.68555575435	1.59551067447	-0.522664038158	-1.68555575435	1.22380776721	-0.171963586233	10
1	0.5	0.0	0.0	0.381824743113	1.8542079148	-0.761240423262	0.417323173163	1.58333782391	-0.582526871206	11
1	0.5	0.25	0.0	-0.151058843958	1.68246792622	-0.781509897119	-0.104360693763	1.44625007299	-0.619456289489	12
1	0.5	0.5	0.0	-0.670355760303	1.573989145	-0.813470892897	-0.639512112229	1.33797194787	-0.646144697699	13
1	0.5	0.75	0.0	-1.1857569057	1.48669209407	-0.830270988567	-1.17731497627	1.24097438173	-0.653235912814	14
1	0.5	1.0	0.0	-1.70695317992	1.37849729632	-0.805057762099	-1.70695317992	1.13772830776	-0.631373751812	15
1	0.75	0.0	0.0	0.433447910673	1.5909861995	-0.974858447862	0.468395375277	1.49652422597	-1.05778334023	16
1	0.75	0.25	0.0	-0.126461022992	1.41071100347	-1.00075545901	-0.0699729019177	1.33934462743	-1.10072867254	17
1	0.75	0.5	0.0	-0.663961843134	1.29802156124	-1.03575264386	-0.618463533854	1.21460991563	-1.11640798267	18
1	0.75	0.75	0.0	-1.19147326792	1.2097501229	-1.05397666593	-1.17097705893	1.10545734306	-1.10999332301	19
1	0.75	1.0	0.0	-1.72141401553	1.10272893852	-1.02955418874	-1.72141401553	0.99502416218	-1.08665674595	20
1	1.0	0.0	0.0	0.443417912	1.299211145	-1.099819539	0.485206569839	1.34828992353	-1.43758515816	21
1	1.0	0.25	0.0	-0.120531589629	1.13449181374	-1.12727141378	-0.0536685850464	1.17851742318	-1.47012860388	22
1	1.0	0.5	0.0	-0.66365576318	1.01263015594	-1.15664637047	-0.608119601039	1.04127229184	-1.47650693084	23
1	1.0	0.75	0.0	-1.19156007714	0.900245264417	-1.15852071193	-1.16467167405	0.911185606961	-1.4722560122	24
1	1.0	1.0	0.0	-1.70985	0.763956232	-1.103470741	-1.70985	0.762888445957	-1.47291172112	25
2	0.0	0.0	0.0	0.443417912	1.299211145	-1.099819539	0.485206569839	1.34828992353	-1.43758515816	26
2	0.0	0.25	0.0	-0.120531589629	1.13449181374	-1.12727141378	-0.0536685850464	1.17851742318	-1.47012860388	27
2	0.0	0.5	0.0	-0.66365576318	1.01263015594	-1.15664637047	-0.608119601039	1.04127229184	-1.47650693084	28
2	0.0	0.75	0.0	-1.19156007714	0.900245264417	-1.15852071193	-1.16467167405	0.911185606961	-1.4722560122	29
2	0.0	1.0	0.0	-1.70985	0.763956232	-1.103470741	-1.70985	0.762888445957	-1.47291172112	30
2	0.25	0.0	0.0	0.41137200817	0.973945737329	-1.16264329407	0.455395578521	1.14315859942	-1.7418206849	31
2	0.25	0.25	0.0	-0.125937196177	0.845944989711	-1.18671935097	-0.0631230694792	0.975611148427	-1.75379646242	32
2	0.25	0.5	0.0	-0.652741158674	0.732253445556	-1.2023431927	-0.601945634992	0.842398107994	-1.74081255945	33
2	0.25	0.75	0.0	-1.16662104783	0.617552874755	-1.18355331371	-1.14223599642	0.710491579417	-1.72593831696	34
2	0.25	1.0	0.0	-1.66515803216	0.486525047197	-1.10438820846	-1.66515803216	0.54686366399	-1.73224307591	35
2	0.5	0.0	0.0	0.373501615575	0.643585088578	-1.23060538965	0.404628815702	0.918188586007	-2.00885285789	36
2	0.5	0.25	0.0	-0.126890675743	0.53700762532	-1.24745569854	-0.0870882192975	0.755415491481	-2.01768170885	37
2	0.5	0.5	0.0	-0.624934363929	0.424776302726	-1.25128185486	-0.591766215861	0.619986299159	-2.00338307361	38
2	0.5	0.75	0.0	-1.11657788346	0.320268417701	-1.22537770009	-1.09884631777	0.491005405057	-1.98323540574	39
2	0.5	1.0	0.0	-1.59776966881	0.236861267146	-1.15303707574	-1.59776966881	0.347577205189	-1.97451715883	40
2	0.75	0.0	0.0	0.346784391443	0.320389940538	-1.32238131015	0.358397592143	0.666089511649	-2.24203803217	41
2	0.75	0.25	0.0	-0.12221102694	0.227231922441	-1.32409496848	-0.109576525735	0.509785327799	-2.24984547283	42
2	0.75	0.5	0.0	-0.594449349605	0.12129643546	-1.31948790154	-0.580558137249	0.375192992644	-2.24048918319	43
2	0.75	0.75	0.0	-1.06609664237	0.0335927702011	-1.29589984278	-1.05499102487	0.256074028341	-2.21888264005	44
2	0.75	1.0	0.0	-1.53331897105	-0.0048697827282	-1.24067052565	-1.53331897105	0.146189957052	-2.18993932021	45
2	1.0	0.0	0.0	0.348197993	0.016621035	-1.45664654	0.342193218606	0.3795710047	-2.44473256279	46
2	1.0	0.25	0.0	-0.110717248383	-0.0638299170542	-1.43125167276	-0.114600480027	0.230575532846	-2.43834888401	47
2	1.0	0.5	0.0	-0.575500086364	-0.147088448233	-1.42298687733	-0.571298192758	0.109174315754	-2.42840159807	48
2	1.0	0.75	0.0	-1.03984338291	-0.217273190796	-1.40702571348	-1.03115850446	0.00904439372938	-2.40761538139	49
2	1.0	1.0	0.0	-1.49744	-0.258502777	-1.358541741	-1.49744	-0.076137192921	-2.36871491042	50
5	0.0	0.0	0.0	0.348197993	0.016621035	-1.45664654	0.342193218606	0.3795710047	-2.44473256279	51
5	0.0	0.25	0.0	-0.110717248383	-0.0638299170542	-1.43125167276	-0.114600480027	0.230575532846	-2.43834888401	52
5	0.0	0.5	0.0	-0.575500086364	-0.147088448233	-1.42298687733	-0.571298192758	0.109174315754	-2.42840159807	53
5	0.0	0.75	0.0	-1.03984338291	-0.217273190796	-1.40702571348	-1.03115850446	0.00904439372938	-2.40761538139	54
5	0.0	1.0	0.0	-1.49744	-0.258502777	-1.358541741	-1.49744	-0.076137192921	-2.36871491042	55
5	0.25	0.0	0.0	0.388092152391	-0.746448243984	-1.90227886682	0.385763501681	-0.492580401901	-2.93812232029	56
5	0.25	0.25	0.0	-0.0810618905892	-0.809453629213	-1.79008002579	-0.0901468275437	-0.628059732315	-2.86612366815	57
5	0.25	0.5	0.0	-0.560144630723	-0.847324351812	-1.73749005638	-0.566662450825	-0.715489412317	-2.81244050841	58
5	0.25	0.75	0.0	-1.03841286188	-0.895956863563	-1.68649175159	-1.03968681776	-0.777395540483	-2.75669272413	59
5	0.25	1.0	0.0	-1.50512337794	-0.991247616247	-1.57906790444	-1.50512337794	-0.83630421539	-2.6785001984	60
5	0.5	0.0	0.0	0.406253730739	-1.54020184535	-2.35456593025	0.464620090589	-1.48720733242	-3.37148181627	61
5	0.5	0.25	0.0	-0.0686330647931	-1.60874329184	-2.16259900796	-0.0603150591796	-1.61074900945	-3.23738478734	62
5	0.5	0.5	0.0	-0.556456112714	-1.64585307164	-2.00429469856	-0.577548691166	-1.68074200927	-3.10242109374	63
5	0.5	0.75	0.0	-1.05697492465	-1.68104881603	-1.83614840673	-1.08234020798	-1.72061717073	-2.95625569788	64
5	0.5	1.0	0.0	-1.56994901221	-1.74384815629	-1.61465553717	-1.56994901221	-1.75380533265	-2.78855356218	65
5	0.75	0.0	0.0	0.410481860468	-2.31740145079	-2.71141725531	0.556311328357	-2.49011528575	-3.60262751261	66
5	0.75	0.25	0.0	-0.072615418318	-2.39922470741	-2.46600926679	-0.0219586172651	-2.60427402301	-3.42572912206	67
5	0.75	0.5	0.0	-0.564190428698	-2.44534150219	-2.19490410222	-0.585498335145	-2.66156919634	-3.21264423782	68
5	0.75	0.75	0.0	-1.08374791971	-2.46443298074	-1.89443485169	-1.12990921346	-2.68204969344	-2.9739427432	69
5	0.75	1.0	0.0	-1.65079264038	-2.46518028869	-1.56093460531	-1.65079264038	-2.68576440202	-2.7201945215	70
5	1.0	0.0	0.0	0.408575674	-3.030808742	-2.870742367	0.638385558011	-3.38710976083	-3.48937587113	71
5	1.0	0.25	0.0	-0.0921935984878	-3.11842367844	-2.61751144978	0.0280690558691	-3.49541649748	-3.30475355278	72
5	1.0	0.5	0.0	-0.583103475035	-3.14845653795	-2.28082156571	-0.572052804128	-3.53295669475	-3.05741082443	73
5	1.0	0.75	0.0	-1.10695019556	-3.13799329024	-1.89979025929	-1.15318437256	-3.52312230505	-2.77739230068	74
5	1.0	1.0	0.0	-1.70653	-3.104119905	-1.513535075	-1.70653	-3.4893052808	-2.49474259612	75
6	0.0	0.0	0.0	0.408575674	-3.030808742	-2.870742367	0.638385558011	-3.38710976083	-3.48937587113	76
6	0.0	0.25	0.0	-0.0921935984878	-3.11842367844	-2.61751144978	0.0280690558691	-3.49541649748	-3.30475355278	77
6	0.0	0.5	0.0	-0.583103475035	-3.14845653795	-2.28082156571	-0.572052804128	-3.53295669475	-3.05741082443	78
6	0.0	0.75	0.0	-1.10695019556	-3.13799329024	-1.89979025929	-1.15318437256	-3.52312230505	-2.77739230068	79
6	0.0	1.0	0.0	-1.70653	-3.104119905	-1.513535075	-1.70653	-3.4893052808	-2.49474259612	80
6	0.25	0.0	0.0	0.46452020752	-3.72962446608	-2.6503108878	0.706664225387	-4.18238127232	-2.88897022323	81
6	0.25	0.25	0.0	-0.0620517746233	-3.80884798046	-2.43400780286	0.0837896733949	-4.27079329423	-2.74143006273	82
6	0.25	0.5	0.0	-0.570202726263	-3.79098685993	-2.11975875934	-0.537524394394	-4.2578192651	-2.53560156237	83
6	0.25	0.75	0.0	-1.10697942159	-3.72647448392	-1.76248943795	-1.14326736734	-4.19022091263	-2.30043933146	84
6	0.25	1.0	0.0	-1.71942863481	-3.66574423184	-1.41712551938	-1.71942863481	-4.11475996452	-2.06489797935	85
6	0.5	0.0	0.0	0.584999997117	-4.41615150246	-2.07116924611	0.770622638086	-4.91249526205	-1.90415842258	86
6	0.5	0.25	0.0	0.0333026651248	-4.49675508031	-1.91070727462	0.136733419772	-4.98412079096	-1.81182197709	87
6	0.5	0.5	0.0	-0.515189206844	-4.46706863816	-1.67742441938	-0.498619332748	-4.9487605167	-1.67835188305	88
6	0.5	0.75	0.0	-1.08895321178	-4.38015966341	-1.41641479899	-1.12112349504	-4.85841064938	-1.52432653397	89
6	0.5	1.0	0.0	-1.71646694269	-4.28909564344	-1.17277253205	-1.71646694269	-4.7650673991	-1.37032432337	90
6	0.75	0.0	0.0	0.692125063405	-4.89941950336	-1.33321765211	0.820598094543	-5.4229797096	-0.797702173943	91
6	0.75	0.25	0.0	0.122529599589	-4.98195570995	-1.22988123328	0.180140275102	-5.47966131626	-0.762808418913	92
6	0.75	0.5	0.0	-0.464094243634	-4.9679517657	-1.09287354356	-0.463370369048	-5.44662918212	-0.710585375217	93
6	0.75	0.75	0.0	-1.07223889399	-4.89116148095	-0.94721164395	-1.09664549984	-5.36424393767	-0.648977797899	94
6	0.75	1.0	0.0	-1.70639677922	-4.78533866607	-0.817912595455	-1.70639677922	-5.27286621339	-0.585930442005	95
6	1.0	0.0	0.0	0.708005427	-4.988458121	-0.636356316	0.846927893195	-5.55936259453	0.167636817955	96
6	1.0	0.25	0.0	0.1342889076	-5.06426060135	-0.573801047075	0.207250219486	-5.6016771987	0.158731488745	97
6	1.0	0.5	0.0	-0.462949163488	-5.0848861356	-0.505161129637	-0.439810253153	-5.59227399393	0.142774372403	98
6	1.0	0.75	0.0	-1.07620379608	-5.0515925888	-0.44052527438	-1.07972612592	-5.54427319989	0.125682987086	99
6	1.0	1.0	0.0	-1.69797	-4.965637826	-0.389982192	-1.69797	-5.47079503625	0.113374850952	100
9	0.0	0.0	0.0	0.708005427	-4.988458121	-0.636356316	0.846927893195	-5.55936259453	0.167636817955	101
9	0.0	0.25	0.0	0.1342889076	-5.06426060135	-0.573801047075	0.207250219486	-5.6016771987	0.158731488745	102
9	0.0	0.5	0.0	-0.462949163488	-5.0848861356	-0.505161129637	-0.439810253153	-5.59227399393	0.142774372403	103
9	0.0	0.75	0.0	-1.07620379608	-5.0515925888	-0.44052527438	-1.07972612592	-5.54427319989	0.125682987086	104
9	0.0	1.0	0.0	-1.69797	-4.965637826	-0.389982192	-1.69797	-5.47079503625	0.113374850952	105
9	0.25	0.0	0.0	0.622103407545	-4.59787181887	-0.0909415178472	0.817930582345	-5.24697816473	1.00401768451	106
9	0.25	0.25	0.0	0.0608316741567	-4.66057944357	-0.0307954545735	0.193674272616	-5.28034289378	1.0055022824	107
9	0.25	0.5	0.0	-0.519960950103	-4.70343192656	0.0480817885036	-0.444605699568	-5.29598399717	1.01105054368	108
9	0.25	0.75	0.0	-1.10814024581	-4.70867650639	0.116364297156	-1.07899317476	-5.2852503355	1.00782267111	109
9	0.25	1.0	0.0	-1.69157199353	-4.65856042164	0.144726157154	-1.69157199353	-5.23949076937	0.982978867445	110
9	0.5	0.0	0.0	0.507142886663	-3.89129679039	0.330947587705	0.737977763085	-4.62326588293	1.81596656698	111
9	0.5	0.25	0.0	-0.0293126304682	-3.94808834124	0.386339830947	0.140157003595	-4.65732179856	1.83555687875	112
9	0.5	0.5	0.0	-0.585346440482	-3.9935622135	0.460879293916	-0.478164808607	-4.68543213602	1.85830718111	113
9	0.5	0.75	0.0	-1.14367958124	-4.00962017941	0.521715283791	-1.09466804838	-4.695803617	1.87236052997	114
9	0.5	1.0	0.0	-1.68703309059	-3.97816401118	0.535997107748	-1.68703309059	-4.67664296317	1.86585998125	115
9	0.75	0.0	0.0	0.405828929949	-3.03806222421	0.683859490155	0.652356958917	-3.84403069042	2.54154190729	116
9	0.75	0.25	0.0	-0.101932297564	-3.09145735938	0.736067152634	0.0804746042692	-3.88257207583	2.57848044329	117
9	0.75	0.5	0.0	-0.633964231988	-3.12856234078	0.793023568356	-0.518436598395	-3.91321165308	2.60941298865	118
9	0.75	0.75	0.0	-1.16930310352	-3.14041049501	0.832010649806	-1.11678654772	-3.92976296005	2.6319001922	119
9	0.75	1.0	0.0	-1.68698514236	-3.11803514862	0.830310309469	-1.68698514236	-3.92603953463	2.64350270278	120
9	1.0	0.0	0.0	0.360866603	-2.207497309	1.022342679	0.606355693341	-3.06507752845	3.11880214733	121
9	1.0	0.25	0.0	-0.122815618421	-2.25535656302	1.07684885364	0.0484032664858	-3.10605188841	3.16385814152	122
9	1.0	0.5	0.0	-0.640672921983	-2.28171765273	1.10430679358	-0.543370087057	-3.13191579096	3.18923667025	123
9	1.0	0.75	0.0	-1.1714921138	-2.28703434033	1.10373335948	-1.13538447374	-3.14095828032	3.19904528631	124
9	1.0	1.0	0.0	-1.69406	-2.271760388	1.074145412	-1.69406	-3.13146840073	3.19739154247	125
10	0.0	0.0	0.0	0.360866603	-2.207497309	1.022342679	0.606355693341	-3.06507752845	3.11880214733	126
10	0.0	0.25	0.0	-0.122815618421	-2.25535656302	1.07684885364	0.0484032664858	-3.10605188841	3.16385814152	127
10	0.0	0.5	0.0	-0.640672921983	-2.28171765273	1.10430679358	-0.543370087057	-3.13191579096	3.18923667025	128
10	0.0	0.75	0.0	-1.1714921138	-2.28703434033	1.10373335948	-1.13538447374	-3.14095828032	3.19904528631	129
10	0.0	1.0	0.0	-1.69406	-2.271760388	1.074145412	-1.69406	-3.13146840073	3.19739154247	130
10	0.25	0.0	0.0	0.406175643636	-1.30951161399	1.45347115495	0.628415751648	-2.09789994264	3.56251329609	131
10	0.25	0.25	0.0	-0.082768298833	-1.37189600132	1.49642916403	0.0562706564268	-2.161420908	3.59713001653	132
10	0.25	0.5	0.0	-0.609952013276	-1.43756262037	1.44823542203	-0.546349862044	-2.23471958288	3.57320596823	133
10	0.25	0.75	0.0	-1.15958476687	-1.4904032381	1.35053387487	-1.14766046828	-2.2940299483	3.51580607342	134
10	0.25	1.0	0.0	-1.71587582681	-1.51430962146	1.24496846847	-1.71587582681	-2.31558598524	3.44999525433	135
10	0.5	0.0	0.0	0.504052093977	-0.378336836838	1.84088615072	0.683440121702	-0.964181921574	3.76692250242	136
10	0.5	0.25	0.0	-0.0211358117319	-0.458614530202	1.85743684167	0.075194423381	-1.0514719382	3.7931508659	137
10	0.5	0.5	0.0	-0.57368164434	-0.564088683393	1.72210362759	-0.545913760413	-1.17885084794	3.72248144043	138
10	0.5	0.75	0.0	-1.15075143124	-0.66662273127	1.5134302105	-1.16058283353	-1.30677360245	3.59953009831	139
10	0.5	1.0	0.0	-1.74951119981	-0.738080108689	1.30996029245	-1.74951119981	-1.39569515344	3.46891271185	140
10	0.75	0.0	0.0	0.588809547829	0.515996517982	2.00491077188	0.717251089609	0.137314001522	3.67006422369	141
10	0.75	0.25	0.0	0.0271690797207	0.415815810884	1.99275956098	0.0761217007375	0.0323088799983	3.68950237335	142
10	0.75	0.5	0.0	-0.54539114501	0.276312996561	1.80486937968	-0.556658782685	-0.131939064198	3.59980399137	143
10	0.75	0.75	0.0	-1.1430799035	0.13364446381	1.53226277393	-1.17682359559	-0.313359561385	3.45134473842	144
10	0.75	1.0	0.0	-1.78010597291	0.0239666014297	1.26596228971	-1.78010597291	-0.469882341882	3.29450027518	145
10	1.0	0.0	0.0	0.594761599	1.303457946	1.765868124	0.675670941471	1.00782529344	3.20997291724	146
10	1.0	0.25	0.0	0.0272336123631	1.1827229825	1.73528499642	0.0299996218854	0.898435405642	3.22376622258	147
10	1.0	0.5	0.0	-0.538609845121	1.02125125787	1.57549064774	-0.593181929378	0.738386290257	3.16791452557	148
10	1.0	0.75	0.0	-1.13465798029	0.859735630802	1.3468719727	-1.19905478058	0.552041856325	3.0723773712	149
10	1.0	1.0	0.0	-1.7928	0.73886896	1.109815866	-1.7928	0.363766012887	2.96711430447	150
13	0.0	0.0	0.0	0.594761599	1.303457946	1.765868124	0.675670941471	1.00782529344	3.20997291724	151
13	0.0	0.25	0.0	0.0272336123631	1.1827229825	1.73528499642	0.0299996218854	0.898435405642	3.22376622258	152
13	0.0	0.5	0.0	-0.538609845121	1.02125125787	1.57549064774	-0.593181929378	0.738386290257	3.16791452557	153
13	0.0	0.75	0.0	-1.13465798029	0.859735630802	1.3468719727	-1.19905478058	0.552041856325	3.0723773712	154
13	0.0	1.0	0.0	-1.7928	0.73886896	1.109815866	-1.7928	0.363766012887	2.96711430447	155
13	0.25	0.0	0.0	0.548313875843	1.50424575939	1.55253006396	0.615814586887	1.1758153228	2.92428171357	156
13	0.25	0.25	0.0	-0.00532161842226	1.38985010119	1.5308216694	-0.0105461882255	1.07757788907	2.94273101991	157
13	0.25	0.5	0.0	-0.562956879303	1.24136249596	1.41079066391	-0.61714647529	0.938883591799	2.91512551931	158
13	0.25	0.75	0.0	-1.14873659954	1.09300549761	1.23550122745	-1.20792124595	0.777555578038	2.8604102337	159
13	0.25	1.0	0.0	-1.78680547186	0.97900166007	1.04801753998	-1.78680547186	0.611416994825	2.79753018499	160
13	0.5	0.0	0.0	0.464439524897	1.65391567251	1.27609781038	0.521381830803	1.25773214146	2.54871360826	161
13	0.5	0.25	0.0	-0.0663828792677	1.56220440088	1.27917635349	-0.0685423320158	1.18152943902	2.58007164679	162
13	0.5	0.5	0.0	-0.615231463158	1.45035065847	1.21500996297	-0.648235354159	1.07767086469	2.58794436624	163
13	0.5	0.75	0.0	-1.18363317385	1.33581344349	1.1112730515	-1.21674398112	0.960407338267	2.58116236053	164
13	0.5	1.0	0.0	-1.77311495841	1.23605175412	0.995640031746	-1.77311495841	0.843989779535	2.5685562236	165
13	0.75	0.0	0.0	0.371543492752	1.77707474762	0.986429507862	0.423705650251	1.30244297839	2.14972018875	166
13	0.75	0.25	0.0	-0.136379787324	1.70974016518	1.01840115771	-0.127075902473	1.2467688593	2.19542484559	167
13	0.75	0.5	0.0	-0.672673084071	1.6411442358	1.01394719387	-0.67899057424	1.17993302387	2.23999473788	168
13	0.75	0.75	0.0	-1.21898633203	1.5685154102	0.984351467655	-1.22472591276	1.1097017064	2.28025497303	169
13	0.75	1.0	0.0	-1.75696946575	1.48908213911	0.94089783039	-1.75696946575	1.04384114122	2.31303065846	170
13	1.0	0.0	0.0	0.298030726	1.898330047	0.733383301	0.354119022262	1.35881506252	1.79375304254	171
13	1.0	0.25	0.0	-0.195741959744	1.84241167774	0.786548191076	-0.169233992585	1.3097749537	1.84842735867	172
13	1.0	0.5	0.0	-0.712521229431	1.80667171835	0.833401005529	-0.701954143785	1.27085498425	1.92490030578	173
13	1.0	0.75	0.0	-1.2344347029	1.77146733954	0.864900498717	-1.23106996753	1.23454325183	2.00330929257	174
13	1.0	1.0	0.0	-1.74361	1.717155712	0.872005425	-1.74361	1.1933278541	2.06379172771	175
14	0.0	0.0	0.0	0.298030726	1.898330047	0.733383301	0.354119022262	1.35881506252	1.79375304254	176
14	0.0	0.25	0.0	-0.195741959744	1.84241167774	0.786548191076	-0.169233992585	1.3097749537	1.84842735867	177
14	0.0	0.5	0.0	-0.712521229431	1.80667171835	0.833401005529	-0.701954143785	1.27085498425	1.92490030578	178
14	0.0	0.75	0.0	-1.2344347029	1.77146733954	0.864900498717	-1.23106996753	1.23454325183	2.00330929257	179
14	0.0	1.0	0.0	-1.74361	1.717155712	0.872005425	-1.74361	1.1933278541	2.06379172771	180
14	0.25	0.0	0.0	0.267366856404	2.02007288402	0.497203486615	0.326533438512	1.44193208502	1.45898537382	181
14	0.25	0.25	0.0	-0.223732205594	1.9625357336	0.548589028919	-0.18522265924	1.38923155427	1.49930448495	182
14	0.25	0.5	0.0	-0.722343375368	1.94741773249	0.605006998153	-0.706856576053	1.3629821922	1.56122816183	183
14	0.25	0.75	0.0	-1.22455974299	1.93701657711	0.651025763583	-1.22504744485	1.34111234989	1.62521262362	184
14	0.25	1.0	0.0	-1.72647439855	1.89362996385	0.671213694472	-1.72647439855	1.30155037843	1.67171408949	185
14	0.5	0.0	0.0	0.262965236787	2.13452170787	0.209571671046	0.318110041831	1.53487688435	1.05031921289	186
14	0.5	0.25	0.0	-0.230614875159	2.05767232414	0.247727544983	-0.186004758393	1.467966297	1.07119551763	187
14	0.5	0.5	0.0	-0.719413628896	2.02924492781	0.289877666337	-0.696375058023	1.42515635041	1.10635252845	188
14	0.5	0.75	0.0	-1.20902887037	2.00253800968	0.324648308206	-1.20529492957	1.38895805641	1.14055685086	189
14	0.5	1.0	0.0	-1.70505844553	1.93085006055	0.340665743689	-1.70505844553	1.34188242684	1.15857509038	190
14	0.75	0.0	0.0	0.273132514277	2.20378551103	-0.072318585296	0.321634155517	1.60966179761	0.63910227712	191
14	0.75	0.25	0.0	-0.223142883865	2.10025717801	-0.0526307804485	-0.177589124848	1.52493756833	0.640671630096	192
14	0.75	0.5	0.0	-0.708732654896	2.04212356259	-0.0359217950075	-0.681301124434	1.45617072837	0.644848762313	193
14	0.75	0.75	0.0	-1.19319628735	1.98173421	-0.022075963684	-1.18547734036	1.39451461903	0.646068258611	194
14	0.75	1.0	0.0	-1.68609326974	1.87143866547	-0.0109776211892	-1.68609326974	1.33112258163	0.638764703831	195
14	1.0	0.0	0.0	0.286175336	2.189973286	-0.291273722	0.329891102868	1.63829916191	0.296682283853	196
14	1.0	0.25	0.0	-0.20806914714	2.06272602387	-0.289080467095	-0.165984593412	1.53910375469	0.284303995704	197
14	1.0	0.5	0.0	-0.695301118249	1.97602389512	-0.29632619097	-0.672426310024	1.45481859557	0.261292220069	198
14	1.0	0.75	0.0	-1.18241619623	1.88830775081	-0.29699114836	-1.17925959591	1.37421628541	0.238473131179	199
14	1.0	1.0	0.0	-1.67631	1.758018442	-0.275055594	-1.67631	1.28606942506	0.226672903266	200
17	0.0	0.0	0.0	5.097498723	1.761457284	-0.648926891	5.5637179299	1.826127576	0.120153875976	201
17	0.0	0.25	0.0	4.41317418932	1.904877855	-0.660262128358	4.95112874175	2.07450253602	0.0787659350422	202
17	0.0	0.5	0.0	3.77857554107	2.26134990826	-0.675322601256	4.34681790207	2.2427478649	0.0762919477382	203
17	0.0	0.75	0.0	3.18926867754	2.65166109614	-0.672097401026	3.72289418001	2.3165657377	0.105080479094	204
17	0.0	1.0	0.0	2.640819498	2.896599071	-0.628575619	3.05146634474	2.28165832949	0.157480094141	205
17	0.25	0.0	0.0	5.0877926253	1.75503623861	-0.819306644798	5.57316164102	1.82860035676	-0.0981735918116	206
17	0.25	0.25	0.0	4.41331206258	1.90719394233	-0.830957354436	4.96366752904	2.07613935499	-0.151500900383	207
17	0.25	0.5	0.0	3.782042327	2.26309162888	-0.849361005362	4.35373524049	2.25629699768	-0.160084396998	208
17	0.25	0.75	0.0	3.19438816161	2.64563952764	-0.853301432101	3.72794581847	2.3440468645	-0.137184137346	209
17	0.25	1.0	0.0	2.65075430941	2.87774786796	-0.821562469176	3.07088030607	2.31436253511	-0.0960601771169	210
17	0.5	0.0	0.0	5.07089107337	1.75150421506	-1.01698076246	5.58251716458	1.82512060046	-0.357966530918	211
17	0.5	0.25	0.0	4.41095059745	1.91916939471	-1.01936539776	4.9777764728	2.07976508192	-0.415835326025	212
17	0.5	0.5	0.0	3.79411676331	2.27461501364	-1.03505604705	4.36325784586	2.27203634831	-0.423363989377	213
17	0.5	0.75	0.0	3.21391421444	2.63980936453	-1.04883241377	3.73439941885	2.37089387102	-0.407234303568	214
17	0.5	1.0	0.0	2.66386759433	2.83672074003	-1.04547420139	3.08663932687	2.34529712145	-0.394128051189	215
17	0.75	0.0	0.0	5.05269204575	1.73398699498	-1.20642728665	5.59135372723	1.80846418441	-0.61624753838	216
17	0.75	0.25	0.0	4.41271774021	1.91677114073	-1.195712189	4.99204708918	2.069046326	-0.676207318271	217
17	0.75	0.5	0.0	3.81021877528	2.27078167305	-1.21093509635	4.3739787497	2.27117744297	-0.682014268228	218
17	0.75	0.75	0.0	3.23544500205	2.61590739067	-1.23705174166	3.74174999854	2.37900234556	-0.673621341017	219
17	0.75	1.0	0.0	2.67864627159	2.77203709234	-1.25901785791	3.09996212546	2.35666584401	-0.690981489407	220
17	1.0	0.0	0.0	5.039093521	1.68561036	-1.35212426	5.5992405556	1.77140698589	-0.830039211237	221
17	1.0	0.25	0.0	4.4252414371	1.87596610902	-1.33022365881	5.00507089432	2.02764969639	-0.89458685351	222
17	1.0	0.5	0.0	3.82576828819	2.22645321763	-1.35552552331	4.38449098352	2.23493180786	-0.904502672375	223
17	1.0	0.75	0.0	3.24657869043	2.55567038993	-1.39632081141	3.74949257489	2.35026787645	-0.904896571136	224
17	1.0	1.0	0.0	2.69357726	2.68221633	-1.420900481	3.11206742012	2.3306724583	-0.940878453101	225
18	0.0	0.0	0.0	2.640819498	2.896599071	-0.628575619	3.05146634474	2.28165832949	0.157480094141	226
18	0.0	0.25	0.0	2.11748471549	2.88186948543	-0.542199276218	2.37774381275	2.15858518934	0.211767300861	227
18	0.0	0.5	0.0	1.53346400865	2.69549863803	-0.435092708437	1.67258263136	1.98588110506	0.257439900578	228
18	0.0	0.75	0.0	0.914460005984	2.43302156087	-0.340402121687	0.976469496193	1.8002258411	0.287933144504	229
18	0.0	1.0	0.0	0.286175336	2.189973286	-0.291273722	0.329891102868	1.63829916191	0.296682283853	230
18	0.25	0.0	0.0	2.65075430941	2.87774786796	-0.821562469176	3.07088030607	2.31436253511	-0.0960601771169	231
18	0.25	0.25	0.0	2.13022094257	2.84420632257	-0.745903454861	2.40529912147	2.18676421445	-0.070871474117	232
18	0.25	0.5	0.0	1.55736928031	2.63102921511	-0.644970674088	1.70337059853	2.00714955031	-0.0700119487068	233
18	0.25	0.75	0.0	0.94894343425	2.3374299122	-0.555637049135	1.0078178035	1.80883319011	-0.0834696645119	234
18	0.25	1.0	0.0	0.321687515997	2.06262178045	-0.514775502281	0.361363802644	1.62512978127	-0.101232685158	235
18	0.5	0.0	0.0	2.66386759433	2.83672074003	-1.04547420139	3.08663932687	2.34529712145	-0.394128051189	236
18	0.5	0.25	0.0	2.13515171611	2.76023587229	-0.992765367884	2.42503250398	2.20835461683	-0.415581863809	237
18	0.5	0.5	0.0	1.59216725829	2.50286870329	-0.893793958181	1.74412717343	2.01279695528	-0.465501959365	238
18	0.5	0.75	0.0	1.01452225568	2.16679934635	-0.79960422555	1.06714888117	1.79299955243	-0.526834805838	239
18	0.5	1.0	0.0	0.381824743113	1.8542079148	-0.761240423262	0.417323173163	1.58333782391	-0.582526871206	240
18	0.75	0.0	0.0	2.67864627159	2.77203709234	-1.25901785791	3.09996212546	2.35666584401	-0.690981489407	241
18	0.75	0.25	0.0	2.14115456669	2.63918154931	-1.2213956268	2.43885296315	2.20587748375	-0.761396063603	242
18	0.75	0.5	0.0	1.62350861979	2.32012494403	-1.11782525955	1.77762037656	1.9846330265	-0.862468478749	243
18	0.75	0.75	0.0	1.07213190856	1.93176168969	-1.01381133896	1.11966697687	1.7343695735	-0.96949786193	244
18	0.75	1.0	0.0	0.433447910673	1.5909861995	-0.974858447862	0.468395375277	1.49652422597	-1.05778334023	245
18	1.0	0.0	0.0	2.69357726	2.68221633	-1.420900481	3.11206742012	2.3306724583	-0.940878453101	246
18	1.0	0.25	0.0	2.15710702491	2.49026676841	-1.37040484314	2.44866950184	2.16185390248	-1.04734626889	247
18	1.0	0.5	0.0	1.63704404204	2.0919057788	-1.25332727704	1.78661822842	1.9044674705	-1.19434985421	248
18	1.0	0.75	0.0	1.08270783115	1.64294876854	-1.13976607742	1.13057633828	1.61458789873	-1.33879441525	249
18	1.0	1.0	0.0	0.443417912	1.299211145	-1.099819539	0.485206569839	1.34828992353	-1.43758515816	250
19	0.0	0.0	0.0	5.039093521	1.68561036	-1.35212426	5.5992405556	1.77140698589	-0.830039211237	251
19	0.0	0.25	0.0	4.4252414371	1.87596610902	-1.33022365881	5.00507089432	2.02764969639	-0.89458685351	252
19	0.0	0.5	0.0	3.82576828819	2.22645321763	-1.35552552331	4.38449098352	2.23493180786	-0.904502672375	253
19	0.0	0.75	0.0	3.24657869043	2.55567038993	-1.39632081141	3.74949257489	2.35026787645	-0.904896571136	254
19	0.0	1.0	0.0	2.69357726	2.68221633	-1.420900481	3.11206742012	2.3306724583	-0.940878453101	255
19	0.25	0.0	0.0	5.01432373687	1.57614294981	-1.47398937185	5.60191416013	1.67649363593	-1.04115981996	256
19	0.25	0.25	0.0	4.42154370935	1.74967550619	-1.46052529203	5.01434592974	1.91128938596	-1.14309529382	257
19	0.25	0.5	0.0	3.81672882459	2.0586770081	-1.52063476818	4.38813968982	2.10753101837	-1.21817174653	258
19	0.25	0.75	0.0	3.2353138526	2.3310023314	-1.58575723495	3.7475542458	2.21871826307	-1.2836430558	259
19	0.25	1.0	0.0	2.71273356338	2.39450635192	-1.58733212696	3.11684840316	2.19835084998	-1.35676309935	260
19	0.5	0.0	0.0	4.96981217523	1.41727873922	-1.59360267261	5.59749148257	1.5217339602	-1.27560412303	261
19	0.5	0.25	0.0	4.38844429235	1.56110008337	-1.58099797782	5.01745144634	1.73104058037	-1.41411961521	262
19	0.5	0.5	0.0	3.78776723982	1.81054210682	-1.63153887257	4.37989549974	1.91455263754	-1.53915361904	263
19	0.5	0.75	0.0	3.21409079853	2.00640640469	-1.67980563975	3.72575582185	2.02248692893	-1.65174579184	264
19	0.5	1.0	0.0	2.71372474939	1.98949457206	-1.6603785622	3.09596459173	2.00506025179	-1.75293579093	265
19	0.75	0.0	0.0	4.92059830847	1.24267853552	-1.69785917882	5.59040556393	1.34426526283	-1.49819013295	266
19	0.75	0.25	0.0	4.34481173845	1.34614718589	-1.68986541528	5.01547266923	1.52195264849	-1.67139337627	267
19	0.75	0.5	0.0	3.7510835366	1.52007830872	-1.72550840563	4.36598853826	1.681833624	-1.83867862741	268
19	0.75	0.75	0.0	3.18655470699	1.62976476998	-1.75543871926	3.69801021651	1.77545513677	-1.98920850782	269
19	0.75	1.0	0.0	2.6983662537	1.54049943566	-1.73030692559	3.06759474946	1.75436413421	-2.11214563896	270
19	1.0	0.0	0.0	4.881721609	1.086003146	-1.773653907	5.58508944522	1.18122484796	-1.67373586223	271
19	1.0	0.25	0.0	4.30951460001	1.14072415907	-1.78535130355	5.00949482353	1.31907495922	-1.8786501356	272
19	1.0	0.5	0.0	3.71887771766	1.2253154087	-1.83981393649	4.35264893032	1.43521093644	-2.08797710915	273
19	1.0	0.75	0.0	3.15635075674	1.24895958747	-1.88962916693	3.67823034326	1.49150414936	-2.27603493231	274
19	1.0	1.0	0.0	2.668473512	1.120839388	-1.887384356	3.04991764001	1.44982596772	-2.41714175452	275
20	0.0	0.0	0.0	2.69357726	2.68221633	-1.420900481	3.11206742012	2.3306724583	-0.940878453101	276
20	0.0	0.25	0.0	2.15710702491	2.49026676841	-1.37040484314	2.44866950184	2.16185390248	-1.04734626889	277
20	0.0	0.5	0.0	1.63704404204	2.0919057788	-1.25332727704	1.78661822842	1.9044674705	-1.19434985421	278
20	0.0	0.75	0.0	1.08270783115	1.64294876854	-1.13976607742	1.13057633828	1.61458789873	-1.33879441525	279
20	0.0	1.0	0.0	0.443417912	1.299211145	-1.099819539	0.485206569839	1.34828992353	-1.43758515816	280
20	0.25	0.0	0.0	2.71273356338	2.39450635192	-1.58733212696	3.11684840316	2.19835084998	-1.35676309935	281
20	0.25	0.25	0.0	2.19158243824	2.14406298786	-1.48432130014	2.44866540027	2.01828061133	-1.45913263594	282
20	0.25	0.5	0.0	1.64180764312	1.71622578304	-1.33418275098	1.769304531	1.73791564669	-1.57343113147	283
20	0.25	0.75	0.0	1.05215541933	1.27238870902	-1.20444668159	1.09835239164	1.42397022106	-1.67566000732	284
20	0.25	1.0	0.0	0.41137200817	0.973945737329	-1.16264329407	0.455395578521	1.14315859942	-1.7418206849	285
20	0.5	0.0	0.0	2.71372474939	1.98949457206	-1.6603785622	3.09596459173	2.00506025179	-1.75293579093	286
20	0.5	0.25	0.0	2.19189057348	1.69001877009	-1.54221080504	2.41827621786	1.82003236959	-1.84643412011	287
20	0.5	0.5	0.0	1.62110155839	1.27946243082	-1.39241876171	1.73093665397	1.52727505457	-1.91690333865	288
20	0.5	0.75	0.0	1.01156835535	0.887444791304	-1.26916332549	1.05327711495	1.20169242171	-1.96936805007	289
20	0.5	1.0	0.0	0.373501615575	0.643585088578	-1.23060538965	0.404628815702	0.918188586007	-2.00885285789	290
20	0.75	0.0	0.0	2.6983662537	1.54049943566	-1.73030692559	3.06759474946	1.75436413421	-2.11214563896	291
20	0.75	0.25	0.0	2.170531579	1.21706245861	-1.62216712459	2.3819951948	1.56677077283	-2.19605243752	292
20	0.75	0.5	0.0	1.59230529705	0.846918738719	-1.48675680748	1.69289158048	1.27160822681	-2.22536298762	293
20	0.75	0.75	0.0	0.979214027864	0.518537993515	-1.37114014557	1.01384026132	0.945754978847	-2.23053796169	294
20	0.75	1.0	0.0	0.346784391443	0.320389940538	-1.32238131015	0.358397592143	0.666089511649	-2.24203803217	295
20	1.0	0.0	0.0	2.668473512	1.120839388	-1.887384356	3.04991764001	1.44982596772	-2.41714175452	296
20	1.0	0.25	0.0	2.14000560314	0.814122396947	-1.80228402553	2.36431557131	1.25815741664	-2.49478930428	297
20	1.0	0.5	0.0	1.57279836828	0.483897723303	-1.67591838654	1.67654629367	0.969977696116	-2.49940659023	298
20	1.0	0.75	0.0	0.973359825539	0.196089293758	-1.54760127828	0.998531583846	0.654158370637	-2.46978916038	299
20	1.0	1.0	0.0	0.348197993	0.016621035	-1.45664654	0.342193218606	0.3795710047	-2.44473256279	300
25	0.0	0.0	0.0	4.881721609	1.086003146	-1.773653907	5.58508944522	1.18122484796	-1.67373586223	301
25	0.0	0.25	0.0	4.30951460001	1.14072415907	-1.78535130355	5.00949482353	1.31907495922	-1.8786501356	302
25	0.0	0.5	0.0	3.71887771766	1.2253154087	-1.83981393649	4.35264893032	1.43521093644	-2.08797710915	303
25	0.0	0.75	0.0	3.15635075674	1.24895958747	-1.88962916693	3.67823034326	1.49150414936	-2.27603493231	304
25	0.0	1.0	0.0	2.668473512	1.120839388	-1.887384356	3.04991764001	1.44982596772	-2.41714175452	305
25	0.25	0.0	0.0	4.81939671313	0.631234612536	-1.94563356981	5.58029308066	0.666152903249	-2.02308057401	306
25	0.25	0.25	0.0	4.2679055946	0.595522516512	-2.03394506214	5.00839955114	0.710997300214	-2.28639701705	307
25	0.25	0.5	0.0	3.69498375021	0.545856222853	-2.18054685959	4.364204909	0.737595850419	-2.55977510066	308
25	0.25	0.75	0.0	3.14159153217	0.458888037013	-2.3205803921	3.70651986527	0.719459800555	-2.80098069895	309
25	0.25	1.0	0.0	2.64868929271	0.311270264448	-2.38918708962	3.09415513096	0.630100397308	-2.96777968601	310
25	0.5	0.0	0.0	4.78819473437	0.0846052965857	-2.11093713512	5.58239876406	0.00166430512843	-2.26342912305	311
25	0.5	0.25	0.0	4.26359754118	-0.0292086971956	-2.28084224206	5.03352292325	-0.0484776868405	-2.58121341716	312
25	0.5	0.5	0.0	3.72408577992	-0.165513372093	-2.51299845416	4.42612069911	-0.119117713945	-2.91416532822	313
25	0.5	0.75	0.0	3.19616382482	-0.323388058636	-2.72896584996	3.80444222583	-0.218891947055	-3.20671786299	314
25	0.5	1.0	0.0	2.70633605014	-0.501912087354	-2.85030450799	3.21273763757	-0.356436557041	-3.40330402824	315
25	0.75	0.0	0.0	4.78097829517	-0.472761811157	-2.22357297887	5.59136376578	-0.694900524264	-2.36057916683	316
25	0.75	0.25	0.0	4.27835493188	-0.65942167669	-2.4543093798	5.06882366516	-0.838386292059	-2.70848448636	317
25	0.75	0.5	0.0	3.77159621651	-0.860193773441	-2.74123956436	4.50224361338	-1.00576083475	-3.07289075521	318
25	0.75	0.75	0.0	3.27110563562	-1.07054562144	-3.00188048212	3.91865185081	-1.18785383513	-3.393153742	319
25	0.75	1.0	0.0	2.78728667575	-1.28594474073	-3.15374908262	3.34507661786	-1.375494976	-3.6086292153	320
25	1.0	0.0	0.0	4.790610018	-0.95974372	-2.237549477	5.60714535615	-1.30620116279	-2.28032836283	321
25	1.0	0.25	0.0	4.29394225884	-1.22106861661	-2.48261301189	5.09826050219	-1.53776480556	-2.61359537505	322
25	1.0	0.5	0.0	3.80292746973	-1.48958537849	-2.76934103436	4.55642096451	-1.79316459009	-2.95769434503	323
25	1.0	0.75	0.0	3.3174549655	-1.75526157338	-3.02641923016	3.99580316608	-2.05172860533	-3.26019565353	324
25	1.0	1.0	0.0	2.837414061	-2.008064769	-3.182533285	3.43058352985	-2.29278494023	-3.46866968128	325
26	0.0	0.0	0.0	2.668473512	1.120839388	-1.887384356	3.04991764001	1.44982596772	-2.41714175452	326
26	0.0	0.25	0.0	2.14000560314	0.814122396947	-1.80228402553	2.36431557131	1.25815741664	-2.49478930428	327
26	0.0	0.5	0.0	1.57279836828	0.483897723303	-1.67591838654	1.67654629367	0.969977696116	-2.49940659023	328
26	0.0	0.75	0.0	0.973359825539	0.196089293758	-1.54760127828	0.998531583846	0.654158370637	-2.46978916038	329
26	0.0	1.0	0.0	0.348197993	0.016621035	-1.45664654	0.342193218606	0.3795710047	-2.44473256279	330
26	0.25	0.0	0.0	2.64868929271	0.311270264448	-2.38918708962	3.09415513096	0.630100397308	-2.96777968601	331
26	0.25	0.25	0.0	2.11985265617	0.047466107304	-2.35988168468	2.41851946117	0.410313404895	-3.05947143025	332
26	0.25	0.5	0.0	1.56916836897	-0.265859788574	-2.25795071475	1.72626080022	0.104877789613	-3.07654251447	333
26	0.25	0.75	0.0	0.993095258555	-0.555050285049	-2.09991087656	1.04085139731	-0.218616721623	-3.03181784302	334
26	0.25	1.0	0.0	0.388092152391	-0.746448243984	-1.90227886682	0.385763501681	-0.492580401901	-2.93812232029	335
26	0.5	0.0	0.0	2.70633605014	-0.501912087354	-2.85030450799	3.21273763757	-0.356436557041	-3.40330402824	336
26	0.5	0.25	0.0	2.15951349735	-0.76247978454	-2.85362788252	2.5427740737	-0.597655912244	-3.51182748995	337
26	0.5	0.5	0.0	1.58159222067	-1.06984099563	-2.76410731715	1.83656653819	-0.913267927993	-3.54268258944	338
26	0.5	0.75	0.0	0.99102227888	-1.35281019209	-2.59375070276	1.13141516562	-1.23315695211	-3.49589285534	339
26	0.5	1.0	0.0	0.406253730739	-1.54020184535	-2.35456593025	0.464620090589	-1.48720733242	-3.37148181627	340
26	0.75	0.0	0.0	2.78728667575	-1.28594474073	-3.15374908262	3.34507661786	-1.375494976	-3.6086292153	341
26	0.75	0.25	0.0	2.22026763615	-1.56147527441	-3.17723705428	2.67793796887	-1.63584335112	-3.7295434007	342
26	0.75	0.5	0.0	1.60494179557	-1.86529849263	-3.10154135314	1.95954495458	-1.95344152738	-3.77107222791	343
26	0.75	0.75	0.0	0.98658719126	-2.13730901242	-2.94136655992	1.23672644956	-2.26072150539	-3.72987912314	344
26	0.75	1.0	0.0	0.410481860468	-2.31740145079	-2.71141725531	0.556311328357	-2.49011528575	-3.60262751261	345
26	1.0	0.0	0.0	2.837414061	-2.008064769	-3.182533285	3.43058352985	-2.29278494023	-3.46866968128	346
26	1.0	0.25	0.0	2.26339458207	-2.29528035815	-3.22442363521	2.76486970667	-2.5743417281	-3.59030507984	347
26	1.0	0.5	0.0	1.63408896584	-2.58948487433	-3.17740598216	2.04727749642	-2.88462507924	-3.63495684266	348
26	1.0	0.75	0.0	0.99923630044	-2.84866533109	-3.05500425103	1.32328880993	-3.17256956602	-3.60164157225	349
26	1.0	1.0	0.0	0.408575674	-3.030808742	-2.870742367	0.638385558011	-3.38710976083	-3.48937587113	350
27	0.0	0.0	0.0	4.790610018	-0.95974372	-2.237549477	5.60714535615	-1.30620116279	-2.28032836283	351
27	0.0	0.25	0.0	4.29394225884	-1.22106861661	-2.48261301189	5.09826050219	-1.53776480556	-2.61359537505	352
27	0.0	0.5	0.0	3.80292746973	-1.48958537849	-2.76934103436	4.55642096451	-1.79316459009	-2.95769434503	353
27	0.0	0.75	0.0	3.3174549655	-1.75526157338	-3.02641923016	3.99580316608	-2.05172860533	-3.26019565353	354
27	0.0	1.0	0.0	2.837414061	-2.008064769	-3.182533285	3.43058352985	-2.29278494023	-3.46866968128	355
27	0.25	0.0	0.0	4.87321667579	-1.45273328931	-2.06453028268	5.6591464658	-1.90711146291	-1.90112754615	356
27	0.25	0.25	0.0	4.38041875639	-1.78844207819	-2.27510103094	5.15137739141	-2.22190402913	-2.17197789787	357
27	0.25	0.5	0.0	3.89506387031	-2.12989591455	-2.51291066661	4.61460637307	-2.55014722601	-2.44854982164	358
27	0.25	0.75	0.0	3.41153227835	-2.45636290589	-2.72445434426	4.05718502224	-2.87010180509	-2.69233026238	359
27	0.25	1.0	0.0	2.9242042413	-2.74711115966	-2.85622721847	3.48746495038	-3.16002851788	-2.86480616502	360
27	0.5	0.0	0.0	5.03543377827	-1.94722154538	-1.71165242148	5.74583077644	-2.49129072063	-1.25790653394	361
27	0.5	0.25	0.0	4.55740514005	-2.34854583295	-1.86264546405	5.23829232883	-2.88368259652	-1.43835614083	362
27	0.5	0.5	0.0	4.07900256362	-2.76290260092	-2.02981024066	4.70013807646	-3.28619337948	-1.62041869651	363
27	0.5	0.75	0.0	3.5909346015	-3.1541981369	-2.17567877545	4.13732651395	-3.66928452094	-1.78130489787	364
27	0.5	1.0	0.0	3.08390980619	-3.4863387285	-2.26278309257	3.55581613593	-4.0034174723	-1.89822544179	365
27	0.75	0.0	0.0	5.19919952387	-2.33048175976	-1.26542489529	5.82479848425	-2.931471283	-0.513073207459	366
27	0.75	0.25	0.0	4.73231942304	-2.77606375942	-1.34772463608	5.31631771326	-3.37733773245	-0.593426418872	367
27	0.75	0.5	0.0	4.2511971476	-3.23562167278	-1.4355861674	4.77334893044	-3.82995695662	-0.672909467506	368
27	0.75	0.75	0.0	3.74797143813	-3.66451271128	-1.50816629844	4.20139047131	-4.25354089174	-0.744158686083	369
27	0.75	1.0	0.0	3.21478103523	-4.01809408634	-1.54462183839	3.60594067142	-4.612301474	-0.799810407323	370
27	1.0	0.0	0.0	5.286452111	-2.489787204	-0.812356706	5.85364978543	-3.10038549708	0.170964552059	371
27	1.0	0.25	0.0	4.8125796186	-2.94567973611	-0.832816871866	5.34276594354	-3.55710666165	0.182114953065	372
27	1.0	0.5	0.0	4.30810122018	-3.39506936534	-0.845784857707	4.79457179076	-4.01009186356	0.19436936752	373
27	1.0	0.75	0.0	3.77495229141	-3.80305207389	-0.849990687945	4.2145397244	-4.42713505632	0.202069246903	374
27	1.0	1.0	0.0	3.215068208	-4.134723844	-0.844164387	3.60814214179	-4.77603019345	0.199556042689	375
28	0.0	0.0	0.0	2.837414061	-2.008064769	-3.182533285	3.43058352985	-2.29278494023	-3.46866968128	376
28	0.0	0.25	0.0	2.26339458207	-2.29528035815	-3.22442363521	2.76486970667	-2.5743417281	-3.59030507984	377
28	0.0	0.5	0.0	1.63408896584	-2.58948487433	-3.17740598216	2.04727749642	-2.88462507924	-3.63495684266	378
28	0.0	0.75	0.0	0.99923630044	-2.84866533109	-3.05500425103	1.32328880993	-3.17256956602	-3.60164157225	379
28	0.0	1.0	0.0	0.408575674	-3.030808742	-2.870742367	0.638385558011	-3.38710976083	-3.48937587113	380
28	0.25	0.0	0.0	2.9242042413	-2.74711115966	-2.85622721847	3.48746495038	-3.16002851788	-2.86480616502	381
28	0.25	0.25	0.0	2.34884749873	-3.03464301657	-2.89999544318	2.82474536567	-3.45281064698	-2.96722897528	382
28	0.25	0.5	0.0	1.72070287912	-3.30603003514	-2.8736449063	2.11438792103	-3.73448591845	-3.00308293751	383
28	0.25	0.75	0.0	1.07938793215	-3.54358594257	-2.78710644284	1.39536880982	-3.98452067825	-2.97583952804	384
28	0.25	1.0	0.0	0.46452020752	-3.72962446608	-2.6503108878	0.706664225387	-4.18238127232	-2.88897022323	385
28	0.5	0.0	0.0	3.08390980619	-3.4863387285	-2.26278309257	3.55581613593	-4.0034174723	-1.89822544179	386
28	0.5	0.25	0.0	2.49969827082	-3.77231020518	-2.2830027479	2.89842659492	-4.29399231308	-1.96548042664	387
28	0.5	0.5	0.0	1.86458880223	-4.02110305958	-2.25056282317	2.19173772714	-4.53887601098	-1.98319061747	388
28	0.5	0.75	0.0	1.21441238336	-4.23496694193	-2.17632957153	1.47078968929	-4.74329988698	-1.95990146566	389
28	0.5	1.0	0.0	0.584999997117	-4.41615150246	-2.07116924611	0.770622638086	-4.91249526205	-1.90415842258	390
28	0.75	0.0	0.0	3.21478103523	-4.01809408634	-1.54462183839	3.60594067142	-4.612301474	-0.799810407323	391
28	0.75	0.25	0.0	2.62034937075	-4.29910276537	-1.5348335126	2.95356728527	-4.89553839957	-0.831091692817	392
28	0.75	0.5	0.0	1.97992759561	-4.53451764887	-1.48789534129	2.25092212973	-5.11509956206	-0.835268323573	393
28	0.75	0.75	0.0	1.32626854733	-4.73205210535	-1.41646937196	1.52945060082	-5.28593123941	-0.821188937859	394
28	0.75	1.0	0.0	0.692125063405	-4.89941950336	-1.33321765211	0.820598094543	-5.4229797096	-0.797702173943	395
28	1.0	0.0	0.0	3.215068208	-4.134723844	-0.844164387	3.60814214179	-4.77603019345	0.199556042689	396
28	1.0	0.25	0.0	2.61520327094	-4.40584153858	-0.816875700546	2.95782132757	-5.05510057962	0.189904967307	397
28	1.0	0.5	0.0	1.98090011969	-4.64608750424	-0.765378069194	2.26353634383	-5.28046077691	0.180695503161	398
28	1.0	0.75	0.0	1.33691531735	-4.84408520902	-0.701321578995	1.55125069692	-5.44943878274	0.172936502595	399
28	1.0	1.0	0.0	0.708005427	-4.988458121	-0.636356316	0.846927893195	-5.55936259453	0.167636817955	400
33	0.0	0.0	0.0	5.286452111	-2.489787204	-0.812356706	5.85364978543	-3.10038549708	0.170964552059	401
33	0.0	0.25	0.0	4.8125796186	-2.94567973611	-0.832816871866	5.34276594354	-3.55710666165	0.182114953065	402
33	0.0	0.5	0.0	4.30810122018	-3.39506936534	-0.845784857707	4.79457179076	-4.01009186356	0.19436936752	403
33	0.0	0.75	0.0	3.77495229141	-3.80305207389	-0.849990687945	4.2145397244	-4.42713505632	0.202069246903	404
33	0.0	1.0	0.0	3.215068208	-4.134723844	-0.844164387	3.60814214179	-4.77603019345	0.199556042689	405
33	0.25	0.0	0.0	5.26673864837	-2.37679764155	-0.272086027245	5.81026066291	-2.96864036326	0.897418552354	406
33	0.25	0.25	0.0	4.77368553357	-2.79142711412	-0.286009957369	5.28872111986	-3.39597252099	0.941098967955	407
33	0.25	0.5	0.0	4.24408875828	-3.17823368469	-0.324505370516	4.73318999143	-3.80724197741	0.942267394034	408
33	0.25	0.75	0.0	3.68558194104	-3.52094117736	-0.364780174835	4.14852290096	-4.17873474641	0.925683977307	409
33	0.25	1.0	0.0	3.1057987004	-3.80327341621	-0.384042278478	3.53957547178	-4.4867368419	0.916108864487	410
33	0.5	0.0	0.0	5.19212524279	-2.06098905103	0.31385169655	5.72653287933	-2.62989248596	1.64626517572	411
33	0.5	0.25	0.0	4.68330785791	-2.39222851	0.276410791951	5.18587009744	-3.00744434693	1.69670234921	412
33	0.5	0.5	0.0	4.14182763665	-2.69218487662	0.16468625073	4.61667430062	-3.3602792964	1.66803786774	413
33	0.5	0.75	0.0	3.57112189998	-2.95799796315	0.0384869545847	4.02540217715	-3.67189101719	1.61253599402	414
33	0.5	1.0	0.0	2.97462796885	-3.18680758184	-0.0423782147906	3.41851041526	-3.9257731921	1.58246099075	415
33	0.75	0.0	0.0	5.11700536857	-1.61004210124	0.837606567319	5.63720028297	-2.13799628038	2.29664912448	416
33	0.75	0.25	0.0	4.5990563886	-1.85484309595	0.776784691141	5.08014154435	-2.4600535984	2.3534579689	417
33	0.75	0.5	0.0	4.05371014245	-2.07274070674	0.59317936936	4.49552135128	-2.75751461681	2.30199064066	418
33	0.75	0.75	0.0	3.47757362706	-2.2689314553	0.383845039427	3.89547216902	-3.0177920177	2.21696760627	419
33	0.75	1.0	0.0	2.86725383937	-2.4486118633	0.245836138792	3.29212646283	-3.22829848319	2.17310933228	420
33	1.0	0.0	0.0	5.0957725	-1.091637461	1.191328687	5.57699672208	-1.54680616177	2.72771510099	421
33	1.0	0.25	0.0	4.57854092265	-1.2860300442	1.13745105525	5.01746412867	-1.82233173435	2.81589869911	422
33	1.0	0.5	0.0	4.03212856283	-1.45571894068	0.9323633487	4.42022777632	-2.08725873488	2.77443556477	423
33	1.0	0.75	0.0	3.4509385811	-1.60845067782	0.695328418801	3.80902749261	-2.327625897	2.69332112327	424
33	1.0	1.0	0.0	2.829374138	-1.751971783	0.545609117	3.20760310508	-2.5294719543	2.66255079987	425
34	0.0	0.0	0.0	3.215068208	-4.134723844	-0.844164387	3.60814214179	-4.77603019345	0.199556042689	426
34	0.0	0.25	0.0	2.61520327094	-4.40584153858	-0.816875700546	2.95782132757	-5.05510057962	0.189904967307	427
34	0.0	0.5	0.0	1.98090011969	-4.64608750424	-0.765378069194	2.26353634383	-5.28046077691	0.180695503161	428
34	0.0	0.75	0.0	1.33691531735	-4.84408520902	-0.701321578995	1.55125069692	-5.44943878274	0.172936502595	429
34	0.0	1.0	0.0	0.708005427	-4.988458121	-0.636356316	0.846927893195	-5.55936259453	0.167636817955	430
34	0.25	0.0	0.0	3.1057987004	-3.80327341621	-0.384042278478	3.53957547178	-4.4867368419	0.916108864487	431
34	0.25	0.25	0.0	2.49856260722	-4.05322683921	-0.347777585118	2.89076976128	-4.74916871995	0.931790277855	432
34	0.25	0.5	0.0	1.87295769299	-4.2875090761	-0.261136249525	2.2075760103	-4.97982397934	0.963195954874	433
34	0.25	0.75	0.0	1.24284945925	-4.47832308371	-0.162672738251	1.5099707677	-5.15399600073	0.993035291704	434
34	0.25	1.0	0.0	0.622103407545	-4.59787181887	-0.0909415178472	0.817930582345	-5.24697816473	1.00401768451	435
34	0.5	0.0	0.0	2.97462796885	-3.18680758184	-0.0423782147906	3.41851041526	-3.9257731921	1.58246099075	436
34	0.5	0.25	0.0	2.35301000729	-3.40431767593	-0.0142835452912	2.77447137911	-4.15284543525	1.61526205185	437
34	0.5	0.5	0.0	1.73343556863	-3.61233156512	0.103876051743	2.10347481629	-4.36627700927	1.68960849245	438
34	0.5	0.75	0.0	1.11758605953	-3.78370576481	0.242239966135	1.41986288991	-4.53382984742	1.76875757626	439
34	0.5	1.0	0.0	0.507142886663	-3.89129679039	0.330947587705	0.737977763085	-4.62326588293	1.81596656698	440
34	0.75	0.0	0.0	2.86725383937	-2.4486118633	0.245836138792	3.29212646283	-3.22829848319	2.17310933228	441
34	0.75	0.25	0.0	2.22830191008	-2.62777626717	0.263498706324	2.65547000643	-3.42040750924	2.22232457596	442
34	0.75	0.5	0.0	1.60902789083	-2.79670239037	0.402428884626	1.99619967702	-3.60470631025	2.33347191794	443
34	0.75	0.75	0.0	1.00351061849	-2.93894584026	0.572568527852	1.32495036454	-3.75473424953	2.45654611084	444
34	0.75	1.0	0.0	0.405828929949	-3.03806222421	0.683859490155	0.652356958917	-3.84403069042	2.54154190729	445
34	1.0	0.0	0.0	2.829374138	-1.751971783	0.545609117	3.20760310508	-2.5294719543	2.66255079987	446
34	1.0	0.25	0.0	2.17419475452	-1.89226483133	0.565461457119	2.58030946862	-2.70613172563	2.73498213686	447
34	1.0	0.5	0.0	1.54642880381	-2.01676897089	0.707292299138	1.93071750772	-2.85999832583	2.86832503341	448
34	1.0	0.75	0.0	0.943008636444	-2.12275589801	0.887464940588	1.26925649256	-2.9825031338	3.01284365005	449
34	1.0	1.0	0.0	0.360866603	-2.207497309	1.022342679	0.606355693341	-3.06507752845	3.11880214733	450
35	0.0	0.0	0.0	5.0957725	-1.091637461	1.191328687	5.57699672208	-1.54680616177	2.72771510099	451
35	0.0	0.25	0.0	4.57854092265	-1.2860300442	1.13745105525	5.01746412867	-1.82233173435	2.81589869911	452
35	0.0	0.5	0.0	4.03212856283	-1.45571894068	0.9323633487	4.42022777632	-2.08725873488	2.77443556477	453
35	0.0	0.75	0.0	3.4509385811	-1.60845067782	0.695328418801	3.80902749261	-2.327625897	2.69332112327	454
35	0.0	1.0	0.0	2.829374138	-1.751971783	0.545609117	3.20760310508	-2.5294719543	2.66255079987	455
35	0.25	0.0	0.0	5.10589361798	-0.585293943825	1.29832688823	5.54517700694	-0.950376910952	2.85495912303	456
35	0.25	0.25	0.0	4.58104999125	-0.739763305372	1.28099490161	4.97362401333	-1.16868452019	2.98986169093	457
35	0.25	0.5	0.0	4.02405464523	-0.863502777125	1.11923875162	4.3619458237	-1.38138083948	2.99920662193	458
35	0.25	0.75	0.0	3.42999869981	-0.968052638734	0.927261198107	3.73964702253	-1.58147002855	2.96631612138	459
35	0.25	1.0	0.0	2.79397327487	-1.06495316985	0.819265000894	3.13623219425	-1.76195624713	2.97451239462	460
35	0.5	0.0	0.0	5.10451787893	-0.0184724300826	1.25408701724	5.51591748958	-0.283821605471	2.79120989003	461
35	0.5	0.25	0.0	4.55345347983	-0.12362907333	1.27221040583	4.9131708557	-0.434177167818	2.95490703673	462
35	0.5	0.5	0.0	3.97036923479	-0.21019967211	1.16167913168	4.28532606872	-0.594806902993	3.00397761244	463
35	0.5	0.75	0.0	3.35372054379	-0.277066213481	1.02666829811	3.65523046959	-0.749266390374	3.01096328692	464
35	0.5	1.0	0.0	2.70196280683	-0.323110684502	0.97135300843	3.04573139929	-0.881111209336	3.04840572992	465
35	0.75	0.0	0.0	5.10516440667	0.538281787701	1.10751786939	5.50118867123	0.365772044378	2.58901141558	466
35	0.75	0.25	0.0	4.52352104743	0.485483765937	1.1556995036	4.87124635553	0.291373939897	2.76314217487	467
35	0.75	0.5	0.0	3.90779721101	0.442496043936	1.09314885862	4.2305766285	0.18838220501	2.83498014298	468
35	0.75	0.75	0.0	3.26751675384	0.418924945604	1.01455930387	3.59313727117	0.0858097257666	2.86845636661	469
35	0.75	1.0	0.0	2.61220353237	0.424376794847	1.01462420875	2.97288606457	0.0126693882138	2.92750189249	470
35	1.0	0.0	0.0	5.121352325	1.014423417	0.90752824	5.51296105312	0.911316328298	2.30090771328	471
35	1.0	0.25	0.0	4.51902235309	1.01068632644	0.976064130617	4.88299221258	0.91815242007	2.46667454373	472
35	1.0	0.5	0.0	3.87306345339	1.03289004058	0.947112302228	4.2379056202	0.884105614957	2.53844582023	473
35	1.0	0.75	0.0	3.21679997075	1.07433718618	0.911943800476	3.59072686462	0.840583028107	2.57998910719	474
35	1.0	1.0	0.0	2.58355625	1.12833039	0.961829671	2.95448153446	0.818991774665	2.65507196905	475
36	0.0	0.0	0.0	2.829374138	-1.751971783	0.545609117	3.20760310508	-2.5294719543	2.66255079987	476
36	0.0	0.25	0.0	2.17419475452	-1.89226483133	0.565461457119	2.58030946862	-2.70613172563	2.73498213686	477
36	0.0	0.5	0.0	1.54642880381	-2.01676897089	0.707292299138	1.93071750772	-2.85999832583	2.86832503341	478
36	0.0	0.75	0.0	0.943008636444	-2.12275589801	0.887464940588	1.26925649256	-2.9825031338	3.01284365005	479
36	0.0	1.0	0.0	0.360866603	-2.207497309	1.022342679	0.606355693341	-3.06507752845	3.11880214733	480
36	0.25	0.0	0.0	2.79397327487	-1.06495316985	0.819265000894	3.13623219425	-1.76195624713	2.97451239462	481
36	0.25	0.25	0.0	2.14858438246	-1.14831478567	0.878721336948	2.53220857309	-1.90118898937	3.08264733241	482
36	0.25	0.5	0.0	1.53868512905	-1.20560470703	1.06159552113	1.90659806039	-1.98706708318	3.25554468582	483
36	0.25	0.75	0.0	0.959480540734	-1.25370847083	1.28185598371	1.26885050396	-2.04437568284	3.43492611899	484
36	0.25	1.0	0.0	0.406175643636	-1.30951161399	1.45347115495	0.628415751648	-2.09789994264	3.56251329609	485
36	0.5	0.0	0.0	2.70196280683	-0.323110684502	0.97135300843	3.04573139929	-0.881111209336	3.04840572992	486
36	0.5	0.25	0.0	2.1002903178	-0.343394514247	1.09172680875	2.4767014214	-0.949351862964	3.18423457463	487
36	0.5	0.5	0.0	1.54632428517	-0.341130079371	1.35165079596	1.88948617884	-0.953076972797	3.39894886645	488
36	0.5	0.75	0.0	1.02069983515	-0.343662485144	1.63880917497	1.2898207271	-0.941586878958	3.61802078313	489
36	0.5	1.0	0.0	0.504052093977	-0.378336836838	1.84088615072	0.683440121702	-0.964181921574	3.76692250242	490
36	0.75	0.0	0.0	2.61220353237	0.424376794847	1.01462420875	2.97288606457	0.0126693882138	2.92750189249	491
36	0.75	0.25	0.0	2.06356580523	0.459467440312	1.18463956995	2.42876107043	0.01574913955	3.07409387519	492
36	0.75	0.5	0.0	1.56109423994	0.509051346713	1.49099017174	1.86722802058	0.078828454443	3.29890923857	493
36	0.75	0.75	0.0	1.07832882473	0.539202907965	1.80672943281	1.29461524898	0.139989389549	3.5236615117	494
36	0.75	1.0	0.0	0.588809547829	0.515996517982	2.00491077188	0.717251089609	0.137314001522	3.67006422369	495
36	1.0	0.0	0.0	2.58355625	1.12833039	0.961829671	2.95448153446	0.818991774665	2.65507196905	496
36	1.0	0.25	0.0	2.07266408945	1.19724253537	1.13762131802	2.40336057708	0.86048350413	2.78657524579	497
36	1.0	0.5	0.0	1.57474296114	1.27733600585	1.39314569661	1.82766974314	0.945505647647	2.95579746544	498
36	1.0	0.75	0.0	1.08402981451	1.32670855741	1.63402167565	1.24568215662	1.01447923437	3.11338217394	499
36	1.0	1.0	0.0	0.594761599	1.303457946	1.765868124	0.675670941471	1.00782529344	3.20997291724	500
41	0.0	0.0	0.0	5.121352325	1.014423417	0.90752824	5.51296105312	0.911316328298	2.30090771328	501
41	0.0	0.25	0.0	4.51902235309	1.01068632644	0.976064130617	4.88299221258	0.91815242007	2.46667454373	502
41	0.0	0.5	0.0	3.87306345339	1.03289004058	0.947112302228	4.2379056202	0.884105614957	2.53844582023	503
41	0.0	0.75	0.0	3.21679997075	1.07433718618	0.911943800476	3.59072686462	0.840583028107	2.57998910719	504
41	0.0	1.0	0.0	2.58355625	1.12833039	0.961829671	2.95448153446	0.818991774665	2.65507196905	505
41	0.25	0.0	0.0	5.14035512175	1.21640069462	0.785963674467	5.52982525691	1.13131433096	2.11475781803	506
41	0.25	0.25	0.0	4.5294331181	1.22775776703	0.862175249099	4.90506621246	1.17034380518	2.27420007534	507
41	0.25	0.5	0.0	3.87300547247	1.27707266508	0.851367485627	4.26240671518	1.1558771902	2.34852631261	508
41	0.25	0.75	0.0	3.21405325102	1.34491679811	0.833430986267	3.61196564188	1.12149992423	2.39436082945	509
41	0.25	1.0	0.0	2.59555751991	1.41186157543	0.888256353237	2.96386186933	1.10079744546	2.46832792548	510
41	0.5	0.0	0.0	5.16537240226	1.42770242501	0.624342633983	5.55070594363	1.35344133183	1.86490328955	511
41	0.5	0.25	0.0	4.54064152028	1.45136609741	0.70614788596	4.92599810581	1.42224153051	2.01504089872	512
41	0.5	0.5	0.0	3.87586894616	1.52861913456	0.720015789701	4.28821975578	1.41923499987	2.09575697385	513
41	0.5	0.75	0.0	3.21749350697	1.6234119984	0.720564321312	3.63770087248	1.38075738296	2.14721920649	514
41	0.5	1.0	0.0	2.61195402981	1.69969515087	0.762411456899	2.97477143482	1.34314432282	2.20959528815	515
41	0.75	0.0	0.0	5.18681425239	1.6125669719	0.443467249258	5.57017139728	1.54745322241	1.5912969275	516
41	0.75	0.25	0.0	4.54724887112	1.64720805001	0.524085427336	4.94498377454	1.64436853564	1.72521581074	517
41	0.75	0.5	0.0	3.87730567047	1.75991567859	0.560079080938	4.31156699376	1.65264643151	1.808447465	518
41	0.75	0.75	0.0	3.22296442444	1.89047239826	0.578417716225	3.66182702898	1.60932554337	1.86391702669	519
41	0.75	1.0	0.0	2.63020490706	1.97866074962	0.606070839361	2.98766985421	1.55144450462	1.91454963225	520
41	1.0	0.0	0.0	5.195090758	1.735232699	0.264139651	5.58278990189	1.68310589418	1.33389153154	521
41	1.0	0.25	0.0	4.5438564821	1.78098035724	0.332091259364	4.96121910056	1.80724776017	1.4407436083	522
41	1.0	0.5	0.0	3.87296744142	1.94334852675	0.378579225823	4.32867068087	1.83457887268	1.51490744707	523
41	1.0	0.75	0.0	3.22630968928	2.12674760888	0.41206508162	3.67823858391	1.79817454457	1.56980707842	524
41	1.0	1.0	0.0	2.647769279	2.235588005	0.441010358	3.00301675078	1.7311100887	1.61886653294	525
42	0.0	0.0	0.0	2.58355625	1.12833039	0.961829671	2.95448153446	0.818991774665	2.65507196905	526
42	0.0	0.25	0.0	2.07266408945	1.19724253537	1.13762131802	2.40336057708	0.86048350413	2.78657524579	527
42	0.0	0.5	0.0	1.57474296114	1.27733600585	1.39314569661	1.82766974314	0.945505647647	2.95579746544	528
42	0.0	0.75	0.0	1.08402981451	1.32670855741	1.63402167565	1.24568215662	1.01447923437	3.11338217394	529
42	0.0	1.0	0.0	0.594761599	1.303457946	1.765868124	0.675670941471	1.00782529344	3.20997291724	530
42	0.25	0.0	0.0	2.59555751991	1.41186157543	0.888256353237	2.96386186933	1.10079744546	2.46832792548	531
42	0.25	0.25	0.0	2.0863515387	1.46943820192	1.04126695017	2.39126013654	1.122595652	2.58283067324	532
42	0.25	0.5	0.0	1.56944876937	1.5215706038	1.25126947201	1.79595685093	1.16808115907	2.72035947936	533
42	0.25	0.75	0.0	1.0537894643	1.54194453748	1.44583386215	1.1975942539	1.19867927867	2.84586095556	534
42	0.25	1.0	0.0	0.548313875843	1.50424575939	1.55253006396	0.615814586887	1.1758153228	2.92428171357	535
42	0.5	0.0	0.0	2.61195402981	1.69969515087	0.762411456899	2.97477143482	1.34314432282	2.20959528815	536
42	0.5	0.25	0.0	2.09343360179	1.73346730856	0.872449540879	2.368587528	1.32676961271	2.29332154195	537
42	0.5	0.5	0.0	1.54796991283	1.73764003018	1.02943305632	1.74636826632	1.31576714517	2.39073703625	538
42	0.5	0.75	0.0	0.997619656121	1.71139544255	1.18132736042	1.12500318788	1.29710022112	2.48236123652	539
42	0.5	1.0	0.0	0.464439524897	1.65391567251	1.27609781038	0.521381830803	1.25773214146	2.54871360826	540
42	0.75	0.0	0.0	2.63020490706	1.97866074962	0.606070839361	2.98766985421	1.55144450462	1.91454963225	541
42	0.75	0.25	0.0	2.09979248546	1.98488373229	0.674378009164	2.34884194199	1.49480009525	1.96984309738	542
42	0.75	0.5	0.0	1.52307413584	1.93609099093	0.78357880641	1.69599864366	1.42825179177	2.03166226173	543
42	0.75	0.75	0.0	0.935255818261	1.85818662841	0.899115287256	1.04799989962	1.36104946315	2.09371775046	544
42	0.75	1.0	0.0	0.371543492752	1.77707474762	0.986429507862	0.423705650251	1.30244297839	2.14972018875	545
42	1.0	0.0	0.0	2.647769279	2.235588005	0.441010358	3.00301675078	1.7311100887	1.61886653294	546
42	1.0	0.25	0.0	2.1113103964	2.2192413501	0.490261274032	2.34552256908	1.64848180862	1.66419058496	547
42	1.0	0.5	0.0	1.50752918277	2.12747019196	0.569649079166	1.66194263732	1.54522328467	1.70786728143	548
42	1.0	0.75	0.0	0.886433379015	2.00544345084	0.657810759466	0.986675330165	1.44183440619	1.75076523105	549
42	1.0	1.0	0.0	0.298030726	1.898330047	0.733383301	0.354119022262	1.35881506252	1.79375304254	550
43	0.0	0.0	0.0	5.195090758	1.735232699	0.264139651	5.58278990189	1.68310589418	1.33389153154	551
43	0.0	0.25	0.0	4.5438564821	1.78098035724	0.332091259364	4.96121910056	1.80724776017	1.4407436083	552
43	0.0	0.5	0.0	3.87296744142	1.94334852675	0.378579225823	4.32867068087	1.83457887268	1.51490744707	553
43	0.0	0.75	0.0	3.22630968928	2.12674760888	0.41206508162	3.67823858391	1.79817454457	1.56980707842	554
43	0.0	1.0	0.0	2.647769279	2.235588005	0.441010358	3.00301675078	1.7311100887	1.61886653294	555
43	0.25	0.0	0.0	5.18005024801	1.7849179999	0.0655124640045	5.58146211884	1.75591956331	1.06341626603	556
43	0.25	0.25	0.0	4.51730576464	1.85390515251	0.111847777948	4.96478115385	1.9171930684	1.13224155263	557
43	0.25	0.5	0.0	3.85465294308	2.08362612199	0.151130070446	4.33735369298	1.98061786363	1.18565517545	558
43	0.25	0.75	0.0	3.22320788387	2.33885170939	0.187670683205	3.69015368468	1.96972570083	1.2334669622	559
43	0.25	1.0	0.0	2.65408668754	2.48435271578	0.225780957935	3.01415507736	1.90804833179	1.28548674061	560
43	0.5	0.0	0.0	5.14826930497	1.79469504552	-0.179544754793	5.57068596128	1.798162195	0.734344894861	561
43	0.5	0.25	0.0	4.47187238527	1.89533167155	-0.153984693798	4.95608381676	2.00311591467	0.764418677241	562
43	0.5	0.5	0.0	3.82452827191	2.18856003617	-0.126936677785	4.3411376445	2.1077226925	0.804323835221	563
43	0.5	0.75	0.0	3.21368568898	2.51110931944	-0.0941311653058	3.70308025578	2.12620886723	0.852468342127	564
43	0.5	1.0	0.0	2.64679336052	2.69970870144	-0.0512986149116	3.01914446185	2.07280077764	0.907260171285	565
43	0.75	0.0	0.0	5.1155010797	1.78129706414	-0.431026406194	5.56119378102	1.81863209673	0.401612428136	566
43	0.75	0.25	0.0	4.42976048112	1.91055690787	-0.424867535894	4.94743153187	2.05791837766	0.39426384907	567
43	0.75	0.5	0.0	3.79502521041	2.25038854101	-0.415720930982	4.34322491951	2.20029785951	0.418630426086	568
43	0.75	0.75	0.0	3.20121524129	2.62241444603	-0.393875511015	3.71474988997	2.24827267059	0.463957440365	569
43	0.75	1.0	0.0	2.63825054749	2.84825710539	-0.349620195552	3.0281823893	2.20434493922	0.519490173088	570
43	1.0	0.0	0.0	5.097498723	1.761457284	-0.648926891	5.5637179299	1.826127576	0.120153875976	571
43	1.0	0.25	0.0	4.41317418932	1.904877855	-0.660262128358	4.95112874175	2.07450253602	0.0787659350422	572
43	1.0	0.5	0.0	3.77857554107	2.26134990826	-0.675322601256	4.34681790207	2.2427478649	0.0762919477382	573
43	1.0	0.75	0.0	3.18926867754	2.65166109614	-0.672097401026	3.72289418001	2.3165657377	0.105080479094	574
43	1.0	1.0	0.0	2.640819498	2.896599071	-0.628575619	3.05146634474	2.28165832949	0.157480094141	575
44	0.0	0.0	0.0	2.647769279	2.235588005	0.441010358	3.00301675078	1.7311100887	1.61886653294	576
44	0.0	0.25	0.0	2.1113103964	2.2192413501	0.490261274032	2.34552256908	1.64848180862	1.66419058496	577
44	0.0	0.5	0.0	1.50752918277	2.12747019196	0.569649079166	1.66194263732	1.54522328467	1.70786728143	578
44	0.0	0.75	0.0	0.886433379015	2.00544345084	0.657810759466	0.986675330165	1.44183440619	1.75076523105	579
44	0.0	1.0	0.0	0.298030726	1.898330047	0.733383301	0.354119022262	1.35881506252	1.79375304254	580
44	0.25	0.0	0.0	2.65408668754	2.48435271578	0.225780957935	3.01415507736	1.90804833179	1.28548674061	581
44	0.25	0.25	0.0	2.11652635878	2.45561389745	0.279383010606	2.34758610004	1.81058655091	1.3371944606	582
44	0.25	0.5	0.0	1.50551178577	2.32726337489	0.354356176409	1.64854422271	1.68195994351	1.38519537508	583
44	0.25	0.75	0.0	0.872104705865	2.16138756484	0.432897365145	0.960402362989	1.54984846855	1.42671663063	584
44	0.25	1.0	0.0	0.267366856404	2.02007288402	0.497203486615	0.326533438512	1.44193208502	1.45898537382	585
44	0.5	0.0	0.0	2.64679336052	2.69970870144	-0.0512986149116	3.01914446185	2.07280077764	0.907260171285	586
44	0.5	0.25	0.0	2.10761225283	2.67264444486	0.00762086494067	2.34178243492	1.96439893744	0.957456040524	587
44	0.5	0.5	0.0	1.5072493109	2.5189140105	0.082429248874	1.64228407587	1.81641795811	1.0002730029	588
44	0.5	0.75	0.0	0.880701362837	2.31428417322	0.155591272404	0.955957304795	1.66214741522	1.03234830987	589
44	0.5	1.0	0.0	0.262965236787	2.13452170787	0.209571671046	0.318110041831	1.53487688435	1.05031921289	590
44	0.75	0.0	0.0	2.63825054749	2.84825710539	-0.349620195552	3.0281823893	2.20434493922	0.519490173088	591
44	0.75	0.25	0.0	2.10209079845	2.82863047872	-0.280936213741	2.3459041478	2.08777860475	0.567979071641	592
44	0.75	0.5	0.0	1.51561047843	2.65684984835	-0.197073210416	1.64851320826	1.92544309109	0.606540924763	593
44	0.75	0.75	0.0	0.89917068464	2.41965494791	-0.120158297094	0.964319800794	1.75388771609	0.631480428055	594
44	0.75	1.0	0.0	0.273132514277	2.20378551103	-0.072318585296	0.321634155517	1.60966179761	0.63910227712	595
44	1.0	0.0	0.0	2.640819498	2.896599071	-0.628575619	3.05146634474	2.28165832949	0.157480094141	596
44	1.0	0.25	0.0	2.11748471549	2.88186948543	-0.542199276218	2.37774381275	2.15858518934	0.211767300861	597
44	1.0	0.5	0.0	1.53346400865	2.69549863803	-0.435092708437	1.67258263136	1.98588110506	0.257439900578	598
44	1.0	0.75	0.0	0.914460005984	2.43302156087	-0.340402121687	0.976469496193	1.8002258411	0.287933144504	599
44	1.0	1.0	0.0	0.286175336	2.189973286	-0.291273722	0.329891102868	1.63829916191	0.296682283853	600
49	0.0	0.0	0.0	6.817538404	0.4880699	-0.799999989	7.44076712264	0.138703434428	0.112637284876	601
49	0.0	0.25	0.0	6.65046046593	1.02337732224	-0.77604958654	7.23547598768	0.83403787621	0.131433621258	602
49	0.0	0.5	0.0	6.25210473247	1.43029674317	-0.723542901805	6.76034746676	1.28461411784	0.150275752587	603
49	0.0	0.75	0.0	5.70645591452	1.68444958852	-0.671496486167	6.15616647559	1.58409105315	0.152177797836	604
49	0.0	1.0	0.0	5.097498723	1.761457284	-0.648926891	5.5637179299	1.826127576	0.120153875976	605
49	0.25	0.0	0.0	6.81797227603	0.487369770836	-0.811046412191	7.44039328631	0.143376542549	0.102512500829	606
49	0.25	0.25	0.0	6.64836929298	1.01726869393	-0.854131131815	7.23598775975	0.82047950912	0.0412832218688	607
49	0.25	0.5	0.0	6.24499516843	1.41850422097	-0.85205191077	6.76318839647	1.27427954525	-0.000986786138841	608
49	0.25	0.75	0.0	5.695564685	1.67108913989	-0.831534998587	6.16218356678	1.58393403358	-0.0416786738228	609
49	0.25	1.0	0.0	5.0877926253	1.75503623861	-0.819306644798	5.57316164102	1.82860035676	-0.0981735918116	610
49	0.5	0.0	0.0	6.8189267945	0.485295087442	-0.821900041845	7.4395708464	0.153122981184	0.09368647729	611
49	0.5	0.25	0.0	6.64761951446	1.00449320245	-0.93745186852	7.23732466211	0.799777472326	-0.0575144288148	612
49	0.5	0.5	0.0	6.24001413076	1.39935387354	-0.998043649637	6.76906960795	1.24905879323	-0.176180385403	613
49	0.5	0.75	0.0	5.68485614865	1.65373743349	-1.01933380701	6.17180175255	1.56837161293	-0.272826162697	614
49	0.5	1.0	0.0	5.07089107337	1.75150421506	-1.01698076246	5.58251716458	1.82512060046	-0.357966530918	615
49	0.75	0.0	0.0	6.81988131297	0.481884410327	-0.832410647827	7.43874840648	0.161533426098	0.0852034774237	616
49	0.75	0.25	0.0	6.64492602065	0.983957869246	-1.01989293495	7.23852768223	0.77087650385	-0.159456815341	617
49	0.75	0.5	0.0	6.2297922528	1.36869773541	-1.14308799653	6.77460107681	1.21232858738	-0.354647055877	618
49	0.75	0.75	0.0	5.66790569823	1.62305658519	-1.20444854347	6.18089946642	1.54011577985	-0.505274783713	619
49	0.75	1.0	0.0	5.05269204575	1.73398699498	-1.20642728665	5.59135372723	1.80846418441	-0.61624753838	620
49	1.0	0.0	0.0	6.820315185	0.4771763	-0.842428	7.43837457015	0.162198553057	0.0761077643944	621
49	1.0	0.25	0.0	6.63700370185	0.954569715755	-1.09533546939	7.23863780757	0.732721341712	-0.259041422258	622
49	1.0	0.5	0.0	6.20696016788	1.3223878411	-1.26875482959	6.77639277868	1.16746565333	-0.515728808229	623
49	1.0	0.75	0.0	5.63828872647	1.56970871089	-1.35643483999	6.18535514189	1.50187852302	-0.703034651797	624
49	1.0	1.0	0.0	5.039093521	1.68561036	-1.35212426	5.5992405556	1.77140698589	-0.830039211237	625
50	0.0	0.0	0.0	6.820315185	0.4771763	-0.842428	7.43837457015	0.162198553057	0.0761077643944	626
50	0.0	0.25	0.0	6.63700370185	0.954569715755	-1.09533546939	7.23863780757	0.732721341712	-0.259041422258	627
50	0.0	0.5	0.0	6.20696016788	1.3223878411	-1.26875482959	6.77639277868	1.16746565333	-0.515728808229	628
50	0.0	0.75	0.0	5.63828872647	1.56970871089	-1.35643483999	6.18535514189	1.50187852302	-0.703034651797	629
50	0.0	1.0	0.0	5.039093521	1.68561036	-1.35212426	5.5992405556	1.77140698589	-0.830039211237	630
50	0.25	0.0	0.0	6.81792892625	0.470343644876	-0.853156756685	7.43923442807	0.154587092447	0.0618505921424	631
50	0.25	0.25	0.0	6.62577319445	0.907287816449	-1.16848313292	7.23901047474	0.674930323013	-0.358278485808	632
50	0.25	0.5	0.0	6.17924103755	1.24279050331	-1.38076815204	6.77622169206	1.09101281132	-0.670818120015	633
50	0.25	0.75	0.0	5.60115152765	1.4685195872	-1.48445562728	6.1856092104	1.41935907606	-0.89277600117	634
50	0.25	1.0	0.0	5.01432373687	1.57614294981	-1.47398937185	5.60191416013	1.67649363593	-1.04115981996	635
50	0.5	0.0	0.0	6.812679157	0.462397082291	-0.862408932291	7.4411261155	0.144927157791	0.0448359022893	636
50	0.5	0.25	0.0	6.61649823298	0.84690280361	-1.22935693915	7.24092187884	0.605961994522	-0.437110334133	637
50	0.5	0.5	0.0	6.15996247273	1.13664661994	-1.47425395519	6.77761662659	0.983640813351	-0.810580929987	638
50	0.5	0.75	0.0	5.56906830918	1.32798608167	-1.59602689486	6.18515746056	1.286164505	-1.08645311603	639
50	0.5	1.0	0.0	4.96981217523	1.41727873922	-1.59360267261	5.59749148257	1.5217339602	-1.27560412303	640
50	0.75	0.0	0.0	6.80742938775	0.45315305356	-0.870363641751	7.44301780294	0.13396975699	0.0291186785816	641
50	0.75	0.25	0.0	6.60879572542	0.778433770896	-1.28007006822	7.24311650206	0.530399968865	-0.500660057751	642
50	0.75	0.5	0.0	6.14450238543	1.01939545448	-1.54934343516	6.77956200119	0.863633806724	-0.931830967448	643
50	0.75	0.75	0.0	5.53996477678	1.1746173081	-1.68600078966	6.18458234144	1.13460949618	-1.26435425701	644
50	0.75	1.0	0.0	4.92059830847	1.24267853552	-1.69785917882	5.59040556393	1.34426526283	-1.49819013295	645
50	1.0	0.0	0.0	6.805043129	0.442428	-0.8772	7.44387766086	0.122465897944	0.0187539047657	646
50	1.0	0.25	0.0	6.60228257977	0.706899811967	-1.32273570027	7.2443388266	0.45282785867	-0.554050747182	647
50	1.0	0.5	0.0	6.12823868763	0.906476270466	-1.6061677881	6.7810422348	0.749275938749	-1.0313819617	648
50	1.0	0.75	0.0	5.51176663618	1.03492238023	-1.74922945863	6.18446630211	0.99700873593	-1.40676768474	649
50	1.0	1.0	0.0	4.881721609	1.086003146	-1.773653907	5.58508944522	1.18122484796	-1.67373586223	650
53	0.0	0.0	0.0	6.805043129	0.442428	-0.8772	7.44387766086	0.122465897944	0.0187539047657	651
53	0.0	0.25	0.0	6.60228257977	0.706899811967	-1.32273570027	7.2443388266	0.45282785867	-0.554050747182	652
53	0.0	0.5	0.0	6.12823868763	0.906476270466	-1.6061677881	6.7810422348	0.749275938749	-1.0313819617	653
53	0.0	0.75	0.0	5.51176663618	1.03492238023	-1.74922945863	6.18446630211	0.99700873593	-1.40676768474	654
53	0.0	1.0	0.0	4.881721609	1.086003146	-1.773653907	5.58508944522	1.18122484796	-1.67373586223	655
53	0.25	0.0	0.0	6.79709995338	0.421774416054	-0.886449755741	7.44295049401	0.098419017012	0.0106691197693	656
53	0.25	0.25	0.0	6.58261614438	0.549348618227	-1.39314382432	7.24419684646	0.280461653606	-0.655440840551	657
53	0.25	0.5	0.0	6.08541614835	0.62488596218	-1.70469420316	6.7828009384	0.449514931684	-1.22570637103	658
53	0.25	0.75	0.0	5.44963224477	0.65123258219	-1.87191831181	6.18581545481	0.584953723986	-1.68622157955	659
53	0.25	1.0	0.0	4.81939671313	0.631234612536	-1.94563356981	5.58029308066	0.666152903249	-2.02308057401	660
53	0.5	0.0	0.0	6.779624967	0.402824978651	-0.889905220605	7.44091072692	0.0720043262399	0.00977659054315	661
53	0.5	0.25	0.0	6.56161151257	0.384903506079	-1.43759042238	7.24291520645	0.0911809200477	-0.724393584275	662
53	0.5	0.5	0.0	6.05866795636	0.311986527665	-1.77356105039	6.78441139598	0.0812717717305	-1.35248712769	663
53	0.5	0.75	0.0	5.41834534731	0.204933854228	-1.97296174214	6.18952926027	0.0491438953902	-1.86775024038	664
53	0.5	1.0	0.0	4.78819473437	0.0846052965857	-2.11093713512	5.58239876406	0.00166430512843	-2.26342912305	665
53	0.75	0.0	0.0	6.76214998062	0.383695451923	-0.887630075166	7.43887095984	0.0454095461424	0.0146146716192	666
53	0.75	0.25	0.0	6.54597979183	0.214802876059	-1.44674384465	7.2423321419	-0.108396405745	-0.745164616187	667
53	0.75	0.5	0.0	6.0481995823	-0.00551223266612	-1.79802892633	6.78840959142	-0.307755492058	-1.39356560297	668
53	0.75	0.75	0.0	5.41210165057	-0.245337814867	-2.02810030836	6.19784092663	-0.515609576872	-1.93167491207	669
53	0.75	1.0	0.0	4.78097829517	-0.472761811157	-2.22357297887	5.59136376578	-0.694900524264	-2.36057916683	670
53	1.0	0.0	0.0	6.754206805	0.3625016	-0.879688	7.43794379299	0.0208223972339	0.0237217175296	671
53	1.0	0.25	0.0	6.54243208964	0.0402851287075	-1.41127244134	7.24428588813	-0.311652387514	-0.702009574121	672
53	1.0	0.5	0.0	6.05421649679	-0.300900518401	-1.76335842753	6.79733150861	-0.669868810627	-1.33078316817	673
53	1.0	0.75	0.0	5.42509686129	-0.640946436309	-2.0130745692	6.21298366207	-1.01449551982	-1.85831683947	674
53	1.0	1.0	0.0	4.790610018	-0.95974372	-2.237549477	5.60714535615	-1.30620116279	-2.28032836283	675
54	0.0	0.0	0.0	6.754206805	0.3625016	-0.879688	7.43794379299	0.0208223972339	0.0237217175296	676
54	0.0	0.25	0.0	6.54243208964	0.0402851287075	-1.41127244134	7.24428588813	-0.311652387514	-0.702009574121	677
54	0.0	0.5	0.0	6.05421649679	-0.300900518401	-1.76335842753	6.79733150861	-0.669868810627	-1.33078316817	678
54	0.0	0.75	0.0	5.42509686129	-0.640946436309	-2.0130745692	6.21298366207	-1.01449551982	-1.85831683947	679
54	0.0	1.0	0.0	4.790610018	-0.95974372	-2.237549477	5.60714535615	-1.30620116279	-2.28032836283	680
54	0.25	0.0	0.0	6.7588953225	0.341223720947	-0.865870124398	7.44021830027	0.000291784640315	0.0403964701284	681
54	0.25	0.25	0.0	6.55910176997	-0.145068518995	-1.31999056815	7.25505640433	-0.532005263369	-0.5754698256	682
54	0.25	0.5	0.0	6.09815933811	-0.609224786425	-1.63148339393	6.82721730116	-1.04188529439	-1.10717975336	683
54	0.25	0.75	0.0	5.49616523677	-1.04664605273	-1.85983462452	6.26061073893	-1.50752759778	-1.55048257344	684
54	0.25	1.0	0.0	4.87321667579	-1.45273328931	-2.06453028268	5.6591464658	-1.90711146291	-1.90112754615	685
54	0.5	0.0	0.0	6.769210061	0.32532599994	-0.84738953729	7.44522221627	-0.0139619501542	0.0651621866304	686
54	0.5	0.25	0.0	6.58970977487	-0.312407979573	-1.18020842684	7.27329992803	-0.73746516971	-0.380801145734	687
54	0.5	0.5	0.0	6.17649881695	-0.908152323059	-1.40339905343	6.87558437015	-1.39958867882	-0.740607812994	688
54	0.5	0.75	0.0	5.62619941037	-1.45529439138	-1.564650643	6.33783987538	-1.98823101621	-1.02829666058	689
54	0.5	1.0	0.0	5.03543377827	-1.94722154538	-1.71165242148	5.74583077644	-2.49129072063	-1.25790653394	690
54	0.75	0.0	0.0	6.7795247995	0.315373203964	-0.825136183537	7.45022613228	-0.0222707599189	0.0937006697776	691
54	0.75	0.25	0.0	6.62036875235	-0.433510758001	-1.00225796239	7.2902498668	-0.883711527455	-0.142697784862	692
54	0.75	0.5	0.0	6.25503119143	-1.13353956004	-1.11235961642	6.9197867443	-1.66347890248	-0.304122423185	693
54	0.75	0.75	0.0	5.75685911564	-1.77057572101	-1.18892173194	6.40818640378	-2.349942337	-0.418328984337	694
54	0.75	1.0	0.0	5.19919952387	-2.33048175976	-1.26542489529	5.82479848425	-2.931471283	-0.513073207459	695
54	1.0	0.0	0.0	6.784213317	0.3119301	-0.800000008	7.45250063956	-0.024966597423	0.121693722312	696
54	1.0	0.25	0.0	6.6371913504	-0.480154359253	-0.796471119821	7.29713962825	-0.926423757521	0.114146006679	697
54	1.0	0.5	0.0	6.29955271967	-1.22124292911	-0.791619293285	6.93717845232	-1.75405590395	0.129221339966	698
54	1.0	0.75	0.0	5.82980408611	-1.89617431041	-0.794046998606	6.43516565649	-2.48599812203	0.152850571863	699
54	1.0	1.0	0.0	5.286452111	-2.489787204	-0.812356706	5.85364978543	-3.10038549708	0.170964552059	700
57	0.0	0.0	0.0	6.784213317	0.3119301	-0.800000008	7.45250063956	-0.024966597423	0.121693722312	701
57	0.0	0.25	0.0	6.6371913504	-0.480154359253	-0.796471119821	7.29713962825	-0.926423757521	0.114146006679	702
57	0.0	0.5	0.0	6.29955271967	-1.22124292911	-0.791619293285	6.93717845232	-1.75405590395	0.129221339966	703
57	0.0	0.75	0.0	5.82980408611	-1.89617431041	-0.794046998606	6.43516565649	-2.48599812203	0.152850571863	704
57	0.0	1.0	0.0	5.286452111	-2.489787204	-0.812356706	5.85364978543	-3.10038549708	0.170964552059	705
57	0.25	0.0	0.0	6.790282297	0.31521467194	-0.774412815906	7.45221546918	-0.0232178346768	0.154465932037	706
57	0.25	0.25	0.0	6.64322689052	-0.447648836398	-0.566027734044	7.29375750006	-0.87632931941	0.393581655476	707
57	0.25	0.5	0.0	6.30334249363	-1.16177956134	-0.41024555578	6.92500123565	-1.66992239611	0.605184152727	708
57	0.25	0.75	0.0	5.82604208627	-1.81041624802	-0.310965310413	6.40936338643	-2.37651882424	0.777165694713	709
57	0.25	1.0	0.0	5.26673864837	-2.37679764155	-0.272086027245	5.81026066291	-2.96864036326	0.897418552354	710
57	0.5	0.0	0.0	6.803634053	0.324903252551	-0.75234218839	7.45158809433	-0.016908034291	0.192343598341	711
57	0.5	0.25	0.0	6.64888993275	-0.353954866314	-0.347971450481	7.28682049463	-0.770635699117	0.663365617015	712
57	0.5	0.5	0.0	6.28855709464	-0.99720757756	-0.0160522597454	6.90031965703	-1.47112874976	1.09133115764	713
57	0.5	0.75	0.0	5.78288553315	-1.57587794965	0.214270437903	6.35818923434	-2.09775755559	1.43328331296	714
57	0.5	1.0	0.0	5.19212524279	-2.06098905103	0.31385169655	5.72653287933	-2.62989248596	1.64626517572	715
57	0.75	0.0	0.0	6.816985809	0.340748131887	-0.734178468679	7.45096071949	-0.00444193518067	0.226314356841	716
57	0.75	0.25	0.0	6.65335346578	-0.20431772922	-0.164630420244	7.27757408136	-0.602103586862	0.892713820344	717
57	0.75	0.5	0.0	6.27041286577	-0.739289411284	0.32580966619	6.86889465682	-1.16747252815	1.50906954742	718
57	0.75	0.75	0.0	5.73576362727	-1.22193988004	0.679201944189	6.29780815449	-1.68471475925	2.00163137112	719
57	0.75	1.0	0.0	5.11700536857	-1.61004210124	0.837606567319	5.63720028297	-2.13799628038	2.29664912448	720
57	1.0	0.0	0.0	6.823054789	0.3625016	-0.720312	7.45067554911	0.0157757237393	0.247365843151	721
57	1.0	0.25	0.0	6.65579047832	-0.00398270533133	-0.0383327944444	7.26726372966	-0.363493672867	1.05084219451	722
57	1.0	0.5	0.0	6.26412615013	-0.399787496037	0.550189293399	6.83648717535	-0.76875129449	1.77980651477	723
57	1.0	0.75	0.0	5.72010556913	-0.777982503975	0.981370906293	6.24438510117	-1.17239087838	2.36263781368	724
57	1.0	1.0	0.0	5.0957725	-1.091637461	1.191328687	5.57699672208	-1.54680616177	2.72771510099	725
58	0.0	0.0	0.0	6.823054789	0.3625016	-0.720312	7.45067554911	0.0157757237393	0.247365843151	726
58	0.0	0.25	0.0	6.65579047832	-0.00398270533133	-0.0383327944444	7.26726372966	-0.363493672867	1.05084219451	727
58	0.0	0.5	0.0	6.26412615013	-0.399787496037	0.550189293399	6.83648717535	-0.76875129449	1.77980651477	728
58	0.0	0.75	0.0	5.72010556913	-0.777982503975	0.981370906293	6.24438510117	-1.17239087838	2.36263781368	729
58	0.0	1.0	0.0	5.0957725	-1.091637461	1.191328687	5.57699672208	-1.54680616177	2.72771510099	730
58	0.25	0.0	0.0	6.82701370181	0.382547747615	-0.713471955059	7.45023461846	0.0451627787803	0.251984878933	731
58	0.25	0.25	0.0	6.65840861777	0.182677347704	0.000190846798783	7.25975006697	-0.143312982215	1.0968415944	732
58	0.25	0.5	0.0	6.2641959412	-0.071599491425	0.609783383587	6.81374348402	-0.390096626125	1.85080791592	733
58	0.25	0.75	0.0	5.72111212398	-0.340763133894	1.06069796187	6.20971806541	-0.668135490016	2.45610627997	734
58	0.25	1.0	0.0	5.10589361798	-0.585293943825	1.29832688823	5.54517700694	-0.950376910952	2.85495912303	735
58	0.5	0.0	0.0	6.83572331	0.402777493082	-0.711617664489	7.44926457102	0.0859425205846	0.248952949353	736
58	0.5	0.25	0.0	6.66325305594	0.369083936505	-0.0210002958097	7.25467122676	0.0644420032536	1.06705082395	737
58	0.5	0.5	0.0	6.26021600435	0.267566642695	0.568162944822	6.79791722066	-0.00945463820433	1.80078521974	738
58	0.5	0.75	0.0	5.71213124781	0.128342293287	1.00886205123	6.18350011937	-0.128093731782	2.3941677155	739
58	0.5	1.0	0.0	5.10451787893	-0.0184724300826	1.25408701724	5.51591748958	-0.283821605471	2.79120989003	740
58	0.75	0.0	0.0	6.84443291819	0.422850892008	-0.714738466675	7.44829452357	0.126565915848	0.240945927018	741
58	0.75	0.25	0.0	6.66872479551	0.547666131502	-0.0848097212193	7.25145873086	0.260410065949	0.985316677203	742
58	0.75	0.5	0.0	6.25796443699	0.596512827231	0.455823684285	6.78816581053	0.352002536736	1.66322786666	743
58	0.75	0.75	0.0	5.70562119119	0.587386279271	0.866740098325	6.16816078363	0.390678229211	2.21701445844	744
58	0.75	1.0	0.0	5.10516440667	0.538281787701	1.10751786939	5.50118867123	0.365772044378	2.58901141558	745
58	1.0	0.0	0.0	6.848391831	0.442428	-0.7228237	7.44785359292	0.155483931266	0.230639684534	746
58	1.0	0.25	0.0	6.67322483915	0.710853003124	-0.174140928379	7.24954410105	0.445229988284	0.875485948199	747
58	1.0	0.5	0.0	6.26321933653	0.894040983089	0.303261309158	6.7836466789	0.67310276616	1.47162529713	748
58	1.0	0.75	0.0	5.71404020464	0.99442132576	0.675209027117	6.1661295788	0.831124225848	1.96483884695	749
58	1.0	1.0	0.0	5.121352325	1.014423417	0.90752824	5.51296105312	0.911316328298	2.30090771328	750
61	0.0	0.0	0.0	6.848391831	0.442428	-0.7228237	7.44785359292	0.155483931266	0.230639684534	751
61	0.0	0.25	0.0	6.67322483915	0.710853003124	-0.174140928379	7.24954410105	0.445229988284	0.875485948199	752
61	0.0	0.5	0.0	6.26321933653	0.894040983089	0.303261309158	6.7836466789	0.67310276616	1.47162529713	753
61	0.0	0.75	0.0	5.71404020464	0.99442132576	0.675209027117	6.1661295788	0.831124225848	1.96483884695	754
61	0.0	1.0	0.0	5.121352325	1.014423417	0.90752824	5.51296105312	0.911316328298	2.30090771328	755
61	0.25	0.0	0.0	6.84756600459	0.452903740174	-0.729590292215	7.44777699309	0.160558449408	0.219225788436	756
61	0.25	0.25	0.0	6.67551301824	0.791804433327	-0.229947162589	7.2501554072	0.539978974972	0.806172765278	757
61	0.25	0.5	0.0	6.27205374741	1.03462549893	0.212268052316	6.78652006602	0.822569338611	1.35065275229	758
61	0.25	0.75	0.0	5.72954788446	1.17745992377	0.562442586626	6.17402525433	1.01684322804	1.80330226478	759
61	0.25	1.0	0.0	5.14035512175	1.21640069462	0.785963674467	5.52982525691	1.13131433096	2.11475781803	760
61	0.5	0.0	0.0	6.8457491865	0.462274915306	-0.737725084694	7.44760847346	0.15804693607	0.200866927415	761
61	0.5	0.25	0.0	6.67870717757	0.870226005643	-0.294281789977	7.25215589929	0.62991590585	0.723119491013	762
61	0.5	0.5	0.0	6.28568486501	1.17851888019	0.103694799406	6.7937388325	0.970797866493	1.19998359844	763
61	0.5	0.75	0.0	5.75260051713	1.37004664972	0.421478376407	6.18803095374	1.20415296087	1.59329846089	764
61	0.5	1.0	0.0	5.16537240226	1.42770242501	0.624342633983	5.55070594363	1.35344133183	1.86490328955	765
61	0.75	0.0	0.0	6.84393236841	0.470409707785	-0.747096259826	7.44743995384	0.154299040079	0.181271683741	766
61	0.75	0.25	0.0	6.68214601574	0.939299603767	-0.365071182953	7.25398095528	0.710647536398	0.631509486917	767
61	0.75	0.5	0.0	6.29968568454	1.30756290532	-0.0141156073399	6.80038701086	1.10216863144	1.03620544763	768
61	0.75	0.75	0.0	5.77506916627	1.54278892413	0.267990519301	6.2010023988	1.36804347639	1.36594083734	769
61	0.75	1.0	0.0	5.18681425239	1.6125669719	0.443467249258	5.57017139728	1.54745322241	1.5912969275	770
61	1.0	0.0	0.0	6.843106542	0.4771763	-0.757572	7.44736335401	0.155664410262	0.166148639684	771
61	1.0	0.25	0.0	6.68516823137	0.992207111391	-0.440241713928	7.25406595314	0.777780622094	0.536526114503	772
61	1.0	0.5	0.0	6.30962920125	1.40359935275	-0.132820325686	6.80154863362	1.20106191509	0.87590591191	773
61	1.0	0.75	0.0	5.7888248955	1.66629416749	0.117653138149	6.20579531127	1.48350482666	1.15234279617	774
61	1.0	1.0	0.0	5.195090758	1.735232699	0.264139651	5.58278990189	1.68310589418	1.33389153154	775
62	0.0	0.0	0.0	6.843106542	0.4771763	-0.757572	7.44736335401	0.155664410262	0.166148639684	776
62	0.0	0.25	0.0	6.68516823137	0.992207111391	-0.440241713928	7.25406595314	0.777780622094	0.536526114503	777
62	0.0	0.5	0.0	6.30962920125	1.40359935275	-0.132820325686	6.80154863362	1.20106191509	0.87590591191	778
62	0.0	0.75	0.0	5.7888248955	1.66629416749	0.117653138149	6.20579531127	1.48350482666	1.15234279617	779
62	0.0	1.0	0.0	5.195090758	1.735232699	0.264139651	5.58278990189	1.68310589418	1.33389153154	780
62	0.25	0.0	0.0	6.83911152044	0.48244278471	-0.768218680115	7.44633269286	0.156578617498	0.153770183661	781
62	0.25	0.25	0.0	6.68207173012	1.02194331838	-0.51997179309	7.25053243523	0.822917012954	0.438106768507	782
62	0.25	0.5	0.0	6.3066551156	1.45035543789	-0.262996859414	6.79336426673	1.25787575151	0.709095686047	783
62	0.25	0.75	0.0	5.7827013854	1.72043003461	-0.050200050059	6.19646266779	1.54202115952	0.929833372988	784
62	0.25	1.0	0.0	5.18005024801	1.7849179999	0.0655124640045	5.58146211884	1.75591956331	1.06341626603	785
62	0.5	0.0	0.0	6.830322473	0.485791419168	-0.777972510835	7.44406523832	0.150352241513	0.140206445945	786
62	0.5	0.25	0.0	6.67154856342	1.03125144126	-0.602549442988	7.24430724301	0.842155032419	0.336892144404	787
62	0.5	0.5	0.0	6.29080499909	1.45890331405	-0.414343229686	6.77931302671	1.28202828408	0.520987328613	788
62	0.5	0.75	0.0	5.75930687971	1.72722514599	-0.258344717948	6.17835009696	1.56801600283	0.663226683717	789
62	0.5	1.0	0.0	5.14826930497	1.79469504552	-0.179544754793	5.57068596128	1.798162195	0.734344894861	790
62	0.75	0.0	0.0	6.82153342556	0.487555894042	-0.788133083388	7.44179778379	0.142541705944	0.126235966396	791
62	0.75	0.25	0.0	6.65915828933	1.02882995191	-0.687925196509	7.23831391449	0.84327016025	0.234221382039	792
62	0.75	0.5	0.0	6.26998586646	1.44647355716	-0.572608791987	6.76607929844	1.28658568284	0.328930722996	793
62	0.75	0.75	0.0	5.73007913667	1.70809362337	-0.475777863867	6.16155292436	1.57690181468	0.391136801088	794
62	0.75	1.0	0.0	5.1155010797	1.78129706414	-0.431026406194	5.56119378102	1.81863209673	0.401612428136	795
62	1.0	0.0	0.0	6.817538404	0.4880699	-0.799999989	7.44076712264	0.138703434428	0.112637284876	796
62	1.0	0.25	0.0	6.65046046593	1.02337732224	-0.77604958654	7.23547598768	0.83403787621	0.131433621258	797
62	1.0	0.5	0.0	6.25210473247	1.43029674317	-0.723542901805	6.76034746676	1.28461411784	0.150275752587	798
62	1.0	0.75	0.0	5.70645591452	1.68444958852	-0.671496486167	6.15616647559	1.58409105315	0.152177797836	799
62	1.0	1.0	0.0	5.097498723	1.761457284	-0.648926891	5.5637179299	1.826127576	0.120153875976	800
