Elem	xi[0]	xi[1]	xi[2]	Y[0]	Y[1]	Y[2]	y[0]	y[1]	y[2]	Index
1	0.0	0.0	0.0	0.447153102	0.168609643	-0.113202237	0.560263098187	0.977289723978	-0.126158029737	1
1	0.0	0.25	0.0	-0.329787260597	0.156655861805	-0.146206625186	-0.248579607185	1.01414865201	-0.0741555178911	2
1	0.0	0.5	0.0	-1.11489743847	0.107806976922	-0.194493235104	-1.06764590036	1.05783750735	-0.00123164958967	3
1	0.0	0.75	0.0	-1.89187559886	0.0607145708277	-0.262126242219	-1.87392844606	1.10134280624	0.0577639212415	4
1	0.0	1.0	0.0	-2.644419909	0.054030226	-0.353169822	-2.644419909	1.13765106492	0.0679815406763	5
1	0.25	0.0	0.0	0.396689271668	0.290669502508	-0.357417052888	0.494270004025	1.02846119784	-0.431428986837	6
1	0.25	0.25	0.0	-0.36295898546	0.288927384057	-0.388508174374	-0.287484389775	1.06898686149	-0.384317673862	7
1	0.25	0.5	0.0	-1.13004274611	0.277105033078	-0.416200136815	-1.085423077	1.12620152713	-0.314457863753	8
1	0.25	0.75	0.0	-1.88431754581	0.277744085099	-0.46036553074	-1.86846745474	1.18250190596	-0.253842600459	9
1	0.25	1.0	0.0	-2.60553892011	0.313386175644	-0.540876946675	-2.60553892011	1.22028470918	-0.234464927927	10
1	0.5	0.0	0.0	0.312157100881	0.462616805188	-0.613340867864	0.404387186052	1.11403495974	-0.779245314357	11
1	0.5	0.25	0.0	-0.387072177994	0.485099370097	-0.633571354796	-0.320491735483	1.15424119372	-0.744247354065	12
1	0.5	0.5	0.0	-1.11564816509	0.512698385614	-0.636620674073	-1.07667520303	1.21566163191	-0.686010147204	13
1	0.5	0.75	0.0	-1.84294060935	0.544447429932	-0.642376784787	-1.82800408748	1.27742491267	-0.620128253487	14
1	0.5	1.0	0.0	-2.53831925975	0.57938008124	-0.670727646029	-2.53831925975	1.31865967436	-0.562196232626	15
1	0.75	0.0	0.0	0.223283132154	0.620404250774	-0.865359448658	0.31435019604	1.17765043175	-1.12740127008	16
1	0.75	0.25	0.0	-0.414078510267	0.67004602313	-0.870198011541	-0.356575608887	1.21762488043	-1.10228282475	17
1	0.75	0.5	0.0	-1.10144850083	0.732129459644	-0.849093951373	-1.07291328568	1.28172038855	-1.05214815846	18
1	0.75	0.75	0.0	-1.80044219182	0.779316054458	-0.817283229213	-1.7923755045	1.34353774255	-0.977269853062	19
1	0.75	1.0	0.0	-2.47267493552	0.784267301715	-0.790001806119	-2.47267493552	1.3766777289	-0.877920490386	20
1	1.0	0.0	0.0	0.159793908	0.699984539	-1.097858562	0.247894585762	1.16294703595	-1.4336911118	21
1	1.0	0.25	0.0	-0.45592965435	0.768641546361	-1.08718998969	-0.404709974564	1.20685115333	-1.40676235217	22
1	1.0	0.5	0.0	-1.11717855876	0.85294068028	-1.04695907321	-1.10564833216	1.2798803639	-1.34913155605	23
1	1.0	0.75	0.0	-1.78951969554	0.900841407809	-0.994208088871	-1.80141886599	1.33826631181	-1.2614442144	24
1	1.0	1.0	0.0	-2.438519955	0.860303196	-0.945979313	-2.438519955	1.3382406412	-1.14434581817	25
2	0.0	0.0	0.0	0.159793908	0.699984539	-1.097858562	0.247894585762	1.16294703595	-1.4336911118	26
2	0.0	0.25	0.0	-0.45592965435	0.768641546361	-1.08718998969	-0.404709974564	1.20685115333	-1.40676235217	27
2	0.0	0.5	0.0	-1.11717855876	0.85294068028	-1.04695907321	-1.10564833216	1.2798803639	-1.34913155605	28
2	0.0	0.75	0.0	-1.78951969554	0.900841407809	-0.994208088871	-1.80141886599	1.33826631181	-1.2614442144	29
2	0.0	1.0	0.0	-2.438519955	0.860303196	-0.945979313	-2.438519955	1.3382406412	-1.14434581817	30
2	0.25	0.0	0.0	0.089242460336	0.676208715208	-1.36997836746	0.176629997576	1.03522425275	-1.76667101045	31
2	0.25	0.25	0.0	-0.524392563484	0.73174107617	-1.33967429969	-0.472077847479	1.06267028228	-1.72221073075	32
2	0.25	0.5	0.0	-1.16470720271	0.799423978295	-1.27161052071	-1.16073254111	1.12204757703	-1.63142262551	33
2	0.25	0.75	0.0	-1.81111601524	0.824365047719	-1.1837993111	-1.83562185454	1.1639905114	-1.50803835957	34
2	0.25	1.0	0.0	-2.443033559	0.751671910578	-1.09425295144	-2.443033559	1.1391334598	-1.36578959777	35
2	0.5	0.0	0.0	-0.007605183512	0.579773054346	-1.68263543176	0.0857447495492	0.831221478201	-2.14093655588	36
2	0.5	0.25	0.0	-0.599974951271	0.592083148903	-1.63139386218	-0.543873798226	0.811374648935	-2.07843292198	37
2	0.5	0.5	0.0	-1.21277372531	0.60873609974	-1.5304090615	-1.20486193129	0.819045965085	-1.95325335096	38
2	0.5	0.75	0.0	-1.83698086138	0.593680457668	-1.384811449	-1.85787684013	0.825813104649	-1.78352463503	39
2	0.5	1.0	0.0	-2.46357571528	0.510864773497	-1.19973144396	-2.46357571528	0.803253745625	-1.58737356639	40
2	0.75	0.0	0.0	-0.089496496854	0.434277844811	-1.97700371993	0.00985925887877	0.587002124895	-2.48836781453	41
2	0.75	0.25	0.0	-0.657368537054	0.397171135506	-1.9024482132	-0.601220374465	0.516302559086	-2.40819164556	42
2	0.75	0.5	0.0	-1.24687552671	0.36014586024	-1.76158443385	-1.23640580479	0.470332461858	-2.24639339544	43
2	0.75	0.75	0.0	-1.85727387182	0.310575391474	-1.55108329762	-1.8728785126	0.44538202666	-2.02483635202	44
2	0.75	1.0	0.0	-2.48781997841	0.235833101667	-1.26761572025	-2.48781997841	0.437741446946	-1.76538380318	45
2	1.0	0.0	0.0	-0.115178953	0.263323375	-2.194257197	-0.0164060572392	0.338629605428	-2.74084485284	46
2	1.0	0.25	0.0	-0.671265040176	0.194508406927	-2.09293688879	-0.625240123856	0.240792318522	-2.64424962121	47
2	1.0	0.5	0.0	-1.25251000706	0.132922075422	-1.90336637604	-1.25373346372	0.175364001126	-2.44261242196	48
2	1.0	0.75	0.0	-1.86215468442	0.0768376029564	-1.63645365202	-1.88532156178	0.144345212535	-2.16890682177	49
2	1.0	1.0	0.0	-2.503439903	0.024528212	-1.30310671	-2.503439903	0.149736512047	-1.85610638731	50
5	0.0	0.0	0.0	-0.115178953	0.263323375	-2.194257197	-0.0164060572392	0.338629605428	-2.74084485284	51
5	0.0	0.25	0.0	-0.671265040176	0.194508406927	-2.09293688879	-0.625240123856	0.240792318522	-2.64424962121	52
5	0.0	0.5	0.0	-1.25251000706	0.132922075422	-1.90336637604	-1.25373346372	0.175364001126	-2.44261242196	53
5	0.0	0.75	0.0	-1.86215468442	0.0768376029564	-1.63645365202	-1.88532156178	0.144345212535	-2.16890682177	54
5	0.0	1.0	0.0	-2.503439903	0.024528212	-1.30310671	-2.503439903	0.149736512047	-1.85610638731	55
5	0.25	0.0	0.0	-0.0369346807073	-0.374779323473	-2.421612962	0.0636190040094	-0.48040159621	-3.01540014013	56
5	0.25	0.25	0.0	-0.606351294435	-0.469138278082	-2.2797650996	-0.574461150699	-0.594548256901	-2.88335234852	57
5	0.25	0.5	0.0	-1.20841884052	-0.518713378927	-1.99097306087	-1.23461693744	-0.632383783975	-2.59862729948	58
5	0.25	0.75	0.0	-1.84983331078	-0.53222250171	-1.62998185756	-1.89588217871	-0.615351959823	-2.23198918878	59
5	0.25	1.0	0.0	-2.53729069704	-0.518383522134	-1.27153650144	-2.53729069704	-0.564896566834	-1.85420221218	60
5	0.5	0.0	0.0	0.0856847103306	-1.23084311199	-2.34481170846	0.216491213873	-1.52257689488	-2.94787199368	61
5	0.5	0.25	0.0	-0.513658634735	-1.32721891866	-2.21127272514	-0.451027732235	-1.64440902964	-2.78906230555	62
5	0.5	0.5	0.0	-1.15241044544	-1.33863944636	-1.88796746938	-1.15029306953	-1.63851203369	-2.46373362181	63
5	0.5	0.75	0.0	-1.83856986096	-1.29480107252	-1.48048684599	-1.86532307371	-1.5492264146	-2.06827415666	64
5	0.5	1.0	0.0	-2.58013602049	-1.22540017453	-1.09442175976	-2.58013602049	-1.42089267993	-1.6990721243	65
5	0.75	0.0	0.0	0.210587953953	-2.08812575901	-2.06575274118	0.390025333739	-2.5242385171	-2.62257835042	66
5	0.75	0.25	0.0	-0.418625728764	-2.17666280443	-1.95907364303	-0.307611803324	-2.64233321011	-2.44785043553	67
5	0.75	0.5	0.0	-1.0926037836	-2.13591040911	-1.64190506226	-1.03865481585	-2.58352999387	-2.11852830819	68
5	0.75	0.75	0.0	-1.81822565645	-2.02570665897	-1.22494811546	-1.80345678532	-2.41910354953	-1.74322431279	69
5	0.75	1.0	0.0	-2.60237079321	-1.90588963991	-0.818903919203	-2.60237079321	-2.22032855823	-1.4305507937	70
5	1.0	0.0	0.0	0.295683784	-2.729885033	-1.686335365	0.532036124997	-3.22172868938	-2.12383714729	71
5	1.0	0.25	0.0	-0.346691244211	-2.81439922506	-1.59478173093	-0.196885298823	-3.32186400873	-1.94618768167	72
5	1.0	0.5	0.0	-1.03711781681	-2.71958054942	-1.30034130021	-0.937595132282	-3.20794691035	-1.64360827785	73
5	1.0	0.75	0.0	-1.77866201876	-2.53974781057	-0.900345164135	-1.7200958521	-2.98680876232	-1.32230224455	74
5	1.0	1.0	0.0	-2.574389935	-2.369219813	-0.492124414	-2.574389935	-2.76528093276	-1.08847289044	75
6	0.0	0.0	0.0	0.295683784	-2.729885033	-1.686335365	0.532036124997	-3.22172868938	-2.12383714729	76
6	0.0	0.25	0.0	-0.346691244211	-2.81439922506	-1.59478173093	-0.196885298823	-3.32186400873	-1.94618768167	77
6	0.0	0.5	0.0	-1.03711781681	-2.71958054942	-1.30034130021	-0.937595132282	-3.20794691035	-1.64360827785	78
6	0.0	0.75	0.0	-1.77866201876	-2.53974781057	-0.900345164135	-1.7200958521	-2.98680876232	-1.32230224455	79
6	0.0	1.0	0.0	-2.574389935	-2.369219813	-0.492124414	-2.574389935	-2.76528093276	-1.08847289044	80
6	0.25	0.0	0.0	0.36272238345	-3.11690984759	-1.18535341086	0.614465245511	-3.5912106967	-1.493901285	81
6	0.25	0.25	0.0	-0.271316746517	-3.16504234416	-1.09480511606	-0.120187205021	-3.6439623193	-1.33990666521	82
6	0.25	0.5	0.0	-0.953683215107	-3.01264717885	-0.845482702718	-0.850308009443	-3.47694995978	-1.10841792278	83
6	0.25	0.75	0.0	-1.68652683137	-2.77414843909	-0.501375547564	-1.61965784886	-3.22059597209	-0.86440210602	84
6	0.25	1.0	0.0	-2.47199740437	-2.56397021236	-0.126473027348	-2.47199740437	-3.00532271015	-0.672826263245	85
6	0.5	0.0	0.0	0.451041870087	-3.43369288837	-0.482266061427	0.674050696391	-3.86596978955	-0.689376173374	86
6	0.5	0.25	0.0	-0.16444701738	-3.41032146917	-0.39016252407	-0.0350505932724	-3.85548689499	-0.576404474513	87
6	0.5	0.5	0.0	-0.824972280199	-3.20899631017	-0.201145228562	-0.744348779046	-3.65365631483	-0.438641468515	88
6	0.5	0.75	0.0	-1.53554456292	-2.93717552845	0.0617846160755	-1.48825352872	-3.38653057911	-0.277016981873	89
6	0.5	1.0	0.0	-2.30117451011	-2.70231724108	0.375625800819	-2.30117451011	-3.18016221787	-0.0924608410796	90
6	0.75	0.0	0.0	0.52650412693	-3.63272238598	0.267520988719	0.716591870152	-4.00323021425	0.133127415574	91
6	0.75	0.25	0.0	-0.070188799174	-3.54848803569	0.355638199984	0.0370104544127	-3.94861235637	0.196964916777	92
6	0.75	0.5	0.0	-0.707482929535	-3.32138902611	0.483077206569	-0.65418454002	-3.74029832114	0.24104130133	93
6	0.75	0.75	0.0	-1.38970190022	-3.03862925923	0.660576100817	-1.36943163373	-3.48353297875	0.321977482422	94
6	0.75	1.0	0.0	-2.12116934729	-2.78741263701	0.898872975077	-2.12116934729	-3.28356119943	0.496394373242	95
6	1.0	0.0	0.0	0.554971037	-3.666486571	0.908602045	0.747888159315	-3.96021621712	0.816998709831	96
6	1.0	0.25	0.0	-0.0326488342751	-3.57779347936	0.979089211033	0.0744818560234	-3.91551332403	0.832847534996	97
6	1.0	0.5	0.0	-0.657713080566	-3.36258640943	1.05759068698	-0.6142823913	-3.73910832436	0.805950603138	98
6	1.0	0.75	0.0	-1.31298553007	-3.08830981204	1.16643968069	-1.30674090589	-3.51052356637	0.814705641395	99
6	1.0	1.0	0.0	-1.991230011	-2.822408138	1.3279694	-1.991230011	-3.30928139835	0.937510376904	100
9	0.0	0.0	0.0	0.554971037	-3.666486571	0.908602045	0.747888159315	-3.96021621712	0.816998709831	101
9	0.0	0.25	0.0	-0.0326488342751	-3.57779347936	0.979089211033	0.0744818560234	-3.91551332403	0.832847534996	102
9	0.0	0.5	0.0	-0.657713080566	-3.36258640943	1.05759068698	-0.6142823913	-3.73910832436	0.805950603138	103
9	0.0	0.75	0.0	-1.31298553007	-3.08830981204	1.16643968069	-1.30674090589	-3.51052356637	0.814705641395	104
9	0.0	1.0	0.0	-1.991230011	-2.822408138	1.3279694	-1.991230011	-3.30928139835	0.937510376904	105
9	0.25	0.0	0.0	0.556574482102	-3.45555727044	1.4731939296	0.771181451985	-3.65334866665	1.39380051323	106
9	0.25	0.25	0.0	-0.00978686410466	-3.4194356774	1.56583507322	0.113797813032	-3.6611329457	1.4166670197	107
9	0.25	0.5	0.0	-0.619347872824	-3.27587284713	1.67193095854	-0.565386482113	-3.5594914148	1.41385423188	108
9	0.25	0.75	0.0	-1.24501282613	-3.07003181691	1.78878993608	-1.23400367473	-3.40035285241	1.42787766044	109
9	0.25	1.0	0.0	-1.85968600609	-2.84707562398	1.91372035635	-1.85968600609	-3.23564603698	1.50125281609	110
9	0.5	0.0	0.0	0.565920115411	-3.01990628426	2.06537688267	0.780092683309	-3.0994292763	1.98359772903	111
9	0.5	0.25	0.0	0.0425590851216	-3.04905313261	2.20983934782	0.176043683751	-3.16109970835	2.0484613729	112
9	0.5	0.5	0.0	-0.537328509423	-3.01396711862	2.36389975993	-0.468631539998	-3.15595877057	2.10522163033	113
9	0.5	0.75	0.0	-1.13567387929	-2.93593542407	2.51372049631	-1.11256988181	-3.10871051879	2.1646275683	114
9	0.5	1.0	0.0	-1.71440823554	-2.83624523073	2.64546393425	-1.71440823554	-3.04405900881	2.23742825378	115
9	0.75	0.0	0.0	0.571475818015	-2.4701596287	2.5628240814	0.762133788857	-2.4268431449	2.48398581442	116
9	0.75	0.25	0.0	0.0805863676022	-2.55863620069	2.7563083351	0.210259561567	-2.53170927014	2.59558218672	117
9	0.75	0.5	0.0	-0.47250295872	-2.62592374299	2.95744649706	-0.394953418843	-2.61481489499	2.71342892039	118
9	0.75	0.75	0.0	-1.04735969223	-2.67397616643	3.14550978891	-1.01304408367	-2.67730817553	2.82544341112	119
9	0.75	1.0	0.0	-1.60355136422	-2.70474738186	3.29976943227	-1.60355136422	-2.72033726786	2.9195430546	120
9	1.0	0.0	0.0	0.561709471	-1.91694332	2.843208703	0.7048167042	-1.76397537126	2.79256022655	121
9	1.0	0.25	0.0	0.0604923375356	-2.04017523734	3.05044833535	0.165485539862	-1.88925728923	2.92538105328	122
9	1.0	0.5	0.0	-0.485719189073	-2.1607972393	3.27652057585	-0.415287972537	-2.02236429134	3.07185222393	123
9	1.0	0.75	0.0	-1.04246126764	-2.27210957686	3.48843624143	-1.00603083687	-2.14785743263	3.21081323505	124
9	1.0	1.0	0.0	-1.575270057	-2.367412501	3.653206149	-1.575270057	-2.25029776815	3.32110358317	125
10	0.0	0.0	0.0	0.561709471	-1.91694332	2.843208703	0.7048167042	-1.76397537126	2.79256022655	126
10	0.0	0.25	0.0	0.0604923375356	-2.04017523734	3.05044833535	0.165485539862	-1.88925728923	2.92538105328	127
10	0.0	0.5	0.0	-0.485719189073	-2.1607972393	3.27652057585	-0.415287972537	-2.02236429134	3.07185222393	128
10	0.0	0.75	0.0	-1.04246126764	-2.27210957686	3.48843624143	-1.00603083687	-2.14785743263	3.21081323505	129
10	0.0	1.0	0.0	-1.575270057	-2.367412501	3.653206149	-1.575270057	-2.25029776815	3.32110358317	130
10	0.25	0.0	0.0	0.536879009533	-1.60655855155	2.81404219573	0.664298754563	-1.37791721877	2.80346471021	131
10	0.25	0.25	0.0	0.00398016651617	-1.72332898024	3.00211048519	0.100842444075	-1.47748592859	2.92742668487	132
10	0.25	0.5	0.0	-0.558997853999	-1.81725256944	3.22393145488	-0.491722968816	-1.57402695304	3.07468182803	133
10	0.25	0.75	0.0	-1.12045261982	-1.90197007846	3.4315130346	-1.08454763335	-1.66688863444	3.21284458812	134
10	0.25	1.0	0.0	-1.64878169875	-1.99112226662	3.57686315414	-1.64878169875	-1.75541931513	3.30952941357	135
10	0.5	0.0	0.0	0.498046662295	-1.26695181719	2.63597245743	0.629703534068	-0.927659891028	2.68527706631	136
10	0.5	0.25	0.0	-0.071385861235	-1.39161228773	2.77616923988	0.0303508400154	-1.0039920128	2.77413878848	137
10	0.5	0.5	0.0	-0.660111930326	-1.49048214841	2.95525490338	-0.590134967927	-1.08405592684	2.88842359816	138
10	0.5	0.75	0.0	-1.2421390795	-1.57959184627	3.11779360653	-1.20599611921	-1.16516250683	2.9897841193	139
10	0.5	1.0	0.0	-1.79147484329	-1.67497182836	3.20834950792	-1.79147484329	-1.24462262647	3.03987297582	140
10	0.75	0.0	0.0	0.464621921159	-0.955431937982	2.38314462267	0.601443845835	-0.489441514351	2.49767407374	141
10	0.75	0.25	0.0	-0.136543237406	-1.09866724341	2.46007576656	-0.0331612583894	-0.550734089096	2.53656975363	142
10	0.75	0.5	0.0	-0.756271086142	-1.22999629113	2.57135791689	-0.689212140389	-0.625609708197	2.59218527579	143
10	0.75	0.75	0.0	-1.3719174375	-1.34531736463	2.65946130088	-1.34050551672	-0.704681708381	2.63474333614	144
10	0.75	1.0	0.0	-1.96083810393	-1.44052874742	2.66685614574	-1.96083810393	-0.778563426374	2.63446663057	145
10	1.0	0.0	0.0	0.456014278	-0.729307735	2.129703826	0.579932492982	-0.139500215055	2.3003325114	146
10	1.0	0.25	0.0	-0.162429453686	-0.898135930871	2.14128123236	-0.0768658372131	-0.199670704726	2.28577196983	147
10	1.0	0.5	0.0	-0.814684989536	-1.08530531249	2.17310749096	-0.767642656722	-0.271846792567	2.26507460237	148
10	1.0	0.75	0.0	-1.47418448462	-1.23948911786	2.16869946132	-1.45820504812	-0.347448897653	2.24083374618	149
10	1.0	1.0	0.0	-2.114360094	-1.309360585	2.071574003	-2.114360094	-0.417897439061	2.21564273845	150
13	0.0	0.0	0.0	0.456014278	-0.729307735	2.129703826	0.579932492982	-0.139500215055	2.3003325114	151
13	0.0	0.25	0.0	-0.162429453686	-0.898135930871	2.14128123236	-0.0768658372131	-0.199670704726	2.28577196983	152
13	0.0	0.5	0.0	-0.814684989536	-1.08530531249	2.17310749096	-0.767642656722	-0.271846792567	2.26507460237	153
13	0.0	0.75	0.0	-1.47418448462	-1.23948911786	2.16869946132	-1.45820504812	-0.347448897653	2.24083374618	154
13	0.0	1.0	0.0	-2.114360094	-1.309360585	2.071574003	-2.114360094	-0.417897439061	2.21564273845	155
13	0.25	0.0	0.0	0.463444808019	-0.582633449212	1.8769456163	0.574944959333	0.106954519641	2.07318753141	156
13	0.25	0.25	0.0	-0.163218695367	-0.776317944407	1.85897615648	-0.10122678261	0.0314392437848	2.04348214873	157
13	0.25	0.5	0.0	-0.826831690731	-1.03258559504	1.85919713496	-0.804683370223	-0.0775951234415	1.98991101178	158
13	0.25	0.75	0.0	-1.51364107629	-1.25223162435	1.79875999657	-1.51453547046	-0.192308127304	1.92694656921	159
13	0.25	1.0	0.0	-2.20989375027	-1.3360512556	1.59881618614	-2.20989375027	-0.284859313068	1.8690612697	160
13	0.5	0.0	0.0	0.469269948697	-0.439184418637	1.56405911661	0.586723752163	0.334693631887	1.75930062012	161
13	0.5	0.25	0.0	-0.175241903497	-0.65281125877	1.54270058424	-0.124125193037	0.243808742785	1.74857032075	162
13	0.5	0.5	0.0	-0.834245378922	-0.979674661838	1.54202848919	-0.831194163883	0.0684860301313	1.70230612634	163
13	0.5	0.75	0.0	-1.53240611261	-1.28579677773	1.44757472699	-1.54958254964	-0.121408249171	1.61826735987	164
13	0.5	1.0	0.0	-2.29438973958	-1.43719975635	1.14487119319	-2.29438973958	-0.256007838219	1.49421334432	165
13	0.75	0.0	0.0	0.476508821527	-0.300343213242	1.24101138736	0.606803453148	0.532999759802	1.41795007296	166
13	0.75	0.25	0.0	-0.200805456557	-0.519751817968	1.22255888407	-0.145440425589	0.43889999813	1.43768135012	167
13	0.75	0.5	0.0	-0.859752284724	-0.889661780362	1.22077055176	-0.869711853135	0.217783824795	1.41688955812	168
13	0.75	0.75	0.0	-1.56520536261	-1.25726362537	1.10631985757	-1.60293608829	-0.0269607550324	1.3319977745	169
13	0.75	1.0	0.0	-2.38203838986	-1.46974787793	0.749880268635	-2.38203838986	-0.19194573618	1.15942907683	170
13	1.0	0.0	0.0	0.488180548	-0.167492403	0.957769489	0.626718643967	0.691155541506	1.1084141853	171
13	1.0	0.25	0.0	-0.242215733025	-0.369275566011	0.928655424412	-0.165051837365	0.618175215678	1.14746010103	172
13	1.0	0.5	0.0	-0.92617863875	-0.725636218078	0.894592320793	-0.942773253415	0.421685417193	1.14829091917	173
13	1.0	0.75	0.0	-1.64676459535	-1.08371121461	0.766171593277	-1.71418588902	0.198822863334	1.08533946948	174
13	1.0	1.0	0.0	-2.487030029	-1.290637411	0.453984657	-2.487030029	0.0467242713869	0.93303858175	175
14	0.0	0.0	0.0	0.488180548	-0.167492403	0.957769489	0.626718643967	0.691155541506	1.1084141853	176
14	0.0	0.25	0.0	-0.242215733025	-0.369275566011	0.928655424412	-0.165051837365	0.618175215678	1.14746010103	177
14	0.0	0.5	0.0	-0.92617863875	-0.725636218078	0.894592320793	-0.942773253415	0.421685417193	1.14829091917	178
14	0.0	0.75	0.0	-1.64676459535	-1.08371121461	0.766171593277	-1.71418588902	0.198822863334	1.08533946948	179
14	0.0	1.0	0.0	-2.487030029	-1.290637411	0.453984657	-2.487030029	0.0467242713869	0.93303858175	180
14	0.25	0.0	0.0	0.493281095551	-0.0657656756343	0.712698539958	0.632976626633	0.798547993924	0.831223184635	181
14	0.25	0.25	0.0	-0.27274627859	-0.22316208854	0.672608737483	-0.179351138647	0.759955535221	0.877679109477	182
14	0.25	0.5	0.0	-0.994908855278	-0.515500898129	0.607336990511	-1.00348966252	0.635406880169	0.901322049567	183
14	0.25	0.75	0.0	-1.74049698853	-0.810265856065	0.484906493355	-1.81183945656	0.49112390703	0.881883838649	184
14	0.25	1.0	0.0	-2.57680103236	-0.974940714013	0.273340440325	-2.57680103236	0.393328494066	0.799096310468	185
14	0.5	0.0	0.0	0.485481144705	0.0198770368553	0.428349620371	0.623156128633	0.885047140363	0.503219826259	186
14	0.5	0.25	0.0	-0.286544002247	-0.0778980613799	0.394231196366	-0.192013978847	0.877782216984	0.559868743068	187
14	0.5	0.5	0.0	-1.04014753229	-0.287472849174	0.333354324763	-1.02478463697	0.820679423108	0.621028257189	188
14	0.5	0.75	0.0	-1.81007024099	-0.508718170517	0.242504986223	-1.84713717543	0.754661411547	0.657648592874	189
14	0.5	1.0	0.0	-2.63105292391	-0.641504869396	0.118469161406	-2.63105292391	0.720650835113	0.640679974378	190
14	0.75	0.0	0.0	0.468774034007	0.0958605409172	0.140967703599	0.598503001855	0.946134032992	0.169170593645	191
14	0.75	0.25	0.0	-0.300070473186	0.0531600704186	0.114350256873	-0.212077690761	0.964798757176	0.230450150911	192
14	0.75	0.5	0.0	-1.07558146247	-0.0701656859222	0.0677192680557	-1.03629208138	0.965492985629	0.31698515361	193
14	0.75	0.75	0.0	-1.85926842151	-0.208560560655	0.00486232374363	-1.85589489035	0.965909627685	0.390364898342	194
14	0.75	1.0	0.0	-2.652640838	-0.296468386331	-0.0704329894666	-2.652640838	0.98374159268	0.412178681705	195
14	1.0	0.0	0.0	0.447153102	0.168609643	-0.113202237	0.560263098187	0.977289723978	-0.126158029737	196
14	1.0	0.25	0.0	-0.329787260597	0.156655861805	-0.146206625186	-0.248579607185	1.01414865201	-0.0741555178911	197
14	1.0	0.5	0.0	-1.11489743847	0.107806976922	-0.194493235104	-1.06764590036	1.05783750735	-0.00123164958967	198
14	1.0	0.75	0.0	-1.89187559886	0.0607145708277	-0.262126242219	-1.87392844606	1.10134280624	0.0577639212415	199
14	1.0	1.0	0.0	-2.644419909	0.054030226	-0.353169822	-2.644419909	1.13765106492	0.0679815406763	200
17	0.0	0.0	0.0	3.767299734	0.417024474	0.287086573	4.00245122691	0.839271668527	0.171664678246	201
17	0.0	0.25	0.0	3.32585409044	0.366673295695	0.163919359912	3.54281539149	0.890513010239	0.119810301076	202
17	0.0	0.5	0.0	2.86168027595	0.368091280206	0.10205470666	3.06280987603	0.954666806632	0.0705730632328	203
17	0.0	0.75	0.0	2.40687370574	0.381972676364	0.0715979863283	2.59299844633	1.01104785541	0.0243655300772	204
17	0.0	1.0	0.0	1.993529795	0.369011733	0.042654572	2.16394486815	1.03897095428	-0.0183997330294	205
17	0.25	0.0	0.0	3.72882049316	0.561448567831	0.122713413081	3.96017823929	0.93830170617	-0.0383005160376	206
17	0.25	0.25	0.0	3.3020315561	0.528735313408	-0.0186178895847	3.50864115112	0.990135613477	-0.129524620545	207
17	0.25	0.5	0.0	2.83541005735	0.534139121897	-0.108943500272	3.03122550843	1.04633060348	-0.211847895136	208
17	0.25	0.75	0.0	2.37317919791	0.539985464294	-0.165132999469	2.56057161377	1.09055626158	-0.281702716224	209
17	0.25	1.0	0.0	1.95956217877	0.508599811596	-0.20405596766	2.12931976968	1.10648217315	-0.335521460224	210
17	0.5	0.0	0.0	3.65754669496	0.769182036714	-0.00412638093918	3.91867593257	1.08229419145	-0.268381961452	211
17	0.5	0.25	0.0	3.22890403699	0.742131982535	-0.181447873029	3.46963716369	1.12174839217	-0.402529635361	212
17	0.5	0.5	0.0	2.77636681884	0.736750874866	-0.322871434634	2.9981319812	1.15444691061	-0.528702670868	213
17	0.5	0.75	0.0	2.33113440557	0.717753719027	-0.427911988175	2.52967576197	1.16916818257	-0.634975832311	214
17	0.5	1.0	0.0	1.92440616227	0.649855520335	-0.496084456077	2.08978388291	1.15469064384	-0.709423884025	215
17	0.75	0.0	0.0	3.58713436178	0.954155970491	-0.127847375989	3.88403606625	1.19077419584	-0.500448096461	216
17	0.75	0.25	0.0	3.14861235575	0.938848548497	-0.338450757937	3.43608863616	1.22399816664	-0.673893338687	217
17	0.75	0.5	0.0	2.71190857169	0.919981190753	-0.52909421072	2.97155361391	1.23244630975	-0.841375192739	218
17	0.75	0.75	0.0	2.28874892276	0.870812855669	-0.683483806567	2.50691341787	1.214335557	-0.982873092746	219
17	0.75	1.0	0.0	1.89085932213	0.764602501656	-0.785325617706	2.05865046636	1.16788284024	-1.07836647284	220
17	1.0	0.0	0.0	3.551239516	1.030301459	-0.282864139	3.86235039987	1.18326679082	-0.716367359526	221
17	1.0	0.25	0.0	3.10329733506	1.05087025672	-0.503506711824	3.41828077548	1.23553175719	-0.918304325839	222
17	1.0	0.5	0.0	2.6693933272	1.0278847212	-0.71697694283	2.95951472616	1.23375938263	-1.11124938952	223
17	1.0	0.75	0.0	2.25403234348	0.954698289328	-0.898593281421	2.49888710838	1.19351032353	-1.2728137721	224
17	1.0	1.0	0.0	1.861719235	0.824664398	-1.023674177	2.0492327786	1.13034523627	-1.38060869507	225
18	0.0	0.0	0.0	1.993529795	0.369011733	0.042654572	2.16394486815	1.03897095428	-0.0183997330294	226
18	0.0	0.25	0.0	1.63745969463	0.316511237574	0.00213577303014	1.79351279682	1.02971757088	-0.0581214463889	227
18	0.0	0.5	0.0	1.24790449503	0.246712459054	-0.0451423116303	1.38968519084	1.00323118164	-0.0976624558391	228
18	0.0	0.75	0.0	0.844567772168	0.187962795006	-0.0874861567257	0.972066981028	0.979194371148	-0.124511678061	229
18	0.0	1.0	0.0	0.447153102	0.168609643	-0.113202237	0.560263098187	0.977289723978	-0.126158029737	230
18	0.25	0.0	0.0	1.95956217877	0.508599811596	-0.20405596766	2.12931976968	1.10648217315	-0.335521460224	231
18	0.25	0.25	0.0	1.60360322068	0.441995279311	-0.242084348743	1.75062977824	1.08956976214	-0.375076538374	232
18	0.25	0.5	0.0	1.20938498009	0.368553701366	-0.286417623604	1.33568533776	1.05867409062	-0.409609091718	233
18	0.25	0.75	0.0	0.799537112063	0.310652601265	-0.3279103418	0.908795671821	1.03217721653	-0.431074710969	234
18	0.25	1.0	0.0	0.396689271668	0.290669502508	-0.357417052888	0.494270004025	1.02846119784	-0.431428986837	235
18	0.5	0.0	0.0	1.92440616227	0.649855520335	-0.496084456077	2.08978388291	1.15469064384	-0.709423884025	236
18	0.5	0.25	0.0	1.5543148136	0.564936255258	-0.536053759013	1.69074431128	1.12876824742	-0.749867526116	237
18	0.5	0.5	0.0	1.14101188579	0.502406802205	-0.567457805301	1.25936856044	1.11264337867	-0.773885395396	238
18	0.5	0.75	0.0	0.716343830872	0.466792029431	-0.592489279923	0.821851296619	1.10737822148	-0.783127866573	239
18	0.5	1.0	0.0	0.312157100881	0.462616805188	-0.613340867864	0.404387186052	1.11403495974	-0.779245314357	240
18	0.75	0.0	0.0	1.89085932213	0.764602501656	-0.785325617706	2.05865046636	1.16788284024	-1.07836647284	241
18	0.75	0.25	0.0	1.50511102745	0.663713754868	-0.831430177262	1.6378012351	1.13543785007	-1.12132866128	242
18	0.75	0.5	0.0	1.07112663269	0.615265099637	-0.850620603394	1.18769298012	1.13856405744	-1.13680000364	243
18	0.75	0.75	0.0	0.630114535156	0.605435582694	-0.85717199442	0.736988400679	1.15879155409	-1.1353132799	244
18	0.75	1.0	0.0	0.223283132154	0.620404250774	-0.865359448658	0.31435019604	1.17765043175	-1.12740127008	245
18	1.0	0.0	0.0	1.861719235	0.824664398	-1.023674177	2.0492327786	1.13034523627	-1.38060869507	246
18	1.0	0.25	0.0	1.47150841631	0.716707367595	-1.07987132297	1.61574538883	1.09770339345	-1.42829419553	247
18	1.0	0.5	0.0	1.02807064136	0.674121931727	-1.09826376456	1.147616718	1.10986113859	-1.4446615532	248
18	1.0	0.75	0.0	0.575975831477	0.675637764246	-1.09790750862	0.679961529256	1.14041138249	-1.44227308599	249
18	1.0	1.0	0.0	0.159793908	0.699984539	-1.097858562	0.247894585762	1.16294703595	-1.4336911118	250
19	0.0	0.0	0.0	3.551239516	1.030301459	-0.282864139	3.86235039987	1.18326679082	-0.716367359526	251
19	0.0	0.25	0.0	3.10329733506	1.05087025672	-0.503506711824	3.41828077548	1.23553175719	-0.918304325839	252
19	0.0	0.5	0.0	2.6693933272	1.0278847212	-0.71697694283	2.95951472616	1.23375938263	-1.11124938952	253
19	0.0	0.75	0.0	2.25403234348	0.954698289328	-0.898593281421	2.49888710838	1.19351032353	-1.2728137721	254
19	0.0	1.0	0.0	1.861719235	0.824664398	-1.023674177	2.0492327786	1.13034523627	-1.38060869507	255
19	0.25	0.0	0.0	3.53889716591	0.97630148966	-0.3808256576	3.85667083732	1.07718234088	-0.844544545289	256
19	0.25	0.25	0.0	3.08616799779	1.02258264876	-0.624525747681	3.40954481996	1.14327071355	-1.07768199222	257
19	0.25	0.5	0.0	2.64708564206	1.01320980528	-0.866062085965	2.9490461641	1.14810677807	-1.30466402975	258
19	0.25	0.75	0.0	2.22497268858	0.947639705284	-1.07660318659	2.48587955063	1.11121852435	-1.49782009405	259
19	0.25	1.0	0.0	1.82315172721	0.825329094829	-1.22731756368	2.03074966046	1.05213394229	-1.62947962129	260
19	0.5	0.0	0.0	3.51554318571	0.852731602136	-0.450741657195	3.85501328388	0.904141981492	-0.969917082155	261
19	0.5	0.25	0.0	3.05916710278	0.911030240389	-0.746553922036	3.3969642794	0.972368234406	-1.24794403078	262
19	0.5	0.5	0.0	2.61859101498	0.924501627913	-1.03674856543	2.92931565689	0.99488897288	-1.52233095143	263
19	0.5	0.75	0.0	2.18874759217	0.885880387958	-1.2915953555	2.45710355449	0.978995474079	-1.76155395182	264
19	0.5	1.0	0.0	1.76456950422	0.787901143774	-1.48136406034	1.98536411036	0.931979015168	-1.9340891397	265
19	0.75	0.0	0.0	3.4880801719	0.704471942544	-0.490781648943	3.85627490395	0.712596266837	-1.0739450051	266
19	0.75	0.25	0.0	3.03059040674	0.764271359449	-0.841918045729	3.38901109418	0.775460639053	-1.39604906174	267
19	0.75	0.5	0.0	2.59122378583	0.795412729352	-1.18496371084	2.91418391519	0.812583659983	-1.71874018173	268
19	0.75	0.75	0.0	2.15572970814	0.782136098798	-1.4878020531	2.43186849025	0.816482050269	-2.00592547719	269
19	0.75	1.0	0.0	1.70985757261	0.708681514332	-1.71831648134	1.94213994263	0.779672530556	-2.22151206026	270
19	1.0	0.0	0.0	3.463410721	0.576402657	-0.499115144	3.85935286189	0.550995751115	-1.13808834909	271
19	1.0	0.25	0.0	3.00873366637	0.630364333777	-0.8829449296	3.39415720462	0.605184246801	-1.48895570531	272
19	1.0	0.5	0.0	2.57229829446	0.659595649855	-1.26663485179	2.91751164964	0.639668532306	-1.84838174782	273
19	1.0	0.75	0.0	2.13629169033	0.649122599255	-1.60945554433	2.42948372822	0.643319130467	-2.17284480192	274
19	1.0	1.0	0.0	1.682900939	0.583971176	-1.870677641	1.93014097161	0.605006564119	-2.41882319294	275
20	0.0	0.0	0.0	1.861719235	0.824664398	-1.023674177	2.0492327786	1.13034523627	-1.38060869507	276
20	0.0	0.25	0.0	1.47150841631	0.716707367595	-1.07987132297	1.61574538883	1.09770339345	-1.42829419553	277
20	0.0	0.5	0.0	1.02807064136	0.674121931727	-1.09826376456	1.147616718	1.10986113859	-1.4446615532	278
20	0.0	0.75	0.0	0.575975831477	0.675637764246	-1.09790750862	0.679961529256	1.14041138249	-1.44227308599	279
20	0.0	1.0	0.0	0.159793908	0.699984539	-1.097858562	0.247894585762	1.16294703595	-1.4336911118	280
20	0.25	0.0	0.0	1.82315172721	0.825329094829	-1.22731756368	2.03074966046	1.05213394229	-1.62947962129	281
20	0.25	0.25	0.0	1.4285086746	0.72106083267	-1.30631408295	1.59031324686	1.01781301336	-1.69902649828	282
20	0.25	0.5	0.0	0.978537879633	0.672107333406	-1.35040608926	1.10596234571	1.01693291165	-1.74464417704	283
20	0.25	0.75	0.0	0.517396691733	0.662484619948	-1.36861903372	0.620475186216	1.02942590288	-1.76697742521	284
20	0.25	1.0	0.0	0.089242460336	0.676208715208	-1.36997836746	0.176629997576	1.03522425275	-1.76667101045	285
20	0.5	0.0	0.0	1.76456950422	0.787901143774	-1.48136406034	1.98536411036	0.931979015168	-1.9340891397	286
20	0.5	0.25	0.0	1.35619035943	0.69125945103	-1.58728876854	1.53658025154	0.892545678799	-2.03159910396	287
20	0.5	0.5	0.0	0.894961596761	0.627809473335	-1.654150947	1.0389866026	0.871072067558	-2.10138746667	288
20	0.5	0.75	0.0	0.425493115885	0.592373308502	-1.68493752499	0.539676867344	0.854862545881	-2.13923851993	289
20	0.5	1.0	0.0	-0.007605183512	0.579773054346	-1.68263543176	0.0857447495492	0.831221478201	-2.14093655588	290
20	0.75	0.0	0.0	1.70985757261	0.708681514332	-1.71831648134	1.94213994263	0.779672530556	-2.22151206026	291
20	0.75	0.25	0.0	1.28824946209	0.619621035384	-1.85077328734	1.48646580429	0.732809414929	-2.34621086635	292
20	0.75	0.5	0.0	0.817932988783	0.540598154271	-1.93974559406	0.980301532261	0.688871780975	-2.4364340384	293
20	0.75	0.75	0.0	0.343740290022	0.477016035807	-1.98267515406	0.471986294481	0.642166920397	-2.48591015995	294
20	0.75	1.0	0.0	-0.089496496854	0.434277844811	-1.97700371993	0.00985925887877	0.587002124895	-2.48836781453	295
20	1.0	0.0	0.0	1.682900939	0.583971176	-1.870677641	1.93014097161	0.605006564119	-2.41882319294	296
20	1.0	0.25	0.0	1.25838197388	0.498463398444	-2.02474554695	1.47188930651	0.549512246895	-2.56306063926	297
20	1.0	0.5	0.0	0.788043251743	0.409843178971	-2.13743728669	0.963519178256	0.486925226551	-2.67132650857	298
20	1.0	0.75	0.0	0.315613400231	0.328125007763	-2.19764409258	0.451823189469	0.416784635317	-2.73384613505	299
20	1.0	1.0	0.0	-0.115178953	0.263323375	-2.194257197	-0.0164060572392	0.338629605428	-2.74084485284	300
25	0.0	0.0	0.0	3.463410721	0.576402657	-0.499115144	3.85935286189	0.550995751115	-1.13808834909	301
25	0.0	0.25	0.0	3.00873366637	0.630364333777	-0.8829449296	3.39415720462	0.605184246801	-1.48895570531	302
25	0.0	0.5	0.0	2.57229829446	0.659595649855	-1.26663485179	2.91751164964	0.639668532306	-1.84838174782	303
25	0.0	0.75	0.0	2.13629169033	0.649122599255	-1.60945554433	2.42948372822	0.643319130467	-2.17284480192	304
25	0.0	1.0	0.0	1.682900939	0.583971176	-1.870677641	1.93014097161	0.605006564119	-2.41882319294	305
25	0.25	0.0	0.0	3.4476915093	0.27747335481	-0.453846500984	3.90052859854	0.172712020629	-1.17403053793	306
25	0.25	0.25	0.0	2.99418653167	0.283036047898	-0.836274620834	3.44878570381	0.1635540199	-1.5422911663	307
25	0.25	0.5	0.0	2.5528815752	0.25319705935	-1.24624048324	2.97197283867	0.127591612849	-1.93216617335	308
25	0.25	0.75	0.0	2.11525384337	0.18871299052	-1.62762152184	2.47987284199	0.0657344045713	-2.29145045658	309
25	0.25	1.0	0.0	1.67278053966	0.0903404427624	-1.92429517029	1.98226855263	-0.0211079998416	-2.56793891346	310
25	0.5	0.0	0.0	3.48357524596	-0.0702798287031	-0.362138038414	3.98377040904	-0.26263339809	-1.10917304415	311
25	0.5	0.25	0.0	3.01684507438	-0.142793579412	-0.69482987857	3.52811357775	-0.379035744471	-1.45516178464	312
25	0.5	0.5	0.0	2.55559925717	-0.240746482224	-1.05819038859	3.04327982825	-0.507450204829	-1.8111707436	313
25	0.5	0.75	0.0	2.10538974342	-0.365188399096	-1.40866181389	2.54796207276	-0.64840961916	-2.14141053284	314
25	0.5	1.0	0.0	1.67176848219	-0.517169191981	-1.70268639987	2.06085322349	-0.802446827461	-2.41009176422	315
25	0.75	0.0	0.0	3.53972923063	-0.409063939614	-0.229701892888	4.07554857274	-0.675693372018	-0.967120919733	316
25	0.75	0.25	0.0	3.05821209755	-0.565163516878	-0.497483670594	3.61455802768	-0.90135110793	-1.27074019401	317
25	0.75	0.5	0.0	2.5777899128	-0.729310301502	-0.784507983351	3.12517026844	-1.11989816819	-1.56321469352	318
25	0.75	0.75	0.0	2.11412884059	-0.910965135274	-1.0701114211	2.6310227978	-1.33644825982	-1.83147153152	319
25	0.75	1.0	0.0	1.68289504512	-1.11958885998	-1.33363057377	2.15575311853	-1.55611508981	-2.06243782129	320
25	1.0	0.0	0.0	3.584820763	-0.681086024	-0.062250201	4.14233336897	-0.987120768131	-0.771479216662	321
25	1.0	0.25	0.0	3.09979040421	-0.902112733228	-0.283108964695	3.69053625487	-1.2821581321	-1.03219902809	322
25	1.0	0.5	0.0	2.61679211449	-1.11956972512	-0.507216683028	3.21138180931	-1.56419352471	-1.26611725811	323
25	1.0	0.75	0.0	2.14890058502	-1.3470007837	-0.729505344097	2.72632639436	-1.83571683649	-1.47037995343	324
25	1.0	1.0	0.0	1.709190507	-1.597949693	-0.944906936	2.25682637209	-2.09921795797	-1.64213316076	325
26	0.0	0.0	0.0	1.682900939	0.583971176	-1.870677641	1.93014097161	0.605006564119	-2.41882319294	326
26	0.0	0.25	0.0	1.25838197388	0.498463398444	-2.02474554695	1.47188930651	0.549512246895	-2.56306063926	327
26	0.0	0.5	0.0	0.788043251743	0.409843178971	-2.13743728669	0.963519178256	0.486925226551	-2.67132650857	328
26	0.0	0.75	0.0	0.315613400231	0.328125007763	-2.19764409258	0.451823189469	0.416784635317	-2.73384613505	329
26	0.0	1.0	0.0	-0.115178953	0.263323375	-2.194257197	-0.0164060572392	0.338629605428	-2.74084485284	330
26	0.25	0.0	0.0	1.67278053966	0.0903404427624	-1.92429517029	1.98226855263	-0.0211079998416	-2.56793891346	331
26	0.25	0.25	0.0	1.26949880478	-0.0209894986932	-2.11879490663	1.53186494127	-0.118927548732	-2.74425779183	332
26	0.25	0.5	0.0	0.827840941249	-0.148491334168	-2.2876544508	1.03547548518	-0.236663376322	-2.89369377413	333
26	0.25	0.75	0.0	0.381224071834	-0.272857222736	-2.39916380264	0.532820175667	-0.361444914765	-2.99211763276	334
26	0.25	1.0	0.0	-0.0369346807073	-0.374779323473	-2.421612962	0.0636190040094	-0.48040159621	-3.01540014013	335
26	0.5	0.0	0.0	1.67176848219	-0.517169191981	-1.70268639987	2.06085322349	-0.802446827461	-2.41009176422	336
26	0.5	0.25	0.0	1.29507087	-0.690384216041	-1.92429769089	1.62658782812	-0.967923146127	-2.60738683556	337
26	0.5	0.5	0.0	0.894018602892	-0.895785227924	-2.13348987763	1.15332747256	-1.16535369173	-2.78905528771	338
26	0.5	0.75	0.0	0.485320332466	-1.09029670184	-2.28781165264	0.672739490055	-1.36136332205	-2.91568703549	339
26	0.5	1.0	0.0	0.0856847103306	-1.23084311199	-2.34481170846	0.216491213873	-1.52257689488	-2.94787199368	340
26	0.75	0.0	0.0	1.68289504512	-1.11958885998	-1.33363057377	2.15575311853	-1.55611508981	-2.06243782129	341
26	0.75	0.25	0.0	1.32613340833	-1.36045784313	-1.56356957479	1.73838583852	-1.7890903995	-2.25819568579	342
26	0.75	0.5	0.0	0.962858479683	-1.64690074914	-1.79547603859	1.29122418518	-2.06432189849	-2.45148070862	343
26	0.75	0.75	0.0	0.591525060964	-1.91182193534	-1.97949031184	0.834895052312	-2.32748084995	-2.59027942007	344
26	0.75	1.0	0.0	0.210587953953	-2.08812575901	-2.06575274118	0.390025333739	-2.5242385171	-2.62257835042	345
26	1.0	0.0	0.0	1.709190507	-1.597949693	-0.944906936	2.25682637209	-2.09921795797	-1.64213316076	346
26	1.0	0.25	0.0	1.35372165853	-1.88194746948	-1.15892623338	1.84958684391	-2.37404516306	-1.80243225785	347
26	1.0	0.5	0.0	1.01064281463	-2.21670014468	-1.39414540508	1.42331466784	-2.69874417542	-1.97503969612	348
26	1.0	0.75	0.0	0.663461136164	-2.52506142904	-1.59010244948	0.982600782112	-3.00430776191	-2.10161986334	349
26	1.0	1.0	0.0	0.295683784	-2.729885033	-1.686335365	0.532036124997	-3.22172868938	-2.12383714729	350
27	0.0	0.0	0.0	3.584820763	-0.681086024	-0.062250201	4.14233336897	-0.987120768131	-0.771479216662	351
27	0.0	0.25	0.0	3.09979040421	-0.902112733228	-0.283108964695	3.69053625487	-1.2821581321	-1.03219902809	352
27	0.0	0.5	0.0	2.61679211449	-1.11956972512	-0.507216683028	3.21138180931	-1.56419352471	-1.26611725811	353
27	0.0	0.75	0.0	2.14890058502	-1.3470007837	-0.729505344097	2.72632639436	-1.83571683649	-1.47037995343	354
27	0.0	1.0	0.0	1.709190507	-1.597949693	-0.944906936	2.25682637209	-2.09921795797	-1.64213316076	355
27	0.25	0.0	0.0	3.63324829749	-0.919407542069	0.120363347357	4.18962396111	-1.22510287505	-0.516307165688	356
27	0.25	0.25	0.0	3.17350691391	-1.18252602305	-0.0636552023507	3.76408041758	-1.54808716145	-0.724405547091	357
27	0.25	0.5	0.0	2.70776946469	-1.44168828319	-0.244502268024	3.30668434879	-1.86560494557	-0.905786784379	358
27	0.25	0.75	0.0	2.24728928505	-1.70287633557	-0.418597676457	2.83704006282	-2.16989235319	-1.05596528014	359
27	0.25	1.0	0.0	1.80331971022	-1.9720721933	-0.582361254444	2.37475186777	-2.45318551008	-1.17045543696	360
27	0.5	0.0	0.0	3.71135441262	-1.18697632369	0.325783447966	4.24471970078	-1.46784298637	-0.179966721904	361
27	0.5	0.25	0.0	3.29962106041	-1.48878325084	0.196552962553	3.85250923162	-1.81271583935	-0.308423592536	362
27	0.5	0.5	0.0	2.85950937556	-1.79170346668	0.0715815546298	3.41923857611	-2.16171683473	-0.41590605449	363
27	0.5	0.75	0.0	2.41127238491	-2.08671168463	-0.0455640152462	2.96779708779	-2.49493020105	-0.500419422883	364
27	0.5	1.0	0.0	1.97516311533	-2.36478261809	-0.151316986519	2.52107412022	-2.79244016687	-0.559969012827	365
27	0.75	0.0	0.0	3.79841961069	-1.41580421322	0.543631015842	4.2959777801	-1.6522847232	0.183664330785	366
27	0.75	0.25	0.0	3.43200888294	-1.74615037483	0.472307327759	3.93394367393	-2.0113544649	0.139521887339	367
27	0.75	0.5	0.0	3.01454745899	-2.0780220934	0.408097713089	3.52008159876	-2.37709491012	0.110644176623	368
27	0.75	0.75	0.0	2.57714645292	-2.39357630629	0.351270184626	3.08277037853	-2.7240739548	0.0932980569761	369
27	0.75	1.0	0.0	2.15091697878	-2.67496995084	0.302092755165	2.65038883721	-3.02685949487	0.0837503867382	370
27	1.0	0.0	0.0	3.873724394	-1.537903055	0.763526966	4.33175539118	-1.71537170661	0.520708208476	371
27	1.0	0.25	0.0	3.52454642069	-1.87989335327	0.738399691013	3.98650472144	-2.07931333716	0.543205944297	372
27	1.0	0.5	0.0	3.11541932687	-2.20905098114	0.732109135509	3.58025052423	-2.43630488966	0.580983154026	373
27	1.0	0.75	0.0	2.68120805737	-2.51853967594	0.733579468251	3.14613284431	-2.77056718914	0.622227598067	374
27	1.0	1.0	0.0	2.256777557	-2.801523175	0.731734858	2.71729172648	-3.06632106064	0.655127036821	375
28	0.0	0.0	0.0	1.709190507	-1.597949693	-0.944906936	2.25682637209	-2.09921795797	-1.64213316076	376
28	0.0	0.25	0.0	1.35372165853	-1.88194746948	-1.15892623338	1.84958684391	-2.37404516306	-1.80243225785	377
28	0.0	0.5	0.0	1.01064281463	-2.21670014468	-1.39414540508	1.42331466784	-2.69874417542	-1.97503969612	378
28	0.0	0.75	0.0	0.663461136164	-2.52506142904	-1.59010244948	0.982600782112	-3.00430776191	-2.10161986334	379
28	0.0	1.0	0.0	0.295683784	-2.729885033	-1.686335365	0.532036124997	-3.22172868938	-2.12383714729	380
28	0.25	0.0	0.0	1.80331971022	-1.9720721933	-0.582361254444	2.37475186777	-2.45318551008	-1.17045543696	381
28	0.25	0.25	0.0	1.43635560305	-2.26586760752	-0.753094974887	1.96446798174	-2.74127183306	-1.27887814977	382
28	0.25	0.5	0.0	1.08572485004	-2.6083508576	-0.950262839435	1.5326609039	-3.07765616039	-1.40350165616	383
28	0.25	0.75	0.0	0.733742195426	-2.9189041891	-1.11422795059	1.08182765243	-3.38631145922	-1.49246351496	384
28	0.25	1.0	0.0	0.36272238345	-3.11690984759	-1.18535341086	0.614465245511	-3.5912106967	-1.493901285	385
28	0.5	0.0	0.0	1.97516311533	-2.36478261809	-0.151316986519	2.52107412022	-2.79244016687	-0.559969012827	386
28	0.5	0.25	0.0	1.5953106427	-2.65606234887	-0.257215092604	2.09924879666	-3.0847300971	-0.615568759957	387
28	0.5	0.5	0.0	1.21872252465	-2.98935244336	-0.373882465126	1.63791424708	-3.41350126293	-0.678449615884	388
28	0.5	0.75	0.0	0.839324390622	-3.27758519279	-0.462004367072	1.15640377811	-3.70012428639	-0.71444196042	389
28	0.5	1.0	0.0	0.451041870087	-3.43369288837	-0.482266061427	0.674050696391	-3.86596978955	-0.689376173374	390
28	0.75	0.0	0.0	2.15091697878	-2.67496995084	0.302092755165	2.65038883721	-3.02685949487	0.0837503867382	391
28	0.75	0.25	0.0	1.75748046224	-2.95850166144	0.263961483737	2.21613723382	-3.31526762603	0.0762005152085	392
28	0.75	0.5	0.0	1.34873033903	-3.27019193453	0.238518514039	1.72305792542	-3.62338118593	0.0733729945689	393
28	0.75	0.75	0.0	0.934970322736	-3.52370932457	0.236219723293	1.21019483115	-3.87732658015	0.0880784272231	394
28	0.75	1.0	0.0	0.52650412693	-3.63272238598	0.267520988719	0.716591870152	-4.00323021425	0.133127415574	395
28	1.0	0.0	0.0	2.256777557	-2.801523175	0.731734858	2.71729172648	-3.06632106064	0.655127036821	396
28	1.0	0.25	0.0	1.84975874642	-3.07915551312	0.745682824408	2.27734123836	-3.34373209071	0.68513427936	397
28	1.0	0.5	0.0	1.41484279378	-3.36135636369	0.790462894251	1.772075167	-3.62439763229	0.725222745068	398
28	1.0	0.75	0.0	0.975442592751	-3.57988146891	0.850095742718	1.24706648359	-3.84949867717	0.770731274904	399
28	1.0	1.0	0.0	0.554971037	-3.666486571	0.908602045	0.747888159315	-3.96021621712	0.816998709831	400
33	0.0	0.0	0.0	3.873724394	-1.537903055	0.763526966	4.33175539118	-1.71537170661	0.520708208476	401
33	0.0	0.25	0.0	3.52454642069	-1.87989335327	0.738399691013	3.98650472144	-2.07931333716	0.543205944297	402
33	0.0	0.5	0.0	3.11541932687	-2.20905098114	0.732109135509	3.58025052423	-2.43630488966	0.580983154026	403
33	0.0	0.75	0.0	2.68120805737	-2.51853967594	0.733579468251	3.14613284431	-2.77056718914	0.622227598067	404
33	0.0	1.0	0.0	2.256777557	-2.801523175	0.731734858	2.71729172648	-3.06632106064	0.655127036821	405
33	0.25	0.0	0.0	3.91255952611	-1.5239374808	1.00512891014	4.33077341318	-1.63725010537	0.837232547864	406
33	0.25	0.25	0.0	3.55942230729	-1.8380763634	1.01878145121	3.98330923051	-1.97247105828	0.906581212634	407
33	0.25	0.5	0.0	3.14604385533	-2.12783074941	1.05249670979	3.57181285822	-2.28700722727	0.987143761169	408
33	0.25	0.75	0.0	2.70763258117	-2.40052033366	1.09307650357	3.13238138799	-2.57775524922	1.06604030063	409
33	0.25	1.0	0.0	2.27939689572	-2.66346481097	1.12732265026	2.70111191148	-2.841611761	1.13039093818	410
33	0.5	0.0	0.0	3.92285689035	-1.4207758534	1.29270901623	4.29635160444	-1.46395229857	1.18652466717	411
33	0.5	0.25	0.0	3.56688374006	-1.66993779352	1.34930630786	3.9361115058	-1.73366830039	1.29856649655	412
33	0.5	0.5	0.0	3.14643068957	-1.89632161869	1.40747890683	3.5130905101	-1.97893803577	1.40619332271	413
33	0.5	0.75	0.0	2.7017414252	-2.11037511256	1.46888631988	3.06670658375	-2.20299628001	1.50585380399	414
33	0.5	1.0	0.0	2.27305963324	-2.32254605879	1.53518805372	2.63637769316	-2.40907780842	1.59399659872	415
33	0.75	0.0	0.0	3.91463953116	-1.26130934005	1.55943729445	4.24670575957	-1.23667434748	1.49642209826	416
33	0.75	0.25	0.0	3.55667307229	-1.43858045592	1.65197021795	3.87221350212	-1.43345543994	1.64042380032	417
33	0.75	0.5	0.0	3.12875627812	-1.59406265457	1.72858883193	3.43635709381	-1.60028895338	1.76534082354	418
33	0.75	0.75	0.0	2.67870806934	-1.74071642843	1.80527283589	2.98289144814	-1.74813952151	1.87750741708	419
33	0.75	1.0	0.0	2.25434736664	-1.89150226996	1.89800192932	2.55557147867	-1.88797177806	1.98325783011	420
33	1.0	0.0	0.0	3.897930493	-1.078429108	1.738483755	4.20005167319	-0.996612313384	1.694762373	421
33	1.0	0.25	0.0	3.5385326573	-1.20710716287	1.84876913849	3.81891717431	-1.14238285335	1.85341512822	422
33	1.0	0.5	0.0	3.10519706951	-1.30059292261	1.94735959039	3.37388622329	-1.23925161833	1.99179524854	423
33	1.0	0.75	0.0	2.65370599348	-1.38415669705	2.04649997034	2.91471899773	-1.31503421375	2.11684044885	424
33	1.0	1.0	0.0	2.239841693	-1.483068796	2.158435138	2.49117567521	-1.39754624506	2.23548844401	425
34	0.0	0.0	0.0	2.256777557	-2.801523175	0.731734858	2.71729172648	-3.06632106064	0.655127036821	426
34	0.0	0.25	0.0	1.84975874642	-3.07915551312	0.745682824408	2.27734123836	-3.34373209071	0.68513427936	427
34	0.0	0.5	0.0	1.41484279378	-3.36135636369	0.790462894251	1.772075167	-3.62439763229	0.725222745068	428
34	0.0	0.75	0.0	0.975442592751	-3.57988146891	0.850095742718	1.24706648359	-3.84949867717	0.770731274904	429
34	0.0	1.0	0.0	0.554971037	-3.666486571	0.908602045	0.747888159315	-3.96021621712	0.816998709831	430
34	0.25	0.0	0.0	2.27939689572	-2.66346481097	1.12732265026	2.70111191148	-2.841611761	1.13039093818	431
34	0.25	0.25	0.0	1.86011831173	-2.9224590943	1.18482002685	2.2610257242	-3.09126430257	1.19371892928	432
34	0.25	0.5	0.0	1.41347275203	-3.17150017593	1.28213077774	1.76593502425	-3.3371477378	1.26940714503	433
34	0.25	0.75	0.0	0.969083660776	-3.36454668995	1.38850528472	1.25595015305	-3.53819741104	1.34143965112	434
34	0.25	1.0	0.0	0.556574482102	-3.45555727044	1.4731939296	0.771181451985	-3.65334866665	1.39380051323	435
34	0.5	0.0	0.0	2.27305963324	-2.32254605879	1.53518805372	2.63637769316	-2.40907780842	1.59399659872	436
34	0.5	0.25	0.0	1.84493366105	-2.54006386749	1.63889017799	2.19614776488	-2.61141144406	1.69088934799	437
34	0.5	0.5	0.0	1.396414696	-2.74995468235	1.78358575672	1.71682450485	-2.81190854182	1.80182400244	438
34	0.5	0.75	0.0	0.959433320113	-2.9204812418	1.93662969118	1.23320658651	-2.98357813986	1.90624523761	439
34	0.5	1.0	0.0	0.565920115411	-3.01990628426	2.06537688267	0.780092683309	-3.0994292763	1.98359772903	440
34	0.75	0.0	0.0	2.25434736664	-1.89150226996	1.89800192932	2.55557147867	-1.88797177806	1.98325783011	441
34	0.75	0.25	0.0	1.82564076035	-2.05766586388	2.03750152229	2.11670111466	-2.03528426516	2.10759168079	442
34	0.75	0.5	0.0	1.38197592437	-2.22175571701	2.21358199306	1.65115072926	-2.18296942726	2.24682383288	443
34	0.75	0.75	0.0	0.953778922367	-2.36538318631	2.39807796998	1.18945129611	-2.31787360646	2.37945497966	444
34	0.75	1.0	0.0	0.571475818015	-2.4701596287	2.5628240814	0.762133788857	-2.4268431449	2.48398581442	445
34	1.0	0.0	0.0	2.239841693	-1.483068796	2.158435138	2.49117567521	-1.39754624506	2.23548844401	446
34	1.0	0.25	0.0	1.82367557555	-1.60096111467	2.31026230419	2.05667952782	-1.49399351588	2.374772073	447
34	1.0	0.5	0.0	1.3884637358	-1.71193911396	2.49087364863	1.59532081797	-1.58461977697	2.52875715195	448
34	1.0	0.75	0.0	0.959407819142	-1.81695058528	2.67645912901	1.13529979398	-1.67331655366	2.67537582256	449
34	1.0	1.0	0.0	0.561709471	-1.91694332	2.843208703	0.7048167042	-1.76397537126	2.79256022655	450
35	0.0	0.0	0.0	3.897930493	-1.078429108	1.738483755	4.20005167319	-0.996612313384	1.694762373	451
35	0.0	0.25	0.0	3.5385326573	-1.20710716287	1.84876913849	3.81891717431	-1.14238285335	1.85341512822	452
35	0.0	0.5	0.0	3.10519706951	-1.30059292261	1.94735959039	3.37388622329	-1.23925161833	1.99179524854	453
35	0.0	0.75	0.0	2.65370599348	-1.38415669705	2.04649997034	2.91471899773	-1.31503421375	2.11684044885	454
35	0.0	1.0	0.0	2.239841693	-1.483068796	2.158435138	2.49117567521	-1.39754624506	2.23548844401	455
35	0.25	0.0	0.0	3.87226297282	-0.933446114059	1.78016063149	4.16637547641	-0.809933365374	1.74299734301	456
35	0.25	0.25	0.0	3.51526525915	-1.04118750428	1.900218885	3.79112595623	-0.928978765071	1.90871537315	457
35	0.25	0.5	0.0	3.09206299892	-1.10661225214	2.01704403085	3.35323889829	-0.996457076085	2.05765467465	458
35	0.25	0.75	0.0	2.65385672039	-1.15992407297	2.13305449516	2.90114768724	-1.04304388536	2.19216990318	459
35	0.25	1.0	0.0	2.25184695183	-1.2313266821	2.25066870408	2.48328570772	-1.09941477985	2.31461571438	460
35	0.5	0.0	0.0	3.82775495937	-0.751336424176	1.773174552	4.12119859234	-0.569639188559	1.74765102624	461
35	0.5	0.25	0.0	3.47621656195	-0.829901041846	1.91159251039	3.75772118742	-0.648075877829	1.92572328049	462
35	0.5	0.5	0.0	3.0757403765	-0.865019524805	2.04954171439	3.33821187273	-0.685040323414	2.0888954612	463
35	0.5	0.75	0.0	2.66386773315	-0.886547043759	2.18040719003	2.9039550989	-0.705241811894	2.23328807588	464
35	0.5	1.0	0.0	2.27813996204	-0.924338769411	2.29757396331	2.49623531654	-0.733389629851	2.3550216321	465
35	0.75	0.0	0.0	3.78075173698	-0.573627202455	1.72720644401	4.07640861752	-0.32730658492	1.71661318497	466
35	0.75	0.25	0.0	3.43375852099	-0.624698099931	1.88010860269	3.72367653804	-0.365745703481	1.90185893933	467
35	0.75	0.5	0.0	3.05213955433	-0.632341381554	2.02995464309	3.32198972479	-0.371775066824	2.07230138989	468
35	0.75	0.75	0.0	2.66280915587	-0.626072385206	2.16443597886	2.90575344602	-0.365418943282	2.21887675076	469
35	0.75	1.0	0.0	2.29268164448	-0.635406448772	2.27124402363	2.50937296998	-0.366701601183	2.33252123601	470
35	1.0	0.0	0.0	3.74759859	-0.441845613	1.651937235	4.04389314847	-0.134512356437	1.65777358151	471
35	1.0	0.25	0.0	3.40026309157	-0.477029002896	1.80298574998	3.69396567823	-0.148059753876	1.83454243872	472
35	1.0	0.5	0.0	3.01717088449	-0.465104463325	1.94338481902	3.29775703264	-0.123435012824	1.99465624246	473
35	1.0	0.75	0.0	2.62975111266	-0.440546873091	2.06101878555	2.88915494193	-0.0873662294618	2.12761771159	474
35	1.0	1.0	0.0	2.26943292	-0.437831111	2.143771993	2.50204713635	-0.0665814999719	2.22292956496	475
36	0.0	0.0	0.0	2.239841693	-1.483068796	2.158435138	2.49117567521	-1.39754624506	2.23548844401	476
36	0.0	0.25	0.0	1.82367557555	-1.60096111467	2.31026230419	2.05667952782	-1.49399351588	2.374772073	477
36	0.0	0.5	0.0	1.3884637358	-1.71193911396	2.49087364863	1.59532081797	-1.58461977697	2.52875715195	478
36	0.0	0.75	0.0	0.959407819142	-1.81695058528	2.67645912901	1.13529979398	-1.67331655366	2.67537582256	479
36	0.0	1.0	0.0	0.561709471	-1.91694332	2.843208703	0.7048167042	-1.76397537126	2.79256022655	480
36	0.25	0.0	0.0	2.25184695183	-1.2313266821	2.25066870408	2.48328570772	-1.09941477985	2.31461571438	481
36	0.25	0.25	0.0	1.83601964893	-1.32449345338	2.38755275185	2.04513350575	-1.17047894049	2.44662567459	482
36	0.25	0.5	0.0	1.39486331136	-1.41511673028	2.53466215315	1.57725871699	-1.23643854452	2.58150034966	483
36	0.25	0.75	0.0	0.95345680845	-1.50765295045	2.68061820283	1.10765068531	-1.30351187595	2.70514495605	484
36	0.25	1.0	0.0	0.536879009533	-1.60655855155	2.81404219573	0.664298754563	-1.37791721877	2.80346471021	485
36	0.5	0.0	0.0	2.27813996204	-0.924338769411	2.29757396331	2.49623531654	-0.733389629851	2.3550216321	486
36	0.5	0.25	0.0	1.85044459434	-0.991578765684	2.40291447537	2.04615565758	-0.777140933117	2.46540320484	487
36	0.5	0.5	0.0	1.39155224662	-1.07243838474	2.48675161293	1.56576888629	-0.823427536418	2.55567239722	488
36	0.5	0.75	0.0	0.930930431683	-1.16490145807	2.56059954921	1.0839823845	-0.873262751731	2.6281800656	489
36	0.5	1.0	0.0	0.498046662295	-1.26695181719	2.63597245743	0.629703534068	-0.927659891028	2.68527706631	490
36	0.75	0.0	0.0	2.29268164448	-0.635406448772	2.27124402363	2.50937296998	-0.366701601183	2.33252123601	491
36	0.75	0.25	0.0	1.85571638247	-0.682576382916	2.34048853905	2.04872773657	-0.385852496853	2.41635818931	492
36	0.75	0.5	0.0	1.38225218298	-0.757934833996	2.36289475334	1.55633155868	-0.415538306443	2.46126968247	493
36	0.75	0.75	0.0	0.906987783404	-0.852035464766	2.36745075253	1.06347380541	-0.451490741694	2.48309516184	494
36	0.75	1.0	0.0	0.464621921159	-0.955431937982	2.38314462267	0.601443845835	-0.489441514351	2.49767407374	495
36	1.0	0.0	0.0	2.26943292	-0.437831111	2.143771993	2.50204713635	-0.0665814999719	2.22292956496	496
36	1.0	0.25	0.0	1.84060098401	-0.477845636422	2.18441600722	2.04183149596	-0.0684866347842	2.28474415354	497
36	1.0	0.5	0.0	1.37068476179	-0.54563683473	2.17884429976	1.544426967	-0.0827224083632	2.30828859324	498
36	1.0	0.75	0.0	0.896787958178	-0.632394327174	2.15221939716	1.04530386188	-0.107117406517	2.3085042554	499
36	1.0	1.0	0.0	0.456014278	-0.729307735	2.129703826	0.579932492982	-0.139500215055	2.3003325114	500
41	0.0	0.0	0.0	3.74759859	-0.441845613	1.651937235	4.04389314847	-0.134512356437	1.65777358151	501
41	0.0	0.25	0.0	3.40026309157	-0.477029002896	1.80298574998	3.69396567823	-0.148059753876	1.83454243872	502
41	0.0	0.5	0.0	3.01717088449	-0.465104463325	1.94338481902	3.29775703264	-0.123435012824	1.99465624246	503
41	0.0	0.75	0.0	2.62975111266	-0.440546873091	2.06101878555	2.88915494193	-0.0873662294618	2.12761771159	504
41	0.0	1.0	0.0	2.26943292	-0.437831111	2.143771993	2.50204713635	-0.0665814999719	2.22292956496	505
41	0.25	0.0	0.0	3.74489692185	-0.332702848382	1.51817665556	4.03312269438	0.0309176256937	1.53137578477	506
41	0.25	0.25	0.0	3.37910243344	-0.379709197725	1.64700192208	3.66538096446	0.0236178477981	1.68548636951	507
41	0.25	0.5	0.0	2.9862213504	-0.382362264664	1.76291832651	3.2626186791	0.0504692762963	1.81945990291	508
41	0.25	0.75	0.0	2.59529779864	-0.371545064455	1.85371134283	2.85431024204	0.0884805325548	1.92463460533	509
41	0.25	1.0	0.0	2.23537590409	-0.378140612352	1.90716644499	2.46993005701	0.11466023794	1.99234869719	510
41	0.5	0.0	0.0	3.76410079427	-0.227115952972	1.33830401085	4.03516933535	0.181508847717	1.34361338812	511
41	0.5	0.25	0.0	3.36926878657	-0.305797787417	1.43489256874	3.63910929667	0.173852061111	1.4717735858	512
41	0.5	0.5	0.0	2.97419629001	-0.35191528218	1.52107649846	3.22692097911	0.174258488689	1.57182901827	513
41	0.5	0.75	0.0	2.58832090385	-0.379793763923	1.58493410258	2.81702368276	0.182974286008	1.64184453283	514
41	0.5	1.0	0.0	2.22108022731	-0.403758559305	1.6145436837	2.42783670773	0.200245608622	1.6798849768	515
41	0.75	0.0	0.0	3.77469745606	-0.131159290326	1.14623495046	4.02446663526	0.317534145788	1.1404729103	516
41	0.75	0.25	0.0	3.36922155076	-0.238993721469	1.21061521143	3.61724551953	0.305926488705	1.24069794835	517
41	0.75	0.5	0.0	2.96871413946	-0.323474871432	1.26101550445	3.19601860078	0.280491971146	1.30252865663	518
41	0.75	0.75	0.0	2.57731100954	-0.384614921725	1.29367003675	2.77804611104	0.261359444717	1.33558374739	519
41	0.75	1.0	0.0	2.19914794837	-0.422426053856	1.30481301556	2.38058828232	0.268657761025	1.34948193288	520
41	1.0	0.0	0.0	3.746174156	-0.050907224	0.975885124	3.97544815802	0.439266356064	0.967940870018	521
41	1.0	0.25	0.0	3.37742012583	-0.16299594938	1.0181273716	3.60188447764	0.423124733222	1.0395533179	522
41	1.0	0.5	0.0	2.95739333487	-0.246752387978	1.02589151409	3.17526621219	0.401729070457	1.06232388607	523
41	1.0	0.75	0.0	2.53075869698	-0.305330488087	1.01890211728	2.73812837379	0.388880422502	1.06218850233	524
41	1.0	1.0	0.0	2.142181126	-0.341884198	1.016883747	2.33300597461	0.398379844095	1.06508309448	525
42	0.0	0.0	0.0	2.26943292	-0.437831111	2.143771993	2.50204713635	-0.0665814999719	2.22292956496	526
42	0.0	0.25	0.0	1.84060098401	-0.477845636422	2.18441600722	2.04183149596	-0.0684866347842	2.28474415354	527
42	0.0	0.5	0.0	1.37068476179	-0.54563683473	2.17884429976	1.544426967	-0.0827224083632	2.30828859324	528
42	0.0	0.75	0.0	0.896787958178	-0.632394327174	2.15221939716	1.04530386188	-0.107117406517	2.3085042554	529
42	0.0	1.0	0.0	0.456014278	-0.729307735	2.129703826	0.579932492982	-0.139500215055	2.3003325114	530
42	0.25	0.0	0.0	2.23537590409	-0.378140612352	1.90716644499	2.46993005701	0.11466023794	1.99234869719	531
42	0.25	0.25	0.0	1.81730918672	-0.410382225614	1.92950750942	2.02024424435	0.127856615138	2.03752879465	532
42	0.25	0.5	0.0	1.35704876351	-0.451622394438	1.92770311202	1.5299398047	0.135206759739	2.06508152333	533
42	0.25	0.75	0.0	0.892969136565	-0.507244881435	1.90807517394	1.03588421679	0.130357213865	2.07647754749	534
42	0.25	1.0	0.0	0.463444808019	-0.582633449212	1.8769456163	0.574944959333	0.106954519641	2.07318753141	535
42	0.5	0.0	0.0	2.22108022731	-0.403758559305	1.6145436837	2.42783670773	0.200245608622	1.6798849768	536
42	0.5	0.25	0.0	1.80176314371	-0.412911115259	1.62057050136	1.99029865227	0.237718425133	1.70659138924	537
42	0.5	0.5	0.0	1.3434949756	-0.401529734366	1.61551932737	1.51536170457	0.28846321042	1.73211800049	538
42	0.5	0.75	0.0	0.886066863698	-0.400119230775	1.59735918978	1.03638401956	0.328711200625	1.75138201073	539
42	0.5	1.0	0.0	0.469269948697	-0.439184418637	1.56405911661	0.586723752163	0.334693631887	1.75930062012	540
42	0.75	0.0	0.0	2.19914794837	-0.422426053856	1.30481301556	2.38058828232	0.268657761025	1.34948193288	541
42	0.75	0.25	0.0	1.78424685372	-0.409159716368	1.30172274746	1.95765931434	0.325748888514	1.36219318589	542
42	0.75	0.5	0.0	1.33425927794	-0.349455278692	1.29161360171	1.50246989708	0.41487209541	1.38035515881	543
42	0.75	0.75	0.0	0.886056255659	-0.295715518444	1.27215375584	1.04289346515	0.496973634808	1.40019755378	544
42	0.75	1.0	0.0	0.476508821527	-0.300343213242	1.24101138736	0.606803453148	0.532999759802	1.41795007296	545
42	1.0	0.0	0.0	2.142181126	-0.341884198	1.016883747	2.33300597461	0.398379844095	1.06508309448	546
42	1.0	0.25	0.0	1.75504431552	-0.32285543995	1.01708201215	1.92799082517	0.456598098591	1.07459543319	547
42	1.0	0.5	0.0	1.33357755037	-0.249495451595	1.00530659096	1.49304161271	0.552258566437	1.08075013237	548
42	1.0	0.75	0.0	0.902912428528	-0.178731887694	0.984541183291	1.05150274853	0.644173597465	1.08990408531	549
42	1.0	1.0	0.0	0.488180548	-0.167492403	0.957769489	0.626718643967	0.691155541506	1.1084141853	550
43	0.0	0.0	0.0	3.746174156	-0.050907224	0.975885124	3.97544815802	0.439266356064	0.967940870018	551
43	0.0	0.25	0.0	3.37742012583	-0.16299594938	1.0181273716	3.60188447764	0.423124733222	1.0395533179	552
43	0.0	0.5	0.0	2.95739333487	-0.246752387978	1.02589151409	3.17526621219	0.401729070457	1.06232388607	553
43	0.0	0.75	0.0	2.53075869698	-0.305330488087	1.01890211728	2.73812837379	0.388880422502	1.06218850233	554
43	0.0	1.0	0.0	2.142181126	-0.341884198	1.016883747	2.33300597461	0.398379844095	1.06508309448	555
43	0.25	0.0	0.0	3.71648375422	0.0495747438647	0.813725774478	3.9408635861	0.561724797357	0.792622749221	556
43	0.25	0.25	0.0	3.37418633113	-0.0493811576198	0.823436113298	3.59103256646	0.550936397554	0.835277718926	557
43	0.25	0.5	0.0	2.9326714779	-0.105076812566	0.796586497185	3.15502047156	0.558150406919	0.830604620251	558
43	0.25	0.75	0.0	2.47295852296	-0.136167982169	0.762318349325	2.69792330841	0.575279346013	0.810463869932	559
43	0.25	1.0	0.0	2.07606679469	-0.161310427627	0.749773092902	2.28483708403	0.594235735398	0.806715884704	560
43	0.5	0.0	0.0	3.73081030081	0.181078332329	0.643901149534	3.96716913161	0.677006950847	0.585214756598	561
43	0.5	0.25	0.0	3.35153115513	0.0929682095682	0.599408314294	3.57997399211	0.685407818933	0.598912083759	562
43	0.5	0.5	0.0	2.90188096445	0.0585474013788	0.55657705211	3.12608505257	0.718088581634	0.581635423926	563
43	0.5	0.75	0.0	2.44423280299	0.0477652035507	0.521340971272	2.66062994832	0.755703819009	0.554085395539	564
43	0.5	1.0	0.0	2.040959745	0.0305709118735	0.499633680072	2.23873631472	0.77890811112	0.536962617037	565
43	0.75	0.0	0.0	3.75810016949	0.313572067129	0.467868874073	4.00436495755	0.773420135061	0.370100772742	566
43	0.75	0.25	0.0	3.32892895563	0.239752808551	0.37118804102	3.565103389	0.805584766711	0.352931311459	567
43	0.75	0.5	0.0	2.87491837147	0.223232637691	0.320265636165	3.09362612935	0.858081434804	0.325072752964	568
43	0.75	0.75	0.0	2.42779878221	0.226976334564	0.292318133486	2.62580331911	0.908258451978	0.292302731476	569
43	0.75	1.0	0.0	2.01930055307	0.213948679187	0.264562006956	2.19750509874	0.933464130876	0.260398881214	570
43	1.0	0.0	0.0	3.767299734	0.417024474	0.287086573	4.00245122691	0.839271668527	0.171664678246	571
43	1.0	0.25	0.0	3.32585409044	0.366673295695	0.163919359912	3.54281539149	0.890513010239	0.119810301076	572
43	1.0	0.5	0.0	2.86168027595	0.368091280206	0.10205470666	3.06280987603	0.954666806632	0.0705730632328	573
43	1.0	0.75	0.0	2.40687370574	0.381972676364	0.0715979863283	2.59299844633	1.01104785541	0.0243655300772	574
43	1.0	1.0	0.0	1.993529795	0.369011733	0.042654572	2.16394486815	1.03897095428	-0.0183997330294	575
44	0.0	0.0	0.0	2.142181126	-0.341884198	1.016883747	2.33300597461	0.398379844095	1.06508309448	576
44	0.0	0.25	0.0	1.75504431552	-0.32285543995	1.01708201215	1.92799082517	0.456598098591	1.07459543319	577
44	0.0	0.5	0.0	1.33357755037	-0.249495451595	1.00530659096	1.49304161271	0.552258566437	1.08075013237	578
44	0.0	0.75	0.0	0.902912428528	-0.178731887694	0.984541183291	1.05150274853	0.644173597465	1.08990408531	579
44	0.0	1.0	0.0	0.488180548	-0.167492403	0.957769489	0.626718643967	0.691155541506	1.1084141853	580
44	0.25	0.0	0.0	2.07606679469	-0.161310427627	0.749773092902	2.28483708403	0.594235735398	0.806715884704	581
44	0.25	0.25	0.0	1.71724478631	-0.157880456908	0.752944922452	1.89635384192	0.633482439631	0.814855382431	582
44	0.25	0.5	0.0	1.32312239639	-0.115972519467	0.745690263992	1.47832992192	0.698412592673	0.814122086047	583
44	0.25	0.75	0.0	0.909775780835	-0.0728473481087	0.731208381752	1.05059446863	0.76233238171	0.815812513974	584
44	0.25	1.0	0.0	0.493281095551	-0.0657656756343	0.712698539958	0.632976626633	0.798547993924	0.831223184635	585
44	0.5	0.0	0.0	2.040959745	0.0305709118735	0.499633680072	2.23873631472	0.77890811112	0.536962617037	586
44	0.5	0.25	0.0	1.68621786954	0.0136279641568	0.485305691672	1.86026399835	0.797940958505	0.526308366312	587
44	0.5	0.5	0.0	1.29813647478	0.0131229485929	0.464860511283	1.4537872603	0.828862272092	0.507732169926	588
44	0.5	0.75	0.0	0.892597065065	0.0186684459147	0.443980900364	1.03589000293	0.861341262503	0.495335499401	589
44	0.5	1.0	0.0	0.485481144705	0.0198770368553	0.428349620371	0.623156128633	0.885047140363	0.503219826259	590
44	0.75	0.0	0.0	2.01930055307	0.213948679187	0.264562006956	2.19750509874	0.933464130876	0.260398881214	591
44	0.75	0.25	0.0	1.66020802053	0.176736352549	0.229818061351	1.82441806111	0.935007915494	0.228725663736	592
44	0.75	0.5	0.0	1.26945282713	0.134961194221	0.191641572766	1.42303266941	0.933753252483	0.193248087974	593
44	0.75	0.75	0.0	0.865989866937	0.103157743809	0.159026725436	1.00913296817	0.935521504198	0.16853883694	594
44	0.75	1.0	0.0	0.468774034007	0.0958605409172	0.140967703599	0.598503001855	0.946134032992	0.169170593645	595
44	1.0	0.0	0.0	1.993529795	0.369011733	0.042654572	2.16394486815	1.03897095428	-0.0183997330294	596
44	1.0	0.25	0.0	1.63745969463	0.316511237574	0.00213577303014	1.79351279682	1.02971757088	-0.0581214463889	597
44	1.0	0.5	0.0	1.24790449503	0.246712459054	-0.0451423116303	1.38968519084	1.00323118164	-0.0976624558391	598
44	1.0	0.75	0.0	0.844567772168	0.187962795006	-0.0874861567257	0.972066981028	0.979194371148	-0.124511678061	599
44	1.0	1.0	0.0	0.447153102	0.168609643	-0.113202237	0.560263098187	0.977289723978	-0.126158029737	600
49	0.0	0.0	0.0	4.802915963	0.226549403	0.750000013	5.1653100913	0.329265810524	0.393659471188	601
49	0.0	0.25	0.0	4.65761282291	0.442902001566	0.697208755696	5.00275996253	0.605853730599	0.366099300461	602
49	0.0	0.5	0.0	4.39859466256	0.508694066784	0.574499765635	4.70439326811	0.750363362817	0.301489914434	603
49	0.0	0.75	0.0	4.08283309519	0.48103256786	0.423812539256	4.34577026919	0.811825683389	0.227466608549	604
49	0.0	1.0	0.0	3.767299734	0.417024474	0.287086573	4.00245122691	0.839271668527	0.171664678246	605
49	0.25	0.0	0.0	4.80365134816	0.225319602125	0.736429074476	5.16575835761	0.323995149999	0.377342241419	606
49	0.25	0.25	0.0	4.66137502189	0.473744744917	0.625480912213	5.00770528618	0.619770359286	0.281571752502	607
49	0.25	0.5	0.0	4.38881470923	0.583750737481	0.460648587251	4.69795462632	0.798191579485	0.167150013209	608
49	0.25	0.75	0.0	4.05496500229	0.598573403794	0.280277590552	4.32071080252	0.893091223983	0.0539136986568	609
49	0.25	1.0	0.0	3.72882049316	0.561448567831	0.122713413081	3.96017823929	0.93830170617	-0.0383005160376	610
49	0.5	0.0	0.0	4.8052691955	0.221719814772	0.723328038803	5.16674454349	0.311505471414	0.358199365008	611
49	0.5	0.25	0.0	4.67472323355	0.520026368338	0.556410499804	5.02329582917	0.640413517869	0.19531367267	612
49	0.5	0.5	0.0	4.39413796949	0.69878094324	0.370331987841	4.71284380198	0.871907665857	0.027881590263	613
49	0.5	0.75	0.0	4.03218769331	0.775870509393	0.178887896424	4.31732499281	1.01589789663	-0.131036936386	614
49	0.5	1.0	0.0	3.65754669496	0.769182036714	-0.00412638093918	3.91867593257	1.08229419145	-0.268381961452	615
49	0.75	0.0	0.0	4.80688704284	0.215884471033	0.711058386978	5.16773072937	0.296780236443	0.339887872445	616
49	0.75	0.25	0.0	4.69072117391	0.550010590542	0.486072616437	5.04073739534	0.641456378498	0.103637417167	617
49	0.75	0.5	0.0	4.40576870232	0.786406443926	0.278817633267	4.73241065007	0.911660499213	-0.117425453077	618
49	0.75	0.75	0.0	4.01643723073	0.922109185728	0.07795658621	4.32082027868	1.09792297839	-0.319915652787	619
49	0.75	1.0	0.0	3.58713436178	0.954155970491	-0.127847375989	3.88403606625	1.19077419584	-0.500448096461	620
49	1.0	0.0	0.0	4.807622428	0.207948001	0.6999816	5.16817899568	0.284802906759	0.326064794222	621
49	1.0	0.25	0.0	4.702432559	0.531961130237	0.410542360081	5.0512357885	0.596572113321	0.002855342195	622
49	1.0	0.5	0.0	4.41491116668	0.779248999408	0.161373189388	4.74000502557	0.857598956835	-0.269881215487	623
49	1.0	0.75	0.0	4.00964967703	0.946474733874	-0.0642032107485	4.31640409874	1.05684374633	-0.505252806751	624
49	1.0	1.0	0.0	3.551239516	1.030301459	-0.282864139	3.86235039987	1.18326679082	-0.716367359526	625
50	0.0	0.0	0.0	4.807622428	0.207948001	0.6999816	5.16817899568	0.284802906759	0.326064794222	626
50	0.0	0.25	0.0	4.702432559	0.531961130237	0.410542360081	5.0512357885	0.596572113321	0.002855342195	627
50	0.0	0.5	0.0	4.41491116668	0.779248999408	0.161373189388	4.74000502557	0.857598956835	-0.269881215487	628
50	0.0	0.75	0.0	4.00964967703	0.946474733874	-0.0642032107485	4.31640409874	1.05684374633	-0.505252806751	629
50	0.0	1.0	0.0	3.551239516	1.030301459	-0.282864139	3.86235039987	1.18326679082	-0.716367359526	630
50	0.25	0.0	0.0	4.80495108534	0.198626864006	0.690704152541	5.17153022799	0.271359715748	0.315344378724	631
50	0.25	0.25	0.0	4.7016199785	0.47937407679	0.354989865713	5.0564318315	0.523280170649	-0.0768786055472	632
50	0.25	0.5	0.0	4.4076644374	0.704406167221	0.0820327675372	4.7387970184	0.751710526267	-0.377810954752	633
50	0.25	0.75	0.0	3.99583874042	0.870967262458	-0.154471090672	4.30881396242	0.941421132909	-0.622137868222	634
50	0.25	1.0	0.0	3.53889716591	0.97630148966	-0.3808256576	3.85667083732	1.07718234088	-0.844544545289	635
50	0.5	0.0	0.0	4.7990741315	0.188395781808	0.683498476933	5.17890293907	0.252060114713	0.304964173432	636
50	0.5	0.25	0.0	4.68995017561	0.415618686126	0.319369412068	5.06072379221	0.439471389639	-0.129674844414	637
50	0.5	0.5	0.0	4.38317403132	0.605461749925	0.0376046122488	4.73549243719	0.624154001096	-0.459628814884	638
50	0.5	0.75	0.0	3.96346520067	0.752855784747	-0.20477328876	4.30099391931	0.785810136056	-0.726006605093	639
50	0.5	1.0	0.0	3.51554318571	0.852731602136	-0.450741657195	3.85501328388	0.904141981492	-0.969917082155	640
50	0.75	0.0	0.0	4.79319717766	0.177040083955	0.678240637609	5.18627565015	0.231635898024	0.296531804423	641
50	0.75	0.25	0.0	4.67589867459	0.34471423137	0.298363468532	5.06369301698	0.350495556384	-0.164388350155	642
50	0.75	0.5	0.0	4.354436641	0.496201607028	0.0172244120638	4.73135045485	0.489150470489	-0.518918080022	643
50	0.75	0.75	0.0	3.92607562429	0.619966185797	-0.22566210327	4.29397030381	0.619288190565	-0.808342070046	644
50	0.75	1.0	0.0	3.4880801719	0.704471942544	-0.490781648943	3.85627490395	0.712596266837	-1.0739450051	645
50	1.0	0.0	0.0	4.790525835	0.1643451	0.674806699	5.18962688246	0.214818860052	0.291654897775	646
50	1.0	0.25	0.0	4.66794099972	0.270679985651	0.286654504491	5.06492085219	0.261702456975	-0.189874098522	647
50	1.0	0.5	0.0	4.33444895902	0.39041159804	0.010027855523	4.72763024428	0.360921023612	-0.559262034304	648
50	1.0	0.75	0.0	3.8972165778	0.500124350659	-0.227689832457	4.28876945032	0.471132731235	-0.860627315763	649
50	1.0	1.0	0.0	3.463410721	0.576402657	-0.499115144	3.85935286189	0.550995751115	-1.13808834909	650
53	0.0	0.0	0.0	4.790525835	0.1643451	0.674806699	5.18962688246	0.214818860052	0.291654897775	651
53	0.0	0.25	0.0	4.66794099972	0.270679985651	0.286654504491	5.06492085219	0.261702456975	-0.189874098522	652
53	0.0	0.5	0.0	4.33444895902	0.39041159804	0.010027855523	4.72763024428	0.360921023612	-0.559262034304	653
53	0.0	0.75	0.0	3.8972165778	0.500124350659	-0.227689832457	4.28876945032	0.471132731235	-0.860627315763	654
53	0.0	1.0	0.0	3.463410721	0.576402657	-0.499115144	3.85935286189	0.550995751115	-1.13808834909	655
53	0.25	0.0	0.0	4.7839214875	0.14453424712	0.672808723265	5.18814629006	0.193422228454	0.285877199363	656
53	0.25	0.25	0.0	4.66046904269	0.145230062711	0.286634434079	5.06817749442	0.114397102586	-0.204885829807	657
53	0.25	0.5	0.0	4.31920187933	0.185660324351	0.0198750382048	4.73676743689	0.113015044759	-0.583543406194	658
53	0.25	0.75	0.0	3.87623702551	0.238762324298	-0.202081321202	4.30914238306	0.146659026823	-0.892467614124	659
53	0.25	1.0	0.0	3.4476915093	0.27747335481	-0.453846500984	3.90052859854	0.172712020629	-1.17403053793	660
53	0.5	0.0	0.0	4.769391923	0.127450839159	0.675306453989	5.1848889868	0.172850107315	0.280059540198	661
53	0.5	0.25	0.0	4.65424341358	0.0335602946553	0.312341668112	5.07808218733	-0.0142089172592	-0.172887487676	662
53	0.5	0.5	0.0	4.32614939714	-0.0134868504017	0.0592717304319	4.77094919576	-0.124174123634	-0.536826432291	663
53	0.5	0.75	0.0	3.89822247437	-0.0394978176439	-0.14514196857	4.37050645526	-0.194498090885	-0.839630536747	664
53	0.5	1.0	0.0	3.48357524596	-0.0702798287031	-0.362138038414	3.98377040904	-0.26263339809	-1.10917304415	665
53	0.75	0.0	0.0	4.7548623585	0.111839086619	0.682679007469	5.18163168353	0.153749641596	0.279116703788	666
53	0.75	0.25	0.0	4.65221063031	-0.066809190405	0.363231124206	5.0906189896	-0.12511787157	-0.105475137439	667
53	0.75	0.5	0.0	4.34528271665	-0.196917389396	0.133434865538	4.81217696781	-0.336727335072	-0.435408216867	668
53	0.75	0.75	0.0	3.93936134195	-0.302873106937	-0.0498345472537	4.44194152618	-0.510459063644	-0.719638241848	669
53	0.75	1.0	0.0	3.53972923063	-0.409063939614	-0.229701892888	4.07554857274	-0.675693372018	-0.967120919733	670
53	1.0	0.0	0.0	4.748258011	0.0964432	0.6953055	5.18015109113	0.13676797626	0.287963473642	671
53	1.0	0.25	0.0	4.6573172108	-0.158358264358	0.438757719978	5.1017719599	-0.219332029352	-0.0142448444064	672
53	1.0	0.5	0.0	4.3665930421	-0.354518755806	0.247581376857	4.84245219997	-0.510725443063	-0.295585864196	673
53	1.0	0.75	0.0	3.97584204585	-0.519580575351	0.0908781700586	4.49252745508	-0.75934433321	-0.550012887643	674
53	1.0	1.0	0.0	3.584820763	-0.681086024	-0.062250201	4.14233336897	-0.987120768131	-0.771479216662	675
54	0.0	0.0	0.0	4.748258011	0.0964432	0.6953055	5.18015109113	0.13676797626	0.287963473642	676
54	0.0	0.25	0.0	4.6573172108	-0.158358264358	0.438757719978	5.1017719599	-0.219332029352	-0.0142448444064	677
54	0.0	0.5	0.0	4.3665930421	-0.354518755806	0.247581376857	4.84245219997	-0.510725443063	-0.295585864196	678
54	0.0	0.75	0.0	3.97584204585	-0.519580575351	0.0908781700586	4.49252745508	-0.75934433321	-0.550012887643	679
54	0.0	1.0	0.0	3.584820763	-0.681086024	-0.062250201	4.14233336897	-0.987120768131	-0.771479216662	680
54	0.25	0.0	0.0	4.75600005744	0.0838545166073	0.710558740797	5.18284121112	0.124554363186	0.306616691516	681
54	0.25	0.25	0.0	4.67638388719	-0.244323802176	0.522927685053	5.11662038341	-0.304108356936	0.0882014380156	682
54	0.25	0.5	0.0	4.3950333863	-0.500733636725	0.376964406391	4.86838999591	-0.660357428352	-0.129778946852	683
54	0.25	0.75	0.0	4.013478281	-0.715664909278	0.250249446573	4.52908090351	-0.961564913559	-0.335292476836	684
54	0.25	1.0	0.0	3.63324829749	-0.919407542069	0.120363347357	4.18962396111	-1.22510287505	-0.516307165688	685
54	0.5	0.0	0.0	4.77297254051	0.0773812070453	0.725608049274	5.188699456	0.118906208324	0.329145949562	686
54	0.5	0.25	0.0	4.70692975584	-0.317999607923	0.60644639278	5.13759028672	-0.375076305595	0.199668853281	687
54	0.5	0.5	0.0	4.43749521598	-0.646187792789	0.509463545795	4.90284830357	-0.798703905876	0.065569583066	688
54	0.5	0.75	0.0	4.07039480641	-0.928680860422	0.420596800223	4.57503695783	-1.16021374773	-0.0640196717681	689
54	0.5	1.0	0.0	3.71135441262	-1.18697632369	0.325783447966	4.24471970078	-1.46784298637	-0.179966721904	690
54	0.75	0.0	0.0	4.78979497583	0.0749588689607	0.742371983114	5.19440765313	0.117309024939	0.353389832972	691
54	0.75	0.25	0.0	4.73742826057	-0.367330489608	0.699624869574	5.15629966837	-0.414066625469	0.325377465816	692
54	0.75	0.5	0.0	4.48378669676	-0.758091757696	0.653991287734	4.93416811307	-0.88876439791	0.281382587646	693
54	0.75	0.75	0.0	4.1353054312	-1.105018483	0.602862811767	4.61754885954	-1.30282389596	0.230959956593	694
54	0.75	1.0	0.0	3.79841961069	-1.41580421322	0.543631015842	4.2959777801	-1.6522847232	0.183664330785	695
54	1.0	0.0	0.0	4.797086879	0.0745231	0.7627691	5.19664762985	0.117248326297	0.377186926935	696
54	1.0	0.25	0.0	4.7563528452	-0.380261255241	0.812774141851	5.16436652688	-0.402910066696	0.470547340043	697
54	1.0	0.5	0.0	4.5237159943	-0.803656065146	0.819460124875	4.95069041453	-0.893538426728	0.508582928979	698
54	1.0	0.75	0.0	4.19692396449	-1.19106783123	0.797990061961	4.64376985018	-1.33692841847	0.516800837278	699
54	1.0	1.0	0.0	3.873724394	-1.537903055	0.763526966	4.33175539118	-1.71537170661	0.520708208476	700
57	0.0	0.0	0.0	4.797086879	0.0745231	0.7627691	5.19664762985	0.117248326297	0.377186926935	701
57	0.0	0.25	0.0	4.7563528452	-0.380261255241	0.812774141851	5.16436652688	-0.402910066696	0.470547340043	702
57	0.0	0.5	0.0	4.5237159943	-0.803656065146	0.819460124875	4.95069041453	-0.893538426728	0.508582928979	703
57	0.0	0.75	0.0	4.19692396449	-1.19106783123	0.797990061961	4.64376985018	-1.33692841847	0.516800837278	704
57	0.0	1.0	0.0	3.873724394	-1.537903055	0.763526966	4.33175539118	-1.71537170661	0.520708208476	705
57	0.25	0.0	0.0	4.80184072558	0.0752790872875	0.785506991209	5.19489755008	0.121497179857	0.405715350955	706
57	0.25	0.25	0.0	4.76398490187	-0.360477141268	0.930842891701	5.15968875483	-0.353346793029	0.61370238021	707
57	0.25	0.5	0.0	4.5461887772	-0.785744553547	0.993500068253	4.94840076615	-0.826809520484	0.726841780176	708
57	0.25	0.75	0.0	4.23389832685	-1.18030428743	1.00706618602	4.6443301352	-1.26580571907	0.787297264759	709
57	0.25	1.0	0.0	3.91255952611	-1.5239374808	1.00512891014	4.33077341318	-1.63725010537	0.837232547864	710
57	0.5	0.0	0.0	4.81303328397	0.0790227612754	0.806543140566	5.1917814705	0.132925159643	0.439490672496	711
57	0.5	0.25	0.0	4.76890087178	-0.320310606358	1.03292016407	5.14809433834	-0.286566137307	0.733758309262	712
57	0.5	0.5	0.0	4.5548998466	-0.732023827345	1.16334192599	4.93439765717	-0.724713619399	0.932345638899	713
57	0.5	0.75	0.0	4.24742144169	-1.11316340769	1.23690576412	4.62553541615	-1.13326107652	1.071263984	714
57	0.5	1.0	0.0	3.92285689035	-1.4207758534	1.29270901623	4.29635160444	-1.46395229857	1.18652466717	715
57	0.75	0.0	0.0	4.82422280613	0.0875676293756	0.825106544389	5.18866235468	0.149154333542	0.470793248503	716
57	0.75	0.25	0.0	4.76866960728	-0.258915483935	1.11771975964	5.1324722516	-0.198114352659	0.832242636881	717
57	0.75	0.5	0.0	4.55160767723	-0.642498218265	1.31342869369	4.91165103782	-0.587036183109	1.10854954498	718
57	0.75	0.75	0.0	4.24345749288	-0.998267271131	1.4485592406	4.59384633368	-0.95431992549	1.32238551729	719
57	0.75	1.0	0.0	3.91463953116	-1.26130934005	1.55943729445	4.24670575957	-1.23667434748	1.49642209826	720
57	1.0	0.0	0.0	4.828967544	0.102727199	0.840426199	5.1869031662	0.167806769438	0.491903435925	721
57	1.0	0.25	0.0	4.76085996072	-0.175445607422	1.18395547912	5.11571146884	-0.083537692217	0.910682872748	722
57	1.0	0.5	0.0	4.53807074382	-0.517172058031	1.42820336694	4.88313085829	-0.413562671254	1.23890853826	723
57	1.0	0.75	0.0	4.22797066426	-0.844237956874	1.60307705979	4.55572352845	-0.74400770065	1.49434638688	724
57	1.0	1.0	0.0	3.897930493	-1.078429108	1.738483755	4.20005167319	-0.996612313384	1.694762373	725
58	0.0	0.0	0.0	4.828967544	0.102727199	0.840426199	5.1869031662	0.167806769438	0.491903435925	726
58	0.0	0.25	0.0	4.76085996072	-0.175445607422	1.18395547912	5.11571146884	-0.083537692217	0.910682872748	727
58	0.0	0.5	0.0	4.53807074382	-0.517172058031	1.42820336694	4.88313085829	-0.413562671254	1.23890853826	728
58	0.0	0.75	0.0	4.22797066426	-0.844237956874	1.60307705979	4.55572352845	-0.74400770065	1.49434638688	729
58	0.0	1.0	0.0	3.897930493	-1.078429108	1.738483755	4.20005167319	-0.996612313384	1.694762373	730
58	0.25	0.0	0.0	4.82408751798	0.121658789578	0.850747189697	5.18320697375	0.192702788107	0.504265112999	731
58	0.25	0.25	0.0	4.74520530064	-0.0919717134164	1.21365558459	5.09829031487	0.0266936342068	0.947888129391	732
58	0.25	0.5	0.0	4.51650548021	-0.400969032137	1.46660098155	4.85411584584	-0.262983294855	1.28538550437	733
58	0.25	0.75	0.0	4.20364054238	-0.71242866591	1.64397284304	4.52027906644	-0.575476220805	1.54200574117	734
58	0.25	1.0	0.0	3.87226297282	-0.933446114059	1.78016063149	4.16637547641	-0.809933365374	1.74299734301	735
58	0.5	0.0	0.0	4.81421850419	0.141546424063	0.855650749944	5.17594239383	0.225712164394	0.513658183274	736
58	0.5	0.25	0.0	4.72329036589	-0.00644482260002	1.21375880443	5.07578995665	0.1332070082	0.948542423649	737
58	0.5	0.5	0.0	4.48470507605	-0.274467100818	1.45876681892	4.81614081395	-0.106555796173	1.28290064886	738
58	0.5	0.75	0.0	4.16426061407	-0.557703328655	1.63159774944	4.47270651082	-0.379022458501	1.54113585202	739
58	0.5	1.0	0.0	3.82775495937	-0.751336424176	1.773174552	4.12119859234	-0.569639188559	1.74765102624	740
58	0.75	0.0	0.0	4.80472487106	0.161726371017	0.854596009719	5.16905319456	0.25901385315	0.517092953077	741
58	0.75	0.25	0.0	4.70041542467	0.0776222187665	1.19226119559	5.05330209299	0.234158100649	0.924133493785	742
58	0.75	0.5	0.0	4.45053249607	-0.150537313739	1.4191500779	4.77862711886	0.0461268724704	1.24805470799	743
58	0.75	0.75	0.0	4.12175247145	-0.406403397235	1.5819145347	4.42600403832	-0.182040974886	1.50637510272	744
58	0.75	1.0	0.0	3.78075173698	-0.573627202455	1.72720644401	4.07640861752	-0.32730658492	1.71661318497	745
58	1.0	0.0	0.0	4.800970987	0.181534899	0.847042099	5.16648314407	0.284786809225	0.511579728735	746
58	1.0	0.25	0.0	4.68188074515	0.156716564423	1.157158815	5.03591842269	0.327702582441	0.886149078059	747
58	1.0	0.5	0.0	4.42185070504	-0.0420507205706	1.36219995735	4.7509961168	0.185471758755	1.19744841802	748
58	1.0	0.75	0.0	4.08803770665	-0.284870323779	1.51088595453	4.39316982564	-0.0119263311106	1.45236187653	749
58	1.0	1.0	0.0	3.74759859	-0.441845613	1.651937235	4.04389314847	-0.134512356437	1.65777358151	750
61	0.0	0.0	0.0	4.800970987	0.181534899	0.847042099	5.16648314407	0.284786809225	0.511579728735	751
61	0.0	0.25	0.0	4.68188074515	0.156716564423	1.157158815	5.03591842269	0.327702582441	0.886149078059	752
61	0.0	0.5	0.0	4.42185070504	-0.0420507205706	1.36219995735	4.7509961168	0.185471758755	1.19744841802	753
61	0.0	0.75	0.0	4.08803770665	-0.284870323779	1.51088595453	4.39316982564	-0.0119263311106	1.45236187653	754
61	0.0	1.0	0.0	3.74759859	-0.441845613	1.651937235	4.04389314847	-0.134512356437	1.65777358151	755
61	0.25	0.0	0.0	4.79500610841	0.19363337823	0.837363758751	5.16328903532	0.298800606791	0.501477234921	756
61	0.25	0.25	0.0	4.66848497295	0.210847412423	1.11271719999	5.02412463571	0.393748679741	0.835437963283	757
61	0.25	0.5	0.0	4.41086278228	0.0436164651346	1.28465045523	4.73875890858	0.297612756897	1.11795299674	758
61	0.25	0.75	0.0	4.08278495803	-0.180190082259	1.40314358643	4.38311665959	0.135100013726	1.34970478675	759
61	0.25	1.0	0.0	3.74489692185	-0.332702848382	1.51817665556	4.03312269438	0.0309176256937	1.53137578477	760
61	0.5	0.0	0.0	4.78098154991	0.200098073529	0.826206873474	5.15536017048	0.309479002431	0.489387211801	761
61	0.5	0.25	0.0	4.6534053926	0.246641231729	1.05515049078	5.01051826926	0.437304223675	0.765418008634	762
61	0.5	0.5	0.0	4.40920222671	0.114494943591	1.18429343302	4.72892969024	0.381755912667	1.00152586548	763
61	0.5	0.75	0.0	4.09666853351	-0.0816532862032	1.26241737983	4.38050864255	0.258076607862	1.19512093956	764
61	0.5	1.0	0.0	3.76410079427	-0.227115952972	1.33830401085	4.03516933535	0.181508847717	1.34361338812	765
61	0.75	0.0	0.0	4.76694912321	0.204395231564	0.81309425121	5.14742343743	0.317989860805	0.475341451694	766
61	0.75	0.25	0.0	4.63352708028	0.275812689819	0.989071593485	4.99201913627	0.471015887583	0.690287379212	767
61	0.75	0.5	0.0	4.39222865733	0.176436793749	1.07087349685	4.70319152168	0.454020568595	0.874811347062	768
61	0.75	0.75	0.0	4.09022755053	0.00715148611442	1.10707095221	4.35574066443	0.368895966958	1.02588323188	769
61	0.75	1.0	0.0	3.77469745606	-0.131159290326	1.14623495046	4.02446663526	0.317534145788	1.1404729103	770
61	1.0	0.0	0.0	4.76096064	0.209991099	0.7975487	5.14420572406	0.325501046578	0.459371746919	771
61	1.0	0.25	0.0	4.60573511215	0.310076454169	0.919093414214	4.96554704966	0.507530344806	0.624244240118	772
61	1.0	0.5	0.0	4.3353016931	0.235294094559	0.95413525282	4.64322746285	0.530526067213	0.76445376432	773
61	1.0	0.75	0.0	4.0240011265	0.0826356564185	0.955467921017	4.27920761513	0.479450606673	0.879264560597	774
61	1.0	1.0	0.0	3.746174156	-0.050907224	0.975885124	3.97544815802	0.439266356064	0.967940870018	775
62	0.0	0.0	0.0	4.76096064	0.209991099	0.7975487	5.14420572406	0.325501046578	0.459371746919	776
62	0.0	0.25	0.0	4.60573511215	0.310076454169	0.919093414214	4.96554704966	0.507530344806	0.624244240118	777
62	0.0	0.5	0.0	4.3353016931	0.235294094559	0.95413525282	4.64322746285	0.530526067213	0.76445376432	778
62	0.0	0.75	0.0	4.0240011265	0.0826356564185	0.955467921017	4.27920761513	0.479450606673	0.879264560597	779
62	0.0	1.0	0.0	3.746174156	-0.050907224	0.975885124	3.97544815802	0.439266356064	0.967940870018	780
62	0.25	0.0	0.0	4.76789233398	0.216458781089	0.784477214184	5.1478794562	0.329969738034	0.443462200364	781
62	0.25	0.25	0.0	4.59474134715	0.35050804539	0.861341486607	4.95303587204	0.54651060343	0.571211251347	782
62	0.25	0.5	0.0	4.297734091	0.305690933555	0.854199595523	4.60690701283	0.611546858111	0.664634230963	783
62	0.25	0.75	0.0	3.97295381141	0.174536736181	0.819508653843	4.22951040777	0.593733317585	0.734761332494	784
62	0.25	1.0	0.0	3.71648375422	0.0495747438647	0.813725774478	3.9408635861	0.561724797357	0.792622749221	785
62	0.5	0.0	0.0	4.78227267906	0.221719536296	0.774502156502	5.15509228524	0.330832713847	0.427243409055	786
62	0.5	0.25	0.0	4.61511527906	0.389584170824	0.815539077582	4.96827207792	0.57749218005	0.516863144344	787
62	0.5	0.5	0.0	4.33054668151	0.385974656784	0.773853871035	4.63956040354	0.677580594012	0.555260254966	788
62	0.5	0.75	0.0	4.00897548817	0.290077281509	0.699842555479	4.27163388161	0.690838627142	0.569141779518	789
62	0.5	1.0	0.0	3.73081030081	0.181078332329	0.643901149534	3.96716913161	0.677006950847	0.585214756598	790
62	0.75	0.0	0.0	4.79648583537	0.225255648855	0.764163198819	5.16213792551	0.329971047013	0.410660717746	791
62	0.75	0.25	0.0	4.64376855521	0.422112824779	0.766042672243	4.99144899788	0.598073685496	0.451669350314	792
62	0.75	0.5	0.0	4.38156002017	0.459268091957	0.688739965643	4.68933877522	0.725046390415	0.434742071174	793
62	0.75	0.75	0.0	4.06721797626	0.401496242152	0.575075294444	4.33418488572	0.765343695645	0.39563412907	794
62	0.75	1.0	0.0	3.75810016949	0.313572067129	0.467868874073	4.00436495755	0.773420135061	0.370100772742	795
62	1.0	0.0	0.0	4.802915963	0.226549403	0.750000013	5.1653100913	0.329265810524	0.393659471188	796
62	1.0	0.25	0.0	4.65761282291	0.442902001566	0.697208755696	5.00275996253	0.605853730599	0.366099300461	797
62	1.0	0.5	0.0	4.39859466256	0.508694066784	0.574499765635	4.70439326811	0.750363362817	0.301489914434	798
62	1.0	0.75	0.0	4.08283309519	0.48103256786	0.423812539256	4.34577026919	0.811825683389	0.227466608549	799
62	1.0	1.0	0.0	3.767299734	0.417024474	0.287086573	4.00245122691	0.839271668527	0.171664678246	800
