Elem	xi[0]	xi[1]	xi[2]	Y[0]	Y[1]	Y[2]	y[0]	y[1]	y[2]	Index
1	0.0	0.0	0.0	0.222770426	1.072382981	-0.66182574	0.294910212396	1.57461799256	0.275965549373	1
1	0.0	0.25	0.0	-0.263642038515	1.09393155317	-0.693637292854	-0.206432706237	1.59877279478	0.316312733129	2
1	0.0	0.5	0.0	-0.762943407917	1.15449574035	-0.745052374172	-0.714398150089	1.66390218756	0.375315948489	3
1	0.0	0.75	0.0	-1.25933046411	1.18727563786	-0.799896454654	-1.22568696305	1.69566413319	0.465988005431	4
1	0.0	1.0	0.0	-1.736999989	1.125471341	-0.841995005	-1.736999989	1.61971659395	0.601341713935	5
1	0.25	0.0	0.0	0.24425979187	1.03026663541	-0.815826639729	0.308242553235	1.54889766929	-0.0142667060497	6
1	0.25	0.25	0.0	-0.24187726772	1.05508216331	-0.864316051023	-0.185551297277	1.57578903494	0.0202808982338	7
1	0.25	0.5	0.0	-0.749372266097	1.123540167	-0.931101156799	-0.701040686928	1.65634055702	0.0779419993495	8
1	0.25	0.75	0.0	-1.24952844742	1.17894116988	-1.00231652232	-1.21736135877	1.7230725119	0.156966085481	9
1	0.25	1.0	0.0	-1.71364905586	1.16458569535	-1.06409671285	-1.71364905586	1.70850517595	0.255602644813	10
1	0.5	0.0	0.0	0.248240311106	0.876229472035	-0.89192759165	0.29854214027	1.40544481295	-0.249431599471	11
1	0.5	0.25	0.0	-0.23855683415	0.918577090691	-0.964500030289	-0.182486730194	1.44617196521	-0.227561499969	12
1	0.5	0.5	0.0	-0.739763298524	0.99893114314	-1.07408534037	-0.690786182751	1.54631043609	-0.198981469236	13
1	0.5	0.75	0.0	-1.23031027059	1.07276007906	-1.18668811235	-1.2003392436	1.64437353849	-0.158842274008	14
1	0.5	1.0	0.0	-1.68512893893	1.09553234812	-1.26831293665	-1.68512893893	1.67887458531	-0.10229468102	15
1	0.75	0.0	0.0	0.247583748788	0.671903532647	-0.961411338496	0.282986939528	1.21249308407	-0.458357790211	16
1	0.75	0.25	0.0	-0.242209668068	0.730848385131	-1.05143552606	-0.191554490427	1.2619591838	-0.445641727075	17
1	0.75	0.5	0.0	-0.732971952883	0.821741501306	-1.19730361297	-0.689495394809	1.37640767958	-0.446901534078	18
1	0.75	0.75	0.0	-1.20926966344	0.908265992012	-1.34620270793	-1.18585920629	1.49700000192	-0.446609141305	19
1	0.75	1.0	0.0	-1.65566935753	0.954104968089	-1.44531991963	-1.65566935753	1.56489758132	-0.429236478841	20
1	1.0	0.0	0.0	0.25516187	0.478920859	-1.095560623	0.278754917036	1.03827614319	-0.669873937589	21
1	1.0	0.25	0.0	-0.241364699737	0.538328096444	-1.18236883373	-0.207070063418	1.07518828894	-0.652387048681	22
1	1.0	0.5	0.0	-0.727853676862	0.633044074043	-1.32405466267	-0.703029080355	1.18922814231	-0.657265271987	23
1	1.0	0.75	0.0	-1.19400035581	0.72499253537	-1.47405179227	-1.18515983561	1.31838469115	-0.671506584679	24
1	1.0	1.0	0.0	-1.629500031	0.776097224	-1.585793905	-1.629500031	1.40064692327	-0.682108963931	25
2	0.0	0.0	0.0	0.25516187	0.478920859	-1.095560623	0.278754917036	1.03827614319	-0.669873937589	26
2	0.0	0.25	0.0	-0.241364699737	0.538328096444	-1.18236883373	-0.207070063418	1.07518828894	-0.652387048681	27
2	0.0	0.5	0.0	-0.727853676862	0.633044074043	-1.32405466267	-0.703029080355	1.18922814231	-0.657265271987	28
2	0.0	0.75	0.0	-1.19400035581	0.72499253537	-1.47405179227	-1.18515983561	1.31838469115	-0.671506584679	29
2	0.0	1.0	0.0	-1.629500031	0.776097224	-1.585793905	-1.629500031	1.40064692327	-0.682108963931	30
2	0.25	0.0	0.0	0.270947548451	0.283243387179	-1.2824081092	0.289467427503	0.862290456748	-0.894121799822	31
2	0.25	0.25	0.0	-0.224260605344	0.325895041168	-1.3546019816	-0.202528948753	0.871969249621	-0.864849020344	32
2	0.25	0.5	0.0	-0.708991319231	0.410215570384	-1.47012351322	-0.701298825807	0.965705231434	-0.861476673929	33
2	0.25	0.75	0.0	-1.16995577525	0.494673498046	-1.59674723991	-1.17551872194	1.08608569683	-0.874799592114	34
2	0.25	1.0	0.0	-1.59386515545	0.537737347375	-1.70224769755	-1.59386515545	1.17569794046	-0.895612606436	35
2	0.5	0.0	0.0	0.282248243705	0.0940030586728	-1.41785091485	0.304498644278	0.677761427667	-1.06472976189	36
2	0.5	0.25	0.0	-0.195649333111	0.117908303513	-1.48388614216	-0.163466376283	0.670455101383	-1.03200037339	37
2	0.5	0.5	0.0	-0.673118862289	0.181818382189	-1.59489687788	-0.657360027904	0.737464596485	-1.03738578707	38
2	0.5	0.75	0.0	-1.13089426867	0.248154222446	-1.71002209218	-1.13387637377	0.839953443362	-1.05853185699	39
2	0.5	1.0	0.0	-1.54970947708	0.279336752027	-1.78840075525	-1.54970947708	0.939085172401	-1.07308443723	40
2	0.75	0.0	0.0	0.291774400106	-0.0845988774195	-1.54013134007	0.323611223098	0.494963047137	-1.21870655778	41
2	0.75	0.25	0.0	-0.164991060996	-0.0803714311764	-1.60075830059	-0.111772400463	0.47510926202	-1.18579221471	42
2	0.75	0.5	0.0	-0.634614889911	-0.0381101051585	-1.71427138754	-0.594903977927	0.518674398179	-1.20410981274	43
2	0.75	0.75	0.0	-1.09098743889	0.00771288900016	-1.8251616927	-1.0766805257	0.603560323437	-1.23624263183	44
2	0.75	1.0	0.0	-1.50799906017	0.0226253396651	-1.87792030783	-1.50799906017	0.70766890562	-1.24477395197	45
2	1.0	0.0	0.0	0.302236462	-0.248361172	-1.687491685	0.346567819696	0.324169306347	-1.39306092146	46
2	1.0	0.25	0.0	-0.141745966961	-0.263683477554	-1.73575544211	-0.0693370757436	0.290395149328	-1.3581756512	47
2	1.0	0.5	0.0	-0.607857985972	-0.235532506278	-1.84414367312	-0.53762196716	0.323502797227	-1.38076595226	48
2	1.0	0.75	0.0	-1.06440688875	-0.204372321863	-1.95345138507	-1.02037891232	0.40047872976	-1.42147116913	49
2	1.0	1.0	0.0	-1.479699969	-0.210666988	-2.004473585	-1.479699969	0.498309426639	-1.44093064632	50
5	0.0	0.0	0.0	0.302236462	-0.248361172	-1.687491685	0.346567819696	0.324169306347	-1.39306092146	51
5	0.0	0.25	0.0	-0.141745966961	-0.263683477554	-1.73575544211	-0.0693370757436	0.290395149328	-1.3581756512	52
5	0.0	0.5	0.0	-0.607857985972	-0.235532506278	-1.84414367312	-0.53762196716	0.323502797227	-1.38076595226	53
5	0.0	0.75	0.0	-1.06440688875	-0.204372321863	-1.95345138507	-1.02037891232	0.40047872976	-1.42147116913	54
5	0.0	1.0	0.0	-1.479699969	-0.210666988	-2.004473585	-1.479699969	0.498309426639	-1.44093064632	55
5	0.25	0.0	0.0	0.331771632707	-0.595107895636	-1.97369566211	0.420948346044	-0.0646968202885	-1.70594318452	56
5	0.25	0.25	0.0	-0.105919573707	-0.631708146684	-1.9949191489	0.00673077882971	-0.114463580744	-1.66958814346	57
5	0.25	0.5	0.0	-0.571300989191	-0.614318425798	-2.05975315743	-0.446632244681	-0.080636872397	-1.67618680421	58
5	0.25	0.75	0.0	-1.03116117452	-0.592823621652	-2.13442248726	-0.93451423196	5.49314503028e-05	-1.70560662759	59
5	0.25	1.0	0.0	-1.45228869048	-0.617108622919	-2.18515193794	-1.45228869048	0.0908834574966	-1.7377150744	60
5	0.5	0.0	0.0	0.368804127754	-1.01600447476	-2.16896576868	0.523319798511	-0.563539281329	-1.89591744743	61
5	0.5	0.25	0.0	-0.0658936142199	-1.05931576494	-2.17751006921	0.0994517385969	-0.615148294581	-1.87200665879	62
5	0.5	0.5	0.0	-0.529564377015	-1.06265725707	-2.19038651101	-0.358132669987	-0.593918396852	-1.86931661509	63
5	0.5	0.75	0.0	-0.994361789618	-1.0585946236	-2.20557894609	-0.863930664203	-0.52479468847	-1.88060602317	64
5	0.5	1.0	0.0	-1.43243948102	-1.07969353692	-2.22107122648	-1.43243948102	-0.432722269765	-1.89863358988	65
5	0.75	0.0	0.0	0.402316203674	-1.45068263526	-2.24619921965	0.611559644966	-1.07538991774	-1.94373408464	66
5	0.75	0.25	0.0	-0.0319805418205	-1.49191099149	-2.24477958127	0.168554244734	-1.12337684293	-1.93001069806	67
5	0.75	0.5	0.0	-0.497869127505	-1.51331962033	-2.21169575999	-0.308924139448	-1.12003970147	-1.92114780134	68
5	0.75	0.75	0.0	-0.970180481467	-1.52536777956	-2.16858304708	-0.834986925614	-1.0733317523	-1.91901313949	69
5	0.75	1.0	0.0	-1.4237455318	-1.53851472696	-2.13707673379	-1.4237455318	-0.99120625434	-1.92547445758	70
5	1.0	0.0	0.0	0.421290117	-1.838774103	-2.17829323	0.643545353279	-1.5032805705	-1.8301434706	71
5	1.0	0.25	0.0	-0.0144928098293	-1.87489848553	-2.15797906329	0.173766738419	-1.55086707654	-1.80817976217	72
5	1.0	0.5	0.0	-0.491436218727	-1.89907613579	-2.09933293049	-0.335807549438	-1.56269871159	-1.79267277941	73
5	1.0	0.75	0.0	-0.97478899751	-1.9168255414	-2.02509707569	-0.874041732756	-1.54481788233	-1.79337176017	74
5	1.0	1.0	0.0	-1.429800034	-1.93366519	-1.958013743	-1.429800034	-1.50326699542	-1.82002594232	75
6	0.0	0.0	0.0	0.421290117	-1.838774103	-2.17829323	0.643545353279	-1.5032805705	-1.8301434706	76
6	0.0	0.25	0.0	-0.0144928098293	-1.87489848553	-2.15797906329	0.173766738419	-1.55086707654	-1.80817976217	77
6	0.0	0.5	0.0	-0.491436218727	-1.89907613579	-2.09933293049	-0.335807549438	-1.56269871159	-1.79267277941	78
6	0.0	0.75	0.0	-0.97478899751	-1.9168255414	-2.02509707569	-0.874041732756	-1.54481788233	-1.79337176017	79
6	0.0	1.0	0.0	-1.429800034	-1.93366519	-1.958013743	-1.429800034	-1.50326699542	-1.82002594232	80
6	0.25	0.0	0.0	0.462521222019	-2.27280423272	-1.93726910046	0.660880335262	-1.96297987434	-1.50775194143	81
6	0.25	0.25	0.0	0.0050297740887	-2.30944275679	-1.89916846804	0.150852909316	-2.02663222088	-1.47527175482	82
6	0.25	0.5	0.0	-0.498220124034	-2.3199240899	-1.83499622788	-0.396757877718	-2.04927587929	-1.4656160942	83
6	0.25	0.75	0.0	-1.00395231631	-2.32351603213	-1.76015510751	-0.947992303755	-2.04980857906	-1.48396762428	84
6	0.25	1.0	0.0	-1.46889064671	-2.33948638354	-1.69004783442	-1.46889064671	-2.04712804965	-1.53550900979	85
6	0.5	0.0	0.0	0.537444551639	-2.69981897175	-1.58765778707	0.712108682888	-2.43891943264	-1.0506445961	86
6	0.5	0.25	0.0	0.0355771216048	-2.74755605379	-1.54892336984	0.155597048828	-2.5361140765	-1.02575712578	87
6	0.5	0.5	0.0	-0.502089936029	-2.75621454391	-1.48344414101	-0.425737024399	-2.58360528613	-1.03203885402	88
6	0.5	0.75	0.0	-1.03897009318	-2.74993839029	-1.41447937526	-1.00079462015	-2.60064042972	-1.05937540329	89
6	0.5	1.0	0.0	-1.53847682177	-2.75287154106	-1.36528834728	-1.53847682177	-2.60646687541	-1.09765239603	90
6	0.75	0.0	0.0	0.60082234994	-3.0051727454	-1.17000788241	0.760675807941	-2.80530653932	-0.526323632201	91
6	0.75	0.25	0.0	0.0571214746113	-3.06145911964	-1.1385927334	0.164203885719	-2.93275632056	-0.515365828369	92
6	0.75	0.5	0.0	-0.51264998832	-3.08227208887	-1.07706439087	-0.445175712882	-3.01583497815	-0.535315266691	93
6	0.75	0.75	0.0	-1.07951576578	-3.08374658115	-1.01798318851	-1.04542339923	-3.06019817645	-0.562946437689	94
6	0.75	1.0	0.0	-1.61449958469	-3.08201752455	-0.993909459995	-1.61449958469	-3.0715015798	-0.575033831885	95
6	1.0	0.0	0.0	0.607416861	-3.074219979	-0.724867979	0.770027122208	-2.9363484883	-0.0022912473038	96
6	1.0	0.25	0.0	0.0496350750003	-3.12337269749	-0.699525523409	0.152878148754	-3.07000263021	0.000172184073078	97
6	1.0	0.5	0.0	-0.539504614517	-3.17242131582	-0.64824469848	-0.477504666568	-3.19611300138	-0.0188195400334	98
6	1.0	0.75	0.0	-1.12526277178	-3.21259456999	-0.600579856811	-1.0948533583	-3.29136656142	-0.0380320679908	99
6	1.0	1.0	0.0	-1.672899961	-3.235121196	-0.586085351	-1.672899961	-3.33245026992	-0.0362310481667	100
9	0.0	0.0	0.0	0.607416861	-3.074219979	-0.724867979	0.770027122208	-2.9363484883	-0.0022912473038	101
9	0.0	0.25	0.0	0.0496350750003	-3.12337269749	-0.699525523409	0.152878148754	-3.07000263021	0.000172184073078	102
9	0.0	0.5	0.0	-0.539504614517	-3.17242131582	-0.64824469848	-0.477504666568	-3.19611300138	-0.0188195400334	103
9	0.0	0.75	0.0	-1.12526277178	-3.21259456999	-0.600579856811	-1.0948533583	-3.29136656142	-0.0380320679908	104
9	0.0	1.0	0.0	-1.672899961	-3.235121196	-0.586085351	-1.672899961	-3.33245026992	-0.0362310481667	105
9	0.25	0.0	0.0	0.55458260765	-2.93232363568	-0.206340329516	0.727210939984	-2.84321171684	0.581313484701	106
9	0.25	0.25	0.0	0.00730500813185	-2.96171283714	-0.171951201355	0.109087614022	-2.95860844407	0.597416771772	107
9	0.25	0.5	0.0	-0.591461879077	-3.02116275897	-0.122157281416	-0.534762710034	-3.10800266628	0.612163850279	108
9	0.25	0.75	0.0	-1.19026460322	-3.08616337213	-0.0761568764557	-1.16384137246	-3.24792829384	0.621416858762	109
9	0.25	1.0	0.0	-1.73764971355	-3.1322046476	-0.053148293232	-1.73764971355	-3.33491923709	0.621037935757	110
9	0.5	0.0	0.0	0.48393469564	-2.69742799173	0.320276437963	0.65495769468	-2.62826007162	1.18138845141	111
9	0.5	0.25	0.0	-0.050243218319	-2.71285202885	0.369805625486	0.0459966670641	-2.72131047296	1.2196373388	112
9	0.5	0.5	0.0	-0.650881316545	-2.74096417562	0.41108081575	-0.599061131174	-2.84869233307	1.26018618352	113
9	0.5	0.75	0.0	-1.25891307184	-2.7725906874	0.442331434496	-1.2346669294	-2.98072321934	1.28297709893	114
9	0.5	1.0	0.0	-1.815271957	-2.7985578196	0.461786907464	-1.815271957	-3.08772069914	1.2679521984	115
9	0.75	0.0	0.0	0.40531922981	-2.36698506267	0.784197837461	0.563354992416	-2.29373944193	1.7297219724	116
9	0.75	0.25	0.0	-0.117734155056	-2.37832988475	0.853624370757	-0.0355363718808	-2.37207914514	1.79722885697	117
9	0.75	0.5	0.0	-0.711592831593	-2.36310099213	0.882497720766	-0.676623825302	-2.45800525038	1.85538239811	118
9	0.75	0.75	0.0	-1.31945859156	-2.33915118712	0.890099763552	-1.30969392464	-2.55366486011	1.88198564589	119
9	0.75	1.0	0.0	-1.8845332267	-2.32433327205	0.895712375179	-1.8845332267	-2.66120507677	1.85484165042	120
9	1.0	0.0	0.0	0.328582315	-1.938446864	1.114639383	0.462490439313	-1.84189571703	2.15810236727	121
9	1.0	0.25	0.0	-0.189892352782	-1.95968601697	1.2073844481	-0.134653182573	-1.92488488886	2.26058629812	122
9	1.0	0.5	0.0	-0.767426328894	-1.91884863487	1.22312156138	-0.773674687733	-1.97576466685	2.32788743247	123
9	1.0	0.75	0.0	-1.36015157631	-1.85311954258	1.20236279822	-1.3912862537	-2.03066673835	2.35377949302	124
9	1.0	1.0	0.0	-1.924200058	-1.799683565	1.185620234	-1.924200058	-2.12572279067	2.33203620245	125
10	0.0	0.0	0.0	0.328582315	-1.938446864	1.114639383	0.462490439313	-1.84189571703	2.15810236727	126
10	0.0	0.25	0.0	-0.189892352782	-1.95968601697	1.2073844481	-0.134653182573	-1.92488488886	2.26058629812	127
10	0.0	0.5	0.0	-0.767426328894	-1.91884863487	1.22312156138	-0.773674687733	-1.97576466685	2.32788743247	128
10	0.0	0.75	0.0	-1.36015157631	-1.85311954258	1.20236279822	-1.3912862537	-2.03066673835	2.35377949302	129
10	0.0	1.0	0.0	-1.924200058	-1.799683565	1.185620234	-1.924200058	-2.12572279067	2.33203620245	130
10	0.25	0.0	0.0	0.305659633167	-1.49186603918	1.155753597	0.399134204865	-1.31807823501	2.28657834394	131
10	0.25	0.25	0.0	-0.207253742624	-1.51919523707	1.25503484788	-0.187160659354	-1.38833983562	2.39728077021	132
10	0.25	0.5	0.0	-0.777207663802	-1.47325913441	1.27342735837	-0.814463788843	-1.42426647183	2.46879586102	133
10	0.25	0.75	0.0	-1.36116687102	-1.39085835483	1.25125351148	-1.41377549893	-1.46065765813	2.50563797249	134
10	0.25	1.0	0.0	-1.91609610494	-1.30879352195	1.22883569021	-1.91609610494	-1.53231290902	2.51232146079	135
10	0.5	0.0	0.0	0.336883722555	-1.06762757463	0.901639468093	0.389913697502	-0.766465494436	2.09700659073	136
10	0.5	0.25	0.0	-0.166593251276	-1.07989769512	0.986724140183	-0.171555932655	-0.781534247381	2.18665740744	137
10	0.5	0.5	0.0	-0.743158047452	-1.01621472613	1.0338704782	-0.776813953815	-0.79035289523	2.27592228551	138
10	0.5	0.75	0.0	-1.3331264946	-0.911653221809	1.05285120612	-1.36539017903	-0.806850267077	2.35352258395	139
10	0.5	1.0	0.0	-1.87681442136	-0.801287736332	1.05343904795	-1.87681442136	-0.844955192015	2.40817966176	140
10	0.75	0.0	0.0	0.360437904415	-0.641565462512	0.487420069136	0.407789474414	-0.22791068556	1.73651681809	141
10	0.75	0.25	0.0	-0.140745792659	-0.640620030706	0.549783748976	-0.137027448198	-0.196269590715	1.80176967807	142
10	0.75	0.5	0.0	-0.718444728179	-0.567049693916	0.627493630338	-0.723722751144	-0.175592217432	1.91082044505	143
10	0.75	0.75	0.0	-1.30461821222	-0.455905870997	0.694711855994	-1.30441569862	-0.173109991211	2.03146441495	144
10	0.75	1.0	0.0	-1.83122555484	-0.342239980802	0.725600568718	-1.83122555484	-0.196054337554	2.13149688366	145
10	1.0	0.0	0.0	0.3145055	-0.189513695	0.048218473	0.425722092788	0.256733001362	1.35223873646	146
10	1.0	0.25	0.0	-0.202546280691	-0.200188883405	0.0915450982424	-0.132763651709	0.275652667815	1.41567105039	147
10	1.0	0.5	0.0	-0.756234954319	-0.145098321691	0.177339524278	-0.718187749322	0.318447281187	1.53504407873	148
10	1.0	0.75	0.0	-1.30422978904	-0.0640180298825	0.264391434924	-1.28913746233	0.336697743426	1.67349455302	149
10	1.0	1.0	0.0	-1.804200053	0.003275972	0.311490514	-1.804200053	0.281984956475	1.79415920477	150
13	0.0	0.0	0.0	0.3145055	-0.189513695	0.048218473	0.425722092788	0.256733001362	1.35223873646	151
13	0.0	0.25	0.0	-0.202546280691	-0.200188883405	0.0915450982424	-0.132763651709	0.275652667815	1.41567105039	152
13	0.0	0.5	0.0	-0.756234954319	-0.145098321691	0.177339524278	-0.718187749322	0.318447281187	1.53504407873	153
13	0.0	0.75	0.0	-1.30422978904	-0.0640180298825	0.264391434924	-1.28913746233	0.336697743426	1.67349455302	154
13	0.0	1.0	0.0	-1.804200053	0.003275972	0.311490514	-1.804200053	0.281984956475	1.79415920477	155
13	0.25	0.0	0.0	0.280498955946	-0.0585693508386	-0.057762592995	0.437877035653	0.389105015387	1.2816952917	156
13	0.25	0.25	0.0	-0.233797956891	-0.0565317766466	-0.0269760613769	-0.122295470699	0.409680147348	1.34025963135	157
13	0.25	0.5	0.0	-0.780484444921	0.00238107086213	0.0269356837339	-0.717644072605	0.473418456709	1.43051478911	158
13	0.25	0.75	0.0	-1.31773912336	0.0837752612521	0.0833627423284	-1.29563653115	0.518043758421	1.53894492069	159
13	0.25	1.0	0.0	-1.80374060741	0.153256864088	0.121695214398	-1.80374060741	0.481279867436	1.65203418177	160
13	0.5	0.0	0.0	0.245332748249	0.0520455104313	-0.143760067487	0.456129484938	0.514379666111	1.2493194235	161
13	0.5	0.25	0.0	-0.251980967645	0.0804373844779	-0.122376369213	-0.0909214961501	0.544742385639	1.30125247805	162
13	0.5	0.5	0.0	-0.798610918033	0.14275082213	-0.101177633144	-0.695558068183	0.618583633258	1.35255722398	163
13	0.5	0.75	0.0	-1.33655236985	0.229818646297	-0.078628345136	-1.2903333824	0.691364605025	1.41998910683	164
13	0.5	1.0	0.0	-1.80780059004	0.33247367989	-0.0531929910428	-1.80780059004	0.718546496996	1.52030357216	165
13	0.75	0.0	0.0	0.213281138427	0.167463359236	-0.247325990486	0.4616426992	0.645735208308	1.1949445518	166
13	0.75	0.25	0.0	-0.266195474309	0.215704242734	-0.234535286611	-0.0680743636374	0.68147296926	1.24303549179	167
13	0.75	0.5	0.0	-0.808751551173	0.287760112802	-0.233673033552	-0.667525545642	0.764268227016	1.26608603216	168
13	0.75	0.75	0.0	-1.34640788838	0.385808792964	-0.236826549267	-1.27059960056	0.862622532287	1.2984106848	169
13	0.75	1.0	0.0	-1.81118528215	0.512028106748	-0.236083151712	-1.81118528215	0.945037435782	1.37432396165	170
13	1.0	0.0	0.0	0.188618388	0.312816666	-0.406012402	0.435579936998	0.796349896751	1.05840409648	171
13	1.0	0.25	0.0	-0.285541638239	0.354254440887	-0.403332274918	-0.0831867087373	0.820505484783	1.10999457387	172
13	1.0	0.5	0.0	-0.809043521859	0.449158123569	-0.397223124686	-0.649142314567	0.920797654165	1.13601586248	173
13	1.0	0.75	0.0	-1.3330440388	0.563442368967	-0.406476591861	-1.23380677011	1.03777978926	1.15599322795	174
13	1.0	1.0	0.0	-1.808699965	0.663021832	-0.449884317	-1.808699965	1.11200527442	1.18945193597	175
14	0.0	0.0	0.0	0.188618388	0.312816666	-0.406012402	0.435579936998	0.796349896751	1.05840409648	176
14	0.0	0.25	0.0	-0.285541638239	0.354254440887	-0.403332274918	-0.0831867087373	0.820505484783	1.10999457387	177
14	0.0	0.5	0.0	-0.809043521859	0.449158123569	-0.397223124686	-0.649142314567	0.920797654165	1.13601586248	178
14	0.0	0.75	0.0	-1.3330440388	0.563442368967	-0.406476591861	-1.23380677011	1.03777978926	1.15599322795	179
14	0.0	1.0	0.0	-1.808699965	0.663021832	-0.449884317	-1.808699965	1.11200527442	1.18945193597	180
14	0.25	0.0	0.0	0.172658157147	0.545891591334	-0.543966161297	0.372529881149	1.02492940586	0.862058405742	181
14	0.25	0.25	0.0	-0.312350359883	0.550401312645	-0.549102998956	-0.148436403644	1.01895642432	0.920540755702	182
14	0.25	0.5	0.0	-0.814765507031	0.631396300842	-0.524901013171	-0.676743660419	1.10297468239	0.974372290637	183
14	0.25	0.75	0.0	-1.31601184115	0.724597412598	-0.515187764343	-1.22292509647	1.19490785158	1.02300394352	184
14	0.25	1.0	0.0	-1.79751391908	0.765725504587	-0.56379081287	-1.79751391908	1.21267960342	1.06588664733	185
14	0.5	0.0	0.0	0.173942486185	0.78151482053	-0.540555590835	0.317386454258	1.25982226111	0.72287328963	186
14	0.5	0.25	0.0	-0.315027428718	0.786803994737	-0.558244922153	-0.198190624482	1.26154138293	0.770555891001	187
14	0.5	0.5	0.0	-0.804874551423	0.857570420774	-0.569860254531	-0.703781793176	1.3349365136	0.812086432528	188
14	0.5	0.75	0.0	-1.29312277024	0.91924154321	-0.591822820644	-1.22245944509	1.3929079925	0.863718020138	189
14	0.5	1.0	0.0	-1.77729597349	0.897244806612	-0.640553853169	-1.77729597349	1.348356159	0.941703759758	190
14	0.75	0.0	0.0	0.19110277563	0.97268055121	-0.533826760455	0.286172337587	1.45754595813	0.555843940166	191
14	0.75	0.25	0.0	-0.297486702383	0.991851177974	-0.562506776217	-0.221254386822	1.47817521997	0.591869907551	192
14	0.75	0.5	0.0	-0.785543052548	1.0558727963	-0.615458243339	-0.719814145509	1.54560504845	0.621590310897	193
14	0.75	0.75	0.0	-1.27176593994	1.09194440392	-0.674139728251	-1.22563750446	1.57781511778	0.678068395032	194
14	0.75	1.0	0.0	-1.75485502965	1.02726499858	-0.720009797384	-1.75485502965	1.49278510217	0.794367404785	195
14	1.0	0.0	0.0	0.222770426	1.072382981	-0.66182574	0.294910212396	1.57461799256	0.275965549373	196
14	1.0	0.25	0.0	-0.263642038515	1.09393155317	-0.693637292854	-0.206432706237	1.59877279478	0.316312733129	197
14	1.0	0.5	0.0	-0.762943407917	1.15449574035	-0.745052374172	-0.714398150089	1.66390218756	0.375315948489	198
14	1.0	0.75	0.0	-1.25933046411	1.18727563786	-0.799896454654	-1.22568696305	1.69566413319	0.465988005431	199
14	1.0	1.0	0.0	-1.736999989	1.125471341	-0.841995005	-1.736999989	1.61971659395	0.601341713935	200
17	0.0	0.0	0.0	4.900340306	0.993921541	-0.535571599	4.88799995194	1.87233783679	0.411210726517	201
17	0.0	0.25	0.0	4.31156446749	1.00633218279	-0.563233262675	4.31548310046	1.87906525272	0.357329359838	202
17	0.0	0.5	0.0	3.71481965671	1.02449557957	-0.581940034822	3.74239918378	1.83864286352	0.31098025557	203
17	0.0	0.75	0.0	3.13791604182	1.02427617957	-0.591396882808	3.19441758573	1.76460369584	0.282092325253	204
17	0.0	1.0	0.0	2.608663791	0.981538431	-0.591308774	2.69720769018	1.67048077634	0.280594480424	205
17	0.25	0.0	0.0	4.8965461613	0.947254051434	-0.686945001388	4.9009005685	1.86897459922	0.182588497557	206
17	0.25	0.25	0.0	4.31818520341	0.966648660468	-0.720348331108	4.34134582628	1.89219217796	0.1168925219	207
17	0.25	0.5	0.0	3.72908101567	0.998733398842	-0.734613088239	3.77588342866	1.86256288568	0.0797355661451	208
17	0.25	0.75	0.0	3.15376996963	1.01041106886	-0.735255725443	3.22168835803	1.79139422465	0.0637165229732	209
17	0.25	1.0	0.0	2.61678843685	0.968584472831	-0.72779269538	2.69593559676	1.68999369713	0.0614342850648	210
17	0.5	0.0	0.0	4.90010613631	0.856850626663	-0.841477581574	4.93808563171	1.81951538383	-0.0325293034127	211
17	0.5	0.25	0.0	4.33427223551	0.876525500291	-0.877412887596	4.39890640484	1.84155479376	-0.117280011886	212
17	0.5	0.5	0.0	3.74351052865	0.921261160847	-0.887285610361	3.82760772519	1.82106805412	-0.153689126958	213
17	0.5	0.75	0.0	3.15868590368	0.946108535966	-0.879137266802	3.24977782131	1.75840268933	-0.161328168549	214
17	0.5	1.0	0.0	2.61066324852	0.906118553285	-0.861009373849	2.69100492176	1.65390622381	-0.159768656581	215
17	0.75	0.0	0.0	4.90843746166	0.762645443311	-1.00888781547	4.98593922201	1.74759306986	-0.238429555588	216
17	0.75	0.25	0.0	4.35449619646	0.776463698187	-1.04506310411	4.4631585439	1.75935791417	-0.340020986509	217
17	0.75	0.5	0.0	3.75956785513	0.827728365256	-1.04465690239	3.8845183007	1.74633920586	-0.375911680667	218
17	0.75	0.75	0.0	3.16372165125	0.861859213861	-1.02269058344	3.28467628153	1.69462286342	-0.376126968765	219
17	0.75	1.0	0.0	2.60702679843	0.824276013346	-0.994185520393	2.69829027552	1.59029480535	-0.370692181502	220
17	1.0	0.0	0.0	4.918957368	0.704572678	-1.198894179	5.03084541982	1.67684053656	-0.439399138168	221
17	1.0	0.25	0.0	4.37352771892	0.706964250081	-1.23393515263	4.50909595122	1.67780635321	-0.546163146954	222
17	1.0	0.5	0.0	3.77871265454	0.753784511739	-1.21142626553	3.93356138253	1.67055717791	-0.57354995191	223
17	1.0	0.75	0.0	3.17993501964	0.788153735527	-1.16556475192	3.33237404463	1.62904852048	-0.563765097124	224
17	1.0	1.0	0.0	2.622617659	0.753192194	-1.130547846	2.7336662684	1.5272358907	-0.559014126684	225
18	0.0	0.0	0.0	2.608663791	0.981538431	-0.591308774	2.69720769018	1.67048077634	0.280594480424	226
18	0.0	0.25	0.0	2.05246710102	0.958065644866	-0.595652432728	2.16277502487	1.60184239963	0.280952503943	227
18	0.0	0.5	0.0	1.44395532604	1.00162790162	-0.613938603345	1.55487866394	1.58335846492	0.264995590004	228
18	0.0	0.75	0.0	0.821324442291	1.05785656056	-0.638539100789	0.917572446685	1.58446998997	0.255680888511	229
18	0.0	1.0	0.0	0.222770426	1.072382981	-0.66182574	0.294910212396	1.57461799256	0.275965549373	230
18	0.25	0.0	0.0	2.61678843685	0.968584472831	-0.72779269538	2.69593559676	1.68999369713	0.0614342850648	231
18	0.25	0.25	0.0	2.05307913412	0.935184473292	-0.728022807326	2.13441026947	1.60697729946	0.0457643135589	232
18	0.25	0.5	0.0	1.446729461	0.967572548459	-0.745793757835	1.52640566866	1.57428542343	0.0111384753683	233
18	0.25	0.75	0.0	0.83227711456	1.01588712646	-0.776572663204	0.906242771016	1.5641736773	-0.0172647057527	234
18	0.25	1.0	0.0	0.24425979187	1.03026663541	-0.815826639729	0.308242553235	1.54889766929	-0.0142667060497	235
18	0.5	0.0	0.0	2.61066324852	0.906118553285	-0.861009373849	2.69100492176	1.65390622381	-0.159768656581	236
18	0.5	0.25	0.0	2.04472051165	0.848419040769	-0.844223463489	2.10505688222	1.54397355288	-0.178569395241	237
18	0.5	0.5	0.0	1.44453201462	0.840595225377	-0.840020775976	1.49118597199	1.47027754871	-0.216977968951	238
18	0.5	0.75	0.0	0.83680340018	0.858060803626	-0.85404194185	0.879108841273	1.42628052938	-0.249197622199	239
18	0.5	1.0	0.0	0.248240311106	0.876229472035	-0.89192759165	0.29854214027	1.40544481295	-0.249431599471	240
18	0.75	0.0	0.0	2.60702679843	0.824276013346	-0.994185520393	2.69829027552	1.59029480535	-0.370692181502	241
18	0.75	0.25	0.0	2.04254057086	0.73998037061	-0.96335459212	2.09248263922	1.45291445323	-0.391062655229	242
18	0.75	0.5	0.0	1.44858796858	0.681863196047	-0.936991809194	1.4709822334	1.33281106526	-0.430495907707	243
18	0.75	0.75	0.0	0.843994018807	0.656859309958	-0.931032336393	0.859310014651	1.24699911701	-0.46194369926	244
18	0.75	1.0	0.0	0.247583748788	0.671903532647	-0.961411338496	0.282986939528	1.21249308407	-0.458357790211	245
18	1.0	0.0	0.0	2.622617659	0.753192194	-1.130547846	2.7336662684	1.5272358907	-0.559014126684	246
18	1.0	0.25	0.0	2.06168864899	0.65207948613	-1.10451638412	2.11445531655	1.37388329385	-0.59072949918	247
18	1.0	0.5	0.0	1.47012230456	0.552543724143	-1.07707900891	1.48755711236	1.22336219761	-0.640557505654	248
18	1.0	0.75	0.0	0.862939690098	0.484764363335	-1.0676292465	0.869985648342	1.10253801103	-0.67732877537	249
18	1.0	1.0	0.0	0.25516187	0.478920859	-1.095560623	0.278754917036	1.03827614319	-0.669873937589	250
19	0.0	0.0	0.0	4.918957368	0.704572678	-1.198894179	5.03084541982	1.67684053656	-0.439399138168	251
19	0.0	0.25	0.0	4.37352771892	0.706964250081	-1.23393515263	4.50909595122	1.67780635321	-0.546163146954	252
19	0.0	0.5	0.0	3.77871265454	0.753784511739	-1.21142626553	3.93356138253	1.67055717791	-0.57354995191	253
19	0.0	0.75	0.0	3.17993501964	0.788153735527	-1.16556475192	3.33237404463	1.62904852048	-0.563765097124	254
19	0.0	1.0	0.0	2.622617659	0.753192194	-1.130547846	2.7336662684	1.5272358907	-0.559014126684	255
19	0.25	0.0	0.0	4.91250094454	0.716644394616	-1.38069790377	5.05231341989	1.65521187088	-0.633865841907	256
19	0.25	0.25	0.0	4.36886411321	0.711326119593	-1.42550209662	4.52803003955	1.65541094928	-0.745493968483	257
19	0.25	0.5	0.0	3.77853876358	0.723309402565	-1.39872257606	3.96321011249	1.62970484955	-0.779011587123	258
19	0.25	0.75	0.0	3.18602826599	0.719825331951	-1.34702086385	3.37387343197	1.56546852411	-0.779036711775	259
19	0.25	1.0	0.0	2.63583599076	0.668104996168	-1.31705848172	2.77603979128	1.45007692536	-0.790187356389	260
19	0.5	0.0	0.0	4.88333668767	0.764609161363	-1.55306996672	5.05308256303	1.66621318761	-0.84570751868	261
19	0.5	0.25	0.0	4.3354656047	0.762700375151	-1.61065638222	4.52850584253	1.67677468973	-0.95900742578	262
19	0.5	0.5	0.0	3.74730836797	0.723143213665	-1.58569671307	3.96083208899	1.61470903523	-0.992995353275	263
19	0.5	0.75	0.0	3.15984097088	0.654216858314	-1.53060708379	3.36996456301	1.50105803284	-0.995799681525	264
19	0.5	1.0	0.0	2.61403940685	0.564200490504	-1.49780361891	2.77580652519	1.35686349126	-1.01554879089	265
19	0.75	0.0	0.0	4.84546536873	0.794859975429	-1.70224177431	5.0414821066	1.65746532193	-1.05107370067	266
19	0.75	0.25	0.0	4.29345563388	0.796524375881	-1.77049536642	4.51714483327	1.67627246219	-1.16435091923	267
19	0.75	0.5	0.0	3.71157851666	0.709042002082	-1.74999453857	3.94473563648	1.57848693304	-1.19624960314	268
19	0.75	0.75	0.0	3.1321610053	0.577519650496	-1.69449727805	3.35023417633	1.41643299379	-1.19799889591	269
19	0.75	1.0	0.0	2.58753008802	0.447064117588	-1.65776157215	2.75962011294	1.24243490373	-1.22082794103	270
19	1.0	0.0	0.0	4.812887759	0.753789834	-1.814444733	5.02584130792	1.57658910899	-1.22611392006	271
19	1.0	0.25	0.0	4.26295764124	0.748235480913	-1.88611640622	4.50056848488	1.5882791543	-1.3391718492	272
19	1.0	0.5	0.0	3.69790625865	0.63676182486	-1.86926191461	3.93322907942	1.47395574106	-1.36952268949	273
19	1.0	0.75	0.0	3.13377624024	0.475925044377	-1.81686531294	3.34426901055	1.29220935406	-1.36957924447	274
19	1.0	1.0	0.0	2.586610215	0.322281318	-1.781910656	2.75413419728	1.1016304781	-1.39175431765	275
20	0.0	0.0	0.0	2.622617659	0.753192194	-1.130547846	2.7336662684	1.5272358907	-0.559014126684	276
20	0.0	0.25	0.0	2.06168864899	0.65207948613	-1.10451638412	2.11445531655	1.37388329385	-0.59072949918	277
20	0.0	0.5	0.0	1.47012230456	0.552543724143	-1.07707900891	1.48755711236	1.22336219761	-0.640557505654	278
20	0.0	0.75	0.0	0.862939690098	0.484764363335	-1.0676292465	0.869985648342	1.10253801103	-0.67732877537	279
20	0.0	1.0	0.0	0.25516187	0.478920859	-1.095560623	0.278754917036	1.03827614319	-0.669873937589	280
20	0.25	0.0	0.0	2.63583599076	0.668104996168	-1.31705848172	2.77603979128	1.45007692536	-0.790187356389	281
20	0.25	0.25	0.0	2.08050860556	0.555681441449	-1.30050839413	2.14938875557	1.2854698889	-0.835283423992	282
20	0.25	0.5	0.0	1.49036565396	0.426046519473	-1.27368495025	1.51573468366	1.11246166282	-0.886423477918	283
20	0.25	0.75	0.0	0.881735760186	0.321225433597	-1.25988567898	0.890590074617	0.961314450861	-0.915429081938	284
20	0.25	1.0	0.0	0.270947548451	0.283243387179	-1.2824081092	0.289467427503	0.862290456748	-0.894121799822	285
20	0.5	0.0	0.0	2.61403940685	0.564200490504	-1.49780361891	2.77580652519	1.35686349126	-1.01554879089	286
20	0.5	0.25	0.0	2.06323030901	0.436084839488	-1.4759734753	2.15035873185	1.17560477269	-1.06299335748	287
20	0.5	0.5	0.0	1.4790143892	0.284313545569	-1.43720697934	1.51060771487	0.974342317357	-1.10048235437	288
20	0.5	0.75	0.0	0.879363187425	0.15493636616	-1.40875062714	0.885629132819	0.794564933081	-1.10779981227	289
20	0.5	1.0	0.0	0.282248243705	0.0940030586728	-1.41785091485	0.304498644278	0.677761427667	-1.06472976189	290
20	0.75	0.0	0.0	2.58753008802	0.447064117588	-1.65776157215	2.75962011294	1.24243490373	-1.22082794103	291
20	0.75	0.25	0.0	2.03570073004	0.303836785129	-1.63022322999	2.13770177216	1.04561262319	-1.26688453401	292
20	0.75	0.5	0.0	1.45671531822	0.139125889998	-1.58421676954	1.49572732149	0.82269817636	-1.29151364333	293
20	0.75	0.75	0.0	0.869198369319	-0.00453164009035	-1.54557515238	0.876697044091	0.622784129061	-1.28026955568	294
20	0.75	1.0	0.0	0.291774400106	-0.0845988774195	-1.54013134007	0.323611223098	0.494963047137	-1.21870655778	295
20	1.0	0.0	0.0	2.586610215	0.322281318	-1.781910656	2.75413419728	1.1016304781	-1.39175431765	296
20	1.0	0.25	0.0	2.02376683936	0.169484383255	-1.76256926056	2.13175440322	0.896818118419	-1.43998218796	297
20	1.0	0.5	0.0	1.44411524899	0.0022646403263	-1.73128599424	1.49464461904	0.671223254986	-1.46829685312	298
20	1.0	0.75	0.0	0.864617703375	-0.147607386266	-1.70171031606	0.885388029576	0.466466710172	-1.45866690149	299
20	1.0	1.0	0.0	0.302236462	-0.248361172	-1.687491685	0.346567819696	0.324169306347	-1.39306092146	300
25	0.0	0.0	0.0	4.812887759	0.753789834	-1.814444733	5.02584130792	1.57658910899	-1.22611392006	301
25	0.0	0.25	0.0	4.26295764124	0.748235480913	-1.88611640622	4.50056848488	1.5882791543	-1.3391718492	302
25	0.0	0.5	0.0	3.69790625865	0.63676182486	-1.86926191461	3.93322907942	1.47395574106	-1.36952268949	303
25	0.0	0.75	0.0	3.13377624024	0.475925044377	-1.81686531294	3.34426901055	1.29220935406	-1.36957924447	304
25	0.0	1.0	0.0	2.586610215	0.322281318	-1.781910656	2.75413419728	1.1016304781	-1.39175431765	305
25	0.25	0.0	0.0	4.78922048623	0.487774492566	-1.90860217742	5.01183842463	1.2205860851	-1.46458386926	306
25	0.25	0.25	0.0	4.25517052932	0.456945350037	-1.98284371099	4.49079473373	1.19876114475	-1.58216137347	307
25	0.25	0.5	0.0	3.72028578171	0.336936645588	-1.98243036841	3.94161759744	1.07893051542	-1.62218231061	308
25	0.25	0.75	0.0	3.18162083597	0.171014466924	-1.9533383995	3.37236507973	0.900284830179	-1.63101317648	309
25	0.25	1.0	0.0	2.63623028466	0.00244490174952	-1.94154405408	2.79109524458	0.702014722136	-1.65502046688	310
25	0.5	0.0	0.0	4.8056567289	0.136778437607	-1.85846750772	5.02830646106	0.779456731312	-1.55145548665	311
25	0.5	0.25	0.0	4.28739705167	0.088435718892	-1.94313772092	4.52313412991	0.731274638131	-1.68029435114	312
25	0.5	0.5	0.0	3.75585857358	-0.0438548876849	-1.97461694298	3.97999984598	0.59403839359	-1.74632323137	313
25	0.5	0.75	0.0	3.2204694249	-0.220154193101	-1.98527665997	3.42027013362	0.405185883154	-1.78117635907	314
25	0.5	1.0	0.0	2.69065773589	-0.400523008333	-2.00748835796	2.86531151717	0.202154992286	-1.81648796596	315
25	0.75	0.0	0.0	4.83272654162	-0.230086253155	-1.73181099965	5.06832471073	0.339006879741	-1.50987139276	316
25	0.75	0.25	0.0	4.32618034308	-0.299400579052	-1.82269414923	4.58097524212	0.2666890241	-1.64789809615	317
25	0.75	0.5	0.0	3.79044208021	-0.450326402217	-1.87973939611	4.04513119895	0.107421060995	-1.7359361277	318
25	0.75	0.75	0.0	3.25314613588	-0.639318120186	-1.92390887682	3.49755387125	-0.0949831355711	-1.79348060572	319
25	0.75	1.0	0.0	2.74192689293	-0.822830130498	-1.97616472786	2.97500454905	-0.296709691596	-1.84002664854	320
25	1.0	0.0	0.0	4.840959979	-0.543707502	-1.596402929	5.12497246716	-0.0149576375158	-1.36297420811	321
25	1.0	0.25	0.0	4.33806353837	-0.648670710326	-1.67720870919	4.64770663905	-0.114126307676	-1.49929992247	322
25	1.0	0.5	0.0	3.8098537476	-0.827191525266	-1.73171548565	4.13376703025	-0.292779796954	-1.58501167554	323
25	1.0	0.75	0.0	3.28247509778	-1.02821449882	-1.78046383254	3.61378599167	-0.502117874549	-1.64133772993	324
25	1.0	1.0	0.0	2.78207208	-1.200684183	-1.843994324	3.11839587424	-0.693340309657	-1.6895063483	325
26	0.0	0.0	0.0	2.586610215	0.322281318	-1.781910656	2.75413419728	1.1016304781	-1.39175431765	326
26	0.0	0.25	0.0	2.02376683936	0.169484383255	-1.76256926056	2.13175440322	0.896818118419	-1.43998218796	327
26	0.0	0.5	0.0	1.44411524899	0.0022646403263	-1.73128599424	1.49464461904	0.671223254986	-1.46829685312	328
26	0.0	0.75	0.0	0.864617703375	-0.147607386266	-1.70171031606	0.885388029576	0.466466710172	-1.45866690149	329
26	0.0	1.0	0.0	0.302236462	-0.248361172	-1.687491685	0.346567819696	0.324169306347	-1.39306092146	330
26	0.25	0.0	0.0	2.63623028466	0.00244490174952	-1.94154405408	2.79109524458	0.702014722136	-1.65502046688	331
26	0.25	0.25	0.0	2.05445520276	-0.163083182217	-1.95710080971	2.17398100845	0.492839209676	-1.7063305397	332
26	0.25	0.5	0.0	1.46607264556	-0.32570970453	-1.97203080236	1.55731028501	0.284205860432	-1.74692642049	333
26	0.25	0.75	0.0	0.886654244923	-0.47364712305	-1.97975532288	0.96499531672	0.0927990564342	-1.75430000389	334
26	0.25	1.0	0.0	0.331771632707	-0.595107895636	-1.97369566211	0.420948346044	-0.0646968202885	-1.70594318452	335
26	0.5	0.0	0.0	2.69065773589	-0.400523008333	-2.00748835796	2.86531151717	0.202154992286	-1.81648796596	336
26	0.5	0.25	0.0	2.11186450162	-0.581720972325	-2.05576182506	2.27085193717	-0.0139250197574	-1.86592599043	337
26	0.5	0.5	0.0	1.51729675971	-0.751580630534	-2.10603823119	1.67122412327	-0.224465354682	-1.90507088483	338
26	0.5	0.75	0.0	0.92894610386	-0.89978184425	-2.14740905339	1.08314207666	-0.413119084526	-1.91978169015	339
26	0.5	1.0	0.0	0.368804127754	-1.01600447476	-2.16896576868	0.523319798511	-0.563539281329	-1.89591744743	340
26	0.75	0.0	0.0	2.74192689293	-0.822830130498	-1.97616472786	2.97500454905	-0.296709691596	-1.84002664854	341
26	0.75	0.25	0.0	2.17135361979	-1.01201502649	-2.05324650984	2.40041923016	-0.516769713211	-1.88994686012	342
26	0.75	0.5	0.0	1.57030798487	-1.19377294793	-2.13259563197	1.80021050021	-0.740031307681	-1.92859541062	343
26	0.75	0.75	0.0	0.970169131664	-1.34702258685	-2.20123792499	1.19653756865	-0.936302150645	-1.9488864391	344
26	0.75	1.0	0.0	0.402316203674	-1.45068263526	-2.24619921965	0.611559644966	-1.07538991774	-1.94373408464	345
26	1.0	0.0	0.0	2.78207208	-1.200684183	-1.843994324	3.11839587424	-0.693340309657	-1.6895063483	346
26	1.0	0.25	0.0	2.20828144112	-1.37955138412	-1.94424906727	2.54073492823	-0.908990014015	-1.74957146873	347
26	1.0	0.5	0.0	1.59762671446	-1.57071146697	-2.05099035593	1.90809378222	-1.14773291589	-1.80336516236	348
26	1.0	0.75	0.0	0.988999179815	-1.73638038784	-2.13780835513	1.26189105199	-1.36176457986	-1.83538872954	349
26	1.0	1.0	0.0	0.421290117	-1.838774103	-2.17829323	0.643545353279	-1.5032805705	-1.8301434706	350
27	0.0	0.0	0.0	4.840959979	-0.543707502	-1.596402929	5.12497246716	-0.0149576375158	-1.36297420811	351
27	0.0	0.25	0.0	4.33806353837	-0.648670710326	-1.67720870919	4.64770663905	-0.114126307676	-1.49929992247	352
27	0.0	0.5	0.0	3.8098537476	-0.827191525266	-1.73171548565	4.13376703025	-0.292779796954	-1.58501167554	353
27	0.0	0.75	0.0	3.28247509778	-1.02821449882	-1.78046383254	3.61378599167	-0.502117874549	-1.64133772993	354
27	0.0	1.0	0.0	2.78207208	-1.200684183	-1.843994324	3.11839587424	-0.693340309657	-1.6895063483	355
27	0.25	0.0	0.0	4.8768476605	-0.890526689871	-1.46209375522	5.19603887852	-0.374334269995	-1.07138551909	356
27	0.25	0.25	0.0	4.37083281151	-1.05216442793	-1.52726989143	4.7185283274	-0.511431882477	-1.19219080455	357
27	0.25	0.5	0.0	3.85447004711	-1.26864396333	-1.56170223087	4.22673367052	-0.719904358907	-1.25618592662	358
27	0.25	0.75	0.0	3.33705400455	-1.48552502785	-1.59058782671	3.73044291075	-0.947839539988	-1.29481109561	359
27	0.25	1.0	0.0	2.8278793211	-1.64836735327	-1.63912373208	3.23944405095	-1.14332526643	-1.33950652184	360
27	0.5	0.0	0.0	4.97172603701	-1.27041435154	-1.29754209628	5.26317822913	-0.752230923285	-0.658159763503	361
27	0.5	0.25	0.0	4.46066691047	-1.48464538493	-1.35968998205	4.77911922783	-0.926855398112	-0.759123459751	362
27	0.5	0.5	0.0	3.93857169032	-1.72440164568	-1.38993988419	4.28014032504	-1.16632630971	-0.813769262656	363
27	0.5	0.75	0.0	3.40997374478	-1.94883766126	-1.40699130055	3.77169956607	-1.42292154392	-0.850718189066	364
27	0.5	1.0	0.0	2.8794064421	-2.11710795911	-1.42954372896	3.25925499622	-1.64891898661	-0.898591255827	365
27	0.75	0.0	0.0	5.07041067177	-1.55593715418	-1.07697039444	5.31224748699	-1.02111329749	-0.188099407824	366
27	0.75	0.25	0.0	4.55578673109	-1.81599074522	-1.13130220304	4.82483072257	-1.23463899761	-0.25816239193	367
27	0.75	0.5	0.0	4.01844167966	-2.08022192526	-1.15664644927	4.30774478492	-1.50962593979	-0.299670376392	368
27	0.75	0.75	0.0	3.47031032123	-2.31962011732	-1.16237473969	3.77495733384	-1.8029678661	-0.33270673368	369
27	0.75	1.0	0.0	2.92332745955	-2.50517474439	-1.15785868086	3.24043602915	-2.07155851863	-0.377354836263	370
27	1.0	0.0	0.0	5.117717128	-1.619661765	-0.774601092	5.32910362012	-1.05344709273	0.273993081482	371
27	1.0	0.25	0.0	4.60441316924	-1.91607767269	-0.798939776385	4.85101419387	-1.309024824	0.252627895074	372
27	1.0	0.5	0.0	4.05036301758	-2.22186215498	-0.802039929767	4.32330484126	-1.62738353956	0.244202039442	373
27	1.0	0.75	0.0	3.48713973664	-2.49934011428	-0.789438629766	3.77761759026	-1.96358248626	0.235575547168	374
27	1.0	1.0	0.0	2.94631639	-2.710836453	-0.766672954	3.24559446879	-2.27268091093	0.213608450834	375
28	0.0	0.0	0.0	2.78207208	-1.200684183	-1.843994324	3.11839587424	-0.693340309657	-1.6895063483	376
28	0.0	0.25	0.0	2.20828144112	-1.37955138412	-1.94424906727	2.54073492823	-0.908990014015	-1.74957146873	377
28	0.0	0.5	0.0	1.59762671446	-1.57071146697	-2.05099035593	1.90809378222	-1.14773291589	-1.80336516236	378
28	0.0	0.75	0.0	0.988999179815	-1.73638038784	-2.13780835513	1.26189105199	-1.36176457986	-1.83538872954	379
28	0.0	1.0	0.0	0.421290117	-1.838774103	-2.17829323	0.643545353279	-1.5032805705	-1.8301434706	380
28	0.25	0.0	0.0	2.8278793211	-1.64836735327	-1.63912373208	3.23944405095	-1.14332526643	-1.33950652184	381
28	0.25	0.25	0.0	2.24574000484	-1.80586679998	-1.73362255193	2.64899191421	-1.35042492023	-1.41201534887	382
28	0.25	0.5	0.0	1.63328373578	-1.99084819562	-1.83968479413	1.98608917089	-1.58641609154	-1.48276931523	383
28	0.25	0.75	0.0	1.02678573461	-2.16069838994	-1.92000284739	1.30522293868	-1.80577550227	-1.5239532398	384
28	0.25	1.0	0.0	0.462521222019	-2.27280423272	-1.93726910046	0.660880335262	-1.96297987434	-1.50775194143	385
28	0.5	0.0	0.0	2.8794064421	-2.11710795911	-1.42954372896	3.25925499622	-1.64891898661	-0.898591255827	386
28	0.5	0.25	0.0	2.30300210502	-2.26594020788	-1.47991918805	2.67536585368	-1.85829169383	-0.969316744574	387
28	0.5	0.5	0.0	1.70288661555	-2.43165901858	-1.5394462001	2.02679841772	-2.07247334245	-1.03408340937	388
28	0.5	0.75	0.0	1.10554056673	-2.5857800527	-1.58355049111	1.35767269268	-2.27237792466	-1.06911733247	389
28	0.5	1.0	0.0	0.537444551639	-2.69981897175	-1.58765778707	0.712108682888	-2.43891943264	-1.0506445961	390
28	0.75	0.0	0.0	2.92332745955	-2.50517474439	-1.15785868086	3.24043602915	-2.07155851863	-0.377354836263	391
28	0.75	0.25	0.0	2.36070185245	-2.65031532489	-1.15891520504	2.6726571801	-2.29048657308	-0.439889139871	392
28	0.75	0.5	0.0	1.77012206556	-2.78666279127	-1.16583577135	2.04829861658	-2.47773366521	-0.499424161793	393
28	0.75	0.75	0.0	1.17551869826	-2.90726573446	-1.1718050928	1.40006870404	-2.64533018923	-0.535166719934	394
28	0.75	1.0	0.0	0.60082234994	-3.0051727454	-1.17000788241	0.760675807941	-2.80530653932	-0.526323632201	395
28	1.0	0.0	0.0	2.94631639	-2.710836453	-0.766672954	3.24559446879	-2.27268091093	0.213608450834	396
28	1.0	0.25	0.0	2.3994733579	-2.8495358681	-0.746386832343	2.69366632695	-2.50490579627	0.15785398122	397
28	1.0	0.5	0.0	1.7986767976	-2.9493783691	-0.734414705383	2.06866686135	-2.67402605642	0.0790917105008	398
28	1.0	0.75	0.0	1.18697515125	-3.02079579356	-0.728120458981	1.41323936283	-2.80839063818	0.0136128854141	399
28	1.0	1.0	0.0	0.607416861	-3.074219979	-0.724867979	0.770027122208	-2.9363484883	-0.0022912473038	400
33	0.0	0.0	0.0	5.117717128	-1.619661765	-0.774601092	5.32910362012	-1.05344709273	0.273993081482	401
33	0.0	0.25	0.0	4.60441316924	-1.91607767269	-0.798939776385	4.85101419387	-1.309024824	0.252627895074	402
33	0.0	0.5	0.0	4.05036301758	-2.22186215498	-0.802039929767	4.32330484126	-1.62738353956	0.244202039442	403
33	0.0	0.75	0.0	3.48713973664	-2.49934011428	-0.789438629766	3.77761759026	-1.96358248626	0.235575547168	404
33	0.0	1.0	0.0	2.94631639	-2.710836453	-0.766672954	3.24559446879	-2.27268091093	0.213608450834	405
33	0.25	0.0	0.0	5.07198573821	-1.47691152034	-0.586547744624	5.25276852981	-0.877242224708	0.533501563641	406
33	0.25	0.25	0.0	4.5617306828	-1.76794682433	-0.578492274491	4.77186415128	-1.13654924049	0.561331789416	407
33	0.25	0.5	0.0	4.0109642017	-2.08579982666	-0.54017686164	4.25110596614	-1.46995681823	0.603817248533	408
33	0.25	0.75	0.0	3.45620896026	-2.38175593125	-0.487915524489	3.72423770122	-1.82347711504	0.644906636572	409
33	0.25	1.0	0.0	2.93398762386	-2.60710054203	-0.438022281456	3.22500308334	-2.14312228803	0.668548649114	410
33	0.5	0.0	0.0	4.9702758261	-1.22372174739	-0.539421346987	5.09651517757	-0.609829732578	0.642069083576	411
33	0.5	0.25	0.0	4.45796898385	-1.46777879513	-0.514997064135	4.58747871697	-0.826667741235	0.70513258518	412
33	0.5	0.5	0.0	3.92902008863	-1.74994311453	-0.437628643024	4.07922259036	-1.13579580672	0.791783332306	413
33	0.5	0.75	0.0	3.400769279	-2.0248717174	-0.337934193367	3.58724100362	-1.47315740815	0.882671687504	414
33	0.5	1.0	0.0	2.89055669351	-2.24722161552	-0.246531824877	3.12702816263	-1.77469602466	0.958448013324	415
33	0.75	0.0	0.0	4.87406728169	-0.893069378736	-0.507598190357	4.95931699103	-0.314025814224	0.712728403835	416
33	0.75	0.25	0.0	4.34940697168	-1.0823761094	-0.475044841975	4.41531471308	-0.475189991274	0.792904845781	417
33	0.75	0.5	0.0	3.83949915644	-1.31819786245	-0.375704079665	3.91068789962	-0.741389989747	0.903056548734	418
33	0.75	0.75	0.0	3.33536981932	-1.5617824117	-0.245980681388	3.44039645977	-1.04448666598	1.0251375535	419
33	0.75	1.0	0.0	2.82804494365	-1.77437753101	-0.122279425109	2.99940030266	-1.3163408763	1.14110190089	420
33	1.0	0.0	0.0	4.844839995	-0.517931347	-0.365454566	4.94014739782	-0.0526466675317	0.858512286966	421
33	1.0	0.25	0.0	4.29232354556	-0.678541291472	-0.325226304672	4.37282896172	-0.177925655635	0.933523134635	422
33	1.0	0.5	0.0	3.77736988319	-0.894469914241	-0.23571197731	3.8485350796	-0.403228852019	1.03259315579	423
33	1.0	0.75	0.0	3.27455970772	-1.12558295314	-0.118541033543	3.35747303199	-0.669328188882	1.1485710881	424
33	1.0	1.0	0.0	2.758473719	-1.331746146	0.004657077	2.88985009944	-0.916995598423	1.27430566924	425
34	0.0	0.0	0.0	2.94631639	-2.710836453	-0.766672954	3.24559446879	-2.27268091093	0.213608450834	426
34	0.0	0.25	0.0	2.3994733579	-2.8495358681	-0.746386832343	2.69366632695	-2.50490579627	0.15785398122	427
34	0.0	0.5	0.0	1.7986767976	-2.9493783691	-0.734414705383	2.06866686135	-2.67402605642	0.0790917105008	428
34	0.0	0.75	0.0	1.18697515125	-3.02079579356	-0.728120458981	1.41323936283	-2.80839063818	0.0136128854141	429
34	0.0	1.0	0.0	0.607416861	-3.074219979	-0.724867979	0.770027122208	-2.9363484883	-0.0022912473038	430
34	0.25	0.0	0.0	2.93398762386	-2.60710054203	-0.438022281456	3.22500308334	-2.14312228803	0.668548649114	431
34	0.25	0.25	0.0	2.38145596198	-2.75570587352	-0.379895152127	2.68469759514	-2.39643154511	0.659484451186	432
34	0.25	0.5	0.0	1.76179847277	-2.85427964213	-0.310468317669	2.05199775188	-2.59166512988	0.623281779966	433
34	0.25	0.75	0.0	1.13338430506	-2.9105696341	-0.246897977119	1.38135253851	-2.73764965094	0.587903752217	434
34	0.25	1.0	0.0	0.55458260765	-2.93232363568	-0.206340329516	0.727210939984	-2.84321171684	0.581313484701	435
34	0.5	0.0	0.0	2.89055669351	-2.24722161552	-0.246531824877	3.12702816263	-1.77469602466	0.958448013324	436
34	0.5	0.25	0.0	2.31028618431	-2.42740718586	-0.119392673779	2.59475215502	-2.05233721165	1.02846787004	437
34	0.5	0.5	0.0	1.68514276146	-2.56697853201	0.050071253123	1.97608189571	-2.30512889689	1.0890738685	438
34	0.5	0.75	0.0	1.06105080517	-2.65922301397	0.212935706736	1.31486715286	-2.50609515776	1.14010204889	439
34	0.5	1.0	0.0	0.48393469564	-2.69742799173	0.320276437963	0.65495769468	-2.62826007162	1.18138845141	440
34	0.75	0.0	0.0	2.82804494365	-1.77437753101	-0.122279425109	2.99940030266	-1.3163408763	1.14110190089	441
34	0.75	0.25	0.0	2.2152768159	-1.9813673544	0.0707207211762	2.4620400384	-1.60450612479	1.29085402179	442
34	0.75	0.5	0.0	1.59309229477	-2.159730169	0.337933553747	1.8630579259	-1.89558912701	1.46064478255	443
34	0.75	0.75	0.0	0.982702669623	-2.29356854752	0.601659212533	1.22323567422	-2.14139764529	1.61781912036	444
34	0.75	1.0	0.0	0.40531922981	-2.36698506267	0.784197837461	0.563354992416	-2.29373944193	1.7297219724	445
34	1.0	0.0	0.0	2.758473719	-1.331746146	0.004657077	2.88985009944	-0.916995598423	1.27430566924	446
34	1.0	0.25	0.0	2.12574064776	-1.53431392845	0.226045151217	2.32477127706	-1.1848216134	1.47269269046	447
34	1.0	0.5	0.0	1.51002970381	-1.70478968335	0.543848130958	1.73506447551	-1.44421758981	1.72217132858	448
34	1.0	0.75	0.0	0.911067916456	-1.84041884907	0.869551160221	1.11591057089	-1.67122760019	1.96866631154	449
34	1.0	1.0	0.0	0.328582315	-1.938446864	1.114639383	0.462490439313	-1.84189571703	2.15810236727	450
35	0.0	0.0	0.0	4.844839995	-0.517931347	-0.365454566	4.94014739782	-0.0526466675317	0.858512286966	451
35	0.0	0.25	0.0	4.29232354556	-0.678541291472	-0.325226304672	4.37282896172	-0.177925655635	0.933523134635	452
35	0.0	0.5	0.0	3.77736988319	-0.894469914241	-0.23571197731	3.8485350796	-0.403228852019	1.03259315579	453
35	0.0	0.75	0.0	3.27455970772	-1.12558295314	-0.118541033543	3.35747303199	-0.669328188882	1.1485710881	454
35	0.0	1.0	0.0	2.758473719	-1.331746146	0.004657077	2.88985009944	-0.916995598423	1.27430566924	455
35	0.25	0.0	0.0	4.84069766032	-0.277924193679	-0.152693229998	4.96349299384	0.0971552903532	1.05458024696	456
35	0.25	0.25	0.0	4.27400782588	-0.398522351335	-0.10747935813	4.39595332407	0.0044072238835	1.11845414686	457
35	0.25	0.5	0.0	3.74004288801	-0.581267309036	-0.048105320643	3.84735168446	-0.169532529402	1.18966096264	458
35	0.25	0.75	0.0	3.22069932211	-0.783232390588	0.0250689310964	3.32040960137	-0.381280439948	1.27285933733	459
35	0.25	1.0	0.0	2.69787360356	-0.961490919797	0.111683445722	2.81784860116	-0.587452978195	1.37270791398	460
35	0.5	0.0	0.0	4.80437722628	-0.138153539213	0.0607602489703	4.93070533508	0.223457291901	1.25126769499	461
35	0.5	0.25	0.0	4.24586794031	-0.182632788965	0.0977958802063	4.37425045236	0.18088835162	1.30232789623	462
35	0.5	0.5	0.0	3.69869638839	-0.296685373532	0.112518620652	3.81455264441	0.074736915636	1.33708537803	463
35	0.5	0.75	0.0	3.1634432314	-0.437141185224	0.124695529839	3.26929830788	-0.0627178208477	1.37128728275	464
35	0.5	1.0	0.0	2.6406891302	-0.560830116346	0.154093667298	2.75617383937	-0.199196662627	1.42068075279	465
35	0.75	0.0	0.0	4.7621414006	0.000272955109945	0.237647125953	4.87025889576	0.401578469243	1.41574542335	466
35	0.75	0.25	0.0	4.21506937293	0.0242820762513	0.248617767844	4.32495917021	0.402914668322	1.44253329731	467
35	0.75	0.5	0.0	3.66197904346	-0.0215435331153	0.206399584831	3.76741774948	0.355388493482	1.42836913628	468
35	0.75	0.75	0.0	3.1152407454	-0.0988044452023	0.151221153573	3.22068631203	0.283574066954	1.4020576463	469
35	0.75	1.0	0.0	2.58722481199	-0.169101232222	0.123311050726	2.70781653636	0.212045510973	1.39240353345	470
35	1.0	0.0	0.0	4.740252891	0.236247628	0.340708656	4.81062815008	0.706837954514	1.51518422431	471
35	1.0	0.25	0.0	4.1887776078	0.277376924925	0.303004662289	4.26531830126	0.721883114738	1.49645926467	472
35	1.0	0.5	0.0	3.63853951235	0.26333878683	0.19377731015	3.72322678967	0.69823121452	1.41701497171	473
35	1.0	0.75	0.0	3.08854117397	0.22028272132	0.075528193186	3.19112077436	0.654809621994	1.32337314991	474
35	1.0	1.0	0.0	2.537785162	0.174358236	0.010758905	2.67576741439	0.610545705293	1.26205560376	475
36	0.0	0.0	0.0	2.758473719	-1.331746146	0.004657077	2.88985009944	-0.916995598423	1.27430566924	476
36	0.0	0.25	0.0	2.12574064776	-1.53431392845	0.226045151217	2.32477127706	-1.1848216134	1.47269269046	477
36	0.0	0.5	0.0	1.51002970381	-1.70478968335	0.543848130958	1.73506447551	-1.44421758981	1.72217132858	478
36	0.0	0.75	0.0	0.911067916456	-1.84041884907	0.869551160221	1.11591057089	-1.67122760019	1.96866631154	479
36	0.0	1.0	0.0	0.328582315	-1.938446864	1.114639383	0.462490439313	-1.84189571703	2.15810236727	480
36	0.25	0.0	0.0	2.69787360356	-0.961490919797	0.111683445722	2.81784860116	-0.587452978195	1.37270791398	481
36	0.25	0.25	0.0	2.07693908178	-1.12996529211	0.303911471781	2.2366444091	-0.806223704087	1.56008354839	482
36	0.25	0.5	0.0	1.46852437125	-1.27217384238	0.597959866341	1.64287367508	-1.00461913457	1.81596851613	483
36	0.25	0.75	0.0	0.876730784267	-1.3916347112	0.909887588412	1.03191180502	-1.17708780107	2.07869079029	484
36	0.25	1.0	0.0	0.305659633167	-1.49186603918	1.155753597	0.399134204865	-1.31807823501	2.28657834394	485
36	0.5	0.0	0.0	2.6406891302	-0.560830116346	0.154093667298	2.75617383937	-0.199196662627	1.42068075279	486
36	0.5	0.25	0.0	2.05278202333	-0.693250359835	0.278501925922	2.18991012389	-0.364133343455	1.54938637293	487
36	0.5	0.5	0.0	1.45569220653	-0.837260306212	0.491891384772	1.59491309586	-0.538375376529	1.74438909775	488
36	0.5	0.75	0.0	0.875149499652	-0.969754522226	0.723268435084	0.98898140413	-0.684845260605	1.94661910957	489
36	0.5	1.0	0.0	0.336883722555	-1.06762757463	0.901639468093	0.389913697502	-0.766465494436	2.09700659073	490
36	0.75	0.0	0.0	2.58722481199	-0.169101232222	0.123311050726	2.70781653636	0.212045510973	1.39240353345	491
36	0.75	0.25	0.0	2.02695743029	-0.266795309379	0.171659011719	2.16506381328	0.097647230182	1.44586685319	492
36	0.75	0.5	0.0	1.44311826753	-0.40922925599	0.279951046531	1.57700058865	-0.0592210794043	1.55117444918	493
36	0.75	0.75	0.0	0.874635650102	-0.549715248289	0.400950338043	0.979338572397	-0.190445142935	1.66312490847	494
36	0.75	1.0	0.0	0.360437904415	-0.641565462512	0.487420069136	0.407789474414	-0.22791068556	1.73651681809	495
36	1.0	0.0	0.0	2.537785162	0.174358236	0.010758905	2.67576741439	0.610545705293	1.26205560376	496
36	1.0	0.25	0.0	1.97315326056	0.106773681495	0.00522522725304	2.14260086914	0.535315778505	1.25479067824	497
36	1.0	0.5	0.0	1.40238761211	0.00273912715659	0.0164472118982	1.57495400423	0.419108993086	1.28006594616	498
36	1.0	0.75	0.0	0.843500823105	-0.10645385551	0.0341899350942	0.995202513998	0.310167387787	1.31888182605	499
36	1.0	1.0	0.0	0.3145055	-0.189513695	0.048218473	0.425722092788	0.256733001362	1.35223873646	500
41	0.0	0.0	0.0	4.740252891	0.236247628	0.340708656	4.81062815008	0.706837954514	1.51518422431	501
41	0.0	0.25	0.0	4.1887776078	0.277376924925	0.303004662289	4.26531830126	0.721883114738	1.49645926467	502
41	0.0	0.5	0.0	3.63853951235	0.26333878683	0.19377731015	3.72322678967	0.69823121452	1.41701497171	503
41	0.0	0.75	0.0	3.08854117397	0.22028272132	0.075528193186	3.19112077436	0.654809621994	1.32337314991	504
41	0.0	1.0	0.0	2.537785162	0.174358236	0.010758905	2.67576741439	0.610545705293	1.26205560376	505
41	0.25	0.0	0.0	4.76105862023	0.394528508945	0.322086409643	4.80819478763	0.930860446925	1.48543124542	506
41	0.25	0.25	0.0	4.19791606044	0.417993981068	0.274795573003	4.25419476397	0.928491212439	1.45753047141	507
41	0.25	0.5	0.0	3.63553968897	0.384799538246	0.161741584763	3.70734790733	0.869551764035	1.37546208326	508
41	0.25	0.75	0.0	3.07661062358	0.324802964129	0.0417820340389	3.17508793974	0.789847183943	1.28022449105	509
41	0.25	1.0	0.0	2.52380998206	0.267862042366	-0.0262254900506	2.66484858323	0.725182554391	1.21281610486	510
41	0.5	0.0	0.0	4.8097332522	0.502931577249	0.227133033186	4.83995815651	1.12441157178	1.36414555811	511
41	0.5	0.25	0.0	4.23745546164	0.524397714424	0.196001644966	4.27562855898	1.11597089784	1.35128208379	512
41	0.5	0.5	0.0	3.64526318706	0.494457387943	0.108893717138	3.70437279794	1.03886801135	1.29774606018	513
41	0.5	0.75	0.0	3.06072389494	0.435792502655	0.00988307712543	3.15338980226	0.936102901646	1.22750389685	514
41	0.5	1.0	0.0	2.51140505176	0.371084963411	-0.056956447647	2.64987850086	0.850675558022	1.16452200339	515
41	0.75	0.0	0.0	4.86023203806	0.594605876679	0.0957788603854	4.87328678788	1.2923461207	1.20596918142	516
41	0.75	0.25	0.0	4.28113731381	0.614852600942	0.0863704449481	4.30068508601	1.28164725916	1.21237697478	517
41	0.75	0.5	0.0	3.66153772073	0.597864493123	0.0354145899398	3.70795079876	1.20074009641	1.19349054696	518
41	0.75	0.75	0.0	3.05240054462	0.550078107474	-0.0327351181095	3.1390894668	1.08805771284	1.15562467826	519
41	0.75	1.0	0.0	2.50469307134	0.47792999825	-0.0937250926698	2.63810663077	0.982033188815	1.10509414897	520
41	1.0	0.0	0.0	4.886510229	0.702700451	-0.032045775	4.87554921287	1.43951888528	1.0655441344	521
41	1.0	0.25	0.0	4.30270311935	0.707623116574	-0.0343504602764	4.30042974475	1.42284538463	1.07547801738	522
41	1.0	0.5	0.0	3.67819100404	0.70057301099	-0.058514914165	3.71173124707	1.34972815914	1.07231918812	523
41	1.0	0.75	0.0	3.06316012922	0.664486549161	-0.0986389922211	3.14525003819	1.24019255526	1.0550001462	524
41	1.0	1.0	0.0	2.507796741	0.582300146	-0.14882255	2.63678243648	1.1142639194	1.0224533912	525
42	0.0	0.0	0.0	2.537785162	0.174358236	0.010758905	2.67576741439	0.610545705293	1.26205560376	526
42	0.0	0.25	0.0	1.97315326056	0.106773681495	0.00522522725304	2.14260086914	0.535315778505	1.25479067824	527
42	0.0	0.5	0.0	1.40238761211	0.00273912715659	0.0164472118982	1.57495400423	0.419108993086	1.28006594616	528
42	0.0	0.75	0.0	0.843500823105	-0.10645385551	0.0341899350942	0.995202513998	0.310167387787	1.31888182605	529
42	0.0	1.0	0.0	0.3145055	-0.189513695	0.048218473	0.425722092788	0.256733001362	1.35223873646	530
42	0.25	0.0	0.0	2.52380998206	0.267862042366	-0.0262254900506	2.66484858323	0.725182554391	1.21281610486	531
42	0.25	0.25	0.0	1.95962774629	0.198365791014	-0.0463230636432	2.14083541656	0.651324633375	1.19336756464	532
42	0.25	0.5	0.0	1.38363341077	0.100875921945	-0.060073157369	1.58084886046	0.545495476525	1.2065607253	533
42	0.25	0.75	0.0	0.816899604376	0.00527126478535	-0.0647836931716	1.00611927885	0.445490473857	1.24010137245	534
42	0.25	1.0	0.0	0.280498955946	-0.0585693508386	-0.057762592995	0.437877035653	0.389105015387	1.2816952917	535
42	0.5	0.0	0.0	2.51140505176	0.371084963411	-0.056956447647	2.64987850086	0.850675558022	1.16452200339	536
42	0.5	0.25	0.0	1.95744235618	0.285144754724	-0.0953210693565	2.14511408789	0.764158368146	1.13687259798	537
42	0.5	0.5	0.0	1.36632620351	0.175040754454	-0.130812212157	1.59037456103	0.65386167585	1.14884194201	538
42	0.5	0.75	0.0	0.781231399093	0.0831989954176	-0.151076377663	1.0169497501	0.557897951662	1.18985067177	539
42	0.5	1.0	0.0	0.245332748249	0.0520455104313	-0.143760067487	0.456129484938	0.514379666111	1.2493194235	540
42	0.75	0.0	0.0	2.50469307134	0.47792999825	-0.0937250926698	2.63810663077	0.982033188815	1.10509414897	541
42	0.75	0.25	0.0	1.95923660607	0.375551941483	-0.149689893504	2.14731585282	0.879071685289	1.07319950758	542
42	0.75	0.5	0.0	1.35357266412	0.260122694923	-0.207174813115	1.59523828439	0.768094977175	1.08158067209	543
42	0.75	0.75	0.0	0.750615942556	0.175980440273	-0.246335096957	1.02047890626	0.680012879755	1.12418117575	544
42	0.75	1.0	0.0	0.213281138427	0.167463359236	-0.247325990486	0.4616426992	0.645735208308	1.1949445518	545
42	1.0	0.0	0.0	2.507796741	0.582300146	-0.14882255	2.63678243648	1.1142639194	1.0224533912	546
42	1.0	0.25	0.0	1.9576500118	0.478028720146	-0.217350639702	2.13931968104	1.00131928727	0.990242022741	547
42	1.0	0.5	0.0	1.34847946641	0.391010813591	-0.300565820888	1.58714720898	0.912082766617	0.979447991325	548
42	1.0	0.75	0.0	0.739172970066	0.33226670324	-0.37220682963	1.00949172581	0.84445831669	0.999144336166	549
42	1.0	1.0	0.0	0.188618388	0.312816666	-0.406012402	0.435579936998	0.796349896751	1.05840409648	550
43	0.0	0.0	0.0	4.886510229	0.702700451	-0.032045775	4.87554921287	1.43951888528	1.0655441344	551
43	0.0	0.25	0.0	4.30270311935	0.707623116574	-0.0343504602764	4.30042974475	1.42284538463	1.07547801738	552
43	0.0	0.5	0.0	3.67819100404	0.70057301099	-0.058514914165	3.71173124707	1.34972815914	1.07231918812	553
43	0.0	0.75	0.0	3.06316012922	0.664486549161	-0.0986389922211	3.14525003819	1.24019255526	1.0550001462	554
43	0.0	1.0	0.0	2.507796741	0.582300146	-0.14882255	2.63678243648	1.1142639194	1.0224533912	555
43	0.25	0.0	0.0	4.89277803882	0.815530781697	-0.145204011085	4.86564593609	1.5741535884	0.941416429755	556
43	0.25	0.25	0.0	4.3068851797	0.81179824691	-0.156136631901	4.29290062126	1.55892204839	0.93206316673	557
43	0.25	0.5	0.0	3.69451013752	0.820901948753	-0.177311902977	3.71977949254	1.51090010165	0.909680725039	558
43	0.25	0.75	0.0	3.08980738436	0.803581071153	-0.207377040063	3.16570251106	1.42446031095	0.8854159359	559
43	0.25	1.0	0.0	2.52693139228	0.720574798041	-0.244979258912	2.65008963795	1.29397523909	0.870415630533	560
43	0.5	0.0	0.0	4.89935609188	0.911301245467	-0.272578495014	4.87227695343	1.70794681917	0.783728130722	561
43	0.5	0.25	0.0	4.30914576869	0.908017545013	-0.288041179802	4.29800734876	1.69246717171	0.757006849974	562
43	0.5	0.5	0.0	3.70059856404	0.920195453968	-0.305866515379	3.72256307045	1.64856269902	0.721642811262	563
43	0.5	0.75	0.0	3.10509068787	0.910549875468	-0.325342853448	3.17100669528	1.57116076853	0.694819394492	564
43	0.5	1.0	0.0	2.55399835013	0.841795712651	-0.345758545711	2.66840080004	1.45518874767	0.693719979575	565
43	0.75	0.0	0.0	4.90296873275	0.975576584504	-0.405568074935	4.88365678526	1.81573082087	0.603364481557	566
43	0.75	0.25	0.0	4.31040037004	0.978716895451	-0.425321068539	4.30808861318	1.80525636851	0.561648952535	567
43	0.75	0.5	0.0	3.70464037373	0.990658379839	-0.441601607339	3.72759772084	1.75903670255	0.518608352776	568
43	0.75	0.75	0.0	3.11809769021	0.984434424231	-0.453146208866	3.17572443784	1.68347990461	0.491086273701	569
43	0.75	1.0	0.0	2.58318126592	0.933078415186	-0.458691390653	2.68600909378	1.58499405634	0.495926306735	570
43	1.0	0.0	0.0	4.900340306	0.993921541	-0.535571599	4.88799995194	1.87233783679	0.411210726517	571
43	1.0	0.25	0.0	4.31156446749	1.00633218279	-0.563233262675	4.31548310046	1.87906525272	0.357329359838	572
43	1.0	0.5	0.0	3.71481965671	1.02449557957	-0.581940034822	3.74239918378	1.83864286352	0.31098025557	573
43	1.0	0.75	0.0	3.13791604182	1.02427617957	-0.591396882808	3.19441758573	1.76460369584	0.282092325253	574
43	1.0	1.0	0.0	2.608663791	0.981538431	-0.591308774	2.69720769018	1.67048077634	0.280594480424	575
44	0.0	0.0	0.0	2.507796741	0.582300146	-0.14882255	2.63678243648	1.1142639194	1.0224533912	576
44	0.0	0.25	0.0	1.9576500118	0.478028720146	-0.217350639702	2.13931968104	1.00131928727	0.990242022741	577
44	0.0	0.5	0.0	1.34847946641	0.391010813591	-0.300565820888	1.58714720898	0.912082766617	0.979447991325	578
44	0.0	0.75	0.0	0.739172970066	0.33226670324	-0.37220682963	1.00949172581	0.84445831669	0.999144336166	579
44	0.0	1.0	0.0	0.188618388	0.312816666	-0.406012402	0.435579936998	0.796349896751	1.05840409648	580
44	0.25	0.0	0.0	2.52693139228	0.720574798041	-0.244979258912	2.65008963795	1.29397523909	0.870415630533	581
44	0.25	0.25	0.0	1.96556327317	0.633515902013	-0.306877095675	2.13464347524	1.18300413075	0.852392744653	582
44	0.25	0.5	0.0	1.3605332237	0.60140329101	-0.394728033599	1.57184123965	1.12840873541	0.827818110186	583
44	0.25	0.75	0.0	0.750133949739	0.585205631845	-0.482451309776	0.978773263999	1.0893351336	0.822452929695	584
44	0.25	1.0	0.0	0.172658157147	0.545891591334	-0.543966161297	0.372529881149	1.02492940586	0.862058405742	585
44	0.5	0.0	0.0	2.55399835013	0.841795712651	-0.345758545711	2.66840080004	1.45518874767	0.693719979575	586
44	0.5	0.25	0.0	1.99536942809	0.781354692481	-0.38188404387	2.15124478004	1.36112965256	0.696123312166	587
44	0.5	0.5	0.0	1.39039330227	0.786536389058	-0.438192302461	1.56800240164	1.32543823773	0.684219451653	588
44	0.5	0.75	0.0	0.77220573439	0.804277524401	-0.496982943957	0.947205635999	1.30578045622	0.684354182616	589
44	0.5	1.0	0.0	0.173942486185	0.78151482053	-0.540555590835	0.317386454258	1.25982226111	0.72287328963	590
44	0.75	0.0	0.0	2.58318126592	0.933078415186	-0.458691390653	2.68600909378	1.58499405634	0.495926306735	591
44	0.75	0.25	0.0	2.03002014717	0.897539727961	-0.469199738237	2.1677473713	1.50948076981	0.509590855267	592
44	0.75	0.5	0.0	1.42316542781	0.92656097138	-0.49118652615	1.56566883105	1.48360892906	0.509621962626	593
44	0.75	0.75	0.0	0.798299004935	0.968741470708	-0.515709588765	0.923801233123	1.4765676274	0.517784650398	594
44	0.75	1.0	0.0	0.19110277563	0.97268055121	-0.533826760455	0.286172337587	1.45754595813	0.555843940166	595
44	1.0	0.0	0.0	2.608663791	0.981538431	-0.591308774	2.69720769018	1.67048077634	0.280594480424	596
44	1.0	0.25	0.0	2.05246710102	0.958065644866	-0.595652432728	2.16277502487	1.60184239963	0.280952503943	597
44	1.0	0.5	0.0	1.44395532604	1.00162790162	-0.613938603345	1.55487866394	1.58335846492	0.264995590004	598
44	1.0	0.75	0.0	0.821324442291	1.05785656056	-0.638539100789	0.917572446685	1.58446998997	0.255680888511	599
44	1.0	1.0	0.0	0.222770426	1.072382981	-0.66182574	0.294910212396	1.57461799256	0.275965549373	600
49	0.0	0.0	0.0	6.540369552	-0.215200002	-0.541984	6.52609640482	0.561356413385	0.324759550812	601
49	0.0	0.25	0.0	6.3764688322	0.286226336365	-0.506273205527	6.36033468929	1.12083612778	0.378119701897	602
49	0.0	0.5	0.0	5.98929153054	0.666656089319	-0.49752337543	5.97021679418	1.52077944805	0.421050185713	603
49	0.0	0.75	0.0	5.46764592811	0.908438182364	-0.509400757368	5.44851459117	1.76875660684	0.437448146005	604
49	0.0	1.0	0.0	4.900340306	0.993921541	-0.535571599	4.88799995194	1.87233783679	0.411210726517	605
49	0.25	0.0	0.0	6.54096064544	-0.215052222641	-0.556025482802	6.53382857454	0.562562590602	0.307516889466	606
49	0.25	0.25	0.0	6.37385668596	0.277075529203	-0.590157858656	6.36605523206	1.10965130026	0.262489930891	607
49	0.25	0.5	0.0	5.98079871618	0.641411871401	-0.619205374278	5.97283883045	1.50332455717	0.248792802266	608
49	0.25	0.75	0.0	5.45671809	0.868092735097	-0.649392823809	5.45188529938	1.75321983296	0.233225619264	609
49	0.25	1.0	0.0	4.8965461613	0.947254051434	-0.686945001388	4.9009005685	1.86897459922	0.182588497557	610
49	0.5	0.0	0.0	6.542261051	-0.217204876373	-0.569877523235	6.55083934793	0.562738412158	0.286622256238	611
49	0.5	0.25	0.0	6.3703026107	0.25011577749	-0.673654946832	6.37850041117	1.07463983171	0.156971735435	612
49	0.5	0.5	0.0	5.96896923638	0.58840976023	-0.743824047263	5.97898297597	1.45760639332	0.0924812687944	613
49	0.5	0.75	0.0	5.4437430407	0.792410300427	-0.794919900266	5.46220529769	1.70733320726	0.0452734059635	614
49	0.5	1.0	0.0	4.90010613631	0.856850626663	-0.841477581574	4.93808563171	1.81951538383	-0.0325293034127	615
49	0.75	0.0	0.0	6.54356145656	-0.221575591667	-0.5831970523	6.56785012132	0.560696172151	0.266260134378	616
49	0.75	0.25	0.0	6.36725215455	0.214382290764	-0.756467089134	6.39344012246	1.02685415819	0.0608313991214	617
49	0.75	0.5	0.0	5.95892645159	0.528492787617	-0.872376290571	5.99271434939	1.39742612618	-0.0536244011393	618
49	0.75	0.75	0.0	5.43413725239	0.713624353572	-0.950118563666	5.48407873745	1.64635734158	-0.134310356133	619
49	0.75	1.0	0.0	4.90843746166	0.762645443311	-1.00888781547	4.98593922201	1.74759306986	-0.238429555588	620
49	1.0	0.0	0.0	6.54415255	-0.228081997	-0.595641001	6.57558229104	0.555248164677	0.250615007135	621
49	1.0	0.25	0.0	6.36615086565	0.178910278563	-0.838296904644	6.40664426176	0.977346715707	-0.0266647944548	622
49	1.0	0.5	0.0	5.95579372225	0.482503985374	-1.00585900039	6.01809806936	1.33658492545	-0.195264193973	623
49	1.0	0.75	0.0	5.43331719722	0.663968369747	-1.11912539093	5.52210977	1.58555284778	-0.313427529263	624
49	1.0	1.0	0.0	4.918957368	0.704572678	-1.198894179	5.03084541982	1.67684053656	-0.439399138168	625
50	0.0	0.0	0.0	6.54415255	-0.228081997	-0.595641001	6.57558229104	0.555248164677	0.250615007135	626
50	0.0	0.25	0.0	6.36615086565	0.178910278563	-0.838296904644	6.40664426176	0.977346715707	-0.0266647944548	627
50	0.0	0.5	0.0	5.95579372225	0.482503985374	-1.00585900039	6.01809806936	1.33658492545	-0.195264193973	628
50	0.0	0.75	0.0	5.43331719722	0.663968369747	-1.11912539093	5.52210977	1.58555284778	-0.313427529263	629
50	0.0	1.0	0.0	4.918957368	0.704572678	-1.198894179	5.03084541982	1.67684053656	-0.439399138168	630
50	0.25	0.0	0.0	6.54861503656	-0.237266736608	-0.608147712495	6.58555201431	0.542556691481	0.233051045635	631
50	0.25	0.25	0.0	6.37114217313	0.143977284877	-0.924574313356	6.42272823688	0.929494620049	-0.124126501391	632
50	0.25	0.5	0.0	5.96145772546	0.452945129234	-1.13734314037	6.04603189068	1.28432315713	-0.344634096858	633
50	0.25	0.75	0.0	5.43632341033	0.655284823475	-1.27865180127	5.55578595769	1.54643225624	-0.493028342964	634
50	0.25	1.0	0.0	4.91250094454	0.716644394616	-1.38069790377	5.05231341989	1.65521187088	-0.633865841907	635
50	0.5	0.0	0.0	6.558432507	-0.247404541577	-0.617805531567	6.60748540549	0.524704072619	0.212267276551	636
50	0.5	0.25	0.0	6.38152117047	0.107602614106	-1.00410124115	6.44559737162	0.88199025167	-0.229208780973	637
50	0.5	0.5	0.0	5.97079217413	0.424907140868	-1.25890144922	6.06996496112	1.23415284627	-0.504897165315	638
50	0.5	0.75	0.0	5.43510938939	0.659059252142	-1.42696980725	5.57449206219	1.51696833279	-0.686497027532	639
50	0.5	1.0	0.0	4.88333668767	0.764609161363	-1.55306996672	5.05308256303	1.66621318761	-0.84570751868	640
50	0.75	0.0	0.0	6.56824997744	-0.259280075007	-0.625223085355	6.62941879667	0.505113725296	0.19372377275	641
50	0.75	0.25	0.0	6.39124875888	0.0586617938419	-1.07235721975	6.46623811961	0.818392598242	-0.331404899458	642
50	0.75	0.5	0.0	5.97764378985	0.38100871172	-1.36453316717	6.08690471297	1.1647830506	-0.66124566893	643
50	0.75	0.75	0.0	5.42864576243	0.646746248843	-1.55630874592	5.58184417566	1.46942673946	-0.874801085917	644
50	0.75	1.0	0.0	4.84546536873	0.794859975429	-1.70224177431	5.0414821066	1.65746532193	-1.05107370067	645
50	1.0	0.0	0.0	6.572712464	-0.273678	-0.631009001	6.63938851994	0.487209066716	0.1828806071	646
50	1.0	0.25	0.0	6.39428583958	-0.0139696483214	-1.12482178085	6.4756369345	0.722260647432	-0.420208123102	647
50	1.0	0.5	0.0	5.97585929421	0.303868533236	-1.44823753443	6.09385857852	1.05492282785	-0.798871877286	648
50	1.0	0.75	0.0	5.41590315749	0.589800406675	-1.6588979543	5.58145839025	1.37607313828	-1.03890802107	649
50	1.0	1.0	0.0	4.812887759	0.753789834	-1.814444733	5.02584130792	1.57658910899	-1.22611392006	650
53	0.0	0.0	0.0	6.572712464	-0.273678	-0.631009001	6.63938851994	0.487209066716	0.1828806071	651
53	0.0	0.25	0.0	6.39428583958	-0.0139696483214	-1.12482178085	6.4756369345	0.722260647432	-0.420208123102	652
53	0.0	0.5	0.0	5.97585929421	0.303868533236	-1.44823753443	6.09385857852	1.05492282785	-0.798871877286	653
53	0.0	0.75	0.0	5.41590315749	0.589800406675	-1.6588979543	5.58145839025	1.37607313828	-1.03890802107	654
53	0.0	1.0	0.0	4.812887759	0.753789834	-1.814444733	5.02584130792	1.57658910899	-1.22611392006	655
53	0.25	0.0	0.0	6.56550890478	-0.296710726411	-0.635976792491	6.63909714531	0.466899183931	0.173198200972	656
53	0.25	0.25	0.0	6.3825037743	-0.159172796776	-1.16078954851	6.47324548133	0.527017219232	-0.494708153174	657
53	0.25	0.5	0.0	5.95464075963	0.0985469997891	-1.51626758898	6.08639071898	0.777727113554	-0.949962774055	658
53	0.25	0.75	0.0	5.38813971289	0.354759237998	-1.74975657744	5.56907448963	1.06144476836	-1.25308242498	659
53	0.25	1.0	0.0	4.78922048623	0.487774492566	-1.90860217742	5.01183842463	1.2205860851	-1.46458386926	660
53	0.5	0.0	0.0	6.5496610745	-0.317581662622	-0.634900552622	6.63845612111	0.452018503699	0.163902288639	661
53	0.5	0.25	0.0	6.36312026987	-0.30669473038	-1.1335187409	6.46717416366	0.33501658516	-0.468094538553	662
53	0.5	0.5	0.0	5.93077103879	-0.146388362096	-1.47773049085	6.07141090169	0.46287449927	-0.958254421934	663
53	0.5	0.75	0.0	5.37186573916	0.0419113809825	-1.70641901046	5.55663283441	0.667163972497	-1.31617539385	664
53	0.5	1.0	0.0	4.8056567289	0.136778437607	-1.85846750772	5.02830646106	0.779456731312	-1.55145548665	665
53	0.75	0.0	0.0	6.53381324422	-0.337163517771	-0.627599536192	6.63781509691	0.438426904527	0.160831152867	666
53	0.75	0.25	0.0	6.34546126175	-0.447021512175	-1.06433107874	6.46413447202	0.169827796306	-0.368325747172	667
53	0.75	0.5	0.0	5.91221274094	-0.391643304183	-1.37654512401	6.06630457354	0.168311458109	-0.856775427872	668
53	0.75	0.75	0.0	5.36449279612	-0.282255886831	-1.59033924124	5.5618573402	0.276997836925	-1.25409745461	669
53	0.75	1.0	0.0	4.83272654162	-0.230086253155	-1.73181099965	5.06832471073	0.339006879741	-1.50987139276	670
53	1.0	0.0	0.0	6.526609685	-0.356329001	-0.613892998	6.63752372228	0.421984264925	0.169823076422	671
53	1.0	0.25	0.0	6.33885268542	-0.570639205202	-0.974548282705	6.47083789692	0.05501990376	-0.223360246968	672
53	1.0	0.5	0.0	5.90692847535	-0.597923578235	-1.25663037243	6.08845718146	-0.0480155368223	-0.678554398819	673
53	1.0	0.75	0.0	5.36343244361	-0.5512552879	-1.46297125769	5.60247192263	-0.0252865521411	-1.09275913418	674
53	1.0	1.0	0.0	4.840959979	-0.543707502	-1.596402929	5.12497246716	-0.0149576375158	-1.36297420811	675
54	0.0	0.0	0.0	6.526609685	-0.356329001	-0.613892998	6.63752372228	0.421984264925	0.169823076422	676
54	0.0	0.25	0.0	6.33885268542	-0.570639205202	-0.974548282705	6.47083789692	0.05501990376	-0.223360246968	677
54	0.0	0.5	0.0	5.90692847535	-0.597923578235	-1.25663037243	6.08845718146	-0.0480155368223	-0.678554398819	678
54	0.0	0.75	0.0	5.36343244361	-0.5512552879	-1.46297125769	5.60247192263	-0.0252865521411	-1.09275913418	679
54	0.0	1.0	0.0	4.840959979	-0.543707502	-1.596402929	5.12497246716	-0.0149576375158	-1.36297420811	680
54	0.25	0.0	0.0	6.52575384813	-0.369242982347	-0.599479870232	6.6404254835	0.398947150696	0.192115476524	681
54	0.25	0.25	0.0	6.3444929245	-0.6671881324	-0.890871089164	6.4856572192	-0.0184315017049	-0.0859144072884	682
54	0.25	0.5	0.0	5.92611208518	-0.786967270094	-1.14201443053	6.12847411065	-0.225409686142	-0.460514299293	683
54	0.25	0.75	0.0	5.39532558042	-0.828205190796	-1.33754396299	5.66617003728	-0.313529807333	-0.824674552292	684
54	0.25	1.0	0.0	4.8768476605	-0.890526689871	-1.46209375522	5.19603887852	-0.374334269995	-1.07138551909	685
54	0.5	0.0	0.0	6.523871007	-0.3785720605	-0.582545652599	6.64680935818	0.367347180203	0.226384093292	686
54	0.5	0.25	0.0	6.35386724921	-0.752696006947	-0.792113617562	6.49821863971	-0.081792734202	0.064645199445	687
54	0.5	0.5	0.0	5.96197697363	-0.979532750909	-1.00207126142	6.15605958308	-0.399808228897	-0.196162359954	688
54	0.5	0.75	0.0	5.46299747224	-1.12884972243	-1.18101521178	5.71336763174	-0.614140544914	-0.466832656928	689
54	0.5	1.0	0.0	4.97172603701	-1.27041435154	-1.29754209628	5.26317822913	-0.752230923285	-0.658159763503	690
54	0.75	0.0	0.0	6.52198816588	-0.383949858653	-0.563974758167	6.65319323285	0.33969848971	0.26228938686	691
54	0.75	0.25	0.0	6.36201333342	-0.80767370979	-0.680490463633	6.50558948359	-0.122763634695	0.225205064058	692
54	0.75	0.5	0.0	5.99486325738	-1.11567817702	-0.832698228203	6.16827719188	-0.516472880825	0.0927084881449	693
54	0.75	0.75	0.0	5.52838126206	-1.35081530895	-0.978793166824	5.73818648419	-0.822299388488	-0.0675948370821	694
54	0.75	1.0	0.0	5.07041067177	-1.55593715418	-1.07697039444	5.31224748699	-1.02111329749	-0.188099407824	695
54	1.0	0.0	0.0	6.521132329	-0.38501	-0.5446516	6.65609499407	0.328515215481	0.289491817361	696
54	1.0	0.25	0.0	6.36396885104	-0.812632121876	-0.558216223111	6.50483707602	-0.129044044148	0.392651677378	697
54	1.0	0.5	0.0	6.00511105312	-1.13546170476	-0.629792693994	6.1621905302	-0.520665357666	0.384305313948	698
54	1.0	0.75	0.0	5.55341009289	-1.39172837651	-0.716285990879	5.73474837284	-0.833186961663	0.324677518256	699
54	1.0	1.0	0.0	5.117717128	-1.619661765	-0.774601092	5.32910362012	-1.05344709273	0.273993081482	700
57	0.0	0.0	0.0	6.521132329	-0.38501	-0.5446516	6.65609499407	0.328515215481	0.289491817361	701
57	0.0	0.25	0.0	6.36396885104	-0.812632121876	-0.558216223111	6.50483707602	-0.129044044148	0.392651677378	702
57	0.0	0.5	0.0	6.00511105312	-1.13546170476	-0.629792693994	6.1621905302	-0.520665357666	0.384305313948	703
57	0.0	0.75	0.0	5.55341009289	-1.39172837651	-0.716285990879	5.73474837284	-0.833186961663	0.324677518256	704
57	0.0	1.0	0.0	5.117717128	-1.619661765	-0.774601092	5.32910362012	-1.05344709273	0.273993081482	705
57	0.25	0.0	0.0	6.52048862259	-0.381732291189	-0.526259639341	6.65111385708	0.329549989247	0.313584481883	706
57	0.25	0.25	0.0	6.3559604784	-0.774058730018	-0.458866124377	6.49016566301	-0.0954732961795	0.521463101554	707
57	0.25	0.5	0.0	5.98061969267	-1.05519872185	-0.484724343362	6.12497125723	-0.428768307336	0.57365455299	708
57	0.25	0.75	0.0	5.5130876508	-1.27340030564	-0.546422236657	5.67326181957	-0.68460222369	0.550790239313	709
57	0.25	1.0	0.0	5.07198573821	-1.47691152034	-0.586547744624	5.25276852981	-0.877242224708	0.533501563641	710
57	0.5	0.0	0.0	6.5190724685	-0.37453492969	-0.509023992051	6.64015535571	0.331812893649	0.343361677672	711
57	0.5	0.25	0.0	6.34248705641	-0.708586915484	-0.384885629179	6.46534385822	-0.026039448998	0.609147088424	712
57	0.5	0.5	0.0	5.93827581127	-0.921178935227	-0.40629910331	6.06451884278	-0.28585157511	0.675273453566	713
57	0.5	0.75	0.0	5.43726373414	-1.07274565663	-0.486674360545	5.56560203926	-0.472242123399	0.650120782236	714
57	0.5	1.0	0.0	4.9702758261	-1.22372174739	-0.539421346987	5.09651517757	-0.609829732578	0.642069083576	715
57	0.75	0.0	0.0	6.51765631441	-0.363839353346	-0.493711498486	6.62919685434	0.337574012895	0.371215719736	716
57	0.75	0.25	0.0	6.33230330896	-0.619937768003	-0.320985114563	6.44440983563	0.0675455467536	0.679735762218	717
57	0.75	0.5	0.0	5.90532002759	-0.740889441121	-0.34164095473	6.01617896294	-0.114384804923	0.752632888866	718
57	0.75	0.75	0.0	5.37360763144	-0.805623576698	-0.441803739743	5.47698707012	-0.233235704471	0.720199601974	719
57	0.75	1.0	0.0	4.87406728169	-0.893069378736	-0.507598190357	4.95931699103	-0.314025814224	0.712728403835	720
57	1.0	0.0	0.0	6.517012608	-0.350067	-0.481088999	6.62421571735	0.349103431196	0.389538923085	721
57	1.0	0.25	0.0	6.33416395991	-0.511832377307	-0.251874957572	6.44140176917	0.173569740433	0.757261247166	722
57	1.0	0.5	0.0	5.90899296027	-0.521817335756	-0.237873878513	6.01529729382	0.0631623592861	0.869203732085	723
57	1.0	0.75	0.0	5.36978863123	-0.487893213078	-0.316571751447	5.47263495035	-0.0047120105877	0.858557153475	724
57	1.0	1.0	0.0	4.844839995	-0.517931347	-0.365454566	4.94014739782	-0.0526466675317	0.858512286966	725
58	0.0	0.0	0.0	6.517012608	-0.350067	-0.481088999	6.62421571735	0.349103431196	0.389538923085	726
58	0.0	0.25	0.0	6.33416395991	-0.511832377307	-0.251874957572	6.44140176917	0.173569740433	0.757261247166	727
58	0.0	0.5	0.0	5.90899296027	-0.521817335756	-0.237873878513	6.01529729382	0.0631623592861	0.869203732085	728
58	0.0	0.75	0.0	5.36978863123	-0.487893213078	-0.316571751447	5.47263495035	-0.0047120105877	0.858557153475	729
58	0.0	1.0	0.0	4.844839995	-0.517931347	-0.365454566	4.94014739782	-0.0526466675317	0.858512286966	730
58	0.25	0.0	0.0	6.51897359066	-0.333726043788	-0.471780414133	6.61610098132	0.374943444259	0.402447086946	731
58	0.25	0.25	0.0	6.33878651091	-0.418637154232	-0.178718908415	6.43793356944	0.261172017748	0.83578074437	732
58	0.25	0.5	0.0	5.91814203345	-0.369641421862	-0.107130343624	6.02279420034	0.183273677436	1.00553400496	733
58	0.25	0.75	0.0	5.37834435201	-0.288737537928	-0.138095018055	5.49115622486	0.131763182058	1.03677709655	734
58	0.25	1.0	0.0	4.84069766032	-0.277924193679	-0.152693229998	4.96349299384	0.0971552903532	1.05458024696	735
58	0.5	0.0	0.0	6.5232877525	-0.315961495675	-0.466328050957	6.59824856205	0.413605917444	0.415818523908	736
58	0.5	0.25	0.0	6.33796476822	-0.339741779556	-0.111815590267	6.41863000273	0.335910464716	0.899702323222	737
58	0.5	0.5	0.0	5.90646474634	-0.277565101426	0.0222330912823	6.00091796408	0.274297989234	1.12796522225	738
58	0.5	0.75	0.0	5.35364859599	-0.190134631304	0.0437732766939	5.46498541767	0.23480232147	1.20901706488	739
58	0.5	1.0	0.0	4.80437722628	-0.138153539213	0.0607602489703	4.93070533508	0.223457291901	1.25126769499	740
58	0.75	0.0	0.0	6.52760191434	-0.297437199474	-0.464858412052	6.58039614277	0.453028138718	0.425207236598	741
58	0.75	0.25	0.0	6.33669849504	-0.252399899435	-0.0627764214045	6.39675807989	0.42701847859	0.943819914358	742
58	0.75	0.5	0.0	5.89315393116	-0.174548999058	0.129825529616	5.9699327156	0.399615673446	1.22560910442	743
58	0.75	0.75	0.0	5.32546823043	-0.0837146602436	0.200711894303	5.42080475315	0.386056683569	1.35483190725	744
58	0.75	1.0	0.0	4.7621414006	0.000272955109945	0.237647125953	4.87025889576	0.401578469243	1.41574542335	745
58	1.0	0.0	0.0	6.529562897	-0.278816999	-0.467498	6.57228140674	0.481147396043	0.426167227644	746
58	1.0	0.25	0.0	6.33998745456	-0.13386516002	-0.0432128201019	6.38558481176	0.563729456623	0.96292744841	747
58	1.0	0.5	0.0	5.8974024201	0.0104462606289	0.195256074784	5.95010258552	0.622607108839	1.28757737191	748
58	1.0	0.75	0.0	5.32357012259	0.138892208214	0.304399596278	5.38529645572	0.667177544274	1.45377647245	749
58	1.0	1.0	0.0	4.740252891	0.236247628	0.340708656	4.81062815008	0.706837954514	1.51518422431	750
61	0.0	0.0	0.0	6.529562897	-0.278816999	-0.467498	6.57228140674	0.481147396043	0.426167227644	751
61	0.0	0.25	0.0	6.33998745456	-0.13386516002	-0.0432128201019	6.38558481176	0.563729456623	0.96292744841	752
61	0.0	0.5	0.0	5.8974024201	0.0104462606289	0.195256074784	5.95010258552	0.622607108839	1.28757737191	753
61	0.0	0.75	0.0	5.32357012259	0.138892208214	0.304399596278	5.38529645572	0.667177544274	1.45377647245	754
61	0.0	1.0	0.0	4.740252891	0.236247628	0.340708656	4.81062815008	0.706837954514	1.51518422431	755
61	0.25	0.0	0.0	6.53048733606	-0.266751074881	-0.47157782637	6.5687202864	0.491996878644	0.410310413038	756
61	0.25	0.25	0.0	6.34439604296	-0.0523728239012	-0.0615789129058	6.38259310822	0.66431161689	0.940842682506	757
61	0.25	0.5	0.0	5.90928673665	0.142551193858	0.177944195793	5.94816592819	0.791421560971	1.26606317349	758
61	0.25	0.75	0.0	5.34242055109	0.298143973204	0.291122352413	5.38388455257	0.878535055959	1.43218749235	759
61	0.25	1.0	0.0	4.76105862023	0.394528508945	0.322086409643	4.80819478763	0.930860446925	1.48543124542	760
61	0.5	0.0	0.0	6.532521102	-0.255493331012	-0.477371929351	6.56088582166	0.500578451171	0.378606935939	761
61	0.5	0.25	0.0	6.34876508267	0.0140614828672	-0.107000290619	6.37708569186	0.750197911761	0.883143658811	762
61	0.5	0.5	0.0	5.92112497733	0.240845188101	0.102995693784	5.94952708444	0.935247885557	1.17837633641	763
61	0.5	0.75	0.0	5.36848597188	0.409065860843	0.198934107254	5.39741592935	1.05892142231	1.32010896931	764
61	0.5	1.0	0.0	4.8097332522	0.502931577249	0.227133033186	4.83995815651	1.12441157178	1.36414555811	765
61	0.75	0.0	0.0	6.53455486794	-0.245219921888	-0.484772317407	6.55305135692	0.508175688955	0.345297173765	766
61	0.75	0.25	0.0	6.35303814887	0.0738706722924	-0.166247043532	6.37165326137	0.827400688943	0.809347713955	767
61	0.75	0.5	0.0	5.9327940864	0.329243097066	0.00229490467567	5.9511534265	1.06387805387	1.06231850928	768
61	0.75	0.75	0.0	5.39484970723	0.507340462004	0.0724410362903	5.41166141459	1.21854684427	1.17194663876	769
61	0.75	1.0	0.0	4.86023203806	0.594605876679	0.0957788603854	4.87328678788	1.2923461207	1.20596918142	770
61	1.0	0.0	0.0	6.535479307	-0.236107002	-0.493670999	6.54949023658	0.516072167324	0.324621503936	771
61	1.0	0.25	0.0	6.35715881673	0.135487656382	-0.226089261938	6.36888651545	0.901932296142	0.738972184571	772
61	1.0	0.5	0.0	5.9441710081	0.431659774461	-0.0922738356156	5.95001232658	1.18710403718	0.955691340742	773
61	1.0	0.75	0.0	5.41459507942	0.62865036756	-0.0437506849857	5.41239183678	1.36762152278	1.04210623613	774
61	1.0	1.0	0.0	4.886510229	0.702700451	-0.032045775	4.87554921287	1.43951888528	1.0655441344	775
62	0.0	0.0	0.0	6.535479307	-0.236107002	-0.493670999	6.54949023658	0.516072167324	0.324621503936	776
62	0.0	0.25	0.0	6.35715881673	0.135487656382	-0.226089261938	6.36888651545	0.901932296142	0.738972184571	777
62	0.0	0.5	0.0	5.9441710081	0.431659774461	-0.0922738356156	5.95001232658	1.18710403718	0.955691340742	778
62	0.0	0.75	0.0	5.41459507942	0.62865036756	-0.0437506849857	5.41239183678	1.36762152278	1.04210623613	779
62	0.0	1.0	0.0	4.886510229	0.702700451	-0.032045775	4.87554921287	1.43951888528	1.0655441344	780
62	0.25	0.0	0.0	6.53624340778	-0.228076011564	-0.504383200983	6.54583495037	0.527912102457	0.321479778183	781
62	0.25	0.25	0.0	6.36250388654	0.194869899028	-0.287212622036	6.36711087391	0.977648918367	0.667870084834	782
62	0.25	0.5	0.0	5.95776909166	0.531671994529	-0.179983827592	5.95100818322	1.30570969441	0.853123115689	783
62	0.25	0.75	0.0	5.4314051126	0.749501785299	-0.145159922369	5.41227162253	1.50643204596	0.927538640684	784
62	0.25	1.0	0.0	4.89277803882	0.815530781697	-0.145204011085	4.86564593609	1.5741535884	0.941416429755	785
62	0.5	0.0	0.0	6.5379244295	-0.221840367662	-0.516177410807	6.5377933207	0.542527424693	0.326340616067	786
62	0.5	0.25	0.0	6.36933722971	0.241685334498	-0.355793708606	6.36396057711	1.04676490642	0.582480168831	787
62	0.5	0.5	0.0	5.97395207532	0.606409146338	-0.281235786722	5.95758718058	1.41241305944	0.724632985761	788
62	0.5	0.75	0.0	5.45091101361	0.840293604461	-0.263248947933	5.42493776229	1.6344732437	0.781986496507	789
62	0.5	1.0	0.0	4.89935609188	0.911301245467	-0.272578495014	4.87227695343	1.70794681917	0.783728130722	790
62	0.75	0.0	0.0	6.53960545122	-0.217511290929	-0.528796664977	6.52975169103	0.555236179759	0.330376409604	791
62	0.75	0.25	0.0	6.37490887026	0.273086600906	-0.429568557739	6.36113529295	1.09819054724	0.48512314003	792
62	0.75	0.5	0.0	5.98652465598	0.652520690923	-0.389319155253	5.96542986784	1.48988076606	0.578011744566	793
62	0.75	0.75	0.0	5.4655216597	0.895210758873	-0.388001360118	5.44036162789	1.729372352	0.615329699609	794
62	0.75	1.0	0.0	4.90296873275	0.975576584504	-0.405568074935	4.88365678526	1.81573082087	0.603364481557	795
62	1.0	0.0	0.0	6.540369552	-0.215200002	-0.541984	6.52609640482	0.561356413385	0.324759550812	796
62	1.0	0.25	0.0	6.3764688322	0.286226336365	-0.506273205527	6.36033468929	1.12083612778	0.378119701897	797
62	1.0	0.5	0.0	5.98929153054	0.666656089319	-0.49752337543	5.97021679418	1.52077944805	0.421050185713	798
62	1.0	0.75	0.0	5.46764592811	0.908438182364	-0.509400757368	5.44851459117	1.76875660684	0.437448146005	799
62	1.0	1.0	0.0	4.900340306	0.993921541	-0.535571599	4.88799995194	1.87233783679	0.411210726517	800
