Elem	xi[0]	xi[1]	xi[2]	Y[0]	Y[1]	Y[2]	y[0]	y[1]	y[2]	Index
1	0.0	0.0	0.0	0.222770426	1.072382981	-0.66182574	0.285818980478	1.58567973594	0.267882400874	1
1	0.0	0.25	0.0	-0.263642038515	1.09393155317	-0.693637292854	-0.214595735135	1.61020863946	0.306983478716	2
1	0.0	0.5	0.0	-0.762943407917	1.15449574035	-0.745052374172	-0.720018915979	1.67528117711	0.366059063567	3
1	0.0	0.75	0.0	-1.25933046411	1.18727563786	-0.799896454654	-1.22822789096	1.70490845767	0.458522299221	4
1	0.0	1.0	0.0	-1.736999989	1.125471341	-0.841995005	-1.736999989	1.62310158989	0.597786329473	5
1	0.25	0.0	0.0	0.24425979187	1.03026663541	-0.815826639729	0.298770214389	1.55826272967	-0.0177044000604	6
1	0.25	0.25	0.0	-0.24187726772	1.05508216331	-0.864316051023	-0.193830485852	1.58588989829	0.0155731305435	7
1	0.25	0.5	0.0	-0.749372266097	1.123540167	-0.931101156799	-0.706104175247	1.66752794345	0.0726022856649	8
1	0.25	0.75	0.0	-1.24952844742	1.17894116988	-1.00231652232	-1.21904548739	1.7342669021	0.1531084885	9
1	0.25	1.0	0.0	-1.71364905586	1.16458569535	-1.06409671285	-1.71364905586	1.71719681119	0.256817162246	10
1	0.5	0.0	0.0	0.248240311106	0.876229472035	-0.89192759165	0.288754055119	1.41245391959	-0.243709457502	11
1	0.5	0.25	0.0	-0.23855683415	0.918577090691	-0.964500030289	-0.190606677363	1.45408484574	-0.223038676185	12
1	0.5	0.5	0.0	-0.739763298524	0.99893114314	-1.07408534037	-0.696139302604	1.5556718881	-0.196296455276	13
1	0.5	0.75	0.0	-1.23031027059	1.07276007906	-1.18668811235	-1.2026959975	1.65445171506	-0.157046946223	14
1	0.5	1.0	0.0	-1.68512893893	1.09553234812	-1.26831293665	-1.68512893893	1.68766099501	-0.0988543004769	15
1	0.75	0.0	0.0	0.247583748788	0.671903532647	-0.961411338496	0.27326811545	1.21666421364	-0.442256717813	16
1	0.75	0.25	0.0	-0.242209668068	0.730848385131	-1.05143552606	-0.199403164157	1.2672553021	-0.430211888882	17
1	0.75	0.5	0.0	-0.732971952883	0.821741501306	-1.19730361297	-0.695618898465	1.38310761851	-0.434413749477	18
1	0.75	0.75	0.0	-1.20926966344	0.908265992012	-1.34620270793	-1.18962549406	1.50444969075	-0.4375718881	19
1	0.75	1.0	0.0	-1.65566935753	0.954104968089	-1.44531991963	-1.65566935753	1.57151004673	-0.422395893254	20
1	1.0	0.0	0.0	0.25516187	0.478920859	-1.095560623	0.269810008166	1.03930451977	-0.64547012736	21
1	1.0	0.25	0.0	-0.241364699737	0.538328096444	-1.18236883373	-0.214698800718	1.07786308767	-0.627306454959	22
1	1.0	0.5	0.0	-0.727853676862	0.633044074043	-1.32405466267	-0.710037563245	1.19322974213	-0.63552618716	23
1	1.0	0.75	0.0	-1.19400035581	0.72499253537	-1.47405179227	-1.19028004986	1.3232476234	-0.654094220282	24
1	1.0	1.0	0.0	-1.629500031	0.776097224	-1.585793905	-1.629500031	1.40575987171	-0.666975450643	25
2	0.0	0.0	0.0	0.25516187	0.478920859	-1.095560623	0.269810008166	1.03930451977	-0.64547012736	26
2	0.0	0.25	0.0	-0.241364699737	0.538328096444	-1.18236883373	-0.214698800718	1.07786308767	-0.627306454959	27
2	0.0	0.5	0.0	-0.727853676862	0.633044074043	-1.32405466267	-0.710037563245	1.19322974213	-0.63552618716	28
2	0.0	0.75	0.0	-1.19400035581	0.72499253537	-1.47405179227	-1.19028004986	1.3232476234	-0.654094220282	29
2	0.0	1.0	0.0	-1.629500031	0.776097224	-1.585793905	-1.629500031	1.40575987171	-0.666975450643	30
2	0.25	0.0	0.0	0.270947548451	0.283243387179	-1.2824081092	0.281556807482	0.860784136817	-0.863112815072	31
2	0.25	0.25	0.0	-0.224260605344	0.325895041168	-1.3546019816	-0.209796577176	0.872502947164	-0.831492387262	32
2	0.25	0.5	0.0	-0.708991319231	0.410215570384	-1.47012351322	-0.708698276076	0.96755115098	-0.83078531215	33
2	0.25	0.75	0.0	-1.16995577525	0.494673498046	-1.59674723991	-1.18132792393	1.08893505588	-0.847355120069	34
2	0.25	1.0	0.0	-1.59386515545	0.537737347375	-1.70224769755	-1.59386515545	1.17966096948	-0.867565341356	35
2	0.5	0.0	0.0	0.282248243705	0.0940030586728	-1.41785091485	0.296967183253	0.675650722854	-1.02814378228	36
2	0.5	0.25	0.0	-0.195649333111	0.117908303513	-1.48388614216	-0.17016531442	0.67011407757	-0.992262763816	37
2	0.5	0.5	0.0	-0.673118862289	0.181818382189	-1.59489687788	-0.664291729546	0.738420413532	-0.999043575407	38
2	0.5	0.75	0.0	-1.13089426867	0.248154222446	-1.71002209218	-1.13945785335	0.841781880925	-1.02207340174	39
2	0.5	1.0	0.0	-1.54970947708	0.279336752027	-1.78840075525	-1.54970947708	0.941410629933	-1.03493942748	40
2	0.75	0.0	0.0	0.291774400106	-0.0845988774195	-1.54013134007	0.316098068186	0.493180815959	-1.17702234755	41
2	0.75	0.25	0.0	-0.164991060996	-0.0803714311764	-1.60075830059	-0.117986364045	0.47463788365	-1.14061687235	42
2	0.75	0.5	0.0	-0.634614889911	-0.0381101051585	-1.71427138754	-0.601005151978	0.519594447665	-1.15894576208	43
2	0.75	0.75	0.0	-1.09098743889	0.00771288900016	-1.8251616927	-1.08149661192	0.605532823687	-1.1918616096	44
2	0.75	1.0	0.0	-1.50799906017	0.0226253396651	-1.87792030783	-1.50799906017	0.709935327398	-1.19921700779	45
2	1.0	0.0	0.0	0.302236462	-0.248361172	-1.687491685	0.339006394985	0.322650954211	-1.34620782943	46
2	1.0	0.25	0.0	-0.141745966961	-0.263683477554	-1.73575544211	-0.0754410776478	0.290015770162	-1.3075540006	47
2	1.0	0.5	0.0	-0.607857985972	-0.235532506278	-1.84414367312	-0.543025771694	0.324830171254	-1.32913665732	48
2	1.0	0.75	0.0	-1.06440688875	-0.204372321863	-1.95345138507	-1.0242709734	0.403932609322	-1.37033228799	49
2	1.0	1.0	0.0	-1.479699969	-0.210666988	-2.004473585	-1.479699969	0.504161536199	-1.39051738102	50
5	0.0	0.0	0.0	0.302236462	-0.248361172	-1.687491685	0.339006394985	0.322650954211	-1.34620782943	51
5	0.0	0.25	0.0	-0.141745966961	-0.263683477554	-1.73575544211	-0.0754410776478	0.290015770162	-1.3075540006	52
5	0.0	0.5	0.0	-0.607857985972	-0.235532506278	-1.84414367312	-0.543025771694	0.324830171254	-1.32913665732	53
5	0.0	0.75	0.0	-1.06440688875	-0.204372321863	-1.95345138507	-1.0242709734	0.403932609322	-1.37033228799	54
5	0.0	1.0	0.0	-1.479699969	-0.210666988	-2.004473585	-1.479699969	0.504161536199	-1.39051738102	55
5	0.25	0.0	0.0	0.331771632707	-0.595107895636	-1.97369566211	0.412541588576	-0.0607179813458	-1.64834368713	56
5	0.25	0.25	0.0	-0.105919573707	-0.631708146684	-1.9949191489	0.000953191345781	-0.108981709879	-1.60850788371	57
5	0.25	0.5	0.0	-0.571300989191	-0.614318425798	-2.05975315743	-0.449108946044	-0.0725297765315	-1.61453880333	58
5	0.25	0.75	0.0	-1.03116117452	-0.592823621652	-2.13442248726	-0.934553385888	0.012425217599	-1.64578531973	59
5	0.25	1.0	0.0	-1.45228869048	-0.617108622919	-2.18515193794	-1.45228869048	0.109670671414	-1.68159630666	60
5	0.5	0.0	0.0	0.368804127754	-1.01600447476	-2.16896576868	0.512679078731	-0.545429734633	-1.82819027096	61
5	0.5	0.25	0.0	-0.0658936142199	-1.05931576494	-2.17751006921	0.0944232125639	-0.59499021709	-1.80173462853	62
5	0.5	0.5	0.0	-0.529564377015	-1.06265725707	-2.19038651101	-0.355787402846	-0.570283124502	-1.80016685633	63
5	0.5	0.75	0.0	-0.994361789618	-1.0585946236	-2.20557894609	-0.858044417405	-0.496034793222	-1.81523411713	64
5	0.5	1.0	0.0	-1.43243948102	-1.07969353692	-2.22107122648	-1.43243948102	-0.3969715596	-1.8386835737	65
5	0.75	0.0	0.0	0.402316203674	-1.45068263526	-2.24619921965	0.597842084524	-1.03862313228	-1.86946234171	66
5	0.75	0.25	0.0	-0.0319805418205	-1.49191099149	-2.24477958127	0.163165711376	-1.08390299716	-1.85353750708	67
5	0.75	0.5	0.0	-0.497869127505	-1.51331962033	-2.21169575999	-0.303744367279	-1.07682722284	-1.84698412263	68
5	0.75	0.75	0.0	-0.970180481467	-1.52536777956	-2.16858304708	-0.825258124112	-1.0251543135	-1.85063589507	69
5	0.75	1.0	0.0	-1.4237455318	-1.53851472696	-2.13707673379	-1.4237455318	-0.936642773319	-1.86532653113	70
5	1.0	0.0	0.0	0.421290117	-1.838774103	-2.17829323	0.626453825026	-1.44743700092	-1.75587466016	71
5	1.0	0.25	0.0	-0.0144928098293	-1.87489848553	-2.15797906329	0.165377413149	-1.49161329579	-1.73021979136	72
5	1.0	0.5	0.0	-0.491436218727	-1.89907613579	-2.09933293049	-0.333663064522	-1.50055942174	-1.71595390853	73
5	1.0	0.75	0.0	-0.97478899751	-1.9168255414	-2.02509707569	-0.866708562176	-1.4786402336	-1.72394786846	74
5	1.0	1.0	0.0	-1.429800034	-1.93366519	-1.958013743	-1.429800034	-1.43022058622	-1.76507252792	75
6	0.0	0.0	0.0	0.421290117	-1.838774103	-2.17829323	0.626453825026	-1.44743700092	-1.75587466016	76
6	0.0	0.25	0.0	-0.0144928098293	-1.87489848553	-2.15797906329	0.165377413149	-1.49161329579	-1.73021979136	77
6	0.0	0.5	0.0	-0.491436218727	-1.89907613579	-2.09933293049	-0.333663064522	-1.50055942174	-1.71595390853	78
6	0.0	0.75	0.0	-0.97478899751	-1.9168255414	-2.02509707569	-0.866708562176	-1.4786402336	-1.72394786846	79
6	0.0	1.0	0.0	-1.429800034	-1.93366519	-1.958013743	-1.429800034	-1.43022058622	-1.76507252792	80
6	0.25	0.0	0.0	0.462521222019	-2.27280423272	-1.93726910046	0.640349403596	-1.88995137802	-1.44275936228	81
6	0.25	0.25	0.0	0.0050297740887	-2.30944275679	-1.89916846804	0.137684898889	-1.94931340998	-1.40529369649	82
6	0.25	0.5	0.0	-0.498220124034	-2.3199240899	-1.83499622788	-0.401285087491	-1.97051190893	-1.39495707655	83
6	0.25	0.75	0.0	-1.00395231631	-2.32351603213	-1.76015510751	-0.946747840904	-1.96894442831	-1.42000450621	84
6	0.25	1.0	0.0	-1.46889064671	-2.33948638354	-1.69004783442	-1.46889064671	-1.96000852154	-1.48869098927	85
6	0.5	0.0	0.0	0.537444551639	-2.69981897175	-1.58765778707	0.68912074537	-2.35537061258	-1.00155580211	86
6	0.5	0.25	0.0	0.0355771216048	-2.74755605379	-1.54892336984	0.138949318178	-2.44712490775	-0.972961794966	87
6	0.5	0.5	0.0	-0.502089936029	-2.75621454391	-1.48344414101	-0.434840135215	-2.49354314369	-0.978386857381	88
6	0.5	0.75	0.0	-1.03897009318	-2.74993839029	-1.41447937526	-1.0035485401	-2.51038177373	-1.00965621411	89
6	0.5	1.0	0.0	-1.53847682177	-2.75287154106	-1.36528834728	-1.53847682177	-2.5133972512	-1.05859508991	90
6	0.75	0.0	0.0	0.60082234994	-3.0051727454	-1.17000788241	0.736394291895	-2.71717866767	-0.496701766187	91
6	0.75	0.25	0.0	0.0571214746113	-3.06145911964	-1.1385927334	0.145359063173	-2.83801418344	-0.484124479421	92
6	0.75	0.5	0.0	-0.51264998832	-3.08227208887	-1.07706439087	-0.457534602552	-2.92000191737	-0.503834611203	93
6	0.75	0.75	0.0	-1.07951576578	-3.08374658115	-1.01798318851	-1.0511872902	-2.96576233601	-0.532279469175	94
6	0.75	1.0	0.0	-1.61449958469	-3.08201752455	-0.993909459995	-1.61449958469	-2.9779159059	-0.545906360979	95
6	1.0	0.0	0.0	0.607416861	-3.074219979	-0.724867979	0.745796484716	-2.84885950632	0.00736495894207	96
6	1.0	0.25	0.0	0.0496350750003	-3.12337269749	-0.699525523409	0.133102526029	-2.97494763134	0.0103178575011	97
6	1.0	0.5	0.0	-0.539504614517	-3.17242131582	-0.64824469848	-0.492574884361	-3.10023702132	-0.00889169818251	98
6	1.0	0.75	0.0	-1.12526277178	-3.21259456999	-0.600579856811	-1.10374072164	-3.19789618132	-0.0272507484335	99
6	1.0	1.0	0.0	-1.672899961	-3.235121196	-0.586085351	-1.672899961	-3.24109361637	-0.0217463335766	100
9	0.0	0.0	0.0	0.607416861	-3.074219979	-0.724867979	0.745796484716	-2.84885950632	0.00736495894207	101
9	0.0	0.25	0.0	0.0496350750003	-3.12337269749	-0.699525523409	0.133102526029	-2.97494763134	0.0103178575011	102
9	0.0	0.5	0.0	-0.539504614517	-3.17242131582	-0.64824469848	-0.492574884361	-3.10023702132	-0.00889169818251	103
9	0.0	0.75	0.0	-1.12526277178	-3.21259456999	-0.600579856811	-1.10374072164	-3.19789618132	-0.0272507484335	104
9	0.0	1.0	0.0	-1.672899961	-3.235121196	-0.586085351	-1.672899961	-3.24109361637	-0.0217463335766	105
9	0.25	0.0	0.0	0.55458260765	-2.93232363568	-0.206340329516	0.704487772579	-2.76402719371	0.570411552628	106
9	0.25	0.25	0.0	0.00730500813185	-2.96171283714	-0.171951201355	0.0901398219009	-2.87171143494	0.585989443175	107
9	0.25	0.5	0.0	-0.591461879077	-3.02116275897	-0.122157281416	-0.550657814567	-3.0199850005	0.599506500167	108
9	0.25	0.75	0.0	-1.19026460322	-3.08616337213	-0.0761568764557	-1.17441702899	-3.161829697	0.608548309227	109
9	0.25	1.0	0.0	-1.73764971355	-3.1322046476	-0.053148293232	-1.73764971355	-3.25022733103	0.610700455981	110
9	0.5	0.0	0.0	0.48393469564	-2.69742799173	0.320276437963	0.634497296732	-2.56445050966	1.15258987545	111
9	0.5	0.25	0.0	-0.050243218319	-2.71285202885	0.369805625486	0.0294529687857	-2.6505183957	1.18863944229	112
9	0.5	0.5	0.0	-0.650881316545	-2.74096417562	0.41108081575	-0.612409833774	-2.77519613251	1.22672723145	113
9	0.5	0.75	0.0	-1.25891307184	-2.7725906874	0.442331434496	-1.24326138451	-2.90724590318	1.24737731256	114
9	0.5	1.0	0.0	-1.815271957	-2.7985578196	0.461786907464	-1.815271957	-3.01542989081	1.23111375527	115
9	0.75	0.0	0.0	0.40531922981	-2.36698506267	0.784197837461	0.545113774189	-2.24800989822	1.68788912191	116
9	0.75	0.25	0.0	-0.117734155056	-2.37832988475	0.853624370757	-0.0497119919538	-2.32053038227	1.75149924089	117
9	0.75	0.5	0.0	-0.711592831593	-2.36310099213	0.882497720766	-0.68675256808	-2.40258147496	1.8056530934	118
9	0.75	0.75	0.0	-1.31945859156	-2.33915118712	0.890099763552	-1.31527172329	-2.49676051226	1.827897795	119
9	0.75	1.0	0.0	-1.8845332267	-2.32433327205	0.895712375179	-1.8845332267	-2.60566483013	1.79578046124	120
9	1.0	0.0	0.0	0.328582315	-1.938446864	1.114639383	0.445625921963	-1.81258580347	2.1102984865	121
9	1.0	0.25	0.0	-0.189892352782	-1.95968601697	1.2073844481	-0.148109018955	-1.89090926333	2.20780022502	122
9	1.0	0.5	0.0	-0.767426328894	-1.91884863487	1.22312156138	-0.782607643583	-1.93885208548	2.26916668378	123
9	1.0	0.75	0.0	-1.36015157631	-1.85311954258	1.20236279822	-1.39544598043	-1.99298923661	2.28877128998	124
9	1.0	1.0	0.0	-1.924200058	-1.799683565	1.185620234	-1.924200058	-2.08989568344	2.26098747085	125
10	0.0	0.0	0.0	0.328582315	-1.938446864	1.114639383	0.445625921963	-1.81258580347	2.1102984865	126
10	0.0	0.25	0.0	-0.189892352782	-1.95968601697	1.2073844481	-0.148109018955	-1.89090926333	2.20780022502	127
10	0.0	0.5	0.0	-0.767426328894	-1.91884863487	1.22312156138	-0.782607643583	-1.93885208548	2.26916668378	128
10	0.0	0.75	0.0	-1.36015157631	-1.85311954258	1.20236279822	-1.39544598043	-1.99298923661	2.28877128998	129
10	0.0	1.0	0.0	-1.924200058	-1.799683565	1.185620234	-1.924200058	-2.08989568344	2.26098747085	130
10	0.25	0.0	0.0	0.305659633167	-1.49186603918	1.155753597	0.384566592077	-1.30198128762	2.23843811916	131
10	0.25	0.25	0.0	-0.207253742624	-1.51919523707	1.25503484788	-0.199609855231	-1.36925785717	2.34373350591	132
10	0.25	0.5	0.0	-0.777207663802	-1.47325913441	1.27342735837	-0.822929576	-1.40387048916	2.40847712358	133
10	0.25	0.75	0.0	-1.36116687102	-1.39085835483	1.25125351148	-1.41766688699	-1.44024907515	2.43886044029	134
10	0.25	1.0	0.0	-1.91609610494	-1.30879352195	1.22883569021	-1.91609610494	-1.51282350667	2.44107492415	135
10	0.5	0.0	0.0	0.336883722555	-1.06762757463	0.901639468093	0.379335143877	-0.760776841175	2.05113030735	136
10	0.5	0.25	0.0	-0.166593251276	-1.07989769512	0.986724140183	-0.181048384656	-0.775480237455	2.13500493163	137
10	0.5	0.5	0.0	-0.743158047452	-1.01621472613	1.0338704782	-0.783395112893	-0.78438723446	2.2180441032	138
10	0.5	0.75	0.0	-1.3331264946	-0.911653221809	1.05285120612	-1.36841410405	-0.80074446352	2.29047292031	139
10	0.5	1.0	0.0	-1.87681442136	-0.801287736332	1.05343904795	-1.87681442136	-0.83779855597	2.34251648121	140
10	0.75	0.0	0.0	0.360437904415	-0.641565462512	0.487420069136	0.400552578548	-0.227263429465	1.69543193945	141
10	0.75	0.25	0.0	-0.140745792659	-0.640620030706	0.549783748976	-0.143586366156	-0.19721844919	1.75465273197	142
10	0.75	0.5	0.0	-0.718444728179	-0.567049693916	0.627493630338	-0.728377765309	-0.178153621036	1.85837499942	143
10	0.75	0.75	0.0	-1.30461821222	-0.455905870997	0.694711855994	-1.30664852588	-0.176165703796	1.9751356114	144
10	0.75	1.0	0.0	-1.83122555484	-0.342239980802	0.725600568718	-1.83122555484	-0.197351456266	2.07347143752	145
10	1.0	0.0	0.0	0.3145055	-0.189513695	0.048218473	0.418839897274	0.260267982187	1.31839990387	146
10	1.0	0.25	0.0	-0.202546280691	-0.200188883405	0.0915450982424	-0.138385558658	0.277885462626	1.3757151367	147
10	1.0	0.5	0.0	-0.756234954319	-0.145098321691	0.177339524278	-0.722251044292	0.317079051434	1.48997718899	148
10	1.0	0.75	0.0	-1.30422978904	-0.0640180298825	0.264391434924	-1.29133104671	0.331796901951	1.62437539489	149
10	1.0	1.0	0.0	-1.804200053	0.003275972	0.311490514	-1.804200053	0.275987167519	1.74209908857	150
13	0.0	0.0	0.0	0.3145055	-0.189513695	0.048218473	0.418839897274	0.260267982187	1.31839990387	151
13	0.0	0.25	0.0	-0.202546280691	-0.200188883405	0.0915450982424	-0.138385558658	0.277885462626	1.3757151367	152
13	0.0	0.5	0.0	-0.756234954319	-0.145098321691	0.177339524278	-0.722251044292	0.317079051434	1.48997718899	153
13	0.0	0.75	0.0	-1.30422978904	-0.0640180298825	0.264391434924	-1.29133104671	0.331796901951	1.62437539489	154
13	0.0	1.0	0.0	-1.804200053	0.003275972	0.311490514	-1.804200053	0.275987167519	1.74209908857	155
13	0.25	0.0	0.0	0.280498955946	-0.0585693508386	-0.057762592995	0.430625638535	0.394226025042	1.2506198437	156
13	0.25	0.25	0.0	-0.233797956891	-0.0565317766466	-0.0269760613769	-0.128367431601	0.413684298601	1.30343986573	157
13	0.25	0.5	0.0	-0.780484444921	0.00238107086213	0.0269356837339	-0.722375577846	0.473664617957	1.38861303558	158
13	0.25	0.75	0.0	-1.31773912336	0.0837752612521	0.0833627423284	-1.29847467739	0.513985623062	1.49298389621	159
13	0.25	1.0	0.0	-1.80374060741	0.153256864088	0.121695214398	-1.80374060741	0.474465953867	1.60339699057	160
13	0.5	0.0	0.0	0.245332748249	0.0520455104313	-0.143760067487	0.448965603376	0.519803580285	1.22106793566	161
13	0.5	0.25	0.0	-0.251980967645	0.0804373844779	-0.122376369213	-0.0974630703196	0.548603995241	1.2679418479	162
13	0.5	0.5	0.0	-0.798610918033	0.14275082213	-0.101177633144	-0.701167925227	0.619253298954	1.31419463431	163
13	0.5	0.75	0.0	-1.33655236985	0.229818646297	-0.078628345136	-1.29399756419	0.688136887951	1.37797255715	164
13	0.5	1.0	0.0	-1.80780059004	0.33247367989	-0.0531929910428	-1.80780059004	0.71164015876	1.47742187864	165
13	0.75	0.0	0.0	0.213281138427	0.167463359236	-0.247325990486	0.454997035215	0.65080109335	1.1693873186	166
13	0.75	0.25	0.0	-0.266195474309	0.215704242734	-0.234535286611	-0.0745637461342	0.684486630773	1.21337694769	167
13	0.75	0.5	0.0	-0.808751551173	0.287760112802	-0.233673033552	-0.673301832742	0.765003980937	1.23201543098	168
13	0.75	0.75	0.0	-1.34640788838	0.385808792964	-0.236826549267	-1.27443606471	0.860281675933	1.26155557449	169
13	0.75	1.0	0.0	-1.81118528215	0.512028106748	-0.236083151712	-1.81118528215	0.938248247853	1.33825018421	170
13	1.0	0.0	0.0	0.188618388	0.312816666	-0.406012402	0.42985717747	0.801019009674	1.03522113137	171
13	1.0	0.25	0.0	-0.285541638239	0.354254440887	-0.403332274918	-0.0885607303656	0.823174283426	1.08390102956	172
13	1.0	0.5	0.0	-0.809043521859	0.449158123569	-0.397223124686	-0.653451046695	0.922075550419	1.10736887138	173
13	1.0	0.75	0.0	-1.3330440388	0.563442368967	-0.406476591861	-1.23632653656	1.03645096632	1.12594714503	174
13	1.0	1.0	0.0	-1.808699965	0.663021832	-0.449884317	-1.808699965	1.1050286868	1.15995833872	175
14	0.0	0.0	0.0	0.188618388	0.312816666	-0.406012402	0.42985717747	0.801019009674	1.03522113137	176
14	0.0	0.25	0.0	-0.285541638239	0.354254440887	-0.403332274918	-0.0885607303656	0.823174283426	1.08390102956	177
14	0.0	0.5	0.0	-0.809043521859	0.449158123569	-0.397223124686	-0.653451046695	0.922075550419	1.10736887138	178
14	0.0	0.75	0.0	-1.3330440388	0.563442368967	-0.406476591861	-1.23632653656	1.03645096632	1.12594714503	179
14	0.0	1.0	0.0	-1.808699965	0.663021832	-0.449884317	-1.808699965	1.1050286868	1.15995833872	180
14	0.25	0.0	0.0	0.172658157147	0.545891591334	-0.543966161297	0.367149634167	1.03072008923	0.84251544675	181
14	0.25	0.25	0.0	-0.312350359883	0.550401312645	-0.549102998956	-0.153068988761	1.02323817269	0.898601322768	182
14	0.25	0.5	0.0	-0.814765507031	0.631396300842	-0.524901013171	-0.680164104933	1.10610865044	0.951013805858	183
14	0.25	0.75	0.0	-1.31601184115	0.724597412598	-0.515187764343	-1.22476823987	1.19510482447	0.998947907535	184
14	0.25	1.0	0.0	-1.79751391908	0.765725504587	-0.56379081287	-1.79751391908	1.20599999676	1.04159863931	185
14	0.5	0.0	0.0	0.173942486185	0.78151482053	-0.540555590835	0.310865827065	1.26828238865	0.707899715199	186
14	0.5	0.25	0.0	-0.315027428718	0.786803994737	-0.558244922153	-0.203694154428	1.26913507018	0.753680316347	187
14	0.5	0.5	0.0	-0.804874551423	0.857570420774	-0.569860254531	-0.707906538198	1.34139423097	0.794742315915	188
14	0.5	0.75	0.0	-1.29312277024	0.91924154321	-0.591822820644	-1.22477318948	1.39586423037	0.84654237944	189
14	0.5	1.0	0.0	-1.77729597349	0.897244806612	-0.640553853169	-1.77729597349	1.34334942774	0.92453717246	190
14	0.75	0.0	0.0	0.19110277563	0.97268055121	-0.533826760455	0.278068145917	1.46837818015	0.54511000911	191
14	0.75	0.25	0.0	-0.297486702383	0.991851177974	-0.562506776217	-0.228261359257	1.48881016331	0.579640278823	192
14	0.75	0.5	0.0	-0.785543052548	1.0558727963	-0.615458243339	-0.725063193033	1.55532187789	0.60945665175	193
14	0.75	0.75	0.0	-1.27176593994	1.09194440392	-0.674139728251	-1.22853015123	1.58403137707	0.666983022686	194
14	0.75	1.0	0.0	-1.75485502965	1.02726499858	-0.720009797384	-1.75485502965	1.49105671402	0.784643286424	195
14	1.0	0.0	0.0	0.222770426	1.072382981	-0.66182574	0.285818980478	1.58567973594	0.267882400874	196
14	1.0	0.25	0.0	-0.263642038515	1.09393155317	-0.693637292854	-0.214595735135	1.61020863946	0.306983478716	197
14	1.0	0.5	0.0	-0.762943407917	1.15449574035	-0.745052374172	-0.720018915979	1.67528117711	0.366059063567	198
14	1.0	0.75	0.0	-1.25933046411	1.18727563786	-0.799896454654	-1.22822789096	1.70490845767	0.458522299221	199
14	1.0	1.0	0.0	-1.736999989	1.125471341	-0.841995005	-1.736999989	1.62310158989	0.597786329473	200
17	0.0	0.0	0.0	4.900340306	0.993921541	-0.535571599	4.87711344437	1.86963824826	0.411359409875	201
17	0.0	0.25	0.0	4.31156446749	1.00633218279	-0.563233262675	4.30396993492	1.87922606682	0.357836016259	202
17	0.0	0.5	0.0	3.71481965671	1.02449557957	-0.581940034822	3.72997782947	1.84242350664	0.310996772204	203
17	0.0	0.75	0.0	3.13791604182	1.02427617957	-0.591396882808	3.18156639505	1.77167755293	0.281214808269	204
17	0.0	1.0	0.0	2.608663791	0.981538431	-0.591308774	2.68516489872	1.67943519091	0.278863255013	205
17	0.25	0.0	0.0	4.8965461613	0.947254051434	-0.686945001388	4.88919500063	1.86579978463	0.183318768692	206
17	0.25	0.25	0.0	4.31818520341	0.966648660468	-0.720348331108	4.32944195977	1.89200058592	0.118471893853	207
17	0.25	0.5	0.0	3.72908101567	0.998733398842	-0.734613088239	3.76350138774	1.86596962063	0.081036406085	208
17	0.25	0.75	0.0	3.15376996963	1.01041106886	-0.735255725443	3.209100197	1.79794209203	0.0643422582572	209
17	0.25	1.0	0.0	2.61678843685	0.968584472831	-0.72779269538	2.68396530002	1.69815320338	0.0617194032378	210
17	0.5	0.0	0.0	4.90010613631	0.856850626663	-0.841477581574	4.92566263615	1.8156534272	-0.0306296355908	211
17	0.5	0.25	0.0	4.33427223551	0.876525500291	-0.877412887596	4.38657493728	1.84050937059	-0.114358000735	212
17	0.5	0.5	0.0	3.74351052865	0.921261160847	-0.887285610361	3.81521895752	1.82362869971	-0.15041495247	213
17	0.5	0.75	0.0	3.15868590368	0.946108535966	-0.879137266802	3.23756547376	1.76405935583	-0.157889465394	214
17	0.5	1.0	0.0	2.61066324852	0.906118553285	-0.861009373849	2.67958526289	1.6608492802	-0.155870514103	215
17	0.75	0.0	0.0	4.90843746166	0.762645443311	-1.00888781547	4.9725356128	1.74301942418	-0.2352838214	216
17	0.75	0.25	0.0	4.35449619646	0.776463698187	-1.04506310411	4.45020333861	1.75715992628	-0.335797594256	217
17	0.75	0.5	0.0	3.75956785513	0.827728365256	-1.04465690239	3.87205860384	1.74762188296	-0.370603523381	218
17	0.75	0.75	0.0	3.16372165125	0.861859213861	-1.02269058344	3.2729167051	1.6989489123	-0.369654975063	219
17	0.75	1.0	0.0	2.60702679843	0.824276013346	-0.994185520393	2.68759293899	1.59568463241	-0.362905315591	220
17	1.0	0.0	0.0	4.918957368	0.704572678	-1.198894179	5.01583319247	1.6717180238	-0.435441807162	221
17	1.0	0.25	0.0	4.37352771892	0.706964250081	-1.23393515263	4.49516163494	1.67435975841	-0.540990813465	222
17	1.0	0.5	0.0	3.77871265454	0.753784511739	-1.21142626553	3.92094839175	1.67017030943	-0.566775526566	223
17	1.0	0.75	0.0	3.17993501964	0.788153735527	-1.16556475192	3.3211083708	1.63153032943	-0.555128883126	224
17	1.0	1.0	0.0	2.622617659	0.753192194	-1.130547846	2.72355648	1.53082047099	-0.548383819806	225
18	0.0	0.0	0.0	2.608663791	0.981538431	-0.591308774	2.68516489872	1.67943519091	0.278863255013	226
18	0.0	0.25	0.0	2.05246710102	0.958065644866	-0.595652432728	2.15223303623	1.61159322358	0.278228352318	227
18	0.0	0.5	0.0	1.44395532604	1.00162790162	-0.613938603345	1.54533151393	1.59376540925	0.260801928258	228
18	0.0	0.75	0.0	0.821324442291	1.05785656056	-0.638539100789	0.90851020447	1.595333622	0.24966095404	229
18	0.0	1.0	0.0	0.222770426	1.072382981	-0.66182574	0.285818980478	1.58567973594	0.267882400874	230
18	0.25	0.0	0.0	2.61678843685	0.968584472831	-0.72779269538	2.68396530002	1.69815320338	0.0617194032378	231
18	0.25	0.25	0.0	2.05307913412	0.935184473292	-0.728022807326	2.1236402671	1.61559374452	0.0457569809112	232
18	0.25	0.5	0.0	1.446729461	0.967572548459	-0.745793757835	1.51658035697	1.58325271625	0.0102613913937	233
18	0.25	0.75	0.0	0.83227711456	1.01588712646	-0.776572663204	0.896914146961	1.5733893131	-0.0193611430263	234
18	0.25	1.0	0.0	0.24425979187	1.03026663541	-0.815826639729	0.298770214389	1.55826272967	-0.0177044000604	235
18	0.5	0.0	0.0	2.61066324852	0.906118553285	-0.861009373849	2.67958526289	1.6608492802	-0.155870514103	236
18	0.5	0.25	0.0	2.04472051165	0.848419040769	-0.844223463489	2.09442134732	1.55085132356	-0.173858811561	237
18	0.5	0.5	0.0	1.44453201462	0.840595225377	-0.840020775976	1.48071736332	1.47710340321	-0.211557565769	238
18	0.5	0.75	0.0	0.83680340018	0.858060803626	-0.85404194185	0.868739527156	1.4331295812	-0.243372529993	239
18	0.5	1.0	0.0	0.248240311106	0.876229472035	-0.89192759165	0.288754055119	1.41245391959	-0.243709457502	240
18	0.75	0.0	0.0	2.60702679843	0.824276013346	-0.994185520393	2.68759293899	1.59568463241	-0.362905315591	241
18	0.75	0.25	0.0	2.04254057086	0.73998037061	-0.96335459212	2.08219430013	1.45770442914	-0.381390516017	242
18	0.75	0.5	0.0	1.44858796858	0.681863196047	-0.936991809194	1.46011308414	1.33695537085	-0.418455374729	243
18	0.75	0.75	0.0	0.843994018807	0.656859309958	-0.931032336393	0.848190589687	1.25081583866	-0.447583054427	244
18	0.75	1.0	0.0	0.247583748788	0.671903532647	-0.961411338496	0.27326811545	1.21666421364	-0.442256717813	245
18	1.0	0.0	0.0	2.622617659	0.753192194	-1.130547846	2.72355648	1.53082047099	-0.548383819806	246
18	1.0	0.25	0.0	2.06168864899	0.65207948613	-1.10451638412	2.10457714875	1.37649152967	-0.577609623376	247
18	1.0	0.5	0.0	1.47012230456	0.552543724143	-1.07707900891	1.4771380706	1.22444651989	-0.624232466986	248
18	1.0	0.75	0.0	0.862939690098	0.484764363335	-1.0676292465	0.859471579184	1.10270949785	-0.657202563895	249
18	1.0	1.0	0.0	0.25516187	0.478920859	-1.095560623	0.269810008166	1.03930451977	-0.64547012736	250
19	0.0	0.0	0.0	4.918957368	0.704572678	-1.198894179	5.01583319247	1.6717180238	-0.435441807162	251
19	0.0	0.25	0.0	4.37352771892	0.706964250081	-1.23393515263	4.49516163494	1.67435975841	-0.540990813465	252
19	0.0	0.5	0.0	3.77871265454	0.753784511739	-1.21142626553	3.92094839175	1.67017030943	-0.566775526566	253
19	0.0	0.75	0.0	3.17993501964	0.788153735527	-1.16556475192	3.3211083708	1.63153032943	-0.555128883126	254
19	0.0	1.0	0.0	2.622617659	0.753192194	-1.130547846	2.72355648	1.53082047099	-0.548383819806	255
19	0.25	0.0	0.0	4.91250094454	0.716644394616	-1.38069790377	5.03618991403	1.65020277821	-0.629674335931	256
19	0.25	0.25	0.0	4.36886411321	0.711326119593	-1.42550209662	4.51345990689	1.65190659341	-0.739637240103	257
19	0.25	0.5	0.0	3.77853876358	0.723309402565	-1.39872257606	3.95059585083	1.62884971238	-0.770821068902	258
19	0.25	0.75	0.0	3.18602826599	0.719825331951	-1.34702086385	3.36301054732	1.56711200387	-0.768246414289	259
19	0.25	1.0	0.0	2.63583599076	0.668104996168	-1.31705848172	2.76611679778	1.45277333664	-0.776933868224	260
19	0.5	0.0	0.0	4.88333668767	0.764609161363	-1.55306996672	5.03665209307	1.66185733062	-0.841364709461	261
19	0.5	0.25	0.0	4.3354656047	0.762700375151	-1.61065638222	4.51369897049	1.67467402955	-0.952357106033	262
19	0.5	0.5	0.0	3.74730836797	0.723143213665	-1.58569671307	3.94804237526	1.61545835658	-0.982972892631	263
19	0.5	0.75	0.0	3.15984097088	0.654216858314	-1.53060708379	3.358871274	1.50412876407	-0.982281797832	264
19	0.5	1.0	0.0	2.61403940685	0.564200490504	-1.49780361891	2.76537463331	1.36060370435	-0.999353550214	265
19	0.75	0.0	0.0	4.84546536873	0.794859975429	-1.70224177431	5.02463462899	1.65369130746	-1.046357969	266
19	0.75	0.25	0.0	4.29345563388	0.796524375881	-1.77049536642	4.50202053105	1.67560540772	-1.15666065457	267
19	0.75	0.5	0.0	3.71157851666	0.709042002082	-1.74999453857	3.93149609715	1.58089814355	-1.18415847806	268
19	0.75	0.75	0.0	3.1321610053	0.577519650496	-1.69449727805	3.33839297724	1.42095011873	-1.18148712557	269
19	0.75	1.0	0.0	2.58753008802	0.447064117588	-1.65776157215	2.74804282129	1.24714193708	-1.20128228319	270
19	1.0	0.0	0.0	4.812887759	0.753789834	-1.814444733	5.00755242118	1.5727143352	-1.22049915579	271
19	1.0	0.25	0.0	4.26295764124	0.748235480913	-1.88611640622	4.48456629384	1.58764406885	-1.33005812901	272
19	1.0	0.5	0.0	3.69790625865	0.63676182486	-1.86926191461	3.91916514859	1.47607097481	-1.35530530549	273
19	1.0	0.75	0.0	3.13377624024	0.475925044377	-1.81686531294	3.33127808345	1.29594557661	-1.35011448931	274
19	1.0	1.0	0.0	2.586610215	0.322281318	-1.781910656	2.7408341964	1.10521839775	-1.36835948456	275
20	0.0	0.0	0.0	2.622617659	0.753192194	-1.130547846	2.72355648	1.53082047099	-0.548383819806	276
20	0.0	0.25	0.0	2.06168864899	0.65207948613	-1.10451638412	2.10457714875	1.37649152967	-0.577609623376	277
20	0.0	0.5	0.0	1.47012230456	0.552543724143	-1.07707900891	1.4771380706	1.22444651989	-0.624232466986	278
20	0.0	0.75	0.0	0.862939690098	0.484764363335	-1.0676292465	0.859471579184	1.10270949785	-0.657202563895	279
20	0.0	1.0	0.0	0.25516187	0.478920859	-1.095560623	0.269810008166	1.03930451977	-0.64547012736	280
20	0.25	0.0	0.0	2.63583599076	0.668104996168	-1.31705848172	2.76611679778	1.45277333664	-0.776933868224	281
20	0.25	0.25	0.0	2.08050860556	0.555681441449	-1.30050839413	2.13954199462	1.28687274203	-0.819389855507	282
20	0.25	0.5	0.0	1.49036565396	0.426046519473	-1.27368495025	1.50583847196	1.11146189091	-0.866992958364	283
20	0.25	0.75	0.0	0.881735760186	0.321225433597	-1.25988567898	0.881134114639	0.958709462691	-0.891111252863	284
20	0.25	1.0	0.0	0.270947548451	0.283243387179	-1.2824081092	0.281556807482	0.860784136817	-0.863112815072	285
20	0.5	0.0	0.0	2.61403940685	0.564200490504	-1.49780361891	2.76537463331	1.36060370435	-0.999353550214	286
20	0.5	0.25	0.0	2.06323030901	0.436084839488	-1.4759734753	2.13978838378	1.17766086566	-1.0440604274	287
20	0.5	0.5	0.0	1.4790143892	0.284313545569	-1.43720697934	1.5001447064	0.973648784272	-1.07730938973	288
20	0.5	0.75	0.0	0.879363187425	0.15493636616	-1.40875062714	0.876014129953	0.79187591755	-1.07877799033	289
20	0.5	1.0	0.0	0.282248243705	0.0940030586728	-1.41785091485	0.296967183253	0.675650722854	-1.02814378228	290
20	0.75	0.0	0.0	2.58753008802	0.447064117588	-1.65776157215	2.74804282129	1.24714193708	-1.20128228319	291
20	0.75	0.25	0.0	2.03570073004	0.303836785129	-1.63022322999	2.12580947363	1.04841413137	-1.24426965875	292
20	0.75	0.5	0.0	1.45671531822	0.139125889998	-1.58421676954	1.48418307939	0.822896408608	-1.26386798187	293
20	0.75	0.75	0.0	0.869198369319	-0.00453164009035	-1.54557515238	0.866500367816	0.6210111698	-1.24610847173	294
20	0.75	1.0	0.0	0.291774400106	-0.0845988774195	-1.54013134007	0.316098068186	0.493180815959	-1.17702234755	295
20	1.0	0.0	0.0	2.586610215	0.322281318	-1.781910656	2.7408341964	1.10521839775	-1.36835948456	296
20	1.0	0.25	0.0	2.02376683936	0.169484383255	-1.76256926056	2.11809842155	0.898690769981	-1.41266586928	297
20	1.0	0.5	0.0	1.44411524899	0.0022646403263	-1.73128599424	1.48207989641	0.671093972539	-1.43535495555	298
20	1.0	0.75	0.0	0.864617703375	-0.147607386266	-1.70171031606	0.874981570916	0.464917526818	-1.41900839253	299
20	1.0	1.0	0.0	0.302236462	-0.248361172	-1.687491685	0.339006394985	0.322650954211	-1.34620782943	300
25	0.0	0.0	0.0	4.812887759	0.753789834	-1.814444733	5.00755242118	1.5727143352	-1.22049915579	301
25	0.0	0.25	0.0	4.26295764124	0.748235480913	-1.88611640622	4.48456629384	1.58764406885	-1.33005812901	302
25	0.0	0.5	0.0	3.69790625865	0.63676182486	-1.86926191461	3.91916514859	1.47607097481	-1.35530530549	303
25	0.0	0.75	0.0	3.13377624024	0.475925044377	-1.81686531294	3.33127808345	1.29594557661	-1.35011448931	304
25	0.0	1.0	0.0	2.586610215	0.322281318	-1.781910656	2.7408341964	1.10521839775	-1.36835948456	305
25	0.25	0.0	0.0	4.78922048623	0.487774492566	-1.90860217742	4.98877181411	1.21825772106	-1.45626518336	306
25	0.25	0.25	0.0	4.25517052932	0.456945350037	-1.98284371099	4.47061446391	1.19877634583	-1.56968102473	307
25	0.25	0.5	0.0	3.72028578171	0.336936645588	-1.98243036841	3.92341029	1.08077628338	-1.60364562944	308
25	0.25	0.75	0.0	3.18162083597	0.171014466924	-1.9533383995	3.35483920675	0.903199534834	-1.60573071912	309
25	0.25	1.0	0.0	2.63623028466	0.00244490174952	-1.94154405408	2.77258112851	0.704988101328	-1.62350801542	310
25	0.5	0.0	0.0	4.8056567289	0.136778437607	-1.85846750772	5.00091540505	0.782839417068	-1.54064258639	311
25	0.5	0.25	0.0	4.28739705167	0.088435718892	-1.94313772092	4.49738679988	0.736640757077	-1.66482367919	312
25	0.5	0.5	0.0	3.75585857358	-0.0438548876849	-1.97461694298	3.9555596517	0.601535228438	-1.72387134877	313
25	0.5	0.75	0.0	3.2204694249	-0.220154193101	-1.98527665997	3.39640201672	0.414562180193	-1.75068415406	314
25	0.5	1.0	0.0	2.69065773589	-0.400523008333	-2.00748835796	2.84088195112	0.21276096139	-1.77816065399	315
25	0.75	0.0	0.0	4.83272654162	-0.230086253155	-1.73181099965	5.03771673147	0.349767022304	-1.49716646012	316
25	0.75	0.25	0.0	4.32618034308	-0.299400579052	-1.82269414923	4.55038460012	0.280052208198	-1.63000887931	317
25	0.75	0.5	0.0	3.79044208021	-0.450326402217	-1.87973939611	4.01517764194	0.12421826457	-1.71055295824	318
25	0.75	0.75	0.0	3.25314613588	-0.639318120186	-1.92390887682	3.46841926814	-0.0745920268903	-1.75945690016	319
25	0.75	1.0	0.0	2.74192689293	-0.822830130498	-1.97616472786	2.94643288993	-0.273235884496	-1.79737890832	320
25	1.0	0.0	0.0	4.840959979	-0.543707502	-1.596402929	5.09290933088	0.00234813584345	-1.3493718998	321
25	1.0	0.25	0.0	4.33806353837	-0.648670710326	-1.67720870919	4.61510916303	-0.09217439521	-1.47975941205	322
25	1.0	0.5	0.0	3.8098537476	-0.827191525266	-1.73171548565	4.10182866898	-0.265304153652	-1.55826095263	323
25	1.0	0.75	0.0	3.28247509778	-1.02821449882	-1.78046383254	3.58334371582	-0.468888625997	-1.60653106346	324
25	1.0	1.0	0.0	2.78207208	-1.200684183	-1.843994324	3.08993017062	-0.65477529876	-1.64622428643	325
26	0.0	0.0	0.0	2.586610215	0.322281318	-1.781910656	2.7408341964	1.10521839775	-1.36835948456	326
26	0.0	0.25	0.0	2.02376683936	0.169484383255	-1.76256926056	2.11809842155	0.898690769981	-1.41266586928	327
26	0.0	0.5	0.0	1.44411524899	0.0022646403263	-1.73128599424	1.48207989641	0.671093972539	-1.43535495555	328
26	0.0	0.75	0.0	0.864617703375	-0.147607386266	-1.70171031606	0.874981570916	0.464917526818	-1.41900839253	329
26	0.0	1.0	0.0	0.302236462	-0.248361172	-1.687491685	0.339006394985	0.322650954211	-1.34620782943	330
26	0.25	0.0	0.0	2.63623028466	0.00244490174952	-1.94154405408	2.77258112851	0.704988101328	-1.62350801542	331
26	0.25	0.25	0.0	2.05445520276	-0.163083182217	-1.95710080971	2.15548069545	0.495408905138	-1.66868635662	332
26	0.25	0.5	0.0	1.46607264556	-0.32570970453	-1.97203080236	1.54168063449	0.28670031445	-1.70275927207	333
26	0.25	0.75	0.0	0.886654244923	-0.47364712305	-1.97975532288	0.953320935564	0.095709096533	-1.70341547712	334
26	0.25	1.0	0.0	0.331771632707	-0.595107895636	-1.97369566211	0.412541588576	-0.0607179813458	-1.64834368713	335
26	0.5	0.0	0.0	2.69065773589	-0.400523008333	-2.00748835796	2.84088195112	0.21276096139	-1.77816065399	336
26	0.5	0.25	0.0	2.11186450162	-0.581720972325	-2.05576182506	2.24714755011	-0.00197532867891	-1.81968078461	337
26	0.5	0.5	0.0	1.51729675971	-0.751580630534	-2.10603823119	1.65115602711	-0.210570577485	-1.85114709783	338
26	0.5	0.75	0.0	0.92894610386	-0.89978184425	-2.14740905339	1.06797674802	-0.39704773086	-1.85862759337	339
26	0.5	1.0	0.0	0.368804127754	-1.01600447476	-2.16896576868	0.512679078731	-0.545429734633	-1.82819027096	340
26	0.75	0.0	0.0	2.74192689293	-0.822830130498	-1.97616472786	2.94643288993	-0.273235884496	-1.79737890832	341
26	0.75	0.25	0.0	2.17135361979	-1.01201502649	-2.05324650984	2.37327677108	-0.490109786004	-1.83835944549	342
26	0.75	0.5	0.0	1.57030798487	-1.19377294793	-2.13259563197	1.77630706846	-0.709918786255	-1.86869327939	343
26	0.75	0.75	0.0	0.970169131664	-1.34702258685	-2.20123792499	1.17725257522	-0.902733147574	-1.8813907861	344
26	0.75	1.0	0.0	0.402316203674	-1.45068263526	-2.24619921965	0.597842084524	-1.03862313228	-1.86946234171	345
26	1.0	0.0	0.0	2.78207208	-1.200684183	-1.843994324	3.08993017062	-0.65477529876	-1.64622428643	346
26	1.0	0.25	0.0	2.20828144112	-1.37955138412	-1.94424906727	2.51404614391	-0.86564232137	-1.69743263152	347
26	1.0	0.5	0.0	1.59762671446	-1.57071146697	-2.05099035593	1.88293475274	-1.10054439485	-1.74357266331	348
26	1.0	0.75	0.0	0.988999179815	-1.73638038784	-2.13780835513	1.23945198411	-1.31072734582	-1.76845110009	349
26	1.0	1.0	0.0	0.421290117	-1.838774103	-2.17829323	0.626453825026	-1.44743700092	-1.75587466016	350
27	0.0	0.0	0.0	4.840959979	-0.543707502	-1.596402929	5.09290933088	0.00234813584345	-1.3493718998	351
27	0.0	0.25	0.0	4.33806353837	-0.648670710326	-1.67720870919	4.61510916303	-0.09217439521	-1.47975941205	352
27	0.0	0.5	0.0	3.8098537476	-0.827191525266	-1.73171548565	4.10182866898	-0.265304153652	-1.55826095263	353
27	0.0	0.75	0.0	3.28247509778	-1.02821449882	-1.78046383254	3.58334371582	-0.468888625997	-1.60653106346	354
27	0.0	1.0	0.0	2.78207208	-1.200684183	-1.843994324	3.08993017062	-0.65477529876	-1.64622428643	355
27	0.25	0.0	0.0	4.8768476605	-0.890526689871	-1.46209375522	5.16395563643	-0.353699704463	-1.05932105463	356
27	0.25	0.25	0.0	4.37083281151	-1.05216442793	-1.52726989143	4.68625265698	-0.483634823239	-1.17388006295	357
27	0.25	0.5	0.0	3.85447004711	-1.26864396333	-1.56170223087	4.19555089607	-0.684448727006	-1.23190101112	358
27	0.25	0.75	0.0	3.33705400455	-1.48552502785	-1.59058782671	3.70123449733	-0.904779587551	-1.26421589146	359
27	0.25	1.0	0.0	2.8278793211	-1.64836735327	-1.63912373208	3.2126876044	-1.09326557666	-1.30165669633	360
27	0.5	0.0	0.0	4.97172603701	-1.27041435154	-1.29754209628	5.23188405695	-0.732028063398	-0.650621710586	361
27	0.5	0.25	0.0	4.46066691047	-1.48464538493	-1.35968998205	4.74754777369	-0.898582842623	-0.746092433653	362
27	0.5	0.5	0.0	3.93857169032	-1.72440164568	-1.38993988419	4.249539178	-1.12991756042	-0.796228364502	363
27	0.5	0.75	0.0	3.40997374478	-1.94883766126	-1.40699130055	3.74259547506	-1.37879232192	-0.828694698123	364
27	0.5	1.0	0.0	2.8794064421	-2.11710795911	-1.42954372896	3.23145387005	-1.59796723226	-0.871156629509	365
27	0.75	0.0	0.0	5.07041067177	-1.55593715418	-1.07697039444	5.28266053383	-1.00340333875	-0.187065026298	366
27	0.75	0.25	0.0	4.55578673109	-1.81599074522	-1.13130220304	4.79438496555	-1.20936950994	-0.253006009711	367
27	0.75	0.5	0.0	4.01844167966	-2.08022192526	-1.15664644927	4.277593623	-1.47686599729	-0.29118187799	368
27	0.75	0.75	0.0	3.47031032123	-2.31962011732	-1.16237473969	3.74532815322	-1.76320915069	-0.321109684538	369
27	0.75	1.0	0.0	2.92332745955	-2.50517474439	-1.15785868086	3.21063020322	-2.02571532006	-0.362306482759	370
27	1.0	0.0	0.0	5.117717128	-1.619661765	-0.774601092	5.30225100846	-1.0385919283	0.2675578396	371
27	1.0	0.25	0.0	4.60441316924	-1.91607767269	-0.798939776385	4.82215468496	-1.28834588178	0.248769723323	372
27	1.0	0.5	0.0	4.05036301758	-2.22186215498	-0.802039929767	4.2935143393	-1.60044938099	0.24329958322	373
27	1.0	0.75	0.0	3.48713973664	-2.49934011428	-0.789438629766	3.74733403599	-1.93031239543	0.23739694819	374
27	1.0	1.0	0.0	2.94631639	-2.710836453	-0.766672954	3.21461783956	-2.23334489457	0.217311347132	375
28	0.0	0.0	0.0	2.78207208	-1.200684183	-1.843994324	3.08993017062	-0.65477529876	-1.64622428643	376
28	0.0	0.25	0.0	2.20828144112	-1.37955138412	-1.94424906727	2.51404614391	-0.86564232137	-1.69743263152	377
28	0.0	0.5	0.0	1.59762671446	-1.57071146697	-2.05099035593	1.88293475274	-1.10054439485	-1.74357266331	378
28	0.0	0.75	0.0	0.988999179815	-1.73638038784	-2.13780835513	1.23945198411	-1.31072734582	-1.76845110009	379
28	0.0	1.0	0.0	0.421290117	-1.838774103	-2.17829323	0.626453825026	-1.44743700092	-1.75587466016	380
28	0.25	0.0	0.0	2.8278793211	-1.64836735327	-1.63912373208	3.2126876044	-1.09326557666	-1.30165669633	381
28	0.25	0.25	0.0	2.24574000484	-1.80586679998	-1.73362255193	2.62358350415	-1.29430420664	-1.36643099499	382
28	0.25	0.5	0.0	1.63328373578	-1.99084819562	-1.83968479413	1.96048399261	-1.52556286599	-1.43092002506	383
28	0.25	0.75	0.0	1.02678573461	-2.16069838994	-1.92000284739	1.28040173676	-1.73984433101	-1.46605305725	384
28	0.25	1.0	0.0	0.462521222019	-2.27280423272	-1.93726910046	0.640349403596	-1.88995137802	-1.44275936228	385
28	0.5	0.0	0.0	2.8794064421	-2.11710795911	-1.42954372896	3.23145387005	-1.59796723226	-0.871156629509	386
28	0.5	0.25	0.0	2.30300210502	-2.26594020788	-1.47991918805	2.64792351501	-1.8003898777	-0.935791596394	387
28	0.5	0.5	0.0	1.70288661555	-2.43165901858	-1.5394462001	1.99907845447	-2.00696028246	-0.995328492411	388
28	0.5	0.75	0.0	1.10554056673	-2.5857800527	-1.58355049111	1.33083782055	-2.19838500721	-1.02537925013	389
28	0.5	1.0	0.0	0.537444551639	-2.69981897175	-1.58765778707	0.68912074537	-2.35537061258	-1.00155580211	390
28	0.75	0.0	0.0	2.92332745955	-2.50517474439	-1.15785868086	3.21063020322	-2.02571532006	-0.362306482759	391
28	0.75	0.25	0.0	2.36070185245	-2.65031532489	-1.15891520504	2.64238158543	-2.23699409549	-0.420890345549	392
28	0.75	0.5	0.0	1.77012206556	-2.78666279127	-1.16583577135	2.01839761759	-2.41352634638	-0.476555869054	393
28	0.75	0.75	0.0	1.17551869826	-2.90726573446	-1.1718050928	1.37197096474	-2.56901892101	-0.508695520268	394
28	0.75	1.0	0.0	0.60082234994	-3.0051727454	-1.17000788241	0.736394291895	-2.71717866767	-0.496701766187	395
28	1.0	0.0	0.0	2.94631639	-2.710836453	-0.766672954	3.21461783956	-2.23334489457	0.217311347132	396
28	1.0	0.25	0.0	2.3994733579	-2.8495358681	-0.746386832343	2.66227312431	-2.45721162095	0.16289684773	397
28	1.0	0.5	0.0	1.7986767976	-2.9493783691	-0.734414705383	2.03812096123	-2.61405075983	0.0856400413371	398
28	1.0	0.75	0.0	1.18697515125	-3.02079579356	-0.728120458981	1.3850118986	-2.73441561902	0.0217322907944	399
28	1.0	1.0	0.0	0.607416861	-3.074219979	-0.724867979	0.745796484716	-2.84885950632	0.00736495894207	400
33	0.0	0.0	0.0	5.117717128	-1.619661765	-0.774601092	5.30225100846	-1.0385919283	0.2675578396	401
33	0.0	0.25	0.0	4.60441316924	-1.91607767269	-0.798939776385	4.82215468496	-1.28834588178	0.248769723323	402
33	0.0	0.5	0.0	4.05036301758	-2.22186215498	-0.802039929767	4.2935143393	-1.60044938099	0.24329958322	403
33	0.0	0.75	0.0	3.48713973664	-2.49934011428	-0.789438629766	3.74733403599	-1.93031239543	0.23739694819	404
33	0.0	1.0	0.0	2.94631639	-2.710836453	-0.766672954	3.21461783956	-2.23334489457	0.217311347132	405
33	0.25	0.0	0.0	5.07198573821	-1.47691152034	-0.586547744624	5.2296916807	-0.86450893377	0.521375324724	406
33	0.25	0.25	0.0	4.5617306828	-1.76794682433	-0.578492274491	4.74672344148	-1.11926184373	0.550051517879	407
33	0.25	0.5	0.0	4.0109642017	-2.08579982666	-0.54017686164	4.2243483815	-1.4477147942	0.594376912663	408
33	0.25	0.75	0.0	3.45620896026	-2.38175593125	-0.487915524489	3.69624488748	-1.79580996498	0.63723323511	409
33	0.25	1.0	0.0	2.93398762386	-2.60710054203	-0.438022281456	3.19609134614	-2.10948953585	0.661502211252	410
33	0.5	0.0	0.0	4.9702758261	-1.22372174739	-0.539421346987	5.0779454255	-0.599091545811	0.626270321096	411
33	0.5	0.25	0.0	4.45796898385	-1.46777879513	-0.514997064135	4.5682669451	-0.811713299026	0.688241704322	412
33	0.5	0.5	0.0	3.92902008863	-1.74994311453	-0.437628643024	4.05869628213	-1.11711699856	0.77430969261	413
33	0.5	0.75	0.0	3.400769279	-2.0248717174	-0.337934193367	3.56503378402	-1.45057478184	0.864709946479	414
33	0.5	1.0	0.0	2.89055669351	-2.24722161552	-0.246531824877	3.10307979818	-1.74735878629	0.939678126452	415
33	0.75	0.0	0.0	4.87406728169	-0.893069378736	-0.507598190357	4.94416684222	-0.304924497464	0.69587172564	416
33	0.75	0.25	0.0	4.34940697168	-1.0823761094	-0.475044841975	4.40105470379	-0.462062771361	0.7737618141	417
33	0.75	0.5	0.0	3.83949915644	-1.31819786245	-0.375704079665	3.89604879573	-0.725444862362	0.881170667944	418
33	0.75	0.75	0.0	3.33536981932	-1.5617824117	-0.245980681388	3.42432231606	-1.02605924377	1.00047774038	419
33	0.75	1.0	0.0	2.82804494365	-1.77437753101	-0.122279425109	2.98104846283	-1.29489438888	1.11406248462	420
33	1.0	0.0	0.0	4.844839995	-0.517931347	-0.365454566	4.92551053025	-0.0445925217741	0.843808435278	421
33	1.0	0.25	0.0	4.29232354556	-0.678541291472	-0.325226304672	4.35935622553	-0.166672784442	0.917033378662	422
33	1.0	0.5	0.0	3.77736988319	-0.894469914241	-0.23571197731	3.83589667681	-0.389487253906	1.01303258355	423
33	1.0	0.75	0.0	3.27455970772	-1.12558295314	-0.118541033543	3.34473207405	-0.653715748517	1.12518727489	424
33	1.0	1.0	0.0	2.758473719	-1.331746146	0.004657077	2.87546260726	-0.900038086622	1.24687867763	425
34	0.0	0.0	0.0	2.94631639	-2.710836453	-0.766672954	3.21461783956	-2.23334489457	0.217311347132	426
34	0.0	0.25	0.0	2.3994733579	-2.8495358681	-0.746386832343	2.66227312431	-2.45721162095	0.16289684773	427
34	0.0	0.5	0.0	1.7986767976	-2.9493783691	-0.734414705383	2.03812096123	-2.61405075983	0.0856400413371	428
34	0.0	0.75	0.0	1.18697515125	-3.02079579356	-0.728120458981	1.3850118986	-2.73441561902	0.0217322907944	429
34	0.0	1.0	0.0	0.607416861	-3.074219979	-0.724867979	0.745796484716	-2.84885950632	0.00736495894207	430
34	0.25	0.0	0.0	2.93398762386	-2.60710054203	-0.438022281456	3.19609134614	-2.10948953585	0.661502211252	431
34	0.25	0.25	0.0	2.38145596198	-2.75570587352	-0.379895152127	2.65522672773	-2.35455585568	0.651607699174	432
34	0.25	0.5	0.0	1.76179847277	-2.85427964213	-0.310468317669	2.02300500881	-2.53850835266	0.614016408675	433
34	0.25	0.75	0.0	1.13338430506	-2.9105696341	-0.246897977119	1.35442556517	-2.67158585569	0.577395354809	434
34	0.25	1.0	0.0	0.55458260765	-2.93232363568	-0.206340329516	0.704487772579	-2.76402719371	0.570411552628	435
34	0.5	0.0	0.0	2.89055669351	-2.24722161552	-0.246531824877	3.10307979818	-1.74735878629	0.939678126452	436
34	0.5	0.25	0.0	2.31028618431	-2.42740718586	-0.119392673779	2.56915112994	-2.01804634558	1.00789335916	437
34	0.5	0.5	0.0	1.68514276146	-2.56697853201	0.050071253123	1.95004622171	-2.26191395139	1.06587918212	438
34	0.5	0.75	0.0	1.06105080517	-2.65922301397	0.212935706736	1.29031247635	-2.4527769055	1.1139924145	439
34	0.5	1.0	0.0	0.48393469564	-2.69742799173	0.320276437963	0.634497296732	-2.56445050966	1.15258987545	440
34	0.75	0.0	0.0	2.82804494365	-1.77437753101	-0.122279425109	2.98104846283	-1.29489438888	1.11406248462	441
34	0.75	0.25	0.0	2.2152768159	-1.9813673544	0.0707207211762	2.44097694646	-1.57841662501	1.26104641701	442
34	0.75	0.5	0.0	1.59309229477	-2.159730169	0.337933553747	1.84067061901	-1.86379293591	1.42740310628	443
34	0.75	0.75	0.0	0.982702669623	-2.29356854752	0.601659212533	1.20156954132	-2.10299885063	1.58054614405	444
34	0.75	1.0	0.0	0.40531922981	-2.36698506267	0.784197837461	0.545113774189	-2.24800989822	1.68788912191	445
34	1.0	0.0	0.0	2.758473719	-1.331746146	0.004657077	2.87546260726	-0.900038086622	1.24687867763	446
34	1.0	0.25	0.0	2.12574064776	-1.53431392845	0.226045151217	2.30763479278	-1.16640022835	1.44035946206	447
34	1.0	0.5	0.0	1.51002970381	-1.70478968335	0.543848130958	1.71630421979	-1.42367068606	1.68476292577	448
34	1.0	0.75	0.0	0.911067916456	-1.84041884907	0.869551160221	1.09709366921	-1.64726177326	1.92607921763	449
34	1.0	1.0	0.0	0.328582315	-1.938446864	1.114639383	0.445625921963	-1.81258580347	2.1102984865	450
35	0.0	0.0	0.0	4.844839995	-0.517931347	-0.365454566	4.92551053025	-0.0445925217741	0.843808435278	451
35	0.0	0.25	0.0	4.29232354556	-0.678541291472	-0.325226304672	4.35935622553	-0.166672784442	0.917033378662	452
35	0.0	0.5	0.0	3.77736988319	-0.894469914241	-0.23571197731	3.83589667681	-0.389487253906	1.01303258355	453
35	0.0	0.75	0.0	3.27455970772	-1.12558295314	-0.118541033543	3.34473207405	-0.653715748517	1.12518727489	454
35	0.0	1.0	0.0	2.758473719	-1.331746146	0.004657077	2.87546260726	-0.900038086622	1.24687867763	455
35	0.25	0.0	0.0	4.84069766032	-0.277924193679	-0.152693229998	4.94864388742	0.103750637288	1.04231577216	456
35	0.25	0.25	0.0	4.27400782588	-0.398522351335	-0.10747935813	4.38187812985	0.0133696752558	1.10539385318	457
35	0.25	0.5	0.0	3.74004288801	-0.581267309036	-0.048105320643	3.83472132418	-0.158175445257	1.17427518432	458
35	0.25	0.75	0.0	3.22069932211	-0.783232390588	0.0250689310964	3.30877985555	-0.368180448457	1.25386469345	459
35	0.25	1.0	0.0	2.69787360356	-0.961490919797	0.111683445722	2.8056601091	-0.573941058552	1.34906730841	460
35	0.5	0.0	0.0	4.80437722628	-0.138153539213	0.0607602489703	4.91715430398	0.227429231718	1.24042733919	461
35	0.5	0.25	0.0	4.24586794031	-0.182632788965	0.0977958802063	4.36142849693	0.186915269454	1.29104570058	462
35	0.5	0.5	0.0	3.69869638839	-0.296685373532	0.112518620652	3.80311362037	0.0829693711534	1.32377112358	463
35	0.5	0.75	0.0	3.1634432314	-0.437141185224	0.124695529839	3.25904023456	-0.0528967618998	1.354732628	464
35	0.5	1.0	0.0	2.6406891302	-0.560830116346	0.154093667298	2.7460388998	-0.18917142842	1.40005923366	465
35	0.75	0.0	0.0	4.7621414006	0.000272955109945	0.237647125953	4.85853985854	0.4026981999	1.40639894928	466
35	0.75	0.25	0.0	4.21506937293	0.0242820762513	0.248617767844	4.31396522419	0.406033880748	1.43296407977	467
35	0.75	0.5	0.0	3.66197904346	-0.0215435331153	0.206399584831	3.75743600819	0.360611459652	1.41697981452	468
35	0.75	0.75	0.0	3.1152407454	-0.0988044452023	0.151221153573	3.21163333184	0.290428928783	1.38788235604	469
35	0.75	1.0	0.0	2.58722481199	-0.169101232222	0.123311050726	2.69923831649	0.219484280311	1.37510790686	470
35	1.0	0.0	0.0	4.740252891	0.236247628	0.340708656	4.8002986297	0.705812480218	1.50848641533	471
35	1.0	0.25	0.0	4.1887776078	0.277376924925	0.303004662289	4.25544620905	0.722795391732	1.49012414966	472
35	1.0	0.5	0.0	3.63853951235	0.26333878683	0.19377731015	3.71405093047	0.701415084569	1.40936067032	473
35	1.0	0.75	0.0	3.08854117397	0.22028272132	0.075528193186	3.18267926816	0.660090241221	1.31340515502	474
35	1.0	1.0	0.0	2.537785162	0.174358236	0.010758905	2.6678976963	0.61723954418	1.24946678151	475
36	0.0	0.0	0.0	2.758473719	-1.331746146	0.004657077	2.87546260726	-0.900038086622	1.24687867763	476
36	0.0	0.25	0.0	2.12574064776	-1.53431392845	0.226045151217	2.30763479278	-1.16640022835	1.44035946206	477
36	0.0	0.5	0.0	1.51002970381	-1.70478968335	0.543848130958	1.71630421979	-1.42367068606	1.68476292577	478
36	0.0	0.75	0.0	0.911067916456	-1.84041884907	0.869551160221	1.09709366921	-1.64726177326	1.92607921763	479
36	0.0	1.0	0.0	0.328582315	-1.938446864	1.114639383	0.445625921963	-1.81258580347	2.1102984865	480
36	0.25	0.0	0.0	2.69787360356	-0.961490919797	0.111683445722	2.8056601091	-0.573941058552	1.34906730841	481
36	0.25	0.25	0.0	2.07693908178	-1.12996529211	0.303911471781	2.22273520784	-0.793545881434	1.530115956	482
36	0.25	0.5	0.0	1.46852437125	-1.27217384238	0.597959866341	1.62797866532	-0.99254939383	1.77948113772	483
36	0.25	0.75	0.0	0.876730784267	-1.3916347112	0.909887588412	1.01678946544	-1.16425879585	2.03598210748	484
36	0.25	1.0	0.0	0.305659633167	-1.49186603918	1.155753597	0.384566592077	-1.30198128762	2.23843811916	485
36	0.5	0.0	0.0	2.6406891302	-0.560830116346	0.154093667298	2.7460388998	-0.18917142842	1.40005923366	486
36	0.5	0.25	0.0	2.05278202333	-0.693250359835	0.278501925922	2.17924597927	-0.35552823857	1.52303476156	487
36	0.5	0.5	0.0	1.45569220653	-0.837260306212	0.491891384772	1.58421291572	-0.53161963929	1.71141068222	488
36	0.5	0.75	0.0	0.875149499652	-0.969754522226	0.723268435084	0.978416905231	-0.679388287764	1.90687864701	489
36	0.5	1.0	0.0	0.336883722555	-1.06762757463	0.901639468093	0.379335143877	-0.760776841175	2.05113030735	490
36	0.75	0.0	0.0	2.58722481199	-0.169101232222	0.123311050726	2.69923831649	0.219484280311	1.37510790686	491
36	0.75	0.25	0.0	2.02695743029	-0.266795309379	0.171659011719	2.15676902396	0.104128979146	1.42421030701	492
36	0.75	0.5	0.0	1.44311826753	-0.40922925599	0.279951046531	1.56921845785	-0.0547116962811	1.52358334	493
36	0.75	0.75	0.0	0.874635650102	-0.549715248289	0.400950338043	0.972006386565	-0.188141310856	1.62879966457	494
36	0.75	1.0	0.0	0.360437904415	-0.641565462512	0.487420069136	0.400552578548	-0.227263429465	1.69543193945	495
36	1.0	0.0	0.0	2.537785162	0.174358236	0.010758905	2.6678976963	0.61723954418	1.24946678151	496
36	1.0	0.25	0.0	1.97315326056	0.106773681495	0.00522522725304	2.1349062588	0.541902050615	1.23873702056	497
36	1.0	0.5	0.0	1.40238761211	0.00273912715659	0.0164472118982	1.56720677855	0.424344161358	1.2590308918	498
36	1.0	0.75	0.0	0.843500823105	-0.10645385551	0.0341899350942	0.987588307418	0.313991073013	1.29177598848	499
36	1.0	1.0	0.0	0.3145055	-0.189513695	0.048218473	0.418839897274	0.260267982187	1.31839990387	500
41	0.0	0.0	0.0	4.740252891	0.236247628	0.340708656	4.8002986297	0.705812480218	1.50848641533	501
41	0.0	0.25	0.0	4.1887776078	0.277376924925	0.303004662289	4.25544620905	0.722795391732	1.49012414966	502
41	0.0	0.5	0.0	3.63853951235	0.26333878683	0.19377731015	3.71405093047	0.701415084569	1.40936067032	503
41	0.0	0.75	0.0	3.08854117397	0.22028272132	0.075528193186	3.18267926816	0.660090241221	1.31340515502	504
41	0.0	1.0	0.0	2.537785162	0.174358236	0.010758905	2.6678976963	0.61723954418	1.24946678151	505
41	0.25	0.0	0.0	4.76105862023	0.394528508945	0.322086409643	4.79829707653	0.929207737831	1.48059268289	506
41	0.25	0.25	0.0	4.19791606044	0.417993981068	0.274795573003	4.24449181477	0.928906271298	1.4532794428	507
41	0.25	0.5	0.0	3.63553968897	0.384799538246	0.161741584763	3.69806662536	0.872504448259	1.36974097882	508
41	0.25	0.75	0.0	3.07661062358	0.324802964129	0.0417820340389	3.16638519871	0.795169796401	1.27188942185	509
41	0.25	1.0	0.0	2.52380998206	0.267862042366	-0.0262254900506	2.6568112252	0.732069843411	1.20163690274	510
41	0.5	0.0	0.0	4.8097332522	0.502931577249	0.227133033186	4.8303170764	1.12252891793	1.36055435587	511
41	0.5	0.25	0.0	4.23745546164	0.524397714424	0.196001644966	4.26601177034	1.1165059823	1.34842444111	512
41	0.5	0.5	0.0	3.64526318706	0.494457387943	0.108893717138	3.69472905314	1.0421832172	1.29341334362	513
41	0.5	0.75	0.0	3.06072389494	0.435792502655	0.00988307712543	3.1439873594	0.941853121396	1.22045385853	514
41	0.5	1.0	0.0	2.51140505176	0.371084963411	-0.056956447647	2.6413051237	0.857808193622	1.15447878094	515
41	0.75	0.0	0.0	4.86023203806	0.594605876679	0.0957788603854	4.86371501065	1.29039398525	1.20309917101	516
41	0.75	0.25	0.0	4.28113731381	0.614852600942	0.0863704449481	4.29102922432	1.28246979061	1.21029489795	517
41	0.75	0.5	0.0	3.66153772073	0.597864493123	0.0354145899398	3.69782485254	1.20456609279	1.19012256435	518
41	0.75	0.75	0.0	3.05240054462	0.550078107474	-0.0327351181095	3.12881709172	1.09432184926	1.14970313833	519
41	0.75	1.0	0.0	2.50469307134	0.47792999825	-0.0937250926698	2.62872113827	0.989376017547	1.09615758799	520
41	1.0	0.0	0.0	4.886510229	0.702700451	-0.032045775	4.8658472606	1.43742090454	1.06295486506	521
41	1.0	0.25	0.0	4.30270311935	0.707623116574	-0.0343504602764	4.29056732527	1.42367296213	1.07362656667	522
41	1.0	0.5	0.0	3.67819100404	0.70057301099	-0.058514914165	3.7011406623	1.35376777639	1.06961344064	523
41	1.0	0.75	0.0	3.06316012922	0.664486549161	-0.0986389922211	3.13420573715	1.24675761306	1.05024193451	524
41	1.0	1.0	0.0	2.507796741	0.582300146	-0.14882255	2.62640101533	1.12169473792	1.0148384958	525
42	0.0	0.0	0.0	2.537785162	0.174358236	0.010758905	2.6678976963	0.61723954418	1.24946678151	526
42	0.0	0.25	0.0	1.97315326056	0.106773681495	0.00522522725304	2.1349062588	0.541902050615	1.23873702056	527
42	0.0	0.5	0.0	1.40238761211	0.00273912715659	0.0164472118982	1.56720677855	0.424344161358	1.2590308918	528
42	0.0	0.75	0.0	0.843500823105	-0.10645385551	0.0341899350942	0.987588307418	0.313991073013	1.29177598848	529
42	0.0	1.0	0.0	0.3145055	-0.189513695	0.048218473	0.418839897274	0.260267982187	1.31839990387	530
42	0.25	0.0	0.0	2.52380998206	0.267862042366	-0.0262254900506	2.6568112252	0.732069843411	1.20163690274	531
42	0.25	0.25	0.0	1.95962774629	0.198365791014	-0.0463230636432	2.13306457184	0.65830622353	1.17876010573	532
42	0.25	0.5	0.0	1.38363341077	0.100875921945	-0.060073157369	1.57290484065	0.551530794095	1.1872452786	533
42	0.25	0.75	0.0	0.816899604376	0.00527126478535	-0.0647836931716	0.998151905065	0.450563934726	1.21517199878	534
42	0.25	1.0	0.0	0.280498955946	-0.0585693508386	-0.057762592995	0.430625638535	0.394226025042	1.2506198437	535
42	0.5	0.0	0.0	2.51140505176	0.371084963411	-0.056956447647	2.6413051237	0.857808193622	1.15447878094	536
42	0.5	0.25	0.0	1.95744235618	0.285144754724	-0.0953210693565	2.13730986492	0.771492515115	1.12334274268	537
42	0.5	0.5	0.0	1.36632620351	0.175040754454	-0.130812212157	1.58275449079	0.660764723069	1.13077944103	538
42	0.5	0.75	0.0	0.781231399093	0.0831989954176	-0.151076377663	1.00938955304	0.564057512965	1.16671309801	539
42	0.5	1.0	0.0	0.245332748249	0.0520455104313	-0.143760067487	0.448965603376	0.519803580285	1.22106793566	540
42	0.75	0.0	0.0	2.50469307134	0.47792999825	-0.0937250926698	2.62872113827	0.989376017547	1.09615758799	541
42	0.75	0.25	0.0	1.95923660607	0.375551941483	-0.149689893504	2.13925169085	0.88660588011	1.06070707993	542
42	0.75	0.5	0.0	1.35357266412	0.260122694923	-0.207174813115	1.58798826686	0.775621641631	1.06471752783	543
42	0.75	0.75	0.0	0.750615942556	0.175980440273	-0.246335096957	1.01366025281	0.68687086006	1.10275543845	544
42	0.75	1.0	0.0	0.213281138427	0.167463359236	-0.247325990486	0.454997035215	0.65080109335	1.1693873186	545
42	1.0	0.0	0.0	2.507796741	0.582300146	-0.14882255	2.62640101533	1.12169473792	1.0148384958	546
42	1.0	0.25	0.0	1.9576500118	0.478028720146	-0.217350639702	2.13049960245	1.00879127325	0.979075265981	547
42	1.0	0.5	0.0	1.34847946641	0.391010813591	-0.300565820888	1.57983870672	0.919677243131	0.964143687721	548
42	1.0	0.75	0.0	0.739172970066	0.33226670324	-0.37220682963	1.00332300582	0.851403028343	0.979655172394	549
42	1.0	1.0	0.0	0.188618388	0.312816666	-0.406012402	0.42985717747	0.801019009674	1.03522113137	550
43	0.0	0.0	0.0	4.886510229	0.702700451	-0.032045775	4.8658472606	1.43742090454	1.06295486506	551
43	0.0	0.25	0.0	4.30270311935	0.707623116574	-0.0343504602764	4.29056732527	1.42367296213	1.07362656667	552
43	0.0	0.5	0.0	3.67819100404	0.70057301099	-0.058514914165	3.7011406623	1.35376777639	1.06961344064	553
43	0.0	0.75	0.0	3.06316012922	0.664486549161	-0.0986389922211	3.13420573715	1.24675761306	1.05024193451	554
43	0.0	1.0	0.0	2.507796741	0.582300146	-0.14882255	2.62640101533	1.12169473792	1.0148384958	555
43	0.25	0.0	0.0	4.89277803882	0.815530781697	-0.145204011085	4.85579108901	1.57187346801	0.939282767842	556
43	0.25	0.25	0.0	4.3068851797	0.81179824691	-0.156136631901	4.28266700658	1.5595227897	0.930516310089	557
43	0.25	0.5	0.0	3.69451013752	0.820901948753	-0.177311902977	3.70860070174	1.51492895466	0.907800232631	558
43	0.25	0.75	0.0	3.08980738436	0.803581071153	-0.207377040063	3.1538475626	1.43127675573	0.882196210113	559
43	0.25	1.0	0.0	2.52693139228	0.720574798041	-0.244979258912	2.63866297727	1.30175098575	0.864765917185	560
43	0.5	0.0	0.0	4.89935609188	0.911301245467	-0.272578495014	4.86228268107	1.70555365548	0.782500448031	561
43	0.5	0.25	0.0	4.30914576869	0.908017545013	-0.288041179802	4.28732664177	1.69286682559	0.756051358615	562
43	0.5	0.5	0.0	3.70059856404	0.920195453968	-0.305866515379	3.71075174185	1.65255039139	0.72045414308	563
43	0.5	0.75	0.0	3.10509068787	0.910549875468	-0.325342853448	3.15851754927	1.57826451065	0.692681614868	564
43	0.5	1.0	0.0	2.55399835013	0.841795712651	-0.345758545711	2.65658363205	1.46366934114	0.689706587424	565
43	0.75	0.0	0.0	4.90296873275	0.975576584504	-0.405568074935	4.87337310884	1.81322180341	0.603046472938	566
43	0.75	0.25	0.0	4.31040037004	0.978716895451	-0.425321068539	4.29695727113	1.80550220592	0.561426373564	567
43	0.75	0.5	0.0	3.70464037373	0.990658379839	-0.441601607339	3.71530653397	1.76294445318	0.5180335352	568
43	0.75	0.75	0.0	3.11809769021	0.984434424231	-0.453146208866	3.16287179437	1.69072880174	0.489690397883	569
43	0.75	1.0	0.0	2.58318126592	0.933078415186	-0.458691390653	2.67410394931	1.59403550818	0.493219401653	570
43	1.0	0.0	0.0	4.900340306	0.993921541	-0.535571599	4.87711344437	1.86963824826	0.411359409875	571
43	1.0	0.25	0.0	4.31156446749	1.00633218279	-0.563233262675	4.30396993492	1.87922606682	0.357836016259	572
43	1.0	0.5	0.0	3.71481965671	1.02449557957	-0.581940034822	3.72997782947	1.84242350664	0.310996772204	573
43	1.0	0.75	0.0	3.13791604182	1.02427617957	-0.591396882808	3.18156639505	1.77167755293	0.281214808269	574
43	1.0	1.0	0.0	2.608663791	0.981538431	-0.591308774	2.68516489872	1.67943519091	0.278863255013	575
44	0.0	0.0	0.0	2.507796741	0.582300146	-0.14882255	2.62640101533	1.12169473792	1.0148384958	576
44	0.0	0.25	0.0	1.9576500118	0.478028720146	-0.217350639702	2.13049960245	1.00879127325	0.979075265981	577
44	0.0	0.5	0.0	1.34847946641	0.391010813591	-0.300565820888	1.57983870672	0.919677243131	0.964143687721	578
44	0.0	0.75	0.0	0.739172970066	0.33226670324	-0.37220682963	1.00332300582	0.851403028343	0.979655172394	579
44	0.0	1.0	0.0	0.188618388	0.312816666	-0.406012402	0.42985717747	0.801019009674	1.03522113137	580
44	0.25	0.0	0.0	2.52693139228	0.720574798041	-0.244979258912	2.63866297727	1.30175098575	0.864765917185	581
44	0.25	0.25	0.0	1.96556327317	0.633515902013	-0.306877095675	2.12476575654	1.19080262044	0.843549128407	582
44	0.25	0.5	0.0	1.3605332237	0.60140329101	-0.394728033599	1.5637844168	1.13641672809	0.815466399929	583
44	0.25	0.75	0.0	0.750133949739	0.585205631845	-0.482451309776	0.972364021524	1.09694024044	0.80647081247	584
44	0.25	1.0	0.0	0.172658157147	0.545891591334	-0.543966161297	0.367149634167	1.03072008923	0.84251544675	585
44	0.5	0.0	0.0	2.55399835013	0.841795712651	-0.345758545711	2.65658363205	1.46366934114	0.689706587424	586
44	0.5	0.25	0.0	1.99536942809	0.781354692481	-0.38188404387	2.14101576357	1.3699796051	0.689677531921	587
44	0.5	0.5	0.0	1.39039330227	0.786536389058	-0.438192302461	1.55916665705	1.33479228554	0.675222111371	588
44	0.5	0.75	0.0	0.77220573439	0.804277524401	-0.496982943957	0.939596586786	1.31519675565	0.672557210791	589
44	0.5	1.0	0.0	0.173942486185	0.78151482053	-0.540555590835	0.310865827065	1.26828238865	0.707899715199	590
44	0.75	0.0	0.0	2.58318126592	0.933078415186	-0.458691390653	2.67410394931	1.59403550818	0.493219401653	591
44	0.75	0.25	0.0	2.03002014717	0.897539727961	-0.469199738237	2.15744104849	1.51926291143	0.505293074049	592
44	0.75	0.5	0.0	1.42316542781	0.92656097138	-0.49118652615	1.55625812394	1.49413236331	0.503603171123	593
44	0.75	0.75	0.0	0.798299004935	0.968741470708	-0.515709588765	0.914989161228	1.48753905562	0.509694035326	594
44	0.75	1.0	0.0	0.19110277563	0.97268055121	-0.533826760455	0.278068145917	1.46837818015	0.54511000911	595
44	1.0	0.0	0.0	2.608663791	0.981538431	-0.591308774	2.68516489872	1.67943519091	0.278863255013	596
44	1.0	0.25	0.0	2.05246710102	0.958065644866	-0.595652432728	2.15223303623	1.61159322358	0.278228352318	597
44	1.0	0.5	0.0	1.44395532604	1.00162790162	-0.613938603345	1.54533151393	1.59376540925	0.260801928258	598
44	1.0	0.75	0.0	0.821324442291	1.05785656056	-0.638539100789	0.90851020447	1.595333622	0.24966095404	599
44	1.0	1.0	0.0	0.222770426	1.072382981	-0.66182574	0.285818980478	1.58567973594	0.267882400874	600
49	0.0	0.0	0.0	6.540369552	-0.215200002	-0.541984	6.50634851509	0.555582386574	0.319171666268	601
49	0.0	0.25	0.0	6.3764688322	0.286226336365	-0.506273205527	6.34201386688	1.11492628666	0.372567859721	602
49	0.0	0.5	0.0	5.98929153054	0.666656089319	-0.49752337543	5.95501286582	1.51530707839	0.41726391736	603
49	0.0	0.75	0.0	5.46764592811	0.908438182364	-0.509400757368	5.43637092171	1.76433948964	0.435960785354	604
49	0.0	1.0	0.0	4.900340306	0.993921541	-0.535571599	4.87711344437	1.86963824826	0.411359409875	605
49	0.25	0.0	0.0	6.54096064544	-0.215052222641	-0.556025482802	6.51364315385	0.556992386149	0.301988345922	606
49	0.25	0.25	0.0	6.37385668596	0.277075529203	-0.590157858656	6.34717208041	1.10376275286	0.257180298337	607
49	0.25	0.5	0.0	5.98079871618	0.641411871401	-0.619205374278	5.95683278161	1.49758721531	0.245182773298	608
49	0.25	0.75	0.0	5.45671809	0.868092735097	-0.649392823809	5.43878663063	1.7483161128	0.231920640263	609
49	0.25	1.0	0.0	4.8965461613	0.947254051434	-0.686945001388	4.88919500063	1.86579978463	0.183318768692	610
49	0.5	0.0	0.0	6.542261051	-0.217204876373	-0.569877523235	6.52969135912	0.557616616894	0.281224262894	611
49	0.5	0.25	0.0	6.3703026107	0.25011577749	-0.673654946832	6.3586633363	1.06873059552	0.152217839874	612
49	0.5	0.5	0.0	5.96896923638	0.58840976023	-0.743824047263	5.96205784042	1.45160376665	0.0898036733915	613
49	0.5	0.75	0.0	5.4437430407	0.792410300427	-0.794919900266	5.44826192315	1.70199256547	0.0451363270386	614
49	0.5	1.0	0.0	4.90010613631	0.856850626663	-0.841477581574	4.92566263615	1.8156534272	-0.0306296355908	615
49	0.75	0.0	0.0	6.54356145656	-0.221575591667	-0.5831970523	6.54573956439	0.556022786075	0.260992691234	616
49	0.75	0.25	0.0	6.36725215455	0.214382290764	-0.756467089134	6.37260627717	1.02099342655	0.0567409801269	617
49	0.75	0.5	0.0	5.95892645159	0.528492787617	-0.872376290571	5.97473393581	1.39132123166	-0.0551537731804	618
49	0.75	0.75	0.0	5.43413725239	0.713624353572	-0.950118563666	5.46906342084	1.64074897351	-0.133044422439	619
49	0.75	1.0	0.0	4.90843746166	0.762645443311	-1.00888781547	4.9725356128	1.74301942418	-0.2352838214	620
49	1.0	0.0	0.0	6.54415255	-0.228081997	-0.595641001	6.55303420315	0.550778600959	0.245406904991	621
49	1.0	0.25	0.0	6.36615086565	0.178910278563	-0.838296904644	6.38511954567	0.971714857867	-0.0301897851131	622
49	1.0	0.5	0.0	5.95579372225	0.482503985374	-1.00585900039	5.99890696133	1.33070410961	-0.195969957239	623
49	1.0	0.75	0.0	5.43331719722	0.663968369747	-1.11912539093	5.50545774523	1.57996546274	-0.311273876288	624
49	1.0	1.0	0.0	4.918957368	0.704572678	-1.198894179	5.01583319247	1.6717180238	-0.435441807162	625
50	0.0	0.0	0.0	6.54415255	-0.228081997	-0.595641001	6.55303420315	0.550778600959	0.245406904991	626
50	0.0	0.25	0.0	6.36615086565	0.178910278563	-0.838296904644	6.38511954567	0.971714857867	-0.0301897851131	627
50	0.0	0.5	0.0	5.95579372225	0.482503985374	-1.00585900039	5.99890696133	1.33070410961	-0.195969957239	628
50	0.0	0.75	0.0	5.43331719722	0.663968369747	-1.11912539093	5.50545774523	1.57996546274	-0.311273876288	629
50	0.0	1.0	0.0	4.918957368	0.704572678	-1.198894179	5.01583319247	1.6717180238	-0.435441807162	630
50	0.25	0.0	0.0	6.54861503656	-0.237266736608	-0.608147712495	6.56256792197	0.538110671021	0.227573398332	631
50	0.25	0.25	0.0	6.37114217313	0.143977284877	-0.924574313356	6.40061203996	0.924335530318	-0.127412490388	632
50	0.25	0.5	0.0	5.96145772546	0.452945129234	-1.13734314037	6.02593390168	1.27885312708	-0.345057733901	633
50	0.25	0.75	0.0	5.43632341033	0.655284823475	-1.27865180127	5.53797827156	1.54102252261	-0.490699344863	634
50	0.25	1.0	0.0	4.91250094454	0.716644394616	-1.38069790377	5.03618991403	1.65020277821	-0.629674335931	635
50	0.5	0.0	0.0	6.558432507	-0.247404541577	-0.617805531567	6.58354210336	0.520309847327	0.206196629901	636
50	0.5	0.25	0.0	6.38152117047	0.107602614106	-1.00410124115	6.42260499925	0.877404993427	-0.232712565085	637
50	0.5	0.5	0.0	5.97079217413	0.424907140868	-1.25890144922	6.04918354104	1.22901197426	-0.5054287122	638
50	0.5	0.75	0.0	5.43510938939	0.659059252142	-1.42696980725	5.55621886141	1.51165476245	-0.684222523105	639
50	0.5	1.0	0.0	4.88333668767	0.764609161363	-1.55306996672	5.03665209307	1.66185733062	-0.841364709461	640
50	0.75	0.0	0.0	6.56824997744	-0.259280075007	-0.625223085355	6.60451628475	0.500771295171	0.187060126752	641
50	0.75	0.25	0.0	6.39124875888	0.0586617938419	-1.07235721975	6.44230711877	0.814405114333	-0.335412862796	642
50	0.75	0.5	0.0	5.97764378985	0.38100871172	-1.36453316717	6.06526415012	1.15992625431	-0.662086938755	643
50	0.75	0.75	0.0	5.42864576243	0.646746248843	-1.55630874592	5.56287683484	1.46409991779	-0.872542005899	644
50	0.75	1.0	0.0	4.84546536873	0.794859975429	-1.70224177431	5.02463462899	1.65369130746	-1.046357969	645
50	1.0	0.0	0.0	6.572712464	-0.273678	-0.631009001	6.61405000357	0.482890179849	0.175947415944	646
50	1.0	0.25	0.0	6.39428583958	-0.0139696483214	-1.12482178085	6.45092709377	0.718817760176	-0.424836237112	647
50	1.0	0.5	0.0	5.97585929421	0.303868533236	-1.44823753443	6.07078399966	1.05034157038	-0.800036460187	648
50	1.0	0.75	0.0	5.41590315749	0.589800406675	-1.6588979543	5.56064951191	1.37059572416	-1.03635638813	649
50	1.0	1.0	0.0	4.812887759	0.753789834	-1.814444733	5.00755242118	1.5727143352	-1.22049915579	650
53	0.0	0.0	0.0	6.572712464	-0.273678	-0.631009001	6.61405000357	0.482890179849	0.175947415944	651
53	0.0	0.25	0.0	6.39428583958	-0.0139696483214	-1.12482178085	6.45092709377	0.718817760176	-0.424836237112	652
53	0.0	0.5	0.0	5.97585929421	0.303868533236	-1.44823753443	6.07078399966	1.05034157038	-0.800036460187	653
53	0.0	0.75	0.0	5.41590315749	0.589800406675	-1.6588979543	5.56064951191	1.37059572416	-1.03635638813	654
53	0.0	1.0	0.0	4.812887759	0.753789834	-1.814444733	5.00755242118	1.5727143352	-1.22049915579	655
53	0.25	0.0	0.0	6.56550890478	-0.296710726411	-0.635976792491	6.61313493227	0.462496472277	0.166158910297	656
53	0.25	0.25	0.0	6.3825037743	-0.159172796776	-1.16078954851	6.44706414979	0.524786294564	-0.499811512059	657
53	0.25	0.5	0.0	5.95464075963	0.0985469997891	-1.51626758898	6.06008549014	0.775080023622	-0.950751278497	658
53	0.25	0.75	0.0	5.38813971289	0.354759237998	-1.74975657744	5.54354077202	1.0580222892	-1.24884197395	659
53	0.25	1.0	0.0	4.78922048623	0.487774492566	-1.90860217742	4.98877181411	1.21825772106	-1.45626518336	660
53	0.5	0.0	0.0	6.5496610745	-0.317581662622	-0.634900552622	6.6111217754	0.447431377514	0.156629579022	661
53	0.5	0.25	0.0	6.36312026987	-0.30669473038	-1.1335187409	6.43946299958	0.334545320555	-0.47327350181	662
53	0.5	0.5	0.0	5.93077103879	-0.146388362096	-1.47773049085	6.04306698114	0.464187323153	-0.958200219807	663
53	0.5	0.75	0.0	5.37186573916	0.0419113809825	-1.70641901046	5.52814676723	0.66930336282	-1.31003007974	664
53	0.5	1.0	0.0	4.8056567289	0.136778437607	-1.85846750772	5.00091540505	0.782839417068	-1.54064258639	665
53	0.75	0.0	0.0	6.53381324422	-0.337163517771	-0.627599536192	6.60910861852	0.433655363811	0.153325024308	666
53	0.75	0.25	0.0	6.34546126175	-0.447021512175	-1.06433107874	6.43518921147	0.171014174773	-0.373835000549	667
53	0.75	0.5	0.0	5.91221274094	-0.391643304183	-1.37654512401	6.03680288431	0.173790096948	-0.856410412892	668
53	0.75	0.75	0.0	5.36449279612	-0.282255886831	-1.59033924124	5.5317214525	0.285526567177	-1.24674097774	669
53	0.75	1.0	0.0	4.83272654162	-0.230086253155	-1.73181099965	5.03771673147	0.349767022304	-1.49716646012	670
53	1.0	0.0	0.0	6.526609685	-0.356329001	-0.613892998	6.60819354722	0.417128899422	0.162210848343	671
53	1.0	0.25	0.0	6.33885268542	-0.570639205202	-0.974548282705	6.44130835373	0.0571121938428	-0.230108802458	672
53	1.0	0.5	0.0	5.90692847535	-0.597923578235	-1.25663037243	6.0583676113	-0.0399850270262	-0.679408986524	673
53	1.0	0.75	0.0	5.36343244361	-0.5512552879	-1.46297125769	5.57151878274	-0.0122204755657	-1.08579494019	674
53	1.0	1.0	0.0	4.840959979	-0.543707502	-1.596402929	5.09290933088	0.00234813584345	-1.3493718998	675
54	0.0	0.0	0.0	6.526609685	-0.356329001	-0.613892998	6.60819354722	0.417128899422	0.162210848343	676
54	0.0	0.25	0.0	6.33885268542	-0.570639205202	-0.974548282705	6.44130835373	0.0571121938428	-0.230108802458	677
54	0.0	0.5	0.0	5.90692847535	-0.597923578235	-1.25663037243	6.0583676113	-0.0399850270262	-0.679408986524	678
54	0.0	0.75	0.0	5.36343244361	-0.5512552879	-1.46297125769	5.57151878274	-0.0122204755657	-1.08579494019	679
54	0.0	1.0	0.0	4.840959979	-0.543707502	-1.596402929	5.09290933088	0.00234813584345	-1.3493718998	680
54	0.25	0.0	0.0	6.52575384813	-0.369242982347	-0.599479870232	6.61197846317	0.394240812003	0.184061986302	681
54	0.25	0.25	0.0	6.3444929245	-0.6671881324	-0.890871089164	6.45681255094	-0.0161300824643	-0.0939898265249	682
54	0.25	0.5	0.0	5.92611208518	-0.786967270094	-1.14201443053	6.09866367736	-0.216842554997	-0.463408001188	683
54	0.25	0.75	0.0	5.39532558042	-0.828205190796	-1.33754396299	5.63516648999	-0.298998473146	-0.819936942339	684
54	0.25	1.0	0.0	4.8768476605	-0.890526689871	-1.46209375522	5.16395563643	-0.353699704463	-1.05932105463	685
54	0.5	0.0	0.0	6.523871007	-0.3785720605	-0.582545652599	6.62030527826	0.362968700493	0.217359826356	686
54	0.5	0.25	0.0	6.35386724921	-0.752696006947	-0.792113617562	6.47115080008	-0.0796053900868	0.0556558650906	687
54	0.5	0.5	0.0	5.96197697363	-0.979532750909	-1.00207126142	6.12765296957	-0.391804914837	-0.201081354194	688
54	0.5	0.75	0.0	5.46299747224	-1.12884972243	-1.18101521178	5.68337598808	-0.600366822894	-0.46559336744	689
54	0.5	1.0	0.0	4.97172603701	-1.27041435154	-1.29754209628	5.23188405695	-0.732028063398	-0.650621710586	690
54	0.75	0.0	0.0	6.52198816588	-0.383949858653	-0.563974758167	6.62863209335	0.335647868982	0.252294343209	691
54	0.75	0.25	0.0	6.36201333342	-0.80767370979	-0.680490463633	6.48051137629	-0.121178446915	0.215609227149	692
54	0.75	0.5	0.0	5.99486325738	-1.11567817702	-0.832698228203	6.14191865379	-0.509740397883	0.0857113522939	693
54	0.75	0.75	0.0	5.52838126206	-1.35081530895	-0.978793166824	5.71018976119	-0.810371017351	-0.0707348694807	694
54	0.75	1.0	0.0	5.07041067177	-1.55593715418	-1.07697039444	5.28266053383	-1.00340333875	-0.187065026298	695
54	1.0	0.0	0.0	6.521132329	-0.38501	-0.5446516	6.6324170093	0.324613621564	0.279055511567	696
54	1.0	0.25	0.0	6.36396885104	-0.812632121876	-0.558216223111	6.48108255475	-0.128713970841	0.382651214411	697
54	1.0	0.5	0.0	6.00511105312	-1.13546170476	-0.629792693994	6.13804389586	-0.515517295473	0.375110516114	698
54	1.0	0.75	0.0	5.55341009289	-1.39172837651	-0.716285990879	5.70965029348	-0.823056549053	0.316667897552	699
54	1.0	1.0	0.0	5.117717128	-1.619661765	-0.774601092	5.30225100846	-1.0385919283	0.2675578396	700
57	0.0	0.0	0.0	6.521132329	-0.38501	-0.5446516	6.6324170093	0.324613621564	0.279055511567	701
57	0.0	0.25	0.0	6.36396885104	-0.812632121876	-0.558216223111	6.48108255475	-0.128713970841	0.382651214411	702
57	0.0	0.5	0.0	6.00511105312	-1.13546170476	-0.629792693994	6.13804389586	-0.515517295473	0.375110516114	703
57	0.0	0.75	0.0	5.55341009289	-1.39172837651	-0.716285990879	5.70965029348	-0.823056549053	0.316667897552	704
57	0.0	1.0	0.0	5.117717128	-1.619661765	-0.774601092	5.30225100846	-1.0385919283	0.2675578396	705
57	0.25	0.0	0.0	6.52048862259	-0.381732291189	-0.526259639341	6.62787343128	0.325201905256	0.303266909488	706
57	0.25	0.25	0.0	6.3559604784	-0.774058730018	-0.458866124377	6.46730118213	-0.0962498498679	0.511240547331	707
57	0.25	0.5	0.0	5.98061969267	-1.05519872185	-0.484724343362	6.10274698264	-0.424960057618	0.562771399866	708
57	0.25	0.75	0.0	5.5130876508	-1.27340030564	-0.546422236657	5.65121056983	-0.676016993688	0.539077111021	709
57	0.25	1.0	0.0	5.07198573821	-1.47691152034	-0.586547744624	5.2296916807	-0.86450893377	0.521375324724	710
57	0.5	0.0	0.0	6.5190724685	-0.37453492969	-0.509023992051	6.61787755963	0.326482531494	0.333305318755	711
57	0.5	0.25	0.0	6.34248705641	-0.708586915484	-0.384885629179	6.44367388749	-0.0272929384662	0.59878757646	712
57	0.5	0.5	0.0	5.93827581127	-0.921178935227	-0.40629910331	6.04417091796	-0.283031161139	0.663279249281	713
57	0.5	0.75	0.0	5.43726373414	-1.07274565663	-0.486674360545	5.54653823573	-0.465406056822	0.636025207424	714
57	0.5	1.0	0.0	4.9702758261	-1.22372174739	-0.539421346987	5.0779454255	-0.599091545811	0.626270321096	715
57	0.75	0.0	0.0	6.51765631441	-0.363839353346	-0.493711498486	6.60788168797	0.331261372576	0.361420574298	716
57	0.75	0.25	0.0	6.33230330896	-0.619937768003	-0.320985114563	6.42381183316	0.0659647303893	0.669389024279	717
57	0.75	0.5	0.0	5.90532002759	-0.740889441121	-0.34164095473	5.99728998508	-0.112268085905	0.740320530822	718
57	0.75	0.75	0.0	5.37360763144	-0.805623576698	-0.441803739743	5.46013527701	-0.227782640469	0.705414846938	719
57	0.75	1.0	0.0	4.87406728169	-0.893069378736	-0.507598190357	4.94416684222	-0.304924497464	0.69587172564	720
57	1.0	0.0	0.0	6.517012608	-0.350067	-0.481088999	6.60333810995	0.342344300803	0.379862511046	721
57	1.0	0.25	0.0	6.33416395991	-0.511832377307	-0.251874957572	6.42132618147	0.171331123724	0.747141613268	722
57	1.0	0.5	0.0	5.90899296027	-0.521817335756	-0.237873878513	5.99707846727	0.0647916882169	0.857581710953	723
57	1.0	0.75	0.0	5.36978863123	-0.487893213078	-0.316571751447	5.45650367948	0.000294353358597	0.845148689743	724
57	1.0	1.0	0.0	4.844839995	-0.517931347	-0.365454566	4.92551053025	-0.0445925217741	0.843808435278	725
58	0.0	0.0	0.0	6.517012608	-0.350067	-0.481088999	6.60333810995	0.342344300803	0.379862511046	726
58	0.0	0.25	0.0	6.33416395991	-0.511832377307	-0.251874957572	6.42132618147	0.171331123724	0.747141613268	727
58	0.0	0.5	0.0	5.90899296027	-0.521817335756	-0.237873878513	5.99707846727	0.0647916882169	0.857581710953	728
58	0.0	0.75	0.0	5.36978863123	-0.487893213078	-0.316571751447	5.45650367948	0.000294353358597	0.845148689743	729
58	0.0	1.0	0.0	4.844839995	-0.517931347	-0.365454566	4.92551053025	-0.0445925217741	0.843808435278	730
58	0.25	0.0	0.0	6.51897359066	-0.333726043788	-0.471780414133	6.59579734855	0.368353637787	0.39291987194	731
58	0.25	0.25	0.0	6.33878651091	-0.418637154232	-0.178718908415	6.4184662214	0.257969896219	0.825819238054	732
58	0.25	0.5	0.0	5.91814203345	-0.369641421862	-0.107130343624	6.00517520404	0.183856347322	0.994615949443	733
58	0.25	0.75	0.0	5.37834435201	-0.288737537928	-0.138095018055	5.47540689365	0.135840693533	1.02491359714	734
58	0.25	1.0	0.0	4.84069766032	-0.277924193679	-0.152693229998	4.94864388742	0.103750637288	1.04231577216	735
58	0.5	0.0	0.0	6.5232877525	-0.315961495675	-0.466328050957	6.57920767348	0.4073886236	0.406619542376	736
58	0.5	0.25	0.0	6.33796476822	-0.339741779556	-0.111815590267	6.40041293732	0.331837322522	0.889745055283	737
58	0.5	0.5	0.0	5.90646474634	-0.277565101426	0.0222330912823	5.98453142539	0.273136435415	1.11735503092	738
58	0.5	0.75	0.0	5.35364859599	-0.190134631304	0.0437732766939	5.45047469513	0.23657179443	1.19804921148	739
58	0.5	1.0	0.0	4.80437722628	-0.138153539213	0.0607602489703	4.91715430398	0.227429231718	1.24042733919	740
58	0.75	0.0	0.0	6.52760191434	-0.297437199474	-0.464858412052	6.56261799841	0.4471833575	0.41633648854	741
58	0.75	0.25	0.0	6.33669849504	-0.252399899435	-0.0627764214045	6.37983583617	0.422040655783	0.933903984725	742
58	0.75	0.5	0.0	5.89315393116	-0.174548999058	0.129825529616	5.95494189856	0.396485166235	1.21538480829	743
58	0.75	0.75	0.0	5.32546823043	-0.0837146602436	0.200711894303	5.40786647591	0.385157482918	1.34485708717	744
58	0.75	1.0	0.0	4.7621414006	0.000272955109945	0.237647125953	4.85853985854	0.4026981999	1.40639894928	745
58	1.0	0.0	0.0	6.529562897	-0.278816999	-0.467498	6.55507723701	0.475471938747	0.417445676619	746
58	1.0	0.25	0.0	6.33998745456	-0.13386516002	-0.0432128201019	6.36940442487	0.557687149153	0.953280946155	747
58	1.0	0.5	0.0	5.8974024201	0.0104462606289	0.195256074784	5.9362013908	0.617755753517	1.27829113451	748
58	1.0	0.75	0.0	5.32357012259	0.138892208214	0.304399596278	5.37374162801	0.664267585864	1.44563877859	749
58	1.0	1.0	0.0	4.740252891	0.236247628	0.340708656	4.8002986297	0.705812480218	1.50848641533	750
61	0.0	0.0	0.0	6.529562897	-0.278816999	-0.467498	6.55507723701	0.475471938747	0.417445676619	751
61	0.0	0.25	0.0	6.33998745456	-0.13386516002	-0.0432128201019	6.36940442487	0.557687149153	0.953280946155	752
61	0.0	0.5	0.0	5.8974024201	0.0104462606289	0.195256074784	5.9362013908	0.617755753517	1.27829113451	753
61	0.0	0.75	0.0	5.32357012259	0.138892208214	0.304399596278	5.37374162801	0.664267585864	1.44563877859	754
61	0.0	1.0	0.0	4.740252891	0.236247628	0.340708656	4.8002986297	0.705812480218	1.50848641533	755
61	0.25	0.0	0.0	6.53048733606	-0.266751074881	-0.47157782637	6.55142699882	0.486566022627	0.401436962136	756
61	0.25	0.25	0.0	6.34439604296	-0.0523728239012	-0.0615789129058	6.36644605221	0.65752484762	0.931508857117	757
61	0.25	0.5	0.0	5.90928673665	0.142551193858	0.177944195793	5.93454555617	0.785628474647	1.25761538987	758
61	0.25	0.75	0.0	5.34242055109	0.298143973204	0.291122352413	5.37280330089	0.874861304465	1.42542163894	759
61	0.25	1.0	0.0	4.76105862023	0.394528508945	0.322086409643	4.79829707653	0.929207737831	1.48059268289	760
61	0.5	0.0	0.0	6.532521102	-0.255493331012	-0.477371929351	6.5433964748	0.49568571797	0.369399305307	761
61	0.5	0.25	0.0	6.34876508267	0.0140614828672	-0.107000290619	6.36079804338	0.742806758437	0.874252554257	762
61	0.5	0.5	0.0	5.92112497733	0.240845188101	0.102995693784	5.93589628883	0.928604329498	1.17080231558	763
61	0.5	0.75	0.0	5.36848597188	0.409065860843	0.198934107254	5.38647477767	1.05465339478	1.3144393344	764
61	0.5	1.0	0.0	4.8097332522	0.502931577249	0.227133033186	4.8303170764	1.12252891793	1.36055435587	765
61	0.75	0.0	0.0	6.53455486794	-0.245219921888	-0.484772317407	6.53536595078	0.503821078569	0.335755363403	766
61	0.75	0.25	0.0	6.35303814887	0.0738706722924	-0.166247043532	6.35517854505	0.819621033162	0.801118963976	767
61	0.75	0.5	0.0	5.9327940864	0.329243097066	0.00229490467567	5.93737266229	1.05662729392	1.05571924539	768
61	0.75	0.75	0.0	5.39484970723	0.507340462004	0.0724410362903	5.40065068874	1.21387367368	1.16717353771	769
61	0.75	1.0	0.0	4.86023203806	0.594605876679	0.0957788603854	4.86371501065	1.29039398525	1.20309917101	770
61	1.0	0.0	0.0	6.535479307	-0.236107002	-0.493670999	6.53171571259	0.511962158218	0.314927793697	771
61	1.0	0.25	0.0	6.35715881673	0.135487656382	-0.226089261938	6.35230570389	0.89405582335	0.731715012678	772
61	1.0	0.5	0.0	5.9441710081	0.431659774461	-0.0922738356156	5.93609375003	1.17964134377	0.950233513041	773
61	1.0	0.75	0.0	5.41459507942	0.62865036756	-0.0437506849857	5.40122566446	1.362751958	1.03810592157	774
61	1.0	1.0	0.0	4.886510229	0.702700451	-0.032045775	4.8658472606	1.43742090454	1.06295486506	775
62	0.0	0.0	0.0	6.535479307	-0.236107002	-0.493670999	6.53171571259	0.511962158218	0.314927793697	776
62	0.0	0.25	0.0	6.35715881673	0.135487656382	-0.226089261938	6.35230570389	0.89405582335	0.731715012678	777
62	0.0	0.5	0.0	5.9441710081	0.431659774461	-0.0922738356156	5.93609375003	1.17964134377	0.950233513041	778
62	0.0	0.75	0.0	5.41459507942	0.62865036756	-0.0437506849857	5.40122566446	1.362751958	1.03810592157	779
62	0.0	1.0	0.0	4.886510229	0.702700451	-0.032045775	4.8658472606	1.43742090454	1.06295486506	780
62	0.25	0.0	0.0	6.53624340778	-0.228076011564	-0.504383200983	6.52775208798	0.523542090585	0.312427603209	781
62	0.25	0.25	0.0	6.36250388654	0.194869899028	-0.287212622036	6.35028480981	0.970106110521	0.661543968969	782
62	0.25	0.5	0.0	5.95776909166	0.531671994529	-0.179983827592	5.93696245087	1.29860940632	0.848691103502	783
62	0.25	0.75	0.0	5.4314051126	0.749501785299	-0.145159922369	5.40104466075	1.50166188861	0.924420279047	784
62	0.25	1.0	0.0	4.89277803882	0.815530781697	-0.145204011085	4.85579108901	1.57187346801	0.939282767842	785
62	0.5	0.0	0.0	6.5379244295	-0.221840367662	-0.516177410807	6.51903211384	0.537585406734	0.318699818676	786
62	0.5	0.25	0.0	6.36933722971	0.241685334498	-0.355793708606	6.34660192193	1.03986355252	0.576650863987	787
62	0.5	0.5	0.0	5.97395207532	0.606409146338	-0.281235786722	5.94329668941	1.40603997845	0.720785429102	788
62	0.5	0.75	0.0	5.45091101361	0.840293604461	-0.263248947933	5.41367181091	1.6299811807	0.779827346342	789
62	0.5	1.0	0.0	4.89935609188	0.911301245467	-0.272578495014	4.86228268107	1.70555365548	0.782500448031	790
62	0.75	0.0	0.0	6.53960545122	-0.217511290929	-0.528796664977	6.5103121397	0.549722155715	0.324146989796	791
62	0.75	0.25	0.0	6.37490887026	0.273086600906	-0.429568557739	6.34319796578	1.09193474576	0.479503045112	792
62	0.75	0.5	0.0	5.98652465598	0.652520690923	-0.389319155253	5.95075923721	1.48418766689	0.574361397751	793
62	0.75	0.75	0.0	5.4655216597	0.895210758873	-0.388001360118	5.42886220216	1.72508274435	0.613837417198	794
62	0.75	1.0	0.0	4.90296873275	0.975576584504	-0.405568074935	4.87337310884	1.81322180341	0.603046472938	795
62	1.0	0.0	0.0	6.540369552	-0.215200002	-0.541984	6.50634851509	0.555582386574	0.319171666268	796
62	1.0	0.25	0.0	6.3764688322	0.286226336365	-0.506273205527	6.34201386688	1.11492628666	0.372567859721	797
62	1.0	0.5	0.0	5.98929153054	0.666656089319	-0.49752337543	5.95501286582	1.51530707839	0.41726391736	798
62	1.0	0.75	0.0	5.46764592811	0.908438182364	-0.509400757368	5.43637092171	1.76433948964	0.435960785354	799
62	1.0	1.0	0.0	4.900340306	0.993921541	-0.535571599	4.87711344437	1.86963824826	0.411359409875	800
