Elem	xi[0]	xi[1]	xi[2]	Y[0]	Y[1]	Y[2]	y[0]	y[1]	y[2]	Index
1	0.0	0.0	0.0	0.222770426	1.072382981	-0.66182574	0.38252244684	1.11745475661	0.0516184465642	1
1	0.0	0.25	0.0	-0.263642038515	1.09393155317	-0.693637292854	-0.130700441076	1.11650384958	0.0703059353913	2
1	0.0	0.5	0.0	-0.762943407917	1.15449574035	-0.745052374172	-0.668609697432	1.156194469	0.0834417164636	3
1	0.0	0.75	0.0	-1.25933046411	1.18727563786	-0.799896454654	-1.21083349061	1.18198265161	0.112479318992	4
1	0.0	1.0	0.0	-1.736999989	1.125471341	-0.841995005	-1.736999989	1.13932443416	0.178872272187	5
1	0.25	0.0	0.0	0.24425979187	1.03026663541	-0.815826639729	0.401466048797	1.08482653718	-0.236526166659	6
1	0.25	0.25	0.0	-0.24187726772	1.05508216331	-0.864316051023	-0.109935825417	1.08295496166	-0.228912265531	7
1	0.25	0.5	0.0	-0.749372266097	1.123540167	-0.931101156799	-0.656856975603	1.12836058106	-0.219652086488	8
1	0.25	0.75	0.0	-1.24952844742	1.17894116988	-1.00231652232	-1.20339538975	1.17238310797	-0.205012728979	9
1	0.25	1.0	0.0	-1.71364905586	1.16458569535	-1.06409671285	-1.71364905586	1.16636225499	-0.181261292456	10
1	0.5	0.0	0.0	0.248240311106	0.876229472035	-0.89192759165	0.405576206982	0.956616574976	-0.481502170181	11
1	0.5	0.25	0.0	-0.23855683415	0.918577090691	-0.964500030289	-0.104365644386	0.970190508122	-0.490100479776	12
1	0.5	0.5	0.0	-0.739763298524	0.99893114314	-1.07408534037	-0.640896135545	1.02774863028	-0.510007684346	13
1	0.5	0.75	0.0	-1.23031027059	1.07276007906	-1.18668811235	-1.17686674192	1.09150954855	-0.527004105625	14
1	0.5	1.0	0.0	-1.68512893893	1.09553234812	-1.26831293665	-1.68512893893	1.12369187	-0.526870065347	15
1	0.75	0.0	0.0	0.247583748788	0.671903532647	-0.961411338496	0.405059935983	0.792698038842	-0.713720408261	16
1	0.75	0.25	0.0	-0.242209668068	0.730848385131	-1.05143552606	-0.104445380335	0.819403827347	-0.73601685475	17
1	0.75	0.5	0.0	-0.732971952883	0.821741501306	-1.19730361297	-0.62543372603	0.887075022671	-0.784162574348	18
1	0.75	0.75	0.0	-1.20926966344	0.908265992012	-1.34620270793	-1.1463575641	0.966198749864	-0.829946556022	19
1	0.75	1.0	0.0	-1.65566935753	0.954104968089	-1.44531991963	-1.65566935753	1.02726213398	-0.845157788735	20
1	1.0	0.0	0.0	0.25516187	0.478920859	-1.095560623	0.410124250387	0.652944097603	-0.963591725158	21
1	1.0	0.25	0.0	-0.241364699737	0.538328096444	-1.18236883373	-0.100630515613	0.671788257725	-0.989419537861	22
1	1.0	0.5	0.0	-0.727853676862	0.633044074043	-1.32405466267	-0.61517629583	0.739056164237	-1.03865425373	23
1	1.0	0.75	0.0	-1.19400035581	0.72499253537	-1.47405179227	-1.12697787329	0.823287488454	-1.09029182525	24
1	1.0	1.0	0.0	-1.629500031	0.776097224	-1.585793905	-1.629500031	0.893021901694	-1.12332820487	25
2	0.0	0.0	0.0	0.25516187	0.478920859	-1.095560623	0.410124250387	0.652944097603	-0.963591725158	26
2	0.0	0.25	0.0	-0.241364699737	0.538328096444	-1.18236883373	-0.100630515613	0.671788257725	-0.989419537861	27
2	0.0	0.5	0.0	-0.727853676862	0.633044074043	-1.32405466267	-0.61517629583	0.739056164237	-1.03865425373	28
2	0.0	0.75	0.0	-1.19400035581	0.72499253537	-1.47405179227	-1.12697787329	0.823287488454	-1.09029182525	29
2	0.0	1.0	0.0	-1.629500031	0.776097224	-1.585793905	-1.629500031	0.893021901694	-1.12332820487	30
2	0.25	0.0	0.0	0.270947548451	0.283243387179	-1.2824081092	0.419328493322	0.51293349379	-1.24016357543	31
2	0.25	0.25	0.0	-0.224260605344	0.325895041168	-1.3546019816	-0.083730474029	0.510080343357	-1.2682403476	32
2	0.25	0.5	0.0	-0.708991319231	0.410215570384	-1.47012351322	-0.596611329958	0.564694727522	-1.31058008973	33
2	0.25	0.75	0.0	-1.16995577525	0.494673498046	-1.59674723991	-1.10482068644	0.641982546094	-1.35957740888	34
2	0.25	1.0	0.0	-1.59386515545	0.537737347375	-1.70224769755	-1.59386515545	0.707149698881	-1.40762691215	35
2	0.5	0.0	0.0	0.282248243705	0.0940030586728	-1.41785091485	0.424212165377	0.3526937485	-1.45496377281	36
2	0.5	0.25	0.0	-0.195649333111	0.117908303513	-1.48388614216	-0.0583444683768	0.338320541747	-1.49220008068	37
2	0.5	0.5	0.0	-0.673118862289	0.181818382189	-1.59489687788	-0.563201278168	0.378240762817	-1.54928623452	38
2	0.5	0.75	0.0	-1.13089426867	0.248154222446	-1.71002209218	-1.0678317768	0.443170011292	-1.60932797747	39
2	0.5	1.0	0.0	-1.54970947708	0.279336752027	-1.78840075525	-1.54970947708	0.503823886752	-1.65543105266	40
2	0.75	0.0	0.0	0.291774400106	-0.0845988774195	-1.54013134007	0.430675153405	0.179228888187	-1.64073072521	41
2	0.75	0.25	0.0	-0.164991060996	-0.0803714311764	-1.60075830059	-0.0306933973592	0.155571497132	-1.68444866549	42
2	0.75	0.5	0.0	-0.634614889911	-0.0381101051585	-1.71427138754	-0.526730099203	0.181360600724	-1.75888985482	43
2	0.75	0.75	0.0	-1.09098743889	0.00771288900016	-1.8251616927	-1.02873272814	0.231937007786	-1.83215764866	44
2	0.75	1.0	0.0	-1.50799906017	0.0226253396651	-1.87792030783	-1.50799906017	0.282641527143	-1.87235540248	45
2	1.0	0.0	0.0	0.302236462	-0.248361172	-1.687491685	0.444617344256	-0.000457060695345	-1.83020284057	46
2	1.0	0.25	0.0	-0.141745966961	-0.263683477554	-1.73575544211	-0.00699815967842	-0.0391041462519	-1.86813603046	47
2	1.0	0.5	0.0	-0.607857985972	-0.235532506278	-1.84414367312	-0.498981751803	-0.0242794281579	-1.94350811732	48
2	1.0	0.75	0.0	-1.06440688875	-0.204372321863	-1.95345138507	-1.00024512421	0.0133706593129	-2.0206805401	49
2	1.0	1.0	0.0	-1.479699969	-0.210666988	-2.004473585	-1.479699969	0.0431996818866	-2.06401473771	50
5	0.0	0.0	0.0	0.302236462	-0.248361172	-1.687491685	0.444617344256	-0.000457060695345	-1.83020284057	51
5	0.0	0.25	0.0	-0.141745966961	-0.263683477554	-1.73575544211	-0.00699815967842	-0.0391041462519	-1.86813603046	52
5	0.0	0.5	0.0	-0.607857985972	-0.235532506278	-1.84414367312	-0.498981751803	-0.0242794281579	-1.94350811732	53
5	0.0	0.75	0.0	-1.06440688875	-0.204372321863	-1.95345138507	-1.00024512421	0.0133706593129	-2.0206805401	54
5	0.0	1.0	0.0	-1.479699969	-0.210666988	-2.004473585	-1.479699969	0.0431996818866	-2.06401473771	55
5	0.25	0.0	0.0	0.331771632707	-0.595107895636	-1.97369566211	0.493288345054	-0.435496623751	-2.16073891576	56
5	0.25	0.25	0.0	-0.105919573707	-0.631708146684	-1.9949191489	0.0365326432901	-0.497493355566	-2.17608540565	57
5	0.25	0.5	0.0	-0.571300989191	-0.614318425798	-2.05975315743	-0.458593267299	-0.492377391666	-2.21436818979	58
5	0.25	0.75	0.0	-1.03116117452	-0.592823621652	-2.13442248726	-0.964172630594	-0.463993951894	-2.26074283476	59
5	0.25	1.0	0.0	-1.45228869048	-0.617108622919	-2.18515193794	-1.45228869048	-0.456188256088	-2.30036490711	60
5	0.5	0.0	0.0	0.368804127754	-1.01600447476	-2.16896576868	0.554000164061	-0.996322236799	-2.37176180566	61
5	0.5	0.25	0.0	-0.0658936142199	-1.05931576494	-2.17751006921	0.0853168288536	-1.06713268953	-2.37817124254	62
5	0.5	0.5	0.0	-0.529564377015	-1.06265725707	-2.19038651101	-0.417536352619	-1.08112942752	-2.38175252513	63
5	0.5	0.75	0.0	-0.994361789618	-1.0585946236	-2.20557894609	-0.93123118702	-1.0692562594	-2.38687004087	64
5	0.5	1.0	0.0	-1.43243948102	-1.07969353692	-2.22107122648	-1.43243948102	-1.06245699379	-2.3978881772	65
5	0.75	0.0	0.0	0.402316203674	-1.45068263526	-2.24619921965	0.60895539392	-1.57821208266	-2.4261916702	66
5	0.75	0.25	0.0	-0.0319805418205	-1.49191099149	-2.24477958127	0.124972997441	-1.64799044943	-2.42666189593	67
5	0.75	0.5	0.0	-0.497869127505	-1.51331962033	-2.21169575999	-0.392555256076	-1.68043880222	-2.40391064905	68
5	0.75	0.75	0.0	-0.970180481467	-1.52536777956	-2.16858304708	-0.917503416024	-1.68856103679	-2.37243809908	69
5	0.75	1.0	0.0	-1.4237455318	-1.53851472696	-2.13707673379	-1.4237455318	-1.68536104892	-2.34674441555	70
5	1.0	0.0	0.0	0.421290117	-1.838774103	-2.17829323	0.640356627274	-2.07644434417	-2.2869486693	71
5	1.0	0.25	0.0	-0.0144928098293	-1.87489848553	-2.15797906329	0.141119749481	-2.14003493654	-2.27382572063	72
5	1.0	0.5	0.0	-0.491436218727	-1.89907613579	-2.09933293049	-0.400394225984	-2.18020878222	-2.23909208725	73
5	1.0	0.75	0.0	-0.97478899751	-1.9168255414	-2.02509707569	-0.939071940139	-2.20805305764	-2.19082295	74
5	1.0	1.0	0.0	-1.429800034	-1.93366519	-1.958013743	-1.429800034	-2.2346549392	-2.13709348974	75
6	0.0	0.0	0.0	0.421290117	-1.838774103	-2.17829323	0.640356627274	-2.07644434417	-2.2869486693	76
6	0.0	0.25	0.0	-0.0144928098293	-1.87489848553	-2.15797906329	0.141119749481	-2.14003493654	-2.27382572063	77
6	0.0	0.5	0.0	-0.491436218727	-1.89907613579	-2.09933293049	-0.400394225984	-2.18020878222	-2.23909208725	78
6	0.0	0.75	0.0	-0.97478899751	-1.9168255414	-2.02509707569	-0.939071940139	-2.20805305764	-2.19082295	79
6	0.0	1.0	0.0	-1.429800034	-1.93366519	-1.958013743	-1.429800034	-2.2346549392	-2.13709348974	80
6	0.25	0.0	0.0	0.462521222019	-2.27280423272	-1.93726910046	0.685798890385	-2.5917429047	-1.89458156337	81
6	0.25	0.25	0.0	0.0050297740887	-2.30944275679	-1.89916846804	0.16069473498	-2.65757255973	-1.87184401967	82
6	0.25	0.5	0.0	-0.498220124034	-2.3199240899	-1.83499622788	-0.412678004126	-2.69161612937	-1.84306029665	83
6	0.25	0.75	0.0	-1.00395231631	-2.32351603213	-1.76015510751	-0.97548468025	-2.71917751167	-1.80144232286	84
6	0.25	1.0	0.0	-1.46889064671	-2.33948638354	-1.69004783442	-1.46889064671	-2.76556060469	-1.74020202683	85
6	0.5	0.0	0.0	0.537444551639	-2.69981897175	-1.58765778707	0.760558063336	-3.08207782869	-1.34636748702	86
6	0.5	0.25	0.0	0.0355771216048	-2.74755605379	-1.54892336984	0.198480203077	-3.16918131173	-1.33044573838	87
6	0.5	0.5	0.0	-0.502089936029	-2.75621454391	-1.48344414101	-0.403563711697	-3.20949702955	-1.31060699657	88
6	0.5	0.75	0.0	-1.03897009318	-2.74993839029	-1.41447937526	-0.99830546023	-3.23031994352	-1.27761975624	89
6	0.5	1.0	0.0	-1.53847682177	-2.75287154106	-1.36528834728	-1.53847682177	-3.258945015	-1.22225251202	90
6	0.75	0.0	0.0	0.60082234994	-3.0051727454	-1.17000788241	0.819870387787	-3.4290775362	-0.722151151335	91
6	0.75	0.25	0.0	0.0571214746113	-3.06145911964	-1.1385927334	0.224885728691	-3.53902176084	-0.719207618156	92
6	0.75	0.5	0.0	-0.51264998832	-3.08227208887	-1.07706439087	-0.398928396234	-3.59851908412	-0.708993311303	93
6	0.75	0.75	0.0	-1.07951576578	-3.08374658115	-1.01798318851	-1.02193562227	-3.62388617356	-0.685835207597	94
6	0.75	1.0	0.0	-1.61449958469	-3.08201752455	-0.993909459995	-1.61449958469	-3.6314396967	-0.644060283861	95
6	1.0	0.0	0.0	0.607416861	-3.074219979	-0.724867979	0.818972105399	-3.51437044726	-0.101777267392	96
6	1.0	0.25	0.0	0.0496350750003	-3.12337269749	-0.699525523409	0.210320886742	-3.63125447538	-0.107706400382	97
6	1.0	0.5	0.0	-0.539504614517	-3.17242131582	-0.64824469848	-0.424649105274	-3.72334989441	-0.105480365142	98
6	1.0	0.75	0.0	-1.12526277178	-3.21259456999	-0.600579856811	-1.06077650855	-3.78228202214	-0.0925686344119	99
6	1.0	1.0	0.0	-1.672899961	-3.235121196	-0.586085351	-1.672899961	-3.79967617632	-0.0664406809295	100
9	0.0	0.0	0.0	0.607416861	-3.074219979	-0.724867979	0.818972105399	-3.51437044726	-0.101777267392	101
9	0.0	0.25	0.0	0.0496350750003	-3.12337269749	-0.699525523409	0.210320886742	-3.63125447538	-0.107706400382	102
9	0.0	0.5	0.0	-0.539504614517	-3.17242131582	-0.64824469848	-0.424649105274	-3.72334989441	-0.105480365142	103
9	0.0	0.75	0.0	-1.12526277178	-3.21259456999	-0.600579856811	-1.06077650855	-3.78228202214	-0.0925686344119	104
9	0.0	1.0	0.0	-1.672899961	-3.235121196	-0.586085351	-1.672899961	-3.79967617632	-0.0664406809295	105
9	0.25	0.0	0.0	0.55458260765	-2.93232363568	-0.206340329516	0.755543285588	-3.35347902985	0.576420843805	106
9	0.25	0.25	0.0	0.00730500813185	-2.96171283714	-0.171951201355	0.150300548167	-3.45683798636	0.587981457257	107
9	0.25	0.5	0.0	-0.591461879077	-3.02116275897	-0.122157281416	-0.491199032506	-3.5685957056	0.610934022211	108
9	0.25	0.75	0.0	-1.19026460322	-3.08616337213	-0.0761568764557	-1.13262570392	-3.65924154862	0.638248230348	109
9	0.25	1.0	0.0	-1.73764971355	-3.1322046476	-0.053148293232	-1.73764971355	-3.69926487644	0.662893773347	110
9	0.5	0.0	0.0	0.48393469564	-2.69742799173	0.320276437963	0.674894250285	-3.06386135841	1.25514186638	111
9	0.5	0.25	0.0	-0.050243218319	-2.71285202885	0.369805625486	0.0774521384082	-3.14855367754	1.29814297565	112
9	0.5	0.5	0.0	-0.650881316545	-2.74096417562	0.41108081575	-0.566869072527	-3.24323553867	1.34364483863	113
9	0.5	0.75	0.0	-1.25891307184	-2.7725906874	0.442331434496	-1.21285017388	-3.32075289101	1.38424839824	114
9	0.5	1.0	0.0	-1.815271957	-2.7985578196	0.461786907464	-1.815271957	-3.35395168376	1.4125545974	115
9	0.75	0.0	0.0	0.40531922981	-2.36698506267	0.784197837461	0.589625175069	-2.65398119547	1.85755801352	116
9	0.75	0.25	0.0	-0.117734155056	-2.37832988475	0.853624370757	0.000208065456825	-2.72619359565	1.93847595366	117
9	0.75	0.5	0.0	-0.711592831593	-2.36310099213	0.882497720766	-0.641134736147	-2.78651316826	2.00473397318	118
9	0.75	0.75	0.0	-1.31945859156	-2.33915118712	0.890099763552	-1.28563718259	-2.82689682901	2.05421776405	119
9	0.75	1.0	0.0	-1.8845332267	-2.32433327205	0.895712375179	-1.8845332267	-2.83930149361	2.08481301822	120
9	1.0	0.0	0.0	0.328582315	-1.938446864	1.114639383	0.512336235518	-2.13230230355	2.30684149842	121
9	1.0	0.25	0.0	-0.189892352782	-1.95968601697	1.2073844481	-0.072999262696	-2.20954978739	2.42467819014	122
9	1.0	0.5	0.0	-0.767426328894	-1.91884863487	1.22312156138	-0.703471534173	-2.237672369	2.50628331496	123
9	1.0	0.75	0.0	-1.36015157631	-1.85311954258	1.20236279822	-1.33517399418	-2.23775414233	2.55694222261	124
9	1.0	1.0	0.0	-1.924200058	-1.799683565	1.185620234	-1.924200058	-2.23087920131	2.58194026283	125
10	0.0	0.0	0.0	0.328582315	-1.938446864	1.114639383	0.512336235518	-2.13230230355	2.30684149842	126
10	0.0	0.25	0.0	-0.189892352782	-1.95968601697	1.2073844481	-0.072999262696	-2.20954978739	2.42467819014	127
10	0.0	0.5	0.0	-0.767426328894	-1.91884863487	1.22312156138	-0.703471534173	-2.237672369	2.50628331496	128
10	0.0	0.75	0.0	-1.36015157631	-1.85311954258	1.20236279822	-1.33517399418	-2.23775414233	2.55694222261	129
10	0.0	1.0	0.0	-1.924200058	-1.799683565	1.185620234	-1.924200058	-2.23087920131	2.58194026283	130
10	0.25	0.0	0.0	0.305659633167	-1.49186603918	1.155753597	0.47143068851	-1.55073009251	2.42842340383	131
10	0.25	0.25	0.0	-0.207253742624	-1.51919523707	1.25503484788	-0.104674776661	-1.61978215149	2.55422767728	132
10	0.25	0.5	0.0	-0.777207663802	-1.47325913441	1.27342735837	-0.723722665054	-1.63438641573	2.64378175267	133
10	0.25	0.75	0.0	-1.36116687102	-1.39085835483	1.25125351148	-1.34207557503	-1.61940685252	2.69988534168	134
10	0.25	1.0	0.0	-1.91609610494	-1.30879352195	1.22883569021	-1.91609610494	-1.59970742913	2.72533815601	135
10	0.5	0.0	0.0	0.336883722555	-1.06762757463	0.901639468093	0.467890461974	-0.96171375148	2.21417778667	136
10	0.5	0.25	0.0	-0.166593251276	-1.07989769512	0.986724140183	-0.0919064511293	-0.982605359137	2.32447062449	137
10	0.5	0.5	0.0	-0.743158047452	-1.01621472613	1.0338704782	-0.704862796863	-0.970543723672	2.43279878037	138
10	0.5	0.75	0.0	-1.3331264946	-0.911653221809	1.05285120612	-1.31761873401	-0.938750415737	2.51997961798	139
10	0.5	1.0	0.0	-1.87681442136	-0.801287736332	1.05343904795	-1.87681442136	-0.900447005981	2.566830501	140
10	0.75	0.0	0.0	0.360437904415	-0.641565462512	0.487420069136	0.478655121619	-0.420043131884	1.80945661764	141
10	0.75	0.25	0.0	-0.140745792659	-0.640620030706	0.549783748976	-0.0715664639386	-0.394841096141	1.90472153788	142
10	0.75	0.5	0.0	-0.718444728179	-0.567049693916	0.627493630338	-0.678410215619	-0.349020332035	2.03356000382	143
10	0.75	0.75	0.0	-1.30461821222	-0.455905870997	0.694711855994	-1.2841914678	-0.295798202424	2.15451458224	144
10	0.75	1.0	0.0	-1.83122555484	-0.342239980802	0.725600568718	-1.83122555484	-0.248392070168	2.22612783991	145
10	1.0	0.0	0.0	0.3145055	-0.189513695	0.048218473	0.480664233155	0.0194919148607	1.35961186745	146
10	1.0	0.25	0.0	-0.202546280691	-0.200188883405	0.0915450982424	-0.0805269929269	0.0466889516792	1.46429492355	147
10	1.0	0.5	0.0	-0.756234954319	-0.145098321691	0.177339524278	-0.675883207344	0.127307719969	1.60629102881	148
10	1.0	0.75	0.0	-1.30422978904	-0.0640180298825	0.264391434924	-1.26418177305	0.209436416986	1.74077976523	149
10	1.0	1.0	0.0	-1.804200053	0.003275972	0.311490514	-1.804200053	0.241163239987	1.82294071483	150
13	0.0	0.0	0.0	0.3145055	-0.189513695	0.048218473	0.480664233155	0.0194919148607	1.35961186745	151
13	0.0	0.25	0.0	-0.202546280691	-0.200188883405	0.0915450982424	-0.0805269929269	0.0466889516792	1.46429492355	152
13	0.0	0.5	0.0	-0.756234954319	-0.145098321691	0.177339524278	-0.675883207344	0.127307719969	1.60629102881	153
13	0.0	0.75	0.0	-1.30422978904	-0.0640180298825	0.264391434924	-1.26418177305	0.209436416986	1.74077976523	154
13	0.0	1.0	0.0	-1.804200053	0.003275972	0.311490514	-1.804200053	0.241163239987	1.82294071483	155
13	0.25	0.0	0.0	0.280498955946	-0.0585693508386	-0.057762592995	0.483078634146	0.13402969398	1.25626999802	156
13	0.25	0.25	0.0	-0.233797956891	-0.0565317766466	-0.0269760613769	-0.0753172326262	0.168785599015	1.35109269219	157
13	0.25	0.5	0.0	-0.780484444921	0.00238107086213	0.0269356837339	-0.671982831132	0.266052019989	1.46094210874	158
13	0.25	0.75	0.0	-1.31773912336	0.0837752612521	0.0833627423284	-1.26282250739	0.368366785939	1.56335815241	159
13	0.25	1.0	0.0	-1.80374060741	0.153256864088	0.121695214398	-1.80374060741	0.418267725903	1.63588072796	160
13	0.5	0.0	0.0	0.245332748249	0.0520455104313	-0.143760067487	0.488976067942	0.246355129345	1.17960839782	161
13	0.5	0.25	0.0	-0.251980967645	0.0804373844779	-0.122376369213	-0.0545788505857	0.293395284736	1.25321037984	162
13	0.5	0.5	0.0	-0.798610918033	0.14275082213	-0.101177633144	-0.65936361019	0.384935509731	1.31756770757	163
13	0.5	0.75	0.0	-1.33655236985	0.229818646297	-0.078628345136	-1.26417269522	0.492641115092	1.37702342698	164
13	0.5	1.0	0.0	-1.80780059004	0.33247367989	-0.0531929910428	-1.80780059004	0.58817741158	1.43592058403	165
13	0.75	0.0	0.0	0.213281138427	0.167463359236	-0.247325990486	0.486806160852	0.360457730573	1.0777995555	166
13	0.75	0.25	0.0	-0.266195474309	0.215704242734	-0.234535286611	-0.0424148290202	0.411213865352	1.13058322291	167
13	0.75	0.5	0.0	-0.808751551173	0.287760112802	-0.233673033552	-0.649145940247	0.494674080549	1.15526468419	168
13	0.75	0.75	0.0	-1.34640788838	0.385808792964	-0.236826549267	-1.26239886167	0.603709734625	1.17368036093	169
13	0.75	1.0	0.0	-1.81118528215	0.512028106748	-0.236083151712	-1.81118528215	0.731192186042	1.20766667475	170
13	1.0	0.0	0.0	0.188618388	0.312816666	-0.406012402	0.465018539183	0.480327007281	0.899015959708	171
13	1.0	0.25	0.0	-0.285541638239	0.354254440887	-0.403332274918	-0.062928150145	0.512937197374	0.943146457845	172
13	1.0	0.5	0.0	-0.809043521859	0.449158123569	-0.397223124686	-0.652450217031	0.605983623796	0.953129897482	173
13	1.0	0.75	0.0	-1.3330440388	0.563442368967	-0.406476591861	-1.25166753186	0.723022974718	0.945233726256	174
13	1.0	1.0	0.0	-1.808699965	0.663021832	-0.449884317	-1.808699965	0.827611938308	0.935725391804	175
14	0.0	0.0	0.0	0.188618388	0.312816666	-0.406012402	0.465018539183	0.480327007281	0.899015959708	176
14	0.0	0.25	0.0	-0.285541638239	0.354254440887	-0.403332274918	-0.062928150145	0.512937197374	0.943146457845	177
14	0.0	0.5	0.0	-0.809043521859	0.449158123569	-0.397223124686	-0.652450217031	0.605983623796	0.953129897482	178
14	0.0	0.75	0.0	-1.3330440388	0.563442368967	-0.406476591861	-1.25166753186	0.723022974718	0.945233726256	179
14	0.0	1.0	0.0	-1.808699965	0.663021832	-0.449884317	-1.808699965	0.827611938308	0.935725391804	180
14	0.25	0.0	0.0	0.172658157147	0.545891591334	-0.543966161297	0.420367881572	0.661964934195	0.664382775898	181
14	0.25	0.25	0.0	-0.312350359883	0.550401312645	-0.549102998956	-0.116601533366	0.655837906132	0.715358077585	182
14	0.25	0.5	0.0	-0.814765507031	0.631396300842	-0.524901013171	-0.677744529234	0.736159091338	0.74643476137	183
14	0.25	0.75	0.0	-1.31601184115	0.724597412598	-0.515187764343	-1.24430176986	0.836566478365	0.760582097553	184
14	0.25	1.0	0.0	-1.79751391908	0.765725504587	-0.56379081287	-1.79751391908	0.890698055765	0.76076935644	185
14	0.5	0.0	0.0	0.173942486185	0.78151482053	-0.540555590835	0.384488712902	0.858817575988	0.503206294712	186
14	0.5	0.25	0.0	-0.315027428718	0.786803994737	-0.558244922153	-0.147954005287	0.850971485929	0.540966291586	187
14	0.5	0.5	0.0	-0.804874551423	0.857570420774	-0.569860254531	-0.686557298979	0.915032733895	0.550899363825	188
14	0.5	0.75	0.0	-1.29312277024	0.91924154321	-0.591822820644	-1.23008375833	0.981498739116	0.558690296317	189
14	0.5	1.0	0.0	-1.77729597349	0.897244806612	-0.640553853169	-1.77729597349	0.980866920825	0.590023873946	190
14	0.75	0.0	0.0	0.19110277563	0.97268055121	-0.533826760455	0.368250434286	1.02570687076	0.328085267738	191
14	0.75	0.25	0.0	-0.297486702383	0.991851177974	-0.562506776217	-0.15373662237	1.0279795845	0.349454458103	192
14	0.75	0.5	0.0	-0.785543052548	1.0558727963	-0.615458243339	-0.68235639785	1.0769345327	0.339057187855	193
14	0.75	0.75	0.0	-1.27176593994	1.09194440392	-0.674139728251	-1.21644912325	1.11193303689	0.341881608233	194
14	0.75	1.0	0.0	-1.75485502965	1.02726499858	-0.720009797384	-1.75485502965	1.07233641859	0.402915870477	195
14	1.0	0.0	0.0	0.222770426	1.072382981	-0.66182574	0.38252244684	1.11745475661	0.0516184465642	196
14	1.0	0.25	0.0	-0.263642038515	1.09393155317	-0.693637292854	-0.130700441076	1.11650384958	0.0703059353913	197
14	1.0	0.5	0.0	-0.762943407917	1.15449574035	-0.745052374172	-0.668609697432	1.156194469	0.0834417164636	198
14	1.0	0.75	0.0	-1.25933046411	1.18727563786	-0.799896454654	-1.21083349061	1.18198265161	0.112479318992	199
14	1.0	1.0	0.0	-1.736999989	1.125471341	-0.841995005	-1.736999989	1.13932443416	0.178872272187	200
17	0.0	0.0	0.0	4.900340306	0.993921541	-0.535571599	5.01727396967	1.59103259621	0.113185921881	201
17	0.0	0.25	0.0	4.31156446749	1.00633218279	-0.563233262675	4.46223011704	1.59968561697	0.0764058913146	202
17	0.0	0.5	0.0	3.71481965671	1.02449557957	-0.581940034822	3.90296774575	1.51978292303	0.0435458059453	203
17	0.0	0.75	0.0	3.13791604182	1.02427617957	-0.591396882808	3.35698313286	1.39751801804	0.0246316701938	204
17	0.0	1.0	0.0	2.608663791	0.981538431	-0.591308774	2.84177255542	1.27908440563	0.0296894884808	205
17	0.25	0.0	0.0	4.8965461613	0.947254051434	-0.686945001388	5.02902658266	1.57515270477	-0.103774260488	206
17	0.25	0.25	0.0	4.31818520341	0.966648660468	-0.720348331108	4.4836153524	1.59466914859	-0.152658950803	207
17	0.25	0.5	0.0	3.72908101567	0.998733398842	-0.734613088239	3.93028989739	1.52674884389	-0.178851754413	208
17	0.25	0.75	0.0	3.15376996963	1.01041106886	-0.735255725443	3.38074658183	1.41178550406	-0.188197537176	209
17	0.25	1.0	0.0	2.61678843685	0.968584472831	-0.72779269538	2.84668176993	1.29017284252	-0.186541164952	210
17	0.5	0.0	0.0	4.90010613631	0.856850626663	-0.841477581574	5.05863723997	1.51204257814	-0.315276363716	211
17	0.5	0.25	0.0	4.33427223551	0.876525500291	-0.877412887596	4.52887676953	1.53010828616	-0.377806071309	212
17	0.5	0.5	0.0	3.74351052865	0.921261160847	-0.887285610361	3.96952144872	1.47408466819	-0.406848920575	213
17	0.5	0.75	0.0	3.15868590368	0.946108535966	-0.879137266802	3.39982906743	1.37177779104	-0.413993768982	214
17	0.5	1.0	0.0	2.61066324852	0.906118553285	-0.861009373849	2.83905741556	1.25099372155	-0.410829474001	215
17	0.75	0.0	0.0	4.90843746166	0.762645443311	-1.00888781547	5.09912604413	1.42897817304	-0.524842897149	216
17	0.75	0.25	0.0	4.35449619646	0.776463698187	-1.04506310411	4.58001533286	1.43911608957	-0.600024232861	217
17	0.75	0.5	0.0	3.75956785513	0.827728365256	-1.04465690239	4.01090560233	1.39507365096	-0.63043820742	218
17	0.75	0.75	0.0	3.16372165125	0.861859213861	-1.02269058344	3.42046911198	1.30873288995	-0.633882839139	219
17	0.75	1.0	0.0	2.60702679843	0.824276013346	-0.994185520393	2.83737812124	1.19197583928	-0.628156146329	220
17	1.0	0.0	0.0	4.918957368	0.704572678	-1.198894179	5.14351309768	1.35323544619	-0.735996370135	221
17	1.0	0.25	0.0	4.37352771892	0.706964250081	-1.23393515263	4.61903200681	1.35480561869	-0.820302198114	222
17	1.0	0.5	0.0	3.77871265454	0.753784511739	-1.21142626553	4.0446855608	1.32299904725	-0.839612129829	223
17	1.0	0.75	0.0	3.17993501964	0.788153735527	-1.16556475192	3.44890523778	1.2538888118	-0.828990561563	224
17	1.0	1.0	0.0	2.622617659	0.753192194	-1.130547846	2.8601225159	1.14354799231	-0.823501889599	225
18	0.0	0.0	0.0	2.608663791	0.981538431	-0.591308774	2.84177255542	1.27908440563	0.0296894884808	226
18	0.0	0.25	0.0	2.05246710102	0.958065644866	-0.595652432728	2.27977784248	1.20346644892	0.0385866304054	227
18	0.0	0.5	0.0	1.44395532604	1.00162790162	-0.613938603345	1.65323229489	1.1693981626	0.0339877910894	228
18	0.0	0.75	0.0	0.821324442291	1.05785656056	-0.638539100789	1.00614435043	1.14976558554	0.0327220399899	229
18	0.0	1.0	0.0	0.222770426	1.072382981	-0.66182574	0.38252244684	1.11745475661	0.0516184465642	230
18	0.25	0.0	0.0	2.61678843685	0.968584472831	-0.72779269538	2.84668176993	1.29017284252	-0.186541164952	231
18	0.25	0.25	0.0	2.05307913412	0.935184473292	-0.728022807326	2.2677192962	1.2022340617	-0.19312833538	232
18	0.25	0.5	0.0	1.446729461	0.967572548459	-0.745793757835	1.6431775891	1.15466291723	-0.213684862284	233
18	0.25	0.75	0.0	0.83227711456	1.01588712646	-0.776572663204	1.00908404214	1.12351015907	-0.233165790949	234
18	0.25	1.0	0.0	0.24425979187	1.03026663541	-0.815826639729	0.401466048797	1.08482653718	-0.236526166659	235
18	0.5	0.0	0.0	2.61066324852	0.906118553285	-0.861009373849	2.83905741556	1.25099372155	-0.410829474001	236
18	0.5	0.25	0.0	2.04472051165	0.848419040769	-0.844223463489	2.24788706902	1.13915108581	-0.419692622533	237
18	0.5	0.5	0.0	1.44453201462	0.840595225377	-0.840020775976	1.63144092119	1.05373449691	-0.444954150912	238
18	0.5	0.75	0.0	0.83680340018	0.858060803626	-0.85404194185	1.0104327184	0.993353233677	-0.47082151488	239
18	0.5	1.0	0.0	0.248240311106	0.876229472035	-0.89192759165	0.405576206982	0.956616574976	-0.481502170181	240
18	0.75	0.0	0.0	2.60702679843	0.824276013346	-0.994185520393	2.83737812124	1.19197583928	-0.628156146329	241
18	0.75	0.25	0.0	2.04254057086	0.73998037061	-0.96335459212	2.23819092955	1.05569863713	-0.63898541966	242
18	0.75	0.5	0.0	1.44858796858	0.681863196047	-0.936991809194	1.62813318172	0.928108748122	-0.668694122598	243
18	0.75	0.75	0.0	0.843994018807	0.656859309958	-0.931032336393	1.01461835734	0.832632954582	-0.699524902884	244
18	0.75	1.0	0.0	0.247583748788	0.671903532647	-0.961411338496	0.405059935983	0.792698038842	-0.713720408261	245
18	1.0	0.0	0.0	2.622617659	0.753192194	-1.130547846	2.8601225159	1.14354799231	-0.823501889599	246
18	1.0	0.25	0.0	2.06168864899	0.65207948613	-1.10451638412	2.25654064639	0.993357831546	-0.848885915365	247
18	1.0	0.5	0.0	1.47012230456	0.552543724143	-1.07707900891	1.64336526127	0.839281517373	-0.893778825148	248
18	1.0	0.75	0.0	0.862939690098	0.484764363335	-1.0676292465	1.02606893709	0.714687466992	-0.938555726047	249
18	1.0	1.0	0.0	0.25516187	0.478920859	-1.095560623	0.410124250387	0.652944097603	-0.963591725158	250
19	0.0	0.0	0.0	4.918957368	0.704572678	-1.198894179	5.14351309768	1.35323544619	-0.735996370135	251
19	0.0	0.25	0.0	4.37352771892	0.706964250081	-1.23393515263	4.61903200681	1.35480561869	-0.820302198114	252
19	0.0	0.5	0.0	3.77871265454	0.753784511739	-1.21142626553	4.0446855608	1.32299904725	-0.839612129829	253
19	0.0	0.75	0.0	3.17993501964	0.788153735527	-1.16556475192	3.44890523778	1.2538888118	-0.828990561563	254
19	0.0	1.0	0.0	2.622617659	0.753192194	-1.130547846	2.8601225159	1.14354799231	-0.823501889599	255
19	0.25	0.0	0.0	4.91250094454	0.716644394616	-1.38069790377	5.16287704346	1.3293048833	-0.934725671125	256
19	0.25	0.25	0.0	4.36886411321	0.711326119593	-1.42550209662	4.6295113362	1.32815389327	-1.03374795675	257
19	0.25	0.5	0.0	3.77853876358	0.723309402565	-1.39872257606	4.05545591789	1.28419947288	-1.06027465098	258
19	0.25	0.75	0.0	3.18602826599	0.719825331951	-1.34702086385	3.46542092579	1.20116929066	-1.05721642541	259
19	0.25	1.0	0.0	2.63583599076	0.668104996168	-1.31705848172	2.88411649716	1.08279101515	-1.06748395161	260
19	0.5	0.0	0.0	4.88333668767	0.764609161363	-1.55306996672	5.15414294936	1.33642724824	-1.13939577389	261
19	0.5	0.25	0.0	4.3354656047	0.762700375151	-1.61065638222	4.61735553865	1.33805492499	-1.24983902784	262
19	0.5	0.5	0.0	3.74730836797	0.723143213665	-1.58569671307	4.03814429056	1.25891693657	-1.28614776916	263
19	0.5	0.75	0.0	3.15984097088	0.654216858314	-1.53060708379	3.4454146039	1.13206200691	-1.29180568033	264
19	0.5	1.0	0.0	2.61403940685	0.564200490504	-1.49780361891	2.86807187747	0.990538859935	-1.31029644381	265
19	0.75	0.0	0.0	4.84546536873	0.794859975429	-1.70224177431	5.13450377913	1.32489596224	-1.33140680556	266
19	0.75	0.25	0.0	4.29345563388	0.796524375881	-1.77049536642	4.59672331917	1.32653831057	-1.44902974067	267
19	0.75	0.5	0.0	3.71157851666	0.709042002082	-1.74999453857	4.01444377368	1.21035333389	-1.4946789692	268
19	0.75	0.75	0.0	3.1321610053	0.577519650496	-1.69449727805	3.41945202558	1.03785662162	-1.50879261001	269
19	0.75	1.0	0.0	2.58753008802	0.447064117588	-1.65776157215	2.84353495778	0.87056376315	-1.53180878195	270
19	1.0	0.0	0.0	4.812887759	0.753789834	-1.814444733	5.12115249655	1.24500444654	-1.49215889327	271
19	1.0	0.25	0.0	4.26295764124	0.748235480913	-1.88611640622	4.58177338275	1.23563364672	-1.61177442451	272
19	1.0	0.5	0.0	3.69790625865	0.63676182486	-1.86926191461	4.00604746212	1.10171056042	-1.66331573593	273
19	1.0	0.75	0.0	3.13377624024	0.475925044377	-1.81686531294	3.41809894433	0.909842795858	-1.68421149815	274
19	1.0	1.0	0.0	2.586610215	0.322281318	-1.781910656	2.84205203905	0.726637961267	-1.71189038178	275
20	0.0	0.0	0.0	2.622617659	0.753192194	-1.130547846	2.8601225159	1.14354799231	-0.823501889599	276
20	0.0	0.25	0.0	2.06168864899	0.65207948613	-1.10451638412	2.25654064639	0.993357831546	-0.848885915365	277
20	0.0	0.5	0.0	1.47012230456	0.552543724143	-1.07707900891	1.64336526127	0.839281517373	-0.893778825148	278
20	0.0	0.75	0.0	0.862939690098	0.484764363335	-1.0676292465	1.02606893709	0.714687466992	-0.938555726047	279
20	0.0	1.0	0.0	0.25516187	0.478920859	-1.095560623	0.410124250387	0.652944097603	-0.963591725158	280
20	0.25	0.0	0.0	2.63583599076	0.668104996168	-1.31705848172	2.88411649716	1.08279101515	-1.06748395161	281
20	0.25	0.25	0.0	2.08050860556	0.555681441449	-1.30050839413	2.28078139254	0.925128334597	-1.10841572844	282
20	0.25	0.5	0.0	1.49036565396	0.426046519473	-1.27368495025	1.65875664085	0.754465300816	-1.15868847985	283
20	0.25	0.75	0.0	0.881735760186	0.321225433597	-1.25988567898	1.03321481636	0.605500743861	-1.2065288731	284
20	0.25	1.0	0.0	0.270947548451	0.283243387179	-1.2824081092	0.419328493322	0.51293349379	-1.24016357543	285
20	0.5	0.0	0.0	2.61403940685	0.564200490504	-1.49780361891	2.86807187747	0.990538859935	-1.31029644381	286
20	0.5	0.25	0.0	2.06323030901	0.436084839488	-1.4759734753	2.26958747644	0.822801051979	-1.35070515376	287
20	0.5	0.5	0.0	1.4790143892	0.284313545569	-1.43720697934	1.64691498355	0.63244461296	-1.38940643881	288
20	0.5	0.75	0.0	0.879363187425	0.15493636616	-1.40875062714	1.02385600959	0.461674019569	-1.4247195586	289
20	0.5	1.0	0.0	0.282248243705	0.0940030586728	-1.41785091485	0.424212165377	0.3526937485	-1.45496377281	290
20	0.75	0.0	0.0	2.58753008802	0.447064117588	-1.65776157215	2.84353495778	0.87056376315	-1.53180878195	291
20	0.75	0.25	0.0	2.03570073004	0.303836785129	-1.63022322999	2.24888706862	0.692599339826	-1.56831258414	292
20	0.75	0.5	0.0	1.45671531822	0.139125889998	-1.58421676954	1.62931161562	0.486908316135	-1.5960386651	293
20	0.75	0.75	0.0	0.869198369319	-0.00453164009035	-1.54557515238	1.01363288262	0.300211297211	-1.6188802903	294
20	0.75	1.0	0.0	0.291774400106	-0.0845988774195	-1.54013134007	0.430675153405	0.179228888187	-1.64073072521	295
20	1.0	0.0	0.0	2.586610215	0.322281318	-1.781910656	2.84205203905	0.726637961267	-1.71189038178	296
20	1.0	0.25	0.0	2.02376683936	0.169484383255	-1.76256926056	2.24460833958	0.540746554272	-1.75379641239	297
20	1.0	0.5	0.0	1.44411524899	0.0022646403263	-1.73128599424	1.62741786335	0.331545272673	-1.78869112183	298
20	1.0	0.75	0.0	0.864617703375	-0.147607386266	-1.70171031606	1.01818580127	0.138116579881	-1.81476357594	299
20	1.0	1.0	0.0	0.302236462	-0.248361172	-1.687491685	0.444617344256	-0.000457060695345	-1.83020284057	300
25	0.0	0.0	0.0	4.812887759	0.753789834	-1.814444733	5.12115249655	1.24500444654	-1.49215889327	301
25	0.0	0.25	0.0	4.26295764124	0.748235480913	-1.88611640622	4.58177338275	1.23563364672	-1.61177442451	302
25	0.0	0.5	0.0	3.69790625865	0.63676182486	-1.86926191461	4.00604746212	1.10171056042	-1.66331573593	303
25	0.0	0.75	0.0	3.13377624024	0.475925044377	-1.81686531294	3.41809894433	0.909842795858	-1.68421149815	304
25	0.0	1.0	0.0	2.586610215	0.322281318	-1.781910656	2.84205203905	0.726637961267	-1.71189038178	305
25	0.25	0.0	0.0	4.78922048623	0.487774492566	-1.90860217742	5.12736382681	0.884988752783	-1.70520465258	306
25	0.25	0.25	0.0	4.25517052932	0.456945350037	-1.98284371099	4.59164103286	0.846148293415	-1.82870691027	307
25	0.25	0.5	0.0	3.72028578171	0.336936645588	-1.98243036841	4.03629003567	0.706932849631	-1.89462502862	308
25	0.25	0.75	0.0	3.18162083597	0.171014466924	-1.9533383995	3.47059301265	0.515231123832	-1.93361952442	309
25	0.25	1.0	0.0	2.63623028466	0.00244490174952	-1.94154405408	2.90383214118	0.318931818424	-1.97635091443	310
25	0.5	0.0	0.0	4.8056567289	0.136778437607	-1.85846750772	5.15764423045	0.420623459426	-1.7724168419	311
25	0.5	0.25	0.0	4.28739705167	0.088435718892	-1.94313772092	4.63902541831	0.36208675691	-1.90906746046	312
25	0.5	0.5	0.0	3.75585857358	-0.0438548876849	-1.97461694298	4.0929821842	0.205237536831	-2.00187846128	313
25	0.5	0.75	0.0	3.2204694249	-0.220154193101	-1.98527665997	3.53800118208	-0.0019936521142	-2.06972281574	314
25	0.5	1.0	0.0	2.69065773589	-0.400523008333	-2.00748835796	2.99256906591	-0.211676261228	-2.13147349524	315
25	0.75	0.0	0.0	4.83272654162	-0.230086253155	-1.73181099965	5.20100275951	-0.0551789049233	-1.71917587346	316
25	0.75	0.25	0.0	4.32618034308	-0.299400579052	-1.82269414923	4.70203846083	-0.137373780353	-1.86838387661	317
25	0.75	0.5	0.0	3.79044208021	-0.450326402217	-1.87973939611	4.16163061628	-0.320171078327	-1.98244698246	318
25	0.75	0.75	0.0	3.25314613588	-0.639318120186	-1.92390887682	3.61276488137	-0.548467826312	-2.0722100987	319
25	0.75	1.0	0.0	2.74192689293	-0.822830130498	-1.97616472786	3.08842691159	-0.767161051774	-2.14851813303	320
25	1.0	0.0	0.0	4.840959979	-0.543707502	-1.596402929	5.24644846605	-0.449505811657	-1.57086215947	321
25	1.0	0.25	0.0	4.33806353837	-0.648670710326	-1.67720870919	4.7587920821	-0.57305613593	-1.72218396022	322
25	1.0	0.5	0.0	3.8098537476	-0.827191525266	-1.73171548565	4.2277420405	-0.786088696188	-1.83370154072	323
25	1.0	0.75	0.0	3.28247509778	-1.02821449882	-1.78046383254	3.68732553931	-1.03082769309	-1.92077009988	324
25	1.0	1.0	0.0	2.78207208	-1.200684183	-1.843994324	3.17156977661	-1.2494973273	-1.99874483663	325
26	0.0	0.0	0.0	2.586610215	0.322281318	-1.781910656	2.84205203905	0.726637961267	-1.71189038178	326
26	0.0	0.25	0.0	2.02376683936	0.169484383255	-1.76256926056	2.24460833958	0.540746554272	-1.75379641239	327
26	0.0	0.5	0.0	1.44411524899	0.0022646403263	-1.73128599424	1.62741786335	0.331545272673	-1.78869112183	328
26	0.0	0.75	0.0	0.864617703375	-0.147607386266	-1.70171031606	1.01818580127	0.138116579881	-1.81476357594	329
26	0.0	1.0	0.0	0.302236462	-0.248361172	-1.687491685	0.444617344256	-0.000457060695345	-1.83020284057	330
26	0.25	0.0	0.0	2.63623028466	0.00244490174952	-1.94154405408	2.90383214118	0.318931818424	-1.97635091443	331
26	0.25	0.25	0.0	2.05445520276	-0.163083182217	-1.95710080971	2.30079104594	0.120346608074	-2.03780496383	332
26	0.25	0.5	0.0	1.46607264556	-0.32570970453	-1.97203080236	1.68323116118	-0.0822428181042	-2.09796581227	333
26	0.25	0.75	0.0	0.886654244923	-0.47364712305	-1.97975532288	1.0733358174	-0.272852036562	-2.14341621212	334
26	0.25	1.0	0.0	0.331771632707	-0.595107895636	-1.97369566211	0.493288345054	-0.435496623751	-2.16073891576	335
26	0.5	0.0	0.0	2.69065773589	-0.400523008333	-2.00748835796	2.99256906591	-0.211676261228	-2.13147349524	336
26	0.5	0.25	0.0	2.11186450162	-0.581720972325	-2.05576182506	2.39712007764	-0.426155374288	-2.20650965324	337
26	0.5	0.5	0.0	1.51729675971	-0.751580630534	-2.10603823119	1.77670807794	-0.637916022377	-2.28077324159	338
26	0.5	0.75	0.0	0.92894610386	-0.89978184425	-2.14740905339	1.15458434677	-0.832718283784	-2.34045903438	339
26	0.5	1.0	0.0	0.368804127754	-1.01600447476	-2.16896576868	0.554000164061	-0.996322236799	-2.37176180566	340
26	0.75	0.0	0.0	2.74192689293	-0.822830130498	-1.97616472786	3.08842691159	-0.767161051774	-2.14851813303	341
26	0.75	0.25	0.0	2.17135361979	-1.01201502649	-2.05324650984	2.50030251896	-0.993895880757	-2.23385791503	342
26	0.75	0.5	0.0	1.57030798487	-1.19377294793	-2.13259563197	1.87202998156	-1.22084104553	-2.31715291525	343
26	0.75	0.75	0.0	0.970169131664	-1.34702258685	-2.20123792499	1.23208802976	-1.42370897114	-2.38554890865	344
26	0.75	1.0	0.0	0.402316203674	-1.45068263526	-2.24619921965	0.60895539392	-1.57821208266	-2.4261916702	345
26	1.0	0.0	0.0	2.78207208	-1.200684183	-1.843994324	3.17156977661	-1.2494973273	-1.99874483663	346
26	1.0	0.25	0.0	2.20828144112	-1.37955138412	-1.94424906727	2.57704545419	-1.47801139927	-2.09379718364	347
26	1.0	0.5	0.0	1.59762671446	-1.57071146697	-2.05099035593	1.93337823997	-1.71638459293	-2.18714433868	348
26	1.0	0.75	0.0	0.988999179815	-1.73638038784	-2.13780835513	1.27600350673	-1.92805090799	-2.25834270086	349
26	1.0	1.0	0.0	0.421290117	-1.838774103	-2.17829323	0.640356627274	-2.07644434417	-2.2869486693	350
27	0.0	0.0	0.0	4.840959979	-0.543707502	-1.596402929	5.24644846605	-0.449505811657	-1.57086215947	351
27	0.0	0.25	0.0	4.33806353837	-0.648670710326	-1.67720870919	4.7587920821	-0.57305613593	-1.72218396022	352
27	0.0	0.5	0.0	3.8098537476	-0.827191525266	-1.73171548565	4.2277420405	-0.786088696188	-1.83370154072	353
27	0.0	0.75	0.0	3.28247509778	-1.02821449882	-1.78046383254	3.68732553931	-1.03082769309	-1.92077009988	354
27	0.0	1.0	0.0	2.78207208	-1.200684183	-1.843994324	3.17156977661	-1.2494973273	-1.99874483663	355
27	0.25	0.0	0.0	4.8768476605	-0.890526689871	-1.46209375522	5.29942686338	-0.831410772256	-1.29238009322	356
27	0.25	0.25	0.0	4.37083281151	-1.05216442793	-1.52726989143	4.80854514645	-1.01511899873	-1.42743762549	357
27	0.25	0.5	0.0	3.85447004711	-1.26864396333	-1.56170223087	4.28807312883	-1.26748078765	-1.5123880537	358
27	0.25	0.75	0.0	3.33705400455	-1.48552502785	-1.59058782671	3.75713547211	-1.53396735561	-1.57445423799	359
27	0.25	1.0	0.0	2.8278793211	-1.64836735327	-1.63912373208	3.23485683786	-1.76004991922	-1.64085903853	360
27	0.5	0.0	0.0	4.97172603701	-1.27041435154	-1.29754209628	5.35697544475	-1.20175987405	-0.899801279767	361
27	0.5	0.25	0.0	4.46066691047	-1.48464538493	-1.35968998205	4.85469383203	-1.43290605066	-1.00796771052	362
27	0.5	0.5	0.0	3.93857169032	-1.72440164568	-1.38993988419	4.33241530013	-1.7112148637	-1.0718485347	363
27	0.5	0.75	0.0	3.40997374478	-1.94883766126	-1.40699130055	3.7995734382	-1.99428264003	-1.11762269967	364
27	0.5	1.0	0.0	2.8794064421	-2.11710795911	-1.42954372896	3.26560183541	-2.23970570653	-1.17146915278	365
27	0.75	0.0	0.0	5.07041067177	-1.55593715418	-1.07697039444	5.40709718772	-1.45279056889	-0.444473373651	366
27	0.75	0.25	0.0	4.55578673109	-1.81599074522	-1.13130220304	4.89873526813	-1.72156223735	-0.513666392034	367
27	0.75	0.5	0.0	4.01844167966	-2.08022192526	-1.15664644927	4.3664512072	-2.02661948331	-0.553526422178	368
27	0.75	0.75	0.0	3.47031032123	-2.31962011732	-1.16237473969	3.82247058378	-2.3328188128	-0.582406280471	369
27	0.75	1.0	0.0	2.92332745955	-2.50517474439	-1.15785868086	3.27901897673	-2.60501673184	-0.618658783297	370
27	1.0	0.0	0.0	5.117717128	-1.619661765	-0.774601092	5.43779506984	-1.47674030864	0.0222559705912	371
27	1.0	0.25	0.0	4.60441316924	-1.91607767269	-0.798939776385	4.94216658399	-1.77623250445	0.00557415321898	372
27	1.0	0.5	0.0	4.05036301758	-2.22186215498	-0.802039929767	4.39586350286	-2.12302320546	0.00113484538776	373
27	1.0	0.75	0.0	3.48713973664	-2.49934011428	-0.789438629766	3.83365805507	-2.47062114034	-0.000935775983586	374
27	1.0	1.0	0.0	2.94631639	-2.710836453	-0.766672954	3.29032246927	-2.77253503778	-0.0105115339762	375
28	0.0	0.0	0.0	2.78207208	-1.200684183	-1.843994324	3.17156977661	-1.2494973273	-1.99874483663	376
28	0.0	0.25	0.0	2.20828144112	-1.37955138412	-1.94424906727	2.57704545419	-1.47801139927	-2.09379718364	377
28	0.0	0.5	0.0	1.59762671446	-1.57071146697	-2.05099035593	1.93337823997	-1.71638459293	-2.18714433868	378
28	0.0	0.75	0.0	0.988999179815	-1.73638038784	-2.13780835513	1.27600350673	-1.92805090799	-2.25834270086	379
28	0.0	1.0	0.0	0.421290117	-1.838774103	-2.17829323	0.640356627274	-2.07644434417	-2.2869486693	380
28	0.25	0.0	0.0	2.8278793211	-1.64836735327	-1.63912373208	3.23485683786	-1.76004991922	-1.64085903853	381
28	0.25	0.25	0.0	2.24574000484	-1.80586679998	-1.73362255193	2.63254307429	-1.9852984143	-1.73475009081	382
28	0.25	0.5	0.0	1.63328373578	-1.99084819562	-1.83968479413	1.98242456181	-2.22345660487	-1.82573586641	383
28	0.25	0.75	0.0	1.02678573461	-2.16069838994	-1.92000284739	1.32125770048	-2.43783469898	-1.88771385928	384
28	0.25	1.0	0.0	0.462521222019	-2.27280423272	-1.93726910046	0.685798890385	-2.5917429047	-1.89458156337	385
28	0.5	0.0	0.0	2.8794064421	-2.11710795911	-1.42954372896	3.26560183541	-2.23970570653	-1.17146915278	386
28	0.5	0.25	0.0	2.30300210502	-2.26594020788	-1.47991918805	2.67478640732	-2.4702301631	-1.24344439217	387
28	0.5	0.5	0.0	1.70288661555	-2.43165901858	-1.5394462001	2.03951318515	-2.70407278925	-1.30646072724	388
28	0.5	0.75	0.0	1.10554056673	-2.5857800527	-1.58355049111	1.39102334509	-2.91632490458	-1.34570585865	389
28	0.5	1.0	0.0	0.537444551639	-2.69981897175	-1.58765778707	0.760558063336	-3.08207782869	-1.34636748702	390
28	0.75	0.0	0.0	2.92332745955	-2.50517474439	-1.15785868086	3.27901897673	-2.60501673184	-0.618658783297	391
28	0.75	0.25	0.0	2.36070185245	-2.65031532489	-1.15891520504	2.70689950712	-2.84161968129	-0.661890128963	392
28	0.75	0.5	0.0	1.77012206556	-2.78666279127	-1.16583577135	2.08623414815	-3.0633311152	-0.69561491392	393
28	0.75	0.75	0.0	1.17551869826	-2.90726573446	-1.1718050928	1.44717405624	-3.26190055853	-0.716734725575	394
28	0.75	1.0	0.0	0.60082234994	-3.0051727454	-1.17000788241	0.819870387787	-3.4290775362	-0.722151151335	395
28	1.0	0.0	0.0	2.94631639	-2.710836453	-0.766672954	3.29032246927	-2.77253503778	-0.0105115339762	396
28	1.0	0.25	0.0	2.3994733579	-2.8495358681	-0.746386832343	2.73200642753	-3.00828000452	-0.0320973424285	397
28	1.0	0.5	0.0	1.7986767976	-2.9493783691	-0.734414705383	2.10417748898	-3.20632955186	-0.0594944191953	398
28	1.0	0.75	0.0	1.18697515125	-3.02079579356	-0.728120458981	1.4515834496	-3.37294069453	-0.0852164867065	399
28	1.0	1.0	0.0	0.607416861	-3.074219979	-0.724867979	0.818972105399	-3.51437044726	-0.101777267392	400
33	0.0	0.0	0.0	5.117717128	-1.619661765	-0.774601092	5.43779506984	-1.47674030864	0.0222559705912	401
33	0.0	0.25	0.0	4.60441316924	-1.91607767269	-0.798939776385	4.94216658399	-1.77623250445	0.00557415321898	402
33	0.0	0.5	0.0	4.05036301758	-2.22186215498	-0.802039929767	4.39586350286	-2.12302320546	0.00113484538776	403
33	0.0	0.75	0.0	3.48713973664	-2.49934011428	-0.789438629766	3.83365805507	-2.47062114034	-0.000935775983586	404
33	0.0	1.0	0.0	2.94631639	-2.710836453	-0.766672954	3.29032246927	-2.77253503778	-0.0105115339762	405
33	0.25	0.0	0.0	5.07198573821	-1.47691152034	-0.586547744624	5.37592881739	-1.30183062144	0.309554222735	406
33	0.25	0.25	0.0	4.5617306828	-1.76794682433	-0.578492274491	4.88623715712	-1.59700512886	0.343556459759	407
33	0.25	0.5	0.0	4.0109642017	-2.08579982666	-0.54017686164	4.34432486383	-1.95531112412	0.392875269289	408
33	0.25	0.75	0.0	3.45620896026	-2.38175593125	-0.487915524489	3.7914875456	-2.31935212533	0.442654876758	409
33	0.25	1.0	0.0	2.93398762386	-2.60710054203	-0.438022281456	3.26902081051	-2.6317316506	0.478039507601	410
33	0.5	0.0	0.0	4.9702758261	-1.22372174739	-0.539421346987	5.22695217059	-1.02757377067	0.455182786904	411
33	0.5	0.25	0.0	4.45796898385	-1.46777879513	-0.514997064135	4.71923955456	-1.27946008958	0.529185884771	412
33	0.5	0.5	0.0	3.92902008863	-1.74994311453	-0.437628643024	4.19891875245	-1.60078674993	0.634553044173	413
33	0.5	0.75	0.0	3.400769279	-2.0248717174	-0.337934193367	3.68469169965	-1.93755195713	0.746248639727	414
33	0.5	1.0	0.0	2.89055669351	-2.24722161552	-0.246531824877	3.19526033157	-2.23575391656	0.839237046051	415
33	0.75	0.0	0.0	4.87406728169	-0.893069378736	-0.507598190357	5.08930471364	-0.708221808286	0.550878491429	416
33	0.75	0.25	0.0	4.34940697168	-1.0823761094	-0.475044841975	4.55362116638	-0.905244626482	0.650429622825	417
33	0.75	0.5	0.0	3.83949915644	-1.31819786245	-0.375704079665	4.04662260073	-1.17337440625	0.793964066933	418
33	0.75	0.75	0.0	3.33536981932	-1.5617824117	-0.245980681388	3.56248139321	-1.46531481498	0.952670541236	419
33	0.75	1.0	0.0	2.82804494365	-1.77437753101	-0.122279425109	3.09536992039	-1.73376952004	1.09773776322	420
33	1.0	0.0	0.0	4.844839995	-0.517931347	-0.365454566	5.06142603075	-0.398026786261	0.688378164644	421
33	1.0	0.25	0.0	4.29232354556	-0.678541291472	-0.325226304672	4.50182938268	-0.556005979404	0.795254868493	422
33	1.0	0.5	0.0	3.77736988319	-0.894469914241	-0.23571197731	3.9744138407	-0.786998416441	0.938904234463	423
33	1.0	0.75	0.0	3.27455970772	-1.12558295314	-0.118541033543	3.47406750228	-1.04273487817	1.1047456096	424
33	1.0	1.0	0.0	2.758473719	-1.331746146	0.004657077	2.99567846489	-1.2749461454	1.27819834094	425
34	0.0	0.0	0.0	2.94631639	-2.710836453	-0.766672954	3.29032246927	-2.77253503778	-0.0105115339762	426
34	0.0	0.25	0.0	2.3994733579	-2.8495358681	-0.746386832343	2.73200642753	-3.00828000452	-0.0320973424285	427
34	0.0	0.5	0.0	1.7986767976	-2.9493783691	-0.734414705383	2.10417748898	-3.20632955186	-0.0594944191953	428
34	0.0	0.75	0.0	1.18697515125	-3.02079579356	-0.728120458981	1.4515834496	-3.37294069453	-0.0852164867065	429
34	0.0	1.0	0.0	0.607416861	-3.074219979	-0.724867979	0.818972105399	-3.51437044726	-0.101777267392	430
34	0.25	0.0	0.0	2.93398762386	-2.60710054203	-0.438022281456	3.26902081051	-2.6317316506	0.478039507601	431
34	0.25	0.25	0.0	2.38145596198	-2.75570587352	-0.379895152127	2.71117523046	-2.87872469684	0.507709238231	432
34	0.25	0.5	0.0	1.76179847277	-2.85427964213	-0.310468317669	2.06881431901	-3.08063830157	0.537986439106	433
34	0.25	0.75	0.0	1.13338430506	-2.9105696341	-0.246897977119	1.39818727209	-3.23853542563	0.56288550828	434
34	0.25	1.0	0.0	0.55458260765	-2.93232363568	-0.206340329516	0.755543285588	-3.35347902985	0.576420843805	435
34	0.5	0.0	0.0	2.89055669351	-2.24722161552	-0.246531824877	3.19526033157	-2.23575391656	0.839237046051	436
34	0.5	0.25	0.0	2.31028618431	-2.42740718586	-0.119392673779	2.63141412099	-2.50981876104	0.945357505542	437
34	0.5	0.5	0.0	1.68514276146	-2.56697853201	0.050071253123	1.9925421711	-2.75228666679	1.06755997143	438
34	0.5	0.75	0.0	1.06105080517	-2.65922301397	0.212935706736	1.32493778112	-2.94351505789	1.17957717971	439
34	0.5	1.0	0.0	0.48393469564	-2.69742799173	0.320276437963	0.674894250285	-3.06386135841	1.25514186638	440
34	0.75	0.0	0.0	2.82804494365	-1.77437753101	-0.122279425109	3.09536992039	-1.73376952004	1.09773776322	441
34	0.75	0.25	0.0	2.2152768159	-1.9813673544	0.0707207211762	2.52232585368	-2.01881940262	1.28348723374	442
34	0.75	0.5	0.0	1.59309229477	-2.159730169	0.337933553747	1.89671151657	-2.28964801083	1.50178368084	443
34	0.75	0.75	0.0	0.982702669623	-2.29356854752	0.601659212533	1.24399019504	-2.51259029251	1.70801223171	444
34	0.75	1.0	0.0	0.40531922981	-2.36698506267	0.784197837461	0.589625175069	-2.65398119547	1.85755801352	445
34	1.0	0.0	0.0	2.758473719	-1.331746146	0.004657077	2.99567846489	-1.2749461454	1.27819834094	446
34	1.0	0.25	0.0	2.12574064776	-1.53431392845	0.226045151217	2.41351318308	-1.52298382704	1.52473819708	447
34	1.0	0.5	0.0	1.51002970381	-1.70478968335	0.543848130958	1.80267282677	-1.761095697	1.81321507041	448
34	1.0	0.75	0.0	0.911067916456	-1.84041884907	0.869551160221	1.16749973217	-1.9704718307	2.09134436838	449
34	1.0	1.0	0.0	0.328582315	-1.938446864	1.114639383	0.512336235518	-2.13230230355	2.30684149842	450
35	0.0	0.0	0.0	4.844839995	-0.517931347	-0.365454566	5.06142603075	-0.398026786261	0.688378164644	451
35	0.0	0.25	0.0	4.29232354556	-0.678541291472	-0.325226304672	4.50182938268	-0.556005979404	0.795254868493	452
35	0.0	0.5	0.0	3.77736988319	-0.894469914241	-0.23571197731	3.9744138407	-0.786998416441	0.938904234463	453
35	0.0	0.75	0.0	3.27455970772	-1.12558295314	-0.118541033543	3.47406750228	-1.04273487817	1.1047456096	454
35	0.0	1.0	0.0	2.758473719	-1.331746146	0.004657077	2.99567846489	-1.2749461454	1.27819834094	455
35	0.25	0.0	0.0	4.84069766032	-0.277924193679	-0.152693229998	5.07180984625	-0.1919196566	0.866678189431	456
35	0.25	0.25	0.0	4.27400782588	-0.398522351335	-0.10747935813	4.50835849037	-0.307529169739	0.965904530545	457
35	0.25	0.5	0.0	3.74004288801	-0.581267309036	-0.048105320643	3.95322226757	-0.494248662897	1.08157034182	458
35	0.25	0.75	0.0	3.22069932211	-0.783232390588	0.0250689310964	3.41799075547	-0.703352087982	1.21585093848	459
35	0.25	1.0	0.0	2.69787360356	-0.961490919797	0.111683445722	2.91425353174	-0.886113396904	1.37092163576	460
35	0.5	0.0	0.0	4.80437722628	-0.138153539213	0.0607602489703	5.02696644742	-0.0121312960028	1.05443406734	461
35	0.5	0.25	0.0	4.24586794031	-0.182632788965	0.0977958802063	4.47371855824	-0.063952553442	1.13259687287	462
35	0.5	0.5	0.0	3.69869638839	-0.296685373532	0.112518620652	3.91070209049	-0.183869780829	1.20320935785	463
35	0.5	0.75	0.0	3.1634432314	-0.437141185224	0.124695529839	3.3591833932	-0.327095462541	1.27971002177	464
35	0.5	1.0	0.0	2.6406891302	-0.560830116346	0.154093667298	2.8404288154	-0.448842082954	1.37553736411	465
35	0.75	0.0	0.0	4.7621414006	0.000272955109945	0.237647125953	4.96296126557	0.204823688037	1.20499363096	466
35	0.75	0.25	0.0	4.21506937293	0.0242820762513	0.248617767844	4.42143765831	0.208414327198	1.24710486012	467
35	0.75	0.5	0.0	3.66197904346	-0.0215435331153	0.206399584831	3.86367487706	0.147701681284	1.25740918499	468
35	0.75	0.75	0.0	3.1152407454	-0.0988044452023	0.151221153573	3.31096259126	0.0617695850589	1.26174168463	469
35	0.75	1.0	0.0	2.58722481199	-0.169101232222	0.123311050726	2.78459047039	-0.0102981267126	1.28593743809	470
35	1.0	0.0	0.0	4.740252891	0.236247628	0.340708656	4.91585973199	0.522430688027	1.27170471292	471
35	1.0	0.25	0.0	4.1887776078	0.277376924925	0.303004662289	4.37504386264	0.543261929891	1.26120145693	472
35	1.0	0.5	0.0	3.63853951235	0.26333878683	0.19377731015	3.82896219486	0.504029174962	1.19775772564	473
35	1.0	0.75	0.0	3.08854117397	0.22028272132	0.075528193186	3.28664552545	0.438977641723	1.12736475222	474
35	1.0	1.0	0.0	2.537785162	0.174358236	0.010758905	2.75712465122	0.382352548656	1.09601376983	475
36	0.0	0.0	0.0	2.758473719	-1.331746146	0.004657077	2.99567846489	-1.2749461454	1.27819834094	476
36	0.0	0.25	0.0	2.12574064776	-1.53431392845	0.226045151217	2.41351318308	-1.52298382704	1.52473819708	477
36	0.0	0.5	0.0	1.51002970381	-1.70478968335	0.543848130958	1.80267282677	-1.761095697	1.81321507041	478
36	0.0	0.75	0.0	0.911067916456	-1.84041884907	0.869551160221	1.16749973217	-1.9704718307	2.09134436838	479
36	0.0	1.0	0.0	0.328582315	-1.938446864	1.114639383	0.512336235518	-2.13230230355	2.30684149842	480
36	0.25	0.0	0.0	2.69787360356	-0.961490919797	0.111683445722	2.91425353174	-0.886113396904	1.37092163576	481
36	0.25	0.25	0.0	2.07693908178	-1.12996529211	0.303911471781	2.33298563418	-1.06945759892	1.6158916934	482
36	0.25	0.5	0.0	1.46852437125	-1.27217384238	0.597959866341	1.7295247575	-1.24610945254	1.91221969168	483
36	0.25	0.75	0.0	0.876730784267	-1.3916347112	0.909887588412	1.10772255713	-1.40891745224	2.20227410402	484
36	0.25	1.0	0.0	0.305659633167	-1.49186603918	1.155753597	0.47143068851	-1.55073009251	2.42842340383	485
36	0.5	0.0	0.0	2.6406891302	-0.560830116346	0.154093667298	2.8404288154	-0.448842082954	1.37553736411	486
36	0.5	0.25	0.0	2.05278202333	-0.693250359835	0.278501925922	2.27147442366	-0.581986895838	1.55695356017	487
36	0.5	0.5	0.0	1.45569220653	-0.837260306212	0.491891384772	1.67316827044	-0.733550132377	1.7980027743	488
36	0.5	0.75	0.0	0.875149499652	-0.969754522226	0.723268435084	1.06535780134	-0.870977261335	2.03747938898	489
36	0.5	1.0	0.0	0.336883722555	-1.06762757463	0.901639468093	0.467890461974	-0.96171375148	2.21417778667	490
36	0.75	0.0	0.0	2.58722481199	-0.169101232222	0.123311050726	2.78459047039	-0.0102981267126	1.28593743809	491
36	0.75	0.25	0.0	2.02695743029	-0.266795309379	0.171659011719	2.23034000453	-0.107836343896	1.38202611851	492
36	0.75	0.5	0.0	1.44311826753	-0.40922925599	0.279951046531	1.63962291172	-0.247217929153	1.53616698478	493
36	0.75	0.75	0.0	0.874635650102	-0.549715248289	0.400950338043	1.04490576105	-0.370575864482	1.69607287259	494
36	0.75	1.0	0.0	0.360437904415	-0.641565462512	0.487420069136	0.478655121619	-0.420043131884	1.80945661764	495
36	1.0	0.0	0.0	2.537785162	0.174358236	0.010758905	2.75712465122	0.382352548656	1.09601376983	496
36	1.0	0.25	0.0	1.97315326056	0.106773681495	0.00522522725304	2.2109428298	0.30572943079	1.12521168954	497
36	1.0	0.5	0.0	1.40238761211	0.00273912715659	0.0164472118982	1.63490822747	0.189086964489	1.19231498964	498
36	1.0	0.75	0.0	0.843500823105	-0.10645385551	0.0341899350942	1.0508667325	0.0783621318225	1.27716720423	499
36	1.0	1.0	0.0	0.3145055	-0.189513695	0.048218473	0.480664233155	0.0194919148607	1.35961186745	500
41	0.0	0.0	0.0	4.740252891	0.236247628	0.340708656	4.91585973199	0.522430688027	1.27170471292	501
41	0.0	0.25	0.0	4.1887776078	0.277376924925	0.303004662289	4.37504386264	0.543261929891	1.26120145693	502
41	0.0	0.5	0.0	3.63853951235	0.26333878683	0.19377731015	3.82896219486	0.504029174962	1.19775772564	503
41	0.0	0.75	0.0	3.08854117397	0.22028272132	0.075528193186	3.28664552545	0.438977641723	1.12736475222	504
41	0.0	1.0	0.0	2.537785162	0.174358236	0.010758905	2.75712465122	0.382352548656	1.09601376983	505
41	0.25	0.0	0.0	4.76105862023	0.394528508945	0.322086409643	4.92043560929	0.735930558384	1.22296882483	506
41	0.25	0.25	0.0	4.19791606044	0.417993981068	0.274795573003	4.3724595505	0.738864198631	1.20313606685	507
41	0.25	0.5	0.0	3.63553968897	0.384799538246	0.161741584763	3.82192883308	0.664629052213	1.13823957431	508
41	0.25	0.75	0.0	3.07661062358	0.324802964129	0.0417820340389	3.2786066643	0.563847073019	1.06823804586	509
41	0.25	1.0	0.0	2.52380998206	0.267862042366	-0.0262254900506	2.75225625148	0.487140214939	1.03309018015	510
41	0.5	0.0	0.0	4.8097332522	0.502931577249	0.227133033186	4.95052806161	0.910676058238	1.0954646079	511
41	0.5	0.25	0.0	4.23745546164	0.524397714424	0.196001644966	4.39471802054	0.906850399346	1.08833013441	512
41	0.5	0.5	0.0	3.64526318706	0.494457387943	0.108893717138	3.82729319476	0.815505404929	1.04959232115	513
41	0.5	0.75	0.0	3.06072389494	0.435792502655	0.00988307712543	3.27054555514	0.693809294535	1.00294349121	514
41	0.5	1.0	0.0	2.51140505176	0.371084963411	-0.056956447647	2.74676707252	0.598930287714	0.972075967685	515
41	0.75	0.0	0.0	4.86023203806	0.594605876679	0.0957788603854	4.98183844462	1.06178651995	0.934189850235	516
41	0.75	0.25	0.0	4.28113731381	0.614852600942	0.0863704449481	4.41993011393	1.05442228775	0.94517493846	517
41	0.75	0.5	0.0	3.66153772073	0.597864493123	0.0354145899398	3.83922727199	0.958480540608	0.937762406238	518
41	0.75	0.75	0.0	3.05240054462	0.550078107474	-0.0327351181095	3.27087053585	0.827303673869	0.919804693096	519
41	0.75	1.0	0.0	2.50469307134	0.47792999825	-0.0937250926698	2.74600052253	0.714234082874	0.899154238564	520
41	1.0	0.0	0.0	4.886510229	0.702700451	-0.032045775	4.990068114	1.2043812759	0.784142339918	521
41	1.0	0.25	0.0	4.30270311935	0.707623116574	-0.0343504602764	4.42620667186	1.18878161956	0.802061757836	522
41	1.0	0.5	0.0	3.67819100404	0.70057301099	-0.058514914165	3.85190305683	1.09537676675	0.808696269631	523
41	1.0	0.75	0.0	3.06316012922	0.664486549161	-0.0986389922211	3.28798994431	0.962769578614	0.807145256319	524
41	1.0	1.0	0.0	2.507796741	0.582300146	-0.14882255	2.7553000097	0.829562916312	0.800508098916	525
42	0.0	0.0	0.0	2.537785162	0.174358236	0.010758905	2.75712465122	0.382352548656	1.09601376983	526
42	0.0	0.25	0.0	1.97315326056	0.106773681495	0.00522522725304	2.2109428298	0.30572943079	1.12521168954	527
42	0.0	0.5	0.0	1.40238761211	0.00273912715659	0.0164472118982	1.63490822747	0.189086964489	1.19231498964	528
42	0.0	0.75	0.0	0.843500823105	-0.10645385551	0.0341899350942	1.0508667325	0.0783621318225	1.27716720423	529
42	0.0	1.0	0.0	0.3145055	-0.189513695	0.048218473	0.480664233155	0.0194919148607	1.35961186745	530
42	0.25	0.0	0.0	2.52380998206	0.267862042366	-0.0262254900506	2.75225625148	0.487140214939	1.03309018015	531
42	0.25	0.25	0.0	1.95962774629	0.198365791014	-0.0463230636432	2.21149637804	0.407805425042	1.04960525646	532
42	0.25	0.5	0.0	1.38363341077	0.100875921945	-0.060073157369	1.6378993311	0.294047515425	1.10003985813	533
42	0.25	0.75	0.0	0.816899604376	0.00527126478535	-0.0647836931716	1.05418634002	0.188558325326	1.17279457528	534
42	0.25	1.0	0.0	0.280498955946	-0.0585693508386	-0.057762592995	0.483078634146	0.13402969398	1.25626999802	535
42	0.5	0.0	0.0	2.51140505176	0.371084963411	-0.056956447647	2.74676707252	0.598930287714	0.972075967685	536
42	0.5	0.25	0.0	1.95744235618	0.285144754724	-0.0953210693565	2.21505754829	0.50519083955	0.979732139754	537
42	0.5	0.5	0.0	1.36632620351	0.175040754454	-0.130812212157	1.63889924306	0.381539586283	1.0246347609	538
42	0.5	0.75	0.0	0.781231399093	0.0831989954176	-0.151076377663	1.05222710141	0.278439894139	1.09514109298	539
42	0.5	1.0	0.0	0.245332748249	0.0520455104313	-0.143760067487	0.488976067942	0.246355129345	1.17960839782	540
42	0.75	0.0	0.0	2.50469307134	0.47792999825	-0.0937250926698	2.74600052253	0.714234082874	0.899154238564	541
42	0.75	0.25	0.0	1.95923660607	0.375551941483	-0.149689893504	2.21859024425	0.603986424128	0.900526921164	542
42	0.75	0.5	0.0	1.35357266412	0.260122694923	-0.207174813115	1.63837255141	0.475832877531	0.936786594862	543
42	0.75	0.75	0.0	0.750615942556	0.175980440273	-0.246335096957	1.04717025372	0.378435845531	0.998891419644	544
42	0.75	1.0	0.0	0.213281138427	0.167463359236	-0.247325990486	0.486806160852	0.360457730573	1.0777995555	545
42	1.0	0.0	0.0	2.507796741	0.582300146	-0.14882255	2.7553000097	0.829562916312	0.800508098916	546
42	1.0	0.25	0.0	1.9576500118	0.478028720146	-0.217350639702	2.21905836963	0.710292928587	0.796924182406	547
42	1.0	0.5	0.0	1.34847946641	0.391010813591	-0.300565820888	1.63678384424	0.60119708964	0.807182256909	548
42	1.0	0.75	0.0	0.739172970066	0.33226670324	-0.37220682963	1.04119703396	0.518975186772	0.838730217613	549
42	1.0	1.0	0.0	0.188618388	0.312816666	-0.406012402	0.465018539183	0.480327007281	0.899015959708	550
43	0.0	0.0	0.0	4.886510229	0.702700451	-0.032045775	4.990068114	1.2043812759	0.784142339918	551
43	0.0	0.25	0.0	4.30270311935	0.707623116574	-0.0343504602764	4.42620667186	1.18878161956	0.802061757836	552
43	0.0	0.5	0.0	3.67819100404	0.70057301099	-0.058514914165	3.85190305683	1.09537676675	0.808696269631	553
43	0.0	0.75	0.0	3.06316012922	0.664486549161	-0.0986389922211	3.28798994431	0.962769578614	0.807145256319	554
43	0.0	1.0	0.0	2.507796741	0.582300146	-0.14882255	2.7553000097	0.829562916312	0.800508098916	555
43	0.25	0.0	0.0	4.89277803882	0.815530781697	-0.145204011085	4.98836885119	1.33601151239	0.646676013916	556
43	0.25	0.25	0.0	4.3068851797	0.81179824691	-0.156136631901	4.42812566631	1.32114872787	0.650438595804	557
43	0.25	0.5	0.0	3.69451013752	0.820901948753	-0.177311902977	3.86904234525	1.24382223928	0.637090859001	558
43	0.25	0.75	0.0	3.08980738436	0.803581071153	-0.207377040063	3.31708060031	1.12390643305	0.623983002939	559
43	0.25	1.0	0.0	2.52693139228	0.720574798041	-0.244979258912	2.77820214378	0.981275695646	0.628465227048	560
43	0.5	0.0	0.0	4.89935609188	0.911301245467	-0.272578495014	4.99824599065	1.45640485782	0.480104672896	561
43	0.5	0.25	0.0	4.30914576869	0.908017545013	-0.288041179802	4.43940981137	1.44434949592	0.470566125941	562
43	0.5	0.5	0.0	3.70059856404	0.920195453968	-0.305866515379	3.87900053689	1.36539171018	0.44566166878	563
43	0.5	0.75	0.0	3.10509068787	0.910549875468	-0.325342853448	3.32886882223	1.24550164673	0.42824290696	564
43	0.5	1.0	0.0	2.55399835013	0.841795712651	-0.345758545711	2.80086532237	1.11064945168	0.441161446025	565
43	0.75	0.0	0.0	4.90296873275	0.975576584504	-0.405568074935	5.0108356557	1.54744924237	0.297813060877	566
43	0.75	0.25	0.0	4.31040037004	0.978716895451	-0.425321068539	4.45309824797	1.54249232514	0.275027505394	567
43	0.75	0.5	0.0	3.70464037373	0.990658379839	-0.441601607339	3.88817616074	1.45805524845	0.244462163064	568
43	0.75	0.75	0.0	3.11809769021	0.984434424231	-0.453146208866	3.33746590232	1.33441793621	0.22632558913	569
43	0.75	1.0	0.0	2.58318126592	0.933078415186	-0.458691390653	2.82236398105	1.21186031235	0.240826338839	570
43	1.0	0.0	0.0	4.900340306	0.993921541	-0.535571599	5.01727396967	1.59103259621	0.113185921881	571
43	1.0	0.25	0.0	4.31156446749	1.00633218279	-0.563233262675	4.46223011704	1.59968561697	0.0764058913146	572
43	1.0	0.5	0.0	3.71481965671	1.02449557957	-0.581940034822	3.90296774575	1.51978292303	0.0435458059453	573
43	1.0	0.75	0.0	3.13791604182	1.02427617957	-0.591396882808	3.35698313286	1.39751801804	0.0246316701938	574
43	1.0	1.0	0.0	2.608663791	0.981538431	-0.591308774	2.84177255542	1.27908440563	0.0296894884808	575
44	0.0	0.0	0.0	2.507796741	0.582300146	-0.14882255	2.7553000097	0.829562916312	0.800508098916	576
44	0.0	0.25	0.0	1.9576500118	0.478028720146	-0.217350639702	2.21905836963	0.710292928587	0.796924182406	577
44	0.0	0.5	0.0	1.34847946641	0.391010813591	-0.300565820888	1.63678384424	0.60119708964	0.807182256909	578
44	0.0	0.75	0.0	0.739172970066	0.33226670324	-0.37220682963	1.04119703396	0.518975186772	0.838730217613	579
44	0.0	1.0	0.0	0.188618388	0.312816666	-0.406012402	0.465018539183	0.480327007281	0.899015959708	580
44	0.25	0.0	0.0	2.52693139228	0.720574798041	-0.244979258912	2.77820214378	0.981275695646	0.628465227048	581
44	0.25	0.25	0.0	1.96556327317	0.633515902013	-0.306877095675	2.22706631682	0.864842670226	0.631365204362	582
44	0.25	0.5	0.0	1.3605332237	0.60140329101	-0.394728033599	1.63841475941	0.790080054906	0.619933193913	583
44	0.25	0.75	0.0	0.750133949739	0.585205631845	-0.482451309776	1.03019832864	0.731087569594	0.621746587244	584
44	0.25	1.0	0.0	0.172658157147	0.545891591334	-0.543966161297	0.420367881572	0.661964934195	0.664382775898	585
44	0.5	0.0	0.0	2.55399835013	0.841795712651	-0.345758545711	2.80086532237	1.11064945168	0.441161446025	586
44	0.5	0.25	0.0	1.99536942809	0.781354692481	-0.38188404387	2.2488949707	1.01039673475	0.458044323714	587
44	0.5	0.5	0.0	1.39039330227	0.786536389058	-0.438192302461	1.6462156228	0.956562388042	0.45479091377	588
44	0.5	0.75	0.0	0.77220573439	0.804277524401	-0.496982943957	1.01676697232	0.916813604233	0.460233982124	589
44	0.5	1.0	0.0	0.173942486185	0.78151482053	-0.540555590835	0.384488712902	0.858817575988	0.503206294712	590
44	0.75	0.0	0.0	2.58318126592	0.933078415186	-0.458691390653	2.82236398105	1.21186031235	0.240826338839	591
44	0.75	0.25	0.0	2.03002014717	0.897539727961	-0.469199738237	2.27098519225	1.12919227627	0.264578984413	592
44	0.75	0.5	0.0	1.42316542781	0.92656097138	-0.49118652615	1.65341270957	1.08741234022	0.272545688741	593
44	0.75	0.75	0.0	0.798299004935	0.968741470708	-0.515709588765	1.00678747594	1.06131802983	0.286467450343	594
44	0.75	1.0	0.0	0.19110277563	0.97268055121	-0.533826760455	0.368250434286	1.02570687076	0.328085267738	595
44	1.0	0.0	0.0	2.608663791	0.981538431	-0.591308774	2.84177255542	1.27908440563	0.0296894884808	596
44	1.0	0.25	0.0	2.05246710102	0.958065644866	-0.595652432728	2.27977784248	1.20346644892	0.0385866304054	597
44	1.0	0.5	0.0	1.44395532604	1.00162790162	-0.613938603345	1.65323229489	1.1693981626	0.0339877910894	598
44	1.0	0.75	0.0	0.821324442291	1.05785656056	-0.638539100789	1.00614435043	1.14976558554	0.0327220399899	599
44	1.0	1.0	0.0	0.222770426	1.072382981	-0.66182574	0.38252244684	1.11745475661	0.0516184465642	600
49	0.0	0.0	0.0	6.540369552	-0.215200002	-0.541984	6.70591925769	0.246593901303	0.0763766075498	601
49	0.0	0.25	0.0	6.3764688322	0.286226336365	-0.506273205527	6.52923252908	0.825078477601	0.129033965487	602
49	0.0	0.5	0.0	5.98929153054	0.666656089319	-0.49752337543	6.11669387592	1.2241110934	0.147967441646	603
49	0.0	0.75	0.0	5.46764592811	0.908438182364	-0.509400757368	5.57660659164	1.47049478688	0.14030782934	604
49	0.0	1.0	0.0	4.900340306	0.993921541	-0.535571599	5.01727396967	1.59103259621	0.113185921881	605
49	0.25	0.0	0.0	6.54096064544	-0.215052222641	-0.556025482802	6.71384452419	0.246301376345	0.05902057332	606
49	0.25	0.25	0.0	6.37385668596	0.277075529203	-0.590157858656	6.53552494084	0.810084376138	0.0190376120008	607
49	0.25	0.5	0.0	5.98079871618	0.641411871401	-0.619205374278	6.12040730981	1.20250193262	-0.0153345071588	608
49	0.25	0.75	0.0	5.45671809	0.868092735097	-0.649392823809	5.5808038006	1.44903204308	-0.0532277945312	609
49	0.25	1.0	0.0	4.8965461613	0.947254051434	-0.686945001388	5.02902658266	1.57515270477	-0.103774260488	610
49	0.5	0.0	0.0	6.542261051	-0.217204876373	-0.569877523235	6.73128011048	0.243180053118	0.0378765197467	611
49	0.5	0.25	0.0	6.3703026107	0.25011577749	-0.673654946832	6.5484605213	0.77408117585	-0.0854671741425	612
49	0.5	0.5	0.0	5.96896923638	0.58840976023	-0.743824047263	6.12648456919	1.15267308958	-0.17302732365	613
49	0.5	0.75	0.0	5.4437430407	0.792410300427	-0.794919900266	5.58874567009	1.39373411633	-0.243423772324	614
49	0.5	1.0	0.0	4.90010613631	0.856850626663	-0.841477581574	5.05863723997	1.51204257814	-0.315276363716	615
49	0.75	0.0	0.0	6.54356145656	-0.221575591667	-0.5831970523	6.74871569678	0.237840668328	0.0172649775411	616
49	0.75	0.25	0.0	6.36725215455	0.214382290764	-0.756467089134	6.56392836441	0.726285153773	-0.183599724225	617
49	0.75	0.5	0.0	5.95892645159	0.528492787617	-0.872376290571	6.14026713938	1.08916084518	-0.324789789935	618
49	0.75	0.75	0.0	5.43413725239	0.713624353572	-0.950118563666	5.60843277988	1.32416082434	-0.43047944058	619
49	0.75	1.0	0.0	4.90843746166	0.762645443311	-1.00888781547	5.09912604413	1.42897817304	-0.524842897149	620
49	1.0	0.0	0.0	6.54415255	-0.228081997	-0.595641001	6.75664096328	0.230893958679	0.00150647741409	621
49	1.0	0.25	0.0	6.36615086565	0.178910278563	-0.838296904644	6.57781756411	0.675912586942	-0.274479369528	622
49	1.0	0.5	0.0	5.95579372225	0.482503985374	-1.00585900039	6.16709650572	1.02650148034	-0.470300688124	623
49	1.0	0.75	0.0	5.43331719722	0.663968369747	-1.11912539093	5.64786570971	1.25987198479	-0.614594135838	624
49	1.0	1.0	0.0	4.918957368	0.704572678	-1.198894179	5.14351309768	1.35323544619	-0.735996370135	625
50	0.0	0.0	0.0	6.54415255	-0.228081997	-0.595641001	6.75664096328	0.230893958679	0.00150647741409	626
50	0.0	0.25	0.0	6.36615086565	0.178910278563	-0.838296904644	6.57781756411	0.675912586942	-0.274479369528	627
50	0.0	0.5	0.0	5.95579372225	0.482503985374	-1.00585900039	6.16709650572	1.02650148034	-0.470300688124	628
50	0.0	0.75	0.0	5.43331719722	0.663968369747	-1.11912539093	5.64786570971	1.25987198479	-0.614594135838	629
50	0.0	1.0	0.0	4.918957368	0.704572678	-1.198894179	5.14351309768	1.35323544619	-0.735996370135	630
50	0.25	0.0	0.0	6.54861503656	-0.237266736608	-0.608147712495	6.76602180341	0.219116932699	-0.0114144051898	631
50	0.25	0.25	0.0	6.37114217313	0.143977284877	-0.924574313356	6.59341210901	0.623204577001	-0.372976409978	632
50	0.25	0.5	0.0	5.96145772546	0.452945129234	-1.13734314037	6.19458038739	0.971516271323	-0.618326367383	633
50	0.25	0.75	0.0	5.43632341033	0.655284823475	-1.27865180127	5.6806831838	1.22117528398	-0.791048160175	634
50	0.25	1.0	0.0	4.91250094454	0.716644394616	-1.38069790377	5.16287704346	1.3293048833	-0.934725671125	635
50	0.5	0.0	0.0	6.558432507	-0.247404541577	-0.617805531567	6.7866596517	0.203276097711	-0.0219834007015	636
50	0.5	0.25	0.0	6.38152117047	0.107602614106	-1.00410124115	6.61446434473	0.568143029181	-0.472710799171	637
50	0.5	0.5	0.0	5.97079217413	0.424907140868	-1.25890144922	6.21514365741	0.917257773027	-0.771057445174	638
50	0.5	0.75	0.0	5.43510938939	0.659059252142	-1.42696980725	5.69345179165	1.19266946685	-0.974220162238	639
50	0.5	1.0	0.0	4.88333668767	0.764609161363	-1.55306996672	5.15414294936	1.33642724824	-1.13939577389	640
50	0.75	0.0	0.0	6.56824997744	-0.259280075007	-0.625223085355	6.80729749998	0.185697534263	-0.0303121309297	641
50	0.75	0.25	0.0	6.39124875888	0.0586617938419	-1.07235721975	6.63358116585	0.497539782437	-0.564780692241	642
50	0.75	0.5	0.0	5.97764378985	0.38100871172	-1.36453316717	6.22961691152	0.844441643534	-0.91529294255	643
50	0.75	0.75	0.0	5.42864576243	0.646746248843	-1.55630874592	5.6962945212	1.14677105699	-1.14858845571	644
50	0.75	1.0	0.0	4.84546536873	0.794859975429	-1.70224177431	5.13450377913	1.32489596224	-1.33140680556	645
50	1.0	0.0	0.0	6.572712464	-0.273678	-0.631009001	6.81667834011	0.168707322898	-0.0365122176834	646
50	1.0	0.25	0.0	6.39428583958	-0.0139696483214	-1.12482178085	6.64336946693	0.398206675723	-0.64028424432	647
50	1.0	0.5	0.0	5.97585929421	0.303868533236	-1.44823753443	6.23883074544	0.733783540924	-1.03783188056	648
50	1.0	0.75	0.0	5.41590315749	0.589800406675	-1.6588979543	5.69933436038	1.05589657802	-1.29863135426	649
50	1.0	1.0	0.0	4.812887759	0.753789834	-1.814444733	5.12115249655	1.24500444654	-1.49215889327	650
53	0.0	0.0	0.0	6.572712464	-0.273678	-0.631009001	6.81667834011	0.168707322898	-0.0365122176834	651
53	0.0	0.25	0.0	6.39428583958	-0.0139696483214	-1.12482178085	6.64336946693	0.398206675723	-0.64028424432	652
53	0.0	0.5	0.0	5.97585929421	0.303868533236	-1.44823753443	6.23883074544	0.733783540924	-1.03783188056	653
53	0.0	0.75	0.0	5.41590315749	0.589800406675	-1.6588979543	5.69933436038	1.05589657802	-1.29863135426	654
53	0.0	1.0	0.0	4.812887759	0.753789834	-1.814444733	5.12115249655	1.24500444654	-1.49215889327	655
53	0.25	0.0	0.0	6.56550890478	-0.296710726411	-0.635976792491	6.8160352213	0.146675386764	-0.0444700035022	656
53	0.25	0.25	0.0	6.3825037743	-0.159172796776	-1.16078954851	6.64432325958	0.202832149585	-0.69912269125	657
53	0.25	0.5	0.0	5.95464075963	0.0985469997891	-1.51626758898	6.24258361151	0.453323340358	-1.16755936126	658
53	0.25	0.75	0.0	5.38813971289	0.354759237998	-1.74975657744	5.70540191971	0.735068895838	-1.48963501467	659
53	0.25	1.0	0.0	4.78922048623	0.487774492566	-1.90860217742	5.12736382681	0.884988752783	-1.70520465258	660
53	0.5	0.0	0.0	6.5496610745	-0.317581662622	-0.634900552622	6.81462035992	0.128006189166	-0.0499717511547	661
53	0.5	0.25	0.0	6.36312026987	-0.30669473038	-1.1335187409	6.63983052978	0.00962118846275	-0.668404357529	662
53	0.5	0.5	0.0	5.93077103879	-0.146388362096	-1.47773049085	6.23431860752	0.126199146901	-1.16485240843	663
53	0.5	0.75	0.0	5.37186573916	0.0419113809825	-1.70641901046	5.70471352909	0.316834944037	-1.53447140338	664
53	0.5	1.0	0.0	4.8056567289	0.136778437607	-1.85846750772	5.15764423045	0.420623459426	-1.7724168419	665
53	0.75	0.0	0.0	6.53381324422	-0.337163517771	-0.627599536192	6.81320549855	0.110626072628	-0.0492487222463	666
53	0.75	0.25	0.0	6.34546126175	-0.447021512175	-1.06433107874	6.63591036153	-0.159008233973	-0.572235095408	667
53	0.75	0.5	0.0	5.91221274094	-0.391643304183	-1.37654512401	6.22849691344	-0.184481275512	-1.06091233649	668
53	0.75	0.75	0.0	5.36449279612	-0.282255886831	-1.59033924124	5.71038707314	-0.103851887368	-1.46123955826	669
53	0.75	1.0	0.0	4.83272654162	-0.230086253155	-1.73181099965	5.20100275951	-0.0551789049233	-1.71917587346	670
53	1.0	0.0	0.0	6.526609685	-0.356329001	-0.613892998	6.81256237974	0.0924613796768	-0.0385321783825	671
53	1.0	0.25	0.0	6.33885268542	-0.570639205202	-0.974548282705	6.63858183882	-0.280638144049	-0.434720757136	672
53	1.0	0.5	0.0	5.90692847535	-0.597923578235	-1.25663037243	6.23957970922	-0.415610162949	-0.886940459893	673
53	1.0	0.75	0.0	5.36343244361	-0.5512552879	-1.46297125769	5.73554043646	-0.432038208369	-1.29803851717	674
53	1.0	1.0	0.0	4.840959979	-0.543707502	-1.596402929	5.24644846605	-0.449505811657	-1.57086215947	675
54	0.0	0.0	0.0	6.526609685	-0.356329001	-0.613892998	6.81256237974	0.0924613796768	-0.0385321783825	676
54	0.0	0.25	0.0	6.33885268542	-0.570639205202	-0.974548282705	6.63858183882	-0.280638144049	-0.434720757136	677
54	0.0	0.5	0.0	5.90692847535	-0.597923578235	-1.25663037243	6.23957970922	-0.415610162949	-0.886940459893	678
54	0.0	0.75	0.0	5.36343244361	-0.5512552879	-1.46297125769	5.73554043646	-0.432038208369	-1.29803851717	679
54	0.0	1.0	0.0	4.840959979	-0.543707502	-1.596402929	5.24644846605	-0.449505811657	-1.57086215947	680
54	0.25	0.0	0.0	6.52575384813	-0.369242982347	-0.599479870232	6.8108072235	0.0739305286638	-0.0174780867517	681
54	0.25	0.25	0.0	6.3444929245	-0.6671881324	-0.890871089164	6.64584009134	-0.361273155733	-0.302045706896	682
54	0.25	0.5	0.0	5.92611208518	-0.786967270094	-1.14201443053	6.26607605673	-0.599461586374	-0.676942221786	683
54	0.25	0.75	0.0	5.39532558042	-0.828205190796	-1.33754396299	5.78083251548	-0.727289284725	-1.04083217077	684
54	0.25	1.0	0.0	4.8768476605	-0.890526689871	-1.46209375522	5.29942686338	-0.831410772256	-1.29238009322	685
54	0.5	0.0	0.0	6.523871007	-0.3785720605	-0.582545652599	6.80694587979	0.0522443372465	0.0140662513786	686
54	0.5	0.25	0.0	6.35386724921	-0.752696006947	-0.792113617562	6.65001645591	-0.429308992354	-0.154909408558	687
54	0.5	0.5	0.0	5.96197697363	-0.979532750909	-1.00207126142	6.28843128143	-0.772763219572	-0.423683169664	688
54	0.5	0.75	0.0	5.46299747224	-1.12884972243	-1.18101521178	5.82361079737	-1.0172147212	-0.702049103034	689
54	0.5	1.0	0.0	4.97172603701	-1.27041435154	-1.29754209628	5.35697544475	-1.20175987405	-0.899801279767	690
54	0.75	0.0	0.0	6.52198816588	-0.383949858653	-0.563974758167	6.80308453607	0.0345094258293	0.0472472663086	691
54	0.75	0.25	0.0	6.36201333342	-0.80767370979	-0.680490463633	6.6505277744	-0.467993946684	0.00183211331651	692
54	0.75	0.5	0.0	5.99486325738	-1.11567817702	-0.832698228203	6.30037366181	-0.883389587908	-0.144825851424	693
54	0.75	0.75	0.0	5.52838126206	-1.35081530895	-0.978793166824	5.85257814927	-1.21166072094	-0.318377417287	694
54	0.75	1.0	0.0	5.07041067177	-1.55593715418	-1.07697039444	5.40709718772	-1.45279056889	-0.444473373651	695
54	1.0	0.0	0.0	6.521132329	-0.38501	-0.5446516	6.80132937983	0.027832414817	0.0732113883384	696
54	1.0	0.25	0.0	6.36396885104	-0.812632121876	-0.558216223111	6.64679088869	-0.460576311493	0.163322834168	697
54	1.0	0.5	0.0	6.00511105312	-1.13546170476	-0.629792693994	6.2956314764	-0.879215216747	0.141967185037	698
54	1.0	0.75	0.0	5.55341009289	-1.39172837651	-0.716285990879	5.85643743832	-1.22047348708	0.0734947831206	699
54	1.0	1.0	0.0	5.117717128	-1.619661765	-0.774601092	5.43779506984	-1.47674030864	0.0222559705912	700
57	0.0	0.0	0.0	6.521132329	-0.38501	-0.5446516	6.80132937983	0.027832414817	0.0732113883384	701
57	0.0	0.25	0.0	6.36396885104	-0.812632121876	-0.558216223111	6.64679088869	-0.460576311493	0.163322834168	702
57	0.0	0.5	0.0	6.00511105312	-1.13546170476	-0.629792693994	6.2956314764	-0.879215216747	0.141967185037	703
57	0.0	0.75	0.0	5.55341009289	-1.39172837651	-0.716285990879	5.85643743832	-1.22047348708	0.0734947831206	704
57	0.0	1.0	0.0	5.117717128	-1.619661765	-0.774601092	5.43779506984	-1.47674030864	0.0222559705912	705
57	0.25	0.0	0.0	6.52048862259	-0.381732291189	-0.526259639341	6.79617723756	0.0303987885307	0.0959363352023	706
57	0.25	0.25	0.0	6.3559604784	-0.774058730018	-0.458866124377	6.63181651359	-0.411757662292	0.288119541732	707
57	0.25	0.5	0.0	5.98061969267	-1.05519872185	-0.484724343362	6.25910930024	-0.777535070914	0.338093804823	708
57	0.25	0.75	0.0	5.5130876508	-1.27340030564	-0.546422236657	5.79987395052	-1.07240290231	0.320393804987	709
57	0.25	1.0	0.0	5.07198573821	-1.47691152034	-0.586547744624	5.37592881739	-1.30183062144	0.309554222735	710
57	0.5	0.0	0.0	6.5190724685	-0.37453492969	-0.509023992051	6.78484252457	0.0360312128166	0.122704552143	711
57	0.5	0.25	0.0	6.34248705641	-0.708586915484	-0.384885629179	6.60641122194	-0.334482892039	0.375971274252	712
57	0.5	0.5	0.0	5.93827581127	-0.921178935227	-0.40629910331	6.19836568327	-0.623352576339	0.454287201597	713
57	0.5	0.75	0.0	5.43726373414	-1.07274565663	-0.486674360545	5.69408597675	-0.848431611934	0.449931362905	714
57	0.5	1.0	0.0	4.9702758261	-1.22372174739	-0.539421346987	5.22695217059	-1.02757377067	0.455182786904	715
57	0.75	0.0	0.0	6.51765631441	-0.363839353346	-0.493711498486	6.77350781158	0.0451618519475	0.147549615359	716
57	0.75	0.25	0.0	6.33230330896	-0.619937768003	-0.320985114563	6.58442569611	-0.235077274159	0.446406091696	717
57	0.75	0.5	0.0	5.90532002759	-0.740889441121	-0.34164095473	6.14784272592	-0.436310615934	0.540304687378	718
57	0.75	0.75	0.0	5.37360763144	-0.805623576698	-0.441803739743	5.60304152408	-0.585153638827	0.538657966068	719
57	0.75	1.0	0.0	4.87406728169	-0.893069378736	-0.507598190357	5.08930471364	-0.708221808286	0.550878491429	720
57	1.0	0.0	0.0	6.517012608	-0.350067	-0.481088999	6.76835566931	0.058222870196	0.16450510105	721
57	1.0	0.25	0.0	6.33416395991	-0.511832377307	-0.251874957572	6.57971061842	-0.119866082078	0.518952054032	722
57	1.0	0.5	0.0	5.90899296027	-0.521817335756	-0.237873878513	6.14198252863	-0.236052072608	0.645903574187	723
57	1.0	0.75	0.0	5.36978863123	-0.487893213078	-0.316571751447	5.59070859954	-0.31916300585	0.663124123671	724
57	1.0	1.0	0.0	4.844839995	-0.517931347	-0.365454566	5.06142603075	-0.398026786261	0.688378164644	725
58	0.0	0.0	0.0	6.517012608	-0.350067	-0.481088999	6.76835566931	0.058222870196	0.16450510105	726
58	0.0	0.25	0.0	6.33416395991	-0.511832377307	-0.251874957572	6.57971061842	-0.119866082078	0.518952054032	727
58	0.0	0.5	0.0	5.90899296027	-0.521817335756	-0.237873878513	6.14198252863	-0.236052072608	0.645903574187	728
58	0.0	0.75	0.0	5.36978863123	-0.487893213078	-0.316571751447	5.59070859954	-0.31916300585	0.663124123671	729
58	0.0	1.0	0.0	4.844839995	-0.517931347	-0.365454566	5.06142603075	-0.398026786261	0.688378164644	730
58	0.25	0.0	0.0	6.51897359066	-0.333726043788	-0.471780414133	6.76072128168	0.0818275064359	0.175157869463	731
58	0.25	0.25	0.0	6.33878651091	-0.418637154232	-0.178718908415	6.57499104071	-0.0207562624314	0.593406116828	732
58	0.25	0.5	0.0	5.91814203345	-0.369641421862	-0.107130343624	6.14422166911	-0.0915011784165	0.77084918929	733
58	0.25	0.75	0.0	5.37834435201	-0.288737537928	-0.138095018055	5.59947424494	-0.144018542734	0.82332668183	734
58	0.25	1.0	0.0	4.84069766032	-0.277924193679	-0.152693229998	5.07180984625	-0.1919196566	0.866678189431	735
58	0.5	0.0	0.0	6.5232877525	-0.315961495675	-0.466328050957	6.7439256289	0.115572150611	0.18356743644	736
58	0.5	0.25	0.0	6.33796476822	-0.339741779556	-0.111815590267	6.55540403017	0.0643146657343	0.657580798656	737
58	0.5	0.5	0.0	5.90646474634	-0.277565101426	0.0222330912823	6.11873559627	0.0224572051312	0.893650736171	738
58	0.5	0.75	0.0	5.35364859599	-0.190134631304	0.0437732766939	5.56542238332	-0.00476864438555	0.992395681545	739
58	0.5	1.0	0.0	4.80437722628	-0.138153539213	0.0607602489703	5.02696644742	-0.0121312960028	1.05443406734	740
58	0.75	0.0	0.0	6.52760191434	-0.297437199474	-0.464858412052	6.72712997612	0.150076542873	0.187994279145	741
58	0.75	0.25	0.0	6.33669849504	-0.252399899435	-0.0627764214045	6.53416158022	0.163675345916	0.702322402989	742
58	0.75	0.5	0.0	5.89315393116	-0.174548999058	0.129825529616	6.08728303896	0.165120210521	0.991317684951	743
58	0.75	0.75	0.0	5.32546823043	-0.0837146602436	0.200711894303	5.51928578864	0.172730027593	1.13290110196	744
58	0.75	1.0	0.0	4.7621414006	0.000272955109945	0.237647125953	4.96296126557	0.204823688037	1.20499363096	745
58	1.0	0.0	0.0	6.529562897	-0.278816999	-0.467498	6.71949558849	0.175960423376	0.186698874743	746
58	1.0	0.25	0.0	6.33998745456	-0.13386516002	-0.0432128201019	6.52447568429	0.305654421611	0.718477233299	747
58	1.0	0.5	0.0	5.8974024201	0.0104462606289	0.195256074784	6.07162272602	0.395784970239	1.04085950575	748
58	1.0	0.75	0.0	5.32357012259	0.138892208214	0.304399596278	5.49179723487	0.462620811598	1.20741292224	749
58	1.0	1.0	0.0	4.740252891	0.236247628	0.340708656	4.91585973199	0.522430688027	1.27170471292	750
61	0.0	0.0	0.0	6.529562897	-0.278816999	-0.467498	6.71949558849	0.175960423376	0.186698874743	751
61	0.0	0.25	0.0	6.33998745456	-0.13386516002	-0.0432128201019	6.52447568429	0.305654421611	0.718477233299	752
61	0.0	0.5	0.0	5.8974024201	0.0104462606289	0.195256074784	6.07162272602	0.395784970239	1.04085950575	753
61	0.0	0.75	0.0	5.32357012259	0.138892208214	0.304399596278	5.49179723487	0.462620811598	1.20741292224	754
61	0.0	1.0	0.0	4.740252891	0.236247628	0.340708656	4.91585973199	0.522430688027	1.27170471292	755
61	0.25	0.0	0.0	6.53048733606	-0.266751074881	-0.47157782637	6.71827649822	0.185845261958	0.174312970437	756
61	0.25	0.25	0.0	6.34439604296	-0.0523728239012	-0.0615789129058	6.52416201683	0.406456809097	0.694096734656	757
61	0.25	0.5	0.0	5.90928673665	0.142551193858	0.177944195793	6.07331304894	0.561659563287	1.00988217193	758
61	0.25	0.75	0.0	5.34242055109	0.298143973204	0.291122352413	5.49548558346	0.66647649092	1.17004697206	759
61	0.25	1.0	0.0	4.76105862023	0.394528508945	0.322086409643	4.92043560929	0.735930558384	1.22296882483	760
61	0.5	0.0	0.0	6.532521102	-0.255493331012	-0.477371929351	6.71559449963	0.192304617646	0.150245495996	761
61	0.5	0.25	0.0	6.34876508267	0.0140614828672	-0.107000290619	6.52321368126	0.489612246776	0.635378012761	762
61	0.5	0.5	0.0	5.92112497733	0.240845188101	0.102995693784	6.07767569518	0.697569078102	0.917797662933	763
61	0.5	0.75	0.0	5.36848597188	0.409065860843	0.198934107254	5.50983050182	0.832486539348	1.05274600761	764
61	0.5	1.0	0.0	4.8097332522	0.502931577249	0.227133033186	4.95052806161	0.910676058238	1.0954646079	765
61	0.75	0.0	0.0	6.53455486794	-0.245219921888	-0.484772317407	6.71291250103	0.197779638589	0.124571736481	766
61	0.75	0.25	0.0	6.35303814887	0.0738706722924	-0.166247043532	6.52249047012	0.563183419981	0.559802041174	767
61	0.75	0.5	0.0	5.9327940864	0.329243097066	0.00229490467567	6.08267495238	0.818047253514	0.79702443604	768
61	0.75	0.75	0.0	5.39484970723	0.507340462004	0.0724410362903	5.52520969486	0.978778999925	0.900425009566	769
61	0.75	1.0	0.0	4.86023203806	0.594605876679	0.0957788603854	4.98183844462	1.06178651995	0.934189850235	770
61	1.0	0.0	0.0	6.535479307	-0.236107002	-0.493670999	6.71169341076	0.20471147294	0.107366976952	771
61	1.0	0.25	0.0	6.35715881673	0.135487656382	-0.226089261938	6.52285217594	0.63523301405	0.484849793452	772
61	1.0	0.5	0.0	5.9441710081	0.431659774461	-0.0922738356156	6.08627510815	0.937627828355	0.679980948551	773
61	1.0	0.75	0.0	5.41459507942	0.62865036756	-0.0437506849857	5.53200086748	1.12348191569	0.757998958592	774
61	1.0	1.0	0.0	4.886510229	0.702700451	-0.032045775	4.990068114	1.2043812759	0.784142339918	775
62	0.0	0.0	0.0	6.535479307	-0.236107002	-0.493670999	6.71169341076	0.20471147294	0.107366976952	776
62	0.0	0.25	0.0	6.35715881673	0.135487656382	-0.226089261938	6.52285217594	0.63523301405	0.484849793452	777
62	0.0	0.5	0.0	5.9441710081	0.431659774461	-0.0922738356156	6.08627510815	0.937627828355	0.679980948551	778
62	0.0	0.75	0.0	5.41459507942	0.62865036756	-0.0437506849857	5.53200086748	1.12348191569	0.757998958592	779
62	0.0	1.0	0.0	4.886510229	0.702700451	-0.032045775	4.990068114	1.2043812759	0.784142339918	780
62	0.25	0.0	0.0	6.53624340778	-0.228076011564	-0.504383200983	6.71079119934	0.216019874058	0.0993614361559	781
62	0.25	0.25	0.0	6.36250388654	0.194869899028	-0.287212622036	6.52421583145	0.70672415892	0.409523067861	782
62	0.25	0.5	0.0	5.95776909166	0.531671994529	-0.179983827592	6.09150821056	1.04960398228	0.567335425226	783
62	0.25	0.75	0.0	5.4314051126	0.749501785299	-0.145159922369	5.53783649702	1.25568966111	0.627989432497	784
62	0.25	1.0	0.0	4.89277803882	0.815530781697	-0.145204011085	4.98836885119	1.33601151239	0.646676013916	785
62	0.5	0.0	0.0	6.5379244295	-0.221840367662	-0.516177410807	6.70880633422	0.22946582146	0.093521880944	786
62	0.5	0.25	0.0	6.36933722971	0.241685334498	-0.355793708606	6.52593037285	0.767725305987	0.32390472278	787
62	0.5	0.5	0.0	5.97395207532	0.606409146338	-0.281235786722	6.10073128197	1.14135676249	0.436321898415	788
62	0.5	0.75	0.0	5.45091101361	0.840293604461	-0.263248947933	5.55192963133	1.36577750757	0.473984763304	789
62	0.5	1.0	0.0	4.89935609188	0.911301245467	-0.272578495014	4.99824599065	1.45640485782	0.480104672896	790
62	0.75	0.0	0.0	6.53960545122	-0.217511290929	-0.528796664977	6.70682146911	0.241005201693	0.0868572813856	791
62	0.75	0.25	0.0	6.37490887026	0.273086600906	-0.429568557739	6.52770090407	0.809941672973	0.229804956043	792
62	0.75	0.5	0.0	5.98652465598	0.652520690923	-0.389319155253	6.11033095842	1.2028658919	0.294134519946	793
62	0.75	0.75	0.0	5.4655216597	0.895210758873	-0.388001360118	5.56720981476	1.4414707759	0.307564409441	794
62	0.75	1.0	0.0	4.90296873275	0.975576584504	-0.405568074935	5.0108356557	1.54744924237	0.297813060877	795
62	1.0	0.0	0.0	6.540369552	-0.215200002	-0.541984	6.70591925769	0.246593901303	0.0763766075498	796
62	1.0	0.25	0.0	6.3764688322	0.286226336365	-0.506273205527	6.52923252908	0.825078477601	0.129033965487	797
62	1.0	0.5	0.0	5.98929153054	0.666656089319	-0.49752337543	6.11669387592	1.2241110934	0.147967441646	798
62	1.0	0.75	0.0	5.46764592811	0.908438182364	-0.509400757368	5.57660659164	1.47049478688	0.14030782934	799
62	1.0	1.0	0.0	4.900340306	0.993921541	-0.535571599	5.01727396967	1.59103259621	0.113185921881	800
