Elem	xi[0]	xi[1]	xi[2]	Y[0]	Y[1]	Y[2]	y[0]	y[1]	y[2]	Index
1	0.0	0.0	0.0	0.078169917	2.172949289	-0.566470828	-0.0877415031567	2.30590925142	-0.285888596592	1
1	0.0	0.25	0.0	-0.505792682294	2.00887052402	-0.602439592098	-0.555586653445	2.12992420903	-0.352669662932	2
1	0.0	0.5	0.0	-1.08003466385	2.05060336412	-0.680421937674	-1.03694300208	2.07540145998	-0.434407808033	3
1	0.0	0.75	0.0	-1.60417183423	2.11958025415	-0.753935780163	-1.53121822546	2.05857317647	-0.480412871559	4
1	0.0	1.0	0.0	-2.03782	2.037233639	-0.776499035	-2.03782	1.99567153066	-0.439994693173	5
1	0.25	0.0	0.0	0.0795602355902	2.05214197414	-0.753414330313	-0.0826709332567	2.24503009634	-0.614076275458	6
1	0.25	0.25	0.0	-0.48829235428	1.8611113359	-0.773537776834	-0.555815778437	2.01736870116	-0.687287027284	7
1	0.25	0.5	0.0	-1.0623746776	1.81976594547	-0.842286596353	-1.03809995049	1.8940500615	-0.781156521901	8
1	0.25	0.75	0.0	-1.59402411193	1.80738409945	-0.900713690861	-1.53064638932	1.81813873667	-0.812198607795	9
1	0.25	1.0	0.0	-2.03457803487	1.70324409446	-0.889871962349	-2.03457803487	1.73269928602	-0.696927133447	10
1	0.5	0.0	0.0	0.0783636906301	1.86071644597	-0.98316128428	-0.0600267797852	2.12188089673	-1.03032191068	11
1	0.5	0.25	0.0	-0.474170384928	1.65333290852	-0.980702916871	-0.536140414316	1.84812482807	-1.07539782931	12
1	0.5	0.5	0.0	-1.05670262096	1.5473826786	-1.0209573158	-1.04086293572	1.66189465393	-1.13227848421	13
1	0.5	0.75	0.0	-1.60135807954	1.46251957028	-1.05982390469	-1.5502261399	1.53019620243	-1.11782986432	14
1	0.5	1.0	0.0	-2.04026182274	1.3183973976	-1.05320210719	-2.04026182274	1.4200353017	-0.948917958582	15
1	0.75	0.0	0.0	0.080262845605	1.63694722483	-1.19313395186	-0.0256484313898	1.95595091817	-1.43881971761	16
1	0.75	0.25	0.0	-0.461327112557	1.42553762436	-1.17273939474	-0.512867593447	1.64547974795	-1.43746883938	17
1	0.75	0.5	0.0	-1.04887755535	1.26340619184	-1.19136207801	-1.04500013008	1.39903766788	-1.44228065059	18
1	0.75	0.75	0.0	-1.60351718388	1.10808476871	-1.21500020636	-1.57263838434	1.21466957638	-1.38343186112	19
1	0.75	1.0	0.0	-2.04637469925	0.917105196441	-1.20965198444	-2.04637469925	1.09042037192	-1.19109918089	20
1	1.0	0.0	0.0	0.090940264	1.419108831	-1.320754595	0.0146247232816	1.76672942625	-1.7437639116	21
1	1.0	0.25	0.0	-0.447662875484	1.21772786591	-1.29845159296	-0.502304348191	1.432720619	-1.69396682786	22
1	1.0	0.5	0.0	-1.02475854218	0.99778911348	-1.328428865	-1.05027970586	1.12558153394	-1.66566997665	23
1	1.0	0.75	0.0	-1.57784487178	0.76717779681	-1.34997638055	-1.58056402978	0.891482861187	-1.59512981819	24
1	1.0	1.0	0.0	-2.04442	0.533779139	-1.302384109	-2.04442	0.776595290855	-1.41860281268	25
2	0.0	0.0	0.0	0.090940264	1.419108831	-1.320754595	0.0146247232816	1.76672942625	-1.7437639116	26
2	0.0	0.25	0.0	-0.447662875484	1.21772786591	-1.29845159296	-0.502304348191	1.432720619	-1.69396682786	27
2	0.0	0.5	0.0	-1.02475854218	0.99778911348	-1.328428865	-1.05027970586	1.12558153394	-1.66566997665	28
2	0.0	0.75	0.0	-1.57784487178	0.76717779681	-1.34997638055	-1.58056402978	0.891482861187	-1.59512981819	29
2	0.0	1.0	0.0	-2.04442	0.533779139	-1.302384109	-2.04442	0.776595290855	-1.41860281268	30
2	0.25	0.0	0.0	0.101603971338	1.18174120779	-1.40280739431	0.0448090353025	1.52084177501	-1.96708255282	31
2	0.25	0.25	0.0	-0.43767935952	1.01199635651	-1.39943544413	-0.495509500395	1.20508797649	-1.88190808032	32
2	0.25	0.5	0.0	-0.999790461814	0.799528174992	-1.45661610607	-1.03781959998	0.920857670694	-1.82759946522	33
2	0.25	0.75	0.0	-1.54525004778	0.568964348289	-1.49371192868	-1.55866234816	0.717845108844	-1.7575467268	34
2	0.25	1.0	0.0	-2.03457882965	0.344932561449	-1.43008546052	-2.03457882965	0.645744542167	-1.62513988434	35
2	0.5	0.0	0.0	0.102893703711	0.906332288445	-1.50908360615	0.059063855836	1.21277870808	-2.1795046364	36
2	0.5	0.25	0.0	-0.42854292277	0.761012769258	-1.54958232693	-0.475009600752	0.936325787076	-2.08719890653	37
2	0.5	0.5	0.0	-0.976838576262	0.596110670466	-1.64489088897	-0.999207634647	0.733453614472	-2.02040358431	38
2	0.5	0.75	0.0	-1.5163348523	0.421744409455	-1.71858847657	-1.51437922387	0.619580006992	-1.96362608664	39
2	0.5	1.0	0.0	-2.02137334643	0.248032403608	-1.69425427404	-2.02137334643	0.610122781364	-1.90137383044	40
2	0.75	0.0	0.0	0.100030073979	0.636925331383	-1.62802606466	0.0677145412118	0.899352616601	-2.36351916102	41
2	0.75	0.25	0.0	-0.420870676583	0.509219222758	-1.71814289127	-0.446860756785	0.668849843351	-2.28484428023	42
2	0.75	0.5	0.0	-0.960205991134	0.398042926803	-1.85503799126	-0.957439406319	0.553451269704	-2.22551153475	43
2	0.75	0.75	0.0	-1.49709983912	0.292620803408	-1.9726505813	-1.47503876489	0.531886395153	-2.19259832283	44
2	0.75	1.0	0.0	-2.01067618999	0.182177212463	-2.00491987804	-2.01067618999	0.582884719189	-2.1931820427	45
2	1.0	0.0	0.0	0.098233695	0.417563595	-1.748077604	0.0810864477599	0.637375891737	-2.50161512536	46
2	1.0	0.25	0.0	-0.415279732307	0.301057835604	-1.87436778703	-0.417119076015	0.445075937909	-2.44984917517	47
2	1.0	0.5	0.0	-0.954195812046	0.215831270903	-2.0488421905	-0.935510511454	0.370932540817	-2.42435251739	48
2	1.0	0.75	0.0	-1.49354556201	0.148696353251	-2.20394279998	-1.46796507923	0.389963112848	-2.42369386047	49
2	1.0	1.0	0.0	-2.00836	0.086465535	-2.272111601	-2.00836	0.477185066388	-2.44644191286	50
5	0.0	0.0	0.0	0.098233695	0.417563595	-1.748077604	0.0810864477599	0.637375891737	-2.50161512536	51
5	0.0	0.25	0.0	-0.415279732307	0.301057835604	-1.87436778703	-0.417119076015	0.445075937909	-2.44984917517	52
5	0.0	0.5	0.0	-0.954195812046	0.215831270903	-2.0488421905	-0.935510511454	0.370932540817	-2.42435251739	53
5	0.0	0.75	0.0	-1.49354556201	0.148696353251	-2.20394279998	-1.46796507923	0.389963112848	-2.42369386047	54
5	0.0	1.0	0.0	-2.00836	0.086465535	-2.272111601	-2.00836	0.477185066388	-2.44644191286	55
5	0.25	0.0	0.0	0.0645737042803	-0.196684472423	-1.99891545614	0.112452198159	-0.0789688405431	-2.69949966838	56
5	0.25	0.25	0.0	-0.434393431143	-0.270298235438	-2.12427133904	-0.35723407348	-0.189886125461	-2.68466686831	57
5	0.25	0.5	0.0	-0.975411059454	-0.31654112458	-2.29335822744	-0.904693456169	-0.226606887606	-2.70921118939	58
5	0.25	0.75	0.0	-1.51944946586	-0.340128875532	-2.43825739488	-1.47856279513	-0.185551466009	-2.73939427265	59
5	0.25	1.0	0.0	-2.02747893558	-0.345777223978	-2.49105011492	-2.02747893558	-0.0631401997021	-2.74147775911	60
5	0.5	0.0	0.0	-0.0130871998136	-0.976512008112	-2.1358915952	0.105746180952	-0.9366684246	-2.72530858833	61
5	0.5	0.25	0.0	-0.493711107608	-1.00498354835	-2.20219118356	-0.341943438111	-0.994059941654	-2.7119088634	62
5	0.5	0.5	0.0	-1.02417575832	-1.00756869427	-2.29540193299	-0.88089726758	-0.99987736053	-2.73647362454	63
5	0.5	0.75	0.0	-1.56136897735	-0.993230129336	-2.36546276875	-1.46851056555	-0.942938072236	-2.76514453705	64
5	0.5	1.0	0.0	-2.06217859011	-0.970930537026	-2.36231261607	-2.06217859011	-0.81205946778	-2.76406326628	65
5	0.75	0.0	0.0	-0.0959386330008	-1.76939025974	-2.17270706467	0.063646928056	-1.74277986987	-2.60445982796	66
5	0.75	0.25	0.0	-0.557704436329	-1.76493990954	-2.17028056845	-0.375054216052	-1.77112698601	-2.57756725802	67
5	0.75	0.5	0.0	-1.07390683259	-1.73018871867	-2.1782923173	-0.894794475842	-1.75933064276	-2.5859960505	68
5	0.75	0.75	0.0	-1.6029620832	-1.68007603129	-2.16603915603	-1.47704737809	-1.70042564033	-2.60723522103	69
5	0.75	1.0	0.0	-2.10328644959	-1.62954119156	-2.10281792944	-2.10328644959	-1.58744677898	-2.61877378525	70
5	1.0	0.0	0.0	-0.145170211	-2.422790475	-2.123062908	-0.0111670286124	-2.3043601858	-2.36237133002	71
5	1.0	0.25	0.0	-0.590845091933	-2.41210912541	-2.09069274158	-0.460373453449	-2.32476873388	-2.32763414972	72
5	1.0	0.5	0.0	-1.0980212062	-2.3573384783	-2.06534839051	-0.977057611111	-2.31541849909	-2.33763469496	73
5	1.0	0.75	0.0	-1.62788677012	-2.27013520454	-2.02046679119	-1.54341222037	-2.2762431048	-2.37195689196	74
5	1.0	1.0	0.0	-2.14163	-2.162155975	-1.92948488	-2.14163	-2.20717617442	-2.41018466695	75
6	0.0	0.0	0.0	-0.145170211	-2.422790475	-2.123062908	-0.0111670286124	-2.3043601858	-2.36237133002	76
6	0.0	0.25	0.0	-0.590845091933	-2.41210912541	-2.09069274158	-0.460373453449	-2.32476873388	-2.32763414972	77
6	0.0	0.5	0.0	-1.0980212062	-2.3573384783	-2.06534839051	-0.977057611111	-2.31541849909	-2.33763469496	78
6	0.0	0.75	0.0	-1.62788677012	-2.27013520454	-2.02046679119	-1.54341222037	-2.2762431048	-2.37195689196	79
6	0.0	1.0	0.0	-2.14163	-2.162155975	-1.92948488	-2.14163	-2.20717617442	-2.41018466695	80
6	0.25	0.0	0.0	-0.177517179102	-2.96660731709	-1.90499433116	-0.0974188689634	-2.75915175067	-1.96044506788	81
6	0.25	0.25	0.0	-0.623020885129	-2.94407126488	-1.87516334989	-0.568305125596	-2.76695703421	-1.92853974352	82
6	0.25	0.5	0.0	-1.12992947671	-2.85500553155	-1.85109354944	-1.09343900169	-2.74132011989	-1.94031843149	83
6	0.25	0.75	0.0	-1.66342897912	-2.71972900351	-1.80770681801	-1.64338444858	-2.69317709195	-1.97709565628	84
6	0.25	1.0	0.0	-2.18870541762	-2.5585605672	-1.71992504377	-2.18870541762	-2.63346403463	-2.02018594235	85
6	0.5	0.0	0.0	-0.225581935009	-3.55321450369	-1.47985509281	-0.185054320401	-3.33524073573	-1.35547692357	86
6	0.5	0.25	0.0	-0.68531516945	-3.49518229947	-1.45118225336	-0.679718595478	-3.31641008151	-1.32608173409	87
6	0.5	0.5	0.0	-1.19613749837	-3.34781616328	-1.4178765078	-1.21010131004	-3.24531287491	-1.31627363377	88
6	0.5	0.75	0.0	-1.72931974256	-3.15572050361	-1.36842157215	-1.74573013039	-3.14691093729	-1.32149043813	89
6	0.5	1.0	0.0	-2.25613272283	-2.96349972895	-1.29130116245	-2.25613272283	-3.04616609005	-1.33716996272	90
6	0.75	0.0	0.0	-0.266949483912	-4.0113010022	-0.959885666548	-0.25391778691	-3.83267862501	-0.67780179635	91
6	0.75	0.25	0.0	-0.741792724897	-3.91900428696	-0.936547623098	-0.769301545891	-3.78910358784	-0.649320865462	92
6	0.75	0.5	0.0	-1.25864340375	-3.72255187987	-0.899179776519	-1.30467355952	-3.676109785	-0.617191963285	93
6	0.75	0.75	0.0	-1.79277191836	-3.48261126376	-0.851270975794	-1.83105040677	-3.52572080345	-0.588222019624	94
6	0.75	1.0	0.0	-2.31944866662	-3.25984992148	-0.796310069904	-2.31944866662	-3.36996023019	-0.569217964283	95
6	1.0	0.0	0.0	-0.279204831	-4.16955578	-0.457326526	-0.283853672475	-4.05151690253	-0.0577545854877	96
6	1.0	0.25	0.0	-0.756518331474	-4.06909928516	-0.449057630203	-0.811741659634	-4.00101326525	-0.0273178816273	97
6	1.0	0.5	0.0	-1.27944532542	-3.86599418769	-0.428485866555	-1.3547847735	-3.88242387104	0.00523491844449	98
6	1.0	0.75	0.0	-1.82099836441	-3.60490284287	-0.404914951129	-1.87994641873	-3.71788285309	0.0396288171018	99
6	1.0	1.0	0.0	-2.35419	-3.330487606	-0.3876486	-2.35419	-3.52952434455	0.0755888167188	100
9	0.0	0.0	0.0	-0.279204831	-4.16955578	-0.457326526	-0.283853672475	-4.05151690253	-0.0577545854877	101
9	0.0	0.25	0.0	-0.756518331474	-4.06909928516	-0.449057630203	-0.811741659634	-4.00101326525	-0.0273178816273	102
9	0.0	0.5	0.0	-1.27944532542	-3.86599418769	-0.428485866555	-1.3547847735	-3.88242387104	0.00523491844449	103
9	0.0	0.75	0.0	-1.82099836441	-3.60490284287	-0.404914951129	-1.87994641873	-3.71788285309	0.0396288171018	104
9	0.0	1.0	0.0	-2.35419	-3.330487606	-0.3876486	-2.35419	-3.52952434455	0.0755888167188	105
9	0.25	0.0	0.0	-0.27048932749	-3.92476607327	0.0861038661287	-0.263130269817	-3.91053208282	0.640464460666	106
9	0.25	0.25	0.0	-0.743065332637	-3.8323901052	0.0634440423535	-0.804664812934	-3.855707283	0.669175983108	107
9	0.25	0.5	0.0	-1.26581046908	-3.64341219605	0.0357314644823	-1.36201802002	-3.74493525903	0.681738199129	108
9	0.25	0.75	0.0	-1.81133706357	-3.38476153314	0.000441177640678	-1.89220914528	-3.58866134356	0.686378418185	109
9	0.25	1.0	0.0	-2.3522574429	-3.08336730381	-0.0449517730457	-2.3522574429	-3.39733086928	0.691323949735	110
9	0.5	0.0	0.0	-0.262872713127	-3.40268266183	0.638983652527	-0.21787254052	-3.52916144878	1.42644274145	111
9	0.5	0.25	0.0	-0.73608957123	-3.31276893447	0.583520111533	-0.776370064177	-3.45873903035	1.44702141454	112
9	0.5	0.5	0.0	-1.25156523322	-3.12365074449	0.504193649231	-1.34950091309	-3.33892790892	1.44820034604	113
9	0.5	0.75	0.0	-1.7895067416	-2.87521201498	0.403731205664	-1.88487972531	-3.18312500672	1.42152565693	114
9	0.5	1.0	0.0	-2.33012113891	-2.60733666902	0.284859720873	-2.33012113891	-3.00472724594	1.35854346819	115
9	0.75	0.0	0.0	-0.25221974345	-2.76240169023	1.07655487116	-0.18571347467	-3.01189373467	2.12698790946	116
9	0.75	0.25	0.0	-0.726437880458	-2.67851042295	0.997360300589	-0.749508276473	-2.93260115741	2.13068499355	117
9	0.75	0.5	0.0	-1.23502301228	-2.49383012302	0.880336608802	-1.33027413136	-2.81115621202	2.11989990896	118
9	0.75	0.75	0.0	-1.76460389019	-2.26428388038	0.727293064556	-1.86778360561	-2.66752445961	2.06023567508	119
9	0.75	1.0	0.0	-2.30180926547	-2.04579478498	0.540038936605	-2.30180926547	-2.52167146125	1.91729531129	120
9	1.0	0.0	0.0	-0.234395174	-2.163019303	1.27405956	-0.204286062353	-2.46321767474	2.56890761726	121
9	1.0	0.25	0.0	-0.704957093527	-2.09788922064	1.19115433278	-0.746730312934	-2.39978631433	2.54463330103	122
9	1.0	0.5	0.0	-1.21449720071	-1.94107062164	1.06759626431	-1.31737835352	-2.30837455962	2.51211543769	123
9	1.0	0.75	0.0	-1.74572500104	-1.74000672132	0.893464685935	-1.85074623294	-2.20811031926	2.4176736144	124
9	1.0	1.0	0.0	-2.28135	-1.542140735	0.658838929	-2.28135	-2.11812150194	2.20762741828	125
10	0.0	0.0	0.0	-0.234395174	-2.163019303	1.27405956	-0.204286062353	-2.46321767474	2.56890761726	126
10	0.0	0.25	0.0	-0.704957093527	-2.09788922064	1.19115433278	-0.746730312934	-2.39978631433	2.54463330103	127
10	0.0	0.5	0.0	-1.21449720071	-1.94107062164	1.06759626431	-1.31737835352	-2.30837455962	2.51211543769	128
10	0.0	0.75	0.0	-1.74572500104	-1.74000672132	0.893464685935	-1.85074623294	-2.20811031926	2.4176736144	129
10	0.0	1.0	0.0	-2.28135	-1.542140735	0.658838929	-2.28135	-2.11812150194	2.20762741828	130
10	0.25	0.0	0.0	-0.234909487596	-1.50279582317	1.27019029792	-0.281626116543	-1.78921165019	2.73706370815	131
10	0.25	0.25	0.0	-0.696154661421	-1.45963231958	1.19812052113	-0.785268948087	-1.76137377139	2.69279148002	132
10	0.25	0.5	0.0	-1.2088389575	-1.33815631183	1.08878607677	-1.32046607464	-1.71100783438	2.64239809449	133
10	0.25	0.75	0.0	-1.74272897379	-1.17464463409	0.931683005014	-1.83273452008	-1.66467777147	2.54089782171	134
10	0.25	1.0	0.0	-2.26759130827	-1.00537412056	0.716307346011	-2.26759130827	-1.64894751495	2.34330493183	135
10	0.5	0.0	0.0	-0.260290453322	-0.72407342012	1.17897898455	-0.350220472605	-0.981661612774	2.73193530845	136
10	0.5	0.25	0.0	-0.715533506777	-0.699075577045	1.11700092151	-0.824497979292	-0.991633441731	2.69016521207	137
10	0.5	0.5	0.0	-1.22640844988	-0.613392080257	1.0179586676	-1.31966874788	-0.976771478581	2.63639136513	138
10	0.5	0.75	0.0	-1.75258032026	-0.504845145562	0.895584390249	-1.80598879956	-0.97244439323	2.56236576228	139
10	0.5	1.0	0.0	-2.25371415556	-0.411256988766	0.763610256881	-2.25371415556	-1.01402085558	2.45984039817	140
10	0.75	0.0	0.0	-0.273326102637	0.0541452897393	0.995924424904	-0.345786480912	-0.166664243152	2.60523337108	141
10	0.75	0.25	0.0	-0.734124489229	0.0693376517615	0.947338145181	-0.802524967738	-0.199024269579	2.58340995899	142
10	0.75	0.5	0.0	-1.24430748714	0.129948469358	0.864128469402	-1.27920216841	-0.205770445755	2.54280589777	143
10	0.75	0.75	0.0	-1.7602194984	0.201669191	0.778088339537	-1.76227613637	-0.218397901125	2.50484577228	144
10	0.75	1.0	0.0	-2.23820492507	0.25019126516	0.72101069756	-2.23820492507	-0.268401765132	2.49095416736	145
10	1.0	0.0	0.0	-0.236804467	0.71285769	0.716525424	-0.204041491836	0.529683778011	2.40866884899	146
10	1.0	0.25	0.0	-0.722958468412	0.731164011633	0.688674803381	-0.65745747462	0.507994800853	2.41918118258	147
10	1.0	0.5	0.0	-1.23963787856	0.788591733306	0.636309914772	-1.16328213143	0.501890310558	2.41035234057	148
10	1.0	0.75	0.0	-1.75058696617	0.877175822326	0.572114350777	-1.69336359548	0.510473988264	2.39110618788	149
10	1.0	1.0	0.0	-2.21955	0.988951246	0.508771704	-2.21955	0.532849515109	2.37036658942	150
13	0.0	0.0	0.0	-0.236804467	0.71285769	0.716525424	-0.204041491836	0.529683778011	2.40866884899	151
13	0.0	0.25	0.0	-0.722958468412	0.731164011633	0.688674803381	-0.65745747462	0.507994800853	2.41918118258	152
13	0.0	0.5	0.0	-1.23963787856	0.788591733306	0.636309914772	-1.16328213143	0.501890310558	2.41035234057	153
13	0.0	0.75	0.0	-1.75058696617	0.877175822326	0.572114350777	-1.69336359548	0.510473988264	2.39110618788	154
13	0.0	1.0	0.0	-2.21955	0.988951246	0.508771704	-2.21955	0.532849515109	2.37036658942	155
13	0.25	0.0	0.0	-0.189073142982	1.02661282461	0.57847347726	-0.115723654257	0.875350844123	2.22891487406	156
13	0.25	0.25	0.0	-0.703022874434	1.05759090189	0.56377043391	-0.592094074399	0.880258083633	2.24603431168	157
13	0.25	0.5	0.0	-1.22760649397	1.17292521498	0.533603591575	-1.12163431087	0.941714058137	2.24595636154	158
13	0.25	0.75	0.0	-1.73570373642	1.32976085062	0.478585706825	-1.66933688962	1.0187737663	2.2276756928	159
13	0.25	1.0	0.0	-2.2001943366	1.48524289556	0.389329536232	-2.2001943366	1.07049220678	2.19018697462	160
13	0.5	0.0	0.0	-0.124496448056	1.39431077265	0.464985127675	-0.0657514683838	1.29333458132	1.93215165695	161
13	0.5	0.25	0.0	-0.678077933276	1.42524698094	0.467211204782	-0.585083320639	1.31269645491	1.94140278073	162
13	0.5	0.5	0.0	-1.21547609728	1.60701446101	0.473725919091	-1.13212886594	1.44972367683	1.94044510307	163
13	0.5	0.75	0.0	-1.71961945801	1.81723465175	0.455214863284	-1.67290697872	1.58079214094	1.93862117862	164
13	0.5	1.0	0.0	-2.1734365334	1.93352899206	0.382363630044	-2.1734365334	1.58227774109	1.94527356202	165
13	0.75	0.0	0.0	-0.0571003838524	1.74402634162	0.363173777752	-0.0497920600919	1.69385977165	1.58008947007	166
13	0.75	0.25	0.0	-0.647324160168	1.76914395692	0.373289601753	-0.593293908973	1.71769302757	1.57310047329	167
13	0.75	0.5	0.0	-1.19757551635	1.99917559473	0.403513063627	-1.14643967378	1.89620094774	1.56216722552	168
13	0.75	0.75	0.0	-1.69958807619	2.24621896221	0.415931021833	-1.67508748259	2.05642786799	1.57651562248	169
13	0.75	1.0	0.0	-2.1450954635	2.32237176653	0.372630334834	-2.1450954635	2.02541812416	1.64537155992	170
13	1.0	0.0	0.0	-0.000910952	2.003834339	0.26015283	-0.0635125552563	1.98715119716	1.23443858584	171
13	1.0	0.25	0.0	-0.60996207034	2.02429353799	0.256298110582	-0.573594535033	2.00763091451	1.20894127295	172
13	1.0	0.5	0.0	-1.16823357901	2.2577247395	0.269801191489	-1.1162406115	2.15142765199	1.17947138927	173
13	1.0	0.75	0.0	-1.67286353618	2.52333551851	0.274663384151	-1.64689202103	2.30557970328	1.19393200156	174
13	1.0	1.0	0.0	-2.12099	2.64033345	0.244886	-2.12099	2.35712536209	1.30022617659	175
14	0.0	0.0	0.0	-0.000910952	2.003834339	0.26015283	-0.0635125552563	1.98715119716	1.23443858584	176
14	0.0	0.25	0.0	-0.60996207034	2.02429353799	0.256298110582	-0.573594535033	2.00763091451	1.20894127295	177
14	0.0	0.5	0.0	-1.16823357901	2.2577247395	0.269801191489	-1.1162406115	2.15142765199	1.17947138927	178
14	0.0	0.75	0.0	-1.67286353618	2.52333551851	0.274663384151	-1.64689202103	2.30557970328	1.19393200156	179
14	0.0	1.0	0.0	-2.12099	2.64033345	0.244886	-2.12099	2.35712536209	1.30022617659	180
14	0.25	0.0	0.0	0.0271206206704	2.10946059443	0.114620127119	-0.0761041603462	2.11532308838	0.920644733933	181
14	0.25	0.25	0.0	-0.581642375313	2.10646083698	0.0907136682592	-0.550428138719	2.10942687577	0.881726001024	182
14	0.25	0.5	0.0	-1.14417430276	2.31871869572	0.067745928373	-1.07698757421	2.20195501227	0.832208256211	183
14	0.25	0.75	0.0	-1.65302311335	2.57825100632	0.0385738896474	-1.60926345236	2.33559321853	0.823449599778	184
14	0.25	1.0	0.0	-2.10073675875	2.71707460445	-0.00394546573046	-2.10073675875	2.45302721519	0.906808132008	185
14	0.5	0.0	0.0	0.0513187222996	2.17856399233	-0.128388605113	-0.0819153473085	2.22250744852	0.47505669095	186
14	0.5	0.25	0.0	-0.552633916402	2.12065418447	-0.163745725476	-0.542312321067	2.16340334323	0.43125594272	187
14	0.5	0.5	0.0	-1.12286485899	2.29312045146	-0.212707002715	-1.05280017624	2.2105493752	0.379368286767	188
14	0.5	0.75	0.0	-1.6378119023	2.50721740208	-0.268818528238	-1.57634499091	2.3019623801	0.355187126006	189
14	0.5	1.0	0.0	-2.07591284317	2.57419964513	-0.325626393454	-2.07591284317	2.37565919363	0.394505863349	190
14	0.75	0.0	0.0	0.069172204029	2.20258130107	-0.383782534288	-0.0845823752197	2.29170319655	0.0290777998039	191
14	0.75	0.25	0.0	-0.526247187448	2.08281145523	-0.422867626852	-0.545335640001	2.17006691996	-0.020774184439	192
14	0.75	0.5	0.0	-1.10219004644	2.19804400737	-0.489461618992	-1.04050859355	2.17057632852	-0.0768899307516	193
14	0.75	0.75	0.0	-1.6229535827	2.34330403997	-0.561619781008	-1.54978159563	2.20838857156	-0.11228912827	194
14	0.75	1.0	0.0	-2.052835006	2.3136166355	-0.617397383201	-2.052835006	2.19866079844	-0.0999914661305	195
14	1.0	0.0	0.0	0.078169917	2.172949289	-0.566470828	-0.0877415031567	2.30590925142	-0.285888596592	196
14	1.0	0.25	0.0	-0.505792682294	2.00887052402	-0.602439592098	-0.555586653445	2.12992420903	-0.352669662932	197
14	1.0	0.5	0.0	-1.08003466385	2.05060336412	-0.680421937674	-1.03694300208	2.07540145998	-0.434407808033	198
14	1.0	0.75	0.0	-1.60417183423	2.11958025415	-0.753935780163	-1.53121822546	2.05857317647	-0.480412871559	199
14	1.0	1.0	0.0	-2.03782	2.037233639	-0.776499035	-2.03782	1.99567153066	-0.439994693173	200
17	0.0	0.0	0.0	4.654147594	2.3162388	-0.230615834	4.70701199588	2.85080328515	0.494871109175	201
17	0.0	0.25	0.0	3.93055301404	2.70769469548	-0.263733906644	4.03082004927	3.19545695004	0.4654747679	202
17	0.0	0.5	0.0	3.35183150054	3.25568526664	-0.262000877856	3.35754902197	3.64444665539	0.438937487723	203
17	0.0	0.75	0.0	2.81091583527	3.71784845073	-0.257543332639	2.68689195681	4.0103745047	0.392585772352	204
17	0.0	1.0	0.0	2.2007388	3.851822185	-0.282487856	2.01854189663	4.10584260144	0.303746125498	205
17	0.25	0.0	0.0	4.64567409954	2.29367544868	-0.374645308556	4.72610499991	2.84869101501	0.262213146608	206
17	0.25	0.25	0.0	3.93232874506	2.68876492291	-0.434095208275	4.06765516248	3.20929772627	0.19670615558	207
17	0.25	0.5	0.0	3.34351658744	3.21348677688	-0.474009959415	3.41296426274	3.65139573269	0.130829344373	208
17	0.25	0.75	0.0	2.79214061094	3.65004802836	-0.508595299105	2.75560623383	4.00535753082	0.0563811410815	209
17	0.25	1.0	0.0	2.19110379984	3.7806556951	-0.552056964471	2.08915500887	4.10155561723	-0.0348400262002	210
17	0.5	0.0	0.0	4.61053827419	2.26308405834	-0.565842887851	4.73313224686	2.84021835608	-0.0445973861258	211
17	0.5	0.25	0.0	3.91216784	2.64846178022	-0.641287144543	4.09028514201	3.2012142728	-0.135878645227	212
17	0.5	0.5	0.0	3.29872518054	3.13669812542	-0.711108164478	3.45278054862	3.63503797603	-0.22614438749	213
17	0.5	0.75	0.0	2.73026178839	3.52545120838	-0.776551448959	2.81585468796	3.96510872703	-0.322319021678	214
17	0.5	1.0	0.0	2.16682915612	3.61237914355	-0.838862499286	2.17474378128	4.01484578706	-0.431326956558	215
17	0.75	0.0	0.0	4.56815180575	2.22439471834	-0.74961500397	4.73454956979	2.81775092541	-0.343077133709	216
17	0.75	0.25	0.0	3.88825763118	2.5886908581	-0.836207054802	4.10599741151	3.16548434748	-0.458992710446	217
17	0.75	0.5	0.0	3.25070333081	3.02438425344	-0.933980095905	3.48331515168	3.57806355336	-0.575738827833	218
17	0.75	0.75	0.0	2.66388947487	3.3515802657	-1.02788510679	2.86316167062	3.87369246355	-0.69661647475	219
17	0.75	1.0	0.0	2.13621663359	3.39038425622	-1.10287306696	2.24219584864	3.87057499853	-0.824926640077	220
17	1.0	0.0	0.0	4.537926382	2.177537518	-0.871368089	4.73681280175	2.77365434004	-0.550742740826	221
17	1.0	0.25	0.0	3.8787854509	2.5113577472	-0.969752278406	4.12207939462	3.09638570816	-0.699349116003	222
17	1.0	0.5	0.0	3.2326970892	2.87561010211	-1.10331035656	3.51088534399	3.46316263264	-0.861709096624	223
17	1.0	0.75	0.0	2.63163377765	3.13595747521	-1.22906959718	2.89305153324	3.71517311062	-1.01961297695	224
17	1.0	1.0	0.0	2.107567997	3.158062759	-1.304057274	2.25839884575	3.69360513918	-1.15485105126	225
18	0.0	0.0	0.0	2.2007388	3.851822185	-0.282487856	2.01854189663	4.10584260144	0.303746125498	226
18	0.0	0.25	0.0	1.65105557539	3.60930116941	-0.35324347537	1.45106736285	3.83422163587	0.160355823056	227
18	0.0	0.5	0.0	1.188858787	3.16800578535	-0.44815605082	0.948341006391	3.32629102075	-0.0187102533139	228
18	0.0	0.75	0.0	0.701959784358	2.64890037712	-0.53123027186	0.454144245103	2.75815285848	-0.1839568208	229
18	0.0	1.0	0.0	0.078169917	2.172949289	-0.566470828	-0.0877415031567	2.30590925142	-0.285888596592	230
18	0.25	0.0	0.0	2.19110379984	3.7806556951	-0.552056964471	2.08915500887	4.10155561723	-0.0348400262002	231
18	0.25	0.25	0.0	1.64597489235	3.53158568828	-0.617026330467	1.50557432518	3.83315768592	-0.171362984518	232
18	0.25	0.5	0.0	1.17332173115	3.06290449275	-0.692362615753	0.982147285618	3.31685663764	-0.350499924588	233
18	0.25	0.75	0.0	0.681673713236	2.52097046815	-0.747885416859	0.469267622148	2.72877369893	-0.516615977779	234
18	0.25	1.0	0.0	0.0795602355902	2.05214197414	-0.753414330313	-0.0826709332567	2.24503009634	-0.614076275458	235
18	0.5	0.0	0.0	2.16682915612	3.61237914355	-0.838862499286	2.17474378128	4.01484578706	-0.431326956558	236
18	0.5	0.25	0.0	1.65012476218	3.33109549564	-0.903506825829	1.58172245866	3.71053040768	-0.58646248553	237
18	0.5	0.5	0.0	1.16266187101	2.84548788244	-0.963885985934	1.02507271044	3.19326903942	-0.780321100973	238
18	0.5	0.75	0.0	0.655166256017	2.3054102254	-0.997828098963	0.484565857369	2.6135548224	-0.949431382738	239
18	0.5	1.0	0.0	0.0783636906301	1.86071644597	-0.98316128428	-0.0600267797852	2.12188089673	-1.03032191068	240
18	0.75	0.0	0.0	2.13621663359	3.39038425622	-1.10287306696	2.24219584864	3.87057499853	-0.824926640077	241
18	0.75	0.25	0.0	1.65072325153	3.07942837528	-1.16189291512	1.64260224353	3.52781391412	-1.0009185139	242
18	0.75	0.5	0.0	1.15596917301	2.57933757524	-1.20797322947	1.0666458756	3.00907709069	-1.21353606941	243
18	0.75	0.75	0.0	0.637350377785	2.04641085784	-1.22406868379	0.511503424189	2.44243320108	-1.38532217964	244
18	0.75	1.0	0.0	0.080262845605	1.63694722483	-1.19313395186	-0.0256484313898	1.95595091817	-1.43881971761	245
18	1.0	0.0	0.0	2.107567997	3.158062759	-1.304057274	2.25839884575	3.69360513918	-1.15485105126	246
18	1.0	0.25	0.0	1.63498842704	2.84818211102	-1.34139255199	1.65130416004	3.34648231821	-1.33070690353	247
18	1.0	0.5	0.0	1.15233360361	2.32803519194	-1.36987141446	1.09639537587	2.817829656	-1.55550711685	248
18	1.0	0.75	0.0	0.643139043625	1.78816357438	-1.36961753694	0.561544796031	2.24534580715	-1.72720751246	249
18	1.0	1.0	0.0	0.090940264	1.419108831	-1.320754595	0.0146247232816	1.76672942625	-1.7437639116	250
19	0.0	0.0	0.0	4.537926382	2.177537518	-0.871368089	4.73681280175	2.77365434004	-0.550742740826	251
19	0.0	0.25	0.0	3.8787854509	2.5113577472	-0.969752278406	4.12207939462	3.09638570816	-0.699349116003	252
19	0.0	0.5	0.0	3.2326970892	2.87561010211	-1.10331035656	3.51088534399	3.46316263264	-0.861709096624	253
19	0.0	0.75	0.0	2.63163377765	3.13595747521	-1.22906959718	2.89305153324	3.71517311062	-1.01961297695	254
19	0.0	1.0	0.0	2.107567997	3.158062759	-1.304057274	2.25839884575	3.69360513918	-1.15485105126	255
19	0.25	0.0	0.0	4.48858144838	2.06207789854	-0.990050994751	4.75019748981	2.6594451258	-0.782997633383	256
19	0.25	0.25	0.0	3.85738144478	2.35830090581	-1.07584298329	4.14986804247	2.95363052969	-0.946680768542	257
19	0.25	0.5	0.0	3.21633196201	2.6599294203	-1.20985270902	3.52844497008	3.26585520583	-1.12852699366	258
19	0.25	0.75	0.0	2.61139827377	2.87058085819	-1.33889863807	2.89390824242	3.47567531122	-1.30141471806	259
19	0.25	1.0	0.0	2.08854565373	2.89387263567	-1.40979923653	2.25423782927	3.46264700284	-1.43822235107	260
19	0.5	0.0	0.0	4.40784096587	1.88147425144	-1.13584935453	4.76998877721	2.48977337646	-1.08143906088	261
19	0.5	0.25	0.0	3.80492450239	2.13482091796	-1.17999876542	4.18399713606	2.7570654216	-1.2273290572	262
19	0.5	0.5	0.0	3.17101056061	2.39873040836	-1.26136169188	3.53212709816	3.02236099902	-1.38256770608	263
19	0.5	0.75	0.0	2.57511218162	2.57944591855	-1.35319771361	2.87750107645	3.19204533694	-1.53967516391	264
19	0.5	1.0	0.0	2.08624240651	2.58321064444	-1.4287664103	2.28324148387	3.17250366357	-1.69117158708	265
19	0.75	0.0	0.0	4.32754450368	1.68513217163	-1.27702184905	4.78455828832	2.29943560222	-1.37547345419	266
19	0.75	0.25	0.0	3.75308039306	1.89149099416	-1.27812529709	4.21841333994	2.53720315517	-1.49853671761	267
19	0.75	0.5	0.0	3.13305273172	2.11198919761	-1.29712735963	3.54565586067	2.74913053102	-1.6210944889	268
19	0.75	0.75	0.0	2.55379183045	2.25324023797	-1.34270798122	2.88144513802	2.8673613293	-1.7578984474	269
19	0.75	1.0	0.0	2.10162800003	2.22185757124	-1.42354710642	2.34094045949	2.8240391495	-1.92370027243	270
19	1.0	0.0	0.0	4.279531631	1.522457254	-1.381827159	4.78227764751	2.12322831325	-1.5945072442	271
19	1.0	0.25	0.0	3.73351488614	1.67888434489	-1.36612825061	4.24706331867	2.32455650168	-1.7175464854	272
19	1.0	0.5	0.0	3.13877832207	1.81968191935	-1.35643976676	3.59275539005	2.46261432065	-1.84137059715	273
19	1.0	0.75	0.0	2.57845354946	1.88265139814	-1.37817059828	2.9433555298	2.50470142981	-1.97958870145	274
19	1.0	1.0	0.0	2.135672179	1.805594202	-1.456729636	2.42286540604	2.41811748878	-2.14580992027	275
20	0.0	0.0	0.0	2.107567997	3.158062759	-1.304057274	2.25839884575	3.69360513918	-1.15485105126	276
20	0.0	0.25	0.0	1.63498842704	2.84818211102	-1.34139255199	1.65130416004	3.34648231821	-1.33070690353	277
20	0.0	0.5	0.0	1.15233360361	2.32803519194	-1.36987141446	1.09639537587	2.817829656	-1.55550711685	278
20	0.0	0.75	0.0	0.643139043625	1.78816357438	-1.36961753694	0.561544796031	2.24534580715	-1.72720751246	279
20	0.0	1.0	0.0	0.090940264	1.419108831	-1.320754595	0.0146247232816	1.76672942625	-1.7437639116	280
20	0.25	0.0	0.0	2.08854565373	2.89387263567	-1.40979923653	2.25423782927	3.46264700284	-1.43822235107	281
20	0.25	0.25	0.0	1.62466353811	2.5973093307	-1.43702515933	1.6616077029	3.1336950786	-1.6102976462	282
20	0.25	0.5	0.0	1.15729698743	2.06604886716	-1.45500766854	1.13467039618	2.59054131736	-1.82701975011	283
20	0.25	0.75	0.0	0.658819349304	1.52066743091	-1.4486380012	0.615159607506	1.99798909191	-1.98155820494	284
20	0.25	1.0	0.0	0.101603971338	1.18174120779	-1.40280739431	0.0448090353025	1.52084177501	-1.96708255282	285
20	0.5	0.0	0.0	2.08624240651	2.58321064444	-1.4287664103	2.28324148387	3.17250366357	-1.69117158708	286
20	0.5	0.25	0.0	1.6437155911	2.2781652902	-1.48192623687	1.73312620092	2.84566460595	-1.8816586234	287
20	0.5	0.5	0.0	1.1735704642	1.75698749405	-1.51012430775	1.19749506573	2.29217330874	-2.07916596804	288
20	0.5	0.75	0.0	0.663924132763	1.2297016841	-1.51772272887	0.648692732607	1.68891595006	-2.20475938454	289
20	0.5	1.0	0.0	0.102893703711	0.906332288445	-1.50908360615	0.059063855836	1.21277870808	-2.1795046364	290
20	0.75	0.0	0.0	2.10162800003	2.22185757124	-1.42354710642	2.34094045949	2.8240391495	-1.92370027243	291
20	0.75	0.25	0.0	1.67337319595	1.90967349611	-1.51094123386	1.82488376609	2.49440281339	-2.12814285476	292
20	0.75	0.5	0.0	1.18970592845	1.42491475245	-1.55830995663	1.25880630191	1.94799727456	-2.29697847279	293
20	0.75	0.75	0.0	0.661600215218	0.942394358215	-1.58941699385	0.665489436958	1.35844103998	-2.38912971279	294
20	0.75	1.0	0.0	0.100030073979	0.636925331383	-1.62802606466	0.0677145412118	0.899352616601	-2.36351916102	295
20	1.0	0.0	0.0	2.135672179	1.805594202	-1.456729636	2.42286540604	2.41811748878	-2.14580992027	296
20	1.0	0.25	0.0	1.69486496263	1.51075745507	-1.55891559955	1.89590451038	2.09192161402	-2.33310335988	297
20	1.0	0.5	0.0	1.19425527468	1.09389432223	-1.62265323974	1.29254102208	1.58328485927	-2.46548996648	298
20	1.0	0.75	0.0	0.654994417885	0.685873477532	-1.67626607006	0.668894986184	1.04687902001	-2.52698785126	299
20	1.0	1.0	0.0	0.098233695	0.417563595	-1.748077604	0.0810864477599	0.637375891737	-2.50161512536	300
25	0.0	0.0	0.0	4.279531631	1.522457254	-1.381827159	4.78227764751	2.12322831325	-1.5945072442	301
25	0.0	0.25	0.0	3.73351488614	1.67888434489	-1.36612825061	4.24706331867	2.32455650168	-1.7175464854	302
25	0.0	0.5	0.0	3.13877832207	1.81968191935	-1.35643976676	3.59275539005	2.46261432065	-1.84137059715	303
25	0.0	0.75	0.0	2.57845354946	1.88265139814	-1.37817059828	2.9433555298	2.50470142981	-1.97958870145	304
25	0.0	1.0	0.0	2.135672179	1.805594202	-1.456729636	2.42286540604	2.41811748878	-2.14580992027	305
25	0.25	0.0	0.0	4.23754687739	0.979983434071	-1.60698003948	4.72161235349	1.45657904928	-2.00049437673	306
25	0.25	0.25	0.0	3.74775459894	1.02947681948	-1.61953896357	4.24923502995	1.55556825129	-2.16559218226	307
25	0.25	0.5	0.0	3.20729809368	0.981559595533	-1.62909321877	3.67375582805	1.53074148657	-2.32946785077	308
25	0.25	0.75	0.0	2.67353242529	0.86723632214	-1.6548322844	3.07670933898	1.41593226172	-2.47814334769	309
25	0.25	1.0	0.0	2.20381265744	0.717511559211	-1.71594563981	2.53963015392	1.24497408336	-2.59764063847	310
25	0.5	0.0	0.0	4.23101509429	0.256226931962	-1.78850085844	4.65594021152	0.573330376713	-2.23125213344	311
25	0.5	0.25	0.0	3.75919294561	0.23124662549	-1.84804844715	4.18295179231	0.576634541676	-2.42528679395	312
25	0.5	0.5	0.0	3.22297495616	0.111618462641	-1.9036283788	3.61495644875	0.469215858902	-2.59673774057	313
25	0.5	0.75	0.0	2.68387434483	-0.0516261912587	-1.95891693549	3.02579774541	0.298929347273	-2.72774312484	314
25	0.5	1.0	0.0	2.2034043305	-0.207455970884	-2.01759039932	2.48931924687	0.11363002567	-2.8004410983	315
25	0.75	0.0	0.0	4.24333906905	-0.484508366628	-1.88562909843	4.62548525995	-0.30204015128	-2.26077321795	316
25	0.75	0.25	0.0	3.76982119142	-0.567102791865	-1.9883211539	4.13070373133	-0.372984993398	-2.46515835023	317
25	0.75	0.5	0.0	3.21723147249	-0.708319981301	-2.08760270122	3.5433302975	-0.51668585781	-2.62823193905	318
25	0.75	0.75	0.0	2.66092064153	-0.870483789752	-2.17267237739	2.94323129025	-0.693390427883	-2.73846775139	319
25	0.75	1.0	0.0	2.17623942781	-1.01591807204	-2.23272881943	2.41027304133	-0.863346386982	-2.78433955428	320
25	1.0	0.0	0.0	4.257921589	-1.077918576	-1.857604242	4.67047153714	-0.945054981531	-2.06305033391	321
25	1.0	0.25	0.0	3.78163060165	-1.21686798736	-1.97702153635	4.1749809726	-1.05403072017	-2.25373488092	322
25	1.0	0.5	0.0	3.22149020568	-1.39643423827	-2.08857364038	3.58585041968	-1.22168695903	-2.40900211871	323
25	1.0	0.75	0.0	2.65611264887	-1.58588412104	-2.17834643597	2.98162051465	-1.40811017808	-2.52039694586	324
25	1.0	1.0	0.0	2.164110179	-1.754484428	-2.232425805	2.44083189378	-1.57338685727	-2.57946426093	325
26	0.0	0.0	0.0	2.135672179	1.805594202	-1.456729636	2.42286540604	2.41811748878	-2.14580992027	326
26	0.0	0.25	0.0	1.69486496263	1.51075745507	-1.55891559955	1.89590451038	2.09192161402	-2.33310335988	327
26	0.0	0.5	0.0	1.19425527468	1.09389432223	-1.62265323974	1.29254102208	1.58328485927	-2.46548996648	328
26	0.0	0.75	0.0	0.654994417885	0.685873477532	-1.67626607006	0.668894986184	1.04687902001	-2.52698785126	329
26	0.0	1.0	0.0	0.098233695	0.417563595	-1.748077604	0.0810864477599	0.637375891737	-2.50161512536	330
26	0.25	0.0	0.0	2.20381265744	0.717511559211	-1.71594563981	2.53963015392	1.24497408336	-2.59764063847	331
26	0.25	0.25	0.0	1.70408450294	0.493811826127	-1.79716055425	1.94501908243	0.950321332936	-2.68741653029	332
26	0.25	0.5	0.0	1.16408586822	0.222114687855	-1.85988712135	1.29210493065	0.560581965008	-2.73167103863	333
26	0.25	0.75	0.0	0.609140889821	-0.0304330226469	-1.92138540176	0.656158901558	0.182052925281	-2.73437510436	334
26	0.25	1.0	0.0	0.0645737042803	-0.196684472423	-1.99891545614	0.112452198159	-0.0789688405431	-2.69949966838	335
26	0.5	0.0	0.0	2.2034043305	-0.207455970884	-2.01759039932	2.48931924687	0.11363002567	-2.8004410983	336
26	0.5	0.25	0.0	1.68455200848	-0.402866672828	-2.06727531345	1.89844468758	-0.144086892053	-2.82250325146	337
26	0.5	0.5	0.0	1.11255933106	-0.642110489712	-2.09121719576	1.25363219191	-0.46433216976	-2.80992053926	338
26	0.5	0.75	0.0	0.531866270783	-0.856291056488	-2.10792097882	0.630769957242	-0.75817096232	-2.77381497909	339
26	0.5	1.0	0.0	-0.0130871998136	-0.976512008112	-2.1358915952	0.105746180952	-0.9366684246	-2.72530858833	340
26	0.75	0.0	0.0	2.17623942781	-1.01591807204	-2.23272881943	2.41027304133	-0.863346386982	-2.78433955428	341
26	0.75	0.25	0.0	1.65447063097	-1.20678860225	-2.25461512337	1.8404856348	-1.08490106259	-2.77413967914	342
26	0.75	0.5	0.0	1.05750214452	-1.45168868518	-2.23796369375	1.21085959572	-1.35983901627	-2.73088602959	343
26	0.75	0.75	0.0	0.45185778451	-1.66707150847	-2.20368938828	0.594283751132	-1.60638902602	-2.6693892108	344
26	0.75	1.0	0.0	-0.0959386330008	-1.76939025974	-2.17270706467	0.063646928056	-1.74277986987	-2.60445982796	345
26	1.0	0.0	0.0	2.164110179	-1.754484428	-2.232425805	2.44083189378	-1.57338685727	-2.57946426093	346
26	1.0	0.25	0.0	1.6320435221	-1.94546452258	-2.24453523027	1.85544623306	-1.76571918033	-2.57810196911	347
26	1.0	0.5	0.0	1.0167407899	-2.15952737327	-2.22144684612	1.19752393193	-1.99432004575	-2.52521507084	348
26	1.0	0.75	0.0	0.397802654742	-2.33814526307	-2.17650721716	0.548255881125	-2.19519764906	-2.44517953489	349
26	1.0	1.0	0.0	-0.145170211	-2.422790475	-2.123062908	-0.0111670286124	-2.3043601858	-2.36237133002	350
27	0.0	0.0	0.0	4.257921589	-1.077918576	-1.857604242	4.67047153714	-0.945054981531	-2.06305033391	351
27	0.0	0.25	0.0	3.78163060165	-1.21686798736	-1.97702153635	4.1749809726	-1.05403072017	-2.25373488092	352
27	0.0	0.5	0.0	3.22149020568	-1.39643423827	-2.08857364038	3.58585041968	-1.22168695903	-2.40900211871	353
27	0.0	0.75	0.0	2.65611264887	-1.58588412104	-2.17834643597	2.98162051465	-1.40811017808	-2.52039694586	354
27	0.0	1.0	0.0	2.164110179	-1.754484428	-2.232425805	2.44083189378	-1.57338685727	-2.57946426093	355
27	0.25	0.0	0.0	4.31985638776	-1.5006991461	-1.68639429321	4.70775698013	-1.3651543938	-1.63149316703	356
27	0.25	0.25	0.0	3.83593141654	-1.68815647959	-1.78983783893	4.21883237814	-1.49842340201	-1.79822150754	357
27	0.25	0.5	0.0	3.26996218936	-1.90893137068	-1.87587069558	3.63952764843	-1.6957239256	-1.93744649167	358
27	0.25	0.75	0.0	2.6928573416	-2.13229991297	-1.93990552883	3.03878116157	-1.90859148079	-2.04847325256	359
27	0.25	1.0	0.0	2.17552550863	-2.32753820008	-1.97735500435	2.48553128815	-2.08856158379	-2.13060692334	360
27	0.5	0.0	0.0	4.44097363437	-1.97590116609	-1.37594973395	4.69319755275	-1.84077308468	-0.945905266742	361
27	0.5	0.25	0.0	3.93812401995	-2.21461165111	-1.44279684515	4.19724603128	-2.01723939841	-1.07925166995	362
27	0.5	0.5	0.0	3.35245793026	-2.46643035802	-1.48050650896	3.61983218563	-2.25809358991	-1.17875591712	363
27	0.5	0.75	0.0	2.74758340166	-2.70663215647	-1.49967021444	3.01983812798	-2.50868171879	-1.26424011659	364
27	0.5	1.0	0.0	2.18710847052	-2.91049191608	-1.51087945064	2.45614597052	-2.71434984466	-1.35552637671	365
27	0.75	0.0	0.0	4.54713162605	-2.35935243278	-0.996774401216	4.65329028141	-2.21126838239	-0.200339657831	366
27	0.75	0.25	0.0	4.02606893632	-2.6392998465	-1.01612972866	4.14822689993	-2.43225362014	-0.291052145056	367
27	0.75	0.5	0.0	3.41770921829	-2.90956822815	-0.999443837063	3.5680476736	-2.71305939468	-0.344497703127	368
27	0.75	0.75	0.0	2.78354449498	-3.15439214536	-0.970670791451	2.96528207644	-3.0000752031	-0.396903054593	369
27	0.75	1.0	0.0	2.18506678941	-3.35800616579	-0.953764656857	2.39245958246	-3.2396905425	-0.484494922004	370
27	1.0	0.0	0.0	4.56418866	-2.506880743	-0.619372132	4.61453219251	-2.31599761515	0.411150634921	371
27	1.0	0.25	0.0	4.03762669005	-2.80528741036	-0.590067663119	4.10977995202	-2.56524097797	0.372150290224	372
27	1.0	0.5	0.0	3.41444784333	-3.07898200888	-0.529645436423	3.52545775468	-2.8648847826	0.353760842237	373
27	1.0	0.75	0.0	2.76399428745	-3.32109117347	-0.465937558516	2.91560366951	-3.1744662447	0.324332416807	374
27	1.0	1.0	0.0	2.15560819	-3.524741539	-0.426776136	2.33425576557	-3.45352257994	0.252215139776	375
28	0.0	0.0	0.0	2.164110179	-1.754484428	-2.232425805	2.44083189378	-1.57338685727	-2.57946426093	376
28	0.0	0.25	0.0	1.6320435221	-1.94546452258	-2.24453523027	1.85544623306	-1.76571918033	-2.57810196911	377
28	0.0	0.5	0.0	1.0167407899	-2.15952737327	-2.22144684612	1.19752393193	-1.99432004575	-2.52521507084	378
28	0.0	0.75	0.0	0.397802654742	-2.33814526307	-2.17650721716	0.548255881125	-2.19519764906	-2.44517953489	379
28	0.0	1.0	0.0	-0.145170211	-2.422790475	-2.123062908	-0.0111670286124	-2.3043601858	-2.36237133002	380
28	0.25	0.0	0.0	2.17552550863	-2.32753820008	-1.97735500435	2.48553128815	-2.08856158379	-2.13060692334	381
28	0.25	0.25	0.0	1.62104488791	-2.52562169649	-1.98894011726	1.87540160136	-2.27486657967	-2.15694061807	382
28	0.25	0.5	0.0	0.991323575589	-2.72735326244	-1.97775662453	1.18090483244	-2.48514853786	-2.11635086609	383
28	0.25	0.75	0.0	0.365442557857	-2.88894457647	-1.94828215341	0.492983752093	-2.66478456073	-2.04034867887	384
28	0.25	1.0	0.0	-0.177517179102	-2.96660731709	-1.90499433116	-0.0974188689634	-2.75915175067	-1.96044506788	385
28	0.5	0.0	0.0	2.18710847052	-2.91049191608	-1.51087945064	2.45614597052	-2.71434984466	-1.35552637671	386
28	0.5	0.25	0.0	1.60711312959	-3.11261756626	-1.5193211221	1.84266282123	-2.90200900645	-1.42133701115	387
28	0.5	0.5	0.0	0.963733017484	-3.3213539644	-1.51899974652	1.13667992593	-3.09915877208	-1.43007444952	388
28	0.5	0.75	0.0	0.328868030517	-3.48533998528	-1.50686213354	0.430129980196	-3.25912679677	-1.4015254882	389
28	0.5	1.0	0.0	-0.225581935009	-3.55321450369	-1.47985509281	-0.185054320401	-3.33524073573	-1.35547692357	390
28	0.75	0.0	0.0	2.18506678941	-3.35800616579	-0.953764656857	2.39245958246	-3.2396905425	-0.484494922004	391
28	0.75	0.25	0.0	1.58847817421	-3.56252485064	-0.95662500352	1.78621556614	-3.44070677116	-0.584280596707	392
28	0.75	0.5	0.0	0.937710358032	-3.78309535731	-0.964358399466	1.08529005959	-3.6317201505	-0.652401051954	393
28	0.75	0.75	0.0	0.297616689214	-3.95444497732	-0.96832517653	0.376354972123	-3.77496574647	-0.684895160812	394
28	0.75	1.0	0.0	-0.266949483912	-4.0113010022	-0.959885666548	-0.25391778691	-3.83267862501	-0.67780179635	395
28	1.0	0.0	0.0	2.15560819	-3.524741539	-0.426776136	2.33425576557	-3.45352257994	0.252215139776	396
28	1.0	0.25	0.0	1.56336994884	-3.73141626835	-0.42179852028	1.73504550956	-3.6845201843	0.141239176876	397
28	1.0	0.5	0.0	0.916996839686	-3.95414331933	-0.433014770746	1.04717608057	-3.87820207522	0.0306540957731	398
28	1.0	0.75	0.0	0.281226150438	-4.1233730404	-0.448749301339	0.348319134569	-4.00904279914	-0.0466428946437	399
28	1.0	1.0	0.0	-0.279204831	-4.16955578	-0.457326526	-0.283853672475	-4.05151690253	-0.0577545854877	400
33	0.0	0.0	0.0	4.56418866	-2.506880743	-0.619372132	4.61453219251	-2.31599761515	0.411150634921	401
33	0.0	0.25	0.0	4.03762669005	-2.80528741036	-0.590067663119	4.10977995202	-2.56524097797	0.372150290224	402
33	0.0	0.5	0.0	3.41444784333	-3.07898200888	-0.529645436423	3.52545775468	-2.8648847826	0.353760842237	403
33	0.0	0.75	0.0	2.76399428745	-3.32109117347	-0.465937558516	2.91560366951	-3.1744662447	0.324332416807	404
33	0.0	1.0	0.0	2.15560819	-3.524741539	-0.426776136	2.33425576557	-3.45352257994	0.252215139776	405
33	0.25	0.0	0.0	4.44557474131	-2.3145934175	-0.22659141929	4.53220573957	-2.10105409526	0.96777975076	406
33	0.25	0.25	0.0	3.93079734403	-2.60119977397	-0.152411611015	4.03431176668	-2.36000036775	0.989182104867	407
33	0.25	0.5	0.0	3.31556319925	-2.87479181043	-0.0606866119646	3.45412566983	-2.67337884733	0.995444408821	408
33	0.25	0.75	0.0	2.67523492739	-3.12168847821	0.0253816775857	2.8488996308	-3.00076767829	0.980104453063	409
33	0.25	1.0	0.0	2.08517514887	-3.32820872864	0.0825913573597	2.27588583141	-3.30174500494	0.936700028033	410
33	0.5	0.0	0.0	4.25988768213	-1.87533712279	0.136672341239	4.38589405503	-1.71225914557	1.50826990688	411
33	0.5	0.25	0.0	3.75990534577	-2.13002963587	0.256749707626	3.88715676102	-1.96512052165	1.59712049172	412
33	0.5	0.5	0.0	3.16846272283	-2.40532072432	0.396233870333	3.3185381988	-2.29448257825	1.65766249478	413
33	0.5	0.75	0.0	2.55567023677	-2.66473169866	0.523999038856	2.73461605641	-2.63734898412	1.69079438439	414
33	0.5	1.0	0.0	1.991638311	-2.87178386938	0.608919422694	2.18996802188	-2.93072340799	1.69741462891	415
33	0.75	0.0	0.0	4.08778056514	-1.33368876919	0.428265691899	4.22844973643	-1.26046060195	1.94284841658	416
33	0.75	0.25	0.0	3.59538510393	-1.55291068879	0.590452460399	3.72065562547	-1.49131931057	2.09229475039	417
33	0.75	0.5	0.0	3.02796803973	-1.82218541269	0.777981753563	3.1618593682	-1.81787874539	2.21700061057	418
33	0.75	0.75	0.0	2.4457916863	-2.08611020172	0.94782320409	2.60033768926	-2.15818760418	2.30993318186	419
33	0.75	1.0	0.0	1.90911835737	-2.28928231668	1.05694644468	2.08436731324	-2.43029458472	2.36405964898	420
33	1.0	0.0	0.0	4.009906473	-0.834225267	0.606035175	4.1127253813	-0.856506300277	2.18174259313	421
33	1.0	0.25	0.0	3.50767102719	-1.03097662548	0.801732814899	3.58714905048	-1.04931460541	2.37103418049	422
33	1.0	0.5	0.0	2.94890077557	-1.27700253766	1.02142278082	3.02725320466	-1.33325011875	2.55004426668	423
33	1.0	0.75	0.0	2.38609074667	-1.52171335427	1.21476285208	2.47364927229	-1.63726098047	2.69105181653	424
33	1.0	1.0	0.0	1.871735969	-1.714519426	1.331410808	1.9669486818	-1.89029533076	2.76633579483	425
34	0.0	0.0	0.0	2.15560819	-3.524741539	-0.426776136	2.33425576557	-3.45352257994	0.252215139776	426
34	0.0	0.25	0.0	1.56336994884	-3.73141626835	-0.42179852028	1.73504550956	-3.6845201843	0.141239176876	427
34	0.0	0.5	0.0	0.916996839686	-3.95414331933	-0.433014770746	1.04717608057	-3.87820207522	0.0306540957731	428
34	0.0	0.75	0.0	0.281226150438	-4.1233730404	-0.448749301339	0.348319134569	-4.00904279914	-0.0466428946437	429
34	0.0	1.0	0.0	-0.279204831	-4.16955578	-0.457326526	-0.283853672475	-4.05151690253	-0.0577545854877	430
34	0.25	0.0	0.0	2.08517514887	-3.32820872864	0.0825913573597	2.27588583141	-3.30174500494	0.936700028033	431
34	0.25	0.25	0.0	1.51798207483	-3.52634980144	0.105760137408	1.69747843242	-3.54900165783	0.849424500558	432
34	0.25	0.5	0.0	0.890839523637	-3.73279691492	0.111759857701	1.03491086292	-3.74955886092	0.737409271305	433
34	0.25	0.75	0.0	0.271948665973	-3.88608927142	0.104053455016	0.358076752356	-3.87840590549	0.650980528575	434
34	0.25	1.0	0.0	-0.27048932749	-3.92476607327	0.0861038661287	-0.263130269817	-3.91053208282	0.640464460666	435
34	0.5	0.0	0.0	1.991638311	-2.87178386938	0.608919422694	2.18996802188	-2.93072340799	1.69741462891	436
34	0.5	0.25	0.0	1.45655532214	-3.04873949516	0.64890067358	1.65260739597	-3.16248975152	1.64468927102	437
34	0.5	0.5	0.0	0.856595200013	-3.2305809234	0.669513596004	1.02818335465	-3.36659524075	1.54245531438	438
34	0.5	0.75	0.0	0.260528877349	-3.36574852275	0.667345489231	0.382691506349	-3.5023743238	1.44995804314	439
34	0.5	1.0	0.0	-0.262872713127	-3.40268266183	0.638983652527	-0.21787254052	-3.52916144878	1.42644274145	440
34	0.75	0.0	0.0	1.90911835737	-2.28928231668	1.05694644468	2.08436731324	-2.43029458472	2.36405964898	441
34	0.75	0.25	0.0	1.40424366245	-2.44472921076	1.10345073715	1.58614048249	-2.63833071219	2.34267426469	442
34	0.75	0.5	0.0	0.829035696586	-2.60344092638	1.12475077486	0.998269264847	-2.84199593567	2.2591335692	443
34	0.75	0.75	0.0	0.25353453591	-2.72335318054	1.1170507541	0.385926874422	-2.98521027115	2.16878797872	444
34	0.75	1.0	0.0	-0.25221974345	-2.76240169023	1.07655487116	-0.18571347467	-3.01189373467	2.12698790946	445
34	1.0	0.0	0.0	1.871735969	-1.714519426	1.331410808	1.9669486818	-1.89029533076	2.76633579483	446
34	1.0	0.25	0.0	1.38620106745	-1.86046280946	1.36523797705	1.48378577426	-2.08987078665	2.75902025798	447
34	1.0	0.5	0.0	0.822932841127	-2.00732250544	1.36197572497	0.916444302566	-2.28844566661	2.70078537994	448
34	1.0	0.75	0.0	0.257533392996	-2.11990563095	1.32909320241	0.331546334448	-2.43117596464	2.62596866496	449
34	1.0	1.0	0.0	-0.234395174	-2.163019303	1.27405956	-0.204286062353	-2.46321767474	2.56890761726	450
35	0.0	0.0	0.0	4.009906473	-0.834225267	0.606035175	4.1127253813	-0.856506300277	2.18174259313	451
35	0.0	0.25	0.0	3.50767102719	-1.03097662548	0.801732814899	3.58714905048	-1.04931460541	2.37103418049	452
35	0.0	0.5	0.0	2.94890077557	-1.27700253766	1.02142278082	3.02725320466	-1.33325011875	2.55004426668	453
35	0.0	0.75	0.0	2.38609074667	-1.52171335427	1.21476285208	2.47364927229	-1.63726098047	2.69105181653	454
35	0.0	1.0	0.0	1.871735969	-1.714519426	1.331410808	1.9669486818	-1.89029533076	2.76633579483	455
35	0.25	0.0	0.0	4.03457911792	-0.250837803715	0.725949451603	4.06877427623	-0.347028958089	2.27603514801	456
35	0.25	0.25	0.0	3.5163199801	-0.419017123693	0.9047514312	3.53322845222	-0.493346796242	2.46950939476	457
35	0.25	0.5	0.0	2.94614417067	-0.649982314562	1.09255085964	2.95135241351	-0.72343591198	2.65838227541	458
35	0.25	0.75	0.0	2.37961232603	-0.888307196041	1.252379996	2.37509007992	-0.9823823832	2.80628497074	459
35	0.25	1.0	0.0	1.87228508253	-1.07856558785	1.34727109934	1.85638537123	-1.21527228779	2.8768486615	460
35	0.5	0.0	0.0	4.09779362828	0.445279258762	0.82154376944	4.07990999824	0.332229748206	2.3018937096	461
35	0.5	0.25	0.0	3.57442263065	0.326807003141	0.919281516656	3.55429954835	0.219830236016	2.46318894032	462
35	0.5	0.5	0.0	2.98729475598	0.0843679634749	1.005776676	2.94821546877	0.000869126492036	2.60601736725	463
35	0.5	0.75	0.0	2.40307457329	-0.186489970121	1.07728051262	2.34178707092	-0.250986506202	2.7139029952	464
35	0.5	1.0	0.0	1.8884266516	-0.390218907532	1.13004429164	1.81514366623	-0.462069587902	2.77036982895	465
35	0.75	0.0	0.0	4.17031012501	1.12076067811	0.856036420557	4.10065333683	1.06210437313	2.24777366023	466
35	0.75	0.25	0.0	3.64252812766	1.06845299388	0.860438996945	3.58667850455	0.982730917161	2.36353610104	467
35	0.75	0.5	0.0	3.04321118307	0.852016201226	0.840933666415	2.97788518395	0.772817127276	2.44886170199	468
35	0.75	0.75	0.0	2.44730082185	0.58529127394	0.823435398973	2.36833741641	0.525755290123	2.5077390753	469
35	0.75	1.0	0.0	1.92973857462	0.382119185801	0.833859164622	1.85209924327	0.334937692349	2.54415683319	470
35	1.0	0.0	0.0	4.222888729	1.642241212	0.792645697	4.08552508151	1.72342947119	2.10213038224	471
35	1.0	0.25	0.0	3.68118561992	1.66787808736	0.743339797745	3.56668148647	1.68786967299	2.18201416075	472
35	1.0	0.5	0.0	3.08475210352	1.57893030347	0.677855267389	3.00040437258	1.52556022098	2.2428274394	473
35	1.0	0.75	0.0	2.5031144051	1.42858948659	0.624815652089	2.44933828747	1.31667164537	2.28162639647	474
35	1.0	1.0	0.0	2.00579875	1.270047263	0.612844498	1.97612777881	1.14137447639	2.29546721021	475
36	0.0	0.0	0.0	1.871735969	-1.714519426	1.331410808	1.9669486818	-1.89029533076	2.76633579483	476
36	0.0	0.25	0.0	1.38620106745	-1.86046280946	1.36523797705	1.48378577426	-2.08987078665	2.75902025798	477
36	0.0	0.5	0.0	0.822932841127	-2.00732250544	1.36197572497	0.916444302566	-2.28844566661	2.70078537994	478
36	0.0	0.75	0.0	0.257533392996	-2.11990563095	1.32909320241	0.331546334448	-2.43117596464	2.62596866496	479
36	0.0	1.0	0.0	-0.234395174	-2.163019303	1.27405956	-0.204286062353	-2.46321767474	2.56890761726	480
36	0.25	0.0	0.0	1.87228508253	-1.07856558785	1.34727109934	1.85638537123	-1.21527228779	2.8768486615	481
36	0.25	0.25	0.0	1.38653555657	-1.21862099371	1.37120331172	1.36783578565	-1.40799681121	2.87574450552	482
36	0.25	0.5	0.0	0.820287915677	-1.35331953636	1.35916721168	0.805684950059	-1.59536039285	2.84348039008	483
36	0.25	0.75	0.0	0.253240215681	-1.45669866359	1.32191285512	0.23438145311	-1.73616476256	2.79295417201	484
36	0.25	1.0	0.0	-0.234909487596	-1.50279582317	1.27019029792	-0.281626116543	-1.78921165019	2.73706370815	485
36	0.5	0.0	0.0	1.8884266516	-0.390218907532	1.13004429164	1.81514366623	-0.462069587902	2.77036982895	486
36	0.5	0.25	0.0	1.38833134804	-0.512356143627	1.16744008512	1.32040493028	-0.622563040013	2.78566282527	487
36	0.5	0.5	0.0	0.813637532643	-0.612661049141	1.19387410021	0.753532044918	-0.778639040888	2.78236289685	488
36	0.5	0.75	0.0	0.239159000499	-0.685208511998	1.20062688424	0.176123935502	-0.906328321488	2.76345780435	489
36	0.5	1.0	0.0	-0.260290453322	-0.72407342012	1.17897898455	-0.350220472605	-0.981661612774	2.73193530845	490
36	0.75	0.0	0.0	1.92973857462	0.382119185801	0.833859164622	1.85209924327	0.334937692349	2.54415683319	491
36	0.75	0.25	0.0	1.41918582525	0.260158300161	0.881735238972	1.35586622307	0.195852267074	2.56959928733	492
36	0.75	0.5	0.0	0.837967065805	0.162460240458	0.942250055069	0.782650327195	0.0516660892731	2.58999569175	493
36	0.75	0.75	0.0	0.251867891449	0.0925981794117	0.989085741013	0.194687458309	-0.0762847708649	2.60274180136	494
36	0.75	1.0	0.0	-0.273326102637	0.0541452897393	0.995924424904	-0.345786480912	-0.166664243152	2.60523337108	495
36	1.0	0.0	0.0	2.00579875	1.270047263	0.612844498	1.97612777881	1.14137447639	2.29546721021	496
36	1.0	0.25	0.0	1.50669637163	1.10074889702	0.641875715033	1.48859267895	0.976670850173	2.30837796182	497
36	1.0	0.5	0.0	0.928261888939	0.919851616664	0.6804487408	0.915704536944	0.785502697618	2.33894156627	498
36	1.0	0.75	0.0	0.32794503253	0.774754766222	0.711139876667	0.327985698212	0.619347759854	2.3760684024	499
36	1.0	1.0	0.0	-0.236804467	0.71285769	0.716525424	-0.204041491836	0.529683778011	2.40866884899	500
41	0.0	0.0	0.0	4.222888729	1.642241212	0.792645697	4.08552508151	1.72342947119	2.10213038224	501
41	0.0	0.25	0.0	3.68118561992	1.66787808736	0.743339797745	3.56668148647	1.68786967299	2.18201416075	502
41	0.0	0.5	0.0	3.08475210352	1.57893030347	0.677855267389	3.00040437258	1.52556022098	2.2428274394	503
41	0.0	0.75	0.0	2.5031144051	1.42858948659	0.624815652089	2.44933828747	1.31667164537	2.28162639647	504
41	0.0	1.0	0.0	2.00579875	1.270047263	0.612844498	1.97612777881	1.14137447639	2.29546721021	505
41	0.25	0.0	0.0	4.24010364084	1.80525051925	0.734732034429	4.09406812112	1.9402895366	2.00224067099	506
41	0.25	0.25	0.0	3.67879571503	1.90286077156	0.694637701976	3.56017252859	1.97252746585	2.07779523448	507
41	0.25	0.5	0.0	3.0862537227	1.96385778241	0.668166563305	2.9974521902	1.93708623221	2.14415456395	508
41	0.25	0.75	0.0	2.52278528686	1.95680862012	0.650859830208	2.45957128767	1.8414302133	2.18317687542	509
41	0.25	1.0	0.0	2.04869803055	1.850280353	0.638258714476	2.00019400268	1.6930237867	2.17672038492	510
41	0.5	0.0	0.0	4.26752111966	2.01153723596	0.648838216592	4.13487636961	2.19683271176	1.84780706424	511
41	0.5	0.25	0.0	3.66945588546	2.17176702627	0.641225345378	3.565240408	2.30403484871	1.93019972826	512
41	0.5	0.5	0.0	3.0735844278	2.34439813592	0.707467602213	2.95916289638	2.39818821136	2.02474133682	513
41	0.5	0.75	0.0	2.52396787886	2.43848190876	0.777573127986	2.38448863768	2.41143743437	2.08599264756	514
41	0.5	1.0	0.0	2.06466737081	2.36306968863	0.781550063585	1.90906243484	2.27592715245	2.06851441811	515
41	0.75	0.0	0.0	4.2988283764	2.20250633544	0.552890053959	4.18665476621	2.43866598407	1.67827329795	516
41	0.75	0.25	0.0	3.66851375568	2.4184698111	0.575754469958	3.57976526235	2.61714127984	1.7598211655	517
41	0.75	0.5	0.0	3.07506043516	2.68300032683	0.716825505077	2.92128053062	2.83081951568	1.86395807893	518
41	0.75	0.75	0.0	2.53670264208	2.86110006068	0.859618591998	2.29578302249	2.94629146667	1.9313006987	519
41	0.75	1.0	0.0	2.07167460367	2.81777119069	0.887649163401	1.78785518943	2.8301479079	1.90246568526	520
41	1.0	0.0	0.0	4.327712622	2.319562791	0.464813357	4.22810825017	2.61139634091	1.5330831081	521
41	1.0	0.25	0.0	3.69131695017	2.58684208569	0.490876817719	3.60162722931	2.84659621747	1.58725306965	522
41	1.0	0.5	0.0	3.1189979611	2.94211331799	0.617307392859	2.91954913245	3.15693350246	1.6411751112	523
41	1.0	0.75	0.0	2.59103003747	3.21215378405	0.75165926882	2.26514712707	3.36559046827	1.66032801463	524
41	1.0	1.0	0.0	2.087687562	3.22374078	0.801486632	1.7216943806	3.29574938732	1.61019056183	525
42	0.0	0.0	0.0	2.00579875	1.270047263	0.612844498	1.97612777881	1.14137447639	2.29546721021	526
42	0.0	0.25	0.0	1.50669637163	1.10074889702	0.641875715033	1.48859267895	0.976670850173	2.30837796182	527
42	0.0	0.5	0.0	0.928261888939	0.919851616664	0.6804487408	0.915704536944	0.785502697618	2.33894156627	528
42	0.0	0.75	0.0	0.32794503253	0.774754766222	0.711139876667	0.327985698212	0.619347759854	2.3760684024	529
42	0.0	1.0	0.0	-0.236804467	0.71285769	0.716525424	-0.204041491836	0.529683778011	2.40866884899	530
42	0.25	0.0	0.0	2.04869803055	1.850280353	0.638258714476	2.00019400268	1.6930237867	2.17672038492	531
42	0.25	0.25	0.0	1.57201489208	1.63165247141	0.62458424155	1.53340960651	1.47481589192	2.15940628507	532
42	0.25	0.5	0.0	1.00708177637	1.3678697321	0.608373335846	0.987841425847	1.21759485579	2.17045506053	533
42	0.25	0.75	0.0	0.403513994374	1.13937542115	0.592158810153	0.419470119366	0.993670049474	2.19768512047	534
42	0.25	1.0	0.0	-0.189073142982	1.02661282461	0.57847347726	-0.115723654257	0.875350844123	2.22891487406	535
42	0.5	0.0	0.0	2.06466737081	2.36306968863	0.781550063585	1.90906243484	2.27592715245	2.06851441811	536
42	0.5	0.25	0.0	1.61319288991	2.12141335031	0.704708211888	1.47586831541	2.0076243357	2.00281480624	537
42	0.5	0.5	0.0	1.08156155632	1.82986154525	0.602583447724	0.996179023968	1.71241525527	1.95419289644	538
42	0.5	0.75	0.0	0.494192175248	1.56272408289	0.510800757514	0.479227962158	1.45331398065	1.92864105719	539
42	0.5	1.0	0.0	-0.124496448056	1.39431077265	0.464985127675	-0.0657514683838	1.29333458132	1.93215165695	540
42	0.75	0.0	0.0	2.07167460367	2.81777119069	0.887649163401	1.78785518943	2.8301479079	1.90246568526	541
42	0.75	0.25	0.0	1.62774968966	2.56688744283	0.770006282216	1.37342463872	2.52003644597	1.79664064272	542
42	0.75	0.5	0.0	1.13372768979	2.25868037002	0.5983500169	0.951452981403	2.18520110774	1.69016496706	543
42	0.75	0.75	0.0	0.576485399969	1.96158249528	0.440224478423	0.488270615716	1.88876713552	1.6092455967	544
42	0.75	1.0	0.0	-0.0571003838524	1.74402634162	0.363173777752	-0.0497920600919	1.69385977165	1.58008947007	545
42	1.0	0.0	0.0	2.087687562	3.22374078	0.801486632	1.7216943806	3.29574938732	1.61019056183	546
42	1.0	0.25	0.0	1.61320461585	2.9649306581	0.708237108706	1.28353440954	2.95699248719	1.49892091194	547
42	1.0	0.5	0.0	1.14560663781	2.60717952034	0.530943983839	0.864398948249	2.55118962487	1.37838116543	548
42	1.0	0.75	0.0	0.626899493354	2.25273240216	0.353588732552	0.427609469168	2.19051709624	1.27980812312	549
42	1.0	1.0	0.0	-0.000910952	2.003834339	0.26015283	-0.0635125552563	1.98715119716	1.23443858584	550
43	0.0	0.0	0.0	4.327712622	2.319562791	0.464813357	4.22810825017	2.61139634091	1.5330831081	551
43	0.0	0.25	0.0	3.69131695017	2.58684208569	0.490876817719	3.60162722931	2.84659621747	1.58725306965	552
43	0.0	0.5	0.0	3.1189979611	2.94211331799	0.617307392859	2.91954913245	3.15693350246	1.6411751112	553
43	0.0	0.75	0.0	2.59103003747	3.21215378405	0.75165926882	2.26514712707	3.36559046827	1.66032801463	554
43	0.0	1.0	0.0	2.087687562	3.22374078	0.801486632	1.7216943806	3.29574938732	1.61019056183	555
43	0.25	0.0	0.0	4.39090109522	2.35780795752	0.333656406173	4.31371809614	2.71792845771	1.3388254581	556
43	0.25	0.25	0.0	3.74240494427	2.65961323782	0.356941983287	3.67150662089	2.97973916902	1.37435713835	557
43	0.25	0.5	0.0	3.17977229766	3.0788463693	0.447478711396	2.98677153333	3.33438128261	1.39871950168	558
43	0.25	0.75	0.0	2.65370906539	3.41400904929	0.546297713885	2.32566349664	3.59127648234	1.3893937677	559
43	0.25	1.0	0.0	2.11492115744	3.46360297513	0.594430114141	1.75433317399	3.55984645209	1.32386115603	560
43	0.5	0.0	0.0	4.49736662234	2.35956020273	0.136751433096	4.46656564467	2.79311675952	1.05068008966	561
43	0.5	0.25	0.0	3.81601112266	2.6975348692	0.150055492397	3.8014412162	3.08174096441	1.07285232684	562
43	0.5	0.5	0.0	3.24944684568	3.18507698581	0.215213336495	3.11418737886	3.48509978029	1.08660166739	563
43	0.5	0.75	0.0	2.72064202544	3.58660586774	0.284589439331	2.44651022277	3.79608743162	1.06539827765	564
43	0.5	1.0	0.0	2.15256489597	3.66654083017	0.310548274845	1.84011583802	3.80759814285	0.982712323928	565
43	0.75	0.0	0.0	4.60061389229	2.34048274433	-0.0699798757792	4.61991043238	2.83729658809	0.7441832307	566
43	0.75	0.25	0.0	3.88707923077	2.71032326128	-0.0750730169231	3.93876702305	3.15338556947	0.7481033113	567
43	0.75	0.5	0.0	3.31210533626	3.24821875558	-0.0358320779027	3.25378407357	3.59361342729	0.751211149143	568
43	0.75	0.75	0.0	2.77774044095	3.69840031101	0.00411542915612	2.58211160849	3.94684590833	0.721932095513	569
43	0.75	1.0	0.0	2.18603277702	3.80509901138	0.00114199212714	1.94089965235	4.00194875937	0.628691501697	570
43	1.0	0.0	0.0	4.654147594	2.3162388	-0.230615834	4.70701199588	2.85080328515	0.494871109175	571
43	1.0	0.25	0.0	3.93055301404	2.70769469548	-0.263733906644	4.03082004927	3.19545695004	0.4654747679	572
43	1.0	0.5	0.0	3.35183150054	3.25568526664	-0.262000877856	3.35754902197	3.64444665539	0.438937487723	573
43	1.0	0.75	0.0	2.81091583527	3.71784845073	-0.257543332639	2.68689195681	4.0103745047	0.392585772352	574
43	1.0	1.0	0.0	2.2007388	3.851822185	-0.282487856	2.01854189663	4.10584260144	0.303746125498	575
44	0.0	0.0	0.0	2.087687562	3.22374078	0.801486632	1.7216943806	3.29574938732	1.61019056183	576
44	0.0	0.25	0.0	1.61320461585	2.9649306581	0.708237108706	1.28353440954	2.95699248719	1.49892091194	577
44	0.0	0.5	0.0	1.14560663781	2.60717952034	0.530943983839	0.864398948249	2.55118962487	1.37838116543	578
44	0.0	0.75	0.0	0.626899493354	2.25273240216	0.353588732552	0.427609469168	2.19051709624	1.27980812312	579
44	0.0	1.0	0.0	-0.000910952	2.003834339	0.26015283	-0.0635125552563	1.98715119716	1.23443858584	580
44	0.25	0.0	0.0	2.11492115744	3.46360297513	0.594430114141	1.75433317399	3.55984645209	1.32386115603	581
44	0.25	0.25	0.0	1.61069768161	3.19930942153	0.52727929877	1.2806545192	3.21745252581	1.20869427499	582
44	0.25	0.5	0.0	1.1501331796	2.80412689633	0.371594623408	0.835658605923	2.76320693631	1.08232312862	583
44	0.25	0.75	0.0	0.650012532323	2.40014681536	0.207375196656	0.392390643097	2.34615026378	0.975916890423	584
44	0.25	1.0	0.0	0.0271206206704	2.10946059443	0.114620127119	-0.0761041603462	2.11532308838	0.920644733933	585
44	0.5	0.0	0.0	2.15256489597	3.66654083017	0.310548274845	1.84011583802	3.80759814285	0.982712323928	586
44	0.5	0.25	0.0	1.62916955054	3.40219064548	0.242418309887	1.33120141266	3.47819312551	0.844310531906	587
44	0.5	0.5	0.0	1.17087537068	2.99063830102	0.101868774783	0.861523276293	2.99782651257	0.687755053353	588
44	0.5	0.75	0.0	0.678114410051	2.54504301167	-0.04407523028	0.400633624457	2.52607304118	0.551764301842	589
44	0.5	1.0	0.0	0.0513187222996	2.17856399233	-0.128388605113	-0.0819153473085	2.22250744852	0.47505669095	590
44	0.75	0.0	0.0	2.18603277702	3.80509901138	0.00114199212714	1.94089965235	4.00194875937	0.628691501697	591
44	0.75	0.25	0.0	1.64912169201	3.54753450357	-0.0749034256059	1.39979804289	3.69764069322	0.472590706617	592
44	0.75	0.5	0.0	1.18979623262	3.12562688161	-0.198094477979	0.909811297176	3.20290299395	0.289227179441	593
44	0.75	0.75	0.0	0.699373902181	2.64282589697	-0.317898426903	0.428998222156	2.68012678668	0.125692387921	594
44	0.75	1.0	0.0	0.069172204029	2.20258130107	-0.383782534288	-0.0845823752197	2.29170319655	0.0290777998039	595
44	1.0	0.0	0.0	2.2007388	3.851822185	-0.282487856	2.01854189663	4.10584260144	0.303746125498	596
44	1.0	0.25	0.0	1.65105557539	3.60930116941	-0.35324347537	1.45106736285	3.83422163587	0.160355823056	597
44	1.0	0.5	0.0	1.188858787	3.16800578535	-0.44815605082	0.948341006391	3.32629102075	-0.0187102533139	598
44	1.0	0.75	0.0	0.701959784358	2.64890037712	-0.53123027186	0.454144245103	2.75815285848	-0.1839568208	599
44	1.0	1.0	0.0	0.078169917	2.172949289	-0.566470828	-0.0877415031567	2.30590925142	-0.285888596592	600
49	0.0	0.0	0.0	6.687981302	0.256986	-0.299999993	6.5980338732	0.566243030171	0.270692562154	601
49	0.0	0.25	0.0	6.38530509425	0.906783832561	-0.27733430921	6.28847070056	1.24659780025	0.288528525141	602
49	0.0	0.5	0.0	5.96493185427	1.49984305007	-0.234144464668	5.86852017165	1.91842582052	0.380442176429	603
49	0.0	0.75	0.0	5.39762491115	1.98628694255	-0.206536344541	5.34057102418	2.48530250937	0.473525657335	604
49	0.0	1.0	0.0	4.654147594	2.3162388	-0.230615834	4.70701199588	2.85080328515	0.494871109175	605
49	0.25	0.0	0.0	6.68906413575	0.255874188384	-0.310501955451	6.60029957814	0.566618434156	0.253925220264	606
49	0.25	0.25	0.0	6.38225732558	0.88671770587	-0.37375405525	6.2927685902	1.22280057444	0.150778569793	607
49	0.25	0.5	0.0	5.9538945084	1.46405147323	-0.36446581716	5.87729843156	1.88371604353	0.188864412012	608
49	0.25	0.75	0.0	5.38226899585	1.94674691325	-0.344231486492	5.35478020166	2.45660085315	0.261552639943	609
49	0.25	1.0	0.0	4.64567409954	2.29367544868	-0.374645308556	4.72610499991	2.84869101501	0.262213146608	610
49	0.5	0.0	0.0	6.69144637	0.252721701013	-0.320990036167	6.60528412901	0.566737821106	0.229653304781	611
49	0.5	0.25	0.0	6.37349629889	0.855539622261	-0.478621610053	6.29906387413	1.18082077325	0.00954160197481	612
49	0.5	0.5	0.0	5.92476971849	1.41962602661	-0.521487051267	5.88728333859	1.83925794052	-0.0310495293083	613
49	0.5	0.75	0.0	5.33915443989	1.90285085749	-0.525317197852	5.36646522771	2.42980518183	-0.00985191627344	614
49	0.5	1.0	0.0	4.61053827419	2.26308405834	-0.565842887851	4.73313224686	2.84021835608	-0.0445973861258	615
49	0.75	0.0	0.0	6.69382860425	0.247802963135	-0.330774922049	6.61026867988	0.56509095755	0.206084584132	616
49	0.75	0.25	0.0	6.36140260843	0.813243398769	-0.579504944441	6.30357312299	1.12474306656	-0.123967767865	617
49	0.75	0.5	0.0	5.88795054186	1.36499686767	-0.67507925385	5.89383492868	1.78217005134	-0.242288905958	618
49	0.75	0.75	0.0	5.28601830686	1.85230132311	-0.703211417839	5.37338383244	2.39422248118	-0.273713728466	619
49	0.75	1.0	0.0	4.56815180575	2.22439471834	-0.74961500397	4.73454956979	2.81775092541	-0.343077133709	620
49	1.0	0.0	0.0	6.694911438	0.2413924	-0.3391673	6.61253438482	0.560167610016	0.191426826742	621
49	1.0	0.25	0.0	6.34835684842	0.759822852428	-0.663972029236	6.30251290737	1.05865212425	-0.238534929278	622
49	1.0	0.5	0.0	5.85383003585	1.29859415391	-0.795113511769	5.89231323778	1.70957091583	-0.407842976363	623
49	1.0	0.75	0.0	5.24059766036	1.79280085794	-0.831332085667	5.37329374594	2.33915973701	-0.463058513787	624
49	1.0	1.0	0.0	4.537926382	2.177537518	-0.871368089	4.73681280175	2.77365434004	-0.550742740826	625
50	0.0	0.0	0.0	6.694911438	0.2413924	-0.3391673	6.61253438482	0.560167610016	0.191426826742	626
50	0.0	0.25	0.0	6.34835684842	0.759822852428	-0.663972029236	6.30251290737	1.05865212425	-0.238534929278	627
50	0.0	0.5	0.0	5.85383003585	1.29859415391	-0.795113511769	5.89231323778	1.70957091583	-0.407842976363	628
50	0.0	0.75	0.0	5.24059766036	1.79280085794	-0.831332085667	5.37329374594	2.33915973701	-0.463058513787	629
50	0.0	1.0	0.0	4.537926382	2.177537518	-0.871368089	4.73681280175	2.77365434004	-0.550742740826	630
50	0.25	0.0	0.0	6.68808824127	0.232671419221	-0.346450978502	6.61505995885	0.547923322016	0.177298527129	631
50	0.25	0.25	0.0	6.32534211222	0.68222826909	-0.749685371886	6.29915329578	0.969180697544	-0.35944215728	632
50	0.25	0.5	0.0	5.80781720013	1.19275523642	-0.921037526307	5.88758118732	1.58980071313	-0.590327353119	633
50	0.25	0.75	0.0	5.18055111039	1.68059191499	-0.965996410888	5.37353284737	2.21736248411	-0.677473648962	634
50	0.25	1.0	0.0	4.48858144838	2.06207789854	-0.990050994751	4.75019748981	2.6594451258	-0.782997633383	635
50	0.5	0.0	0.0	6.67306936307	0.225301334972	-0.349417725385	6.6206083763	0.532801961883	0.159273613802	636
50	0.5	0.25	0.0	6.29594356491	0.607515392793	-0.810399223466	6.30006720483	0.885252517048	-0.448754197008	637
50	0.5	0.5	0.0	5.75424718046	1.07528903535	-1.03765431364	5.88722926471	1.45390957111	-0.771935563608	638
50	0.5	0.75	0.0	5.10565478801	1.53211205684	-1.11739901698	5.37842598061	2.0512556742	-0.939690510173	639
50	0.5	1.0	0.0	4.40784096587	1.88147425144	-1.13584935453	4.76998877721	2.48977337646	-1.08143906088	640
50	0.75	0.0	0.0	6.65803087132	0.217311688238	-0.351614184576	6.62613718022	0.517061039263	0.142018988166	641
50	0.75	0.25	0.0	6.26863159988	0.524607301161	-0.854288615137	6.30054629461	0.78919534105	-0.522796890129	642
50	0.75	0.5	0.0	5.70414403411	0.946610820449	-1.1355416406	5.88314832823	1.30040488334	-0.939766485604	643
50	0.75	0.75	0.0	5.03397829504	1.37091989448	-1.25618285416	5.37685006486	1.86553614432	-1.19521645478	644
50	0.75	1.0	0.0	4.32754450368	1.68513217163	-1.27702184905	4.78455828832	2.29943560222	-1.37547345419	645
50	1.0	0.0	0.0	6.651148834	0.20673202	-0.356587	6.62860391365	0.502958063805	0.130201551631	646
50	1.0	0.25	0.0	6.25187661053	0.422427071812	-0.889528578059	6.29588222519	0.663336927838	-0.597896078312	647
50	1.0	0.5	0.0	5.66853181838	0.807135861475	-1.20527727398	5.86722923613	1.1277940434	-1.08091899688	648
50	1.0	0.75	0.0	4.98359123329	1.2205740389	-1.35299087266	5.3576820193	1.68490073152	-1.38955884015	649
50	1.0	1.0	0.0	4.279531631	1.522457254	-1.381827159	4.78227764751	2.12322831325	-1.5945072442	650
53	0.0	0.0	0.0	6.651148834	0.20673202	-0.356587	6.62860391365	0.502958063805	0.130201551631	651
53	0.0	0.25	0.0	6.25187661053	0.422427071812	-0.889528578059	6.29588222519	0.663336927838	-0.597896078312	652
53	0.0	0.5	0.0	5.66853181838	0.807135861475	-1.20527727398	5.86722923613	1.1277940434	-1.08091899688	653
53	0.0	0.75	0.0	4.98359123329	1.2205740389	-1.35299087266	5.3576820193	1.68490073152	-1.38955884015	654
53	0.0	1.0	0.0	4.279531631	1.522457254	-1.381827159	4.78227764751	2.12322831325	-1.5945072442	655
53	0.25	0.0	0.0	6.65301303619	0.186268528864	-0.369058201277	6.62808721743	0.476706342494	0.114326913958	656
53	0.25	0.25	0.0	6.23779058683	0.216860349226	-0.938146208303	6.27895887558	0.405364071626	-0.695303967842	657
53	0.25	0.5	0.0	5.61836005366	0.449879041765	-1.31233194621	5.81210112952	0.687486992333	-1.29415798095	658
53	0.25	0.75	0.0	4.91238947206	0.749521204155	-1.5243612712	5.27661771143	1.10918776482	-1.71747486928	659
53	0.25	1.0	0.0	4.23754687739	0.979983434071	-1.60698003948	4.72161235349	1.45657904928	-2.00049437673	660
53	0.5	0.0	0.0	6.65725447303	0.164059360011	-0.380514025161	6.62709067776	0.441763067254	0.0953835300039	661
53	0.5	0.25	0.0	6.24228653516	0.0185220043782	-0.950532958516	6.27855673423	0.163970344674	-0.690010828924	662
53	0.5	0.5	0.0	5.60785652834	0.0499612887987	-1.36613842181	5.79277412734	0.208036959731	-1.34966730703	663
53	0.5	0.75	0.0	4.89156564918	0.161491501813	-1.64092839509	5.2313621791	0.401858455914	-1.86845728248	664
53	0.5	1.0	0.0	4.23101509429	0.256226931962	-1.78850085844	4.65594021152	0.573330376713	-2.23125213344	665
53	0.75	0.0	0.0	6.66148878986	0.141756916152	-0.386400336464	6.62608701809	0.406726517009	0.0820096586304	666
53	0.75	0.25	0.0	6.256175042	-0.16154027014	-0.927332575851	6.28950714757	-0.0411512690449	-0.610318028108	667
53	0.75	0.5	0.0	5.61990962124	-0.334670594909	-1.36119636174	5.80259385261	-0.237049214326	-1.27548403018	668
53	0.75	0.75	0.0	4.89989635459	-0.426153484842	-1.68246932548	5.22727670086	-0.288250961011	-1.847598907	669
53	0.75	1.0	0.0	4.24333906905	-0.484508366628	-1.88562909843	4.62548525995	-0.30204015128	-2.26077321795	670
53	1.0	0.0	0.0	6.663331632	0.1210136	-0.382163	6.62554896182	0.380194970681	0.0828435586985	671
53	1.0	0.25	0.0	6.27026669381	-0.312278781739	-0.869188807455	6.30664146206	-0.190307785559	-0.484526931945	672
53	1.0	0.5	0.0	5.63740771121	-0.646069806843	-1.29200542695	5.83490592837	-0.574264689751	-1.09964520548	673
53	1.0	0.75	0.0	4.91615817825	-0.896052172525	-1.62876114348	5.26972255524	-0.81230425178	-1.65999257008	674
53	1.0	1.0	0.0	4.257921589	-1.077918576	-1.857604242	4.67047153714	-0.945054981531	-2.06305033391	675
54	0.0	0.0	0.0	6.663331632	0.1210136	-0.382163	6.62554896182	0.380194970681	0.0828435586985	676
54	0.0	0.25	0.0	6.27026669381	-0.312278781739	-0.869188807455	6.30664146206	-0.190307785559	-0.484526931945	677
54	0.0	0.5	0.0	5.63740771121	-0.646069806843	-1.29200542695	5.83490592837	-0.574264689751	-1.09964520548	678
54	0.0	0.75	0.0	4.91615817825	-0.896052172525	-1.62876114348	5.26972255524	-0.81230425178	-1.65999257008	679
54	0.0	1.0	0.0	4.257921589	-1.077918576	-1.857604242	4.67047153714	-0.945054981531	-2.06305033391	680
54	0.25	0.0	0.0	6.66348151797	0.105066839896	-0.367753915301	6.62507993775	0.356139754384	0.109358817617	681
54	0.25	0.25	0.0	6.29357050845	-0.436754833752	-0.77773830775	6.32219203172	-0.296777211244	-0.313286554764	682
54	0.25	0.5	0.0	5.68301687781	-0.882519592468	-1.15663742057	5.85886875462	-0.80675931394	-0.811008887552	683
54	0.25	0.75	0.0	4.9767892847	-1.2359326315	-1.47075487523	5.29932032968	-1.16561541952	-1.28376036392	684
54	0.25	1.0	0.0	4.31985638776	-1.5006991461	-1.68639429321	4.70775698013	-1.3651543938	-1.63149316703	685
54	0.5	0.0	0.0	6.66399668061	0.0943231548007	-0.347488972796	6.62423349829	0.327557465663	0.156257343404	686
54	0.5	0.25	0.0	6.32980566079	-0.560373441964	-0.65200418892	6.3345010597	-0.402409036795	-0.0790000163464	687
54	0.5	0.5	0.0	5.76291005917	-1.13520346704	-0.950464995148	5.86603535186	-1.0482797116	-0.379533796971	688
54	0.5	0.75	0.0	5.0908020067	-1.61282626142	-1.20455298049	5.29390973084	-1.54831443535	-0.687712659945	689
54	0.5	1.0	0.0	4.44097363437	-1.97590116609	-1.37594973395	4.69319755275	-1.84077308468	-0.945905266742	690
54	0.75	0.0	0.0	6.6645474997	0.0881817923048	-0.324470671394	6.62342271528	0.303577499541	0.20590922809	691
54	0.75	0.25	0.0	6.35934106334	-0.654097209521	-0.507453361023	6.33951720932	-0.473316817115	0.177745942363	692
54	0.75	0.5	0.0	5.82955739978	-1.33305858769	-0.709500579588	5.85750871639	-1.21945186837	0.0879023429769	693
54	0.75	0.75	0.0	5.18791481776	-1.91328333214	-0.887108776512	5.26592411444	-1.83278370615	-0.0445000353332	694
54	0.75	1.0	0.0	4.54713162605	-2.35935243278	-0.996774401216	4.65329028141	-2.21126838239	-0.200339657831	695
54	1.0	0.0	0.0	6.664804355	0.086042	-0.30180151	6.62306066054	0.293329251043	0.240684563703	696
54	1.0	0.25	0.0	6.36254562864	-0.688888739567	-0.359552734119	6.33318914391	-0.475614107105	0.41636458042	697
54	1.0	0.5	0.0	5.83542904415	-1.40502211157	-0.46975660279	5.83439184454	-1.24090176991	0.484421809004	698
54	1.0	0.75	0.0	5.19784619133	-2.02385411354	-0.575375580566	5.22779683616	-1.89140563879	0.473226932742	699
54	1.0	1.0	0.0	4.56418866	-2.506880743	-0.619372132	4.61453219251	-2.31599761515	0.411150634921	700
57	0.0	0.0	0.0	6.664804355	0.086042	-0.30180151	6.62306066054	0.293329251043	0.240684563703	701
57	0.0	0.25	0.0	6.36254562864	-0.688888739567	-0.359552734119	6.33318914391	-0.475614107105	0.41636458042	702
57	0.0	0.5	0.0	5.83542904415	-1.40502211157	-0.46975660279	5.83439184454	-1.24090176991	0.484421809004	703
57	0.0	0.75	0.0	5.19784619133	-2.02385411354	-0.575375580566	5.22779683616	-1.89140563879	0.473226932742	704
57	0.0	1.0	0.0	4.56418866	-2.506880743	-0.619372132	4.61453219251	-2.31599761515	0.411150634921	705
57	0.25	0.0	0.0	6.66271523629	0.0876045168738	-0.278036315243	6.61775668554	0.304201710286	0.280476138375	706
57	0.25	0.25	0.0	6.32613843863	-0.642949739318	-0.20716652383	6.30123615505	-0.4125449261	0.634862262397	707
57	0.25	0.5	0.0	5.75255974713	-1.30427009945	-0.221111473001	5.77205037123	-1.10708653021	0.832598842158	708
57	0.25	0.75	0.0	5.07977367646	-1.87020263502	-0.250657619305	5.14433000808	-1.69729796546	0.926099973124	709
57	0.25	1.0	0.0	4.44557474131	-2.3145934175	-0.22659141929	4.53220573957	-2.10105409526	0.96777975076	710
57	0.5	0.0	0.0	6.65813418985	0.0934800608147	-0.254022878693	6.60610295527	0.330559127441	0.339747610739	711
57	0.5	0.25	0.0	6.26931538673	-0.534347244307	-0.0663371767337	6.24846958258	-0.32196118857	0.823390181823	712
57	0.5	0.5	0.0	5.62935197005	-1.07612075321	0.0118430334934	5.67531835054	-0.904511207061	1.14857563235	713
57	0.5	0.75	0.0	4.90421803634	-1.525298151	0.0547640926104	5.01250719582	-1.38023062656	1.36147764611	714
57	0.5	1.0	0.0	4.25988768213	-1.87533712279	0.136672341239	4.38589405503	-1.71225914557	1.50826990688	715
57	0.75	0.0	0.0	6.65359068024	0.104379174348	-0.232907930296	6.59448676183	0.361940114188	0.396120594949	716
57	0.75	0.25	0.0	6.21631999293	-0.392194514954	0.0523546506449	6.19572035951	-0.211434371696	0.974078398075	717
57	0.75	0.5	0.0	5.51968889493	-0.782561223831	0.203236276955	5.57991082727	-0.668365198926	1.40226569561	718
57	0.75	0.75	0.0	4.7485561608	-1.0889747195	0.301339205189	4.87988000597	-1.01574354864	1.71406239823	719
57	0.75	1.0	0.0	4.08778056514	-1.33368876919	0.428265691899	4.22844973643	-1.26046060195	1.94284841658	720
57	1.0	0.0	0.0	6.651614172	0.1210124	-0.2178382	6.58929539731	0.387883282209	0.42721670516	721
57	1.0	0.25	0.0	6.19139577721	-0.245604811682	0.138328301783	6.16381941885	-0.0885359526593	1.07905697053	722
57	1.0	0.5	0.0	5.47745370378	-0.485578662303	0.327197617648	5.52154284621	-0.433837904258	1.56358254799	723
57	1.0	0.75	0.0	4.69016493971	-0.661066398523	0.449517368439	4.79400004512	-0.679376658245	1.91855667603	724
57	1.0	1.0	0.0	4.009906473	-0.834225267	0.606035175	4.1127253813	-0.856506300277	2.18174259313	725
58	0.0	0.0	0.0	6.651614172	0.1210124	-0.2178382	6.58929539731	0.387883282209	0.42721670516	726
58	0.0	0.25	0.0	6.19139577721	-0.245604811682	0.138328301783	6.16381941885	-0.0885359526593	1.07905697053	727
58	0.0	0.5	0.0	5.47745370378	-0.485578662303	0.327197617648	5.52154284621	-0.433837904258	1.56358254799	728
58	0.0	0.75	0.0	4.69016493971	-0.661066398523	0.449517368439	4.79400004512	-0.679376658245	1.91855667603	729
58	0.0	1.0	0.0	4.009906473	-0.834225267	0.606035175	4.1127253813	-0.856506300277	2.18174259313	730
58	0.25	0.0	0.0	6.64781616825	0.141993601397	-0.213333997572	6.58615337146	0.414579822408	0.426979038427	731
58	0.25	0.25	0.0	6.19032650602	-0.0946701872578	0.210733544972	6.14830341045	0.0544305062313	1.16126794857	732
58	0.25	0.5	0.0	5.49692855754	-0.162211599667	0.435708164167	5.49562646026	-0.145125498535	1.67026334691	733
58	0.25	0.75	0.0	4.72566515184	-0.175858262822	0.570982564786	4.75886819187	-0.255231037955	2.01988061841	734
58	0.25	1.0	0.0	4.03457911792	-0.250837803715	0.725949451603	4.06877427623	-0.347028958089	2.27603514801	735
58	0.5	0.0	0.0	6.63927466653	0.164064225705	-0.21912591156	6.57905502112	0.449224192081	0.410755012285	736
58	0.5	0.25	0.0	6.19297744283	0.066527949583	0.277676456335	6.13608533114	0.219405871615	1.22489506691	737
58	0.5	0.5	0.0	5.53009584335	0.186198807778	0.555968836916	5.48227762246	0.216276900194	1.74564558566	738
58	0.5	0.75	0.0	4.7864333959	0.365106133201	0.706881263509	4.7520723574	0.300372963748	2.07173549206	739
58	0.5	1.0	0.0	4.09779362828	0.445279258762	0.82154376944	4.07990999824	0.332229748206	2.3018937096	740
58	0.75	0.0	0.0	6.63072581429	0.186038634661	-0.230667644767	6.57194932026	0.483772346401	0.388781166923	741
58	0.75	0.25	0.0	6.2017917035	0.246486631676	0.318068524928	6.13285398282	0.411443892817	1.24261859519	742
58	0.75	0.5	0.0	5.57360818318	0.544607664939	0.639558995966	5.48682839358	0.619704965732	1.7592237541	743
58	0.75	0.75	0.0	4.85887955611	0.897124693925	0.797612162968	4.76553927183	0.904582735662	2.05535574276	744
58	0.75	1.0	0.0	4.17031012501	1.12076067811	0.856036420557	4.10065333683	1.06210437313	2.24777366023	745
58	1.0	0.0	0.0	6.626905759	0.20673119	-0.2434129	6.56878524287	0.510180240542	0.371294042529	746
58	1.0	0.25	0.0	6.21921240383	0.453702891856	0.310821239809	6.14429816737	0.635598319162	1.18711880307	747
58	1.0	0.5	0.0	5.62411819901	0.897970076722	0.638058001387	5.51461083437	1.03449437188	1.6804923421	748
58	1.0	0.75	0.0	4.92941351668	1.35549532373	0.783573961521	4.79119566529	1.47454566659	1.95197581627	749
58	1.0	1.0	0.0	4.222888729	1.642241212	0.792645697	4.08552508151	1.72342947119	2.10213038224	750
61	0.0	0.0	0.0	6.626905759	0.20673119	-0.2434129	6.56878524287	0.510180240542	0.371294042529	751
61	0.0	0.25	0.0	6.21921240383	0.453702891856	0.310821239809	6.14429816737	0.635598319162	1.18711880307	752
61	0.0	0.5	0.0	5.62411819901	0.897970076722	0.638058001387	5.51461083437	1.03449437188	1.6804923421	753
61	0.0	0.75	0.0	4.92941351668	1.35549532373	0.783573961521	4.79119566529	1.47454566659	1.95197581627	754
61	0.0	1.0	0.0	4.222888729	1.642241212	0.792645697	4.08552508151	1.72342947119	2.10213038224	755
61	0.25	0.0	0.0	6.63557258084	0.218182539617	-0.24876549003	6.57517081542	0.517490715135	0.350120593564	756
61	0.25	0.25	0.0	6.23919313566	0.572255179237	0.297756287174	6.15926131231	0.76563249614	1.14284055715	757
61	0.25	0.5	0.0	5.6607138522	1.05740015709	0.614439808172	5.54109578609	1.22026596005	1.61708986503	758
61	0.25	0.75	0.0	4.97079669806	1.51970332112	0.745395061183	4.81969210097	1.67921150686	1.87088455654	759
61	0.25	1.0	0.0	4.24010364084	1.80525051925	0.734732034429	4.09406812112	1.9402895366	2.00224067099	760
61	0.5	0.0	0.0	6.65452038908	0.225510468363	-0.250322374382	6.58909987525	0.515708718828	0.313757819556	761
61	0.5	0.25	0.0	6.2723906496	0.664047993637	0.28669712459	6.18228887962	0.877666698966	1.11266036557	762
61	0.5	0.5	0.0	5.72008903043	1.20377967167	0.582659948928	5.58324981385	1.40296158564	1.54977056313	763
61	0.5	0.75	0.0	5.03825327323	1.70088343995	0.686921759355	4.87357990236	1.90491103714	1.75238670008	764
61	0.5	1.0	0.0	4.26752111966	2.01153723596	0.648838216592	4.13487636961	2.19683271176	1.84780706424	765
61	0.75	0.0	0.0	6.67344527428	0.232114210428	-0.252779621543	6.60300601203	0.51320253584	0.276494682738	766
61	0.75	0.25	0.0	6.30665407586	0.745125780975	0.248738372997	6.20685460632	0.982916351279	1.04792271438	767
61	0.75	0.5	0.0	5.78146863969	1.33314747863	0.517979211332	5.62925762899	1.57327259586	1.44545965269	768
61	0.75	0.75	0.0	5.10861729635	1.86325057344	0.603258052105	4.93444703173	2.11495967249	1.60895875983	769
61	0.75	1.0	0.0	4.2988283764	2.20250633544	0.552890053959	4.18665476621	2.43866598407	1.67827329795	770
61	1.0	0.0	0.0	6.682043327	0.241393	-0.2608333	6.60932281547	0.518340450388	0.252620145346	771
61	1.0	0.25	0.0	6.32983254462	0.831532987169	0.15497465334	6.22643222939	1.09259687672	0.899972089615	772
61	1.0	0.5	0.0	5.82407758597	1.44154243615	0.395658383059	5.66730394289	1.72189033791	1.27108235001	773
61	1.0	0.75	0.0	5.15872282158	1.9710196148	0.489507935498	4.98388145135	2.27267282797	1.45307724877	774
61	1.0	1.0	0.0	4.327712622	2.319562791	0.464813357	4.22810825017	2.61139634091	1.5330831081	775
62	0.0	0.0	0.0	6.682043327	0.241393	-0.2608333	6.60932281547	0.518340450388	0.252620145346	776
62	0.0	0.25	0.0	6.32983254462	0.831532987169	0.15497465334	6.22643222939	1.09259687672	0.899972089615	777
62	0.0	0.5	0.0	5.82407758597	1.44154243615	0.395658383059	5.66730394289	1.72189033791	1.27108235001	778
62	0.0	0.75	0.0	5.15872282158	1.9710196148	0.489507935498	4.98388145135	2.27267282797	1.45307724877	779
62	0.0	1.0	0.0	4.327712622	2.319562791	0.464813357	4.22810825017	2.61139634091	1.5330831081	780
62	0.25	0.0	0.0	6.68297113559	0.247787086333	-0.269216313781	6.60755891824	0.529782908562	0.253180742472	781
62	0.25	0.25	0.0	6.34457113865	0.879517402775	0.0548228406952	6.24264152795	1.16173219821	0.756383414025	782
62	0.25	0.5	0.0	5.85942975072	1.49496837525	0.249411250505	5.71315691932	1.81576017846	1.07741059449	783
62	0.25	0.75	0.0	5.21304154514	2.01433392107	0.335404058161	5.05741310462	2.37383591105	1.25773402785	784
62	0.25	1.0	0.0	4.39090109522	2.35780795752	0.333656406173	4.31371809614	2.71792845771	1.3388254581	785
62	0.5	0.0	0.0	6.6850123145	0.252707437405	-0.279016085094	6.60367834434	0.545809677685	0.263056915156	786
62	0.5	0.25	0.0	6.36276557294	0.906728244526	-0.0602176942654	6.26248686304	1.21468237457	0.596579242952	787
62	0.5	0.5	0.0	5.90582558847	1.52226301611	0.0761053412704	5.77818339507	1.88810628393	0.83590891043	788
62	0.5	0.75	0.0	5.29156754397	2.02973318967	0.138809543171	5.17234922682	2.45220866063	0.985718373896	789
62	0.5	1.0	0.0	4.49736662234	2.35956020273	0.136751433096	4.46656564467	2.79311675952	1.05068008966	790
62	0.75	0.0	0.0	6.68705349341	0.255868819775	-0.28951613711	6.59979777043	0.560077478105	0.272232807137	791
62	0.75	0.25	0.0	6.37836163047	0.915154168946	-0.175739296061	6.2798144991	1.24509003289	0.435610604092	792
62	0.75	0.5	0.0	5.94656099203	1.52377252046	-0.094874759002	5.83807420193	1.92647828705	0.589333902766	793
62	0.75	0.75	0.0	5.363396704	2.01959250277	-0.0564468456644	5.28222385449	2.49397091423	0.702494259516	794
62	0.75	1.0	0.0	4.60061389229	2.34048274433	-0.0699798757792	4.61991043238	2.83729658809	0.7441832307	795
62	1.0	0.0	0.0	6.687981302	0.256986	-0.299999993	6.5980338732	0.566243030171	0.270692562154	796
62	1.0	0.25	0.0	6.38530509425	0.906783832561	-0.27733430921	6.28847070056	1.24659780025	0.288528525141	797
62	1.0	0.5	0.0	5.96493185427	1.49984305007	-0.234144464668	5.86852017165	1.91842582052	0.380442176429	798
62	1.0	0.75	0.0	5.39762491115	1.98628694255	-0.206536344541	5.34057102418	2.48530250937	0.473525657335	799
62	1.0	1.0	0.0	4.654147594	2.3162388	-0.230615834	4.70701199588	2.85080328515	0.494871109175	800
