Elem	xi[0]	xi[1]	xi[2]	Y[0]	Y[1]	Y[2]	y[0]	y[1]	y[2]	Index
1	0.0	0.0	0.0	0.078169917	2.172949289	-0.566470828	-0.0810014801949	2.33711048293	-0.30669454134	1
1	0.0	0.25	0.0	-0.505792682294	2.00887052402	-0.602439592098	-0.553331407281	2.15801344301	-0.371797297428	2
1	0.0	0.5	0.0	-1.08003466385	2.05060336412	-0.680421937674	-1.0356893263	2.10473776241	-0.44964851526	3
1	0.0	0.75	0.0	-1.60417183423	2.11958025415	-0.753935780163	-1.52990795222	2.08936212546	-0.493332280407	4
1	0.0	1.0	0.0	-2.03782	2.037233639	-0.776499035	-2.03782	2.02396521651	-0.455932678439	5
1	0.25	0.0	0.0	0.0795602355902	2.05214197414	-0.753414330313	-0.075439626677	2.27751985822	-0.631179272861	6
1	0.25	0.25	0.0	-0.48829235428	1.8611113359	-0.773537776834	-0.552154076086	2.04528097838	-0.700520294328	7
1	0.25	0.5	0.0	-1.0623746776	1.81976594547	-0.842286596353	-1.03574628696	1.92256466499	-0.789574754814	8
1	0.25	0.75	0.0	-1.59402411193	1.80738409945	-0.900713690861	-1.52896976974	1.84748676659	-0.818189494202	9
1	0.25	1.0	0.0	-2.03457803487	1.70324409446	-0.889871962349	-2.03457803487	1.7581631317	-0.706211352375	10
1	0.5	0.0	0.0	0.0783636906301	1.86071644597	-0.98316128428	-0.0521697601026	2.15412323571	-1.04250025386	11
1	0.5	0.25	0.0	-0.474170384928	1.65333290852	-0.980702916871	-0.530294096674	1.87553678636	-1.08149432057	12
1	0.5	0.5	0.0	-1.05670262096	1.5473826786	-1.0209573158	-1.03737886109	1.68759845236	-1.13370699276	13
1	0.5	0.75	0.0	-1.60135807954	1.46251957028	-1.05982390469	-1.54888209067	1.55584220186	-1.11635087196	14
1	0.5	1.0	0.0	-2.04026182274	1.3183973976	-1.05320210719	-2.04026182274	1.445802003	-0.946638559705	15
1	0.75	0.0	0.0	0.080262845605	1.63694722483	-1.19313395186	-0.016965308438	1.98718013474	-1.44579205807	16
1	0.75	0.25	0.0	-0.461327112557	1.42553762436	-1.17273939474	-0.505078368259	1.67281032871	-1.4369098374	17
1	0.75	0.5	0.0	-1.04887755535	1.26340619184	-1.19136207801	-1.04078072206	1.42250680368	-1.43739126145	18
1	0.75	0.75	0.0	-1.60351718388	1.10808476871	-1.21500020636	-1.57192771676	1.23723952076	-1.37522898994	19
1	0.75	1.0	0.0	-2.04637469925	0.917105196441	-1.20965198444	-2.04637469925	1.11797844107	-1.17841568259	20
1	1.0	0.0	0.0	0.090940264	1.419108831	-1.320754595	0.0244003003502	1.79695007465	-1.74618925921	21
1	1.0	0.25	0.0	-0.447662875484	1.21772786591	-1.29845159296	-0.493833790058	1.46113106713	-1.68895730603	22
1	1.0	0.5	0.0	-1.02475854218	0.99778911348	-1.328428865	-1.04614554327	1.14995739807	-1.65597359323	23
1	1.0	0.75	0.0	-1.57784487178	0.76717779681	-1.34997638055	-1.58038944976	0.914489812789	-1.5822364244	24
1	1.0	1.0	0.0	-2.04442	0.533779139	-1.302384109	-2.04442	0.805789056592	-1.40274410318	25
2	0.0	0.0	0.0	0.090940264	1.419108831	-1.320754595	0.0244003003502	1.79695007465	-1.74618925921	26
2	0.0	0.25	0.0	-0.447662875484	1.21772786591	-1.29845159296	-0.493833790058	1.46113106713	-1.68895730603	27
2	0.0	0.5	0.0	-1.02475854218	0.99778911348	-1.328428865	-1.04614554327	1.14995739807	-1.65597359323	28
2	0.0	0.75	0.0	-1.57784487178	0.76717779681	-1.34997638055	-1.58038944976	0.914489812789	-1.5822364244	29
2	0.0	1.0	0.0	-2.04442	0.533779139	-1.302384109	-2.04442	0.805789056592	-1.40274410318	30
2	0.25	0.0	0.0	0.101603971338	1.18174120779	-1.40280739431	0.0557743595308	1.55060714607	-1.96542775138	31
2	0.25	0.25	0.0	-0.43767935952	1.01199635651	-1.39943544413	-0.486807006025	1.23391460005	-1.87433932699	32
2	0.25	0.5	0.0	-0.999790461814	0.799528174992	-1.45661610607	-1.03348765225	0.946545161482	-1.81559646499	33
2	0.25	0.75	0.0	-1.54525004778	0.568964348289	-1.49371192868	-1.55812558987	0.741866641553	-1.74315700076	34
2	0.25	1.0	0.0	-2.03457882965	0.344932561449	-1.43008546052	-2.03457882965	0.673246851451	-1.61097876968	35
2	0.5	0.0	0.0	0.102893703711	0.906332288445	-1.50908360615	0.0707665645043	1.24215464875	-2.17375729702	36
2	0.5	0.25	0.0	-0.42854292277	0.761012769258	-1.54958232693	-0.465706070279	0.9635912646	-2.07685584713	37
2	0.5	0.5	0.0	-0.976838576262	0.596110670466	-1.64489088897	-0.993890100435	0.758305500813	-2.00669001789	38
2	0.5	0.75	0.0	-1.5163348523	0.421744409455	-1.71858847657	-1.51278077585	0.642699790004	-1.94871313469	39
2	0.5	1.0	0.0	-2.02137334643	0.248032403608	-1.69425427404	-2.02137334643	0.633176564787	-1.88837852294	40
2	0.75	0.0	0.0	0.100030073979	0.636925331383	-1.62802606466	0.0792260589568	0.92760370042	-2.35408677149	41
2	0.75	0.25	0.0	-0.420870676583	0.509219222758	-1.71814289127	-0.437569078926	0.693428358484	-2.27176146499	42
2	0.75	0.5	0.0	-0.960205991134	0.398042926803	-1.85503799126	-0.951593415225	0.576290776536	-2.21031761388	43
2	0.75	0.75	0.0	-1.49709983912	0.292620803408	-1.9726505813	-1.47268357667	0.553359110224	-2.1772676048	44
2	0.75	1.0	0.0	-2.01067618999	0.182177212463	-2.00491987804	-2.01067618999	0.601801515195	-2.18012382434	45
2	1.0	0.0	0.0	0.098233695	0.417563595	-1.748077604	0.0910019865744	0.662965418801	-2.48932505016	46
2	1.0	0.25	0.0	-0.415279732307	0.301057835604	-1.87436778703	-0.409434128072	0.466693179397	-2.4343107791	47
2	1.0	0.5	0.0	-0.954195812046	0.215831270903	-2.0488421905	-0.930838124015	0.391553349118	-2.40754261496	48
2	1.0	0.75	0.0	-1.49354556201	0.148696353251	-2.20394279998	-1.46616256131	0.410214454297	-2.40718318969	49
2	1.0	1.0	0.0	-2.00836	0.086465535	-2.272111601	-2.00836	0.495345021266	-2.43139513524	50
5	0.0	0.0	0.0	0.098233695	0.417563595	-1.748077604	0.0910019865744	0.662965418801	-2.48932505016	51
5	0.0	0.25	0.0	-0.415279732307	0.301057835604	-1.87436778703	-0.409434128072	0.466693179397	-2.4343107791	52
5	0.0	0.5	0.0	-0.954195812046	0.215831270903	-2.0488421905	-0.930838124015	0.391553349118	-2.40754261496	53
5	0.0	0.75	0.0	-1.49354556201	0.148696353251	-2.20394279998	-1.46616256131	0.410214454297	-2.40718318969	54
5	0.0	1.0	0.0	-2.00836	0.086465535	-2.272111601	-2.00836	0.495345021266	-2.43139513524	55
5	0.25	0.0	0.0	0.0645737042803	-0.196684472423	-1.99891545614	0.115662697356	-0.0580032463493	-2.68182353508	56
5	0.25	0.25	0.0	-0.434393431143	-0.270298235438	-2.12427133904	-0.35585598181	-0.170120787298	-2.66364151106	57
5	0.25	0.5	0.0	-0.975411059454	-0.31654112458	-2.29335822744	-0.90447849194	-0.205548127724	-2.68692746786	58
5	0.25	0.75	0.0	-1.51944946586	-0.340128875532	-2.43825739488	-1.47881581566	-0.162640913328	-2.71715578013	59
5	0.25	1.0	0.0	-2.02747893558	-0.345777223978	-2.49105011492	-2.02747893558	-0.0397547898109	-2.71980082251	60
5	0.5	0.0	0.0	-0.0130871998136	-0.976512008112	-2.1358915952	0.102627801012	-0.9124379443	-2.70311320844	61
5	0.5	0.25	0.0	-0.493711107608	-1.00498354835	-2.20219118356	-0.345241394897	-0.968119245485	-2.6860708035	62
5	0.5	0.5	0.0	-1.02417575832	-1.00756869427	-2.29540193299	-0.882761907355	-0.970706742202	-2.70802927256	63
5	0.5	0.75	0.0	-1.56136897735	-0.993230129336	-2.36546276875	-1.46878916341	-0.911282506367	-2.73585462825	64
5	0.5	1.0	0.0	-2.06217859011	-0.970930537026	-2.36231261607	-2.06217859011	-0.780928609899	-2.73641288317	65
5	0.75	0.0	0.0	-0.0959386330008	-1.76939025974	-2.17270706467	0.0555356399925	-1.71136092698	-2.57757928682	66
5	0.75	0.25	0.0	-0.557704436329	-1.76493990954	-2.17028056845	-0.381406593934	-1.73546664154	-2.54728066637	67
5	0.75	0.5	0.0	-1.07390683259	-1.73018871867	-2.1782923173	-0.89754584321	-1.71911062355	-2.5523262033	68
5	0.75	0.75	0.0	-1.6029620832	-1.68007603129	-2.16603915603	-1.47684987328	-1.65735953863	-2.57211998359	69
5	0.75	1.0	0.0	-2.10328644959	-1.62954119156	-2.10281792944	-2.10328644959	-1.54528005241	-2.58606609319	70
5	1.0	0.0	0.0	-0.145170211	-2.422790475	-2.123062908	-0.0219754432515	-2.26579444632	-2.3296069868	71
5	1.0	0.25	0.0	-0.590845091933	-2.41210912541	-2.09069274158	-0.468167805517	-2.28032742184	-2.29295310962	72
5	1.0	0.5	0.0	-1.0980212062	-2.3573384783	-2.06534839051	-0.980687772453	-2.26594790101	-2.30129643432	73
5	1.0	0.75	0.0	-1.62788677012	-2.27013520454	-2.02046679119	-1.54376521398	-2.22252122394	-2.33479209571	74
5	1.0	1.0	0.0	-2.14163	-2.162155975	-1.92948488	-2.14163	-2.14991273074	-2.37359522857	75
6	0.0	0.0	0.0	-0.145170211	-2.422790475	-2.123062908	-0.0219754432515	-2.26579444632	-2.3296069868	76
6	0.0	0.25	0.0	-0.590845091933	-2.41210912541	-2.09069274158	-0.468167805517	-2.28032742184	-2.29295310962	77
6	0.0	0.5	0.0	-1.0980212062	-2.3573384783	-2.06534839051	-0.980687772453	-2.26594790101	-2.30129643432	78
6	0.0	0.75	0.0	-1.62788677012	-2.27013520454	-2.02046679119	-1.54376521398	-2.22252122394	-2.33479209571	79
6	0.0	1.0	0.0	-2.14163	-2.162155975	-1.92948488	-2.14163	-2.14991273074	-2.37359522857	80
6	0.25	0.0	0.0	-0.177517179102	-2.96660731709	-1.90499433116	-0.109569604469	-2.71299348151	-1.92720570486	81
6	0.25	0.25	0.0	-0.623020885129	-2.94407126488	-1.87516334989	-0.576768160557	-2.71500967947	-1.8951693722	82
6	0.25	0.5	0.0	-1.12992947671	-2.85500553155	-1.85109354944	-1.09767653771	-2.68442432456	-1.90768191202	83
6	0.25	0.75	0.0	-1.66342897912	-2.71972900351	-1.80770681801	-1.64431540153	-2.63090196904	-1.94565269636	84
6	0.25	1.0	0.0	-2.18870541762	-2.5585605672	-1.71992504377	-2.18870541762	-2.56410716517	-1.98999109726	85
6	0.5	0.0	0.0	-0.225581935009	-3.55321450369	-1.47985509281	-0.198812958169	-3.2787999393	-1.3302107382	86
6	0.5	0.25	0.0	-0.68531516945	-3.49518229947	-1.45118225336	-0.688959751408	-3.25543653982	-1.30193129908	87
6	0.5	0.5	0.0	-1.19613749837	-3.34781616328	-1.4178765078	-1.21431942737	-3.17952198407	-1.29414347641	88
6	0.5	0.75	0.0	-1.72931974256	-3.15572050361	-1.36842157215	-1.7462558099	-3.07582617163	-1.30296089725	89
6	0.5	1.0	0.0	-2.25613272283	-2.96349972895	-1.29130116245	-2.25613272283	-2.9691190021	-1.32449718867	90
6	0.75	0.0	0.0	-0.266949483912	-4.0113010022	-0.959885666548	-0.269142012076	-3.76680117611	-0.665167029848	91
6	0.75	0.25	0.0	-0.741792724897	-3.91900428696	-0.936547623098	-0.779218628817	-3.7199914092	-0.638445917169	92
6	0.75	0.5	0.0	-1.25864340375	-3.72255187987	-0.899179776519	-1.30869427226	-3.60247406486	-0.609076813263	93
6	0.75	0.75	0.0	-1.79277191836	-3.48261126376	-0.851270975794	-1.83097044925	-3.44749368723	-0.58509702667	94
6	0.75	1.0	0.0	-2.31944866662	-3.25984992148	-0.796310069904	-2.31944866662	-3.2882948205	-0.574543865928	95
6	1.0	0.0	0.0	-0.279204831	-4.16955578	-0.457326526	-0.299993273913	-3.98058454832	-0.0586195228143	96
6	1.0	0.25	0.0	-0.756518331474	-4.06909928516	-0.449057630203	-0.822020843533	-3.92705769394	-0.0299202533597	97
6	1.0	0.5	0.0	-1.27944532542	-3.86599418769	-0.428485866555	-1.35887890321	-3.80451375225	-0.000877608348111	98
6	1.0	0.75	0.0	-1.82099836441	-3.60490284287	-0.404914951129	-1.87984332976	-3.63610437135	0.0295585870965	99
6	1.0	1.0	0.0	-2.35419	-3.330487606	-0.3876486	-2.35419	-3.44498119935	0.0624385078499	100
9	0.0	0.0	0.0	-0.279204831	-4.16955578	-0.457326526	-0.299993273913	-3.98058454832	-0.0586195228143	101
9	0.0	0.25	0.0	-0.756518331474	-4.06909928516	-0.449057630203	-0.822020843533	-3.92705769394	-0.0299202533597	102
9	0.0	0.5	0.0	-1.27944532542	-3.86599418769	-0.428485866555	-1.35887890321	-3.80451375225	-0.000877608348111	103
9	0.0	0.75	0.0	-1.82099836441	-3.60490284287	-0.404914951129	-1.87984332976	-3.63610437135	0.0295585870965	104
9	0.0	1.0	0.0	-2.35419	-3.330487606	-0.3876486	-2.35419	-3.44498119935	0.0624385078499	105
9	0.25	0.0	0.0	-0.27048932749	-3.92476607327	0.0861038661287	-0.279048289728	-3.84039509331	0.623208776802	106
9	0.25	0.25	0.0	-0.743065332637	-3.8323901052	0.0634440423535	-0.814526668983	-3.78196970832	0.649935243015	107
9	0.25	0.5	0.0	-1.26581046908	-3.64341219605	0.0357314644823	-1.3655838951	-3.66760936945	0.658919496898	108
9	0.25	0.75	0.0	-1.81133706357	-3.38476153314	0.000441177640678	-1.89167560682	-3.50787889668	0.661800083142	109
9	0.25	1.0	0.0	-2.3522574429	-3.08336730381	-0.0449517730457	-2.3522574429	-3.31334310998	0.670215546438	110
9	0.5	0.0	0.0	-0.262872713127	-3.40268266183	0.638983652527	-0.232419434915	-3.46380648214	1.39010562413	111
9	0.5	0.25	0.0	-0.73608957123	-3.31276893447	0.583520111533	-0.784994750822	-3.38966299784	1.40758344695	112
9	0.5	0.5	0.0	-1.25156523322	-3.12365074449	0.504193649231	-1.35148015188	-3.26632378376	1.40585389752	113
9	0.5	0.75	0.0	-1.7895067416	-2.87521201498	0.403731205664	-1.88286062046	-3.10706960603	1.37817926998	114
9	0.5	1.0	0.0	-2.33012113891	-2.60733666902	0.284859720873	-2.33012113891	-2.92518123082	1.31782185846	115
9	0.75	0.0	0.0	-0.25221974345	-2.76240169023	1.07655487116	-0.198327879141	-2.95339449526	2.07261560418	116
9	0.75	0.25	0.0	-0.726437880458	-2.67851042295	0.997360300589	-0.756510554711	-2.87080234121	2.07231841796	117
9	0.75	0.5	0.0	-1.23502301228	-2.49383012302	0.880336608802	-1.33070320053	-2.74645153932	2.05895268329	118
9	0.75	0.75	0.0	-1.76460389019	-2.26428388038	0.727293064556	-1.86457853223	-2.59895783955	1.99782557785	119
9	0.75	1.0	0.0	-2.30180926547	-2.04579478498	0.540038936605	-2.30180926547	-2.44693699184	1.85424427933	120
9	1.0	0.0	0.0	-0.234395174	-2.163019303	1.27405956	-0.214994792075	-2.41173491315	2.50128330193	121
9	1.0	0.25	0.0	-0.704957093527	-2.09788922064	1.19115433278	-0.752159546312	-2.34605251711	2.47343421555	122
9	1.0	0.5	0.0	-1.21449720071	-1.94107062164	1.06759626431	-1.317388568	-2.25378718029	2.43724294394	123
9	1.0	0.75	0.0	-1.74572500104	-1.74000672132	0.893464685935	-1.8480095037	-2.14882493736	2.33986843696	124
9	1.0	1.0	0.0	-2.28135	-1.542140735	0.658838929	-2.28135	-2.04505182301	2.12846964446	125
10	0.0	0.0	0.0	-0.234395174	-2.163019303	1.27405956	-0.214994792075	-2.41173491315	2.50128330193	126
10	0.0	0.25	0.0	-0.704957093527	-2.09788922064	1.19115433278	-0.752159546312	-2.34605251711	2.47343421555	127
10	0.0	0.5	0.0	-1.21449720071	-1.94107062164	1.06759626431	-1.317388568	-2.25378718029	2.43724294394	128
10	0.0	0.75	0.0	-1.74572500104	-1.74000672132	0.893464685935	-1.8480095037	-2.14882493736	2.33986843696	129
10	0.0	1.0	0.0	-2.28135	-1.542140735	0.658838929	-2.28135	-2.04505182301	2.12846964446	130
10	0.25	0.0	0.0	-0.234909487596	-1.50279582317	1.27019029792	-0.290078612113	-1.74807052649	2.66252165811	131
10	0.25	0.25	0.0	-0.696154661421	-1.45963231958	1.19812052113	-0.789136521805	-1.71901399264	2.61526841739	132
10	0.25	0.5	0.0	-1.2088389575	-1.33815631183	1.08878607677	-1.32066841109	-1.66924315109	2.55995683735	133
10	0.25	0.75	0.0	-1.74272897379	-1.17464463409	0.931683005014	-1.83128357493	-1.61776825591	2.45425044578	134
10	0.25	1.0	0.0	-2.26759130827	-1.00537412056	0.716307346011	-2.26759130827	-1.58359956116	2.25581277047	135
10	0.5	0.0	0.0	-0.260290453322	-0.72407342012	1.17897898455	-0.355904222761	-0.953795010559	2.6562197711	136
10	0.5	0.25	0.0	-0.715533506777	-0.699075577045	1.11700092151	-0.8268093479	-0.96257260085	2.61127541167	137
10	0.5	0.5	0.0	-1.22640844988	-0.613392080257	1.0179586676	-1.31944276778	-0.946799939437	2.55348077163	138
10	0.5	0.75	0.0	-1.75258032026	-0.504845145562	0.895584390249	-1.80475939834	-0.937891720284	2.47562520336	139
10	0.5	1.0	0.0	-2.25371415556	-0.411256988766	0.763610256881	-2.25371415556	-0.967262637356	2.3704980592	140
10	0.75	0.0	0.0	-0.273326102637	0.0541452897393	0.995924424904	-0.348757704858	-0.149061629017	2.53267194055	141
10	0.75	0.25	0.0	-0.734124489229	0.0693376517615	0.947338145181	-0.803779133131	-0.180328755069	2.50731853317	142
10	0.75	0.5	0.0	-1.24430748714	0.129948469358	0.864128469402	-1.27884392461	-0.184747962475	2.46372417891	143
10	0.75	0.75	0.0	-1.7602194984	0.201669191	0.778088339537	-1.76122741127	-0.194147093763	2.42268074631	144
10	0.75	1.0	0.0	-2.23820492507	0.25019126516	0.72101069756	-2.23820492507	-0.240353991462	2.40498010384	145
10	1.0	0.0	0.0	-0.236804467	0.71285769	0.716525424	-0.204925139241	0.545976354466	2.34217246614	146
10	1.0	0.25	0.0	-0.722958468412	0.731164011633	0.688674803381	-0.658646986034	0.524117131374	2.34926111666	147
10	1.0	0.5	0.0	-1.23963787856	0.788591733306	0.636309914772	-1.16400416816	0.518622362635	2.33659649132	148
10	1.0	0.75	0.0	-1.75058696617	0.877175822326	0.572114350777	-1.69347805102	0.528513860356	2.31410511124	149
10	1.0	1.0	0.0	-2.21955	0.988951246	0.508771704	-2.21955	0.552813436643	2.29171349755	150
13	0.0	0.0	0.0	-0.236804467	0.71285769	0.716525424	-0.204925139241	0.545976354466	2.34217246614	151
13	0.0	0.25	0.0	-0.722958468412	0.731164011633	0.688674803381	-0.658646986034	0.524117131374	2.34926111666	152
13	0.0	0.5	0.0	-1.23963787856	0.788591733306	0.636309914772	-1.16400416816	0.518622362635	2.33659649132	153
13	0.0	0.75	0.0	-1.75058696617	0.877175822326	0.572114350777	-1.69347805102	0.528513860356	2.31410511124	154
13	0.0	1.0	0.0	-2.21955	0.988951246	0.508771704	-2.21955	0.552813436643	2.29171349755	155
13	0.25	0.0	0.0	-0.189073142982	1.02661282461	0.57847347726	-0.115308866849	0.893748656139	2.16761417892	156
13	0.25	0.25	0.0	-0.703022874434	1.05759090189	0.56377043391	-0.593232964553	0.89786457764	2.18195055464	157
13	0.25	0.5	0.0	-1.22760649397	1.17292521498	0.533603591575	-1.12325918973	0.958955608941	2.17856096978	158
13	0.25	0.75	0.0	-1.73570373642	1.32976085062	0.478585706825	-1.6705316209	1.03699154063	2.15770671649	159
13	0.25	1.0	0.0	-2.2001943366	1.48524289556	0.389329536232	-2.2001943366	1.09194216331	2.11964908691	160
13	0.5	0.0	0.0	-0.124496448056	1.39431077265	0.464985127675	-0.0632388165098	1.31360359746	1.8787014685	161
13	0.5	0.25	0.0	-0.678077933276	1.42524698094	0.467211204782	-0.585426579273	1.33253710756	1.88615567844	162
13	0.5	0.5	0.0	-1.21547609728	1.60701446101	0.473725919091	-1.13401452912	1.47030707079	1.88424027972	163
13	0.5	0.75	0.0	-1.71961945801	1.81723465175	0.455214863284	-1.67476405188	1.60303696018	1.88139729508	164
13	0.5	1.0	0.0	-2.1734365334	1.93352899206	0.382363630044	-2.1734365334	1.60685024878	1.88606874724	165
13	0.75	0.0	0.0	-0.0571003838524	1.74402634162	0.363173777752	-0.0448431809714	1.71635638083	1.53547566679	166
13	0.75	0.25	0.0	-0.647324160168	1.76914395692	0.373289601753	-0.592315885003	1.74044813978	1.52719704436	167
13	0.75	0.5	0.0	-1.19757551635	1.99917559473	0.403513063627	-1.14799967019	1.92143204538	1.5173125861	168
13	0.75	0.75	0.0	-1.69958807619	2.24621896221	0.415931021833	-1.67716828141	2.08437842452	1.53234395411	169
13	0.75	1.0	0.0	-2.1450954635	2.32237176653	0.372630334834	-2.1450954635	2.0543576041	1.59881281052	170
13	1.0	0.0	0.0	-0.000910952	2.003834339	0.26015283	-0.0562501529796	2.01282220865	1.19797810569	171
13	1.0	0.25	0.0	-0.60996207034	2.02429353799	0.256298110582	-0.570988936547	2.03391109292	1.17039520874	172
13	1.0	0.5	0.0	-1.16823357901	2.2577247395	0.269801191489	-1.11694409683	2.18108582991	1.14145605386	173
13	1.0	0.75	0.0	-1.67286353618	2.52333551851	0.274663384151	-1.64873724694	2.33874423918	1.15771380067	174
13	1.0	1.0	0.0	-2.12099	2.64033345	0.244886	-2.12099	2.39128414031	1.26572160874	175
14	0.0	0.0	0.0	-0.000910952	2.003834339	0.26015283	-0.0562501529796	2.01282220865	1.19797810569	176
14	0.0	0.25	0.0	-0.60996207034	2.02429353799	0.256298110582	-0.570988936547	2.03391109292	1.17039520874	177
14	0.0	0.5	0.0	-1.16823357901	2.2577247395	0.269801191489	-1.11694409683	2.18108582991	1.14145605386	178
14	0.0	0.75	0.0	-1.67286353618	2.52333551851	0.274663384151	-1.64873724694	2.33874423918	1.15771380067	179
14	0.0	1.0	0.0	-2.12099	2.64033345	0.244886	-2.12099	2.39128414031	1.26572160874	180
14	0.25	0.0	0.0	0.0271206206704	2.10946059443	0.114620127119	-0.068243105389	2.14287580072	0.888793288516	181
14	0.25	0.25	0.0	-0.581642375313	2.10646083698	0.0907136682592	-0.547367616381	2.13735294225	0.847411279631	182
14	0.25	0.5	0.0	-1.14417430276	2.31871869572	0.067745928373	-1.07712471552	2.23291549192	0.797770094412	183
14	0.25	0.75	0.0	-1.65302311335	2.57825100632	0.0385738896474	-1.61056442294	2.37011550833	0.791395031839	184
14	0.25	1.0	0.0	-2.10073675875	2.71707460445	-0.00394546573046	-2.10073675875	2.48950505007	0.87981139089	185
14	0.5	0.0	0.0	0.0513187222996	2.17856399233	-0.128388605113	-0.0744306819156	2.2512193754	0.447590937113	186
14	0.5	0.25	0.0	-0.552633916402	2.12065418447	-0.163745725476	-0.539615285301	2.19172747458	0.402191986379	187
14	0.5	0.5	0.0	-1.12286485899	2.29312045146	-0.212707002715	-1.05255592252	2.24094865374	0.350961647822	188
14	0.5	0.75	0.0	-1.6378119023	2.50721740208	-0.268818528238	-1.57680447974	2.33528784951	0.329340336649	189
14	0.5	1.0	0.0	-2.07591284317	2.57419964513	-0.325626393454	-2.07591284317	2.41114999849	0.372768468066	190
14	0.75	0.0	0.0	0.069172204029	2.20258130107	-0.383782534288	-0.0777158257781	2.32143643527	0.005414008241	191
14	0.75	0.25	0.0	-0.526247187448	2.08281145523	-0.422867626852	-0.543135397528	2.1982194036	-0.0444738222365	192
14	0.75	0.5	0.0	-1.10219004644	2.19804400737	-0.489461618992	-1.03986752403	2.19996338677	-0.0983757380292	193
14	0.75	0.75	0.0	-1.6229535827	2.34330403997	-0.561619781008	-1.54930359647	2.23984285709	-0.131289146801	194
14	0.75	1.0	0.0	-2.052835006	2.3136166355	-0.617397383201	-2.052835006	2.23103228687	-0.118211456216	195
14	1.0	0.0	0.0	0.078169917	2.172949289	-0.566470828	-0.0810014801949	2.33711048293	-0.30669454134	196
14	1.0	0.25	0.0	-0.505792682294	2.00887052402	-0.602439592098	-0.553331407281	2.15801344301	-0.371797297428	197
14	1.0	0.5	0.0	-1.08003466385	2.05060336412	-0.680421937674	-1.0356893263	2.10473776241	-0.44964851526	198
14	1.0	0.75	0.0	-1.60417183423	2.11958025415	-0.753935780163	-1.52990795222	2.08936212546	-0.493332280407	199
14	1.0	1.0	0.0	-2.03782	2.037233639	-0.776499035	-2.03782	2.02396521651	-0.455932678439	200
17	0.0	0.0	0.0	4.654147594	2.3162388	-0.230615834	4.73600415918	2.89877888307	0.469336978838	201
17	0.0	0.25	0.0	3.93055301404	2.70769469548	-0.263733906644	4.05114071699	3.24758506397	0.43383300624	202
17	0.0	0.5	0.0	3.35183150054	3.25568526664	-0.262000877856	3.37371382757	3.70040756528	0.404957096491	203
17	0.0	0.75	0.0	2.81091583527	3.71784845073	-0.257543332639	2.69956728266	4.06873896119	0.357694645054	204
17	0.0	1.0	0.0	2.2007388	3.851822185	-0.282487856	2.02454487401	4.16407182586	0.267031047392	205
17	0.25	0.0	0.0	4.64567409954	2.29367544868	-0.374645308556	4.75522757393	2.89870004869	0.237202010322	206
17	0.25	0.25	0.0	3.93232874506	2.68876492291	-0.434095208275	4.086995965	3.26093644581	0.164686610183	207
17	0.25	0.5	0.0	3.34351658744	3.21348677688	-0.474009959415	3.42705738698	3.70590032317	0.0937583491007	208
17	0.25	0.75	0.0	2.79214061094	3.65004802836	-0.508595299105	2.76621341496	4.06121947628	0.0159770411778	209
17	0.25	1.0	0.0	2.19110379984	3.7806556951	-0.552056964471	2.09526562402	4.15452170065	-0.0770974994844	210
17	0.5	0.0	0.0	4.61053827419	2.26308405834	-0.565842887851	4.76244735926	2.89385756296	-0.0690577356196	211
17	0.5	0.25	0.0	3.91216784	2.64846178022	-0.641287144543	4.10870966542	3.25289440222	-0.169887198236	212
17	0.5	0.5	0.0	3.29872518054	3.13669812542	-0.711108164478	3.46490726102	3.68596498687	-0.268589552056	213
17	0.5	0.75	0.0	2.73026178839	3.52545120838	-0.776551448959	2.82460228613	4.01485712363	-0.369672832987	214
17	0.5	1.0	0.0	2.16682915612	3.61237914355	-0.838862499286	2.1813568808	4.06135861921	-0.477645076936	215
17	0.75	0.0	0.0	4.56815180575	2.22439471834	-0.74961500397	4.76375907287	2.87473370699	-0.367990426715	216
17	0.75	0.25	0.0	3.88825763118	2.5886908581	-0.836207054802	4.12390503047	3.21773306808	-0.4951770507	217
17	0.75	0.5	0.0	3.25070333081	3.02438425344	-0.933980095905	3.4947838051	3.62514281776	-0.622532029763	218
17	0.75	0.75	0.0	2.66388947487	3.3515802657	-1.02788510679	2.87163518892	3.9163619707	-0.748903978742	219
17	0.75	1.0	0.0	2.13621663359	3.39038425622	-1.10287306696	2.24969897408	3.91078954156	-0.873141512479	220
17	1.0	0.0	0.0	4.537926382	2.177537518	-0.871368089	4.76525827242	2.83181076189	-0.578144230693	221
17	1.0	0.25	0.0	3.8787854509	2.5113577472	-0.969752278406	4.14020527239	3.14972657825	-0.736471578891	222
17	1.0	0.5	0.0	3.2326970892	2.87561010211	-1.10331035656	3.52420737461	3.5079750772	-0.908514506801	223
17	1.0	0.75	0.0	2.63163377765	3.13595747521	-1.22906959718	2.90421341603	3.75244408496	-1.07136539739	224
17	1.0	1.0	0.0	2.107567997	3.158062759	-1.304057274	2.2671722336	3.72902142772	-1.20211663363	225
18	0.0	0.0	0.0	2.2007388	3.851822185	-0.282487856	2.02454487401	4.16407182586	0.267031047392	226
18	0.0	0.25	0.0	1.65105557539	3.60930116941	-0.35324347537	1.45388006635	3.88888984531	0.124693115583	227
18	0.0	0.5	0.0	1.188858787	3.16800578535	-0.44815605082	0.954747982391	3.37441680664	-0.0484557591454	228
18	0.0	0.75	0.0	0.701959784358	2.64890037712	-0.53123027186	0.464127755691	2.79803094185	-0.207292627788	229
18	0.0	1.0	0.0	0.078169917	2.172949289	-0.566470828	-0.0810014801949	2.33711048293	-0.30669454134	230
18	0.25	0.0	0.0	2.19110379984	3.7806556951	-0.552056964471	2.09526562402	4.15452170065	-0.0770974994844	231
18	0.25	0.25	0.0	1.64597489235	3.53158568828	-0.617026330467	1.51005372942	3.88191185366	-0.210722251685	232
18	0.25	0.5	0.0	1.17332173115	3.06290449275	-0.692362615753	0.989452136029	3.36239579974	-0.381990221228	233
18	0.25	0.75	0.0	0.681673713236	2.52097046815	-0.747885416859	0.479080973961	2.76969223566	-0.539332273243	234
18	0.25	1.0	0.0	0.0795602355902	2.05214197414	-0.753414330313	-0.075439626677	2.27751985822	-0.631179272861	235
18	0.5	0.0	0.0	2.16682915612	3.61237914355	-0.838862499286	2.1813568808	4.06135861921	-0.477645076936	236
18	0.5	0.25	0.0	1.65012476218	3.33109549564	-0.903506825829	1.58793059475	3.75391812768	-0.626116979174	237
18	0.5	0.5	0.0	1.16266187101	2.84548788244	-0.963885985934	1.03253476584	3.23472056922	-0.81098458756	238
18	0.5	0.75	0.0	0.655166256017	2.3054102254	-0.997828098963	0.493168334188	2.65203318988	-0.970396234865	239
18	0.5	1.0	0.0	0.0783636906301	1.86071644597	-0.98316128428	-0.0521697601026	2.15412323571	-1.04250025386	240
18	0.75	0.0	0.0	2.13621663359	3.39038425622	-1.10287306696	2.24969897408	3.91078954156	-0.873141512479	241
18	0.75	0.25	0.0	1.65072325153	3.07942837528	-1.16189291512	1.64981273203	3.56676665831	-1.03901555748	242
18	0.75	0.5	0.0	1.15596917301	2.57933757524	-1.20797322947	1.07382810138	3.04613408498	-1.24168804207	243
18	0.75	0.75	0.0	0.637350377785	2.04641085784	-1.22406868379	0.519112836454	2.47692688823	-1.40324989826	244
18	0.75	1.0	0.0	0.080262845605	1.63694722483	-1.19313395186	-0.016965308438	1.98718013474	-1.44579205807	245
18	1.0	0.0	0.0	2.107567997	3.158062759	-1.304057274	2.2671722336	3.72902142772	-1.20211663363	246
18	1.0	0.25	0.0	1.63498842704	2.84818211102	-1.34139255199	1.65800221094	3.3823154365	-1.36694247718	247
18	1.0	0.5	0.0	1.15233360361	2.32803519194	-1.36987141446	1.1031643722	2.8513793169	-1.58034976867	248
18	1.0	0.75	0.0	0.643139043625	1.78816357438	-1.36961753694	0.569637480838	2.27624641444	-1.74065864904	249
18	1.0	1.0	0.0	0.090940264	1.419108831	-1.320754595	0.0244003003502	1.79695007465	-1.74618925921	250
19	0.0	0.0	0.0	4.537926382	2.177537518	-0.871368089	4.76525827242	2.83181076189	-0.578144230693	251
19	0.0	0.25	0.0	3.8787854509	2.5113577472	-0.969752278406	4.14020527239	3.14972657825	-0.736471578891	252
19	0.0	0.5	0.0	3.2326970892	2.87561010211	-1.10331035656	3.52420737461	3.5079750772	-0.908514506801	253
19	0.0	0.75	0.0	2.63163377765	3.13595747521	-1.22906959718	2.90421341603	3.75244408496	-1.07136539739	254
19	0.0	1.0	0.0	2.107567997	3.158062759	-1.304057274	2.2671722336	3.72902142772	-1.20211663363	255
19	0.25	0.0	0.0	4.48858144838	2.06207789854	-0.990050994751	4.77753587647	2.7133102228	-0.815060519926	256
19	0.25	0.25	0.0	3.85738144478	2.35830090581	-1.07584298329	4.16900180306	3.00502172348	-0.984454826751	257
19	0.25	0.5	0.0	3.21633196201	2.6599294203	-1.20985270902	3.54428371391	3.3084282589	-1.17223499232	258
19	0.25	0.75	0.0	2.61139827377	2.87058085819	-1.33889863807	2.9077261191	3.50957146951	-1.34798475482	259
19	0.25	1.0	0.0	2.08854565373	2.89387263567	-1.40979923653	2.26367352875	3.49449299577	-1.48128785247	260
19	0.5	0.0	0.0	4.40784096587	1.88147425144	-1.13584935453	4.79651730421	2.534888128	-1.11709327443	261
19	0.5	0.25	0.0	3.80492450239	2.13482091796	-1.17999876542	4.20412591885	2.80135983655	-1.26634226646	262
19	0.5	0.5	0.0	3.17101056061	2.39873040836	-1.26136169188	3.54830333752	3.06034123078	-1.42395185628	263
19	0.5	0.75	0.0	2.57511218162	2.57944591855	-1.35319771361	2.89044257925	3.22322673667	-1.58097359204	264
19	0.5	1.0	0.0	2.08624240651	2.58321064444	-1.4287664103	2.29193666309	3.20141078023	-1.72845902192	265
19	0.75	0.0	0.0	4.32754450368	1.68513217163	-1.27702184905	4.80959745229	2.33541867344	-1.41311078293	266
19	0.75	0.25	0.0	3.75308039306	1.89149099416	-1.27812529709	4.23830873488	2.57336380962	-1.53840457507	267
19	0.75	0.5	0.0	3.13305273172	2.11198919761	-1.29712735963	3.56041425324	2.78203559993	-1.66067195837	268
19	0.75	0.75	0.0	2.55379183045	2.25324023797	-1.34270798122	2.89175056474	2.89618442708	-1.79472843991	269
19	0.75	1.0	0.0	2.10162800003	2.22185757124	-1.42354710642	2.34815422674	2.85056067376	-1.95538952677	270
19	1.0	0.0	0.0	4.279531631	1.522457254	-1.381827159	4.80417121741	2.1537760551	-1.63198133417	271
19	1.0	0.25	0.0	3.73351488614	1.67888434489	-1.36612825061	4.26428136628	2.35565653483	-1.75691242965	272
19	1.0	0.5	0.0	3.13877832207	1.81968191935	-1.35643976676	3.60476446888	2.49183297347	-1.8794021583	273
19	1.0	0.75	0.0	2.57845354946	1.88265139814	-1.37817059828	2.95103784385	2.53121908141	-2.01364582929	274
19	1.0	1.0	0.0	2.135672179	1.805594202	-1.456729636	2.42851880981	2.44272856903	-2.1738387518	275
20	0.0	0.0	0.0	2.107567997	3.158062759	-1.304057274	2.2671722336	3.72902142772	-1.20211663363	276
20	0.0	0.25	0.0	1.63498842704	2.84818211102	-1.34139255199	1.65800221094	3.3823154365	-1.36694247718	277
20	0.0	0.5	0.0	1.15233360361	2.32803519194	-1.36987141446	1.1031643722	2.8513793169	-1.58034976867	278
20	0.0	0.75	0.0	0.643139043625	1.78816357438	-1.36961753694	0.569637480838	2.27624641444	-1.74065864904	279
20	0.0	1.0	0.0	0.090940264	1.419108831	-1.320754595	0.0244003003502	1.79695007465	-1.74618925921	280
20	0.25	0.0	0.0	2.08854565373	2.89387263567	-1.40979923653	2.26367352875	3.49449299577	-1.48128785247	281
20	0.25	0.25	0.0	1.62466353811	2.5973093307	-1.43702515933	1.66754857758	3.16679781028	-1.64334599633	282
20	0.25	0.5	0.0	1.15729698743	2.06604886716	-1.45500766854	1.1416725157	2.62220531559	-1.84752994843	283
20	0.25	0.75	0.0	0.658819349304	1.52066743091	-1.4486380012	0.62482216804	2.02778519857	-1.98962782727	284
20	0.25	1.0	0.0	0.101603971338	1.18174120779	-1.40280739431	0.0557743595308	1.55060714607	-1.96542775138	285
20	0.5	0.0	0.0	2.08624240651	2.58321064444	-1.4287664103	2.29193666309	3.20141078023	-1.72845902192	286
20	0.5	0.25	0.0	1.6437155911	2.2781652902	-1.48192623687	1.73949986628	2.87582614464	-1.90941915665	287
20	0.5	0.5	0.0	1.1735704642	1.75698749405	-1.51012430775	1.20559071591	2.32296207345	-2.09432107509	288
20	0.5	0.75	0.0	0.663924132763	1.2297016841	-1.51772272887	0.659562014474	1.71950832278	-2.20761653573	289
20	0.5	1.0	0.0	0.102893703711	0.906332288445	-1.50908360615	0.0707665645043	1.24215464875	-2.17375729702	290
20	0.75	0.0	0.0	2.10162800003	2.22185757124	-1.42354710642	2.34815422674	2.85056067376	-1.95538952677	291
20	0.75	0.25	0.0	1.67337319595	1.90967349611	-1.51094123386	1.83177409334	2.52186868399	-2.15036542217	292
20	0.75	0.5	0.0	1.18970592845	1.42491475245	-1.55830995663	1.26774526854	1.97792622547	-2.30702673144	293
20	0.75	0.75	0.0	0.661600215218	0.942394358215	-1.58941699385	0.676688880897	1.38956174777	-2.38754374955	294
20	0.75	1.0	0.0	0.100030073979	0.636925331383	-1.62802606466	0.0792260589568	0.92760370042	-2.35408677149	295
20	1.0	0.0	0.0	2.135672179	1.805594202	-1.456729636	2.42851880981	2.44272856903	-2.1738387518	296
20	1.0	0.25	0.0	1.69486496263	1.51075745507	-1.55891559955	1.90228927503	2.11739367271	-2.35138825693	297
20	1.0	0.5	0.0	1.19425527468	1.09389432223	-1.62265323974	1.30096246933	1.61137440664	-2.47195050023	298
20	1.0	0.75	0.0	0.654994417885	0.685873477532	-1.67626607006	0.679034628065	1.0760914342	-2.52232844391	299
20	1.0	1.0	0.0	0.098233695	0.417563595	-1.748077604	0.0910019865744	0.662965418801	-2.48932505016	300
25	0.0	0.0	0.0	4.279531631	1.522457254	-1.381827159	4.80417121741	2.1537760551	-1.63198133417	301
25	0.0	0.25	0.0	3.73351488614	1.67888434489	-1.36612825061	4.26428136628	2.35565653483	-1.75691242965	302
25	0.0	0.5	0.0	3.13877832207	1.81968191935	-1.35643976676	3.60476446888	2.49183297347	-1.8794021583	303
25	0.0	0.75	0.0	2.57845354946	1.88265139814	-1.37817059828	2.95103784385	2.53121908141	-2.01364582929	304
25	0.0	1.0	0.0	2.135672179	1.805594202	-1.456729636	2.42851880981	2.44272856903	-2.1738387518	305
25	0.25	0.0	0.0	4.23754687739	0.979983434071	-1.60698003948	4.73341028715	1.47926844166	-2.03254354951	306
25	0.25	0.25	0.0	3.74775459894	1.02947681948	-1.61953896357	4.25666436384	1.5791066193	-2.19865387064	307
25	0.25	0.5	0.0	3.20729809368	0.981559595533	-1.62909321877	3.67836002235	1.55264574953	-2.36050316196	308
25	0.25	0.75	0.0	2.67353242529	0.86723632214	-1.6548322844	3.07961244263	1.43582900504	-2.50461422405	309
25	0.25	1.0	0.0	2.20381265744	0.717511559211	-1.71594563981	2.54153680464	1.26459955856	-2.61750985748	310
25	0.5	0.0	0.0	4.23101509429	0.256226931962	-1.78850085844	4.66193410734	0.587435106182	-2.255996423	311
25	0.5	0.25	0.0	3.75919294561	0.23124662549	-1.84804844715	4.18514563961	0.591928059849	-2.44945234701	312
25	0.5	0.5	0.0	3.22297495616	0.111618462641	-1.9036283788	3.61511343174	0.484000065926	-2.61717265461	313
25	0.5	0.75	0.0	2.68387434483	-0.0516261912587	-1.95891693549	3.02474119304	0.313144915359	-2.74252782774	314
25	0.5	1.0	0.0	2.2034043305	-0.207455970884	-2.01759039932	2.48693263282	0.128856399092	-2.80888834839	315
25	0.75	0.0	0.0	4.24333906905	-0.484508366628	-1.88562909843	4.62710556918	-0.295274329404	-2.27675158663	316
25	0.75	0.25	0.0	3.76982119142	-0.567102791865	-1.9883211539	4.12905726777	-0.364195968693	-2.47924578366	317
25	0.75	0.5	0.0	3.21723147249	-0.708319981301	-2.08760270122	3.53939156009	-0.506636385303	-2.63706503764	318
25	0.75	0.75	0.0	2.66092064153	-0.870483789752	-2.17267237739	2.93741910166	-0.681993813554	-2.74075690912	319
25	0.75	1.0	0.0	2.17623942781	-1.01591807204	-2.23272881943	2.40245054801	-0.849666487767	-2.78086895865	320
25	1.0	0.0	0.0	4.257921589	-1.077918576	-1.857604242	4.66628756386	-0.942410243155	-2.06922067238	321
25	1.0	0.25	0.0	3.78163060165	-1.21686798736	-1.97702153635	4.16773132256	-1.04758229149	-2.25797210549	322
25	1.0	0.5	0.0	3.22149020568	-1.39643423827	-2.08857364038	3.57556127046	-1.21179591213	-2.40783471247	323
25	1.0	0.75	0.0	2.65611264887	-1.58588412104	-2.17834643597	2.96864117507	-1.39474780761	-2.5126717369	324
25	1.0	1.0	0.0	2.164110179	-1.754484428	-2.232425805	2.42583480387	-1.55613468041	-2.56634642236	325
26	0.0	0.0	0.0	2.135672179	1.805594202	-1.456729636	2.42851880981	2.44272856903	-2.1738387518	326
26	0.0	0.25	0.0	1.69486496263	1.51075745507	-1.55891559955	1.90228927503	2.11739367271	-2.35138825693	327
26	0.0	0.5	0.0	1.19425527468	1.09389432223	-1.62265323974	1.30096246933	1.61137440664	-2.47195050023	328
26	0.0	0.75	0.0	0.654994417885	0.685873477532	-1.67626607006	0.679034628065	1.0760914342	-2.52232844391	329
26	0.0	1.0	0.0	0.098233695	0.417563595	-1.748077604	0.0910019865744	0.662965418801	-2.48932505016	330
26	0.25	0.0	0.0	2.20381265744	0.717511559211	-1.71594563981	2.54153680464	1.26459955856	-2.61750985748	331
26	0.25	0.25	0.0	1.70408450294	0.493811826127	-1.79716055425	1.94710521628	0.97162759983	-2.6976786014	332
26	0.25	0.5	0.0	1.16408586822	0.222114687855	-1.85988712135	1.29545869131	0.583345175277	-2.73121040835	333
26	0.25	0.75	0.0	0.609140889821	-0.0304330226469	-1.92138540176	0.660382696178	0.205039241139	-2.72397035927	334
26	0.25	1.0	0.0	0.0645737042803	-0.196684472423	-1.99891545614	0.115662697356	-0.0580032463493	-2.68182353508	335
26	0.5	0.0	0.0	2.2034043305	-0.207455970884	-2.01759039932	2.48693263282	0.128856399092	-2.80888834839	336
26	0.5	0.25	0.0	1.68455200848	-0.402866672828	-2.06727531345	1.89521870223	-0.126054751265	-2.82306625337	337
26	0.5	0.5	0.0	1.11255933106	-0.642110489712	-2.09121719576	1.25079149984	-0.443468163681	-2.80179876601	338
26	0.5	0.75	0.0	0.531866270783	-0.856291056488	-2.10792097882	0.628358655989	-0.735042880558	-2.75763228485	339
26	0.5	1.0	0.0	-0.0130871998136	-0.976512008112	-2.1358915952	0.102627801012	-0.9124379443	-2.70311320844	340
26	0.75	0.0	0.0	2.17623942781	-1.01591807204	-2.23272881943	2.40245054801	-0.849666487767	-2.78086895865	341
26	0.75	0.25	0.0	1.65447063097	-1.20678860225	-2.25461512337	1.83123360165	-1.06735525203	-2.76473619768	342
26	0.75	0.5	0.0	1.05750214452	-1.45168868518	-2.23796369375	1.20164994438	-1.33767559482	-2.71477440934	343
26	0.75	0.75	0.0	0.45185778451	-1.66707150847	-2.20368938828	0.585737861916	-1.57941499389	-2.6470374777	344
26	0.75	1.0	0.0	-0.0959386330008	-1.76939025974	-2.17270706467	0.0555356399925	-1.71136092698	-2.57757928682	345
26	1.0	0.0	0.0	2.164110179	-1.754484428	-2.232425805	2.42583480387	-1.55613468041	-2.56634642236	346
26	1.0	0.25	0.0	1.6320435221	-1.94546452258	-2.24453523027	1.83975378334	-1.74397577393	-2.55987341917	347
26	1.0	0.5	0.0	1.0167407899	-2.15952737327	-2.22144684612	1.18272307437	-1.96788710273	-2.50119617451	348
26	1.0	0.75	0.0	0.397802654742	-2.33814526307	-2.17650721716	0.535295668375	-2.16333716185	-2.41590919488	349
26	1.0	1.0	0.0	-0.145170211	-2.422790475	-2.123062908	-0.0219754432515	-2.26579444632	-2.3296069868	350
27	0.0	0.0	0.0	4.257921589	-1.077918576	-1.857604242	4.66628756386	-0.942410243155	-2.06922067238	351
27	0.0	0.25	0.0	3.78163060165	-1.21686798736	-1.97702153635	4.16773132256	-1.04758229149	-2.25797210549	352
27	0.0	0.5	0.0	3.22149020568	-1.39643423827	-2.08857364038	3.57556127046	-1.21179591213	-2.40783471247	353
27	0.0	0.75	0.0	2.65611264887	-1.58588412104	-2.17834643597	2.96864117507	-1.39474780761	-2.5126717369	354
27	0.0	1.0	0.0	2.164110179	-1.754484428	-2.232425805	2.42583480387	-1.55613468041	-2.56634642236	355
27	0.25	0.0	0.0	4.31985638776	-1.5006991461	-1.68639429321	4.69614054381	-1.36034676283	-1.6320518145	356
27	0.25	0.25	0.0	3.83593141654	-1.68815647959	-1.78983783893	4.20432247441	-1.48834785111	-1.79698817635	357
27	0.25	0.5	0.0	3.26996218936	-1.90893137068	-1.87587069558	3.62219336576	-1.68044445092	-1.93153662645	358
27	0.25	0.75	0.0	2.6928573416	-2.13229991297	-1.93990552883	3.01903427605	-1.88824147472	-2.03693971119	359
27	0.25	1.0	0.0	2.17552550863	-2.32753820008	-1.97735500435	2.46412626347	-2.06334383493	-2.11443997695	360
27	0.5	0.0	0.0	4.44097363437	-1.97590116609	-1.37594973395	4.67244234582	-1.82936700106	-0.944469361885	361
27	0.5	0.25	0.0	3.93812401995	-2.21461165111	-1.44279684515	4.17401932553	-1.99955737859	-1.07563763498	362
27	0.5	0.5	0.0	3.35245793026	-2.46643035802	-1.48050650896	3.59476757742	-2.23348328546	-1.17127788598	363
27	0.5	0.75	0.0	2.74758340166	-2.70663215647	-1.49967021444	2.99328230135	-2.47746796993	-1.25259317766	364
27	0.5	1.0	0.0	2.18710847052	-2.91049191608	-1.51087945064	2.42815869716	-2.67783468027	-1.34078657277	365
27	0.75	0.0	0.0	4.54713162605	-2.35935243278	-0.996774401216	4.62462361543	-2.19283429725	-0.199875492065	366
27	0.75	0.25	0.0	4.02606893632	-2.6392998465	-1.01612972866	4.11760316096	-2.40672384879	-0.288449202158	367
27	0.75	0.5	0.0	3.41770921829	-2.90956822815	-0.999443837063	3.53630572292	-2.67920455097	-0.339173661176	368
27	0.75	0.75	0.0	2.78354449498	-3.15439214536	-0.970670791451	2.93271377505	-2.95842042389	-0.389046965347	369
27	0.75	1.0	0.0	2.18506678941	-3.35800616579	-0.953764656857	2.35880979109	-3.19251548761	-0.475067210901	370
27	1.0	0.0	0.0	4.56418866	-2.506880743	-0.619372132	4.58211499817	-2.29411199083	0.408327617424	371
27	1.0	0.25	0.0	4.03762669005	-2.80528741036	-0.590067663119	4.07585526575	-2.53536023653	0.370048401313	372
27	1.0	0.5	0.0	3.41444784333	-3.07898200888	-0.529645436423	3.48982961972	-2.8259003827	0.352660877854	373
27	1.0	0.75	0.0	2.76399428745	-3.32109117347	-0.465937558516	2.87865722124	-3.12709196727	0.324284096711	374
27	1.0	1.0	0.0	2.15560819	-3.524741539	-0.426776136	2.29695723143	-3.40029452817	0.253037107546	375
28	0.0	0.0	0.0	2.164110179	-1.754484428	-2.232425805	2.42583480387	-1.55613468041	-2.56634642236	376
28	0.0	0.25	0.0	1.6320435221	-1.94546452258	-2.24453523027	1.83975378334	-1.74397577393	-2.55987341917	377
28	0.0	0.5	0.0	1.0167407899	-2.15952737327	-2.22144684612	1.18272307437	-1.96788710273	-2.50119617451	378
28	0.0	0.75	0.0	0.397802654742	-2.33814526307	-2.17650721716	0.535295668375	-2.16333716185	-2.41590919488	379
28	0.0	1.0	0.0	-0.145170211	-2.422790475	-2.123062908	-0.0219754432515	-2.26579444632	-2.3296069868	380
28	0.25	0.0	0.0	2.17552550863	-2.32753820008	-1.97735500435	2.46412626347	-2.06334383493	-2.11443997695	381
28	0.25	0.25	0.0	1.62104488791	-2.52562169649	-1.98894011726	1.85411866746	-2.24500412952	-2.13614289967	382
28	0.25	0.5	0.0	0.991323575589	-2.72735326244	-1.97775662453	1.16179957323	-2.45087257452	-2.09019213822	383
28	0.25	0.75	0.0	0.365442557857	-2.88894457647	-1.94828215341	0.477219857129	-2.62538906136	-2.00955672811	384
28	0.25	1.0	0.0	-0.177517179102	-2.96660731709	-1.90499433116	-0.109569604469	-2.71299348151	-1.92720570486	385
28	0.5	0.0	0.0	2.18710847052	-2.91049191608	-1.51087945064	2.42815869716	-2.67783468027	-1.34078657277	386
28	0.5	0.25	0.0	1.60711312959	-3.11261756626	-1.5193211221	1.81528355671	-2.86084799272	-1.40349737941	387
28	0.5	0.5	0.0	0.963733017484	-3.3213539644	-1.51899974652	1.11296606551	-3.05308334497	-1.40845919407	388
28	0.5	0.75	0.0	0.328868030517	-3.48533998528	-1.50686213354	0.411501976304	-3.20793567962	-1.37694073945	389
28	0.5	1.0	0.0	-0.225581935009	-3.55321450369	-1.47985509281	-0.198812958169	-3.2787999393	-1.3302107382	390
28	0.75	0.0	0.0	2.18506678941	-3.35800616579	-0.953764656857	2.35880979109	-3.19251548761	-0.475067210901	391
28	0.75	0.25	0.0	1.58847817421	-3.56252485064	-0.95662500352	1.75379254406	-3.38897126794	-0.573505361162	392
28	0.75	0.5	0.0	0.937710358032	-3.78309535731	-0.964358399466	1.05779077869	-3.57458754674	-0.639995371566	393
28	0.75	0.75	0.0	0.297616689214	-3.95444497732	-0.96832517653	0.35531056872	-3.7127392181	-0.671546256375	394
28	0.75	1.0	0.0	-0.266949483912	-4.0113010022	-0.959885666548	-0.269142012076	-3.76680117611	-0.665167029848	395
28	1.0	0.0	0.0	2.15560819	-3.524741539	-0.426776136	2.29695723143	-3.40029452817	0.253037107546	396
28	1.0	0.25	0.0	1.56336994884	-3.73141626835	-0.42179852028	1.70018972253	-3.6268378596	0.142264652269	397
28	1.0	0.5	0.0	0.916996839686	-3.95414331933	-0.433014770746	1.01784194023	-3.81545331251	0.0312012998083	398
28	1.0	0.75	0.0	0.281226150438	-4.1233730404	-0.448749301339	0.325814177193	-3.94156187828	-0.0468583063741	399
28	1.0	1.0	0.0	-0.279204831	-4.16955578	-0.457326526	-0.299993273913	-3.98058454832	-0.0586195228143	400
33	0.0	0.0	0.0	4.56418866	-2.506880743	-0.619372132	4.58211499817	-2.29411199083	0.408327617424	401
33	0.0	0.25	0.0	4.03762669005	-2.80528741036	-0.590067663119	4.07585526575	-2.53536023653	0.370048401313	402
33	0.0	0.5	0.0	3.41444784333	-3.07898200888	-0.529645436423	3.48982961972	-2.8259003827	0.352660877854	403
33	0.0	0.75	0.0	2.76399428745	-3.32109117347	-0.465937558516	2.87865722124	-3.12709196727	0.324284096711	404
33	0.0	1.0	0.0	2.15560819	-3.524741539	-0.426776136	2.29695723143	-3.40029452817	0.253037107546	405
33	0.25	0.0	0.0	4.44557474131	-2.3145934175	-0.22659141929	4.50088194882	-2.07874000279	0.957047718621	406
33	0.25	0.25	0.0	3.93079734403	-2.60119977397	-0.152411611015	4.0013788399	-2.32973557391	0.97718586659	407
33	0.25	0.5	0.0	3.31556319925	-2.87479181043	-0.0606866119646	3.4185487065	-2.63427114858	0.982868659054	408
33	0.25	0.75	0.0	2.67523492739	-3.12168847821	0.0253816775857	2.81124980306	-2.95344396242	0.967490196117	409
33	0.25	1.0	0.0	2.08517514887	-3.32820872864	0.0825913573597	2.23834038405	-3.24835125105	0.924444577883	410
33	0.5	0.0	0.0	4.25988768213	-1.87533712279	0.136672341239	4.35844567571	-1.68952195166	1.48677445188	411
33	0.5	0.25	0.0	3.75990534577	-2.13002963587	0.256749707626	3.85717263875	-1.93604202028	1.57296121084	412
33	0.5	0.5	0.0	3.16846272283	-2.40532072432	0.396233870333	3.28582868195	-2.25796791579	1.63160445097	413
33	0.5	0.75	0.0	2.55567023677	-2.66473169866	0.523999038856	2.70001678051	-2.59361526135	1.66339013415	414
33	0.5	1.0	0.0	1.991638311	-2.87178386938	0.608919422694	2.15533990963	-2.88129968014	1.66900422222	415
33	0.75	0.0	0.0	4.08778056514	-1.33368876919	0.428265691899	4.206236926	-1.23750240811	1.91304247085	416
33	0.75	0.25	0.0	3.59538510393	-1.55291068879	0.590452460399	3.69476738537	-1.46405050735	2.05835585669	417
33	0.75	0.5	0.0	3.02796803973	-1.82218541269	0.777981753563	3.13344785241	-1.78562615248	2.17958751152	418
33	0.75	0.75	0.0	2.4457916863	-2.08611020172	0.94782320409	2.57059190451	-2.1208736183	2.26954316258	419
33	0.75	1.0	0.0	1.90911835737	-2.28928231668	1.05694644468	2.05451311907	-2.38843717962	2.32102853711	420
33	1.0	0.0	0.0	4.009906473	-0.834225267	0.606035175	4.09568644685	-0.833725942773	2.15138642917	421
33	1.0	0.25	0.0	3.50767102719	-1.03097662548	0.801732814899	3.56569380282	-1.02353196679	2.3343512268	422
33	1.0	0.5	0.0	2.94890077557	-1.27700253766	1.02142278082	3.00318452421	-1.30588132679	2.50753709862	423
33	1.0	0.75	0.0	2.38609074667	-1.52171335427	1.21476285208	2.44860892602	-1.60848678752	2.64350853319	424
33	1.0	1.0	0.0	1.871735969	-1.714519426	1.331410808	1.94241732328	-1.85906111369	2.71483001909	425
34	0.0	0.0	0.0	2.15560819	-3.524741539	-0.426776136	2.29695723143	-3.40029452817	0.253037107546	426
34	0.0	0.25	0.0	1.56336994884	-3.73141626835	-0.42179852028	1.70018972253	-3.6268378596	0.142264652269	427
34	0.0	0.5	0.0	0.916996839686	-3.95414331933	-0.433014770746	1.01784194023	-3.81545331251	0.0312012998083	428
34	0.0	0.75	0.0	0.281226150438	-4.1233730404	-0.448749301339	0.325814177193	-3.94156187828	-0.0468583063741	429
34	0.0	1.0	0.0	-0.279204831	-4.16955578	-0.457326526	-0.299993273913	-3.98058454832	-0.0586195228143	430
34	0.25	0.0	0.0	2.08517514887	-3.32820872864	0.0825913573597	2.23834038405	-3.24835125105	0.924444577883	431
34	0.25	0.25	0.0	1.51798207483	-3.52634980144	0.105760137408	1.66318786815	-3.49132367499	0.836654810198	432
34	0.25	0.5	0.0	0.890839523637	-3.73279691492	0.111759857701	1.0061697223	-3.68762290809	0.722838359691	433
34	0.25	0.75	0.0	0.271948665973	-3.88608927142	0.104053455016	0.335889738886	-3.81229727324	0.634516068009	434
34	0.25	1.0	0.0	-0.27048932749	-3.92476607327	0.0861038661287	-0.279048289728	-3.84039509331	0.623208776802	435
34	0.5	0.0	0.0	1.991638311	-2.87178386938	0.608919422694	2.15533990963	-2.88129968014	1.66900422222	436
34	0.5	0.25	0.0	1.45655532214	-3.04873949516	0.64890067358	1.62091428843	-3.10899265789	1.61505236716	437
34	0.5	0.5	0.0	0.856595200013	-3.2305809234	0.669513596004	1.00183113735	-3.30915541783	1.51087012181	438
34	0.5	0.75	0.0	0.260528877349	-3.36574852275	0.667345489231	0.362562536274	-3.44101700942	1.41603027714	439
34	0.5	1.0	0.0	-0.262872713127	-3.40268266183	0.638983652527	-0.232419434915	-3.46380648214	1.39010562413	440
34	0.75	0.0	0.0	1.90911835737	-2.28928231668	1.05694644468	2.05451311907	-2.38843717962	2.32102853711	441
34	0.75	0.25	0.0	1.40424366245	-2.44472921076	1.10345073715	1.55854109166	-2.59252930226	2.29746814706	442
34	0.75	0.5	0.0	0.829035696586	-2.60344092638	1.12475077486	0.975361109646	-2.79193338056	2.21159273667	443
34	0.75	0.75	0.0	0.25353453591	-2.72335318054	1.1170507541	0.368546882792	-2.9308286873	2.11833199326	444
34	0.75	1.0	0.0	-0.25221974345	-2.76240169023	1.07655487116	-0.198327879141	-2.95339449526	2.07261560418	445
34	1.0	0.0	0.0	1.871735969	-1.714519426	1.331410808	1.94241732328	-1.85906111369	2.71483001909	446
34	1.0	0.25	0.0	1.38620106745	-1.86046280946	1.36523797705	1.46124038609	-2.05461810207	2.70391297379	447
34	1.0	0.5	0.0	0.822932841127	-2.00732250544	1.36197572497	0.897294563447	-2.24783933515	2.64130235474	448
34	1.0	0.75	0.0	0.257533392996	-2.11990563095	1.32909320241	0.316557091878	-2.38483990736	2.56206888858	449
34	1.0	1.0	0.0	-0.234395174	-2.163019303	1.27405956	-0.214994792075	-2.41173491315	2.50128330193	450
35	0.0	0.0	0.0	4.009906473	-0.834225267	0.606035175	4.09568644685	-0.833725942773	2.15138642917	451
35	0.0	0.25	0.0	3.50767102719	-1.03097662548	0.801732814899	3.56569380282	-1.02353196679	2.3343512268	452
35	0.0	0.5	0.0	2.94890077557	-1.27700253766	1.02142278082	3.00318452421	-1.30588132679	2.50753709862	453
35	0.0	0.75	0.0	2.38609074667	-1.52171335427	1.21476285208	2.44860892602	-1.60848678752	2.64350853319	454
35	0.0	1.0	0.0	1.871735969	-1.714519426	1.331410808	1.94241732328	-1.85906111369	2.71483001909	455
35	0.25	0.0	0.0	4.03457911792	-0.250837803715	0.725949451603	4.05805361325	-0.325664526419	2.25130851211	456
35	0.25	0.25	0.0	3.5163199801	-0.419017123693	0.9047514312	3.518518725	-0.470069319032	2.43694688483	457
35	0.25	0.5	0.0	2.94614417067	-0.649982314562	1.09255085964	2.93415119224	-0.701405826219	2.61734217416	458
35	0.25	0.75	0.0	2.37961232603	-0.888307196041	1.252379996	2.35698702933	-0.962131963047	2.75747935765	459
35	0.25	1.0	0.0	1.87228508253	-1.07856558785	1.34727109934	1.83906225062	-1.19470564458	2.82234341285	460
35	0.5	0.0	0.0	4.09779362828	0.445279258762	0.82154376944	4.07688727412	0.353280287799	2.2826220621	461
35	0.5	0.25	0.0	3.57442263065	0.326807003141	0.919281516656	3.54824949661	0.241676841837	2.43676718849	462
35	0.5	0.5	0.0	2.98729475598	0.0843679634749	1.005776676	2.94009196028	0.0208624650005	2.56966101648	463
35	0.5	0.75	0.0	2.40307457329	-0.186489970121	1.07728051262	2.332497142	-0.23341826729	2.6674035679	464
35	0.5	1.0	0.0	1.8884266516	-0.390218907532	1.13004429164	1.80554751864	-0.445420779611	2.71609486458	465
35	0.75	0.0	0.0	4.17031012501	1.12076067811	0.856036420557	4.10553599864	1.08835359473	2.23379210062	466
35	0.75	0.25	0.0	3.64252812766	1.06845299388	0.860438996945	3.58848995254	1.00965941986	2.34366589	467
35	0.75	0.5	0.0	3.04321118307	0.852016201226	0.840933666415	2.9771741884	0.797784580805	2.41853395429	468
35	0.75	0.75	0.0	2.44730082185	0.58529127394	0.823435398973	2.36569335212	0.547659687471	2.46596335221	469
35	0.75	1.0	0.0	1.92973857462	0.382119185801	0.833859164622	1.84815208959	0.354215349767	2.49352114246	470
35	1.0	0.0	0.0	4.222888729	1.642241212	0.792645697	4.09734835597	1.76480048922	2.09328364915	471
35	1.0	0.25	0.0	3.68118561992	1.66787808736	0.743339797745	3.57284392772	1.73183131908	2.16749674158	472
35	1.0	0.5	0.0	3.08475210352	1.57893030347	0.677855267389	3.00156523668	1.56622155513	2.21800131632	473
35	1.0	0.75	0.0	2.5031144051	1.42858948659	0.624815652089	2.44712974773	1.35110728895	2.24584089886	474
35	1.0	1.0	0.0	2.00579875	1.270047263	0.612844498	1.97315492578	1.16962461209	2.25205901465	475
36	0.0	0.0	0.0	1.871735969	-1.714519426	1.331410808	1.94241732328	-1.85906111369	2.71483001909	476
36	0.0	0.25	0.0	1.38620106745	-1.86046280946	1.36523797705	1.46124038609	-2.05461810207	2.70391297379	477
36	0.0	0.5	0.0	0.822932841127	-2.00732250544	1.36197572497	0.897294563447	-2.24783933515	2.64130235474	478
36	0.0	0.75	0.0	0.257533392996	-2.11990563095	1.32909320241	0.316557091878	-2.38483990736	2.56206888858	479
36	0.0	1.0	0.0	-0.234395174	-2.163019303	1.27405956	-0.214994792075	-2.41173491315	2.50128330193	480
36	0.25	0.0	0.0	1.87228508253	-1.07856558785	1.34727109934	1.83906225062	-1.19470564458	2.82234341285	481
36	0.25	0.25	0.0	1.38653555657	-1.21862099371	1.37120331172	1.35182346522	-1.38393493455	2.81613877155	482
36	0.25	0.5	0.0	0.820287915677	-1.35331953636	1.35916721168	0.791205003669	-1.56574309912	2.77763771177	483
36	0.25	0.75	0.0	0.253240215681	-1.45669866359	1.32191285512	0.222229949913	-1.70037375689	2.72153406385	484
36	0.25	1.0	0.0	-0.234909487596	-1.50279582317	1.27019029792	-0.290078612113	-1.74807052649	2.66252165811	485
36	0.5	0.0	0.0	1.8884266516	-0.390218907532	1.13004429164	1.80554751864	-0.445420779611	2.71609486458	486
36	0.5	0.25	0.0	1.38833134804	-0.512356143627	1.16744008512	1.31068829208	-0.604414205707	2.72541895009	487
36	0.5	0.5	0.0	0.813637532643	-0.612661049141	1.19387410021	0.744051503873	-0.757434102624	2.7160110336	488
36	0.5	0.75	0.0	0.239159000499	-0.685208511998	1.20062688424	0.167799787701	-0.881540895772	2.69167625922	489
36	0.5	1.0	0.0	-0.260290453322	-0.72407342012	1.17897898455	-0.355904222761	-0.953795010559	2.6562197711	490
36	0.75	0.0	0.0	1.92973857462	0.382119185801	0.833859164622	1.84815208959	0.354215349767	2.49352114246	491
36	0.75	0.25	0.0	1.41918582525	0.260158300161	0.881735238972	1.35117799013	0.213711936232	2.51280101305	492
36	0.75	0.5	0.0	0.837967065805	0.162460240458	0.942250055069	0.777879795845	0.0690005546502	2.52752711207	493
36	0.75	0.75	0.0	0.251867891449	0.0925981794117	0.989085741013	0.190490299822	-0.0589226740695	2.53503792581	494
36	0.75	1.0	0.0	-0.273326102637	0.0541452897393	0.995924424904	-0.348757704858	-0.149061629017	2.53267194055	495
36	1.0	0.0	0.0	2.00579875	1.270047263	0.612844498	1.97315492578	1.16962461209	2.25205901465	496
36	1.0	0.25	0.0	1.50669637163	1.10074889702	0.641875715033	1.48663568283	1.00021134304	2.25933246404	497
36	1.0	0.5	0.0	0.928261888939	0.919851616664	0.6804487408	0.914735611368	0.805473773029	2.28329073905	498
36	1.0	0.75	0.0	0.32794503253	0.774754766222	0.711139876667	0.327525180853	0.636899558147	2.31416151473	499
36	1.0	1.0	0.0	-0.236804467	0.71285769	0.716525424	-0.204925139241	0.545976354466	2.34217246614	500
41	0.0	0.0	0.0	4.222888729	1.642241212	0.792645697	4.09734835597	1.76480048922	2.09328364915	501
41	0.0	0.25	0.0	3.68118561992	1.66787808736	0.743339797745	3.57284392772	1.73183131908	2.16749674158	502
41	0.0	0.5	0.0	3.08475210352	1.57893030347	0.677855267389	3.00156523668	1.56622155513	2.21800131632	503
41	0.0	0.75	0.0	2.5031144051	1.42858948659	0.624815652089	2.44712974773	1.35110728895	2.24584089886	504
41	0.0	1.0	0.0	2.00579875	1.270047263	0.612844498	1.97315492578	1.16962461209	2.25205901465	505
41	0.25	0.0	0.0	4.24010364084	1.80525051925	0.734732034429	4.10766658636	1.98675316816	1.99273887056	506
41	0.25	0.25	0.0	3.67879571503	1.90286077156	0.694637701976	3.56717270441	2.02176994537	2.06257839762	507
41	0.25	0.5	0.0	3.0862537227	1.96385778241	0.668166563305	2.99825986576	1.98286472077	2.12164189474	508
41	0.25	0.75	0.0	2.52278528686	1.95680862012	0.650859830208	2.45635700225	1.88074535975	2.15322256901	509
41	0.25	1.0	0.0	2.04869803055	1.850280353	0.638258714476	1.9968930457	1.72611972772	2.14061362753	510
41	0.5	0.0	0.0	4.26752111966	2.01153723596	0.648838216592	4.15004384134	2.2457424706	1.83458413014	511
41	0.5	0.25	0.0	3.66945588546	2.17176702627	0.641225345378	3.57408561339	2.35393470715	1.91121733073	512
41	0.5	0.5	0.0	3.0735844278	2.34439813592	0.707467602213	2.96181003331	2.44350157072	2.00388161923	513
41	0.5	0.75	0.0	2.52396787886	2.43848190876	0.777573127986	2.38293383891	2.45033087649	2.06351314967	514
41	0.5	1.0	0.0	2.06466737081	2.36306968863	0.781550063585	1.90717376799	2.3103104396	2.0410480761	515
41	0.75	0.0	0.0	4.2988283764	2.20250633544	0.552890053959	4.20309428448	2.48782202823	1.66025313817	516
41	0.75	0.25	0.0	3.66851375568	2.4184698111	0.575754469958	3.59086125463	2.66562744469	1.73614933554	517
41	0.75	0.5	0.0	3.07506043516	2.68300032683	0.716825505077	2.92706387111	2.87482237259	1.84325632851	518
41	0.75	0.75	0.0	2.53670264208	2.86110006068	0.859618591998	2.29760805262	2.98500265759	1.91446432174	519
41	0.75	1.0	0.0	2.07167460367	2.81777119069	0.887649163401	1.78839971783	2.86576414536	1.88266351987	520
41	1.0	0.0	0.0	4.327712622	2.319562791	0.464813357	4.24543207938	2.65904547274	1.51117960496	521
41	1.0	0.25	0.0	3.69131695017	2.58684208569	0.490876817719	3.6147782281	2.89414999828	1.5601102067	522
41	1.0	0.5	0.0	3.1189979611	2.94211331799	0.617307392859	2.92886951094	3.20351739396	1.61830186133	523
41	1.0	0.75	0.0	2.59103003747	3.21215378405	0.75165926882	2.27112743825	3.40989952149	1.64382776612	524
41	1.0	1.0	0.0	2.087687562	3.22374078	0.801486632	1.72497352038	3.33604824261	1.59476111832	525
42	0.0	0.0	0.0	2.00579875	1.270047263	0.612844498	1.97315492578	1.16962461209	2.25205901465	526
42	0.0	0.25	0.0	1.50669637163	1.10074889702	0.641875715033	1.48663568283	1.00021134304	2.25933246404	527
42	0.0	0.5	0.0	0.928261888939	0.919851616664	0.6804487408	0.914735611368	0.805473773029	2.28329073905	528
42	0.0	0.75	0.0	0.32794503253	0.774754766222	0.711139876667	0.327525180853	0.636899558147	2.31416151473	529
42	0.0	1.0	0.0	-0.236804467	0.71285769	0.716525424	-0.204925139241	0.545976354466	2.34217246614	530
42	0.25	0.0	0.0	2.04869803055	1.850280353	0.638258714476	1.9968930457	1.72611972772	2.14061362753	531
42	0.25	0.25	0.0	1.57201489208	1.63165247141	0.62458424155	1.53255729308	1.50288017651	2.11695359924	532
42	0.25	0.5	0.0	1.00708177637	1.3678697321	0.608373335846	0.988868047239	1.24117493388	2.12040519505	533
42	0.25	0.75	0.0	0.403513994374	1.13937542115	0.592158810153	0.421140822493	1.01384932027	2.14071114495	534
42	0.25	1.0	0.0	-0.189073142982	1.02661282461	0.57847347726	-0.115308866849	0.893748656139	2.16761417892	535
42	0.5	0.0	0.0	2.06466737081	2.36306968863	0.781550063585	1.90717376799	2.3103104396	2.0410480761	536
42	0.5	0.25	0.0	1.61319288991	2.12141335031	0.704708211888	1.47665708628	2.03869247228	1.96737404714	537
42	0.5	0.5	0.0	1.08156155632	1.82986154525	0.602583447724	0.999539310634	1.7391636603	1.91119312246	538
42	0.5	0.75	0.0	0.494192175248	1.56272408289	0.510800757514	0.483635617543	1.47603152744	1.87935302269	539
42	0.5	1.0	0.0	-0.124496448056	1.39431077265	0.464985127675	-0.0632388165098	1.31360359746	1.8787014685	540
42	0.75	0.0	0.0	2.07167460367	2.81777119069	0.887649163401	1.78839971783	2.86576414536	1.88266351987	541
42	0.75	0.25	0.0	1.62774968966	2.56688744283	0.770006282216	1.37588108676	2.55334312211	1.7686225355	542
42	0.75	0.5	0.0	1.13372768979	2.25868037002	0.5983500169	0.9569511689	2.21458461536	1.65534267017	543
42	0.75	0.75	0.0	0.576485399969	1.96158249528	0.440224478423	0.495434800803	1.91406393248	1.56892626643	544
42	0.75	1.0	0.0	-0.0571003838524	1.74402634162	0.363173777752	-0.0448431809714	1.71635638083	1.53547566679	545
42	1.0	0.0	0.0	2.087687562	3.22374078	0.801486632	1.72497352038	3.33604824261	1.59476111832	546
42	1.0	0.25	0.0	1.61320461585	2.9649306581	0.708237108706	1.28717531885	2.99252701778	1.47872779204	547
42	1.0	0.5	0.0	1.14560663781	2.60717952034	0.530943983839	0.871305389383	2.58258246211	1.35254198712	548
42	1.0	0.75	0.0	0.626899493354	2.25273240216	0.353588732552	0.436963607071	2.2185642882	1.24826999464	549
42	1.0	1.0	0.0	-0.000910952	2.003834339	0.26015283	-0.0562501529796	2.01282220865	1.19797810569	550
43	0.0	0.0	0.0	4.327712622	2.319562791	0.464813357	4.24543207938	2.65904547274	1.51117960496	551
43	0.0	0.25	0.0	3.69131695017	2.58684208569	0.490876817719	3.6147782281	2.89414999828	1.5601102067	552
43	0.0	0.5	0.0	3.1189979611	2.94211331799	0.617307392859	2.92886951094	3.20351739396	1.61830186133	553
43	0.0	0.75	0.0	2.59103003747	3.21215378405	0.75165926882	2.27112743825	3.40989952149	1.64382776612	554
43	0.0	1.0	0.0	2.087687562	3.22374078	0.801486632	1.72497352038	3.33604824261	1.59476111832	555
43	0.25	0.0	0.0	4.39090109522	2.35780795752	0.333656406173	4.33324799687	2.76421540969	1.31473502981	556
43	0.25	0.25	0.0	3.74240494427	2.65961323782	0.356941983287	3.68675338597	3.02772343612	1.34536792768	557
43	0.25	0.5	0.0	3.17977229766	3.0788463693	0.447478711396	2.99885521263	3.3842995959	1.37293498663	558
43	0.25	0.75	0.0	2.65370906539	3.41400904929	0.546297713885	2.33459628574	3.64140912428	1.36946363702	559
43	0.25	1.0	0.0	2.11492115744	3.46360297513	0.594430114141	1.75901941422	3.60651725653	1.3069813092	560
43	0.5	0.0	0.0	4.49736662234	2.35956020273	0.136751433096	4.49007203582	2.83943746297	1.02545751051	561
43	0.5	0.25	0.0	3.81601112266	2.6975348692	0.150055492397	3.81936906194	3.13165879718	1.04206492774	562
43	0.5	0.5	0.0	3.24944684568	3.18507698581	0.215213336495	3.12903952541	3.53802867909	1.05735767331	563
43	0.5	0.75	0.0	2.72064202544	3.58660586774	0.284589439331	2.45812344292	3.85061275299	1.04042970417	564
43	0.5	1.0	0.0	2.15256489597	3.66654083017	0.310548274845	1.8456608311	3.86147666316	0.960374977268	565
43	0.75	0.0	0.0	4.60061389229	2.34048274433	-0.0699798757792	4.6472191165	2.88439687371	0.71858038191	566
43	0.75	0.25	0.0	3.88707923077	2.71032326128	-0.0750730169231	3.9587799432	3.20519852522	0.716215267162	567
43	0.75	0.5	0.0	3.31210533626	3.24821875558	-0.0358320779027	3.27034991012	3.64872466255	0.718916262792	568
43	0.75	0.75	0.0	2.77774044095	3.69840031101	0.00411542915612	2.59526255886	4.00416962587	0.691561522037	569
43	0.75	1.0	0.0	2.18603277702	3.80509901138	0.00114199212714	1.94685143103	4.06072775532	0.599029198134	570
43	1.0	0.0	0.0	4.654147594	2.3162388	-0.230615834	4.73600415918	2.89877888307	0.469336978838	571
43	1.0	0.25	0.0	3.93055301404	2.70769469548	-0.263733906644	4.05114071699	3.24758506397	0.43383300624	572
43	1.0	0.5	0.0	3.35183150054	3.25568526664	-0.262000877856	3.37371382757	3.70040756528	0.404957096491	573
43	1.0	0.75	0.0	2.81091583527	3.71784845073	-0.257543332639	2.69956728266	4.06873896119	0.357694645054	574
43	1.0	1.0	0.0	2.2007388	3.851822185	-0.282487856	2.02454487401	4.16407182586	0.267031047392	575
44	0.0	0.0	0.0	2.087687562	3.22374078	0.801486632	1.72497352038	3.33604824261	1.59476111832	576
44	0.0	0.25	0.0	1.61320461585	2.9649306581	0.708237108706	1.28717531885	2.99252701778	1.47872779204	577
44	0.0	0.5	0.0	1.14560663781	2.60717952034	0.530943983839	0.871305389383	2.58258246211	1.35254198712	578
44	0.0	0.75	0.0	0.626899493354	2.25273240216	0.353588732552	0.436963607071	2.2185642882	1.24826999464	579
44	0.0	1.0	0.0	-0.000910952	2.003834339	0.26015283	-0.0562501529796	2.01282220865	1.19797810569	580
44	0.25	0.0	0.0	2.11492115744	3.46360297513	0.594430114141	1.75901941422	3.60651725653	1.3069813092	581
44	0.25	0.25	0.0	1.61069768161	3.19930942153	0.52727929877	1.2841830173	3.2580970019	1.19013818268	582
44	0.25	0.5	0.0	1.1501331796	2.80412689633	0.371594623408	0.842537004949	2.79824923643	1.05988483155	583
44	0.25	0.75	0.0	0.650012532323	2.40014681536	0.207375196656	0.402316567334	2.37662511706	0.948632714084	584
44	0.25	1.0	0.0	0.0271206206704	2.10946059443	0.114620127119	-0.068243105389	2.14287580072	0.888793288516	585
44	0.5	0.0	0.0	2.15256489597	3.66654083017	0.310548274845	1.8456608311	3.86147666316	0.960374977268	586
44	0.5	0.25	0.0	1.62916955054	3.40219064548	0.242418309887	1.33397802864	3.52735422992	0.822012728775	587
44	0.5	0.5	0.0	1.17087537068	2.99063830102	0.101868774783	0.867768704914	3.03929245455	0.664699448567	588
44	0.5	0.75	0.0	0.678114410051	2.54504301167	-0.04407523028	0.410482566022	2.55975846155	0.52702792267	589
44	0.5	1.0	0.0	0.0513187222996	2.17856399233	-0.128388605113	-0.0744306819156	2.2512193754	0.447590937113	590
44	0.75	0.0	0.0	2.18603277702	3.80509901138	0.00114199212714	1.94685143103	4.06072775532	0.599029198134	591
44	0.75	0.25	0.0	1.64912169201	3.54753450357	-0.0749034256059	1.40204787197	3.75328855875	0.443736137393	592
44	0.75	0.5	0.0	1.18979623262	3.12562688161	-0.198094477979	0.915629395366	3.24993926258	0.263185898289	593
44	0.75	0.75	0.0	0.699373902181	2.64282589697	-0.317898426903	0.43868012239	2.71716138277	0.102153511634	594
44	0.75	1.0	0.0	0.069172204029	2.20258130107	-0.383782534288	-0.0777158257781	2.32143643527	0.005414008241	595
44	1.0	0.0	0.0	2.2007388	3.851822185	-0.282487856	2.02454487401	4.16407182586	0.267031047392	596
44	1.0	0.25	0.0	1.65105557539	3.60930116941	-0.35324347537	1.45388006635	3.88888984531	0.124693115583	597
44	1.0	0.5	0.0	1.188858787	3.16800578535	-0.44815605082	0.954747982391	3.37441680664	-0.0484557591454	598
44	1.0	0.75	0.0	0.701959784358	2.64890037712	-0.53123027186	0.464127755691	2.79803094185	-0.207292627788	599
44	1.0	1.0	0.0	0.078169917	2.172949289	-0.566470828	-0.0810014801949	2.33711048293	-0.30669454134	600
49	0.0	0.0	0.0	6.687981302	0.256986	-0.299999993	6.6237154058	0.568470172121	0.263929932537	601
49	0.0	0.25	0.0	6.38530509425	0.906783832561	-0.27733430921	6.31698574001	1.2601554015	0.280128725568	602
49	0.0	0.5	0.0	5.96493185427	1.49984305007	-0.234144464668	5.90203360841	1.94591543043	0.368403563466	603
49	0.0	0.75	0.0	5.39762491115	1.98628694255	-0.206536344541	5.37599456385	2.52553000795	0.455793347474	604
49	0.0	1.0	0.0	4.654147594	2.3162388	-0.230615834	4.73600415918	2.89877888307	0.469336978838	605
49	0.25	0.0	0.0	6.68906413575	0.255874188384	-0.310501955451	6.62622339024	0.569544592346	0.248178392806	606
49	0.25	0.25	0.0	6.38225732558	0.88671770587	-0.37375405525	6.32170220174	1.23492210722	0.14231324326	607
49	0.25	0.5	0.0	5.9538945084	1.46405147323	-0.36446581716	5.91151493899	1.91183033336	0.176542622672	608
49	0.25	0.75	0.0	5.38226899585	1.94674691325	-0.344231486492	5.39093294779	2.49988455307	0.243845791531	609
49	0.25	1.0	0.0	4.64567409954	2.29367544868	-0.374645308556	4.75522757393	2.89870004869	0.237202010322	610
49	0.5	0.0	0.0	6.69144637	0.252721701013	-0.320990036167	6.63174095601	0.571201815026	0.226141242072	611
49	0.5	0.25	0.0	6.37349629889	0.855539622261	-0.478621610053	6.32873141167	1.19078629119	0.000214795030704	612
49	0.5	0.5	0.0	5.92476971849	1.41962602661	-0.521487051267	5.92254025079	1.86754133589	-0.0439250230744	613
49	0.5	0.75	0.0	5.33915443989	1.90285085749	-0.525317197852	5.40362604333	2.47679055714	-0.0268314530291	614
49	0.5	1.0	0.0	4.61053827419	2.26308405834	-0.565842887851	4.76244735926	2.89385756296	-0.0690577356196	615
49	0.75	0.0	0.0	6.69382860425	0.247802963135	-0.330774922049	6.63725852178	0.571092787199	0.204807286172	616
49	0.75	0.25	0.0	6.36140260843	0.813243398769	-0.579504944441	6.33386587411	1.13261806161	-0.13366461769	617
49	0.75	0.5	0.0	5.88795054186	1.36499686767	-0.67507925385	5.92981750028	1.80978990067	-0.255822111568	618
49	0.75	0.75	0.0	5.28601830686	1.85230132311	-0.703211417839	5.41111477497	2.44352341295	-0.290864334798	619
49	0.75	1.0	0.0	4.56815180575	2.22439471834	-0.74961500397	4.76375907287	2.87473370699	-0.367990426715	620
49	1.0	0.0	0.0	6.694911438	0.2413924	-0.3391673	6.63976650622	0.566868455905	0.191165330941	621
49	1.0	0.25	0.0	6.34835684842	0.759822852428	-0.663972029236	6.3328980934	1.06528752665	-0.246822993475	622
49	1.0	0.5	0.0	5.85383003585	1.29859415391	-0.795113511769	5.92805464395	1.73531749032	-0.421971380603	623
49	1.0	0.75	0.0	5.24059766036	1.79280085794	-0.831332085667	5.41044006718	2.38735851328	-0.482878802367	624
49	1.0	1.0	0.0	4.537926382	2.177537518	-0.871368089	4.76525827242	2.83181076189	-0.578144230693	625
50	0.0	0.0	0.0	6.694911438	0.2413924	-0.3391673	6.63976650622	0.566868455905	0.191165330941	626
50	0.0	0.25	0.0	6.34835684842	0.759822852428	-0.663972029236	6.3328980934	1.06528752665	-0.246822993475	627
50	0.0	0.5	0.0	5.85383003585	1.29859415391	-0.795113511769	5.92805464395	1.73531749032	-0.421971380603	628
50	0.0	0.75	0.0	5.24059766036	1.79280085794	-0.831332085667	5.41044006718	2.38735851328	-0.482878802367	629
50	0.0	1.0	0.0	4.537926382	2.177537518	-0.871368089	4.76525827242	2.83181076189	-0.578144230693	630
50	0.25	0.0	0.0	6.68808824127	0.232671419221	-0.346450978502	6.64209964092	0.553227166522	0.176001077696	631
50	0.25	0.25	0.0	6.32534211222	0.68222826909	-0.749685371886	6.32876925537	0.975713471946	-0.364823030807	632
50	0.25	0.5	0.0	5.80781720013	1.19275523642	-0.921037526307	5.92151583482	1.61263401744	-0.60462035865	633
50	0.25	0.75	0.0	5.18055111039	1.68059191499	-0.965996410888	5.40841337622	2.25987190155	-0.701872367725	634
50	0.25	1.0	0.0	4.48858144838	2.06207789854	-0.990050994751	4.77753587647	2.7133102228	-0.815060519926	635
50	0.5	0.0	0.0	6.67306936307	0.225301334972	-0.349417725385	6.64722469184	0.535032403344	0.155697066377	636
50	0.5	0.25	0.0	6.29594356491	0.607515392793	-0.810399223466	6.32847862828	0.892259791473	-0.453013036294	637
50	0.5	0.5	0.0	5.75424718046	1.07528903535	-1.03765431364	5.91862521897	1.47443771673	-0.786268331315	638
50	0.5	0.75	0.0	5.10565478801	1.53211205684	-1.11739901698	5.41039469918	2.08687691646	-0.966738512691	639
50	0.5	1.0	0.0	4.40784096587	1.88147425144	-1.13584935453	4.79651730421	2.534888128	-1.11709327443	640
50	0.75	0.0	0.0	6.65803087132	0.217311688238	-0.351614184576	6.65233012922	0.516218077681	0.136163342751	641
50	0.75	0.25	0.0	6.26863159988	0.524607301161	-0.854288615137	6.32773981014	0.796487835451	-0.526947785547	642
50	0.75	0.5	0.0	5.70414403411	0.946610820449	-1.1355416406	5.91191330586	1.3189027167	-0.953981184598	643
50	0.75	0.75	0.0	5.03397829504	1.37091989448	-1.25618285416	5.40561204404	1.89477542737	-1.22326085139	644
50	0.75	1.0	0.0	4.32754450368	1.68513217163	-1.27702184905	4.80959745229	2.33541867344	-1.41311078293	645
50	1.0	0.0	0.0	6.651148834	0.20673202	-0.356587	6.65460442332	0.500718100839	0.123309952583	646
50	1.0	0.25	0.0	6.25187661053	0.422427071812	-0.889528578059	6.32226639893	0.669958954099	-0.602182054181	647
50	1.0	0.5	0.0	5.66853181838	0.807135861475	-1.20527727398	5.89391060501	1.14420314583	-1.0948248045	648
50	1.0	0.75	0.0	4.98359123329	1.2205740389	-1.35299087266	5.38329341876	1.70996930363	-1.41722299797	649
50	1.0	1.0	0.0	4.279531631	1.522457254	-1.381827159	4.80417121741	2.1537760551	-1.63198133417	650
53	0.0	0.0	0.0	6.651148834	0.20673202	-0.356587	6.65460442332	0.500718100839	0.123309952583	651
53	0.0	0.25	0.0	6.25187661053	0.422427071812	-0.889528578059	6.32226639893	0.669958954099	-0.602182054181	652
53	0.0	0.5	0.0	5.66853181838	0.807135861475	-1.20527727398	5.89391060501	1.14420314583	-1.0948248045	653
53	0.0	0.75	0.0	4.98359123329	1.2205740389	-1.35299087266	5.38329341876	1.70996930363	-1.41722299797	654
53	0.0	1.0	0.0	4.279531631	1.522457254	-1.381827159	4.80417121741	2.1537760551	-1.63198133417	655
53	0.25	0.0	0.0	6.65301303619	0.186268528864	-0.369058201277	6.65301670922	0.474277098956	0.107996522479	656
53	0.25	0.25	0.0	6.23779058683	0.216860349226	-0.938146208303	6.3032142708	0.408801473872	-0.699248901333	657
53	0.25	0.5	0.0	5.61836005366	0.449879041765	-1.31233194621	5.83413873394	0.698048166755	-1.30640613087	658
53	0.25	0.75	0.0	4.91238947206	0.749521204155	-1.5243612712	5.2946005792	1.12665716142	-1.74149705173	659
53	0.25	1.0	0.0	4.23754687739	0.979983434071	-1.60698003948	4.73341028715	1.47926844166	-2.03254354951	660
53	0.5	0.0	0.0	6.65725447303	0.164059360011	-0.380514025161	6.64966393023	0.438917406459	0.0902877951785	661
53	0.5	0.25	0.0	6.24228653516	0.0185220043782	-0.950532958516	6.29984810212	0.164190315515	-0.693366874272	662
53	0.5	0.5	0.0	5.60785652834	0.0499612887987	-1.36613842181	5.81054740788	0.212834366659	-1.35966096181	663
53	0.5	0.75	0.0	4.89156564918	0.161491501813	-1.64092839509	5.24387251909	0.411649362634	-1.8875517254	664
53	0.5	1.0	0.0	4.23101509429	0.256226931962	-1.78850085844	4.66193410734	0.587435106182	-2.255996423	665
53	0.75	0.0	0.0	6.66148878986	0.141756916152	-0.386400336464	6.64630403123	0.403464438957	0.0781485804581	666
53	0.75	0.25	0.0	6.256175042	-0.16154027014	-0.927332575851	6.30785664485	-0.0431560337588	-0.612710174619	667
53	0.75	0.5	0.0	5.61990962124	-0.334670594909	-1.36119636174	5.81628109811	-0.236832977862	-1.28219170954	668
53	0.75	0.75	0.0	4.89989635459	-0.426153484842	-1.68246932548	5.23491740242	-0.285045905646	-1.86022814124	669
53	0.75	1.0	0.0	4.24333906905	-0.484508366628	-1.88562909843	4.62710556918	-0.295274329404	-2.27675158663	670
53	1.0	0.0	0.0	6.663331632	0.1210136	-0.382163	6.64469495709	0.376743612058	0.0795436880958	671
53	1.0	0.25	0.0	6.27026669381	-0.312278781739	-0.869188807455	6.32292865096	-0.192519086739	-0.485453003995	672
53	1.0	0.5	0.0	5.63740771121	-0.646069806843	-1.29200542695	5.84448427596	-0.576348590213	-1.1016007863	673
53	1.0	0.75	0.0	4.91615817825	-0.896052172525	-1.62876114348	5.27154339321	-0.813420456354	-1.66436742153	674
53	1.0	1.0	0.0	4.257921589	-1.077918576	-1.857604242	4.66628756386	-0.942410243155	-2.06922067238	675
54	0.0	0.0	0.0	6.663331632	0.1210136	-0.382163	6.64469495709	0.376743612058	0.0795436880958	676
54	0.0	0.25	0.0	6.27026669381	-0.312278781739	-0.869188807455	6.32292865096	-0.192519086739	-0.485453003995	677
54	0.0	0.5	0.0	5.63740771121	-0.646069806843	-1.29200542695	5.84448427596	-0.576348590213	-1.1016007863	678
54	0.0	0.75	0.0	4.91615817825	-0.896052172525	-1.62876114348	5.27154339321	-0.813420456354	-1.66436742153	679
54	0.0	1.0	0.0	4.257921589	-1.077918576	-1.857604242	4.66628756386	-0.942410243155	-2.06922067238	680
54	0.25	0.0	0.0	6.66348151797	0.105066839896	-0.367753915301	6.64344102892	0.352731539728	0.106754947657	681
54	0.25	0.25	0.0	6.29357050845	-0.436754833752	-0.77773830775	6.33660236673	-0.299021534212	-0.31377676804	682
54	0.25	0.5	0.0	5.68301687781	-0.882519592468	-1.15663742057	5.86419636872	-0.808621336885	-0.810836817045	683
54	0.25	0.75	0.0	4.9767892847	-1.2359326315	-1.47075487523	5.29458757954	-1.16581427689	-1.28380267424	684
54	0.25	1.0	0.0	4.31985638776	-1.5006991461	-1.68639429321	4.69614054381	-1.36034676283	-1.6320518145	685
54	0.5	0.0	0.0	6.66399668061	0.0943231548007	-0.347488972796	6.64086780045	0.324244167736	0.155184674856	686
54	0.5	0.25	0.0	6.32980566079	-0.560373441964	-0.65200418892	6.34602361595	-0.406079448887	-0.0801915563273	687
54	0.5	0.5	0.0	5.76291005917	-1.13520346704	-0.950464995148	5.86592253916	-1.0491464234	-0.380165196803	688
54	0.5	0.75	0.0	5.0908020067	-1.61282626142	-1.20455298049	5.28118772935	-1.54392089454	-0.687377410635	689
54	0.5	1.0	0.0	4.44097363437	-1.97590116609	-1.37594973395	4.67244234582	-1.82936700106	-0.944469361885	690
54	0.75	0.0	0.0	6.6645474997	0.0881817923048	-0.324470671394	6.63833022843	0.300359118343	0.206367760953	691
54	0.75	0.25	0.0	6.35934106334	-0.654097209521	-0.507453361023	6.34824952169	-0.477876854361	0.175626599984	692
54	0.75	0.5	0.0	5.82955739978	-1.33305858769	-0.709500579588	5.85231784587	-1.2186423291	0.0853874304332	693
54	0.75	0.75	0.0	5.18791481776	-1.91328333214	-0.887108776512	5.24596570808	-1.82320543401	-0.0459223871126	694
54	0.75	1.0	0.0	4.54713162605	-2.35935243278	-0.996774401216	4.62462361543	-2.19283429725	-0.199875492065	695
54	1.0	0.0	0.0	6.664804355	0.086042	-0.30180151	6.63718326959	0.290154013812	0.241839097208	696
54	1.0	0.25	0.0	6.36254562864	-0.688888739567	-0.359552734119	6.34033720703	-0.478597774229	0.414001669735	697
54	1.0	0.5	0.0	5.83542904415	-1.40502211157	-0.46975660279	5.82603734749	-1.23782753333	0.480794420677	698
54	1.0	0.75	0.0	5.19784619133	-2.02385411354	-0.575375580566	5.20354338115	-1.87913302002	0.469731639938	699
54	1.0	1.0	0.0	4.56418866	-2.506880743	-0.619372132	4.58211499817	-2.29411199083	0.408327617424	700
57	0.0	0.0	0.0	6.664804355	0.086042	-0.30180151	6.63718326959	0.290154013812	0.241839097208	701
57	0.0	0.25	0.0	6.36254562864	-0.688888739567	-0.359552734119	6.34033720703	-0.478597774229	0.414001669735	702
57	0.0	0.5	0.0	5.83542904415	-1.40502211157	-0.46975660279	5.82603734749	-1.23782753333	0.480794420677	703
57	0.0	0.75	0.0	5.19784619133	-2.02385411354	-0.575375580566	5.20354338115	-1.87913302002	0.469731639938	704
57	0.0	1.0	0.0	4.56418866	-2.506880743	-0.619372132	4.58211499817	-2.29411199083	0.408327617424	705
57	0.25	0.0	0.0	6.66271523629	0.0876045168738	-0.278036315243	6.63160458059	0.300759184126	0.280804695072	706
57	0.25	0.25	0.0	6.32613843863	-0.642949739318	-0.20716652383	6.30815232896	-0.412968449579	0.633484016307	707
57	0.25	0.5	0.0	5.75255974713	-1.30427009945	-0.221111473001	5.76364936944	-1.10158081781	0.828123799006	708
57	0.25	0.75	0.0	5.07977367646	-1.87020263502	-0.250657619305	5.12044335755	-1.6838979818	0.918164785625	709
57	0.25	1.0	0.0	4.44557474131	-2.3145934175	-0.22659141929	4.50088194882	-2.07874000279	0.957047718621	710
57	0.5	0.0	0.0	6.65813418985	0.0934800608147	-0.254022878693	6.61934647952	0.326528565636	0.338259018457	711
57	0.5	0.25	0.0	6.26931538673	-0.534347244307	-0.0663371767337	6.25583720259	-0.32102436707	0.82335667074	712
57	0.5	0.5	0.0	5.62935197005	-1.07612075321	0.0118430334934	5.66950180488	-0.896765820763	1.14246871159	713
57	0.5	0.75	0.0	4.90421803634	-1.525298151	0.0547640926104	4.99286354354	-1.36487271058	1.34660476424	714
57	0.5	1.0	0.0	4.25988768213	-1.87533712279	0.136672341239	4.35844567571	-1.68952195166	1.48677445188	715
57	0.75	0.0	0.0	6.65359068024	0.104379174348	-0.232907930296	6.60712591527	0.357321516739	0.392814853689	716
57	0.75	0.25	0.0	6.21631999293	-0.392194514954	0.0523546506449	6.20389771628	-0.208972640712	0.974593759137	717
57	0.75	0.5	0.0	5.51968889493	-0.782561223831	0.203236276955	5.57774752594	-0.658323065042	1.39466462412	718
57	0.75	0.75	0.0	4.7485561608	-1.0889747195	0.301339205189	4.86606428295	-0.998557179693	1.69386750819	719
57	0.75	1.0	0.0	4.08778056514	-1.33368876919	0.428265691899	4.206236926	-1.23750240811	1.91304247085	720
57	1.0	0.0	0.0	6.651614172	0.1210124	-0.2178382	6.60165983675	0.382997395831	0.423084987092	721
57	1.0	0.25	0.0	6.19139577721	-0.245604811682	0.138328301783	6.17283975838	-0.0830203845192	1.0781694076	722
57	1.0	0.5	0.0	5.47745370378	-0.485578662303	0.327197617648	5.52253940474	-0.421193073503	1.55554700228	723
57	1.0	0.75	0.0	4.69016493971	-0.661066398523	0.449517368439	4.78530591963	-0.66145136247	1.89876894989	724
57	1.0	1.0	0.0	4.009906473	-0.834225267	0.606035175	4.09568644685	-0.833725942773	2.15138642917	725
58	0.0	0.0	0.0	6.651614172	0.1210124	-0.2178382	6.60165983675	0.382997395831	0.423084987092	726
58	0.0	0.25	0.0	6.19139577721	-0.245604811682	0.138328301783	6.17283975838	-0.0830203845192	1.0781694076	727
58	0.0	0.5	0.0	5.47745370378	-0.485578662303	0.327197617648	5.52253940474	-0.421193073503	1.55554700228	728
58	0.0	0.75	0.0	4.69016493971	-0.661066398523	0.449517368439	4.78530591963	-0.66145136247	1.89876894989	729
58	0.0	1.0	0.0	4.009906473	-0.834225267	0.606035175	4.09568644685	-0.833725942773	2.15138642917	730
58	0.25	0.0	0.0	6.64781616825	0.141993601397	-0.213333997572	6.5996068034	0.410987589623	0.423416858096	731
58	0.25	0.25	0.0	6.19032650602	-0.0946701872578	0.210733544972	6.15907846108	0.0631779307473	1.15825434699	732
58	0.25	0.5	0.0	5.49692855754	-0.162211599667	0.435708164167	5.49992303417	-0.130528524442	1.66247085888	733
58	0.25	0.75	0.0	4.72566515184	-0.175858262822	0.570982564786	4.75522119433	-0.237639951609	2.00413328388	734
58	0.25	1.0	0.0	4.03457911792	-0.250837803715	0.725949451603	4.05805361325	-0.325664526419	2.25130851211	735
58	0.5	0.0	0.0	6.63927466653	0.164064225705	-0.21912591156	6.59490423654	0.448477997201	0.408445814977	736
58	0.5	0.25	0.0	6.19297744283	0.066527949583	0.277676456335	6.14982697085	0.229907748625	1.22048258299	737
58	0.5	0.5	0.0	5.53009584335	0.186198807778	0.555968836916	5.49093397438	0.232252565098	1.73738242499	738
58	0.5	0.75	0.0	4.7864333959	0.365106133201	0.706881263509	4.75452186838	0.318910670272	2.05835802376	739
58	0.5	1.0	0.0	4.09779362828	0.445279258762	0.82154376944	4.07688727412	0.353280287799	2.2826220621	740
58	0.75	0.0	0.0	6.63072581429	0.186038634661	-0.230667644767	6.59019431916	0.485872189426	0.387724952638	741
58	0.75	0.25	0.0	6.2017917035	0.246486631676	0.318068524928	6.14985601887	0.423162311387	1.23702010624	742
58	0.75	0.5	0.0	5.57360818318	0.544607664939	0.639558995966	5.50064529679	0.637962890186	1.75050416145	743
58	0.75	0.75	0.0	4.85887955611	0.897124693925	0.797612162968	4.77504450577	0.927338469931	2.04411539924	744
58	0.75	1.0	0.0	4.17031012501	1.12076067811	0.856036420557	4.10553599864	1.08835359473	2.23379210062	745
58	1.0	0.0	0.0	6.626905759	0.20673119	-0.2434129	6.58811923426	0.51357373716	0.370807365982	746
58	1.0	0.25	0.0	6.21921240383	0.453702891856	0.310821239809	6.1639363363	0.648934861307	1.18003290737	747
58	1.0	0.5	0.0	5.62411819901	0.897970076722	0.638058001387	5.53413007281	1.05741514589	1.67205852905	748
58	1.0	0.75	0.0	4.92941351668	1.35549532373	0.783573961521	4.80862567047	1.50678141412	1.94407763999	749
58	1.0	1.0	0.0	4.222888729	1.642241212	0.792645697	4.09734835597	1.76480048922	2.09328364915	750
61	0.0	0.0	0.0	6.626905759	0.20673119	-0.2434129	6.58811923426	0.51357373716	0.370807365982	751
61	0.0	0.25	0.0	6.21921240383	0.453702891856	0.310821239809	6.1639363363	0.648934861307	1.18003290737	752
61	0.0	0.5	0.0	5.62411819901	0.897970076722	0.638058001387	5.53413007281	1.05741514589	1.67205852905	753
61	0.0	0.75	0.0	4.92941351668	1.35549532373	0.783573961521	4.80862567047	1.50678141412	1.94407763999	754
61	0.0	1.0	0.0	4.222888729	1.642241212	0.792645697	4.09734835597	1.76480048922	2.09328364915	755
61	0.25	0.0	0.0	6.63557258084	0.218182539617	-0.24876549003	6.59528009036	0.520751795571	0.349449539059	756
61	0.25	0.25	0.0	6.23919313566	0.572255179237	0.297756287174	6.17996893392	0.779718554922	1.13442821023	757
61	0.25	0.5	0.0	5.6607138522	1.05740015709	0.614439808172	5.5622580847	1.24551606043	1.60838197744	758
61	0.25	0.75	0.0	4.97079669806	1.51970332112	0.745395061183	4.83915486231	1.71543177666	1.86369185834	759
61	0.25	1.0	0.0	4.24010364084	1.80525051925	0.734732034429	4.10766658636	1.98675316816	1.99273887056	760
61	0.5	0.0	0.0	6.65452038908	0.225510468363	-0.250322374382	6.61091477399	0.518678483663	0.312681133544	761
61	0.5	0.25	0.0	6.2723906496	0.664047993637	0.28669712459	6.20455268926	0.892244323977	1.10370752085	762
61	0.5	0.5	0.0	5.72008903043	1.20377967167	0.582659948928	5.60570785605	1.43051617532	1.54134988885	763
61	0.5	0.75	0.0	5.03825327323	1.70088343995	0.686921759355	4.89424874865	1.94463517757	1.74513362834	764
61	0.5	1.0	0.0	4.26752111966	2.01153723596	0.648838216592	4.15004384134	2.2457424706	1.83458413014	765
61	0.75	0.0	0.0	6.67344527428	0.232114210428	-0.252779621543	6.62652653457	0.515880985073	0.275012365219	766
61	0.75	0.25	0.0	6.30665407586	0.745125780975	0.248738372997	6.23052698067	0.997884904074	1.03877776612	767
61	0.75	0.5	0.0	5.78146863969	1.33314747863	0.517979211332	5.65259300599	1.60263047825	1.43686921488	768
61	0.75	0.75	0.0	5.10861729635	1.86325057344	0.603258052105	4.95576773308	2.15698656663	1.60034243204	769
61	0.75	1.0	0.0	4.2988283764	2.20250633544	0.552890053959	4.20309428448	2.48782202823	1.66025313817	770
61	1.0	0.0	0.0	6.682043327	0.241393	-0.2608333	6.63361862156	0.520886483439	0.250953449869	771
61	1.0	0.25	0.0	6.32983254462	0.831532987169	0.15497465334	6.25073118652	1.10801303082	0.890545872944	772
61	1.0	0.5	0.0	5.82407758597	1.44154243615	0.395658383059	5.69102715366	1.75207395691	1.26084690715	773
61	1.0	0.75	0.0	5.15872282158	1.9710196148	0.489507935498	5.00557221921	2.3150808936	1.44125775149	774
61	1.0	1.0	0.0	4.327712622	2.319562791	0.464813357	4.24543207938	2.65904547274	1.51117960496	775
62	0.0	0.0	0.0	6.682043327	0.241393	-0.2608333	6.63361862156	0.520886483439	0.250953449869	776
62	0.0	0.25	0.0	6.32983254462	0.831532987169	0.15497465334	6.25073118652	1.10801303082	0.890545872944	777
62	0.0	0.5	0.0	5.82407758597	1.44154243615	0.395658383059	5.69102715366	1.75207395691	1.26084690715	778
62	0.0	0.75	0.0	5.15872282158	1.9710196148	0.489507935498	5.00557221921	2.3150808936	1.44125775149	779
62	0.0	1.0	0.0	4.327712622	2.319562791	0.464813357	4.24543207938	2.65904547274	1.51117960496	780
62	0.25	0.0	0.0	6.68297113559	0.247787086333	-0.269216313781	6.6320712441	0.532279114879	0.250717807286	781
62	0.25	0.25	0.0	6.34457113865	0.879517402775	0.0548228406952	6.26758700807	1.17714926848	0.746554848499	782
62	0.25	0.5	0.0	5.85942975072	1.49496837525	0.249411250505	5.7384091211	1.84529833445	1.06524125228	783
62	0.25	0.75	0.0	5.21304154514	2.01433392107	0.335404058161	5.08135648382	2.41492186434	1.2426702392	784
62	0.25	1.0	0.0	4.39090109522	2.35780795752	0.333656406173	4.33324799687	2.76421540969	1.31473502981	785
62	0.5	0.0	0.0	6.6850123145	0.252707437405	-0.279016085094	6.62866701368	0.548196265185	0.258842252609	786
62	0.5	0.25	0.0	6.36276557294	0.906728244526	-0.0602176942654	6.28883662672	1.22965456101	0.58693780164	787
62	0.5	0.5	0.0	5.90582558847	1.52226301611	0.0761053412704	5.80667812611	1.91638203024	0.823398770588	788
62	0.5	0.75	0.0	5.29156754397	2.02973318967	0.138809543171	5.20086532482	2.49182691639	0.969235295022	789
62	0.5	1.0	0.0	4.49736662234	2.35956020273	0.136751433096	4.49007203582	2.83943746297	1.02545751051	790
62	0.75	0.0	0.0	6.68705349341	0.255868819775	-0.28951613711	6.62526278326	0.562354446789	0.266266417229	791
62	0.75	0.25	0.0	6.37836163047	0.915154168946	-0.175739296061	6.30759716364	1.25937468112	0.426520503588	792
62	0.75	0.5	0.0	5.94656099203	1.52377252046	-0.094874759002	5.86987325858	1.95377205775	0.577169521253	793
62	0.75	0.75	0.0	5.363396704	2.01959250277	-0.0564468456644	5.31533319918	2.53297123564	0.685445478076	794
62	0.75	1.0	0.0	4.60061389229	2.34048274433	-0.0699798757792	4.6472191165	2.88439687371	0.71858038191	795
62	1.0	0.0	0.0	6.687981302	0.256986	-0.299999993	6.6237154058	0.568470172121	0.263929932537	796
62	1.0	0.25	0.0	6.38530509425	0.906783832561	-0.27733430921	6.31698574001	1.2601554015	0.280128725568	797
62	1.0	0.5	0.0	5.96493185427	1.49984305007	-0.234144464668	5.90203360841	1.94591543043	0.368403563466	798
62	1.0	0.75	0.0	5.39762491115	1.98628694255	-0.206536344541	5.37599456385	2.52553000795	0.455793347474	799
62	1.0	1.0	0.0	4.654147594	2.3162388	-0.230615834	4.73600415918	2.89877888307	0.469336978838	800
