Elem	xi[0]	xi[1]	xi[2]	Y[0]	Y[1]	Y[2]	y[0]	y[1]	y[2]	Index
1	0.0	0.0	0.0	0.078169917	2.172949289	-0.566470828	-0.0862317547994	2.27168718973	-0.272949650423	1
1	0.0	0.25	0.0	-0.505792682294	2.00887052402	-0.602439592098	-0.552711595731	2.09735675164	-0.340259448841	2
1	0.0	0.5	0.0	-1.08003466385	2.05060336412	-0.680421937674	-1.03489872343	2.04190404529	-0.425047909286	3
1	0.0	0.75	0.0	-1.60417183423	2.11958025415	-0.753935780163	-1.53064942812	2.02356799441	-0.473917616545	4
1	0.0	1.0	0.0	-2.03782	2.037233639	-0.776499035	-2.03782	1.96058752276	-0.433471155404	5
1	0.25	0.0	0.0	0.0795602355902	2.05214197414	-0.753414330313	-0.0812789699362	2.2111936388	-0.604047569008	6
1	0.25	0.25	0.0	-0.48829235428	1.8611113359	-0.773537776834	-0.55343362649	1.98586098535	-0.679169429185	7
1	0.25	0.5	0.0	-1.0623746776	1.81976594547	-0.842286596353	-1.03636181593	1.86176759031	-0.777168585382	8
1	0.25	0.75	0.0	-1.59402411193	1.80738409945	-0.900713690861	-1.5300733486	1.784870959	-0.811519043998	9
1	0.25	1.0	0.0	-2.03457803487	1.70324409446	-0.889871962349	-2.03457803487	1.70112859672	-0.695694811431	10
1	0.5	0.0	0.0	0.0783636906301	1.86071644597	-0.98316128428	-0.0590257315475	2.08861836698	-1.02452585902	11
1	0.5	0.25	0.0	-0.474170384928	1.65333290852	-0.980702916871	-0.534563606616	1.817619563	-1.07327969296	12
1	0.5	0.5	0.0	-1.05670262096	1.5473826786	-1.0209573158	-1.03958262993	1.63169905681	-1.1346834942	13
1	0.5	0.75	0.0	-1.60135807954	1.46251957028	-1.05982390469	-1.54963222686	1.49946071165	-1.12412250457	14
1	0.5	1.0	0.0	-2.04026182274	1.3183973976	-1.05320210719	-2.04026182274	1.38950839076	-0.956981965883	15
1	0.75	0.0	0.0	0.080262845605	1.63694722483	-1.19313395186	-0.0251745347592	1.92387252935	-1.43755667792	16
1	0.75	0.25	0.0	-0.461327112557	1.42553762436	-1.17273939474	-0.512122758953	1.61602585324	-1.44136890818	17
1	0.75	0.5	0.0	-1.04887755535	1.26340619184	-1.19136207801	-1.04418872493	1.37070182476	-1.45100361064	18
1	0.75	0.75	0.0	-1.60351718388	1.10808476871	-1.21500020636	-1.57204763694	1.18596328356	-1.39641969303	19
1	0.75	1.0	0.0	-2.04637469925	0.917105196441	-1.20965198444	-2.04637469925	1.05987306932	-1.20757606305	20
1	1.0	0.0	0.0	0.090940264	1.419108831	-1.320754595	0.0145721253031	1.73686728099	-1.74631218318	21
1	1.0	0.25	0.0	-0.447662875484	1.21772786591	-1.29845159296	-0.502132306346	1.40447322474	-1.70221574286	22
1	1.0	0.5	0.0	-1.02475854218	0.99778911348	-1.328428865	-1.04980766036	1.09777927416	-1.67953990961	23
1	1.0	0.75	0.0	-1.57784487178	0.76717779681	-1.34997638055	-1.58004115287	0.863004705948	-1.61310230415	24
1	1.0	1.0	0.0	-2.04442	0.533779139	-1.302384109	-2.04442	0.746368796807	-1.43772054723	25
2	0.0	0.0	0.0	0.090940264	1.419108831	-1.320754595	0.0145721253031	1.73686728099	-1.74631218318	26
2	0.0	0.25	0.0	-0.447662875484	1.21772786591	-1.29845159296	-0.502132306346	1.40447322474	-1.70221574286	27
2	0.0	0.5	0.0	-1.02475854218	0.99778911348	-1.328428865	-1.04980766036	1.09777927416	-1.67953990961	28
2	0.0	0.75	0.0	-1.57784487178	0.76717779681	-1.34997638055	-1.58004115287	0.863004705948	-1.61310230415	29
2	0.0	1.0	0.0	-2.04442	0.533779139	-1.302384109	-2.04442	0.746368796807	-1.43772054723	30
2	0.25	0.0	0.0	0.101603971338	1.18174120779	-1.40280739431	0.0445940678845	1.49349374984	-1.97393632627	31
2	0.25	0.25	0.0	-0.43767935952	1.01199635651	-1.39943544413	-0.495403234613	1.17843226905	-1.89385941512	32
2	0.25	0.5	0.0	-0.999790461814	0.799528174992	-1.45661610607	-1.0373317369	0.89352269498	-1.84468879344	33
2	0.25	0.75	0.0	-1.54525004778	0.568964348289	-1.49371192868	-1.55809056117	0.689443068723	-1.77756282905	34
2	0.25	1.0	0.0	-2.03457882965	0.344932561449	-1.43008546052	-2.03457882965	0.616871431382	-1.64361988978	35
2	0.5	0.0	0.0	0.102893703711	0.906332288445	-1.50908360615	0.0592133700516	1.18735697459	-2.19208344486	36
2	0.5	0.25	0.0	-0.42854292277	0.761012769258	-1.54958232693	-0.474541795439	0.911287504543	-2.10423282636	37
2	0.5	0.5	0.0	-0.976838576262	0.596110670466	-1.64489088897	-0.998378552891	0.70727975727	-2.04070620441	38
2	0.5	0.75	0.0	-1.5163348523	0.421744409455	-1.71858847657	-1.51356602799	0.592271998885	-1.98496965834	39
2	0.5	1.0	0.0	-2.02137334643	0.248032403608	-1.69425427404	-2.02137334643	0.583202495512	-1.92048926747	40
2	0.75	0.0	0.0	0.100030073979	0.636925331383	-1.62802606466	0.0685801049987	0.875530160306	-2.38185625234	41
2	0.75	0.25	0.0	-0.420870676583	0.509219222758	-1.71814289127	-0.445797771764	0.645236759009	-2.30693794855	42
2	0.75	0.5	0.0	-0.960205991134	0.398042926803	-1.85503799126	-0.956138570765	0.528611738119	-2.24874627578	43
2	0.75	0.75	0.0	-1.49709983912	0.292620803408	-1.9726505813	-1.47393410563	0.505908447004	-2.21516427129	44
2	0.75	1.0	0.0	-2.01067618999	0.182177212463	-2.00491987804	-2.01067618999	0.557380235032	-2.21407497234	45
2	1.0	0.0	0.0	0.098233695	0.417563595	-1.748077604	0.0828443459199	0.615086512101	-2.52435746205	46
2	1.0	0.25	0.0	-0.415279732307	0.301057835604	-1.87436778703	-0.415420946533	0.422477860248	-2.47557675371	47
2	1.0	0.5	0.0	-0.954195812046	0.215831270903	-2.0488421905	-0.933802252937	0.347079914617	-2.44996314081	48
2	1.0	0.75	0.0	-1.49354556201	0.148696353251	-2.20394279998	-1.46666134639	0.364769363647	-2.44798814714	49
2	1.0	1.0	0.0	-2.00836	0.086465535	-2.272111601	-2.00836	0.451422895775	-2.47012329645	50
5	0.0	0.0	0.0	0.098233695	0.417563595	-1.748077604	0.0828443459199	0.615086512101	-2.52435746205	51
5	0.0	0.25	0.0	-0.415279732307	0.301057835604	-1.87436778703	-0.415420946533	0.422477860248	-2.47557675371	52
5	0.0	0.5	0.0	-0.954195812046	0.215831270903	-2.0488421905	-0.933802252937	0.347079914617	-2.44996314081	53
5	0.0	0.75	0.0	-1.49354556201	0.148696353251	-2.20394279998	-1.46666134639	0.364769363647	-2.44798814714	54
5	0.0	1.0	0.0	-2.00836	0.086465535	-2.272111601	-2.00836	0.451422895775	-2.47012329645	55
5	0.25	0.0	0.0	0.0645737042803	-0.196684472423	-1.99891545614	0.117203623384	-0.100828581655	-2.72885372871	56
5	0.25	0.25	0.0	-0.434393431143	-0.270298235438	-2.12427133904	-0.353428762227	-0.213747039923	-2.71580091994	57
5	0.25	0.5	0.0	-0.975411059454	-0.31654112458	-2.29335822744	-0.902079527521	-0.252584275144	-2.74009849075	58
5	0.25	0.75	0.0	-1.51944946586	-0.340128875532	-2.43825739488	-1.4772593571	-0.213675935065	-2.76921918001	59
5	0.25	1.0	0.0	-2.02747893558	-0.345777223978	-2.49105011492	-2.02747893558	-0.093357667434	-2.7706357266	60
5	0.5	0.0	0.0	-0.0130871998136	-0.976512008112	-2.1358915952	0.11405376883	-0.964087104176	-2.75832330881	61
5	0.5	0.25	0.0	-0.493711107608	-1.00498354835	-2.20219118356	-0.335496830492	-1.0241806946	-2.7468771628	62
5	0.5	0.5	0.0	-1.02417575832	-1.00756869427	-2.29540193299	-0.877341498851	-1.03328684859	-2.77254530726	63
5	0.5	0.75	0.0	-1.56136897735	-0.993230129336	-2.36546276875	-1.4675466231	-0.979115723166	-2.8007003959	64
5	0.5	1.0	0.0	-2.06217859011	-0.970930537026	-2.36231261607	-2.06217859011	-0.849377475367	-2.79671508245	65
5	0.75	0.0	0.0	-0.0959386330008	-1.76939025974	-2.17270706467	0.0753365944433	-1.77928205894	-2.64013874202	66
5	0.75	0.25	0.0	-0.557704436329	-1.76493990954	-2.17028056845	-0.366226794216	-1.81073397422	-2.6155853949	67
5	0.75	0.5	0.0	-1.07390683259	-1.73018871867	-2.1782923173	-0.890470005907	-1.80291381102	-2.62600838144	68
5	0.75	0.75	0.0	-1.6029620832	-1.68007603129	-2.16603915603	-1.47646567843	-1.74712041667	-2.64710683042	69
5	0.75	1.0	0.0	-2.10328644959	-1.62954119156	-2.10281792944	-2.10328644959	-1.63465263854	-2.6545798706	70
5	1.0	0.0	0.0	-0.145170211	-2.422790475	-2.123062908	0.00299391240472	-2.35100644942	-2.40167256804	71
5	1.0	0.25	0.0	-0.590845091933	-2.41210912541	-2.09069274158	-0.450220296284	-2.37531774922	-2.36870552887	72
5	1.0	0.5	0.0	-1.0980212062	-2.3573384783	-2.06534839051	-0.97234688767	-2.36935116774	-2.37919250441	73
5	1.0	0.75	0.0	-1.62788677012	-2.27013520454	-2.02046679119	-1.54295905712	-2.33326043161	-2.41311351917	74
5	1.0	1.0	0.0	-2.14163	-2.162155975	-1.92948488	-2.14163	-2.26719926745	-2.45044859765	75
6	0.0	0.0	0.0	-0.145170211	-2.422790475	-2.123062908	0.00299391240472	-2.35100644942	-2.40167256804	76
6	0.0	0.25	0.0	-0.590845091933	-2.41210912541	-2.09069274158	-0.450220296284	-2.37531774922	-2.36870552887	77
6	0.0	0.5	0.0	-1.0980212062	-2.3573384783	-2.06534839051	-0.97234688767	-2.36935116774	-2.37919250441	78
6	0.0	0.75	0.0	-1.62788677012	-2.27013520454	-2.02046679119	-1.54295905712	-2.33326043161	-2.41311351917	79
6	0.0	1.0	0.0	-2.14163	-2.162155975	-1.92948488	-2.14163	-2.26719926745	-2.45044859765	80
6	0.25	0.0	0.0	-0.177517179102	-2.96660731709	-1.90499433116	-0.0815659521588	-2.81497658004	-1.99914055228	81
6	0.25	0.25	0.0	-0.623020885129	-2.94407126488	-1.87516334989	-0.557455244754	-2.8269274504	-1.96747829128	82
6	0.25	0.5	0.0	-1.12992947671	-2.85500553155	-1.85109354944	-1.08853174127	-2.80421000099	-1.97761764973	83
6	0.25	0.75	0.0	-1.66342897912	-2.71972900351	-1.80770681801	-1.64291020959	-2.7593083157	-2.01238821451	84
6	0.25	1.0	0.0	-2.18870541762	-2.5585605672	-1.71992504377	-2.18870541762	-2.70470647844	-2.0546195725	85
6	0.5	0.0	0.0	-0.225581935009	-3.55321450369	-1.47985509281	-0.16747725045	-3.40042061832	-1.38632371944	86
6	0.5	0.25	0.0	-0.68531516945	-3.49518229947	-1.45118225336	-0.667936885971	-3.38501069849	-1.35552691242	87
6	0.5	0.5	0.0	-1.19613749837	-3.34781616328	-1.4178765078	-1.20489221396	-3.31742212589	-1.34304363531	88
6	0.5	0.75	0.0	-1.72931974256	-3.15572050361	-1.36842157215	-1.74530392829	-3.2228441241	-1.3439118958	89
6	0.5	1.0	0.0	-2.25613272283	-2.96349972895	-1.29130116245	-2.25613272283	-3.12646591674	-1.3531697016	90
6	0.75	0.0	0.0	-0.266949483912	-4.0113010022	-0.959885666548	-0.234973962625	-3.90593344602	-0.696962214639	91
6	0.75	0.25	0.0	-0.741792724897	-3.91900428696	-0.936547623098	-0.756697151674	-3.86507734708	-0.666059119829	92
6	0.75	0.5	0.0	-1.25864340375	-3.72255187987	-0.899179776519	-1.29917156664	-3.75612067265	-0.630661830013	93
6	0.75	0.75	0.0	-1.79277191836	-3.48261126376	-0.851270975794	-1.83066585559	-3.60976233772	-0.595963007821	94
6	0.75	1.0	0.0	-2.31944866662	-3.25984992148	-0.796310069904	-2.31944866662	-3.45670125731	-0.567155315884	95
6	1.0	0.0	0.0	-0.279204831	-4.16955578	-0.457326526	-0.264290068842	-4.1301099449	-0.0647961829876	96
6	1.0	0.25	0.0	-0.756518331474	-4.06909928516	-0.449057630203	-0.798767973599	-4.08263724978	-0.0322826410624	97
6	1.0	0.5	0.0	-1.27944532542	-3.86599418769	-0.428485866555	-1.34911306017	-3.96743877148	0.00433639727334	98
6	1.0	0.75	0.0	-1.82099836441	-3.60490284287	-0.404914951129	-1.87952163387	-3.80595743744	0.0431800046448	99
6	1.0	1.0	0.0	-2.35419	-3.330487606	-0.3876486	-2.35419	-3.61963617512	0.0823672536771	100
9	0.0	0.0	0.0	-0.279204831	-4.16955578	-0.457326526	-0.264290068842	-4.1301099449	-0.0647961829876	101
9	0.0	0.25	0.0	-0.756518331474	-4.06909928516	-0.449057630203	-0.798767973599	-4.08263724978	-0.0322826410624	102
9	0.0	0.5	0.0	-1.27944532542	-3.86599418769	-0.428485866555	-1.34911306017	-3.96743877148	0.00433639727334	103
9	0.0	0.75	0.0	-1.82099836441	-3.60490284287	-0.404914951129	-1.87952163387	-3.80595743744	0.0431800046448	104
9	0.0	1.0	0.0	-2.35419	-3.330487606	-0.3876486	-2.35419	-3.61963617512	0.0823672536771	105
9	0.25	0.0	0.0	-0.27048932749	-3.92476607327	0.0861038661287	-0.244041377452	-3.98847015288	0.648765362475	106
9	0.25	0.25	0.0	-0.743065332637	-3.8323901052	0.0634440423535	-0.792118367758	-3.93746604896	0.679209153061	107
9	0.25	0.5	0.0	-1.26581046908	-3.64341219605	0.0357314644823	-1.35669140368	-3.82942097908	0.695833943448	108
9	0.25	0.75	0.0	-1.81133706357	-3.38476153314	0.000441177640678	-1.89199344284	-3.67540494508	0.702267337964	109
9	0.25	1.0	0.0	-2.3522574429	-3.08336730381	-0.0449517730457	-2.3522574429	-3.48648794882	0.702136940937	110
9	0.5	0.0	0.0	-0.262872713127	-3.40268266183	0.638983652527	-0.200169543271	-3.60011805727	1.45342256813	111
9	0.5	0.25	0.0	-0.73608957123	-3.31276893447	0.583520111533	-0.764908504298	-3.53357864037	1.47686363247	112
9	0.5	0.5	0.0	-1.25156523322	-3.12365074449	0.504193649231	-1.34508096875	-3.41688928766	1.48105870891	113
9	0.5	0.75	0.0	-1.7895067416	-2.87521201498	0.403731205664	-1.88528561938	-3.26409035094	1.45501454585	114
9	0.5	1.0	0.0	-2.33012113891	-2.60733666902	0.284859720873	-2.33012113891	-3.08922218201	1.38773789167	115
9	0.75	0.0	0.0	-0.25221974345	-2.76240169023	1.07655487116	-0.169869768462	-3.07340215975	2.17155461975	116
9	0.75	0.25	0.0	-0.726437880458	-2.67851042295	0.997360300589	-0.739408627294	-2.99764884686	2.17937858327	117
9	0.75	0.5	0.0	-1.23502301228	-2.49383012302	0.880336608802	-1.32691560076	-2.87914186484	2.17098619051	118
9	0.75	0.75	0.0	-1.76460389019	-2.26428388038	0.727293064556	-1.86888453233	-2.73950869592	2.11222704677	119
9	0.75	1.0	0.0	-2.30180926547	-2.04579478498	0.540038936605	-2.30180926547	-2.60037682232	1.96895075736	120
9	1.0	0.0	0.0	-0.234395174	-2.163019303	1.27405956	-0.190337255185	-2.516670962	2.6255407031	121
9	1.0	0.25	0.0	-0.704957093527	-2.09788922064	1.19115433278	-0.737888980822	-2.4563504913	2.60545179157	122
9	1.0	0.5	0.0	-1.21449720071	-1.94107062164	1.06759626431	-1.31482914507	-2.36547687825	2.57659188508	123
9	1.0	0.75	0.0	-1.74572500104	-1.74000672132	0.893464685935	-1.85227655059	-2.26915502093	2.48471025919	124
9	1.0	1.0	0.0	-2.28135	-1.542140735	0.658838929	-2.28135	-2.1924898174	2.27555618946	125
10	0.0	0.0	0.0	-0.234395174	-2.163019303	1.27405956	-0.190337255185	-2.516670962	2.6255407031	126
10	0.0	0.25	0.0	-0.704957093527	-2.09788922064	1.19115433278	-0.737888980822	-2.4563504913	2.60545179157	127
10	0.0	0.5	0.0	-1.21449720071	-1.94107062164	1.06759626431	-1.31482914507	-2.36547687825	2.57659188508	128
10	0.0	0.75	0.0	-1.74572500104	-1.74000672132	0.893464685935	-1.85227655059	-2.26915502093	2.48471025919	129
10	0.0	1.0	0.0	-2.28135	-1.542140735	0.658838929	-2.28135	-2.1924898174	2.27555618946	130
10	0.25	0.0	0.0	-0.234909487596	-1.50279582317	1.27019029792	-0.269954181242	-1.83278026642	2.79903552091	131
10	0.25	0.25	0.0	-0.696154661421	-1.45963231958	1.19812052113	-0.778013748694	-1.8073177689	2.75845340164	132
10	0.25	0.5	0.0	-1.2088389575	-1.33815631183	1.08878607677	-1.31868808209	-1.75504638515	2.71319569795	133
10	0.25	0.75	0.0	-1.74272897379	-1.17464463409	0.931683005014	-1.83440474681	-1.71166792162	2.61569763591	134
10	0.25	1.0	0.0	-2.26759130827	-1.00537412056	0.716307346011	-2.26759130827	-1.71288418474	2.41839444154	135
10	0.5	0.0	0.0	-0.260290453322	-0.72407342012	1.17897898455	-0.341144483367	-1.01211680041	2.79390548521	136
10	0.5	0.25	0.0	-0.715533506777	-0.699075577045	1.11700092151	-0.819082874038	-1.0238189394	2.75554238704	137
10	0.5	0.5	0.0	-1.22640844988	-0.613392080257	1.0179586676	-1.31858272068	-1.00813122789	2.70574325627	138
10	0.5	0.75	0.0	-1.75258032026	-0.504845145562	0.895584390249	-1.80750586671	-1.0062531626	2.63515485169	139
10	0.5	1.0	0.0	-2.25371415556	-0.411256988766	0.763610256881	-2.25371415556	-1.05938424024	2.53442393206	140
10	0.75	0.0	0.0	-0.273326102637	0.0541452897393	0.995924424904	-0.338930664315	-0.186145675894	2.66290614068	141
10	0.75	0.25	0.0	-0.734124489229	0.0693376517615	0.947338145181	-0.798290001062	-0.219524173568	2.64406361984	142
10	0.75	0.5	0.0	-1.24430748714	0.129948469358	0.864128469402	-1.27806738259	-0.227368379436	2.60589253072	143
10	0.75	0.75	0.0	-1.7602194984	0.201669191	0.778088339537	-1.76309497017	-0.242126500915	2.57036374816	144
10	0.75	1.0	0.0	-2.23820492507	0.25019126516	0.72101069756	-2.23820492507	-0.296246745426	2.55944814701	145
10	1.0	0.0	0.0	-0.236804467	0.71285769	0.716525424	-0.198335226845	0.513667995207	2.45879303201	146
10	1.0	0.25	0.0	-0.722958468412	0.731164011633	0.688674803381	-0.652828773974	0.491896357863	2.47136197214	147
10	1.0	0.5	0.0	-1.23963787856	0.788591733306	0.636309914772	-1.16069638959	0.484605187267	2.465301492	148
10	1.0	0.75	0.0	-1.75058696617	0.877175822326	0.572114350777	-1.69268711712	0.49149630638	2.44860616697	149
10	1.0	1.0	0.0	-2.21955	0.988951246	0.508771704	-2.21955	0.512271538164	2.42927057239	150
13	0.0	0.0	0.0	-0.236804467	0.71285769	0.716525424	-0.198335226845	0.513667995207	2.45879303201	151
13	0.0	0.25	0.0	-0.722958468412	0.731164011633	0.688674803381	-0.652828773974	0.491896357863	2.47136197214	152
13	0.0	0.5	0.0	-1.23963787856	0.788591733306	0.636309914772	-1.16069638959	0.484605187267	2.465301492	153
13	0.0	0.75	0.0	-1.75058696617	0.877175822326	0.572114350777	-1.69268711712	0.49149630638	2.44860616697	154
13	0.0	1.0	0.0	-2.21955	0.988951246	0.508771704	-2.21955	0.512271538164	2.42927057239	155
13	0.25	0.0	0.0	-0.189073142982	1.02661282461	0.57847347726	-0.110851305851	0.857696520815	2.27347893519	156
13	0.25	0.25	0.0	-0.703022874434	1.05759090189	0.56377043391	-0.587353641054	0.862492278895	2.29205160137	157
13	0.25	0.5	0.0	-1.22760649397	1.17292521498	0.533603591575	-1.11807973168	0.922630079908	2.29427719507	158
13	0.25	0.75	0.0	-1.73570373642	1.32976085062	0.478585706825	-1.66752736709	0.997662214314	2.27801192763	159
13	0.25	1.0	0.0	-2.2001943366	1.48524289556	0.389329536232	-2.2001943366	1.04714097258	2.24111201039	160
13	0.5	0.0	0.0	-0.124496448056	1.39431077265	0.464985127675	-0.0625111672113	1.27294853706	1.96930932173	161
13	0.5	0.25	0.0	-0.678077933276	1.42524698094	0.467211204782	-0.581158432489	1.29135648136	1.97966954709	162
13	0.5	0.5	0.0	-1.21547609728	1.60701446101	0.473725919091	-1.12829257533	1.42553315133	1.97934422492	163
13	0.5	0.75	0.0	-1.71961945801	1.81723465175	0.455214863284	-1.67026735566	1.55350530911	1.97837221687	164
13	0.5	1.0	0.0	-2.1734365334	1.93352899206	0.382363630044	-2.1734365334	1.55329971688	1.98679238457	165
13	0.75	0.0	0.0	-0.0571003838524	1.74402634162	0.363173777752	-0.0482167646318	1.66999551788	1.60946355422	166
13	0.75	0.25	0.0	-0.647324160168	1.76914395692	0.373289601753	-0.590434791271	1.69201437071	1.60374197707	167
13	0.75	0.5	0.0	-1.19757551635	1.99917559473	0.403513063627	-1.14277652686	1.86604587447	1.59227055423	168
13	0.75	0.75	0.0	-1.69958807619	2.24621896221	0.415931021833	-1.67205805606	2.02209459404	1.60621107728	169
13	0.75	1.0	0.0	-2.1450954635	2.32237176653	0.372630334834	-2.1450954635	1.99016509429	1.67672533783	170
13	1.0	0.0	0.0	-0.000910952	2.003834339	0.26015283	-0.0628700518197	1.95940893724	1.25712099522	171
13	1.0	0.25	0.0	-0.60996207034	2.02429353799	0.256298110582	-0.57137436039	1.97799135237	1.23379505909	172
13	1.0	0.5	0.0	-1.16823357901	2.2577247395	0.269801191489	-1.11297319262	2.1168997223	1.20482415564	173
13	1.0	0.75	0.0	-1.67286353618	2.52333551851	0.274663384151	-1.6440504415	2.26649907238	1.21805255144	174
13	1.0	1.0	0.0	-2.12099	2.64033345	0.244886	-2.12099	2.31715442798	1.32132451305	175
14	0.0	0.0	0.0	-0.000910952	2.003834339	0.26015283	-0.0628700518197	1.95940893724	1.25712099522	176
14	0.0	0.25	0.0	-0.60996207034	2.02429353799	0.256298110582	-0.57137436039	1.97799135237	1.23379505909	177
14	0.0	0.5	0.0	-1.16823357901	2.2577247395	0.269801191489	-1.11297319262	2.1168997223	1.20482415564	178
14	0.0	0.75	0.0	-1.67286353618	2.52333551851	0.274663384151	-1.6440504415	2.26649907238	1.21805255144	179
14	0.0	1.0	0.0	-2.12099	2.64033345	0.244886	-2.12099	2.31715442798	1.32132451305	180
14	0.25	0.0	0.0	0.0271206206704	2.10946059443	0.114620127119	-0.0754471462191	2.08508904699	0.940079138975	181
14	0.25	0.25	0.0	-0.581642375313	2.10646083698	0.0907136682592	-0.548156544311	2.07792772588	0.903631180323	182
14	0.25	0.5	0.0	-1.14417430276	2.31871869572	0.067745928373	-1.07408054683	2.16645934757	0.855346801746	183
14	0.25	0.75	0.0	-1.65302311335	2.57825100632	0.0385738896474	-1.60701025218	2.29592597828	0.844760316366	184
14	0.25	1.0	0.0	-2.10073675875	2.71707460445	-0.00394546573046	-2.10073675875	2.41156968418	0.921406037303	185
14	0.5	0.0	0.0	0.0513187222996	2.17856399233	-0.128388605113	-0.0809642803199	2.19009290838	0.491852191058	186
14	0.5	0.25	0.0	-0.552633916402	2.12065418447	-0.163745725476	-0.539744579369	2.13075272876	0.449788652178	187
14	0.5	0.5	0.0	-1.12286485899	2.29312045146	-0.212707002715	-1.05024558136	2.17542968158	0.398231878134	188
14	0.5	0.75	0.0	-1.6378119023	2.50721740208	-0.268818528238	-1.57484307354	2.26358164471	0.371779434199	189
14	0.5	1.0	0.0	-2.07591284317	2.57419964513	-0.325626393454	-2.07591284317	2.33466649601	0.405028885645	190
14	0.75	0.0	0.0	0.069172204029	2.20258130107	-0.383782534288	-0.0832747259155	2.25782434732	0.0437419838113	191
14	0.75	0.25	0.0	-0.526247187448	2.08281145523	-0.422867626852	-0.542481813772	2.13703839326	-0.00556429949357	192
14	0.75	0.5	0.0	-1.10219004644	2.19804400737	-0.489461618992	-1.03825580422	2.1363861167	-0.0630549229558	193
14	0.75	0.75	0.0	-1.6229535827	2.34330403997	-0.561619781008	-1.54892932554	2.17196325549	-0.101057431343	194
14	0.75	1.0	0.0	-2.052835006	2.3136166355	-0.617397383201	-2.052835006	2.15986554752	-0.0918993694241	195
14	1.0	0.0	0.0	0.078169917	2.172949289	-0.566470828	-0.0862317547994	2.27168718973	-0.272949650423	196
14	1.0	0.25	0.0	-0.505792682294	2.00887052402	-0.602439592098	-0.552711595731	2.09735675164	-0.340259448841	197
14	1.0	0.5	0.0	-1.08003466385	2.05060336412	-0.680421937674	-1.03489872343	2.04190404529	-0.425047909286	198
14	1.0	0.75	0.0	-1.60417183423	2.11958025415	-0.753935780163	-1.53064942812	2.02356799441	-0.473917616545	199
14	1.0	1.0	0.0	-2.03782	2.037233639	-0.776499035	-2.03782	1.96058752276	-0.433471155404	200
17	0.0	0.0	0.0	4.654147594	2.3162388	-0.230615834	4.70970502948	2.83553466533	0.500265144316	201
17	0.0	0.25	0.0	3.93055301404	2.70769469548	-0.263733906644	4.03501295699	3.17466598125	0.473396992573	202
17	0.0	0.5	0.0	3.35183150054	3.25568526664	-0.262000877856	3.35967777184	3.61592042043	0.447249091837	203
17	0.0	0.75	0.0	2.81091583527	3.71784845073	-0.257543332639	2.68647641851	3.97476573202	0.400711775002	204
17	0.0	1.0	0.0	2.2007388	3.851822185	-0.282487856	2.01818584145	4.06666966517	0.312675374957	205
17	0.25	0.0	0.0	4.64567409954	2.29367544868	-0.374645308556	4.72794791355	2.83275745546	0.267518408247	206
17	0.25	0.25	0.0	3.93232874506	2.68876492291	-0.434095208275	4.07114346443	3.18846966677	0.204720263136	207
17	0.25	0.5	0.0	3.34351658744	3.21348677688	-0.474009959415	3.4148505025	3.62330848129	0.139870046819	208
17	0.25	0.75	0.0	2.79214061094	3.65004802836	-0.508595299105	2.7550739459	3.97057024498	0.0658399406204	209
17	0.25	1.0	0.0	2.19110379984	3.7806556951	-0.552056964471	2.08781871273	4.06355130377	-0.0244978741356	210
17	0.5	0.0	0.0	4.61053827419	2.26308405834	-0.565842887851	4.73407552754	2.82280272692	-0.0394421103038	211
17	0.5	0.25	0.0	3.91216784	2.64846178022	-0.641287144543	4.09289929238	3.17960312137	-0.12749972112	212
17	0.5	0.5	0.0	3.29872518054	3.13669812542	-0.711108164478	3.45382167765	3.60761346598	-0.215625490377	213
17	0.5	0.75	0.0	2.73026178839	3.52545120838	-0.776551448959	2.81443163212	3.93217629683	-0.310695591673	214
17	0.5	1.0	0.0	2.16682915612	3.61237914355	-0.838862499286	2.17231810456	3.97863415002	-0.419586198607	215
17	0.75	0.0	0.0	4.56815180575	2.22439471834	-0.74961500397	4.73480539133	2.79905783264	-0.337863306392	216
17	0.75	0.25	0.0	3.88825763118	2.5886908581	-0.836207054802	4.10784989773	3.1431030208	-0.450210544651	217
17	0.75	0.5	0.0	3.25070333081	3.02438425344	-0.933980095905	3.48334756147	3.55152298717	-0.564026784285	218
17	0.75	0.75	0.0	2.66388947487	3.3515802657	-1.02788510679	2.86059449599	3.84304597842	-0.6833802667	219
17	0.75	1.0	0.0	2.13621663359	3.39038425622	-1.10287306696	2.23888681473	3.83640024122	-0.812339233303	220
17	1.0	0.0	0.0	4.537926382	2.177537518	-0.871368089	4.7368550248	2.75491012555	-0.544992075071	221
17	1.0	0.25	0.0	3.8787854509	2.5113577472	-0.969752278406	4.12356473738	3.07400604084	-0.690359791915	222
17	1.0	0.5	0.0	3.2326970892	2.87561010211	-1.10331035656	3.51018441814	3.43772465757	-0.850123099441	223
17	1.0	0.75	0.0	2.63163377765	3.13595747521	-1.22906959718	2.8896075563	3.68664138056	-1.00669952928	224
17	1.0	1.0	0.0	2.107567997	3.158062759	-1.304057274	2.25472764105	3.66133161467	-1.14250661307	225
18	0.0	0.0	0.0	2.2007388	3.851822185	-0.282487856	2.01818584145	4.06666966517	0.312675374957	226
18	0.0	0.25	0.0	1.65105557539	3.60930116941	-0.35324347537	1.45154005238	3.79451943169	0.170471422129	227
18	0.0	0.5	0.0	1.188858787	3.16800578535	-0.44815605082	0.948135498784	3.28690700766	-0.00796943337384	228
18	0.0	0.75	0.0	0.701959784358	2.64890037712	-0.53123027186	0.453651717457	2.72043029353	-0.172494141057	229
18	0.0	1.0	0.0	0.078169917	2.172949289	-0.566470828	-0.0862317547994	2.27168718973	-0.272949650423	230
18	0.25	0.0	0.0	2.19110379984	3.7806556951	-0.552056964471	2.08781871273	4.06355130377	-0.0244978741356	231
18	0.25	0.25	0.0	1.64597489235	3.53158568828	-0.617026330467	1.50457502349	3.79438140144	-0.160398525737	232
18	0.25	0.5	0.0	1.17332173115	3.06290449275	-0.692362615753	0.981174443517	3.27764171398	-0.339849096127	233
18	0.25	0.75	0.0	0.681673713236	2.52097046815	-0.747885416859	0.468821577485	2.69076740518	-0.50651147924	234
18	0.25	1.0	0.0	0.0795602355902	2.05214197414	-0.753414330313	-0.0812789699362	2.2111936388	-0.604047569008	235
18	0.5	0.0	0.0	2.16682915612	3.61237914355	-0.838862499286	2.17231810456	3.97863415002	-0.419586198607	236
18	0.5	0.25	0.0	1.65012476218	3.33109549564	-0.903506825829	1.57983913648	3.67287486676	-0.575321373374	237
18	0.5	0.5	0.0	1.16266187101	2.84548788244	-0.963885985934	1.02386975295	3.15498668611	-0.770219968146	238
18	0.5	0.75	0.0	0.655166256017	2.3054102254	-0.997828098963	0.484288586199	2.57641829166	-0.941036593251	239
18	0.5	1.0	0.0	0.0783636906301	1.86071644597	-0.98316128428	-0.0590257315475	2.08861836698	-1.02452585902	240
18	0.75	0.0	0.0	2.13621663359	3.39038425622	-1.10287306696	2.23888681473	3.83640024122	-0.812339233303	241
18	0.75	0.25	0.0	1.65072325153	3.07942837528	-1.16189291512	1.64040181943	3.49148838578	-0.990093339683	242
18	0.75	0.5	0.0	1.15596917301	2.57933757524	-1.20797322947	1.06554183265	2.97240209737	-1.20457639599	243
18	0.75	0.75	0.0	0.637350377785	2.04641085784	-1.22406868379	0.511338999536	2.40718295292	-1.37924523211	244
18	0.75	1.0	0.0	0.080262845605	1.63694722483	-1.19313395186	-0.0251745347592	1.92387252935	-1.43755667792	245
18	1.0	0.0	0.0	2.107567997	3.158062759	-1.304057274	2.25472764105	3.66133161467	-1.14250661307	246
18	1.0	0.25	0.0	1.63498842704	2.84818211102	-1.34139255199	1.64933250044	3.31171051668	-1.32051064356	247
18	1.0	0.5	0.0	1.15233360361	2.32803519194	-1.36987141446	1.09551108819	2.78334812109	-1.54841272623	248
18	1.0	0.75	0.0	0.643139043625	1.78816357438	-1.36961753694	0.561259073432	2.21286138888	-1.72431314485	249
18	1.0	1.0	0.0	0.090940264	1.419108831	-1.320754595	0.0145721253031	1.73686728099	-1.74631218318	250
19	0.0	0.0	0.0	4.537926382	2.177537518	-0.871368089	4.7368550248	2.75491012555	-0.544992075071	251
19	0.0	0.25	0.0	3.8787854509	2.5113577472	-0.969752278406	4.12356473738	3.07400604084	-0.690359791915	252
19	0.0	0.5	0.0	3.2326970892	2.87561010211	-1.10331035656	3.51018441814	3.43772465757	-0.850123099441	253
19	0.0	0.75	0.0	2.63163377765	3.13595747521	-1.22906959718	2.8896075563	3.68664138056	-1.00669952928	254
19	0.0	1.0	0.0	2.107567997	3.158062759	-1.304057274	2.25472764105	3.66133161467	-1.14250661307	255
19	0.25	0.0	0.0	4.48858144838	2.06207789854	-0.990050994751	4.75007083844	2.64254548547	-0.776369932469	256
19	0.25	0.25	0.0	3.85738144478	2.35830090581	-1.07584298329	4.15087365641	2.93264716281	-0.937750000858	257
19	0.25	0.5	0.0	3.21633196201	2.6599294203	-1.20985270902	3.52747523636	3.24196679815	-1.11847342709	258
19	0.25	0.75	0.0	2.61139827377	2.87058085819	-1.33889863807	2.89064568573	3.44909021032	-1.2910391275	259
19	0.25	1.0	0.0	2.08854565373	2.89387263567	-1.40979923653	2.25115511196	3.43260321812	-1.42794601839	260
19	0.5	0.0	0.0	4.40784096587	1.88147425144	-1.13584935453	4.76944147182	2.4755419941	-1.07452376304	261
19	0.5	0.25	0.0	3.80492450239	2.13482091796	-1.17999876542	4.18413469039	2.7384028004	-1.21887929227	262
19	0.5	0.5	0.0	3.17101056061	2.39873040836	-1.26136169188	3.53128347197	3.00048633433	-1.37446244126	263
19	0.5	0.75	0.0	2.57511218162	2.57944591855	-1.35319771361	2.87553485014	3.16753864047	-1.53251207745	264
19	0.5	1.0	0.0	2.08624240651	2.58321064444	-1.4287664103	2.28153585848	3.14530576338	-1.68426706829	265
19	0.75	0.0	0.0	4.32754450368	1.68513217163	-1.27702184905	4.78389976602	2.28792699683	-1.36898983056	266
19	0.75	0.25	0.0	3.75308039306	1.89149099416	-1.27812529709	4.21798409275	2.52122291988	-1.49101287767	267
19	0.75	0.5	0.0	3.13305273172	2.11198919761	-1.29712735963	3.54532060688	2.72971735958	-1.61490821493	268
19	0.75	0.75	0.0	2.55379183045	2.25324023797	-1.34270798122	2.88117908653	2.84536053813	-1.75369067226	269
19	0.75	1.0	0.0	2.10162800003	2.22185757124	-1.42354710642	2.34082930984	2.80010267777	-1.92037507955	270
19	1.0	0.0	0.0	4.279531631	1.522457254	-1.381827159	4.78237856217	2.11372783904	-1.5893043988	271
19	1.0	0.25	0.0	3.73351488614	1.67888434489	-1.36612825061	4.24705811696	2.31105748748	-1.71141596854	272
19	1.0	0.5	0.0	3.13877832207	1.81968191935	-1.35643976676	3.59329812301	2.44609396735	-1.83662882113	273
19	1.0	0.75	0.0	2.57845354946	1.88265139814	-1.37817059828	2.94448243191	2.48592977045	-1.97714720508	274
19	1.0	1.0	0.0	2.135672179	1.805594202	-1.456729636	2.42399489529	2.39765738861	-2.14517536891	275
20	0.0	0.0	0.0	2.107567997	3.158062759	-1.304057274	2.25472764105	3.66133161467	-1.14250661307	276
20	0.0	0.25	0.0	1.63498842704	2.84818211102	-1.34139255199	1.64933250044	3.31171051668	-1.32051064356	277
20	0.0	0.5	0.0	1.15233360361	2.32803519194	-1.36987141446	1.09551108819	2.78334812109	-1.54841272623	278
20	0.0	0.75	0.0	0.643139043625	1.78816357438	-1.36961753694	0.561259073432	2.21286138888	-1.72431314485	279
20	0.0	1.0	0.0	0.090940264	1.419108831	-1.320754595	0.0145721253031	1.73686728099	-1.74631218318	280
20	0.25	0.0	0.0	2.08854565373	2.89387263567	-1.40979923653	2.25115511196	3.43260321812	-1.42794601839	281
20	0.25	0.25	0.0	1.62466353811	2.5973093307	-1.43702515933	1.66024727065	3.10136255038	-1.60184874102	282
20	0.25	0.5	0.0	1.15729698743	2.06604886716	-1.45500766854	1.13408791486	2.55877925745	-1.82288711616	283
20	0.25	0.75	0.0	0.658819349304	1.52066743091	-1.4486380012	0.614821896596	1.96833057779	-1.98295251938	284
20	0.25	1.0	0.0	0.101603971338	1.18174120779	-1.40280739431	0.0445940678845	1.49349374984	-1.97393632627	285
20	0.5	0.0	0.0	2.08624240651	2.58321064444	-1.4287664103	2.28153585848	3.14530576338	-1.68426706829	286
20	0.5	0.25	0.0	1.6437155911	2.2781652902	-1.48192623687	1.73248344052	2.81671624522	-1.87647266528	287
20	0.5	0.5	0.0	1.1735704642	1.75698749405	-1.51012430775	1.19734384733	2.26343132404	-2.07903229718	288
20	0.5	0.75	0.0	0.663924132763	1.2297016841	-1.51772272887	0.648719637602	1.66159642534	-2.21116340878	289
20	0.5	1.0	0.0	0.102893703711	0.906332288445	-1.50908360615	0.0592133700516	1.18735697459	-2.19208344486	290
20	0.75	0.0	0.0	2.10162800003	2.22185757124	-1.42354710642	2.34082930984	2.80010267777	-1.92037507955	291
20	0.75	0.25	0.0	1.67337319595	1.90967349611	-1.51094123386	1.8250289186	2.46917413804	-2.12691749713	292
20	0.75	0.5	0.0	1.18970592845	1.42491475245	-1.55830995663	1.25926811479	1.92240927638	-2.30132228831	293
20	0.75	0.75	0.0	0.661600215218	0.942394358215	-1.58941699385	0.666225607291	1.33334798606	-2.40062376831	294
20	0.75	1.0	0.0	0.100030073979	0.636925331383	-1.62802606466	0.0685801049987	0.875530160306	-2.38185625234	295
20	1.0	0.0	0.0	2.135672179	1.805594202	-1.456729636	2.42399489529	2.39765738861	-2.14517536891	296
20	1.0	0.25	0.0	1.69486496263	1.51075745507	-1.55891559955	1.89687161343	2.07013876569	-2.3357183174	297
20	1.0	0.5	0.0	1.19425527468	1.09389432223	-1.62265323974	1.29384994642	1.56081806998	-2.47423110859	298
20	1.0	0.75	0.0	0.654994417885	0.685873477532	-1.67626607006	0.670613116505	1.02427431446	-2.54301155323	299
20	1.0	1.0	0.0	0.098233695	0.417563595	-1.748077604	0.0828443459199	0.615086512101	-2.52435746205	300
25	0.0	0.0	0.0	4.279531631	1.522457254	-1.381827159	4.78237856217	2.11372783904	-1.5893043988	301
25	0.0	0.25	0.0	3.73351488614	1.67888434489	-1.36612825061	4.24705811696	2.31105748748	-1.71141596854	302
25	0.0	0.5	0.0	3.13877832207	1.81968191935	-1.35643976676	3.59329812301	2.44609396735	-1.83662882113	303
25	0.0	0.75	0.0	2.57845354946	1.88265139814	-1.37817059828	2.94448243191	2.48592977045	-1.97714720508	304
25	0.0	1.0	0.0	2.135672179	1.805594202	-1.456729636	2.42399489529	2.39765738861	-2.14517536891	305
25	0.25	0.0	0.0	4.23754687739	0.979983434071	-1.60698003948	4.72674068487	1.45001266719	-2.00064502723	306
25	0.25	0.25	0.0	3.74775459894	1.02947681948	-1.61953896357	4.25402265714	1.54656523879	-2.16519774657	307
25	0.25	0.5	0.0	3.20729809368	0.981559595533	-1.62909321877	3.6787772651	1.52003805082	-2.3300627389	308
25	0.25	0.75	0.0	2.67353242529	0.86723632214	-1.6548322844	3.08203471701	1.40363413091	-2.48107826197	309
25	0.25	1.0	0.0	2.20381265744	0.717511559211	-1.71594563981	2.54482522114	1.23055650671	-2.60408257352	310
25	0.5	0.0	0.0	4.23101509429	0.256226931962	-1.78850085844	4.66695406429	0.567379462436	-2.23636530709	311
25	0.5	0.25	0.0	3.75919294561	0.23124662549	-1.84804844715	4.1940557824	0.568707363234	-2.43103852462	312
25	0.5	0.5	0.0	3.22297495616	0.111618462641	-1.9036283788	3.62619167058	0.4594737626	-2.60477270005	313
25	0.5	0.75	0.0	2.68387434483	-0.0516261912587	-1.95891693549	3.0371614036	0.287207470744	-2.73914512995	314
25	0.5	1.0	0.0	2.2034043305	-0.207455970884	-2.01759039932	2.50076465623	0.0994372978748	-2.81573311087	315
25	0.75	0.0	0.0	4.24333906905	-0.484508366628	-1.88562909843	4.64217083192	-0.309135383134	-2.26991121372	316
25	0.75	0.25	0.0	3.76982119142	-0.567102791865	-1.9883211539	4.14792440965	-0.382512093324	-2.47600088684	317
25	0.75	0.5	0.0	3.21723147249	-0.708319981301	-2.08760270122	3.5607724176	-0.529055318003	-2.64272159319	318
25	0.75	0.75	0.0	2.66092064153	-0.870483789752	-2.17267237739	2.96082936171	-0.708828085837	-2.75723687067	319
25	0.75	1.0	0.0	2.17623942781	-1.01591807204	-2.23272881943	2.42820974792	-0.881893425493	-2.80671025717	320
25	1.0	0.0	0.0	4.257921589	-1.077918576	-1.857604242	4.69154311923	-0.954495477441	-2.07472872248	321
25	1.0	0.25	0.0	3.78163060165	-1.21686798736	-1.97702153635	4.19639545578	-1.06708908501	-2.26714741737	322
25	1.0	0.5	0.0	3.22149020568	-1.39643423827	-2.08857364038	3.6077505843	-1.23900561168	-2.42587230694	323
25	1.0	0.75	0.0	2.65611264887	-1.58588412104	-2.17834643597	3.00400546137	-1.42995041462	-2.54124254581	324
25	1.0	1.0	0.0	2.164110179	-1.754484428	-2.232425805	2.46355704357	-1.59962885099	-2.60359728865	325
26	0.0	0.0	0.0	2.135672179	1.805594202	-1.456729636	2.42399489529	2.39765738861	-2.14517536891	326
26	0.0	0.25	0.0	1.69486496263	1.51075745507	-1.55891559955	1.89687161343	2.07013876569	-2.3357183174	327
26	0.0	0.5	0.0	1.19425527468	1.09389432223	-1.62265323974	1.29384994642	1.56081806998	-2.47423110859	328
26	0.0	0.75	0.0	0.654994417885	0.685873477532	-1.67626607006	0.670613116505	1.02427431446	-2.54301155323	329
26	0.0	1.0	0.0	0.098233695	0.417563595	-1.748077604	0.0828443459199	0.615086512101	-2.52435746205	330
26	0.25	0.0	0.0	2.20381265744	0.717511559211	-1.71594563981	2.54482522114	1.23055650671	-2.60408257352	331
26	0.25	0.25	0.0	1.70408450294	0.493811826127	-1.79716055425	1.94997671598	0.933503715949	-2.69931821895	332
26	0.25	0.5	0.0	1.16408586822	0.222114687855	-1.85988712135	1.29722485921	0.542066167215	-2.75002765959	333
26	0.25	0.75	0.0	0.609140889821	-0.0304330226469	-1.92138540176	0.661367783957	0.162027516138	-2.758957346	334
26	0.25	1.0	0.0	0.0645737042803	-0.196684472423	-1.99891545614	0.117203623384	-0.100828581655	-2.72885372871	335
26	0.5	0.0	0.0	2.2034043305	-0.207455970884	-2.01759039932	2.50076465623	0.0994372978748	-2.81573311087	336
26	0.5	0.25	0.0	1.68455200848	-0.402866672828	-2.06727531345	1.90960653392	-0.161677898323	-2.84260708116	337
26	0.5	0.5	0.0	1.11255933106	-0.642110489712	-2.09121719576	1.26403957838	-0.485547658657	-2.83507323841	338
26	0.5	0.75	0.0	0.531866270783	-0.856291056488	-2.10792097882	0.640157439912	-0.782806041238	-2.80351688137	339
26	0.5	1.0	0.0	-0.0130871998136	-0.976512008112	-2.1358915952	0.11405376883	-0.964087104176	-2.75832330881	340
26	0.75	0.0	0.0	2.17623942781	-1.01591807204	-2.23272881943	2.42820974792	-0.881893425493	-2.80671025717	341
26	0.75	0.25	0.0	1.65447063097	-1.20678860225	-2.25461512337	1.85802760954	-1.10767767068	-2.79991769253	342
26	0.75	0.5	0.0	1.05750214452	-1.45168868518	-2.23796369375	1.22667811283	-1.38781358625	-2.76033798612	343
26	0.75	0.75	0.0	0.45185778451	-1.66707150847	-2.20368938828	0.607876145292	-1.6393365798	-2.70230153646	344
26	0.75	1.0	0.0	-0.0959386330008	-1.76939025974	-2.17270706467	0.0753365944433	-1.77928205894	-2.64013874202	345
26	1.0	0.0	0.0	2.164110179	-1.754484428	-2.232425805	2.46355704357	-1.59962885099	-2.60359728865	346
26	1.0	0.25	0.0	1.6320435221	-1.94546452258	-2.24453523027	1.87750648515	-1.79676719468	-2.60558284156	347
26	1.0	0.5	0.0	1.0167407899	-2.15952737327	-2.22144684612	1.21752447145	-2.03052179418	-2.55679204382	348
26	1.0	0.75	0.0	0.397802654742	-2.33814526307	-2.17650721716	0.565417961017	-2.2366743217	-2.48092268834	349
26	1.0	1.0	0.0	-0.145170211	-2.422790475	-2.123062908	0.00299391240472	-2.35100644942	-2.40167256804	350
27	0.0	0.0	0.0	4.257921589	-1.077918576	-1.857604242	4.69154311923	-0.954495477441	-2.07472872248	351
27	0.0	0.25	0.0	3.78163060165	-1.21686798736	-1.97702153635	4.19639545578	-1.06708908501	-2.26714741737	352
27	0.0	0.5	0.0	3.22149020568	-1.39643423827	-2.08857364038	3.6077505843	-1.23900561168	-2.42587230694	353
27	0.0	0.75	0.0	2.65611264887	-1.58588412104	-2.17834643597	3.00400546137	-1.42995041462	-2.54124254581	354
27	0.0	1.0	0.0	2.164110179	-1.754484428	-2.232425805	2.46355704357	-1.59962885099	-2.60359728865	355
27	0.25	0.0	0.0	4.31985638776	-1.5006991461	-1.68639429321	4.73301306097	-1.37746220449	-1.64450185599	356
27	0.25	0.25	0.0	3.83593141654	-1.68815647959	-1.78983783893	4.24409358749	-1.51548306921	-1.81278696458	357
27	0.25	0.5	0.0	3.26996218936	-1.90893137068	-1.87587069558	3.66516284946	-1.71818739436	-1.95472458029	358
27	0.25	0.75	0.0	2.6928573416	-2.13229991297	-1.93990552883	3.06491836728	-1.93671327844	-2.0689093618	359
27	0.25	1.0	0.0	2.17552550863	-2.32753820008	-1.97735500435	2.51205766132	-2.12219881996	-2.1539359678	360
27	0.5	0.0	0.0	4.44097363437	-1.97590116609	-1.37594973395	4.72453808324	-1.85691207235	-0.95991058761	361
27	0.5	0.25	0.0	3.93812401995	-2.21461165111	-1.44279684515	4.22860123309	-2.03922657701	-1.09499354113	362
27	0.5	0.5	0.0	3.35245793026	-2.46643035802	-1.48050650896	3.65111919066	-2.28678529641	-1.19682051809	363
27	0.5	0.75	0.0	2.74758340166	-2.70663215647	-1.49967021444	3.05126151042	-2.54424417626	-1.28473729776	364
27	0.5	1.0	0.0	2.18710847052	-2.91049191608	-1.51087945064	2.48819774685	-2.75625916229	-1.37808965943	365
27	0.75	0.0	0.0	4.54713162605	-2.35935243278	-0.996774401216	4.69052495553	-2.23125107954	-0.214150074859	366
27	0.75	0.25	0.0	4.02606893632	-2.6392998465	-1.01612972866	4.18567557367	-2.45894934076	-0.306454853554	367
27	0.75	0.5	0.0	3.41770921829	-2.90956822815	-0.999443837063	3.60515655912	-2.7477578334	-0.361644452297	368
27	0.75	0.75	0.0	2.78354449498	-3.15439214536	-0.970670791451	3.00220889195	-3.0428214932	-0.415623428631	369
27	0.75	1.0	0.0	2.18506678941	-3.35800616579	-0.953764656857	2.43007355222	-3.28928525591	-0.5042963401	370
27	1.0	0.0	0.0	4.56418866	-2.506880743	-0.619372132	4.65538044734	-2.33888522461	0.399584524756	371
27	1.0	0.25	0.0	4.03762669005	-2.80528741036	-0.590067663119	4.15107379035	-2.59528109278	0.360141391636	372
27	1.0	0.5	0.0	3.41444784333	-3.07898200888	-0.529645436423	3.5668119061	-2.90406352088	0.341319285147	373
27	1.0	0.75	0.0	2.76399428745	-3.32109117347	-0.465937558516	2.956934513	-3.22272361438	0.311535170687	374
27	1.0	1.0	0.0	2.15560819	-3.524741539	-0.426776136	2.37578132949	-3.50875247875	0.239206013655	375
28	0.0	0.0	0.0	2.164110179	-1.754484428	-2.232425805	2.46355704357	-1.59962885099	-2.60359728865	376
28	0.0	0.25	0.0	1.6320435221	-1.94546452258	-2.24453523027	1.87750648515	-1.79676719468	-2.60558284156	377
28	0.0	0.5	0.0	1.0167407899	-2.15952737327	-2.22144684612	1.21752447145	-2.03052179418	-2.55679204382	378
28	0.0	0.75	0.0	0.397802654742	-2.33814526307	-2.17650721716	0.565417961017	-2.2366743217	-2.48092268834	379
28	0.0	1.0	0.0	-0.145170211	-2.422790475	-2.123062908	0.00299391240472	-2.35100644942	-2.40167256804	380
28	0.25	0.0	0.0	2.17552550863	-2.32753820008	-1.97735500435	2.51205766132	-2.12219881996	-2.1539359678	381
28	0.25	0.25	0.0	1.62104488791	-2.52562169649	-1.98894011726	1.90120499193	-2.31395563072	-2.18381252237	382
28	0.25	0.5	0.0	0.991323575589	-2.72735326244	-1.97775662453	1.20439164279	-2.5295464987	-2.14768687493	383
28	0.25	0.75	0.0	0.365442557857	-2.88894457647	-1.94828215341	0.513005399545	-2.71465796732	-2.07598692004	384
28	0.25	1.0	0.0	-0.177517179102	-2.96660731709	-1.90499433116	-0.0815659521588	-2.81497658004	-1.99914055228	385
28	0.5	0.0	0.0	2.18710847052	-2.91049191608	-1.51087945064	2.48819774685	-2.75625916229	-1.37808965943	386
28	0.5	0.25	0.0	1.60711312959	-3.11261756626	-1.5193211221	1.87394889784	-2.95013697889	-1.4464001566	387
28	0.5	0.5	0.0	0.963733017484	-3.3213539644	-1.51899974652	1.16457410211	-3.15362109887	-1.45815035762	388
28	0.5	0.75	0.0	0.328868030517	-3.48533998528	-1.50686213354	0.453092379424	-3.31946461457	-1.43192872454	389
28	0.5	1.0	0.0	-0.225581935009	-3.55321450369	-1.47985509281	-0.16747725045	-3.40042061832	-1.38632371944	390
28	0.75	0.0	0.0	2.18506678941	-3.35800616579	-0.953764656857	2.43007355222	-3.28928525591	-0.5042963401	391
28	0.75	0.25	0.0	1.58847817421	-3.56252485064	-0.95662500352	1.82271471751	-3.49686315613	-0.60493758458	392
28	0.75	0.5	0.0	0.937710358032	-3.78309535731	-0.964358399466	1.1170763872	-3.69505620646	-0.673670557547	393
28	0.75	0.75	0.0	0.297616689214	-3.95444497732	-0.96832517653	0.401674760685	-3.84452582905	-0.705882890425	394
28	0.75	1.0	0.0	-0.266949483912	-4.0113010022	-0.959885666548	-0.234973962625	-3.90593344602	-0.696962214639	395
28	1.0	0.0	0.0	2.15560819	-3.524741539	-0.426776136	2.37578132949	-3.50875247875	0.239206013655	396
28	1.0	0.25	0.0	1.56336994884	-3.73141626835	-0.42179852028	1.77447896556	-3.74568607942	0.128983353383	397
28	1.0	0.5	0.0	0.916996839686	-3.95414331933	-0.433014770746	1.08090303584	-3.94616243325	0.0202644596328	398
28	1.0	0.75	0.0	0.281226150438	-4.1233730404	-0.448749301339	0.374748403357	-4.08327317637	-0.0549842062668	399
28	1.0	1.0	0.0	-0.279204831	-4.16955578	-0.457326526	-0.264290068842	-4.1301099449	-0.0647961829876	400
33	0.0	0.0	0.0	4.56418866	-2.506880743	-0.619372132	4.65538044734	-2.33888522461	0.399584524756	401
33	0.0	0.25	0.0	4.03762669005	-2.80528741036	-0.590067663119	4.15107379035	-2.59528109278	0.360141391636	402
33	0.0	0.5	0.0	3.41444784333	-3.07898200888	-0.529645436423	3.5668119061	-2.90406352088	0.341319285147	403
33	0.0	0.75	0.0	2.76399428745	-3.32109117347	-0.465937558516	2.956934513	-3.22272361438	0.311535170687	404
33	0.0	1.0	0.0	2.15560819	-3.524741539	-0.426776136	2.37578132949	-3.50875247875	0.239206013655	405
33	0.25	0.0	0.0	4.44557474131	-2.3145934175	-0.22659141929	4.57321309422	-2.12540846304	0.963568831348	406
33	0.25	0.25	0.0	3.93079734403	-2.60119977397	-0.152411611015	4.07588362864	-2.39132007555	0.986268911952	407
33	0.25	0.5	0.0	3.31556319925	-2.87479181043	-0.0606866119646	3.49628883308	-2.7138231542	0.993589553738	408
33	0.25	0.75	0.0	2.67523492739	-3.12168847821	0.0253816775857	2.89131747235	-3.0502345992	0.979080151401	409
33	0.25	1.0	0.0	2.08517514887	-3.32820872864	0.0825913573597	2.31785831127	-3.35787131074	0.936290099637	410
33	0.5	0.0	0.0	4.25988768213	-1.87533712279	0.136672341239	4.42440057633	-1.73649114967	1.51506356415	411
33	0.5	0.25	0.0	3.75990534577	-2.13002963587	0.256749707626	3.9263005117	-1.99561946782	1.60662489761	412
33	0.5	0.5	0.0	3.16846272283	-2.40532072432	0.396233870333	3.35832662318	-2.33268891775	1.66943263731	413
33	0.5	0.75	0.0	2.55567023677	-2.66473169866	0.523999038856	2.77457413323	-2.68315403403	1.70450287372	414
33	0.5	1.0	0.0	1.991638311	-2.87178386938	0.608919422694	2.22913826429	-2.98246935124	1.71285169732	415
33	0.75	0.0	0.0	4.08778056514	-1.33368876919	0.428265691899	4.26326898328	-1.28328100739	1.95959217961	416
33	0.75	0.25	0.0	3.59538510393	-1.55291068879	0.590452460399	3.75609065954	-1.51924215772	2.11288719041	417
33	0.75	0.5	0.0	3.02796803973	-1.82218541269	0.777981753563	3.19769150938	-1.85136476036	2.24095149109	418
33	0.75	0.75	0.0	2.4457916863	-2.08611020172	0.94782320409	2.6359644648	-2.19714504023	2.33693044238	419
33	0.75	1.0	0.0	1.90911835737	-2.28928231668	1.05694644468	2.11880245778	-2.47407922222	2.39396940503	420
33	1.0	0.0	0.0	4.009906473	-0.834225267	0.606035175	4.14414440467	-0.87692575905	2.20267813416	421
33	1.0	0.25	0.0	3.50767102719	-1.03097662548	0.801732814899	3.61902029218	-1.07325103335	2.39673363211	422
33	1.0	0.5	0.0	2.94890077557	-1.27700253766	1.02142278082	3.05914972466	-1.36055463088	2.58024907028	423
33	1.0	0.75	0.0	2.38609074667	-1.52171335427	1.21476285208	2.50474843622	-1.66787073914	2.72548996211	424
33	1.0	1.0	0.0	1.871735969	-1.714519426	1.331410808	1.99603216094	-1.92423354561	2.80472182107	425
34	0.0	0.0	0.0	2.15560819	-3.524741539	-0.426776136	2.37578132949	-3.50875247875	0.239206013655	426
34	0.0	0.25	0.0	1.56336994884	-3.73141626835	-0.42179852028	1.77447896556	-3.74568607942	0.128983353383	427
34	0.0	0.5	0.0	0.916996839686	-3.95414331933	-0.433014770746	1.08090303584	-3.94616243325	0.0202644596328	428
34	0.0	0.75	0.0	0.281226150438	-4.1233730404	-0.448749301339	0.374748403357	-4.08327317637	-0.0549842062668	429
34	0.0	1.0	0.0	-0.279204831	-4.16955578	-0.457326526	-0.264290068842	-4.1301099449	-0.0647961829876	430
34	0.25	0.0	0.0	2.08517514887	-3.32820872864	0.0825913573597	2.31785831127	-3.35787131074	0.936290099637	431
34	0.25	0.25	0.0	1.51798207483	-3.52634980144	0.105760137408	1.73647766607	-3.61010756248	0.850879665728	432
34	0.25	0.5	0.0	0.890839523637	-3.73279691492	0.111759857701	1.06791934094	-3.81628802444	0.742242140752	433
34	0.25	0.75	0.0	0.271948665973	-3.88608927142	0.104053455016	0.383855578793	-3.95090984008	0.658747410928	434
34	0.25	1.0	0.0	-0.27048932749	-3.92476607327	0.0861038661287	-0.244041377452	-3.98847015288	0.648765362475	435
34	0.5	0.0	0.0	1.991638311	-2.87178386938	0.608919422694	2.22913826429	-2.98246935124	1.71285169732	436
34	0.5	0.25	0.0	1.45655532214	-3.04873949516	0.64890067358	1.68863431935	-3.21872557288	1.6624833053	437
34	0.5	0.5	0.0	0.856595200013	-3.2305809234	0.669513596004	1.05851088118	-3.42766092961	1.56365295322	438
34	0.5	0.75	0.0	0.260528877349	-3.36574852275	0.667345489231	0.406374182682	-3.56841267367	1.47456469089	439
34	0.5	1.0	0.0	-0.262872713127	-3.40268266183	0.638983652527	-0.200169543271	-3.60011805727	1.45342256813	440
34	0.75	0.0	0.0	1.90911835737	-2.28928231668	1.05694644468	2.11880245778	-2.47407922222	2.39396940503	441
34	0.75	0.25	0.0	1.40424366245	-2.44472921076	1.10345073715	1.61752707802	-2.68625011356	2.37543931585	442
34	0.75	0.5	0.0	0.829035696586	-2.60344092638	1.12475077486	1.02466385728	-2.89438361598	2.29528672792	443
34	0.75	0.75	0.0	0.25353453591	-2.72335318054	1.1170507541	0.406701880225	-3.04219565591	2.20887178223	444
34	0.75	1.0	0.0	-0.25221974345	-2.76240169023	1.07655487116	-0.169869768462	-3.07340215975	2.17155461975	445
34	1.0	0.0	0.0	1.871735969	-1.714519426	1.331410808	1.99603216094	-1.92423354561	2.80472182107	446
34	1.0	0.25	0.0	1.38620106745	-1.86046280946	1.36523797705	1.50973409473	-2.12739118747	2.80139274113	447
34	1.0	0.5	0.0	0.822932841127	-2.00732250544	1.36197572497	0.938364469942	-2.33055855076	2.74793329576	448
34	1.0	0.75	0.0	0.257533392996	-2.11990563095	1.32909320241	0.349236336622	-2.47867276557	2.67807283355	449
34	1.0	1.0	0.0	-0.234395174	-2.163019303	1.27405956	-0.190337255185	-2.516670962	2.6255407031	450
35	0.0	0.0	0.0	4.009906473	-0.834225267	0.606035175	4.14414440467	-0.87692575905	2.20267813416	451
35	0.0	0.25	0.0	3.50767102719	-1.03097662548	0.801732814899	3.61902029218	-1.07325103335	2.39673363211	452
35	0.0	0.5	0.0	2.94890077557	-1.27700253766	1.02142278082	3.05914972466	-1.36055463088	2.58024907028	453
35	0.0	0.75	0.0	2.38609074667	-1.52171335427	1.21476285208	2.50474843622	-1.66787073914	2.72548996211	454
35	0.0	1.0	0.0	1.871735969	-1.714519426	1.331410808	1.99603216094	-1.92423354561	2.80472182107	455
35	0.25	0.0	0.0	4.03457911792	-0.250837803715	0.725949451603	4.09641655389	-0.363848859502	2.29645317863	456
35	0.25	0.25	0.0	3.5163199801	-0.419017123693	0.9047514312	3.56076186824	-0.512162027641	2.49512178677	457
35	0.25	0.5	0.0	2.94614417067	-0.649982314562	1.09255085964	2.97834700118	-0.743909013827	2.6897138195	458
35	0.25	0.75	0.0	2.37961232603	-0.888307196041	1.252379996	2.40074551881	-1.00442135144	2.84326759419	459
35	0.25	1.0	0.0	1.87228508253	-1.07856558785	1.34727109934	1.87953098725	-1.23903057386	2.91882142819	460
35	0.5	0.0	0.0	4.09779362828	0.445279258762	0.82154376944	4.10289315424	0.318734345346	2.32092270845	461
35	0.5	0.25	0.0	3.57442263065	0.326807003141	0.919281516656	3.57654504452	0.204917481932	2.48714766553	462
35	0.5	0.5	0.0	2.98729475598	0.0843679634749	1.005776676	2.96949338524	-0.0150971364997	2.63645379568	463
35	0.5	0.75	0.0	2.40307457329	-0.186489970121	1.07728051262	2.36171578264	-0.267785816994	2.75110336702	464
35	0.5	1.0	0.0	1.8884266516	-0.390218907532	1.13004429164	1.83318984294	-0.479624866597	2.81335864764	465
35	0.75	0.0	0.0	4.17031012501	1.12076067811	0.856036420557	4.11879467463	1.04985552245	2.26392805248	466
35	0.75	0.25	0.0	3.64252812766	1.06845299388	0.860438996945	3.6040312208	0.968937448339	2.38417708734	467
35	0.75	0.5	0.0	3.04321118307	0.852016201226	0.840933666415	2.99438139041	0.757914483822	2.47629985465	468
35	0.75	0.75	0.0	2.44730082185	0.58529127394	0.823435398973	2.38386312454	0.510211333272	2.54247886402	469
35	0.75	1.0	0.0	1.92973857462	0.382119185801	0.833859164622	1.86649436429	0.319252701063	2.58489662508	470
35	1.0	0.0	0.0	4.222888729	1.642241212	0.792645697	4.09934158395	1.70854633875	2.11331053956	471
35	1.0	0.25	0.0	3.68118561992	1.66787808736	0.743339797745	3.58088179686	1.67084782455	2.19757587115	472
35	1.0	0.5	0.0	3.08475210352	1.57893030347	0.677855267389	3.01480353024	1.50715932986	2.26508285223	473
35	1.0	0.75	0.0	2.5031144051	1.42858948659	0.624815652089	2.46339144138	1.29774556843	2.31087566864	474
35	1.0	1.0	0.0	2.00579875	1.270047263	0.612844498	1.98893018755	1.12287125399	2.32999850618	475
36	0.0	0.0	0.0	1.871735969	-1.714519426	1.331410808	1.99603216094	-1.92423354561	2.80472182107	476
36	0.0	0.25	0.0	1.38620106745	-1.86046280946	1.36523797705	1.50973409473	-2.12739118747	2.80139274113	477
36	0.0	0.5	0.0	0.822932841127	-2.00732250544	1.36197572497	0.938364469942	-2.33055855076	2.74793329576	478
36	0.0	0.75	0.0	0.257533392996	-2.11990563095	1.32909320241	0.349236336622	-2.47867276557	2.67807283355	479
36	0.0	1.0	0.0	-0.234395174	-2.163019303	1.27405956	-0.190337255185	-2.516670962	2.6255407031	480
36	0.25	0.0	0.0	1.87228508253	-1.07856558785	1.34727109934	1.87953098725	-1.23903057386	2.91882142819	481
36	0.25	0.25	0.0	1.38653555657	-1.21862099371	1.37120331172	1.38811226133	-1.43442625315	2.92272563634	482
36	0.25	0.5	0.0	0.820287915677	-1.35331953636	1.35916721168	0.823084698603	-1.6262169202	2.89638511555	483
36	0.25	0.75	0.0	0.253240215681	-1.45669866359	1.32191285512	0.248908988076	-1.77285183723	2.85131627426	484
36	0.25	1.0	0.0	-0.234909487596	-1.50279582317	1.27019029792	-0.269954181242	-1.83278026642	2.79903552091	485
36	0.5	0.0	0.0	1.8884266516	-0.390218907532	1.13004429164	1.83318984294	-0.479624866597	2.81335864764	486
36	0.5	0.25	0.0	1.38833134804	-0.512356143627	1.16744008512	1.33644943368	-0.641625330223	2.83365678714	487
36	0.5	0.5	0.0	0.813637532643	-0.612661049141	1.19387410021	0.767450222227	-0.800612508915	2.83559220244	488
36	0.5	0.75	0.0	0.239159000499	-0.685208511998	1.20062688424	0.187737239556	-0.932228849901	2.82154754973	489
36	0.5	1.0	0.0	-0.260290453322	-0.72407342012	1.17897898455	-0.341144483367	-1.01211680041	2.79390548521	490
36	0.75	0.0	0.0	1.92973857462	0.382119185801	0.833859164622	1.86649436429	0.319252701063	2.58489662508	491
36	0.75	0.25	0.0	1.41918582525	0.260158300161	0.881735238972	1.3688180132	0.179876520009	2.61490739749	492
36	0.75	0.5	0.0	0.837967065805	0.162460240458	0.942250055069	0.793722062602	0.0347414185061	2.6395822732	493
36	0.75	0.75	0.0	0.251867891449	0.0925981794117	0.989085741013	0.203656005696	-0.0944876359581	2.65641670375	494
36	0.75	1.0	0.0	-0.273326102637	0.0541452897393	0.995924424904	-0.338930664315	-0.186145675894	2.66290614068	495
36	1.0	0.0	0.0	2.00579875	1.270047263	0.612844498	1.98893018755	1.12287125399	2.32999850618	496
36	1.0	0.25	0.0	1.50669637163	1.10074889702	0.641875715033	1.49929040132	0.958944236263	2.34719867134	497
36	1.0	0.5	0.0	0.928261888939	0.919851616664	0.6804487408	0.924161241516	0.768331597466	2.3823830446	498
36	1.0	0.75	0.0	0.32794503253	0.774754766222	0.711139876667	0.334600201128	0.602687972236	2.42357378011	499
36	1.0	1.0	0.0	-0.236804467	0.71285769	0.716525424	-0.198335226845	0.513667995207	2.45879303201	500
41	0.0	0.0	0.0	4.222888729	1.642241212	0.792645697	4.09934158395	1.70854633875	2.11331053956	501
41	0.0	0.25	0.0	3.68118561992	1.66787808736	0.743339797745	3.58088179686	1.67084782455	2.19757587115	502
41	0.0	0.5	0.0	3.08475210352	1.57893030347	0.677855267389	3.01480353024	1.50715932986	2.26508285223	503
41	0.0	0.75	0.0	2.5031144051	1.42858948659	0.624815652089	2.46339144138	1.29774556843	2.31087566864	504
41	0.0	1.0	0.0	2.00579875	1.270047263	0.612844498	1.98893018755	1.12287125399	2.32999850618	505
41	0.25	0.0	0.0	4.24010364084	1.80525051925	0.734732034429	4.10674891934	1.92443115682	2.01185350656	506
41	0.25	0.25	0.0	3.67879571503	1.90286077156	0.694637701976	3.57354635408	1.9541196362	2.09118831754	507
41	0.25	0.5	0.0	3.0862537227	1.96385778241	0.668166563305	3.01122499955	1.91665659477	2.16240052275	508
41	0.25	0.75	0.0	2.52278528686	1.95680862012	0.650859830208	2.47299916364	1.81986293072	2.20651818559	509
41	0.25	1.0	0.0	2.04869803055	1.850280353	0.638258714476	2.01208315422	1.67155954227	2.20456936947	510
41	0.5	0.0	0.0	4.26752111966	2.01153723596	0.648838216592	4.14648508159	2.18089040586	1.85640955728	511
41	0.5	0.25	0.0	3.66945588546	2.17176702627	0.641225345378	3.57730415219	2.28525651057	1.94162610701	512
41	0.5	0.5	0.0	3.0735844278	2.34439813592	0.707467602213	2.97119354242	2.37671960486	2.03814620651	513
41	0.5	0.75	0.0	2.52396787886	2.43848190876	0.777573127986	2.39588461536	2.38800840749	2.10179319863	514
41	0.5	1.0	0.0	2.06466737081	2.36306968863	0.781550063585	1.91910873409	2.2518516372	2.08839042624	515
41	0.75	0.0	0.0	4.2988283764	2.20250633544	0.552890053959	4.19725509669	2.42306461525	1.68626845104	516
41	0.75	0.25	0.0	3.66851375568	2.4184698111	0.575754469958	3.59041868521	2.59827570023	1.76976321839	517
41	0.75	0.5	0.0	3.07506043516	2.68300032683	0.716825505077	2.93128423878	2.80813298047	1.87318824564	518
41	0.75	0.75	0.0	2.53670264208	2.86110006068	0.859618591998	2.30476571394	2.92043864342	1.9403085777	519
41	0.75	1.0	0.0	2.07167460367	2.81777119069	0.887649163401	1.79577706726	2.80299487654	1.91488925947	520
41	1.0	0.0	0.0	4.327712622	2.319562791	0.464813357	4.23776399059	2.59609431438	1.54071994714	521
41	1.0	0.25	0.0	3.69131695017	2.58684208569	0.490876817719	3.61115344715	2.82719445776	1.59647363048	522
41	1.0	0.5	0.0	3.1189979611	2.94211331799	0.617307392859	2.92807216855	3.13168134191	1.64839498224	523
41	1.0	0.75	0.0	2.59103003747	3.21215378405	0.75165926882	2.27236037677	3.33541028322	1.66567219269	524
41	1.0	1.0	0.0	2.087687562	3.22374078	0.801486632	1.72785829383	3.26423659805	1.61749345212	525
42	0.0	0.0	0.0	2.00579875	1.270047263	0.612844498	1.98893018755	1.12287125399	2.32999850618	526
42	0.0	0.25	0.0	1.50669637163	1.10074889702	0.641875715033	1.49929040132	0.958944236263	2.34719867134	527
42	0.0	0.5	0.0	0.928261888939	0.919851616664	0.6804487408	0.924161241516	0.768331597466	2.3823830446	528
42	0.0	0.75	0.0	0.32794503253	0.774754766222	0.711139876667	0.334600201128	0.602687972236	2.42357378011	529
42	0.0	1.0	0.0	-0.236804467	0.71285769	0.716525424	-0.198335226845	0.513667995207	2.45879303201	530
42	0.25	0.0	0.0	2.04869803055	1.850280353	0.638258714476	2.01208315422	1.67155954227	2.20456936947	531
42	0.25	0.25	0.0	1.57201489208	1.63165247141	0.62458424155	1.54277316843	1.45429093948	2.19197446847	532
42	0.25	0.5	0.0	1.00708177637	1.3678697321	0.608373335846	0.994739254781	1.19808970913	2.20829500536	533
42	0.25	0.75	0.0	0.403513994374	1.13937542115	0.592158810153	0.424643675835	0.975157639984	2.23998011573	534
42	0.25	1.0	0.0	-0.189073142982	1.02661282461	0.57847347726	-0.110851305851	0.857696520815	2.27347893519	535
42	0.5	0.0	0.0	2.06466737081	2.36306968863	0.781550063585	1.91910873409	2.2518516372	2.08839042624	536
42	0.5	0.25	0.0	1.61319288991	2.12141335031	0.704708211888	1.48365062129	1.98413260643	2.02808065141	537
42	0.5	0.5	0.0	1.08156155632	1.82986154525	0.602583447724	1.00139494476	1.68998440507	1.98452184277	538
42	0.5	0.75	0.0	0.494192175248	1.56272408289	0.510800757514	0.482591187569	1.43204404475	1.96312704973	539
42	0.5	1.0	0.0	-0.124496448056	1.39431077265	0.464985127675	-0.0625111672113	1.27294853706	1.96930932173	540
42	0.75	0.0	0.0	2.07167460367	2.81777119069	0.887649163401	1.79577706726	2.80299487654	1.91488925947	541
42	0.75	0.25	0.0	1.62774968966	2.56688744283	0.770006282216	1.37955229559	2.4933150949	1.81466617404	542
42	0.75	0.5	0.0	1.13372768979	2.25868037002	0.5983500169	0.955041157208	2.15943180967	1.712651864	543
42	0.75	0.75	0.0	0.576485399969	1.96158249528	0.440224478423	0.489899515878	1.86408021821	1.63539982539	544
42	0.75	1.0	0.0	-0.0571003838524	1.74402634162	0.363173777752	-0.0482167646318	1.66999551788	1.60946355422	545
42	1.0	0.0	0.0	2.087687562	3.22374078	0.801486632	1.72785829383	3.26423659805	1.61749345212	546
42	1.0	0.25	0.0	1.61320461585	2.9649306581	0.708237108706	1.28810772703	2.92668426267	1.51087999024	547
42	1.0	0.5	0.0	1.14560663781	2.60717952034	0.530943983839	0.866590737896	2.52184804728	1.39427337625	548
42	1.0	0.75	0.0	0.626899493354	2.25273240216	0.353588732552	0.428025440312	2.16199919207	1.29918368597	549
42	1.0	1.0	0.0	-0.000910952	2.003834339	0.26015283	-0.0628700518197	1.95940893724	1.25712099522	550
43	0.0	0.0	0.0	4.327712622	2.319562791	0.464813357	4.23776399059	2.59609431438	1.54071994714	551
43	0.0	0.25	0.0	3.69131695017	2.58684208569	0.490876817719	3.61115344715	2.82719445776	1.59647363048	552
43	0.0	0.5	0.0	3.1189979611	2.94211331799	0.617307392859	2.92807216855	3.13168134191	1.64839498224	553
43	0.0	0.75	0.0	2.59103003747	3.21215378405	0.75165926882	2.27236037677	3.33541028322	1.66567219269	554
43	0.0	1.0	0.0	2.087687562	3.22374078	0.801486632	1.72785829383	3.26423659805	1.61749345212	555
43	0.25	0.0	0.0	4.39090109522	2.35780795752	0.333656406173	4.32192384602	2.70268381237	1.3459415201	556
43	0.25	0.25	0.0	3.74240494427	2.65961323782	0.356941983287	3.67986392576	2.95967872649	1.38326081286	557
43	0.25	0.5	0.0	3.17977229766	3.0788463693	0.447478711396	2.99384963365	3.30726024672	1.40592450278	558
43	0.25	0.75	0.0	2.65370906539	3.41400904929	0.546297713885	2.33117672485	3.55815149088	1.39460107072	559
43	0.25	1.0	0.0	2.11492115744	3.46360297513	0.594430114141	1.75914095455	3.5250755768	1.32995899757	560
43	0.5	0.0	0.0	4.49736662234	2.35956020273	0.136751433096	4.4727044253	2.77784514973	1.05703180275	561
43	0.5	0.25	0.0	3.81601112266	2.6975348692	0.150055492397	3.8082208805	3.06101752051	1.08137058017	562
43	0.5	0.5	0.0	3.24944684568	3.18507698581	0.215213336495	3.1190729277	3.45686393162	1.09420516506	563
43	0.5	0.75	0.0	2.72064202544	3.58660586774	0.284589439331	2.44931463539	3.7612831285	1.07147203463	564
43	0.5	1.0	0.0	2.15256489597	3.66654083017	0.310548274845	1.84300007209	3.77017385658	0.989107666085	565
43	0.75	0.0	0.0	4.60061389229	2.34048274433	-0.0699798757792	4.62400004695	2.82199115715	0.749852456897	566
43	0.75	0.25	0.0	3.88707923077	2.71032326128	-0.0750730169231	3.94400899602	3.13231266403	0.756262713153	567
43	0.75	0.5	0.0	3.31210533626	3.24821875558	-0.0358320779027	3.25669724299	3.5649360913	0.759294263326	568
43	0.75	0.75	0.0	2.77774044095	3.69840031101	0.00411542915612	2.58250442706	3.91131720568	0.729202973141	569
43	0.75	1.0	0.0	2.18603277702	3.80509901138	0.00114199212714	1.94187018741	3.96291177387	0.636244708325	570
43	1.0	0.0	0.0	4.654147594	2.3162388	-0.230615834	4.70970502948	2.83553466533	0.500265144316	571
43	1.0	0.25	0.0	3.93055301404	2.70769469548	-0.263733906644	4.03501295699	3.17466598125	0.473396992573	572
43	1.0	0.5	0.0	3.35183150054	3.25568526664	-0.262000877856	3.35967777184	3.61592042043	0.447249091837	573
43	1.0	0.75	0.0	2.81091583527	3.71784845073	-0.257543332639	2.68647641851	3.97476573202	0.400711775002	574
43	1.0	1.0	0.0	2.2007388	3.851822185	-0.282487856	2.01818584145	4.06666966517	0.312675374957	575
44	0.0	0.0	0.0	2.087687562	3.22374078	0.801486632	1.72785829383	3.26423659805	1.61749345212	576
44	0.0	0.25	0.0	1.61320461585	2.9649306581	0.708237108706	1.28810772703	2.92668426267	1.51087999024	577
44	0.0	0.5	0.0	1.14560663781	2.60717952034	0.530943983839	0.866590737896	2.52184804728	1.39427337625	578
44	0.0	0.75	0.0	0.626899493354	2.25273240216	0.353588732552	0.428025440312	2.16199919207	1.29918368597	579
44	0.0	1.0	0.0	-0.000910952	2.003834339	0.26015283	-0.0628700518197	1.95940893724	1.25712099522	580
44	0.25	0.0	0.0	2.11492115744	3.46360297513	0.594430114141	1.75914095455	3.5250755768	1.32995899757	581
44	0.25	0.25	0.0	1.61069768161	3.19930942153	0.52727929877	1.28440755793	3.18412005291	1.21825849428	582
44	0.25	0.5	0.0	1.1501331796	2.80412689633	0.371594623408	0.837261620963	2.73098946466	1.09538849132	583
44	0.25	0.75	0.0	0.650012532323	2.40014681536	0.207375196656	0.392408325598	2.31490530003	0.99233377684	584
44	0.25	1.0	0.0	0.0271206206704	2.10946059443	0.114620127119	-0.0754471462191	2.08508904699	0.940079138975	585
44	0.5	0.0	0.0	2.15256489597	3.66654083017	0.310548274845	1.84300007209	3.77017385658	0.989107666085	586
44	0.5	0.25	0.0	1.62916955054	3.40219064548	0.242418309887	1.33418040515	3.44148708962	0.85302887232	587
44	0.5	0.5	0.0	1.17087537068	2.99063830102	0.101868774783	0.862731001927	2.96229995987	0.699173905176	588
44	0.5	0.75	0.0	0.678114410051	2.54504301167	-0.04407523028	0.400425045679	2.49202954143	0.56597194973	589
44	0.5	1.0	0.0	0.0513187222996	2.17856399233	-0.128388605113	-0.0809642803199	2.19009290838	0.491852191058	590
44	0.75	0.0	0.0	2.18603277702	3.80509901138	0.00114199212714	1.94187018741	3.96291177387	0.636244708325	591
44	0.75	0.25	0.0	1.64912169201	3.54753450357	-0.0749034256059	1.40177499466	3.6584115051	0.481622667292	592
44	0.75	0.5	0.0	1.18979623262	3.12562688161	-0.198094477979	0.910516441097	3.16464923888	0.29994835216	593
44	0.75	0.75	0.0	0.699373902181	2.64282589697	-0.317898426903	0.428648532363	2.64374638352	0.138296533982	594
44	0.75	1.0	0.0	0.069172204029	2.20258130107	-0.383782534288	-0.0832747259155	2.25782434732	0.0437419838113	595
44	1.0	0.0	0.0	2.2007388	3.851822185	-0.282487856	2.01818584145	4.06666966517	0.312675374957	596
44	1.0	0.25	0.0	1.65105557539	3.60930116941	-0.35324347537	1.45154005238	3.79451943169	0.170471422129	597
44	1.0	0.5	0.0	1.188858787	3.16800578535	-0.44815605082	0.948135498784	3.28690700766	-0.00796943337384	598
44	1.0	0.75	0.0	0.701959784358	2.64890037712	-0.53123027186	0.453651717457	2.72043029353	-0.172494141057	599
44	1.0	1.0	0.0	0.078169917	2.172949289	-0.566470828	-0.0862317547994	2.27168718973	-0.272949650423	600
49	0.0	0.0	0.0	6.687981302	0.256986	-0.299999993	6.61237179572	0.567369742237	0.266441992931	601
49	0.0	0.25	0.0	6.38530509425	0.906783832561	-0.27733430921	6.30017169537	1.24568702585	0.286535174187	602
49	0.0	0.5	0.0	5.96493185427	1.49984305007	-0.234144464668	5.87485587953	1.91298775332	0.380292013128	603
49	0.0	0.75	0.0	5.39762491115	1.98628694255	-0.206536344541	5.34263133023	2.47452070602	0.475579629816	604
49	0.0	1.0	0.0	4.654147594	2.3162388	-0.230615834	4.70970502948	2.83553466533	0.500265144316	605
49	0.25	0.0	0.0	6.68906413575	0.255874188384	-0.310501955451	6.61465501501	0.567500106842	0.249436214002	606
49	0.25	0.25	0.0	6.38225732558	0.88671770587	-0.37375405525	6.30438107064	1.22268266317	0.148765625623	607
49	0.25	0.5	0.0	5.9538945084	1.46405147323	-0.36446581716	5.8832966077	1.87857796964	0.188772777346	608
49	0.25	0.75	0.0	5.38226899585	1.94674691325	-0.344231486492	5.35621457304	2.44524868187	0.263632195958	609
49	0.25	1.0	0.0	4.64567409954	2.29367544868	-0.374645308556	4.72794791355	2.83275745546	0.267518408247	610
49	0.5	0.0	0.0	6.69144637	0.252721701013	-0.320990036167	6.61967809746	0.567080407158	0.224639737034	611
49	0.5	0.25	0.0	6.37349629889	0.855539622261	-0.478621610053	6.3105374786	1.18149379721	0.00739891241204	612
49	0.5	0.5	0.0	5.92476971849	1.41962602661	-0.521487051267	5.8927687791	1.83446817895	-0.0311854970308	613
49	0.5	0.75	0.0	5.33915443989	1.90285085749	-0.525317197852	5.3670540963	2.41767925474	-0.0078777512758	614
49	0.5	1.0	0.0	4.61053827419	2.26308405834	-0.565842887851	4.73407552754	2.82280272692	-0.0394421103038	615
49	0.75	0.0	0.0	6.69382860425	0.247802963135	-0.330774922049	6.6247011799	0.564894456967	0.200546454899	616
49	0.75	0.25	0.0	6.36140260843	0.813243398769	-0.579504944441	6.31491995816	1.12602649116	-0.126434481107	617
49	0.75	0.5	0.0	5.88795054186	1.36499686767	-0.67507925385	5.89885759923	1.77782783157	-0.242555037879	618
49	0.75	0.75	0.0	5.28601830686	1.85230132311	-0.703211417839	5.37324308349	2.38170332859	-0.271727288585	619
49	0.75	1.0	0.0	4.56815180575	2.22439471834	-0.74961500397	4.73480539133	2.79905783264	-0.337863306392	620
49	1.0	0.0	0.0	6.694911438	0.2413924	-0.3391673	6.62698439919	0.559726070053	0.18565026047	621
49	1.0	0.25	0.0	6.34835684842	0.759822852428	-0.663972029236	6.31380754826	1.06018680822	-0.241604070597	622
49	1.0	0.5	0.0	5.85383003585	1.29859415391	-0.795113511769	5.89714827359	1.7058263778	-0.408308073075	623
49	1.0	0.75	0.0	5.24059766036	1.79280085794	-0.831332085667	5.37287471812	2.32721180738	-0.460693492666	624
49	1.0	1.0	0.0	4.537926382	2.177537518	-0.871368089	4.7368550248	2.75491012555	-0.544992075071	625
50	0.0	0.0	0.0	6.694911438	0.2413924	-0.3391673	6.62698439919	0.559726070053	0.18565026047	626
50	0.0	0.25	0.0	6.34835684842	0.759822852428	-0.663972029236	6.31380754826	1.06018680822	-0.241604070597	627
50	0.0	0.5	0.0	5.85383003585	1.29859415391	-0.795113511769	5.89714827359	1.7058263778	-0.408308073075	628
50	0.0	0.75	0.0	5.24059766036	1.79280085794	-0.831332085667	5.37287471812	2.32721180738	-0.460693492666	629
50	0.0	1.0	0.0	4.537926382	2.177537518	-0.871368089	4.7368550248	2.75491012555	-0.544992075071	630
50	0.25	0.0	0.0	6.68808824127	0.232671419221	-0.346450978502	6.62964517316	0.548000929739	0.171814755718	631
50	0.25	0.25	0.0	6.32534211222	0.68222826909	-0.749685371886	6.31067801875	0.970611813958	-0.36351693405	632
50	0.25	0.5	0.0	5.80781720013	1.19275523642	-0.921037526307	5.8927791026	1.58689858443	-0.591360129171	633
50	0.25	0.75	0.0	5.18055111039	1.68059191499	-0.965996410888	5.37341963804	2.20737266648	-0.674662053895	634
50	0.25	1.0	0.0	4.48858144838	2.06207789854	-0.990050994751	4.75007083844	2.64254548547	-0.776369932469	635
50	0.5	0.0	0.0	6.67306936307	0.225301334972	-0.349417725385	6.63549103048	0.534021694515	0.154433991083	636
50	0.5	0.25	0.0	6.29594356491	0.607515392793	-0.810399223466	6.31211850928	0.886497399162	-0.453575780503	637
50	0.5	0.5	0.0	5.75424718046	1.07528903535	-1.03765431364	5.89327582296	1.45177016544	-0.773732621062	638
50	0.5	0.75	0.0	5.10565478801	1.53211205684	-1.11739901698	5.37902835074	2.04354877115	-0.937045594079	639
50	0.5	1.0	0.0	4.40784096587	1.88147425144	-1.13584935453	4.76944147182	2.4755419941	-1.07452376304	640
50	0.75	0.0	0.0	6.65803087132	0.217311688238	-0.351614184576	6.64131727427	0.519422896804	0.137823514141	641
50	0.75	0.25	0.0	6.26863159988	0.524607301161	-0.854288615137	6.31319831262	0.790287939802	-0.528064593896	642
50	0.75	0.5	0.0	5.70414403411	0.946610820449	-1.1355416406	5.89026700148	1.29889385014	-0.942321229195	643
50	0.75	0.75	0.0	5.03397829504	1.37091989448	-1.25618285416	5.37850644967	1.85989030882	-1.193208829	644
50	0.75	1.0	0.0	4.32754450368	1.68513217163	-1.27702184905	4.78389976602	2.28792699683	-1.36898983056	645
50	1.0	0.0	0.0	6.651148834	0.20673202	-0.356587	6.64391920764	0.505839069032	0.126298872466	646
50	1.0	0.25	0.0	6.25187661053	0.422427071812	-0.889528578059	6.30898672159	0.664427811853	-0.603267358169	647
50	1.0	0.5	0.0	5.66853181838	0.807135861475	-1.20527727398	5.87538120494	1.12672236787	-1.08402163402	648
50	1.0	0.75	0.0	4.98359123329	1.2205740389	-1.35299087266	5.36065952828	1.68054746697	-1.38851647444	649
50	1.0	1.0	0.0	4.279531631	1.522457254	-1.381827159	4.78237856217	2.11372783904	-1.5893043988	650
53	0.0	0.0	0.0	6.651148834	0.20673202	-0.356587	6.64391920764	0.505839069032	0.126298872466	651
53	0.0	0.25	0.0	6.25187661053	0.422427071812	-0.889528578059	6.30898672159	0.664427811853	-0.603267358169	652
53	0.0	0.5	0.0	5.66853181838	0.807135861475	-1.20527727398	5.87538120494	1.12672236787	-1.08402163402	653
53	0.0	0.75	0.0	4.98359123329	1.2205740389	-1.35299087266	5.36065952828	1.68054746697	-1.38851647444	654
53	0.0	1.0	0.0	4.279531631	1.522457254	-1.381827159	4.78237856217	2.11372783904	-1.5893043988	655
53	0.25	0.0	0.0	6.65301303619	0.186268528864	-0.369058201277	6.64393659672	0.479773796059	0.1100856081	656
53	0.25	0.25	0.0	6.23779058683	0.216860349226	-0.938146208303	6.29333903002	0.406692883092	-0.701132244271	657
53	0.25	0.5	0.0	5.61836005366	0.449879041765	-1.31233194621	5.8231391552	0.68692760922	-1.29896798579	658
53	0.25	0.75	0.0	4.91238947206	0.749521204155	-1.5243612712	5.28403902318	1.10614514655	-1.7199595892	659
53	0.25	1.0	0.0	4.23754687739	0.979983434071	-1.60698003948	4.72674068487	1.45001266719	-2.00064502723	660
53	0.5	0.0	0.0	6.65725447303	0.164059360011	-0.380514025161	6.64411504474	0.445240707163	0.0903972454204	661
53	0.5	0.25	0.0	6.24228653516	0.0185220043782	-0.950532958516	6.29462382242	0.165423214843	-0.696577679241	662
53	0.5	0.5	0.0	5.60785652834	0.0499612887987	-1.36613842181	5.80674487471	0.207318919655	-1.3562737559	663
53	0.5	0.75	0.0	4.89156564918	0.161491501813	-1.64092839509	5.2432607669	0.398710207038	-1.87432497003	664
53	0.5	1.0	0.0	4.23101509429	0.256226931962	-1.78850085844	4.66695406429	0.567379462436	-2.23636530709	665
53	0.75	0.0	0.0	6.66148878986	0.141756916152	-0.386400336464	6.64428637275	0.410614343262	0.0762783953217	666
53	0.75	0.25	0.0	6.256175042	-0.16154027014	-0.927332575851	6.30726364411	-0.0397713428159	-0.617374381435	667
53	0.75	0.5	0.0	5.61990962124	-0.334670594909	-1.36119636174	5.81948610373	-0.238340613567	-1.2834825209	668
53	0.75	0.75	0.0	4.89989635459	-0.426153484842	-1.68246932548	5.24357981265	-0.292369837502	-1.85625760451	669
53	0.75	1.0	0.0	4.24333906905	-0.484508366628	-1.88562909843	4.64217083192	-0.309135383134	-2.26991121372	670
53	1.0	0.0	0.0	6.663331632	0.1210136	-0.382163	6.64428240179	0.384269245272	0.0767736686965	671
53	1.0	0.25	0.0	6.27026669381	-0.312278781739	-0.869188807455	6.3256810404	-0.189280939808	-0.49129306921	672
53	1.0	0.5	0.0	5.63740771121	-0.646069806843	-1.29200542695	5.85465058251	-0.576287903184	-1.10813785733	673
53	1.0	0.75	0.0	4.91615817825	-0.896052172525	-1.62876114348	5.29025121362	-0.81770747301	-1.67040248023	674
53	1.0	1.0	0.0	4.257921589	-1.077918576	-1.857604242	4.69154311923	-0.954495477441	-2.07472872248	675
54	0.0	0.0	0.0	6.663331632	0.1210136	-0.382163	6.64428240179	0.384269245272	0.0767736686965	676
54	0.0	0.25	0.0	6.27026669381	-0.312278781739	-0.869188807455	6.3256810404	-0.189280939808	-0.49129306921	677
54	0.0	0.5	0.0	5.63740771121	-0.646069806843	-1.29200542695	5.85465058251	-0.576287903184	-1.10813785733	678
54	0.0	0.75	0.0	4.91615817825	-0.896052172525	-1.62876114348	5.29025121362	-0.81770747301	-1.67040248023	679
54	0.0	1.0	0.0	4.257921589	-1.077918576	-1.857604242	4.69154311923	-0.954495477441	-2.07472872248	680
54	0.25	0.0	0.0	6.66348151797	0.105066839896	-0.367753915301	6.64407607179	0.360087749499	0.103309330809	681
54	0.25	0.25	0.0	6.29357050845	-0.436754833752	-0.77773830775	6.34223928323	-0.296106276067	-0.319614256175	682
54	0.25	0.5	0.0	5.68301687781	-0.882519592468	-1.15663742057	5.8811895308	-0.809608393028	-0.819483803101	683
54	0.25	0.75	0.0	4.9767892847	-1.2359326315	-1.47075487523	5.32381729616	-1.17264992722	-1.29490957977	684
54	0.25	1.0	0.0	4.31985638776	-1.5006991461	-1.68639429321	4.73301306097	-1.37746220449	-1.64450185599	685
54	0.5	0.0	0.0	6.66399668061	0.0943231548007	-0.347488972796	6.64380755931	0.331227645933	0.150252743621	686
54	0.5	0.25	0.0	6.32980566079	-0.560373441964	-0.65200418892	6.35588607922	-0.401924776078	-0.0854945726916	687
54	0.5	0.5	0.0	5.76291005917	-1.13520346704	-0.950464995148	5.89141917465	-1.05226073987	-0.38829783396	688
54	0.5	0.75	0.0	5.0908020067	-1.61282626142	-1.20455298049	5.3233290934	-1.55788744032	-0.699366639246	689
54	0.5	1.0	0.0	4.44097363437	-1.97590116609	-1.37594973395	4.72453808324	-1.85691207235	-0.95991058761	690
54	0.75	0.0	0.0	6.6645474997	0.0881817923048	-0.324470671394	6.64357470327	0.306969864966	0.199949515331	691
54	0.75	0.25	0.0	6.35934106334	-0.654097209521	-0.507453361023	6.36216407665	-0.473025582646	0.170924197	692
54	0.75	0.5	0.0	5.82955739978	-1.33305858769	-0.709500579588	5.88573727312	-1.22477384045	0.0789559321162	693
54	0.75	0.75	0.0	5.18791481776	-1.91328333214	-0.887108776512	5.29996674773	-1.84520548167	-0.0560404387079	694
54	0.75	1.0	0.0	4.54713162605	-2.35935243278	-0.996774401216	4.69052495553	-2.23125107954	-0.214150074859	695
54	1.0	0.0	0.0	6.664804355	0.086042	-0.30180151	6.64347534261	0.296595336992	0.234745254138	696
54	1.0	0.25	0.0	6.36254562864	-0.688888739567	-0.359552734119	6.35661592381	-0.475697838572	0.409500268662	697
54	1.0	0.5	0.0	5.83542904415	-1.40502211157	-0.46975660279	5.86454158523	-1.24767659152	0.475813377148	698
54	1.0	0.75	0.0	5.19784619133	-2.02385411354	-0.575375580566	5.26491040152	-1.90638952061	0.462802241784	699
54	1.0	1.0	0.0	4.56418866	-2.506880743	-0.619372132	4.65538044734	-2.33888522461	0.399584524756	700
57	0.0	0.0	0.0	6.664804355	0.086042	-0.30180151	6.64347534261	0.296595336992	0.234745254138	701
57	0.0	0.25	0.0	6.36254562864	-0.688888739567	-0.359552734119	6.35661592381	-0.475697838572	0.409500268662	702
57	0.0	0.5	0.0	5.83542904415	-1.40502211157	-0.46975660279	5.86454158523	-1.24767659152	0.475813377148	703
57	0.0	0.75	0.0	5.19784619133	-2.02385411354	-0.575375580566	5.26491040152	-1.90638952061	0.462802241784	704
57	0.0	1.0	0.0	4.56418866	-2.506880743	-0.619372132	4.65538044734	-2.33888522461	0.399584524756	705
57	0.25	0.0	0.0	6.66271523629	0.0876045168738	-0.278036315243	6.63830669097	0.307670421309	0.274725919127	706
57	0.25	0.25	0.0	6.32613843863	-0.642949739318	-0.20716652383	6.32487901106	-0.413284167215	0.628399076889	707
57	0.25	0.5	0.0	5.75255974713	-1.30427009945	-0.221111473001	5.80255275733	-1.11519261538	0.826166963675	708
57	0.25	0.75	0.0	5.07977367646	-1.87020263502	-0.250657619305	5.18183007123	-1.71393926629	0.920425056242	709
57	0.25	1.0	0.0	4.44557474131	-2.3145934175	-0.22659141929	4.57321309422	-2.12540846304	0.963568831348	710
57	0.5	0.0	0.0	6.65813418985	0.0934800608147	-0.254022878693	6.62695067208	0.334473613626	0.334413390188	711
57	0.5	0.25	0.0	6.26931538673	-0.534347244307	-0.0663371767337	6.27196550477	-0.323440312692	0.817576197039	712
57	0.5	0.5	0.0	5.62935197005	-1.07612075321	0.0118430334934	5.70469951544	-0.913422883869	1.14594838517	713
57	0.5	0.75	0.0	4.90421803634	-1.525298151	0.0547640926104	5.04792158049	-1.39719839712	1.3637156193	714
57	0.5	1.0	0.0	4.25988768213	-1.87533712279	0.136672341239	4.42440057633	-1.73649114967	1.51506356415	715
57	0.75	0.0	0.0	6.65359068024	0.104379174348	-0.232907930296	6.61563219002	0.366300375536	0.391202373096	716
57	0.75	0.25	0.0	6.21631999293	-0.392194514954	0.0523546506449	6.21886323671	-0.213641261376	0.96913676901	717
57	0.75	0.5	0.0	5.51968889493	-0.782561223831	0.203236276955	5.60752227107	-0.677702478806	1.40342425204	718
57	0.75	0.75	0.0	4.7485561608	-1.0889747195	0.301339205189	4.91214546321	-1.0321576148	1.72369824723	719
57	0.75	1.0	0.0	4.08778056514	-1.33368876919	0.428265691899	4.26326898328	-1.28328100739	1.95959217961	720
57	1.0	0.0	0.0	6.651614172	0.1210124	-0.2178382	6.61057614885	0.392446168631	0.422487573624	721
57	1.0	0.25	0.0	6.19139577721	-0.245604811682	0.138328301783	6.18656003863	-0.0913619996419	1.0751859327	722
57	1.0	0.5	0.0	5.47745370378	-0.485578662303	0.327197617648	5.5475614357	-0.443366482004	1.56686117472	723
57	1.0	0.75	0.0	4.69016493971	-0.661066398523	0.449517368439	4.8234622533	-0.694807620969	1.93139725633	724
57	1.0	1.0	0.0	4.009906473	-0.834225267	0.606035175	4.14414440467	-0.87692575905	2.20267813416	725
58	0.0	0.0	0.0	6.651614172	0.1210124	-0.2178382	6.61057614885	0.392446168631	0.422487573624	726
58	0.0	0.25	0.0	6.19139577721	-0.245604811682	0.138328301783	6.18656003863	-0.0913619996419	1.0751859327	727
58	0.0	0.5	0.0	5.47745370378	-0.485578662303	0.327197617648	5.5475614357	-0.443366482004	1.56686117472	728
58	0.0	0.75	0.0	4.69016493971	-0.661066398523	0.449517368439	4.8234622533	-0.694807620969	1.93139725633	729
58	0.0	1.0	0.0	4.009906473	-0.834225267	0.606035175	4.14414440467	-0.87692575905	2.20267813416	730
58	0.25	0.0	0.0	6.64781616825	0.141993601397	-0.213333997572	6.60693901641	0.418715613946	0.422125699403	731
58	0.25	0.25	0.0	6.19032650602	-0.0946701872578	0.210733544972	6.1701731818	0.051300151845	1.15836585941	732
58	0.25	0.5	0.0	5.49692855754	-0.162211599667	0.435708164167	5.51987449503	-0.15407678772	1.67429626344	733
58	0.25	0.75	0.0	4.72566515184	-0.175858262822	0.570982564786	4.78547745332	-0.268698644814	2.03272325525	734
58	0.25	1.0	0.0	4.03457911792	-0.250837803715	0.725949451603	4.09641655389	-0.363848859502	2.29645317863	735
58	0.5	0.0	0.0	6.63927466653	0.164064225705	-0.21912591156	6.59875143155	0.452420374873	0.40562841679	736
58	0.5	0.25	0.0	6.19297744283	0.066527949583	0.277676456335	6.15647447987	0.216286423301	1.22265792906	737
58	0.5	0.5	0.0	5.53009584335	0.186198807778	0.555968836916	5.50409523049	0.208549583168	1.75021403424	738
58	0.5	0.75	0.0	4.7864333959	0.365106133201	0.706881263509	4.77507951232	0.289326631505	2.08430090362	739
58	0.5	1.0	0.0	4.09779362828	0.445279258762	0.82154376944	4.10289315424	0.318734345346	2.32092270845	740
58	0.75	0.0	0.0	6.63072581429	0.186038634661	-0.230667644767	6.59055649617	0.486028920448	0.383381314957	741
58	0.75	0.25	0.0	6.2017917035	0.246486631676	0.318068524928	6.15159007897	0.408434761706	1.24086849102	742
58	0.75	0.5	0.0	5.57360818318	0.544607664939	0.639558995966	5.50574053695	0.612843418826	1.76362940864	743
58	0.75	0.75	0.0	4.85887955611	0.897124693925	0.797612162968	4.78435851916	0.894801477256	2.0664029638	744
58	0.75	1.0	0.0	4.17031012501	1.12076067811	0.856036420557	4.11879467463	1.04985552245	2.26392805248	745
58	1.0	0.0	0.0	6.626905759	0.20673119	-0.2434129	6.58689731218	0.512009719705	0.365769983076	746
58	1.0	0.25	0.0	6.21921240383	0.453702891856	0.310821239809	6.16164612524	0.63258311404	1.18580389467	747
58	1.0	0.5	0.0	5.62411819901	0.897970076722	0.638058001387	5.53032730927	1.02713550742	1.68355730813	748
58	1.0	0.75	0.0	4.92941351668	1.35549532373	0.783573961521	4.8054045627	1.4632591617	1.95930219819	749
58	1.0	1.0	0.0	4.222888729	1.642241212	0.792645697	4.09934158395	1.70854633875	2.11331053956	750
61	0.0	0.0	0.0	6.626905759	0.20673119	-0.2434129	6.58689731218	0.512009719705	0.365769983076	751
61	0.0	0.25	0.0	6.21921240383	0.453702891856	0.310821239809	6.16164612524	0.63258311404	1.18580389467	752
61	0.0	0.5	0.0	5.62411819901	0.897970076722	0.638058001387	5.53032730927	1.02713550742	1.68355730813	753
61	0.0	0.75	0.0	4.92941351668	1.35549532373	0.783573961521	4.8054045627	1.4632591617	1.95930219819	754
61	0.0	1.0	0.0	4.222888729	1.642241212	0.792645697	4.09934158395	1.70854633875	2.11331053956	755
61	0.25	0.0	0.0	6.63557258084	0.218182539617	-0.24876549003	6.59286771329	0.519257495946	0.344715072639	756
61	0.25	0.25	0.0	6.23919313566	0.572255179237	0.297756287174	6.17599481363	0.76280500943	1.14188776685	757
61	0.25	0.5	0.0	5.6607138522	1.05740015709	0.614439808172	5.55580561821	1.21282878266	1.61969811142	758
61	0.25	0.75	0.0	4.97079669806	1.51970332112	0.745395061183	4.83261777184	1.66736032775	1.87680154508	759
61	0.25	1.0	0.0	4.24010364084	1.80525051925	0.734732034429	4.10674891934	1.92443115682	2.01185350656	760
61	0.5	0.0	0.0	6.65452038908	0.225510468363	-0.250322374382	6.60588339595	0.517337563265	0.308613083392	761
61	0.5	0.25	0.0	6.2723906496	0.664047993637	0.28669712459	6.19809255627	0.875085351559	1.11142628888	762
61	0.5	0.5	0.0	5.72008903043	1.20377967167	0.582659948928	5.59698918301	1.39574637945	1.5513921449	763
61	0.5	0.75	0.0	5.03825327323	1.70088343995	0.686921759355	4.88548333763	1.8930912099	1.75691758863	764
61	0.5	1.0	0.0	4.26752111966	2.01153723596	0.648838216592	4.14648508159	2.18089040586	1.85640955728	765
61	0.75	0.0	0.0	6.67344527428	0.232114210428	-0.252779621543	6.61887615556	0.514693443902	0.271610731335	766
61	0.75	0.25	0.0	6.30665407586	0.745125780975	0.248738372997	6.22176925354	0.980574314525	1.0461869591	767
61	0.75	0.5	0.0	5.78146863969	1.33314747863	0.517979211332	5.64214063128	1.56635709112	1.44606360417	768
61	0.75	0.75	0.0	5.10861729635	1.86325057344	0.603258052105	4.94547450644	2.10340083695	1.61237824275	769
61	0.75	1.0	0.0	4.2988283764	2.20250633544	0.552890053959	4.19725509669	2.42306461525	1.68626845104	770
61	1.0	0.0	0.0	6.682043327	0.241393	-0.2608333	6.62477778756	0.519768660098	0.247854732471	771
61	1.0	0.25	0.0	6.32983254462	0.831532987169	0.15497465334	6.24085480586	1.09042207243	0.897937275813	772
61	1.0	0.5	0.0	5.82407758597	1.44154243615	0.395658383059	5.67952259068	1.71512971098	1.27113668485	773
61	1.0	0.75	0.0	5.15872282158	1.9710196148	0.489507935498	4.99406452469	2.26123823767	1.45591142136	774
61	1.0	1.0	0.0	4.327712622	2.319562791	0.464813357	4.23776399059	2.59609431438	1.54071994714	775
62	0.0	0.0	0.0	6.682043327	0.241393	-0.2608333	6.62477778756	0.519768660098	0.247854732471	776
62	0.0	0.25	0.0	6.32983254462	0.831532987169	0.15497465334	6.24085480586	1.09042207243	0.897937275813	777
62	0.0	0.5	0.0	5.82407758597	1.44154243615	0.395658383059	5.67952259068	1.71512971098	1.27113668485	778
62	0.0	0.75	0.0	5.15872282158	1.9710196148	0.489507935498	4.99406452469	2.26123823767	1.45591142136	779
62	0.0	1.0	0.0	4.327712622	2.319562791	0.464813357	4.23776399059	2.59609431438	1.54071994714	780
62	0.25	0.0	0.0	6.68297113559	0.247787086333	-0.269216313781	6.62283935134	0.531164009265	0.248495773918	781
62	0.25	0.25	0.0	6.34457113865	0.879517402775	0.0548228406952	6.25654790712	1.15964793649	0.754322717612	782
62	0.25	0.5	0.0	5.85942975072	1.49496837525	0.249411250505	5.72418365166	1.80913861772	1.07732378049	783
62	0.25	0.75	0.0	5.21304154514	2.01433392107	0.335404058161	5.06591836971	2.3625219455	1.26027227662	784
62	0.25	1.0	0.0	4.39090109522	2.35780795752	0.333656406173	4.32192384602	2.70268381237	1.3459415201	785
62	0.5	0.0	0.0	6.6850123145	0.252707437405	-0.279016085094	6.61857479164	0.547087138573	0.258548924107	786
62	0.5	0.25	0.0	6.36276557294	0.906728244526	-0.0602176942654	6.27548428879	1.2128122679	0.594530585374	787
62	0.5	0.5	0.0	5.90582558847	1.52226301611	0.0761053412704	5.78728597933	1.88187998767	0.835716492592	788
62	0.5	0.75	0.0	5.29156754397	2.02973318967	0.138809543171	5.17826448444	2.44124078568	0.987939335229	789
62	0.5	1.0	0.0	4.49736662234	2.35956020273	0.136751433096	4.4727044253	2.77784514973	1.05703180275	790
62	0.75	0.0	0.0	6.68705349341	0.255868819775	-0.28951613711	6.61431023194	0.561251299177	0.267901793593	791
62	0.75	0.25	0.0	6.37836163047	0.915154168946	-0.175739296061	6.29193515138	1.24359773993	0.43359127295	792
62	0.75	0.5	0.0	5.94656099203	1.52377252046	-0.094874759002	5.84533993488	1.92071072986	0.589108132895	793
62	0.75	0.75	0.0	5.363396704	2.01959250277	-0.0564468456644	5.28565232067	2.48327896895	0.704509489015	794
62	0.75	1.0	0.0	4.60061389229	2.34048274433	-0.0699798757792	4.62400004695	2.82199115715	0.749852456897	795
62	1.0	0.0	0.0	6.687981302	0.256986	-0.299999993	6.61237179572	0.567369742237	0.266441992931	796
62	1.0	0.25	0.0	6.38530509425	0.906783832561	-0.27733430921	6.30017169537	1.24568702585	0.286535174187	797
62	1.0	0.5	0.0	5.96493185427	1.49984305007	-0.234144464668	5.87485587953	1.91298775332	0.380292013128	798
62	1.0	0.75	0.0	5.39762491115	1.98628694255	-0.206536344541	5.34263133023	2.47452070602	0.475579629816	799
62	1.0	1.0	0.0	4.654147594	2.3162388	-0.230615834	4.70970502948	2.83553466533	0.500265144316	800
