Elem	xi[0]	xi[1]	xi[2]	Y[0]	Y[1]	Y[2]	y[0]	y[1]	y[2]	Index
1	0.0	0.0	0.0	0.078169917	2.172949289	-0.566470828	0.127725609936	1.46193296021	-0.215056957975	1
1	0.0	0.25	0.0	-0.505792682294	2.00887052402	-0.602439592098	-0.369741727683	1.33798054815	-0.302553309354	2
1	0.0	0.5	0.0	-1.08003466385	2.05060336412	-0.680421937674	-0.913615299399	1.29775049013	-0.422680823715	3
1	0.0	0.75	0.0	-1.60417183423	2.11958025415	-0.753935780163	-1.47820481893	1.27892430994	-0.535825113382	4
1	0.0	1.0	0.0	-2.03782	2.037233639	-0.776499035	-2.03782	1.21918353139	-0.602371790679	5
1	0.25	0.0	0.0	0.0795602355902	2.05214197414	-0.753414330313	0.141136125658	1.40998185348	-0.564036803773	6
1	0.25	0.25	0.0	-0.48829235428	1.8611113359	-0.773537776834	-0.351132492935	1.25512179703	-0.65593093228	7
1	0.25	0.5	0.0	-1.0623746776	1.81976594547	-0.842286596353	-0.900463159912	1.16226130919	-0.797311881629	8
1	0.25	0.75	0.0	-1.59402411193	1.80738409945	-0.900713690861	-1.47292272424	1.09811268928	-0.9208543768	9
1	0.25	1.0	0.0	-2.03457803487	1.70324409446	-0.889871962349	-2.03457803487	1.02938823658	-0.959233142773	10
1	0.5	0.0	0.0	0.0783636906301	1.86071644597	-0.98316128428	0.156324415438	1.2997790647	-1.01648221148	11
1	0.5	0.25	0.0	-0.474170384928	1.65333290852	-0.980702916871	-0.337161925091	1.11681214732	-1.09505312296	12
1	0.5	0.5	0.0	-1.05670262096	1.5473826786	-1.0209573158	-0.906475589898	0.980634453883	-1.21453314122	13
1	0.5	0.75	0.0	-1.60135807954	1.46251957028	-1.05982390469	-1.49353581158	0.871349568005	-1.31677423497	14
1	0.5	1.0	0.0	-2.04026182274	1.3183973976	-1.05320210719	-2.04026182274	0.769061073317	-1.34362837296	15
1	0.75	0.0	0.0	0.080262845605	1.63694722483	-1.19313395186	0.17813602555	1.15781025823	-1.46651713032	16
1	0.75	0.25	0.0	-0.461327112557	1.42553762436	-1.17273939474	-0.327960051594	0.949752435192	-1.52214966282	17
1	0.75	0.5	0.0	-1.04887755535	1.26340619184	-1.19136207801	-0.91999441585	0.770304744746	-1.61610541521	18
1	0.75	0.75	0.0	-1.60351718388	1.10808476871	-1.21500020636	-1.51909124061	0.616119815418	-1.69283069124	19
1	0.75	1.0	0.0	-2.04637469925	0.917105196441	-1.20965198444	-2.04637469925	0.483850275727	-1.69677179462	20
1	1.0	0.0	0.0	0.090940264	1.419108831	-1.320754595	0.211416502266	1.01056109847	-1.8082655095	21
1	1.0	0.25	0.0	-0.447662875484	1.21772786591	-1.29845159296	-0.323656899886	0.780643496776	-1.83945033326	22
1	1.0	0.5	0.0	-1.02475854218	0.99778911348	-1.328428865	-0.929361464262	0.548707002319	-1.94378951636	23
1	1.0	0.75	0.0	-1.57784487178	0.76717779681	-1.34997638055	-1.52863617094	0.349908300805	-2.01826974894	24
1	1.0	1.0	0.0	-2.04442	0.533779139	-1.302384109	-2.04442	0.219404077941	-1.95987772116	25
2	0.0	0.0	0.0	0.090940264	1.419108831	-1.320754595	0.211416502266	1.01056109847	-1.8082655095	26
2	0.0	0.25	0.0	-0.447662875484	1.21772786591	-1.29845159296	-0.323656899886	0.780643496776	-1.83945033326	27
2	0.0	0.5	0.0	-1.02475854218	0.99778911348	-1.328428865	-0.929361464262	0.548707002319	-1.94378951636	28
2	0.0	0.75	0.0	-1.57784487178	0.76717779681	-1.34997638055	-1.52863617094	0.349908300805	-2.01826974894	29
2	0.0	1.0	0.0	-2.04442	0.533779139	-1.302384109	-2.04442	0.219404077941	-1.95987772116	30
2	0.25	0.0	0.0	0.101603971338	1.18174120779	-1.40280739431	0.236298917387	0.826797237029	-2.08980845106	31
2	0.25	0.25	0.0	-0.43767935952	1.01199635651	-1.39943544413	-0.317462978756	0.608806954018	-2.10165037163	32
2	0.25	0.5	0.0	-0.999790461814	0.799528174992	-1.45661610607	-0.916703687901	0.382841329745	-2.19935020886	33
2	0.25	0.75	0.0	-1.54525004778	0.568964348289	-1.49371192868	-1.50716253116	0.194468112025	-2.2671759628	34
2	0.25	1.0	0.0	-2.03457882965	0.344932561449	-1.43008546052	-2.03457882965	0.0892550486713	-2.18939563355	35
2	0.5	0.0	0.0	0.102893703711	0.906332288445	-1.50908360615	0.240106556432	0.586703555584	-2.39351238687	36
2	0.5	0.25	0.0	-0.42854292277	0.761012769258	-1.54958232693	-0.303003781353	0.399532023128	-2.41851313606	37
2	0.5	0.5	0.0	-0.976838576262	0.596110670466	-1.64489088897	-0.881159888069	0.22234269961	-2.49859710733	38
2	0.5	0.75	0.0	-1.5163348523	0.421744409455	-1.71858847657	-1.46405274825	0.0813540990706	-2.5611296969	39
2	0.5	1.0	0.0	-2.02137334643	0.248032403608	-1.69425427404	-2.02137334643	0.00278473555064	-2.53347630096	40
2	0.75	0.0	0.0	0.100030073979	0.636925331383	-1.62802606466	0.239405704354	0.330646950757	-2.67073821238	41
2	0.75	0.25	0.0	-0.420870676583	0.509219222758	-1.71814289127	-0.2832560586	0.172802597039	-2.72177356742	42
2	0.75	0.5	0.0	-0.960205991134	0.398042926803	-1.85503799126	-0.843382268443	0.0498063228355	-2.78978782005	43
2	0.75	0.75	0.0	-1.49709983912	0.292620803408	-1.9726505813	-1.42463496547	-0.0373846546849	-2.85410872052	44
2	0.75	1.0	0.0	-2.01067618999	0.182177212463	-2.00491987804	-2.01067618999	-0.0878131183545	-2.89406401904	45
2	1.0	0.0	0.0	0.098233695	0.417563595	-1.748077604	0.250762646106	0.0989943191692	-2.87284682305	46
2	1.0	0.25	0.0	-0.415279732307	0.301057835604	-1.87436778703	-0.261196561418	-0.0513974313178	-2.9431666066	47
2	1.0	0.5	0.0	-0.954195812046	0.215831270903	-2.0488421905	-0.824023032699	-0.152172589657	-3.02117995528	48
2	1.0	0.75	0.0	-1.49354556201	0.148696353251	-2.20394279998	-1.4142373261	-0.20969906587	-3.10009080295	49
2	1.0	1.0	0.0	-2.00836	0.086465535	-2.272111601	-2.00836	-0.230344769978	-3.17310308345	50
5	0.0	0.0	0.0	0.098233695	0.417563595	-1.748077604	0.250762646106	0.0989943191692	-2.87284682305	51
5	0.0	0.25	0.0	-0.415279732307	0.301057835604	-1.87436778703	-0.261196561418	-0.0513974313178	-2.9431666066	52
5	0.0	0.5	0.0	-0.954195812046	0.215831270903	-2.0488421905	-0.824023032699	-0.152172589657	-3.02117995528	53
5	0.0	0.75	0.0	-1.49354556201	0.148696353251	-2.20394279998	-1.4142373261	-0.20969906587	-3.10009080295	54
5	0.0	1.0	0.0	-2.00836	0.086465535	-2.272111601	-2.00836	-0.230344769978	-3.17310308345	55
5	0.25	0.0	0.0	0.0645737042803	-0.196684472423	-1.99891545614	0.284443775813	-0.646150704375	-3.16518965544	56
5	0.25	0.25	0.0	-0.434393431143	-0.270298235438	-2.12427133904	-0.229710820618	-0.784430255001	-3.22355983661	57
5	0.25	0.5	0.0	-0.975411059454	-0.31654112458	-2.29335822744	-0.82579617809	-0.857683611217	-3.30466159125	58
5	0.25	0.75	0.0	-1.51944946586	-0.340128875532	-2.43825739488	-1.44474223646	-0.874793146501	-3.37957480703	59
5	0.25	1.0	0.0	-2.02747893558	-0.345777223978	-2.49105011492	-2.02747893558	-0.844641234331	-3.41937937165	60
5	0.5	0.0	0.0	-0.0130871998136	-0.976512008112	-2.1358915952	0.274566013754	-1.62753764946	-3.2536804885	61
5	0.5	0.25	0.0	-0.493711107608	-1.00498354835	-2.20219118356	-0.246993369626	-1.72788600414	-3.27744006301	62
5	0.5	0.5	0.0	-1.02417575832	-1.00756869427	-2.29540193299	-0.857452046734	-1.76893141042	-3.32545095575	63
5	0.5	0.75	0.0	-1.56136897735	-0.993230129336	-2.36546276875	-1.48608784456	-1.76424636553	-3.36216833736	64
5	0.5	1.0	0.0	-2.06217859011	-0.970930537026	-2.36231261607	-2.06217859011	-1.72740336665	-3.35204737851	65
5	0.75	0.0	0.0	-0.0959386330008	-1.76939025974	-2.17270706467	0.238595337333	-2.61730804596	-3.14599170115	66
5	0.75	0.25	0.0	-0.557704436329	-1.76493990954	-2.17028056845	-0.293198424313	-2.67612825089	-3.13370157289	67
5	0.75	0.5	0.0	-1.07390683259	-1.73018871867	-2.1782923173	-0.907512987625	-2.68550702134	-3.14233821922	68
5	0.75	0.75	0.0	-1.6029620832	-1.68007603129	-2.16603915603	-1.53424383519	-2.66464653811	-3.13957947474	69
5	0.75	1.0	0.0	-2.10328644959	-1.62954119156	-2.10281792944	-2.10328644959	-2.63274898197	-3.09310317406	70
5	1.0	0.0	0.0	-0.145170211	-2.422790475	-2.123062908	0.193997723957	-3.38760342377	-2.84979567232	71
5	1.0	0.25	0.0	-0.590845091933	-2.41210912541	-2.09069274158	-0.34848020055	-3.42352056744	-2.82123865336	72
5	1.0	0.5	0.0	-1.0980212062	-2.3573384783	-2.06534839051	-0.964501349755	-3.40700147804	-2.81411355211	73
5	1.0	0.75	0.0	-1.62788677012	-2.27013520454	-2.02046679119	-1.58517989309	-3.36258147939	-2.80351629997	74
5	1.0	1.0	0.0	-2.14163	-2.162155975	-1.92948488	-2.14163	-3.31479589533	-2.76454282838	75
6	0.0	0.0	0.0	-0.145170211	-2.422790475	-2.123062908	0.193997723957	-3.38760342377	-2.84979567232	76
6	0.0	0.25	0.0	-0.590845091933	-2.41210912541	-2.09069274158	-0.34848020055	-3.42352056744	-2.82123865336	77
6	0.0	0.5	0.0	-1.0980212062	-2.3573384783	-2.06534839051	-0.964501349755	-3.40700147804	-2.81411355211	78
6	0.0	0.75	0.0	-1.62788677012	-2.27013520454	-2.02046679119	-1.58517989309	-3.36258147939	-2.80351629997	79
6	0.0	1.0	0.0	-2.14163	-2.162155975	-1.92948488	-2.14163	-3.31479589533	-2.76454282838	80
6	0.25	0.0	0.0	-0.177517179102	-2.96660731709	-1.90499433116	0.145153407642	-3.95681237327	-2.3332838784	81
6	0.25	0.25	0.0	-0.623020885129	-2.94407126488	-1.87516334989	-0.409088837611	-3.96925150562	-2.305555397	82
6	0.25	0.5	0.0	-1.12992947671	-2.85500553155	-1.85109354944	-1.02690925429	-3.91491273458	-2.29434472525	83
6	0.25	0.75	0.0	-1.66342897912	-2.71972900351	-1.80770681801	-1.64216304632	-3.8280243664	-2.28451965483	84
6	0.25	1.0	0.0	-2.18870541762	-2.5585605672	-1.71992504377	-2.18870541762	-3.74281470734	-2.26094797741	85
6	0.5	0.0	0.0	-0.225581935009	-3.55321450369	-1.47985509281	0.0868302927556	-4.54931754852	-1.57493025339	86
6	0.5	0.25	0.0	-0.68531516945	-3.49518229947	-1.45118225336	-0.482089771926	-4.52132404989	-1.54873153397	87
6	0.5	0.5	0.0	-1.19613749837	-3.34781616328	-1.4178765078	-1.10177627819	-4.4147194533	-1.52096981437	88
6	0.5	0.75	0.0	-1.72931974256	-3.15572050361	-1.36842157215	-1.71290025288	-4.27501769321	-1.49165830289	89
6	0.5	1.0	0.0	-2.25613272283	-2.96349972895	-1.29130116245	-2.25613272283	-4.1477327041	-1.46081020781	90
6	0.75	0.0	0.0	-0.266949483912	-4.0113010022	-0.959885666548	0.0384521354848	-5.02406883436	-0.745251673457	91
6	0.75	0.25	0.0	-0.741792724897	-3.91900428696	-0.936547623098	-0.542896473766	-4.96110903045	-0.726284001478	92
6	0.75	0.5	0.0	-1.25864340375	-3.72255187987	-0.899179776519	-1.16672795945	-4.81010675587	-0.68853788424	93
6	0.75	0.75	0.0	-1.79277191836	-3.48261126376	-0.851270975794	-1.7774445982	-4.62336589215	-0.645160371177	94
6	0.75	1.0	0.0	-2.31944866662	-3.25984992148	-0.796310069904	-2.31944866662	-4.45319032083	-0.60929851172	95
6	1.0	0.0	0.0	-0.279204831	-4.16955578	-0.457326526	0.0194426920169	-5.24001611562	-0.0147650147992	96
6	1.0	0.25	0.0	-0.756518331474	-4.06909928516	-0.449057630203	-0.566922413402	-5.16997727749	-0.0137297367281	97
6	1.0	0.5	0.0	-1.27944532542	-3.86599418769	-0.428485866555	-1.19938983608	-5.00475976396	0.00840200037865	98
6	1.0	0.75	0.0	-1.82099836441	-3.60490284287	-0.404914951129	-1.81584916771	-4.79287339555	0.0347460132679	99
6	1.0	1.0	0.0	-2.35419	-3.330487606	-0.3876486	-2.35419	-4.58282799278	0.0484181186864	100
9	0.0	0.0	0.0	-0.279204831	-4.16955578	-0.457326526	0.0194426920169	-5.24001611562	-0.0147650147992	101
9	0.0	0.25	0.0	-0.756518331474	-4.06909928516	-0.449057630203	-0.566922413402	-5.16997727749	-0.0137297367281	102
9	0.0	0.5	0.0	-1.27944532542	-3.86599418769	-0.428485866555	-1.19938983608	-5.00475976396	0.00840200037865	103
9	0.0	0.75	0.0	-1.82099836441	-3.60490284287	-0.404914951129	-1.81584916771	-4.79287339555	0.0347460132679	104
9	0.0	1.0	0.0	-2.35419	-3.330487606	-0.3876486	-2.35419	-4.58282799278	0.0484181186864	105
9	0.25	0.0	0.0	-0.27048932749	-3.92476607327	0.0861038661287	0.0245976875337	-5.08135826549	0.775154589603	106
9	0.25	0.25	0.0	-0.743065332637	-3.8323901052	0.0634440423535	-0.565033206603	-5.01700504776	0.751382920462	107
9	0.25	0.5	0.0	-1.26581046908	-3.64341219605	0.0357314644823	-1.2020956997	-4.8540385174	0.733092354068	108
9	0.25	0.75	0.0	-1.81133706357	-3.38476153314	0.000441177640678	-1.82002528178	-4.63754473966	0.712417544547	109
9	0.25	1.0	0.0	-2.3522574429	-3.08336730381	-0.0449517730457	-2.3522574429	-4.41260977976	0.681493146027	110
9	0.5	0.0	0.0	-0.262872713127	-3.40268266183	0.638983652527	0.0325730813596	-4.61667358726	1.66684023783	111
9	0.5	0.25	0.0	-0.73608957123	-3.31276893447	0.583520111533	-0.562629573563	-4.54969040396	1.62635172701	112
9	0.5	0.5	0.0	-1.25156523322	-3.12365074449	0.504193649231	-1.19395767016	-4.3861407485	1.57746066297	113
9	0.5	0.75	0.0	-1.7895067416	-2.87521201498	0.403731205664	-1.80269394607	-4.17604302583	1.51962757927	114
9	0.5	1.0	0.0	-2.33012113891	-2.60733666902	0.284859720873	-2.33012113891	-3.9694156409	1.4523130095	115
9	0.75	0.0	0.0	-0.25221974345	-2.76240169023	1.07655487116	0.0391576881842	-3.99204978826	2.48218889053	116
9	0.75	0.25	0.0	-0.726437880458	-2.67851042295	0.997360300589	-0.555505249909	-3.92971548225	2.42694099164	117
9	0.75	0.5	0.0	-1.23502301228	-2.49383012302	0.880336608802	-1.17808536853	-3.77585477784	2.35573000382	118
9	0.75	0.75	0.0	-1.76460389019	-2.26428388038	0.727293064556	-1.7772856972	-3.58343570136	2.26953477514	119
9	0.75	1.0	0.0	-2.30180926547	-2.04579478498	0.540038936605	-2.30180926547	-3.40542627917	2.16933415366	120
9	1.0	0.0	0.0	-0.234395174	-2.163019303	1.27405956	0.040140322697	-3.35357457583	3.04309750837	121
9	1.0	0.25	0.0	-0.704957093527	-2.09788922064	1.19115433278	-0.539453971265	-3.3187624188	2.96891502308	122
9	1.0	0.5	0.0	-1.21449720071	-1.94107062164	1.06759626431	-1.15758841583	-3.197968926	2.88212345336	123
9	1.0	0.75	0.0	-1.74572500104	-1.74000672132	0.893464685935	-1.75723107181	-3.03479021354	2.77529778983	124
9	1.0	1.0	0.0	-2.28135	-1.542140735	0.658838929	-2.28135	-2.87282239755	2.64101302307	125
10	0.0	0.0	0.0	-0.234395174	-2.163019303	1.27405956	0.040140322697	-3.35357457583	3.04309750837	126
10	0.0	0.25	0.0	-0.704957093527	-2.09788922064	1.19115433278	-0.539453971265	-3.3187624188	2.96891502308	127
10	0.0	0.5	0.0	-1.21449720071	-1.94107062164	1.06759626431	-1.15758841583	-3.197968926	2.88212345336	128
10	0.0	0.75	0.0	-1.74572500104	-1.74000672132	0.893464685935	-1.75723107181	-3.03479021354	2.77529778983	129
10	0.0	1.0	0.0	-2.28135	-1.542140735	0.658838929	-2.28135	-2.87282239755	2.64101302307	130
10	0.25	0.0	0.0	-0.234909487596	-1.50279582317	1.27019029792	0.00944501001688	-2.56187742572	3.32162689503	131
10	0.25	0.25	0.0	-0.696154661421	-1.45963231958	1.19812052113	-0.545954755259	-2.55399882912	3.24480350597	132
10	0.25	0.5	0.0	-1.2088389575	-1.33815631183	1.08878607677	-1.15319874651	-2.46278937163	3.1606832819	133
10	0.25	0.75	0.0	-1.74272897379	-1.17464463409	0.931683005014	-1.74837993906	-2.32873765099	3.05497862773	134
10	0.25	1.0	0.0	-2.26759130827	-1.00537412056	0.716307346011	-2.26759130827	-2.1923322649	2.91340194835	135
10	0.5	0.0	0.0	-0.260290453322	-0.72407342012	1.17897898455	-0.0448101113671	-1.57882684854	3.37315477845	136
10	0.5	0.25	0.0	-0.715533506777	-0.699075577045	1.11700092151	-0.580526012113	-1.58104293596	3.31511905108	137
10	0.5	0.5	0.0	-1.22640844988	-0.613392080257	1.0179586676	-1.16561094422	-1.51621383491	3.24111630632	138
10	0.5	0.75	0.0	-1.75258032026	-0.504845145562	0.895584390249	-1.74252147095	-1.42517383026	3.14972275059	139
10	0.5	1.0	0.0	-2.25371415556	-0.411256988766	0.763610256881	-2.25371415556	-1.34875720688	3.03951459032	140
10	0.75	0.0	0.0	-0.273326102637	0.0541452897393	0.995924424904	-0.0761958206112	-0.581852519922	3.22015514706	141
10	0.75	0.25	0.0	-0.734124489229	0.0693376517615	0.947338145181	-0.595484351105	-0.585629868343	3.18973168446	142
10	0.75	0.5	0.0	-1.24430748714	0.129948469358	0.864128469402	-1.16280150177	-0.547451382156	3.14033028213	143
10	0.75	0.75	0.0	-1.7602194984	0.201669191	0.778088339537	-1.72731808797	-0.496895627182	3.07770085438	144
10	0.75	1.0	0.0	-2.23820492507	0.25019126516	0.72101069756	-2.23820492507	-0.46354116924	3.0075933155	145
10	1.0	0.0	0.0	-0.236804467	0.71285769	0.716525424	-0.0382828968716	0.251615884517	2.88510198925	146
10	1.0	0.25	0.0	-0.722958468412	0.731164011633	0.688674803381	-0.543146381513	0.246505244727	2.87851143214	147
10	1.0	0.5	0.0	-1.23963787856	0.788591733306	0.636309914772	-1.11274691193	0.2542889203	2.87523296485	148
10	1.0	0.75	0.0	-1.75058696617	0.877175822326	0.572114350777	-1.6904322106	0.283300082423	2.85708363504	149
10	1.0	1.0	0.0	-2.21955	0.988951246	0.508771704	-2.21955	0.34187190228	2.80588049042	150
13	0.0	0.0	0.0	-0.236804467	0.71285769	0.716525424	-0.0382828968716	0.251615884517	2.88510198925	151
13	0.0	0.25	0.0	-0.722958468412	0.731164011633	0.688674803381	-0.543146381513	0.246505244727	2.87851143214	152
13	0.0	0.5	0.0	-1.23963787856	0.788591733306	0.636309914772	-1.11274691193	0.2542889203	2.87523296485	153
13	0.0	0.75	0.0	-1.75058696617	0.877175822326	0.572114350777	-1.6904322106	0.283300082423	2.85708363504	154
13	0.0	1.0	0.0	-2.21955	0.988951246	0.508771704	-2.21955	0.34187190228	2.80588049042	155
13	0.25	0.0	0.0	-0.189073142982	1.02661282461	0.57847347726	0.00780158814628	0.580475555867	2.5972229198	156
13	0.25	0.25	0.0	-0.703022874434	1.05759090189	0.56377043391	-0.507124709078	0.58319084162	2.59118091228	157
13	0.25	0.5	0.0	-1.22760649397	1.17292521498	0.533603591575	-1.07587012941	0.62052534939	2.59464828863	158
13	0.25	0.75	0.0	-1.73570373642	1.32976085062	0.478585706825	-1.65477867215	0.682876230113	2.58195180433	159
13	0.25	1.0	0.0	-2.2001943366	1.48524289556	0.389329536232	-2.2001943366	0.760640634731	2.52741821485	160
13	0.5	0.0	0.0	-0.124496448056	1.39431077265	0.464985127675	0.0565310759915	0.892950700077	2.18708772027	161
13	0.5	0.25	0.0	-0.678077933276	1.42524698094	0.467211204782	-0.486390076913	0.892992455325	2.17873090237	162
13	0.5	0.5	0.0	-1.21547609728	1.60701446101	0.473725919091	-1.04756213798	0.959809747062	2.18020071711	163
13	0.5	0.75	0.0	-1.71961945801	1.81723465175	0.455214863284	-1.61417949441	1.03821072699	2.17000731393	164
13	0.5	1.0	0.0	-2.1734365334	1.93352899206	0.382363630044	-2.1734365334	1.07300354682	2.12666084227	165
13	0.75	0.0	0.0	-0.0571003838524	1.74402634162	0.363173777752	0.0977265118414	1.15419524536	1.74487070035	166
13	0.75	0.25	0.0	-0.647324160168	1.76914395692	0.373289601753	-0.463767449497	1.14660034943	1.72914500888	167
13	0.75	0.5	0.0	-1.19757551635	1.99917559473	0.403513063627	-1.01926803883	1.22566844286	1.72066369565	168
13	0.75	0.75	0.0	-1.69958807619	2.24621896221	0.415931021833	-1.57697684667	1.30593249837	1.70781250747	169
13	0.75	1.0	0.0	-2.1450954635	2.32237176653	0.372630334834	-2.1450954635	1.3019254887	1.67897719116	170
13	1.0	0.0	0.0	-0.000910952	2.003834339	0.26015283	0.121208840873	1.32936311991	1.36074616971	171
13	1.0	0.25	0.0	-0.60996207034	2.02429353799	0.256298110582	-0.422081791313	1.31470478753	1.33040683826	172
13	1.0	0.5	0.0	-1.16823357901	2.2577247395	0.269801191489	-0.982432933186	1.37162776633	1.30481066961	173
13	1.0	0.75	0.0	-1.67286353618	2.52333551851	0.274663384151	-1.55151289825	1.44267046957	1.28192972858	174
13	1.0	1.0	0.0	-2.12099	2.64033345	0.244886	-2.12099	1.47037131051	1.25973608002	175
14	0.0	0.0	0.0	-0.000910952	2.003834339	0.26015283	0.121208840873	1.32936311991	1.36074616971	176
14	0.0	0.25	0.0	-0.60996207034	2.02429353799	0.256298110582	-0.422081791313	1.31470478753	1.33040683826	177
14	0.0	0.5	0.0	-1.16823357901	2.2577247395	0.269801191489	-0.982432933186	1.37162776633	1.30481066961	178
14	0.0	0.75	0.0	-1.67286353618	2.52333551851	0.274663384151	-1.55151289825	1.44267046957	1.28192972858	179
14	0.0	1.0	0.0	-2.12099	2.64033345	0.244886	-2.12099	1.47037131051	1.25973608002	180
14	0.25	0.0	0.0	0.0271206206704	2.10946059443	0.114620127119	0.124072194185	1.39520105324	1.03865026662	181
14	0.25	0.25	0.0	-0.581642375313	2.10646083698	0.0907136682592	-0.397092169566	1.36609113337	0.990032840682	182
14	0.25	0.5	0.0	-1.14417430276	2.31871869572	0.067745928373	-0.960742291909	1.40121820535	0.939908887501	183
14	0.25	0.75	0.0	-1.65302311335	2.57825100632	0.0385738896474	-1.53818740944	1.46404872905	0.892195827219	184
14	0.25	1.0	0.0	-2.10073675875	2.71707460445	-0.00394546573046	-2.10073675875	1.51804916435	0.850811079976	185
14	0.5	0.0	0.0	0.0513187222996	2.17856399233	-0.128388605113	0.122265010302	1.43956240246	0.576596693907	186
14	0.5	0.25	0.0	-0.552633916402	2.12065418447	-0.163745725476	-0.386699273524	1.38164495602	0.51434686732	187
14	0.5	0.5	0.0	-1.12286485899	2.29312045146	-0.212707002715	-0.945690310779	1.40111299669	0.449343319625	188
14	0.5	0.75	0.0	-1.6378119023	2.50721740208	-0.268818528238	-1.52024815086	1.44520790925	0.382485818624	189
14	0.5	1.0	0.0	-2.07591284317	2.57419964513	-0.325626393454	-2.07591284317	1.4611710785	0.314674132117	190
14	0.75	0.0	0.0	0.069172204029	2.20258130107	-0.383782534288	0.12155893397	1.46196657048	0.112667077171	191
14	0.75	0.25	0.0	-0.526247187448	2.08281145523	-0.422867626852	-0.380912620468	1.36954763458	0.038450842523	192
14	0.75	0.5	0.0	-1.10219004644	2.19804400737	-0.489461618992	-0.931805232406	1.3677958538	-0.0453614465907	193
14	0.75	0.75	0.0	-1.6229535827	2.34330403997	-0.561619781008	-1.49961424615	1.38416182971	-0.131940945482	194
14	0.75	1.0	0.0	-2.052835006	2.3136166355	-0.617397383201	-2.052835006	1.34609616388	-0.214458809464	195
14	1.0	0.0	0.0	0.078169917	2.172949289	-0.566470828	0.127725609936	1.46193296021	-0.215056957975	196
14	1.0	0.25	0.0	-0.505792682294	2.00887052402	-0.602439592098	-0.369741727683	1.33798054815	-0.302553309354	197
14	1.0	0.5	0.0	-1.08003466385	2.05060336412	-0.680421937674	-0.913615299399	1.29775049013	-0.422680823715	198
14	1.0	0.75	0.0	-1.60417183423	2.11958025415	-0.753935780163	-1.47820481893	1.27892430994	-0.535825113382	199
14	1.0	1.0	0.0	-2.03782	2.037233639	-0.776499035	-2.03782	1.21918353139	-0.602371790679	200
17	0.0	0.0	0.0	4.654147594	2.3162388	-0.230615834	5.15530626268	2.43003271696	0.225479487485	201
17	0.0	0.25	0.0	3.93055301404	2.70769469548	-0.263733906644	4.48315329317	2.68125304634	0.247138688383	202
17	0.0	0.5	0.0	3.35183150054	3.25568526664	-0.262000877856	3.78195877807	2.9531520859	0.246402067003	203
17	0.0	0.75	0.0	2.81091583527	3.71784845073	-0.257543332639	3.0670031685	3.13810363081	0.208709364674	204
17	0.0	1.0	0.0	2.2007388	3.851822185	-0.282487856	2.35356691558	3.12848147627	0.119500322721	205
17	0.25	0.0	0.0	4.64567409954	2.29367544868	-0.374645308556	5.14991753388	2.40979119575	0.00301396338619	206
17	0.25	0.25	0.0	3.93232874506	2.68876492291	-0.434095208275	4.48987071545	2.67241422211	-0.0138873277911	207
17	0.25	0.5	0.0	3.34351658744	3.21348677688	-0.474009959415	3.79734528855	2.93526831703	-0.057203742886	208
17	0.25	0.75	0.0	2.79214061094	3.65004802836	-0.508595299105	3.08842068679	3.10246849712	-0.12689425225	209
17	0.25	1.0	0.0	2.19110379984	3.7806556951	-0.552056964471	2.37917634379	3.07812977901	-0.222917826236	210
17	0.5	0.0	0.0	4.61053827419	2.26308405834	-0.565842887851	5.12298465332	2.37679096696	-0.29370037561	211
17	0.5	0.25	0.0	3.91216784	2.64846178022	-0.641287144543	4.47395879101	2.63020437027	-0.338245465583	212
17	0.5	0.5	0.0	3.29872518054	3.13669812542	-0.711108164478	3.78322939864	2.87917477212	-0.408633181988	213
17	0.5	0.75	0.0	2.73026178839	3.52545120838	-0.776551448959	3.0844508599	3.02053248064	-0.499647050668	214
17	0.5	1.0	0.0	2.16682915612	3.61237914355	-0.838862499286	2.41127755845	2.95110780398	-0.606070597469	215
17	0.75	0.0	0.0	4.56815180575	2.22439471834	-0.74961500397	5.09271085304	2.33400026629	-0.583730970307	216
17	0.75	0.25	0.0	3.88825763118	2.5886908581	-0.836207054802	4.45504170665	2.56636323393	-0.653010212479	217
17	0.75	0.5	0.0	3.25070333081	3.02438425344	-0.933980095905	3.76744489692	2.78897215776	-0.75271665686	218
17	0.75	0.75	0.0	2.66388947487	3.3515802657	-1.02788510679	3.07885195417	2.89690191679	-0.866685675239	219
17	0.75	1.0	0.0	2.13621663359	3.39038425622	-1.10287306696	2.43819440867	2.78522739003	-0.978752639405	220
17	1.0	0.0	0.0	4.537926382	2.177537518	-0.871368089	5.07729936504	2.28438732944	-0.78614526151	221
17	1.0	0.25	0.0	3.8787854509	2.5113577472	-0.969752278406	4.4527436492	2.49263055621	-0.885256055965	222
17	1.0	0.5	0.0	3.2326970892	2.87561010211	-1.10331035656	3.777825572	2.66876118054	-1.03428457406	223
17	1.0	0.75	0.0	2.63163377765	3.13595747521	-1.22906959718	3.09538223595	2.73618314096	-1.18514677062	224
17	1.0	1.0	0.0	2.107567997	3.158062759	-1.304057274	2.44825074355	2.61830037599	-1.28975860047	225
18	0.0	0.0	0.0	2.2007388	3.851822185	-0.282487856	2.35356691558	3.12848147627	0.119500322721	226
18	0.0	0.25	0.0	1.65105557539	3.60930116941	-0.35324347537	1.7475490668	2.83799524151	0.0185317352874	227
18	0.0	0.5	0.0	1.188858787	3.16800578535	-0.44815605082	1.20796428593	2.34733406559	-0.0665549164495	228
18	0.0	0.75	0.0	0.701959784358	2.64890037712	-0.53123027186	0.684720493466	1.830609466	-0.142253268775	229
18	0.0	1.0	0.0	0.078169917	2.172949289	-0.566470828	0.127725609936	1.46193296021	-0.215056957975	230
18	0.25	0.0	0.0	2.19110379984	3.7806556951	-0.552056964471	2.37917634379	3.07812977901	-0.222917826236	231
18	0.25	0.25	0.0	1.64597489235	3.53158568828	-0.617026330467	1.76544292451	2.78230484042	-0.323574647197	232
18	0.25	0.5	0.0	1.17332173115	3.06290449275	-0.692362615753	1.21448690581	2.2947174695	-0.417008370574	233
18	0.25	0.75	0.0	0.681673713236	2.52097046815	-0.747885416859	0.686365551563	1.78179927195	-0.498676566166	234
18	0.25	1.0	0.0	0.0795602355902	2.05214197414	-0.753414330313	0.141136125658	1.40998185348	-0.564036803773	235
18	0.5	0.0	0.0	2.16682915612	3.61237914355	-0.838862499286	2.41127755845	2.95110780398	-0.606070597469	236
18	0.5	0.25	0.0	1.65012476218	3.33109549564	-0.903506825829	1.80939313705	2.62628563552	-0.722560990149	237
18	0.5	0.5	0.0	1.16266187101	2.84548788244	-0.963885985934	1.23907218815	2.15192335802	-0.842224311161	238
18	0.5	0.75	0.0	0.655166256017	2.3054102254	-0.997828098963	0.691115638657	1.66432111868	-0.946413678831	239
18	0.5	1.0	0.0	0.0783636906301	1.86071644597	-0.98316128428	0.156324415438	1.2997790647	-1.01648221148	240
18	0.75	0.0	0.0	2.13621663359	3.39038425622	-1.10287306696	2.43819440867	2.78522739003	-0.978752639405	241
18	0.75	0.25	0.0	1.65072325153	3.07942837528	-1.16189291512	1.84986857622	2.43715772924	-1.10966011891	242
18	0.75	0.5	0.0	1.15596917301	2.57933757524	-1.20797322947	1.27082315333	1.97575874104	-1.26413964557	243
18	0.75	0.75	0.0	0.637350377785	2.04641085784	-1.22406868379	0.710448762329	1.51223979439	-1.39786679187	244
18	0.75	1.0	0.0	0.080262845605	1.63694722483	-1.19313395186	0.17813602555	1.15781025823	-1.46651713032	245
18	1.0	0.0	0.0	2.107567997	3.158062759	-1.304057274	2.44825074355	2.61830037599	-1.28975860047	246
18	1.0	0.25	0.0	1.63498842704	2.84818211102	-1.34139255199	1.85733811384	2.28214122402	-1.41610485882	247
18	1.0	0.5	0.0	1.15233360361	2.32803519194	-1.36987141446	1.2988428217	1.82303062845	-1.60469128115	248
18	1.0	0.75	0.0	0.643139043625	1.78816357438	-1.36961753694	0.755842930162	1.35962008727	-1.7654380904	249
18	1.0	1.0	0.0	0.090940264	1.419108831	-1.320754595	0.211416502266	1.01056109847	-1.8082655095	250
19	0.0	0.0	0.0	4.537926382	2.177537518	-0.871368089	5.07729936504	2.28438732944	-0.78614526151	251
19	0.0	0.25	0.0	3.8787854509	2.5113577472	-0.969752278406	4.4527436492	2.49263055621	-0.885256055965	252
19	0.0	0.5	0.0	3.2326970892	2.87561010211	-1.10331035656	3.777825572	2.66876118054	-1.03428457406	253
19	0.0	0.75	0.0	2.63163377765	3.13595747521	-1.22906959718	3.09538223595	2.73618314096	-1.18514677062	254
19	0.0	1.0	0.0	2.107567997	3.158062759	-1.304057274	2.44825074355	2.61830037599	-1.28975860047	255
19	0.25	0.0	0.0	4.48858144838	2.06207789854	-0.990050994751	5.06872164504	2.16746925485	-1.01368921451	256
19	0.25	0.25	0.0	3.85738144478	2.35830090581	-1.07584298329	4.46001397396	2.35292985951	-1.12744710839	257
19	0.25	0.5	0.0	3.21633196201	2.6599294203	-1.20985270902	3.7905104181	2.48588154503	-1.30217831064	258
19	0.25	0.75	0.0	2.61139827377	2.87058085819	-1.33889863807	3.10640528606	2.52519470693	-1.47318855083	259
19	0.25	1.0	0.0	2.08854565373	2.89387263567	-1.40979923653	2.45389288643	2.42973974076	-1.57578355849	260
19	0.5	0.0	0.0	4.40784096587	1.88147425144	-1.13584935453	5.05109619617	1.98430889315	-1.30749567182	261
19	0.5	0.25	0.0	3.80492450239	2.13482091796	-1.17999876542	4.45861800478	2.14523431802	-1.41075677617	262
19	0.5	0.5	0.0	3.17101056061	2.39873040836	-1.26136169188	3.77655558045	2.25540585448	-1.564352073	263
19	0.5	0.75	0.0	2.57511218162	2.57944591855	-1.35319771361	3.08830914097	2.28378005854	-1.72578856716	264
19	0.5	1.0	0.0	2.08624240651	2.58321064444	-1.4287664103	2.47727890414	2.19931348621	-1.85257326348	265
19	0.75	0.0	0.0	4.32754450368	1.68513217163	-1.27702184905	5.02910688139	1.78285558629	-1.59895901114	266
19	0.75	0.25	0.0	3.75308039306	1.89149099416	-1.27812529709	4.45504308896	1.91900388613	-1.68733699501	267
19	0.75	0.5	0.0	3.13305273172	2.11198919761	-1.29712735963	3.76533088511	2.00541555076	-1.80873249589	268
19	0.75	0.75	0.0	2.55379183045	2.25324023797	-1.34270798122	3.08040765054	2.01610397482	-1.95198749017	269
19	0.75	1.0	0.0	2.10162800003	2.22185757124	-1.42354710642	2.52071076595	1.92508255301	-2.10594395421	270
19	1.0	0.0	0.0	4.279531631	1.522457254	-1.381827159	5.00743756365	1.61105867621	-1.8194736102	271
19	1.0	0.25	0.0	3.73351488614	1.67888434489	-1.36612825061	4.45577657382	1.72369851827	-1.90933970066	272
19	1.0	0.5	0.0	3.13877832207	1.81968191935	-1.35643976676	3.78620615816	1.76399207571	-2.02324621411	273
19	1.0	0.75	0.0	2.57845354946	1.88265139814	-1.37817059828	3.12201466461	1.72633123481	-2.16082599041	274
19	1.0	1.0	0.0	2.135672179	1.805594202	-1.456729636	2.58649044112	1.60510788186	-2.32171186942	275
20	0.0	0.0	0.0	2.107567997	3.158062759	-1.304057274	2.44825074355	2.61830037599	-1.28975860047	276
20	0.0	0.25	0.0	1.63498842704	2.84818211102	-1.34139255199	1.85733811384	2.28214122402	-1.41610485882	277
20	0.0	0.5	0.0	1.15233360361	2.32803519194	-1.36987141446	1.2988428217	1.82303062845	-1.60469128115	278
20	0.0	0.75	0.0	0.643139043625	1.78816357438	-1.36961753694	0.755842930162	1.35962008727	-1.7654380904	279
20	0.0	1.0	0.0	0.090940264	1.419108831	-1.320754595	0.211416502266	1.01056109847	-1.8082655095	280
20	0.25	0.0	0.0	2.08854565373	2.89387263567	-1.40979923653	2.45389288643	2.42973974076	-1.57578355849	281
20	0.25	0.25	0.0	1.62466353811	2.5973093307	-1.43702515933	1.86582108373	2.12181674112	-1.69998831947	282
20	0.25	0.5	0.0	1.15729698743	2.06604886716	-1.45500766854	1.32828754251	1.65394311996	-1.89889069383	283
20	0.25	0.75	0.0	0.658819349304	1.52066743091	-1.4486380012	0.799158181	1.17323218328	-2.06474572367	284
20	0.25	1.0	0.0	0.101603971338	1.18174120779	-1.40280739431	0.236298917387	0.826797237029	-2.08980845106	285
20	0.5	0.0	0.0	2.08624240651	2.58321064444	-1.4287664103	2.47727890414	2.19931348621	-1.85257326348	286
20	0.5	0.25	0.0	1.6437155911	2.2781652902	-1.48192623687	1.91802471879	1.8964760985	-2.00406365947	287
20	0.5	0.5	0.0	1.1735704642	1.75698749405	-1.51012430775	1.36963319737	1.41804666333	-2.19325760885	288
20	0.5	0.75	0.0	0.663924132763	1.2297016841	-1.51772272887	0.815771442403	0.927098156942	-2.34734416639	289
20	0.5	1.0	0.0	0.102893703711	0.906332288445	-1.50908360615	0.240106556432	0.586703555584	-2.39351238687	290
20	0.75	0.0	0.0	2.10162800003	2.22185757124	-1.42354710642	2.52071076595	1.92508255301	-2.10594395421	291
20	0.75	0.25	0.0	1.67337319595	1.90967349611	-1.51094123386	1.98782382241	1.61902251714	-2.2861594401	292
20	0.75	0.5	0.0	1.18970592845	1.42491475245	-1.55830995663	1.41244489283	1.14367175692	-2.45681600114	293
20	0.75	0.75	0.0	0.661600215218	0.942394358215	-1.58941699385	0.820872634409	0.660417494189	-2.59323510325	294
20	0.75	1.0	0.0	0.100030073979	0.636925331383	-1.62802606466	0.239405704354	0.330646950757	-2.67073821238	295
20	1.0	0.0	0.0	2.135672179	1.805594202	-1.456729636	2.58649044112	1.60510788186	-2.32171186942	296
20	1.0	0.25	0.0	1.69486496263	1.51075745507	-1.55891559955	2.04909319795	1.302359218	-2.50410422267	297
20	1.0	0.5	0.0	1.19425527468	1.09389432223	-1.62265323974	1.44628773547	0.859148899127	-2.65858984566	298
20	1.0	0.75	0.0	0.654994417885	0.685873477532	-1.67626607006	0.82965167706	0.412389680944	-2.78242021894	299
20	1.0	1.0	0.0	0.098233695	0.417563595	-1.748077604	0.250762646106	0.0989943191692	-2.87284682305	300
25	0.0	0.0	0.0	4.279531631	1.522457254	-1.381827159	5.00743756365	1.61105867621	-1.8194736102	301
25	0.0	0.25	0.0	3.73351488614	1.67888434489	-1.36612825061	4.45577657382	1.72369851827	-1.90933970066	302
25	0.0	0.5	0.0	3.13877832207	1.81968191935	-1.35643976676	3.78620615816	1.76399207571	-2.02324621411	303
25	0.0	0.75	0.0	2.57845354946	1.88265139814	-1.37817059828	3.12201466461	1.72633123481	-2.16082599041	304
25	0.0	1.0	0.0	2.135672179	1.805594202	-1.456729636	2.58649044112	1.60510788186	-2.32171186942	305
25	0.25	0.0	0.0	4.23754687739	0.979983434071	-1.60698003948	4.97434342539	0.962694304299	-2.24008459724	306
25	0.25	0.25	0.0	3.74775459894	1.02947681948	-1.61953896357	4.46739353972	1.01981959849	-2.37433674037	307
25	0.25	0.5	0.0	3.20729809368	0.981559595533	-1.62909321877	3.86959423679	0.949312252016	-2.51898972412	308
25	0.25	0.75	0.0	2.67353242529	0.86723632214	-1.6548322844	3.26078311308	0.797421308223	-2.66190329103	309
25	0.25	1.0	0.0	2.20381265744	0.717511559211	-1.71594563981	2.72079776511	0.610395810456	-2.79093718361	310
25	0.5	0.0	0.0	4.23101509429	0.256226931962	-1.78850085844	4.98681204301	0.044441219951	-2.48390899786	311
25	0.5	0.25	0.0	3.75919294561	0.23124662549	-1.84804844715	4.48816990592	0.0353841947473	-2.66452702534	312
25	0.5	0.5	0.0	3.22297495616	0.111618462641	-1.9036283788	3.90230842051	-0.0888432325361	-2.84438534066	313
25	0.5	0.75	0.0	2.68387434483	-0.0516261912587	-1.95891693549	3.30126713881	-0.275105839005	-3.00061047316	314
25	0.5	1.0	0.0	2.2034043305	-0.207455970884	-2.01759039932	2.75708561286	-0.470268401767	-3.11032895221	315
25	0.75	0.0	0.0	4.24333906905	-0.484508366628	-1.88562909843	5.02879947441	-0.901558282378	-2.51712157921	316
25	0.75	0.25	0.0	3.76982119142	-0.567102791865	-1.9883211539	4.52238657368	-0.981701894834	-2.72670156315	317
25	0.75	0.5	0.0	3.21723147249	-0.708319981301	-2.08760270122	3.92411846136	-1.14080963059	-2.92578196604	318
25	0.75	0.75	0.0	2.66092064153	-0.870483789752	-2.17267237739	3.31254476396	-1.33625200179	-3.08700373122	319
25	0.75	1.0	0.0	2.17623942781	-1.01591807204	-2.23272881943	2.76621510797	-1.52539952057	-3.18300780204	320
25	1.0	0.0	0.0	4.257921589	-1.077918576	-1.857604242	5.08426177752	-1.63316190823	-2.30589710843	321
25	1.0	0.25	0.0	3.78163060165	-1.21686798736	-1.97702153635	4.57432444424	-1.78353287213	-2.50765136135	322
25	1.0	0.5	0.0	3.22149020568	-1.39643423827	-2.08857364038	3.97479411136	-1.9969221948	-2.68952850261	323
25	1.0	0.75	0.0	2.65611264887	-1.58588412104	-2.17834643597	3.36369401069	-2.23101897505	-2.83113925965	324
25	1.0	1.0	0.0	2.164110179	-1.754484428	-2.232425805	2.81904737403	-2.4435123117	-2.91209435992	325
26	0.0	0.0	0.0	2.135672179	1.805594202	-1.456729636	2.58649044112	1.60510788186	-2.32171186942	326
26	0.0	0.25	0.0	1.69486496263	1.51075745507	-1.55891559955	2.04909319795	1.302359218	-2.50410422267	327
26	0.0	0.5	0.0	1.19425527468	1.09389432223	-1.62265323974	1.44628773547	0.859148899127	-2.65858984566	328
26	0.0	0.75	0.0	0.654994417885	0.685873477532	-1.67626607006	0.82965167706	0.412389680944	-2.78242021894	329
26	0.0	1.0	0.0	0.098233695	0.417563595	-1.748077604	0.250762646106	0.0989943191692	-2.87284682305	330
26	0.25	0.0	0.0	2.20381265744	0.717511559211	-1.71594563981	2.72079776511	0.610395810456	-2.79093718361	331
26	0.25	0.25	0.0	1.70408450294	0.493811826127	-1.79716055425	2.13413979649	0.331150131968	-2.9165925184	332
26	0.25	0.5	0.0	1.16408586822	0.222114687855	-1.85988712135	1.4923156713	-0.025703609709	-3.02379588369	333
26	0.25	0.75	0.0	0.609140889821	-0.0304330226469	-1.92138540176	0.85564409569	-0.378644270011	-3.1081330169	334
26	0.25	1.0	0.0	0.0645737042803	-0.196684472423	-1.99891545614	0.284443775813	-0.646150704375	-3.16518965544	335
26	0.5	0.0	0.0	2.2034043305	-0.207455970884	-2.01759039932	2.75708561286	-0.470268401767	-3.11032895221	336
26	0.5	0.25	0.0	1.68455200848	-0.402866672828	-2.06727531345	2.16165002699	-0.735912199943	-3.18259648509	337
26	0.5	0.5	0.0	1.11255933106	-0.642110489712	-2.09121719576	1.50718258721	-1.07281918142	-3.226865326	338
26	0.5	0.75	0.0	0.531866270783	-0.856291056488	-2.10792097882	0.857036760472	-1.397768085	-3.24870386409	339
26	0.5	1.0	0.0	-0.0130871998136	-0.976512008112	-2.1358915952	0.274566013754	-1.62753764946	-3.2536804885	340
26	0.75	0.0	0.0	2.17623942781	-1.01591807204	-2.23272881943	2.76621510797	-1.52539952057	-3.18300780204	341
26	0.75	0.25	0.0	1.65447063097	-1.20678860225	-2.25461512337	2.1759650675	-1.78178146951	-3.21823621725	342
26	0.75	0.5	0.0	1.05750214452	-1.45168868518	-2.23796369375	1.51288498025	-2.11251657958	-3.21438709969	343
26	0.75	0.75	0.0	0.45185778451	-1.66707150847	-2.20368938828	0.844565014192	-2.42267029149	-3.18559430808	344
26	0.75	1.0	0.0	-0.0959386330008	-1.76939025974	-2.17270706467	0.238595337333	-2.61730804596	-3.14599170115	345
26	1.0	0.0	0.0	2.164110179	-1.754484428	-2.232425805	2.81904737403	-2.4435123117	-2.91209435992	346
26	1.0	0.25	0.0	1.6320435221	-1.94546452258	-2.24453523027	2.22142609604	-2.68941136853	-2.93963180942	347
26	1.0	0.5	0.0	1.0167407899	-2.15952737327	-2.22144684612	1.53141934746	-2.97511456775	-2.93295013186	348
26	1.0	0.75	0.0	0.397802654742	-2.33814526307	-2.17650721716	0.828964199635	-3.23103941697	-2.90026589643	349
26	1.0	1.0	0.0	-0.145170211	-2.422790475	-2.123062908	0.193997723957	-3.38760342377	-2.84979567232	350
27	0.0	0.0	0.0	4.257921589	-1.077918576	-1.857604242	5.08426177752	-1.63316190823	-2.30589710843	351
27	0.0	0.25	0.0	3.78163060165	-1.21686798736	-1.97702153635	4.57432444424	-1.78353287213	-2.50765136135	352
27	0.0	0.5	0.0	3.22149020568	-1.39643423827	-2.08857364038	3.97479411136	-1.9969221948	-2.68952850261	353
27	0.0	0.75	0.0	2.65611264887	-1.58588412104	-2.17834643597	3.36369401069	-2.23101897505	-2.83113925965	354
27	0.0	1.0	0.0	2.164110179	-1.754484428	-2.232425805	2.81904737403	-2.4435123117	-2.91209435992	355
27	0.25	0.0	0.0	4.31985638776	-1.5006991461	-1.68639429321	5.14007059914	-2.10125735806	-1.87862538081	356
27	0.25	0.25	0.0	3.83593141654	-1.68815647959	-1.78983783893	4.62692765693	-2.30759626933	-2.04727107486	357
27	0.25	0.5	0.0	3.26996218936	-1.90893137068	-1.87587069558	4.02861927269	-2.57336057079	-2.18894829812	358
27	0.25	0.75	0.0	2.6928573416	-2.13229991297	-1.93990552883	3.41598888664	-2.85116144612	-2.29691836451	359
27	0.25	1.0	0.0	2.17552550863	-2.32753820008	-1.97735500435	2.85987993904	-3.09361007899	-2.36444258796	360
27	0.5	0.0	0.0	4.44097363437	-1.97590116609	-1.37594973395	5.20616076406	-2.59769120791	-1.22398157937	361
27	0.5	0.25	0.0	3.93812401995	-2.21461165111	-1.44279684515	4.68095461301	-2.86625767339	-1.34219802097	362
27	0.5	0.5	0.0	3.35245793026	-2.46643035802	-1.48050650896	4.07042727418	-3.18257387818	-1.42600016291	363
27	0.5	0.75	0.0	2.74758340166	-2.70663215647	-1.49967021444	3.44017234552	-3.49721462491	-1.48708019529	364
27	0.5	1.0	0.0	2.18710847052	-2.91049191608	-1.51087945064	2.855783425	-3.76075471621	-1.53713030823	365
27	0.75	0.0	0.0	4.54713162605	-2.35935243278	-0.996774401216	5.25836272635	-2.98321087566	-0.507601596261	366
27	0.75	0.25	0.0	4.02606893632	-2.6392998465	-1.01612972866	4.71932811565	-3.30470071797	-0.563869472005	367
27	0.75	0.5	0.0	3.41770921829	-2.90956822815	-0.999443837063	4.09274097507	-3.66082390069	-0.584352064353	368
27	0.75	0.75	0.0	2.78354449498	-3.15439214536	-0.970670791451	3.44186610419	-4.00269305852	-0.595538855914	369
27	0.75	1.0	0.0	2.18506678941	-3.35800616579	-0.953764656857	2.82996830256	-4.28142082617	-0.623919329296	370
27	1.0	0.0	0.0	4.56418866	-2.506880743	-0.619372132	5.27250694008	-3.11856377921	0.104878676391	371
27	1.0	0.25	0.0	4.03762669005	-2.80528741036	-0.590067663119	4.72497096806	-3.46810903674	0.116277299691	372
27	1.0	0.5	0.0	3.41444784333	-3.07898200888	-0.529645436423	4.08808323462	-3.84437242201	0.152328030145	373
27	1.0	0.75	0.0	2.76399428745	-3.32109117347	-0.465937558516	3.42669187949	-4.20111129401	0.183791549692	374
27	1.0	1.0	0.0	2.15560819	-3.524741539	-0.426776136	2.80564504238	-4.49208301171	0.181428540269	375
28	0.0	0.0	0.0	2.164110179	-1.754484428	-2.232425805	2.81904737403	-2.4435123117	-2.91209435992	376
28	0.0	0.25	0.0	1.6320435221	-1.94546452258	-2.24453523027	2.22142609604	-2.68941136853	-2.93963180942	377
28	0.0	0.5	0.0	1.0167407899	-2.15952737327	-2.22144684612	1.53141934746	-2.97511456775	-2.93295013186	378
28	0.0	0.75	0.0	0.397802654742	-2.33814526307	-2.17650721716	0.828964199635	-3.23103941697	-2.90026589643	379
28	0.0	1.0	0.0	-0.145170211	-2.422790475	-2.123062908	0.193997723957	-3.38760342377	-2.84979567232	380
28	0.25	0.0	0.0	2.17552550863	-2.32753820008	-1.97735500435	2.85987993904	-3.09361007899	-2.36444258796	381
28	0.25	0.25	0.0	1.62104488791	-2.52562169649	-1.98894011726	2.24580386708	-3.34042678555	-2.39548533222	382
28	0.25	0.5	0.0	0.991323575589	-2.72735326244	-1.97775662453	1.53035895867	-3.6019290475	-2.39703768024	383
28	0.25	0.75	0.0	0.365442557857	-2.88894457647	-1.94828215341	0.800992907589	-3.82507239877	-2.37450280473	384
28	0.25	1.0	0.0	-0.177517179102	-2.96660731709	-1.90499433116	0.145153407642	-3.95681237327	-2.3332838784	385
28	0.5	0.0	0.0	2.18710847052	-2.91049191608	-1.51087945064	2.855783425	-3.76075471621	-1.53713030823	386
28	0.5	0.25	0.0	1.60711312959	-3.11261756626	-1.5193211221	2.22802370862	-4.00510474436	-1.57629709203	387
28	0.5	0.5	0.0	0.963733017484	-3.3213539644	-1.51899974652	1.49965005153	-4.25198970665	-1.59563662362	388
28	0.5	0.75	0.0	0.328868030517	-3.48533998528	-1.50686213354	0.757104798124	-4.4503978818	-1.5951729838	389
28	0.5	1.0	0.0	-0.225581935009	-3.55321450369	-1.47985509281	0.0868302927556	-4.54931754852	-1.57493025339	390
28	0.75	0.0	0.0	2.18506678941	-3.35800616579	-0.953764656857	2.82996830256	-4.28142082617	-0.623919329296	391
28	0.75	0.25	0.0	1.58847817421	-3.56252485064	-0.95662500352	2.19429914839	-4.52502848191	-0.669308485817	392
28	0.75	0.5	0.0	0.937710358032	-3.78309535731	-0.964358399466	1.46165102598	-4.76645382788	-0.710187807394	393
28	0.75	0.75	0.0	0.297616689214	-3.95444497732	-0.96832517653	0.715282500086	-4.95102467505	-0.738265975962	394
28	0.75	1.0	0.0	-0.266949483912	-4.0113010022	-0.959885666548	0.0384521354848	-5.02406883436	-0.745251673457	395
28	1.0	0.0	0.0	2.15560819	-3.524741539	-0.426776136	2.80564504238	-4.49208301171	0.181428540269	396
28	1.0	0.25	0.0	1.56336994884	-3.73141626835	-0.42179852028	2.17084371415	-4.74178123512	0.138239089454	397
28	1.0	0.5	0.0	0.916996839686	-3.95414331933	-0.433014770746	1.43872028192	-4.98647869386	0.0778679230128	398
28	1.0	0.75	0.0	0.281226150438	-4.1233730404	-0.448749301339	0.693508642323	-5.1709615875	0.0202286764325	399
28	1.0	1.0	0.0	-0.279204831	-4.16955578	-0.457326526	0.0194426920169	-5.24001611562	-0.0147650147992	400
33	0.0	0.0	0.0	4.56418866	-2.506880743	-0.619372132	5.27250694008	-3.11856377921	0.104878676391	401
33	0.0	0.25	0.0	4.03762669005	-2.80528741036	-0.590067663119	4.72497096806	-3.46810903674	0.116277299691	402
33	0.0	0.5	0.0	3.41444784333	-3.07898200888	-0.529645436423	4.08808323462	-3.84437242201	0.152328030145	403
33	0.0	0.75	0.0	2.76399428745	-3.32109117347	-0.465937558516	3.42669187949	-4.20111129401	0.183791549692	404
33	0.0	1.0	0.0	2.15560819	-3.524741539	-0.426776136	2.80564504238	-4.49208301171	0.181428540269	405
33	0.25	0.0	0.0	4.44557474131	-2.3145934175	-0.22659141929	5.23209329381	-2.91511952227	0.743456011583	406
33	0.25	0.25	0.0	3.93079734403	-2.60119977397	-0.152411611015	4.68258748106	-3.26302948565	0.821584256196	407
33	0.25	0.5	0.0	3.31556319925	-2.87479181043	-0.0606866119646	4.04271372156	-3.64802065984	0.89776633351	408
33	0.25	0.75	0.0	2.67523492739	-3.12168847821	0.0253816775857	3.38083136047	-4.01717665039	0.955295423886	409
33	0.25	1.0	0.0	2.08517514887	-3.32820872864	0.0825913573597	2.76529974293	-4.31758106285	0.977464707688	410
33	0.5	0.0	0.0	4.25988768213	-1.87533712279	0.136672341239	5.15390273635	-2.47474643298	1.4348873624	411
33	0.5	0.25	0.0	3.75990534577	-2.13002963587	0.256749707626	4.60368644858	-2.79856107225	1.58020543485	412
33	0.5	0.5	0.0	3.16846272283	-2.40532072432	0.396233870333	3.96360819781	-3.18600151819	1.7133076859	413
33	0.5	0.75	0.0	2.55567023677	-2.66473169866	0.523999038856	3.30353927284	-3.56706634274	1.81669346467	414
33	0.5	1.0	0.0	1.991638311	-2.87178386938	0.608919422694	2.69335096249	-3.87175411787	1.87286212024	415
33	0.75	0.0	0.0	4.08778056514	-1.33368876919	0.428265691899	5.05923614301	-1.93150676481	2.03248340771	416
33	0.75	0.25	0.0	3.59538510393	-1.55291068879	0.590452460399	4.5073637579	-2.215814387	2.23847139386	417
33	0.75	0.5	0.0	3.02796803973	-1.82218541269	0.777981753563	3.87204073605	-2.58988287031	2.43211236867	418
33	0.75	0.75	0.0	2.4457916863	-2.08611020172	0.94782320409	3.21954724588	-2.97052591412	2.58730774891	419
33	0.75	1.0	0.0	1.90911835737	-2.28928231668	1.05694644468	2.61616345583	-3.2745572178	2.67795895131	420
33	1.0	0.0	0.0	4.009906473	-0.834225267	0.606035175	4.96939438908	-1.41946277124	2.38955482636	421
33	1.0	0.25	0.0	3.50767102719	-1.03097662548	0.801732814899	4.41271529629	-1.65590002033	2.64271269146	422
33	1.0	0.5	0.0	2.94890077557	-1.27700253766	1.02142278082	3.78928540896	-1.99123258946	2.88734066318	423
33	1.0	0.75	0.0	2.38609074667	-1.52171335427	1.21476285208	3.15358690884	-2.34730090759	3.08646035347	424
33	1.0	1.0	0.0	1.871735969	-1.714519426	1.331410808	2.56010197772	-2.64594540368	3.20309337429	425
34	0.0	0.0	0.0	2.15560819	-3.524741539	-0.426776136	2.80564504238	-4.49208301171	0.181428540269	426
34	0.0	0.25	0.0	1.56336994884	-3.73141626835	-0.42179852028	2.17084371415	-4.74178123512	0.138239089454	427
34	0.0	0.5	0.0	0.916996839686	-3.95414331933	-0.433014770746	1.43872028192	-4.98647869386	0.0778679230128	428
34	0.0	0.75	0.0	0.281226150438	-4.1233730404	-0.448749301339	0.693508642323	-5.1709615875	0.0202286764325	429
34	0.0	1.0	0.0	-0.279204831	-4.16955578	-0.457326526	0.0194426920169	-5.24001611562	-0.0147650147992	430
34	0.25	0.0	0.0	2.08517514887	-3.32820872864	0.0825913573597	2.76529974293	-4.31758106285	0.977464707688	431
34	0.25	0.25	0.0	1.51798207483	-3.52634980144	0.105760137408	2.14382248382	-4.5700176819	0.950927159334	432
34	0.25	0.5	0.0	0.890839523637	-3.73279691492	0.111759857701	1.42214387216	-4.81762075501	0.891490452774	433
34	0.25	0.75	0.0	0.271948665973	-3.88608927142	0.104053455016	0.68686768203	-5.0061482827	0.824463344149	434
34	0.25	1.0	0.0	-0.27048932749	-3.92476607327	0.0861038661287	0.0245976875337	-5.08135826549	0.775154589603	435
34	0.5	0.0	0.0	1.991638311	-2.87178386938	0.608919422694	2.69335096249	-3.87175411787	1.87286212024	436
34	0.5	0.25	0.0	1.45655532214	-3.04873949516	0.64890067358	2.09313460493	-4.11555088392	1.86116164425	437
34	0.5	0.5	0.0	0.856595200013	-3.2305809234	0.669513596004	1.39254232018	-4.35788560035	1.8007514658	438
34	0.5	0.75	0.0	0.260528877349	-3.36574852275	0.667345489231	0.677159886306	-4.54338444288	1.72489114396	439
34	0.5	1.0	0.0	-0.262872713127	-3.40268266183	0.638983652527	0.0325730813596	-4.61667358726	1.66684023783	440
34	0.75	0.0	0.0	1.90911835737	-2.28928231668	1.05694644468	2.61616345583	-3.2745572178	2.67795895131	441
34	0.75	0.25	0.0	1.40424366245	-2.44472921076	1.10345073715	2.03518085419	-3.50743723338	2.68099128036	442
34	0.75	0.5	0.0	0.829035696586	-2.60344092638	1.12475077486	1.35493873866	-3.74021112472	2.6253988511	443
34	0.75	0.75	0.0	0.25353453591	-2.72335318054	1.1170507541	0.661057539807	-3.91953120522	2.54714395675	444
34	0.75	1.0	0.0	-0.25221974345	-2.76240169023	1.07655487116	0.0391576881842	-3.99204978826	2.48218889053	445
34	1.0	0.0	0.0	1.871735969	-1.714519426	1.331410808	2.56010197772	-2.64594540368	3.20309337429	446
34	1.0	0.25	0.0	1.38620106745	-1.86046280946	1.36523797705	1.98636200827	-2.87473312247	3.22246480381	447
34	1.0	0.5	0.0	0.822932841127	-2.00732250544	1.36197572497	1.31435624024	-3.09753522299	3.18518049769	448
34	1.0	0.75	0.0	0.257533392996	-2.11990563095	1.32909320241	0.635232927189	-3.27144970689	3.11685366339	449
34	1.0	1.0	0.0	-0.234395174	-2.163019303	1.27405956	0.040140322697	-3.35357457583	3.04309750837	450
35	0.0	0.0	0.0	4.009906473	-0.834225267	0.606035175	4.96939438908	-1.41946277124	2.38955482636	451
35	0.0	0.25	0.0	3.50767102719	-1.03097662548	0.801732814899	4.41271529629	-1.65590002033	2.64271269146	452
35	0.0	0.5	0.0	2.94890077557	-1.27700253766	1.02142278082	3.78928540896	-1.99123258946	2.88734066318	453
35	0.0	0.75	0.0	2.38609074667	-1.52171335427	1.21476285208	3.15358690884	-2.34730090759	3.08646035347	454
35	0.0	1.0	0.0	1.871735969	-1.714519426	1.331410808	2.56010197772	-2.64594540368	3.20309337429	455
35	0.25	0.0	0.0	4.03457911792	-0.250837803715	0.725949451603	4.90051000904	-0.775859958626	2.52885043971	456
35	0.25	0.25	0.0	3.5163199801	-0.419017123693	0.9047514312	4.33848062478	-0.958234377324	2.79774336713	457
35	0.25	0.5	0.0	2.94614417067	-0.649982314562	1.09255085964	3.71291561628	-1.24614766309	3.06045970148	458
35	0.25	0.75	0.0	2.37961232603	-0.888307196041	1.252379996	3.08053476182	-1.56650557155	3.27560269214	459
35	0.25	1.0	0.0	1.87228508253	-1.07856558785	1.34727109934	2.49805783965	-1.84621385835	3.40177558848	460
35	0.5	0.0	0.0	4.09779362828	0.445279258762	0.82154376944	4.8590072538	0.0332116204245	2.52650757758	461
35	0.5	0.25	0.0	3.57442263065	0.326807003141	0.919281516656	4.29739793812	-0.104163534443	2.76814479495	462
35	0.5	0.5	0.0	2.98729475598	0.0843679634749	1.005776676	3.6506206329	-0.374901858536	3.00246935717	463
35	0.5	0.75	0.0	2.40307457329	-0.186489970121	1.07728051262	2.99960093923	-0.684307596349	3.19517672099	464
35	0.5	1.0	0.0	1.8884266516	-0.390218907532	1.13004429164	2.42526445824	-0.937684992377	3.31196234319	465
35	0.75	0.0	0.0	4.17031012501	1.12076067811	0.856036420557	4.82227624287	0.845473593901	2.38457384227	466
35	0.75	0.25	0.0	3.64252812766	1.06845299388	0.860438996945	4.26660069062	0.752097483824	2.58082126844	467
35	0.75	0.5	0.0	3.04321118307	0.852016201226	0.840933666415	3.60959436703	0.500629613629	2.77552354792	468
35	0.75	0.75	0.0	2.44730082185	0.58529127394	0.823435398973	2.94884217278	0.205333021823	2.93939887806	469
35	0.75	1.0	0.0	1.92973857462	0.382119185801	0.833859164622	2.38192900855	-0.0195292530879	3.04316545621	470
35	1.0	0.0	0.0	4.222888729	1.642241212	0.792645697	4.76770709573	1.49864758979	2.10509683607	471
35	1.0	0.25	0.0	3.68118561992	1.66787808736	0.743339797745	4.22322233661	1.45633365299	2.26267708113	472
35	1.0	0.5	0.0	3.08475210352	1.57893030347	0.677855267389	3.59703072694	1.25857154284	2.44177619144	473
35	1.0	0.75	0.0	2.5031144051	1.42858948659	0.624815652089	2.96631519415	1.00845628676	2.60248560138	474
35	1.0	1.0	0.0	2.00579875	1.270047263	0.612844498	2.40825866568	0.809082912172	2.70489674532	475
36	0.0	0.0	0.0	1.871735969	-1.714519426	1.331410808	2.56010197772	-2.64594540368	3.20309337429	476
36	0.0	0.25	0.0	1.38620106745	-1.86046280946	1.36523797705	1.98636200827	-2.87473312247	3.22246480381	477
36	0.0	0.5	0.0	0.822932841127	-2.00732250544	1.36197572497	1.31435624024	-3.09753522299	3.18518049769	478
36	0.0	0.75	0.0	0.257533392996	-2.11990563095	1.32909320241	0.635232927189	-3.27144970689	3.11685366339	479
36	0.0	1.0	0.0	-0.234395174	-2.163019303	1.27405956	0.040140322697	-3.35357457583	3.04309750837	480
36	0.25	0.0	0.0	1.87228508253	-1.07856558785	1.34727109934	2.49805783965	-1.84621385835	3.40177558848	481
36	0.25	0.25	0.0	1.38653555657	-1.21862099371	1.37120331172	1.92858291327	-2.06850488971	3.4380893921	482
36	0.25	0.5	0.0	0.820287915677	-1.35331953636	1.35916721168	1.26152785903	-2.28659599864	3.43011592194	483
36	0.25	0.75	0.0	0.253240215681	-1.45669866359	1.32191285512	0.590584587691	-2.46341192927	3.38793511169	484
36	0.25	1.0	0.0	-0.234909487596	-1.50279582317	1.27019029792	0.00944501001688	-2.56187742572	3.32162689503	485
36	0.5	0.0	0.0	1.8884266516	-0.390218907532	1.13004429164	2.42526445824	-0.937684992377	3.31196234319	486
36	0.5	0.25	0.0	1.38833134804	-0.512356143627	1.16744008512	1.86482653495	-1.12999240836	3.36666826982	487
36	0.5	0.5	0.0	0.813637532643	-0.612661049141	1.19387410021	1.20848643107	-1.32308558039	3.39880590058	488
36	0.5	0.75	0.0	0.239159000499	-0.685208511998	1.20062688424	0.543016698373	-1.48376392245	3.40281986146	489
36	0.5	1.0	0.0	-0.260290453322	-0.72407342012	1.17897898455	-0.0448101113671	-1.57882684854	3.37315477845	490
36	0.75	0.0	0.0	1.92973857462	0.382119185801	0.833859164622	2.38192900855	-0.0195292530879	3.04316545621	491
36	0.75	0.25	0.0	1.41918582525	0.260158300161	0.881735238972	1.82511400409	-0.184212994298	3.11015811521	492
36	0.75	0.5	0.0	0.837967065805	0.162460240458	0.942250055069	1.17807551786	-0.356356581376	3.17283437249	493
36	0.75	0.75	0.0	0.251867891449	0.0925981794117	0.989085741013	0.518432569695	-0.500667321018	3.21492359434	494
36	0.75	1.0	0.0	-0.273326102637	0.0541452897393	0.995924424904	-0.0761958206112	-0.581852519922	3.22015514706	495
36	1.0	0.0	0.0	2.00579875	1.270047263	0.612844498	2.40825866568	0.809082912172	2.70489674532	496
36	1.0	0.25	0.0	1.50669637163	1.10074889702	0.641875715033	1.83946645148	0.643816036607	2.77051560653	497
36	1.0	0.5	0.0	0.928261888939	0.919851616664	0.6804487408	1.19313868093	0.464238385248	2.83378527658	498
36	1.0	0.75	0.0	0.32794503253	0.774754766222	0.711139876667	0.542735512116	0.317716240437	2.87766199199	499
36	1.0	1.0	0.0	-0.236804467	0.71285769	0.716525424	-0.0382828968716	0.251615884517	2.88510198925	500
41	0.0	0.0	0.0	4.222888729	1.642241212	0.792645697	4.76770709573	1.49864758979	2.10509683607	501
41	0.0	0.25	0.0	3.68118561992	1.66787808736	0.743339797745	4.22322233661	1.45633365299	2.26267708113	502
41	0.0	0.5	0.0	3.08475210352	1.57893030347	0.677855267389	3.59703072694	1.25857154284	2.44177619144	503
41	0.0	0.75	0.0	2.5031144051	1.42858948659	0.624815652089	2.96631519415	1.00845628676	2.60248560138	504
41	0.0	1.0	0.0	2.00579875	1.270047263	0.612844498	2.40825866568	0.809082912172	2.70489674532	505
41	0.25	0.0	0.0	4.24010364084	1.80525051925	0.734732034429	4.76148771887	1.69535587908	1.95248130649	506
41	0.25	0.25	0.0	3.67879571503	1.90286077156	0.694637701976	4.20857053378	1.70665202977	2.09266194914	507
41	0.25	0.5	0.0	3.0862537227	1.96385778241	0.668166563305	3.58881412265	1.61384285638	2.25513594345	508
41	0.25	0.75	0.0	2.52278528686	1.95680862012	0.650859830208	2.96765719168	1.46075575946	2.40156703214	509
41	0.25	1.0	0.0	2.04869803055	1.850280353	0.638258714476	2.41053844706	1.29121813954	2.49361895792	510
41	0.5	0.0	0.0	4.26752111966	2.01153723596	0.648838216592	4.77755255401	1.93165865954	1.7397570953	511
41	0.5	0.25	0.0	3.66945588546	2.17176702627	0.641225345378	4.19383064696	1.98922770357	1.87119179056	512
41	0.5	0.5	0.0	3.0735844278	2.34439813592	0.707467602213	3.54890349433	1.98492426208	2.03413390389	513
41	0.5	0.75	0.0	2.52396787886	2.43848190876	0.777573127986	2.91174474432	1.90965304589	2.18149530108	514
41	0.5	1.0	0.0	2.06466737081	2.36306968863	0.781550063585	2.35132804511	1.75431876586	2.2661878479	515
41	0.75	0.0	0.0	4.2988283764	2.20250633544	0.552890053959	4.80308817848	2.15154204493	1.51702451411	516
41	0.75	0.25	0.0	3.66851375568	2.4184698111	0.575754469958	4.18831333931	2.25108480384	1.6357788022	517
41	0.75	0.5	0.0	3.07506043516	2.68300032683	0.716825505077	3.51203733153	2.32214111175	1.78212337113	518
41	0.75	0.75	0.0	2.53670264208	2.86110006068	0.859618591998	2.84949041311	2.31423062806	1.9118557254	519
41	0.75	1.0	0.0	2.07167460367	2.81777119069	0.887649163401	2.27590284205	2.17687301213	1.9807733695	520
41	1.0	0.0	0.0	4.327712622	2.319562791	0.464813357	4.82528116958	2.29899214903	1.33438387456	521
41	1.0	0.25	0.0	3.69131695017	2.58684208569	0.490876817719	4.20132927398	2.43924745997	1.42393518086	522
41	1.0	0.5	0.0	3.1189979611	2.94211331799	0.617307392859	3.51295412377	2.57581875723	1.50245764352	523
41	1.0	0.75	0.0	2.59103003747	3.21215378405	0.75165926882	2.8318067591	2.63357098796	1.56223362229	524
41	1.0	1.0	0.0	2.087687562	3.22374078	0.801486632	2.22953822009	2.53736909934	1.59554547694	525
42	0.0	0.0	0.0	2.00579875	1.270047263	0.612844498	2.40825866568	0.809082912172	2.70489674532	526
42	0.0	0.25	0.0	1.50669637163	1.10074889702	0.641875715033	1.83946645148	0.643816036607	2.77051560653	527
42	0.0	0.5	0.0	0.928261888939	0.919851616664	0.6804487408	1.19313868093	0.464238385248	2.83378527658	528
42	0.0	0.75	0.0	0.32794503253	0.774754766222	0.711139876667	0.542735512116	0.317716240437	2.87766199199	529
42	0.0	1.0	0.0	-0.236804467	0.71285769	0.716525424	-0.0382828968716	0.251615884517	2.88510198925	530
42	0.25	0.0	0.0	2.04869803055	1.850280353	0.638258714476	2.41053844706	1.29121813954	2.49361895792	531
42	0.25	0.25	0.0	1.57201489208	1.63165247141	0.62458424155	1.84871867741	1.0907710815	2.54379327402	532
42	0.25	0.5	0.0	1.00708177637	1.3678697321	0.608373335846	1.22362344903	0.862950872104	2.58302050276	533
42	0.25	0.75	0.0	0.403513994374	1.13937542115	0.592158810153	0.591301504926	0.671578650507	2.60344794955	534
42	0.25	1.0	0.0	-0.189073142982	1.02661282461	0.57847347726	0.00780158814628	0.580475555867	2.5972229198	535
42	0.5	0.0	0.0	2.06466737081	2.36306968863	0.781550063585	2.35132804511	1.75431876586	2.2661878479	536
42	0.5	0.25	0.0	1.61319288991	2.12141335031	0.704708211888	1.82108033654	1.51810334287	2.27965893366	537
42	0.5	0.5	0.0	1.08156155632	1.82986154525	0.602583447724	1.2499479195	1.25236857935	2.25730818337	538
42	0.5	0.75	0.0	0.494192175248	1.56272408289	0.510800757514	0.655806322985	1.02226689264	2.21962223345	539
42	0.5	1.0	0.0	-0.124496448056	1.39431077265	0.464985127675	0.0565310759915	0.892950700077	2.18708772027	540
42	0.75	0.0	0.0	2.07167460367	2.81777119069	0.887649163401	2.27590284205	2.17687301213	1.9807733695	541
42	0.75	0.25	0.0	1.62774968966	2.56688744283	0.770006282216	1.76968180738	1.91025065707	1.96223229605	542
42	0.75	0.5	0.0	1.13372768979	2.25868037002	0.5983500169	1.24976305237	1.5998795706	1.88773412248	543
42	0.75	0.75	0.0	0.576485399969	1.96158249528	0.440224478423	0.698370109649	1.32233576319	1.80077990513	544
42	0.75	1.0	0.0	-0.0571003838524	1.74402634162	0.363173777752	0.0977265118414	1.15419524536	1.74487070035	545
42	1.0	0.0	0.0	2.087687562	3.22374078	0.801486632	2.22953822009	2.53736909934	1.59554547694	546
42	1.0	0.25	0.0	1.61320461585	2.9649306581	0.708237108706	1.70765346847	2.25165086047	1.57563307184	547
42	1.0	0.5	0.0	1.14560663781	2.60717952034	0.530943983839	1.20071980767	1.87287190945	1.50538412414	548
42	1.0	0.75	0.0	0.626899493354	2.25273240216	0.353588732552	0.681113008275	1.52434005852	1.42151602604	549
42	1.0	1.0	0.0	-0.000910952	2.003834339	0.26015283	0.121208840873	1.32936311991	1.36074616971	550
43	0.0	0.0	0.0	4.327712622	2.319562791	0.464813357	4.82528116958	2.29899214903	1.33438387456	551
43	0.0	0.25	0.0	3.69131695017	2.58684208569	0.490876817719	4.20132927398	2.43924745997	1.42393518086	552
43	0.0	0.5	0.0	3.1189979611	2.94211331799	0.617307392859	3.51295412377	2.57581875723	1.50245764352	553
43	0.0	0.75	0.0	2.59103003747	3.21215378405	0.75165926882	2.8318067591	2.63357098796	1.56223362229	554
43	0.0	1.0	0.0	2.087687562	3.22374078	0.801486632	2.22953822009	2.53736909934	1.59554547694	555
43	0.25	0.0	0.0	4.39090109522	2.35780795752	0.333656406173	4.88366343985	2.37532494035	1.112044488	556
43	0.25	0.25	0.0	3.74240494427	2.65961323782	0.356941983287	4.25315328023	2.54238084197	1.19057684241	557
43	0.25	0.5	0.0	3.17977229766	3.0788463693	0.447478711396	3.56097486908	2.71732004343	1.23819864145	558
43	0.25	0.75	0.0	2.65370906539	3.41400904929	0.546297713885	2.8690424737	2.8141891023	1.25970373651	559
43	0.25	1.0	0.0	2.11492115744	3.46360297513	0.594430114141	2.23927036137	2.74703457617	1.25988597899	560
43	0.5	0.0	0.0	4.49736662234	2.35956020273	0.136751433096	4.99191178084	2.41915548091	0.797720907427	561
43	0.5	0.25	0.0	3.81601112266	2.6975348692	0.150055492397	4.34012814777	2.61346219665	0.868636824136	562
43	0.5	0.5	0.0	3.24944684568	3.18507698581	0.215213336495	3.63887952601	2.83608214766	0.907659210753	563
43	0.5	0.75	0.0	2.72064202544	3.58660586774	0.284589439331	2.9353365713	2.97969866801	0.909358085177	564
43	0.5	1.0	0.0	2.15256489597	3.66654083017	0.310548274845	2.2766699394	2.93699509174	0.868303465305	565
43	0.75	0.0	0.0	4.60061389229	2.34048274433	-0.0699798757792	5.09935108948	2.43566449751	0.474502713648	566
43	0.75	0.25	0.0	3.88707923077	2.71032326128	-0.0750730169231	4.42815958322	2.65793757959	0.530146861106	567
43	0.75	0.5	0.0	3.31210533626	3.24821875558	-0.0358320779027	3.72107264539	2.91904588885	0.560505102314	568
43	0.75	0.75	0.0	2.77774044095	3.69840031101	0.00411542915612	3.00866486514	3.09827755441	0.547069137998	569
43	0.75	1.0	0.0	2.18603277702	3.80509901138	0.00114199212714	2.32151083165	3.07492070534	0.471330668887	570
43	1.0	0.0	0.0	4.654147594	2.3162388	-0.230615834	5.15530626268	2.43003271696	0.225479487485	571
43	1.0	0.25	0.0	3.93055301404	2.70769469548	-0.263733906644	4.48315329317	2.68125304634	0.247138688383	572
43	1.0	0.5	0.0	3.35183150054	3.25568526664	-0.262000877856	3.78195877807	2.9531520859	0.246402067003	573
43	1.0	0.75	0.0	2.81091583527	3.71784845073	-0.257543332639	3.0670031685	3.13810363081	0.208709364674	574
43	1.0	1.0	0.0	2.2007388	3.851822185	-0.282487856	2.35356691558	3.12848147627	0.119500322721	575
44	0.0	0.0	0.0	2.087687562	3.22374078	0.801486632	2.22953822009	2.53736909934	1.59554547694	576
44	0.0	0.25	0.0	1.61320461585	2.9649306581	0.708237108706	1.70765346847	2.25165086047	1.57563307184	577
44	0.0	0.5	0.0	1.14560663781	2.60717952034	0.530943983839	1.20071980767	1.87287190945	1.50538412414	578
44	0.0	0.75	0.0	0.626899493354	2.25273240216	0.353588732552	0.681113008275	1.52434005852	1.42151602604	579
44	0.0	1.0	0.0	-0.000910952	2.003834339	0.26015283	0.121208840873	1.32936311991	1.36074616971	580
44	0.25	0.0	0.0	2.11492115744	3.46360297513	0.594430114141	2.23927036137	2.74703457617	1.25988597899	581
44	0.25	0.25	0.0	1.61069768161	3.19930942153	0.52727929877	1.69207100927	2.45313548234	1.23133994005	582
44	0.25	0.5	0.0	1.1501331796	2.80412689633	0.371594623408	1.17403527999	2.02626041333	1.17249450424	583
44	0.25	0.75	0.0	0.650012532323	2.40014681536	0.207375196656	0.659817549603	1.621814045	1.10203587771	584
44	0.25	1.0	0.0	0.0271206206704	2.10946059443	0.114620127119	0.124072194185	1.39520105324	1.03865026662	585
44	0.5	0.0	0.0	2.15256489597	3.66654083017	0.310548274845	2.2766699394	2.93699509174	0.868303465305	586
44	0.5	0.25	0.0	1.62916955054	3.40219064548	0.242418309887	1.70997646124	2.63663024559	0.803331198085	587
44	0.5	0.5	0.0	1.17087537068	2.99063830102	0.101868774783	1.18197536687	2.17633560681	0.729656606258	588
44	0.5	0.75	0.0	0.678114410051	2.54504301167	-0.04407523028	0.662720326493	1.72201253818	0.652378751105	589
44	0.5	1.0	0.0	0.0513187222996	2.17856399233	-0.128388605113	0.122265010302	1.43956240246	0.576596693907	590
44	0.75	0.0	0.0	2.18603277702	3.80509901138	0.00114199212714	2.32151083165	3.07492070534	0.471330668887	591
44	0.75	0.25	0.0	1.64912169201	3.54753450357	-0.0749034256059	1.73669431641	2.77422141153	0.372198058859	592
44	0.75	0.5	0.0	1.18979623262	3.12562688161	-0.198094477979	1.20109879372	2.29329449065	0.28169770707	593
44	0.75	0.75	0.0	0.699373902181	2.64282589697	-0.317898426903	0.675721315572	1.7999421434	0.196347938261	594
44	0.75	1.0	0.0	0.069172204029	2.20258130107	-0.383782534288	0.12155893397	1.46196657048	0.112667077171	595
44	1.0	0.0	0.0	2.2007388	3.851822185	-0.282487856	2.35356691558	3.12848147627	0.119500322721	596
44	1.0	0.25	0.0	1.65105557539	3.60930116941	-0.35324347537	1.7475490668	2.83799524151	0.0185317352874	597
44	1.0	0.5	0.0	1.188858787	3.16800578535	-0.44815605082	1.20796428593	2.34733406559	-0.0665549164495	598
44	1.0	0.75	0.0	0.701959784358	2.64890037712	-0.53123027186	0.684720493466	1.830609466	-0.142253268775	599
44	1.0	1.0	0.0	0.078169917	2.172949289	-0.566470828	0.127725609936	1.46193296021	-0.215056957975	600
49	0.0	0.0	0.0	6.687981302	0.256986	-0.299999993	7.26271744383	0.182334198153	-0.0417136974163	601
49	0.0	0.25	0.0	6.38530509425	0.906783832561	-0.27733430921	6.91456093686	0.924296226008	-0.0125093894655	602
49	0.0	0.5	0.0	5.96493185427	1.49984305007	-0.234144464668	6.41225574206	1.58440196732	0.0712899444847	603
49	0.0	0.75	0.0	5.39762491115	1.98628694255	-0.206536344541	5.80832860287	2.10539845374	0.16538575371	604
49	0.0	1.0	0.0	4.654147594	2.3162388	-0.230615834	5.15530626268	2.43003271696	0.225479487485	605
49	0.25	0.0	0.0	6.68906413575	0.255874188384	-0.310501955451	7.26586510918	0.180098478089	-0.0575735451021	606
49	0.25	0.25	0.0	6.38225732558	0.88671770587	-0.37375405525	6.91585638175	0.898100959643	-0.146125902622	607
49	0.25	0.5	0.0	5.9538945084	1.46405147323	-0.36446581716	6.40944390755	1.54465914091	-0.112849706133	608
49	0.25	0.75	0.0	5.38226899585	1.94674691325	-0.344231486492	5.80225514034	2.06636017019	-0.0367885520061	609
49	0.25	1.0	0.0	4.64567409954	2.29367544868	-0.374645308556	5.14991753388	2.40979119575	0.00301396338619	610
49	0.5	0.0	0.0	6.69144637	0.252721701013	-0.320990036167	7.27278997295	0.174473392132	-0.0798489733349	611
49	0.5	0.25	0.0	6.37349629889	0.855539622261	-0.478621610053	6.91701241738	0.851685349061	-0.287336340757	612
49	0.5	0.5	0.0	5.92476971849	1.41962602661	-0.521487051267	6.39949859422	1.49356672972	-0.33039837162	613
49	0.5	0.75	0.0	5.33915443989	1.90285085749	-0.525317197852	5.78117913052	2.02648083529	-0.30164855391	614
49	0.5	1.0	0.0	4.61053827419	2.26308405834	-0.565842887851	5.12298465332	2.37679096696	-0.29370037561	615
49	0.75	0.0	0.0	6.69382860425	0.247802963135	-0.330774922049	7.27971483671	0.167082055668	-0.101421206734	616
49	0.75	0.25	0.0	6.36140260843	0.813243398769	-0.579504944441	6.91679124391	0.788904205493	-0.42274922728	617
49	0.75	0.5	0.0	5.88795054186	1.36499686767	-0.67507925385	6.38739925029	1.42797625255	-0.543015734589	618
49	0.75	0.75	0.0	5.28601830686	1.85230132311	-0.703211417839	5.75741405396	1.97833075382	-0.563062418863	619
49	0.75	1.0	0.0	4.56815180575	2.22439471834	-0.74961500397	5.09271085304	2.33400026629	-0.583730970307	620
49	1.0	0.0	0.0	6.694911438	0.2413924	-0.3391673	7.28286250206	0.159547584085	-0.11517146992	621
49	1.0	0.25	0.0	6.34835684842	0.759822852428	-0.663972029236	6.91395506152	0.71361234017	-0.538973085603	622
49	1.0	0.5	0.0	5.85383003585	1.29859415391	-0.795113511769	6.37812532395	1.34473922821	-0.71236147765	623
49	1.0	0.75	0.0	5.24059766036	1.79280085794	-0.831332085667	5.74327339118	1.91448023053	-0.754898313729	624
49	1.0	1.0	0.0	4.537926382	2.177537518	-0.871368089	5.07729936504	2.28438732944	-0.78614526151	625
50	0.0	0.0	0.0	6.694911438	0.2413924	-0.3391673	7.28286250206	0.159547584085	-0.11517146992	626
50	0.0	0.25	0.0	6.34835684842	0.759822852428	-0.663972029236	6.91395506152	0.71361234017	-0.538973085603	627
50	0.0	0.5	0.0	5.85383003585	1.29859415391	-0.795113511769	6.37812532395	1.34473922821	-0.71236147765	628
50	0.0	0.75	0.0	5.24059766036	1.79280085794	-0.831332085667	5.74327339118	1.91448023053	-0.754898313729	629
50	0.0	1.0	0.0	4.537926382	2.177537518	-0.871368089	5.07729936504	2.28438732944	-0.78614526151	630
50	0.25	0.0	0.0	6.68808824127	0.232671419221	-0.346450978502	7.2834812733	0.147976513386	-0.126179231767	631
50	0.25	0.25	0.0	6.32534211222	0.68222826909	-0.749685371886	6.90777032648	0.612000011346	-0.66432784532	632
50	0.25	0.5	0.0	5.80781720013	1.19275523642	-0.921037526307	6.36736631518	1.21353205754	-0.901015148346	633
50	0.25	0.75	0.0	5.18055111039	1.68059191499	-0.965996410888	5.73132987588	1.78715951702	-0.972161988768	634
50	0.25	1.0	0.0	4.48858144838	2.06207789854	-0.990050994751	5.06872164504	2.16746925485	-1.01368921451	635
50	0.5	0.0	0.0	6.67306936307	0.225301334972	-0.349417725385	7.28483472461	0.134336231313	-0.137338962011	636
50	0.5	0.25	0.0	6.29594356491	0.607515392793	-0.810399223466	6.90188678292	0.520192675602	-0.759829812988	637
50	0.5	0.5	0.0	5.75424718046	1.07528903535	-1.03765431364	6.35311098164	1.07332587032	-1.08640265435	638
50	0.5	0.75	0.0	5.10565478801	1.53211205684	-1.11739901698	5.71176241974	1.619457411	-1.230982827	639
50	0.5	1.0	0.0	4.40784096587	1.88147425144	-1.13584935453	5.05109619617	1.98430889315	-1.30749567182	640
50	0.75	0.0	0.0	6.65803087132	0.217311688238	-0.351614184576	7.28616856238	0.120076386755	-0.147728404563	641
50	0.75	0.25	0.0	6.26863159988	0.524607301161	-0.854288615137	6.89626255387	0.418981599931	-0.833695609222	642
50	0.75	0.5	0.0	5.70414403411	0.946610820449	-1.1355416406	6.33704915022	0.918666680706	-1.25086188632	643
50	0.75	0.75	0.0	5.03397829504	1.37091989448	-1.25618285416	5.6881300324	1.43475141439	-1.47926907419	644
50	0.75	1.0	0.0	4.32754450368	1.68513217163	-1.27702184905	5.02910688139	1.78285558629	-1.59895901114	645
50	1.0	0.0	0.0	6.651148834	0.20673202	-0.356587	7.28672849302	0.106646628597	-0.156425303333	646
50	1.0	0.25	0.0	6.25187661053	0.422427071812	-0.889528578059	6.8908557624	0.289158051324	-0.894141854636	647
50	1.0	0.5	0.0	5.66853181838	0.807135861475	-1.20527727398	6.32087064782	0.744100502829	-1.3767307349	648
50	1.0	0.75	0.0	4.98359123329	1.2205740389	-1.35299087266	5.6639917235	1.25641902912	-1.66492897609	649
50	1.0	1.0	0.0	4.279531631	1.522457254	-1.381827159	5.00743756365	1.61105867621	-1.8194736102	650
53	0.0	0.0	0.0	6.651148834	0.20673202	-0.356587	7.28672849302	0.106646628597	-0.156425303333	651
53	0.0	0.25	0.0	6.25187661053	0.422427071812	-0.889528578059	6.8908557624	0.289158051324	-0.894141854636	652
53	0.0	0.5	0.0	5.66853181838	0.807135861475	-1.20527727398	6.32087064782	0.744100502829	-1.3767307349	653
53	0.0	0.75	0.0	4.98359123329	1.2205740389	-1.35299087266	5.6639917235	1.25641902912	-1.66492897609	654
53	0.0	1.0	0.0	4.279531631	1.522457254	-1.381827159	5.00743756365	1.61105867621	-1.8194736102	655
53	0.25	0.0	0.0	6.65301303619	0.186268528864	-0.369058201277	7.29072327548	0.0855981008349	-0.170507216251	656
53	0.25	0.25	0.0	6.23779058683	0.216860349226	-0.938146208303	6.88828600345	0.0208473985755	-0.96721756883	657
53	0.25	0.5	0.0	5.61836005366	0.449879041765	-1.31233194621	6.29842129157	0.281674680716	-1.56788537625	658
53	0.25	0.75	0.0	4.91238947206	0.749521204155	-1.5243612712	5.62561260912	0.663737723781	-1.98725844892	659
53	0.25	1.0	0.0	4.23754687739	0.979983434071	-1.60698003948	4.97434342539	0.962694304299	-2.24008459724	660
53	0.5	0.0	0.0	6.65725447303	0.164059360011	-0.380514025161	7.29965198892	0.0621018514034	-0.185506605744	661
53	0.5	0.25	0.0	6.24228653516	0.0185220043782	-0.950532958516	6.90556423236	-0.235018873648	-0.956769693998	662
53	0.5	0.5	0.0	5.60785652834	0.0499612887987	-1.36613842181	6.31538448047	-0.238879108075	-1.61991100905	663
53	0.5	0.75	0.0	4.89156564918	0.161491501813	-1.64092839509	5.63912849632	-0.0966640206259	-2.14045072047	664
53	0.5	1.0	0.0	4.23101509429	0.256226931962	-1.78850085844	4.98681204301	0.044441219951	-2.48390899786	665
53	0.75	0.0	0.0	6.66148878986	0.141756916152	-0.386400336464	7.30857358234	0.0385123269665	-0.194936482657	666
53	0.75	0.25	0.0	6.256175042	-0.16154027014	-0.927332575851	6.93161340301	-0.455831449357	-0.877327587456	667
53	0.75	0.5	0.0	5.61990962124	-0.334670594909	-1.36119636174	6.35413523088	-0.727706578963	-1.54341345096	668
53	0.75	0.75	0.0	4.89989635459	-0.426153484842	-1.68246932548	5.6839327075	-0.85148990794	-2.11580710445	669
53	0.75	1.0	0.0	4.24333906905	-0.484508366628	-1.88562909843	5.02879947441	-0.901558282378	-2.51712157921	670
53	1.0	0.0	0.0	6.663331632	0.1210136	-0.382163	7.31254700476	0.0171839741879	-0.192309857834	671
53	1.0	0.25	0.0	6.27026669381	-0.312278781739	-0.869188807455	6.95535646928	-0.618981012561	-0.743420606518	672
53	1.0	0.5	0.0	5.63740771121	-0.646069806843	-1.29200542695	6.39704855919	-1.09495344737	-1.34899851965	673
53	1.0	0.75	0.0	4.91615817825	-0.896052172525	-1.62876114348	5.73941856508	-1.427443642	-1.90462891452	674
53	1.0	1.0	0.0	4.257921589	-1.077918576	-1.857604242	5.08426177752	-1.63316190823	-2.30589710843	675
54	0.0	0.0	0.0	6.663331632	0.1210136	-0.382163	7.31254700476	0.0171839741879	-0.192309857834	676
54	0.0	0.25	0.0	6.27026669381	-0.312278781739	-0.869188807455	6.95535646928	-0.618981012561	-0.743420606518	677
54	0.0	0.5	0.0	5.63740771121	-0.646069806843	-1.29200542695	6.39704855919	-1.09495344737	-1.34899851965	678
54	0.0	0.75	0.0	4.91615817825	-0.896052172525	-1.62876114348	5.73941856508	-1.427443642	-1.90462891452	679
54	0.0	1.0	0.0	4.257921589	-1.077918576	-1.857604242	5.08426177752	-1.63316190823	-2.30589710843	680
54	0.25	0.0	0.0	6.66348151797	0.105066839896	-0.367753915301	7.31692030816	-0.000398807237506	-0.165777713616	681
54	0.25	0.25	0.0	6.29357050845	-0.436754833752	-0.77773830775	6.98037923248	-0.733886838063	-0.570157467253	682
54	0.25	0.5	0.0	5.68301687781	-0.882519592468	-1.15663742057	6.43934011	-1.33705334013	-1.05969965863	683
54	0.25	0.75	0.0	4.9767892847	-1.2359326315	-1.47075487523	5.79287865934	-1.79710721345	-1.53049279431	684
54	0.25	1.0	0.0	4.31985638776	-1.5006991461	-1.68639429321	5.14007059914	-2.10125735806	-1.87862538081	685
54	0.5	0.0	0.0	6.66399668061	0.0943231548007	-0.347488972796	7.32672698914	-0.0147417392405	-0.118842040172	686
54	0.5	0.25	0.0	6.32980566079	-0.560373441964	-0.65200418892	7.01386983895	-0.843089325262	-0.351506244085	687
54	0.5	0.5	0.0	5.76291005917	-1.13520346704	-0.950464995148	6.49106875515	-1.58190225276	-0.660800816872	688
54	0.5	0.75	0.0	5.0908020067	-1.61282626142	-1.20455298049	5.85595523207	-2.18287229067	-0.975400886109	689
54	0.5	1.0	0.0	4.44097363437	-1.97590116609	-1.37594973395	5.20616076406	-2.59769120791	-1.22398157937	690
54	0.75	0.0	0.0	6.6645474997	0.0881817923048	-0.324470671394	7.33656932657	-0.0244823486439	-0.0691530078296	691
54	0.75	0.25	0.0	6.35934106334	-0.654097209521	-0.507453361023	7.04181102419	-0.915627639354	-0.11731021164	692
54	0.75	0.5	0.0	5.82955739978	-1.33305858769	-0.709500579588	6.5327083567	-1.75901303768	-0.233178227552	693
54	0.75	0.75	0.0	5.18791481776	-1.91328333214	-0.887108776512	5.90598452408	-2.47481522324	-0.37664578071	694
54	0.75	1.0	0.0	4.54713162605	-2.35935243278	-0.996774401216	5.25836272635	-2.98321087566	-0.507601596261	695
54	1.0	0.0	0.0	6.664804355	0.086042	-0.30180151	7.3410495993	-0.0282581622703	-0.0343607869174	696
54	1.0	0.25	0.0	6.36254562864	-0.688888739567	-0.359552734119	7.05018552366	-0.920540945538	0.10258735546	697
54	1.0	0.5	0.0	5.83542904415	-1.40502211157	-0.46975660279	6.54473277668	-1.79789854729	0.142291876136	698
54	1.0	0.75	0.0	5.19784619133	-2.02385411354	-0.575375580566	5.9203027762	-2.56301236077	0.128479931113	699
54	1.0	1.0	0.0	4.56418866	-2.506880743	-0.619372132	5.27250694008	-3.11856377921	0.104878676391	700
57	0.0	0.0	0.0	6.664804355	0.086042	-0.30180151	7.3410495993	-0.0282581622703	-0.0343607869174	701
57	0.0	0.25	0.0	6.36254562864	-0.688888739567	-0.359552734119	7.05018552366	-0.920540945538	0.10258735546	702
57	0.0	0.5	0.0	5.83542904415	-1.40502211157	-0.46975660279	6.54473277668	-1.79789854729	0.142291876136	703
57	0.0	0.75	0.0	5.19784619133	-2.02385411354	-0.575375580566	5.9203027762	-2.56301236077	0.128479931113	704
57	0.0	1.0	0.0	4.56418866	-2.506880743	-0.619372132	5.27250694008	-3.11856377921	0.104878676391	705
57	0.25	0.0	0.0	6.66271523629	0.0876045168738	-0.278036315243	7.34164271804	-0.0201703694823	-0.000186564657667	706
57	0.25	0.25	0.0	6.32613843863	-0.642949739318	-0.20716652383	7.03206627612	-0.848707347631	0.322598204323	707
57	0.25	0.5	0.0	5.75255974713	-1.30427009945	-0.221111473001	6.51245410007	-1.66722034697	0.523978530824	708
57	0.25	0.75	0.0	5.07977367646	-1.87020263502	-0.250657619305	5.88004887695	-2.38594564576	0.649186953644	709
57	0.25	1.0	0.0	4.44557474131	-2.3145934175	-0.22659141929	5.23209329381	-2.91511952227	0.743456011583	710
57	0.5	0.0	0.0	6.65813418985	0.0934800608147	-0.254022878693	7.34296259398	6.07814699283e-05	0.0467267323994	711
57	0.5	0.25	0.0	6.26931538673	-0.534347244307	-0.0663371767337	6.9989943452	-0.730300458566	0.53187147775	712
57	0.5	0.5	0.0	5.62935197005	-1.07612075321	0.0118430334934	6.45121407325	-1.42815054328	0.918178735396	713
57	0.5	0.75	0.0	4.90421803634	-1.525298151	0.0547640926104	5.80204309725	-2.03059676923	1.21580014905	714
57	0.5	1.0	0.0	4.25988768213	-1.87533712279	0.136672341239	5.15390273635	-2.47474643298	1.4348873624	715
57	0.75	0.0	0.0	6.65359068024	0.104379174348	-0.232907930296	7.34432000676	0.0253155020148	0.0907415413029	716
57	0.75	0.25	0.0	6.21631999293	-0.392194514954	0.0523546506449	6.96339917422	-0.585450814844	0.705769541399	717
57	0.75	0.5	0.0	5.51968889493	-0.782561223831	0.203236276955	6.38407835511	-1.13551674816	1.25411468403	718
57	0.75	0.75	0.0	4.7485561608	-1.0889747195	0.301339205189	5.71360739588	-1.59437212309	1.7062087219	719
57	0.75	1.0	0.0	4.08778056514	-1.33368876919	0.428265691899	5.05923614301	-1.93150676481	2.03248340771	720
57	1.0	0.0	0.0	6.651614172	0.1210124	-0.2178382	7.34502573597	0.0484740035807	0.116220299102	721
57	1.0	0.25	0.0	6.19139577721	-0.245604811682	0.138328301783	6.93771020648	-0.434288952967	0.819654760931	722
57	1.0	0.5	0.0	5.47745370378	-0.485578662303	0.327197617648	6.33411260455	-0.844146573511	1.4610085709	723
57	1.0	0.75	0.0	4.69016493971	-0.661066398523	0.449517368439	5.64206373161	-1.17467809921	1.99830187678	724
57	1.0	1.0	0.0	4.009906473	-0.834225267	0.606035175	4.96939438908	-1.41946277124	2.38955482636	725
58	0.0	0.0	0.0	6.651614172	0.1210124	-0.2178382	7.34502573597	0.0484740035807	0.116220299102	726
58	0.0	0.25	0.0	6.19139577721	-0.245604811682	0.138328301783	6.93771020648	-0.434288952967	0.819654760931	727
58	0.0	0.5	0.0	5.47745370378	-0.485578662303	0.327197617648	6.33411260455	-0.844146573511	1.4610085709	728
58	0.0	0.75	0.0	4.69016493971	-0.661066398523	0.449517368439	5.64206373161	-1.17467809921	1.99830187678	729
58	0.0	1.0	0.0	4.009906473	-0.834225267	0.606035175	4.96939438908	-1.41946277124	2.38955482636	730
58	0.25	0.0	0.0	6.64781616825	0.141993601397	-0.213333997572	7.3379284099	0.0693500213949	0.116555755866	731
58	0.25	0.25	0.0	6.19032650602	-0.0946701872578	0.210733544972	6.91669750746	-0.266844921729	0.898561497883	732
58	0.25	0.5	0.0	5.49692855754	-0.162211599667	0.435708164167	6.29838237946	-0.491394412793	1.57442153677	733
58	0.25	0.75	0.0	4.72566515184	-0.175858262822	0.570982564786	5.59048566645	-0.646874181769	2.12442235617	734
58	0.25	1.0	0.0	4.03457911792	-0.250837803715	0.725949451603	4.90051000904	-0.775859958626	2.52885043971	735
58	0.5	0.0	0.0	6.63927466653	0.164064225705	-0.21912591156	7.32212839906	0.0911892418221	0.10159260142	736
58	0.5	0.25	0.0	6.19297744283	0.066527949583	0.277676456335	6.89345725378	-0.0774783131673	0.958858610776	737
58	0.5	0.5	0.0	5.53009584335	0.186198807778	0.555968836916	6.26648244276	-0.0643999549982	1.63787434066	738
58	0.5	0.75	0.0	4.7864333959	0.365106133201	0.706881263509	5.55155032357	0.0119785962317	2.15497794497	739
58	0.5	1.0	0.0	4.09779362828	0.445279258762	0.82154376944	4.8590072538	0.0332116204245	2.52650757758	740
58	0.75	0.0	0.0	6.63072581429	0.186038634661	-0.230667644767	7.3063210377	0.112932246897	0.0808796277533	741
58	0.75	0.25	0.0	6.2017917035	0.246486631676	0.318068524928	6.87494893943	0.133494064094	0.973339244985	742
58	0.75	0.5	0.0	5.57360818318	0.544607664939	0.639558995966	6.24073301453	0.383898731121	1.621499702	743
58	0.75	0.75	0.0	4.85887955611	0.897124693925	0.797612162968	5.51829990251	0.681955492786	2.07527367552	744
58	0.75	1.0	0.0	4.17031012501	1.12076067811	0.856036420557	4.82227624287	0.845473593901	2.38457384227	745
58	1.0	0.0	0.0	6.626905759	0.20673119	-0.2434129	7.29920166008	0.133519618653	0.063965626857	746
58	1.0	0.25	0.0	6.21921240383	0.453702891856	0.310821239809	6.86813205838	0.365755401431	0.914796545883	747
58	1.0	0.5	0.0	5.62411819901	0.897970076722	0.638058001387	6.2234543148	0.800563576809	1.49543034022	748
58	1.0	0.75	0.0	4.92941351668	1.35549532373	0.783573961521	5.48377660278	1.24313176589	1.87061458018	749
58	1.0	1.0	0.0	4.222888729	1.642241212	0.792645697	4.76770709573	1.49864758979	2.10509683607	750
61	0.0	0.0	0.0	6.626905759	0.20673119	-0.2434129	7.29920166008	0.133519618653	0.063965626857	751
61	0.0	0.25	0.0	6.21921240383	0.453702891856	0.310821239809	6.86813205838	0.365755401431	0.914796545883	752
61	0.0	0.5	0.0	5.62411819901	0.897970076722	0.638058001387	6.2234543148	0.800563576809	1.49543034022	753
61	0.0	0.75	0.0	4.92941351668	1.35549532373	0.783573961521	5.48377660278	1.24313176589	1.87061458018	754
61	0.0	1.0	0.0	4.222888729	1.642241212	0.792645697	4.76770709573	1.49864758979	2.10509683607	755
61	0.25	0.0	0.0	6.63557258084	0.218182539617	-0.24876549003	7.29965744548	0.141316460606	0.050469236347	756
61	0.25	0.25	0.0	6.23919313566	0.572255179237	0.297756287174	6.87378986809	0.499537661088	0.867452706964	757
61	0.25	0.5	0.0	5.6607138522	1.05740015709	0.614439808172	6.2342719654	0.984924287826	1.40975639318	758
61	0.25	0.75	0.0	4.97079669806	1.51970332112	0.745395061183	5.4929043711	1.43701685557	1.74791951851	759
61	0.25	1.0	0.0	4.24010364084	1.80525051925	0.734732034429	4.76148771887	1.69535587908	1.95248130649	760
61	0.5	0.0	0.0	6.65452038908	0.225510468363	-0.250322374382	7.30054097355	0.140604472492	0.0309959909398	761
61	0.5	0.25	0.0	6.2723906496	0.664047993637	0.28669712459	6.88327605745	0.610946106653	0.820821842934	762
61	0.5	0.5	0.0	5.72008903043	1.20377967167	0.582659948928	6.26108338138	1.16634447113	1.3042272119	763
61	0.5	0.75	0.0	5.03825327323	1.70088343995	0.686921759355	5.52787239652	1.65663638304	1.57820724647	764
61	0.5	1.0	0.0	4.26752111966	2.01153723596	0.648838216592	4.77755255401	1.93165865954	1.7397570953	765
61	0.75	0.0	0.0	6.67344527428	0.232114210428	-0.252779621543	7.30140157859	0.139168297696	0.0106223827235	766
61	0.75	0.25	0.0	6.30665407586	0.745125780975	0.248738372997	6.89396422095	0.711913065368	0.739012379034	767
61	0.75	0.5	0.0	5.78146863969	1.33314747863	0.517979211332	6.29072714421	1.33096821188	1.16104944341	768
61	0.75	0.75	0.0	5.10861729635	1.86325057344	0.603258052105	5.56824893464	1.85721683811	1.38447351029	769
61	0.75	1.0	0.0	4.2988283764	2.20250633544	0.552890053959	4.80308817848	2.15154204493	1.51702451411	770
61	1.0	0.0	0.0	6.682043327	0.241393	-0.2608333	7.30178859487	0.144792579604	-0.0055750962135	771
61	1.0	0.25	0.0	6.32983254462	0.831532987169	0.15497465334	6.90322795306	0.814370864479	0.586132740503	772
61	1.0	0.5	0.0	5.82407758597	1.44154243615	0.395658383059	6.31004183534	1.46493959528	0.96242973475	773
61	1.0	0.75	0.0	5.15872282158	1.9710196148	0.489507935498	5.59360224106	1.99398471059	1.18971405621	774
61	1.0	1.0	0.0	4.327712622	2.319562791	0.464813357	4.82528116958	2.29899214903	1.33438387456	775
62	0.0	0.0	0.0	6.682043327	0.241393	-0.2608333	7.30178859487	0.144792579604	-0.0055750962135	776
62	0.0	0.25	0.0	6.32983254462	0.831532987169	0.15497465334	6.90322795306	0.814370864479	0.586132740503	777
62	0.0	0.5	0.0	5.82407758597	1.44154243615	0.395658383059	6.31004183534	1.46493959528	0.96242973475	778
62	0.0	0.75	0.0	5.15872282158	1.9710196148	0.489507935498	5.59360224106	1.99398471059	1.18971405621	779
62	0.0	1.0	0.0	4.327712622	2.319562791	0.464813357	4.82528116958	2.29899214903	1.33438387456	780
62	0.25	0.0	0.0	6.68297113559	0.247787086333	-0.269216313781	7.29568372752	0.154616137585	-0.0134849706516	781
62	0.25	0.25	0.0	6.34457113865	0.879517402775	0.0548228406952	6.90760638317	0.872640014991	0.44308774474	782
62	0.25	0.5	0.0	5.85942975072	1.49496837525	0.249411250505	6.32967356229	1.53636635845	0.756919871172	783
62	0.25	0.75	0.0	5.21304154514	2.01433392107	0.335404058161	5.63174075211	2.06439479216	0.966931941356	784
62	0.25	1.0	0.0	4.39090109522	2.35780795752	0.333656406173	4.88366343985	2.37532494035	1.112044488	785
62	0.5	0.0	0.0	6.6850123145	0.252707437405	-0.279016085094	7.28225301935	0.167081326284	-0.0222438354091	786
62	0.5	0.25	0.0	6.36276557294	0.906728244526	-0.0602176942654	6.91087687601	0.911429864204	0.285442474102	787
62	0.5	0.5	0.0	5.90582558847	1.52226301611	0.0761053412704	6.36349659305	1.58503569161	0.512759660117	788
62	0.5	0.75	0.0	5.29156754397	2.02973318967	0.138809543171	5.70290921361	2.11268287501	0.677566284078	789
62	0.5	1.0	0.0	4.49736662234	2.35956020273	0.136751433096	4.99191178084	2.41915548091	0.797720907427	790
62	0.75	0.0	0.0	6.68705349341	0.255868819775	-0.28951613711	7.26882231118	0.177787546279	-0.0317029808696	791
62	0.75	0.25	0.0	6.37836163047	0.915154168946	-0.175739296061	6.91315615333	0.929171553938	0.128481804172	792
62	0.75	0.5	0.0	5.94656099203	1.52377252046	-0.094874759002	6.39614572163	1.60352256962	0.270649538813	793
62	0.75	0.75	0.0	5.363396704	2.01959250277	-0.0564468456644	5.77310577929	2.12947531144	0.388192437241	794
62	0.75	1.0	0.0	4.60061389229	2.34048274433	-0.0699798757792	5.09935108948	2.43566449751	0.474502713648	795
62	1.0	0.0	0.0	6.687981302	0.256986	-0.299999993	7.26271744383	0.182334198153	-0.0417136974163	796
62	1.0	0.25	0.0	6.38530509425	0.906783832561	-0.27733430921	6.91456093686	0.924296226008	-0.0125093894655	797
62	1.0	0.5	0.0	5.96493185427	1.49984305007	-0.234144464668	6.41225574206	1.58440196732	0.0712899444847	798
62	1.0	0.75	0.0	5.39762491115	1.98628694255	-0.206536344541	5.80832860287	2.10539845374	0.16538575371	799
62	1.0	1.0	0.0	4.654147594	2.3162388	-0.230615834	5.15530626268	2.43003271696	0.225479487485	800
