Elem	xi[0]	xi[1]	xi[2]	Y[0]	Y[1]	Y[2]	y[0]	y[1]	y[2]	Index
1	0.0	0.0	0.0	0.222770426	1.072382981	-0.66182574	0.322449142326	0.863796494714	-0.209376340599	1
1	0.0	0.25	0.0	-0.263642038515	1.09393155317	-0.693637292854	-0.174609184743	0.859991623029	-0.211498630747	2
1	0.0	0.5	0.0	-0.762943407917	1.15449574035	-0.745052374172	-0.702007915885	0.893360421404	-0.235818580193	3
1	0.0	0.75	0.0	-1.25933046411	1.18727563786	-0.799896454654	-1.23204040075	0.910479014452	-0.259827704599	4
1	0.0	1.0	0.0	-1.736999989	1.125471341	-0.841995005	-1.736999989	0.857923526788	-0.261017519631	5
1	0.25	0.0	0.0	0.24425979187	1.03026663541	-0.815826639729	0.336660348395	0.820399394266	-0.451928518752	6
1	0.25	0.25	0.0	-0.24187726772	1.05508216331	-0.864316051023	-0.160702971747	0.816565238954	-0.471411648691	7
1	0.25	0.5	0.0	-0.749372266097	1.123540167	-0.931101156799	-0.687519126542	0.859706882712	-0.507308374364	8
1	0.25	0.75	0.0	-1.24952844742	1.17894116988	-1.00231652232	-1.21482289493	0.901048731926	-0.546484716199	9
1	0.25	1.0	0.0	-1.71364905586	1.16458569535	-1.06409671285	-1.71364905586	0.89181519298	-0.575806694627	10
1	0.5	0.0	0.0	0.248240311106	0.876229472035	-0.89192759165	0.340038344501	0.684824469984	-0.633640284333	11
1	0.5	0.25	0.0	-0.23855683415	0.918577090691	-0.964500030289	-0.167332267982	0.699635993923	-0.678397833197	12
1	0.5	0.5	0.0	-0.739763298524	0.99893114314	-1.07408534037	-0.68321261916	0.75583410609	-0.752758871851	13
1	0.5	0.75	0.0	-1.23031027059	1.07276007906	-1.18668811235	-1.19375930936	0.81624830825	-0.829123372151	14
1	0.5	1.0	0.0	-1.68512893893	1.09553234812	-1.26831293665	-1.68512893893	0.843708102169	-0.879891305953	15
1	0.75	0.0	0.0	0.247583748788	0.671903532647	-0.961411338496	0.346161497921	0.514230766051	-0.80985246506	16
1	0.75	0.25	0.0	-0.242209668068	0.730848385131	-1.05143552606	-0.171665360759	0.546700493911	-0.87563154094	17
1	0.75	0.5	0.0	-0.732971952883	0.821741501306	-1.19730361297	-0.67608461493	0.613378556953	-0.985669403826	18
1	0.75	0.75	0.0	-1.20926966344	0.908265992012	-1.34620270793	-1.16983852654	0.687099920087	-1.09542251513	19
1	0.75	1.0	0.0	-1.65566935753	0.954104968089	-1.44531991963	-1.65566935753	0.740699548222	-1.16034733627	20
1	1.0	0.0	0.0	0.25516187	0.478920859	-1.095560623	0.368608175935	0.36577732665	-1.03590588865	21
1	1.0	0.25	0.0	-0.241364699737	0.538328096444	-1.18236883373	-0.150870537384	0.395255344891	-1.10628712859	22
1	1.0	0.5	0.0	-0.727853676862	0.633044074043	-1.32405466267	-0.653131335045	0.463976700719	-1.21953930146	23
1	1.0	0.75	0.0	-1.19400035581	0.72499253537	-1.47405179227	-1.14404942895	0.5446257441	-1.33306098782	24
1	1.0	1.0	0.0	-1.629500031	0.776097224	-1.585793905	-1.629500031	0.609886825002	-1.40425076824	25
2	0.0	0.0	0.0	0.25516187	0.478920859	-1.095560623	0.368608175935	0.36577732665	-1.03590588865	26
2	0.0	0.25	0.0	-0.241364699737	0.538328096444	-1.18236883373	-0.150870537384	0.395255344891	-1.10628712859	27
2	0.0	0.5	0.0	-0.727853676862	0.633044074043	-1.32405466267	-0.653131335045	0.463976700719	-1.21953930146	28
2	0.0	0.75	0.0	-1.19400035581	0.72499253537	-1.47405179227	-1.14404942895	0.5446257441	-1.33306098782	29
2	0.0	1.0	0.0	-1.629500031	0.776097224	-1.585793905	-1.629500031	0.609886825002	-1.40425076824	30
2	0.25	0.0	0.0	0.270947548451	0.283243387179	-1.2824081092	0.399321550444	0.221336611586	-1.30756781805	31
2	0.25	0.25	0.0	-0.224260605344	0.325895041168	-1.3546019816	-0.108361945607	0.232747527482	-1.37627502711	32
2	0.25	0.5	0.0	-0.708991319231	0.410215570384	-1.47012351322	-0.614146373849	0.293025235125	-1.47837136622	33
2	0.25	0.75	0.0	-1.16995577525	0.494673498046	-1.59674723991	-1.11149351642	0.370730874997	-1.57881645027	34
2	0.25	1.0	0.0	-1.59386515545	0.537737347375	-1.70224769755	-1.59386515545	0.434425587582	-1.64256989415	35
2	0.5	0.0	0.0	0.282248243705	0.0940030586728	-1.41785091485	0.412286041145	0.0722318163219	-1.51104689327	36
2	0.5	0.25	0.0	-0.195649333111	0.117908303513	-1.48388614216	-0.0778758528749	0.0727758845412	-1.58479517538	37
2	0.5	0.5	0.0	-0.673118862289	0.181818382189	-1.59489687788	-0.582139760819	0.120442915409	-1.69376726065	38
2	0.5	0.75	0.0	-1.13089426867	0.248154222446	-1.71002209218	-1.07968964734	0.18548617617	-1.79348113273	39
2	0.5	1.0	0.0	-1.54970947708	0.279336752027	-1.78840075525	-1.54970947708	0.238158934066	-1.83945477529	40
2	0.75	0.0	0.0	0.291774400106	-0.0845988774195	-1.54013134007	0.41356363879	-0.0756127601719	-1.68627706399	41
2	0.75	0.25	0.0	-0.164991060996	-0.0803714311764	-1.60075830059	-0.059274214238	-0.0852834572805	-1.76104189137	42
2	0.75	0.5	0.0	-0.634614889911	-0.0381101051585	-1.71427138754	-0.559008003688	-0.0520771826035	-1.87719221776	43
2	0.75	0.75	0.0	-1.09098743889	0.00771288900016	-1.8251616927	-1.05284664664	-0.00470464659134	-1.97982259157	44
2	0.75	1.0	0.0	-1.50799906017	0.0226253396651	-1.87792030783	-1.50799906017	0.0281234403055	-2.01402756123	45
2	1.0	0.0	0.0	0.302236462	-0.248361172	-1.687491685	0.40921633413	-0.216272818923	-1.87319227995	46
2	1.0	0.25	0.0	-0.141745966961	-0.263683477554	-1.73575544211	-0.0524189847488	-0.242054371332	-1.93420949305	47
2	1.0	0.5	0.0	-0.607857985972	-0.235532506278	-1.84414367312	-0.546647610186	-0.22284198309	-2.04011147056	48
2	1.0	0.75	0.0	-1.06440688875	-0.204372321863	-1.95345138507	-1.03517333925	-0.193437887495	-2.14060838316	49
2	1.0	1.0	0.0	-1.479699969	-0.210666988	-2.004473585	-1.479699969	-0.188644317847	-2.18541040154	50
5	0.0	0.0	0.0	0.302236462	-0.248361172	-1.687491685	0.40921633413	-0.216272818923	-1.87319227995	51
5	0.0	0.25	0.0	-0.141745966961	-0.263683477554	-1.73575544211	-0.0524189847488	-0.242054371332	-1.93420949305	52
5	0.0	0.5	0.0	-0.607857985972	-0.235532506278	-1.84414367312	-0.546647610186	-0.22284198309	-2.04011147056	53
5	0.0	0.75	0.0	-1.06440688875	-0.204372321863	-1.95345138507	-1.03517333925	-0.193437887495	-2.14060838316	54
5	0.0	1.0	0.0	-1.479699969	-0.210666988	-2.004473585	-1.479699969	-0.188644317847	-2.18541040154	55
5	0.25	0.0	0.0	0.331771632707	-0.595107895636	-1.97369566211	0.419051866231	-0.570850346718	-2.20571160515	56
5	0.25	0.25	0.0	-0.105919573707	-0.631708146684	-1.9949191489	-0.0350978984365	-0.622850153918	-2.23230712022	57
5	0.25	0.5	0.0	-0.571300989191	-0.614318425798	-2.05975315743	-0.52089711584	-0.621870888311	-2.28496331187	58
5	0.25	0.75	0.0	-1.03116117452	-0.592823621652	-2.13442248726	-1.00455698139	-0.610684493669	-2.34687904339	59
5	0.25	1.0	0.0	-1.45228869048	-0.617108622919	-2.18515193794	-1.45228869048	-0.632062913764	-2.40125317805	60
5	0.5	0.0	0.0	0.368804127754	-1.01600447476	-2.16896576868	0.454652287407	-1.06169504598	-2.41415014686	61
5	0.5	0.25	0.0	-0.0658936142199	-1.05931576494	-2.17751006921	0.00118885959937	-1.12524084868	-2.42652503518	62
5	0.5	0.5	0.0	-0.529564377015	-1.06265725707	-2.19038651101	-0.48090653419	-1.1476113174	-2.43280372328	63
5	0.5	0.75	0.0	-0.994361789618	-1.0585946236	-2.20557894609	-0.966995459287	-1.15527200082	-2.4421047912	64
5	0.5	1.0	0.0	-1.43243948102	-1.07969353692	-2.22107122648	-1.43243948102	-1.17468844759	-2.46354681899	65
5	0.75	0.0	0.0	0.402316203674	-1.45068263526	-2.24619921965	0.496347192896	-1.58684320337	-2.47010765573	66
5	0.75	0.25	0.0	-0.0319805418205	-1.49191099149	-2.24477958127	0.0378109582519	-1.65042750193	-2.4728439017	67
5	0.75	0.5	0.0	-0.497869127505	-1.51331962033	-2.21169575999	-0.450235169079	-1.69091783481	-2.44379556659	68
5	0.75	0.75	0.0	-0.970180481467	-1.52536777956	-2.16858304708	-0.945013296595	-1.71455488367	-2.40490887132	69
5	0.75	1.0	0.0	-1.4237455318	-1.53851472696	-2.13707673379	-1.4237455318	-1.72757933016	-2.37813003679	70
5	1.0	0.0	0.0	0.421290117	-1.838774103	-2.17829323	0.524466177939	-2.04433110556	-2.34518388242	71
5	1.0	0.25	0.0	-0.0144928098293	-1.87489848553	-2.15797906329	0.0561380664142	-2.09961115999	-2.32724438353	72
5	1.0	0.5	0.0	-0.491436218727	-1.89907613579	-2.09933293049	-0.452442324347	-2.14264500499	-2.27810170361	73
5	1.0	0.75	0.0	-0.97478899751	-1.9168255414	-2.02509707569	-0.96113501695	-2.17588761697	-2.21391452847	74
5	1.0	1.0	0.0	-1.429800034	-1.93366519	-1.958013743	-1.429800034	-2.20179397231	-2.15084154391	75
6	0.0	0.0	0.0	0.421290117	-1.838774103	-2.17829323	0.524466177939	-2.04433110556	-2.34518388242	76
6	0.0	0.25	0.0	-0.0144928098293	-1.87489848553	-2.15797906329	0.0561380664142	-2.09961115999	-2.32724438353	77
6	0.0	0.5	0.0	-0.491436218727	-1.89907613579	-2.09933293049	-0.452442324347	-2.14264500499	-2.27810170361	78
6	0.0	0.75	0.0	-0.97478899751	-1.9168255414	-2.02509707569	-0.96113501695	-2.17588761697	-2.21391452847	79
6	0.0	1.0	0.0	-1.429800034	-1.93366519	-1.958013743	-1.429800034	-2.20179397231	-2.15084154391	80
6	0.25	0.0	0.0	0.462521222019	-2.27280423272	-1.93726910046	0.571259435507	-2.52804478036	-1.9943672146	81
6	0.25	0.25	0.0	0.0050297740887	-2.30944275679	-1.89916846804	0.0784596206913	-2.5811958711	-1.95857804229	82
6	0.25	0.5	0.0	-0.498220124034	-2.3199240899	-1.83499622788	-0.461979932999	-2.60909169909	-1.9074310591	83
6	0.25	0.75	0.0	-1.00395231631	-2.32351603213	-1.76015510751	-0.995837322991	-2.63015762934	-1.84520710714	84
6	0.25	1.0	0.0	-1.46889064671	-2.33948638354	-1.69004783442	-1.46889064671	-2.66281902684	-1.77618702849	85
6	0.5	0.0	0.0	0.537444551639	-2.69981897175	-1.58765778707	0.648564084438	-2.99598706399	-1.50505870607	86
6	0.5	0.25	0.0	0.0355771216048	-2.74755605379	-1.54892336984	0.118001455658	-3.06535869153	-1.47375080171	87
6	0.5	0.5	0.0	-0.502089936029	-2.75621454391	-1.48344414101	-0.451978186578	-3.08944599457	-1.42692247944	88
6	0.5	0.75	0.0	-1.03897009318	-2.74993839029	-1.41447937526	-1.01844691986	-3.09522186462	-1.37193537317	89
6	0.5	1.0	0.0	-1.53847682177	-2.75287154106	-1.36528834728	-1.53847682177	-3.10965919315	-1.31615111685	90
6	0.75	0.0	0.0	0.60082234994	-3.0051727454	-1.17000788241	0.713117338346	-3.32771250846	-0.940538137295	91
6	0.75	0.25	0.0	0.0571214746113	-3.06145911964	-1.1385927334	0.147087107861	-3.41331383209	-0.923152826895	92
6	0.75	0.5	0.0	-0.51264998832	-3.08227208887	-1.07706439087	-0.447972531419	-3.44841302399	-0.884960228294	93
6	0.75	0.75	0.0	-1.07951576578	-3.08374658115	-1.01798318851	-1.04439146658	-3.45451276444	-0.840689006333	94
6	0.75	1.0	0.0	-1.61449958469	-3.08201752455	-0.993909459995	-1.61449958469	-3.45311573376	-0.805067825853	95
6	1.0	0.0	0.0	0.607416861	-3.074219979	-0.724867979	0.721656410845	-3.40277566575	-0.364085288771	96
6	1.0	0.25	0.0	0.0496350750003	-3.12337269749	-0.699525523409	0.138040113849	-3.48627550362	-0.357174282942	97
6	1.0	0.5	0.0	-0.539504614517	-3.17242131582	-0.64824469848	-0.475498413858	-3.55069791989	-0.329928569371	98
6	1.0	0.75	0.0	-1.12526277178	-3.21259456999	-0.600579856811	-1.08909862217	-3.59146277044	-0.2980576864	99
6	1.0	1.0	0.0	-1.672899961	-3.235121196	-0.586085351	-1.672899961	-3.60398991118	-0.277271172373	100
9	0.0	0.0	0.0	0.607416861	-3.074219979	-0.724867979	0.721656410845	-3.40277566575	-0.364085288771	101
9	0.0	0.25	0.0	0.0496350750003	-3.12337269749	-0.699525523409	0.138040113849	-3.48627550362	-0.357174282942	102
9	0.0	0.5	0.0	-0.539504614517	-3.17242131582	-0.64824469848	-0.475498413858	-3.55069791989	-0.329928569371	103
9	0.0	0.75	0.0	-1.12526277178	-3.21259456999	-0.600579856811	-1.08909862217	-3.59146277044	-0.2980576864	104
9	0.0	1.0	0.0	-1.672899961	-3.235121196	-0.586085351	-1.672899961	-3.60398991118	-0.277271172373	105
9	0.25	0.0	0.0	0.55458260765	-2.93232363568	-0.206340329516	0.669299402743	-3.24946639047	0.281095925412	106
9	0.25	0.25	0.0	0.00730500813185	-2.96171283714	-0.171951201355	0.0886307686958	-3.31131272931	0.299616596134	107
9	0.25	0.5	0.0	-0.591461879077	-3.02116275897	-0.122157281416	-0.536385591075	-3.38916037347	0.33599629755	108
9	0.25	0.75	0.0	-1.19026460322	-3.08616337213	-0.0761568764557	-1.16029673301	-3.457008089	0.374426935963	109
9	0.25	1.0	0.0	-1.73764971355	-3.1322046476	-0.053148293232	-1.73764971355	-3.48885464194	0.399100417675	110
9	0.5	0.0	0.0	0.48393469564	-2.69742799173	0.320276437963	0.598283732026	-2.99223413966	0.932087441369	111
9	0.5	0.25	0.0	-0.050243218319	-2.71285202885	0.369805625486	0.0297498993578	-3.03297575534	0.971461118968	112
9	0.5	0.5	0.0	-0.650881316545	-2.74096417562	0.41108081575	-0.595345892822	-3.08154050298	1.01291485714	113
9	0.5	0.75	0.0	-1.25891307184	-2.7725906874	0.442331434496	-1.22701579483	-3.12179421738	1.05064440026	114
9	0.5	1.0	0.0	-1.815271957	-2.7985578196	0.461786907464	-1.815271957	-3.13760273334	1.07884549267	115
9	0.75	0.0	0.0	0.40531922981	-2.36698506267	0.784197837461	0.52563458065	-2.62622957054	1.51815159243	116
9	0.75	0.25	0.0	-0.117734155056	-2.37832988475	0.853624370757	-0.0332418291228	-2.65514746829	1.58426982412	117
9	0.75	0.5	0.0	-0.711592831593	-2.36310099213	0.882497720766	-0.653329175187	-2.65997463674	1.62643159444	118
9	0.75	0.75	0.0	-1.31945859156	-2.33915118712	0.890099763552	-1.28647659517	-2.64970949245	1.6544322103	119
9	0.75	1.0	0.0	-1.8845332267	-2.32433327205	0.895712375179	-1.8845332267	-2.63335045199	1.6780669786	120
9	1.0	0.0	0.0	0.328582315	-1.938446864	1.114639383	0.468377130569	-2.14660334035	1.96855071193	121
9	1.0	0.25	0.0	-0.189892352782	-1.95968601697	1.2073844481	-0.094983751704	-2.18171075475	2.06395325014	122
9	1.0	0.5	0.0	-0.767426328894	-1.91884863487	1.22312156138	-0.711285294261	-2.15659910307	2.10215099447	123
9	1.0	0.75	0.0	-1.36015157631	-1.85311954258	1.20236279822	-1.33589992154	-2.10464225107	2.10962786991	124
9	1.0	1.0	0.0	-1.924200058	-1.799683565	1.185620234	-1.924200058	-2.05921406451	2.11286780145	125
10	0.0	0.0	0.0	0.328582315	-1.938446864	1.114639383	0.468377130569	-2.14660334035	1.96855071193	126
10	0.0	0.25	0.0	-0.189892352782	-1.95968601697	1.2073844481	-0.094983751704	-2.18171075475	2.06395325014	127
10	0.0	0.5	0.0	-0.767426328894	-1.91884863487	1.22312156138	-0.711285294261	-2.15659910307	2.10215099447	128
10	0.0	0.75	0.0	-1.36015157631	-1.85311954258	1.20236279822	-1.33589992154	-2.10464225107	2.10962786991	129
10	0.0	1.0	0.0	-1.924200058	-1.799683565	1.185620234	-1.924200058	-2.05921406451	2.11286780145	130
10	0.25	0.0	0.0	0.305659633167	-1.49186603918	1.155753597	0.461687618144	-1.60975584075	2.10049541069	131
10	0.25	0.25	0.0	-0.207253742624	-1.51919523707	1.25503484788	-0.0998233128549	-1.64573034602	2.20243677229	132
10	0.25	0.5	0.0	-0.777207663802	-1.47325913441	1.27342735837	-0.715801942527	-1.61346814843	2.24153005501	133
10	0.25	0.75	0.0	-1.36116687102	-1.39085835483	1.25125351148	-1.33748172264	-1.54547841775	2.24386156103	134
10	0.25	1.0	0.0	-1.91609610494	-1.30879352195	1.22883569021	-1.91609610494	-1.47427032372	2.23551759254	135
10	0.5	0.0	0.0	0.336883722555	-1.06762757463	0.901639468093	0.492902453871	-1.07363734963	1.89240716794	136
10	0.5	0.25	0.0	-0.166593251276	-1.07989769512	0.986724140183	-0.0504490711315	-1.08177630822	1.97964805933	137
10	0.5	0.5	0.0	-0.743158047452	-1.01621472613	1.0338704782	-0.666174129919	-1.03015960023	2.04273625233	138
10	0.5	0.75	0.0	-1.3331264946	-0.911653221809	1.05285120612	-1.29479011562	-0.940673372403	2.07924883118	139
10	0.5	1.0	0.0	-1.87681442136	-0.801287736332	1.05343904795	-1.87681442136	-0.835203771491	2.08676288013	140
10	0.75	0.0	0.0	0.360437904415	-0.641565462512	0.487420069136	0.510762105665	-0.578327516817	1.48693927392	141
10	0.75	0.25	0.0	-0.140745792659	-0.640620030706	0.549783748976	-0.0221115809948	-0.560265170894	1.55815164524	142
10	0.75	0.5	0.0	-0.718444728179	-0.567049693916	0.627493630338	-0.631539310863	-0.491596518334	1.65021823131	143
10	0.75	0.75	0.0	-1.30461821222	-0.455905870997	0.694711855994	-1.25531324759	-0.389020959472	1.72766888829	144
10	0.75	1.0	0.0	-1.83122555484	-0.342239980802	0.725600568718	-1.83122555484	-0.269237894644	1.75503347235	145
10	1.0	0.0	0.0	0.3145055	-0.189513695	0.048218473	0.464007041444	-0.163905992122	1.02674501883	146
10	1.0	0.25	0.0	-0.202546280691	-0.200188883405	0.0915450982424	-0.0900613969054	-0.151613463566	1.10051206399	147
10	1.0	0.5	0.0	-0.756234954319	-0.145098321691	0.177339524278	-0.681034939785	-0.0827019626099	1.20842463682	148
10	1.0	0.75	0.0	-1.30422978904	-0.0640180298825	0.264391434924	-1.26653926566	0.0106849766168	1.30100094028	149
10	1.0	1.0	0.0	-1.804200053	0.003275972	0.311490514	-1.804200053	0.0964038199852	1.32875917735	150
13	0.0	0.0	0.0	0.3145055	-0.189513695	0.048218473	0.464007041444	-0.163905992122	1.02674501883	151
13	0.0	0.25	0.0	-0.202546280691	-0.200188883405	0.0915450982424	-0.0900613969054	-0.151613463566	1.10051206399	152
13	0.0	0.5	0.0	-0.756234954319	-0.145098321691	0.177339524278	-0.681034939785	-0.0827019626099	1.20842463682	153
13	0.0	0.75	0.0	-1.30422978904	-0.0640180298825	0.264391434924	-1.26653926566	0.0106849766168	1.30100094028	154
13	0.0	1.0	0.0	-1.804200053	0.003275972	0.311490514	-1.804200053	0.0964038199852	1.32875917735	155
13	0.25	0.0	0.0	0.280498955946	-0.0585693508386	-0.057762592995	0.428398806019	-0.0575975979073	0.9113209541	156
13	0.25	0.25	0.0	-0.233797956891	-0.0565317766466	-0.0269760613769	-0.123837862726	-0.0361306461315	0.973818836065	157
13	0.25	0.5	0.0	-0.780484444921	0.00238107086213	0.0269356837339	-0.711128046826	0.0354382745902	1.05088552837	158
13	0.25	0.75	0.0	-1.31773912336	0.0837752612521	0.0833627423284	-1.28668965786	0.127719560561	1.11227301486	159
13	0.25	1.0	0.0	-1.80374060741	0.153256864088	0.121695214398	-1.80374060741	0.211323608085	1.12773327938	160
13	0.5	0.0	0.0	0.245332748249	0.0520455104313	-0.143760067487	0.386560318031	0.0386044827317	0.811787873889	161
13	0.5	0.25	0.0	-0.251980967645	0.0804373844779	-0.122376369213	-0.142646916413	0.0787767756793	0.85561806689	162
13	0.5	0.5	0.0	-0.798610918033	0.14275082213	-0.101177633144	-0.727529706344	0.142677093311	0.893701500113	163
13	0.5	0.75	0.0	-1.33655236985	0.229818646297	-0.078628345136	-1.3039577111	0.228491482998	0.919572827477	164
13	0.5	1.0	0.0	-1.80780059004	0.33247367989	-0.0531929910428	-1.80780059004	0.334405992114	0.926766702899	165
13	0.75	0.0	0.0	0.213281138427	0.167463359236	-0.247325990486	0.344830029354	0.132449796512	0.681166482022	166
13	0.75	0.25	0.0	-0.266195474309	0.215704242734	-0.234535286611	-0.16017395078	0.182268958417	0.708699590107	167
13	0.75	0.5	0.0	-0.808751551173	0.287760112802	-0.233673033552	-0.737407609101	0.242436210611	0.715109393888	168
13	0.75	0.75	0.0	-1.34640788838	0.385808792964	-0.236826549267	-1.31252627607	0.326547634082	0.709712885055	169
13	0.75	1.0	0.0	-1.81118528215	0.512028106748	-0.236083151712	-1.81118528215	0.448199309818	0.7018270553	170
13	1.0	0.0	0.0	0.188618388	0.312816666	-0.406012402	0.309546391863	0.231687890149	0.472477482322	171
13	1.0	0.25	0.0	-0.285541638239	0.354254440887	-0.403332274918	-0.190104358643	0.263506058632	0.495853239356	172
13	1.0	0.5	0.0	-0.809043521859	0.449158123569	-0.397223124686	-0.747929445857	0.338137343551	0.493346051534	173
13	1.0	0.75	0.0	-1.3330440388	0.563442368967	-0.406476591861	-1.30657820343	0.435434903968	0.469505694518	174
13	1.0	1.0	0.0	-1.808699965	0.663021832	-0.449884317	-1.808699965	0.535251898942	0.428881943969	175
14	0.0	0.0	0.0	0.188618388	0.312816666	-0.406012402	0.309546391863	0.231687890149	0.472477482322	176
14	0.0	0.25	0.0	-0.285541638239	0.354254440887	-0.403332274918	-0.190104358643	0.263506058632	0.495853239356	177
14	0.0	0.5	0.0	-0.809043521859	0.449158123569	-0.397223124686	-0.747929445857	0.338137343551	0.493346051534	178
14	0.0	0.75	0.0	-1.3330440388	0.563442368967	-0.406476591861	-1.30657820343	0.435434903968	0.469505694518	179
14	0.0	1.0	0.0	-1.808699965	0.663021832	-0.449884317	-1.808699965	0.535251898942	0.428881943969	180
14	0.25	0.0	0.0	0.172658157147	0.545891591334	-0.543966161297	0.284936128893	0.401235379768	0.236988891628	181
14	0.25	0.25	0.0	-0.312350359883	0.550401312645	-0.549102998956	-0.226773845984	0.391812764019	0.271946179817	182
14	0.25	0.5	0.0	-0.814765507031	0.631396300842	-0.524901013171	-0.763715670878	0.458223052874	0.292950998856	183
14	0.25	0.75	0.0	-1.31601184115	0.724597412598	-0.515187764343	-1.29694410788	0.5454184919	0.290779079585	184
14	0.25	1.0	0.0	-1.79751391908	0.765725504587	-0.56379081287	-1.79751391908	0.598351326667	0.256206152844	185
14	0.5	0.0	0.0	0.173942486185	0.78151482053	-0.540555590835	0.28336220592	0.602584925622	0.12512566626	186
14	0.5	0.25	0.0	-0.315027428718	0.786803994737	-0.558244922153	-0.228897775249	0.591213577449	0.147598179182	187
14	0.5	0.5	0.0	-0.804874551423	0.857570420774	-0.569860254531	-0.754009475352	0.643042055721	0.140899036762	188
14	0.5	0.75	0.0	-1.29312277024	0.91924154321	-0.591822820644	-1.27559987967	0.696158222479	0.119671391573	189
14	0.5	1.0	0.0	-1.77729597349	0.897244806612	-0.640553853169	-1.77729597349	0.688649939763	0.0985583961854	190
14	0.75	0.0	0.0	0.19110277563	0.97268055121	-0.533826760455	0.298106063534	0.776513104881	0.0164748931924	191
14	0.75	0.25	0.0	-0.297486702383	0.991851177974	-0.562506776217	-0.207751202735	0.77588202257	0.0205397411085	192
14	0.75	0.5	0.0	-0.785543052548	1.0558727963	-0.615458243339	-0.729782882585	0.814214471947	-0.0172205758772	193
14	0.75	0.75	0.0	-1.27176593994	1.09194440392	-0.674139728251	-1.25111036267	0.835297321424	-0.0588524947465	194
14	0.75	1.0	0.0	-1.75485502965	1.02726499858	-0.720009797384	-1.75485502965	0.78291743941	-0.0664024524811	195
14	1.0	0.0	0.0	0.222770426	1.072382981	-0.66182574	0.322449142326	0.863796494714	-0.209376340599	196
14	1.0	0.25	0.0	-0.263642038515	1.09393155317	-0.693637292854	-0.174609184743	0.859991623029	-0.211498630747	197
14	1.0	0.5	0.0	-0.762943407917	1.15449574035	-0.745052374172	-0.702007915885	0.893360421404	-0.235818580193	198
14	1.0	0.75	0.0	-1.25933046411	1.18727563786	-0.799896454654	-1.23204040075	0.910479014452	-0.259827704599	199
14	1.0	1.0	0.0	-1.736999989	1.125471341	-0.841995005	-1.736999989	0.857923526788	-0.261017519631	200
17	0.0	0.0	0.0	4.900340306	0.993921541	-0.535571599	5.04960004316	1.36244491123	-0.163716081352	201
17	0.0	0.25	0.0	4.31156446749	1.00633218279	-0.563233262675	4.47913659889	1.36254867351	-0.17760881431	202
17	0.0	0.5	0.0	3.71481965671	1.02449557957	-0.581940034822	3.89232916961	1.269176263	-0.198248837474	203
17	0.0	0.75	0.0	3.13791604182	1.02427617957	-0.591396882808	3.31215445888	1.13259146813	-0.212166125591	204
17	0.0	1.0	0.0	2.608663791	0.981538431	-0.591308774	2.76158917025	1.00305807737	-0.205890653405	205
17	0.25	0.0	0.0	4.8965461613	0.947254051434	-0.686945001388	5.04955785567	1.3429204959	-0.365069307385	206
17	0.25	0.25	0.0	4.31818520341	0.966648660468	-0.720348331108	4.48643072904	1.3508921347	-0.387639475633	207
17	0.25	0.5	0.0	3.72908101567	0.998733398842	-0.734613088239	3.90709392748	1.2674991268	-0.401663150101	208
17	0.25	0.75	0.0	3.15376996963	1.01041106886	-0.735255725443	3.32985925994	1.13825086378	-0.405028671079	209
17	0.25	1.0	0.0	2.61678843685	0.968584472831	-0.72779269538	2.77303853536	1.00865673719	-0.395624378855	210
17	0.5	0.0	0.0	4.90010613631	0.856850626663	-0.841477581574	5.05986101183	1.27526578396	-0.567071618753	211
17	0.5	0.25	0.0	4.33427223551	0.876525500291	-0.877412887596	4.50608836746	1.2829778789	-0.595715447659	212
17	0.5	0.5	0.0	3.74351052865	0.921261160847	-0.887285610361	3.92567638451	1.21080933135	-0.606658138889	213
17	0.5	0.75	0.0	3.15868590368	0.946108535966	-0.879137266802	3.3404922735	1.09412512108	-0.603393243151	214
17	0.5	1.0	0.0	2.61066324852	0.906118553285	-0.861009373849	2.77240324494	0.968290227858	-0.589414311151	215
17	0.75	0.0	0.0	4.90843746166	0.762645443311	-1.00888781547	5.07329794271	1.19070186199	-0.772457011046	216
17	0.75	0.25	0.0	4.35449619646	0.776463698187	-1.04506310411	4.52510834772	1.19233123196	-0.805484209602	217
17	0.75	0.5	0.0	3.75956785513	0.827728365256	-1.04465690239	3.94160974187	1.13116689182	-0.809894409052	218
17	0.75	0.75	0.0	3.16372165125	0.861859213861	-1.02269058344	3.34871372985	1.02958267974	-0.797442037358	219
17	0.75	1.0	0.0	2.60702679843	0.824276013346	-0.994185520393	2.77233191635	0.909952433875	-0.779881522486	220
17	1.0	0.0	0.0	4.918957368	0.704572678	-1.198894179	5.08265707941	1.1204498166	-0.98395947985	221
17	1.0	0.25	0.0	4.37352771892	0.706964250081	-1.23393515263	4.5304895034	1.11247751973	-1.02059324068	222
17	1.0	0.5	0.0	3.77871265454	0.753784511739	-1.21142626553	3.94842720073	1.06063182338	-1.0080325658	223
17	1.0	0.75	0.0	3.17993501964	0.788153735527	-1.16556475192	3.35918385929	0.973991979416	-0.977357249248	224
17	1.0	1.0	0.0	2.622617659	0.753192194	-1.130547846	2.78547316699	0.861637239733	-0.959647085055	225
18	0.0	0.0	0.0	2.608663791	0.981538431	-0.591308774	2.76158917025	1.00305807737	-0.205890653405	226
18	0.0	0.25	0.0	2.05246710102	0.958065644866	-0.595652432728	2.1778734449	0.926334545417	-0.197935079735	227
18	0.0	0.5	0.0	1.44395532604	1.00162790162	-0.613938603345	1.55236634224	0.900767299986	-0.206717444677	228
18	0.0	0.75	0.0	0.821324442291	1.05785656056	-0.638539100789	0.921685646607	0.891530047584	-0.215957835781	229
18	0.0	1.0	0.0	0.222770426	1.072382981	-0.66182574	0.322449142326	0.863796494714	-0.209376340599	230
18	0.25	0.0	0.0	2.61678843685	0.968584472831	-0.72779269538	2.77303853536	1.00865673719	-0.395624378855	231
18	0.25	0.25	0.0	2.05307913412	0.935184473292	-0.728022807326	2.18287684854	0.921970613313	-0.393200177993	232
18	0.25	0.5	0.0	1.446729461	0.967572548459	-0.745793757835	1.55927252342	0.881175762236	-0.411019348234	233
18	0.25	0.75	0.0	0.83227711456	1.01588712646	-0.776572663204	0.933456657526	0.857057062903	-0.435217068759	234
18	0.25	1.0	0.0	0.24425979187	1.03026663541	-0.815826639729	0.336660348395	0.820399394266	-0.451928518752	235
18	0.5	0.0	0.0	2.61066324852	0.906118553285	-0.861009373849	2.77240324494	0.968290227858	-0.589414311151	236
18	0.5	0.25	0.0	2.04472051165	0.848419040769	-0.844223463489	2.18247775147	0.858766931501	-0.581001367707	237
18	0.5	0.5	0.0	1.44453201462	0.840595225377	-0.840020775976	1.57070194234	0.775925174098	-0.589534462345	238
18	0.5	0.75	0.0	0.83680340018	0.858060803626	-0.85404194185	0.951685559396	0.718399504106	-0.609063974682	239
18	0.5	1.0	0.0	0.248240311106	0.876229472035	-0.89192759165	0.340038344501	0.684824469984	-0.633640284333	240
18	0.75	0.0	0.0	2.60702679843	0.824276013346	-0.994185520393	2.77233191635	0.909952433875	-0.779881522486	241
18	0.75	0.25	0.0	2.04254057086	0.73998037061	-0.96335459212	2.18594292999	0.775946948952	-0.76857790756	242
18	0.75	0.5	0.0	1.44858796858	0.681863196047	-0.936991809194	1.58698794599	0.645382635646	-0.769035066804	243
18	0.75	0.75	0.0	0.843994018807	0.656859309958	-0.931032336393	0.974162342561	0.548172804498	-0.782408189533	244
18	0.75	1.0	0.0	0.247583748788	0.671903532647	-0.961411338496	0.346161497921	0.514230766051	-0.80985246506	245
18	1.0	0.0	0.0	2.622617659	0.753192194	-1.130547846	2.78547316699	0.861637239733	-0.959647085055	246
18	1.0	0.25	0.0	2.06168864899	0.65207948613	-1.10451638412	2.20253916044	0.712734114641	-0.963169056239	247
18	1.0	0.5	0.0	1.47012230456	0.552543724143	-1.07707900891	1.60846388138	0.549915246953	-0.976293441406	248
18	1.0	0.75	0.0	0.862939690098	0.484764363335	-1.0676292465	0.998676997367	0.418992397384	-1.0001593493	249
18	1.0	1.0	0.0	0.25516187	0.478920859	-1.095560623	0.368608175935	0.36577732665	-1.03590588865	250
19	0.0	0.0	0.0	4.918957368	0.704572678	-1.198894179	5.08265707941	1.1204498166	-0.98395947985	251
19	0.0	0.25	0.0	4.37352771892	0.706964250081	-1.23393515263	4.5304895034	1.11247751973	-1.02059324068	252
19	0.0	0.5	0.0	3.77871265454	0.753784511739	-1.21142626553	3.94842720073	1.06063182338	-1.0080325658	253
19	0.0	0.75	0.0	3.17993501964	0.788153735527	-1.16556475192	3.35918385929	0.973991979416	-0.977357249248	254
19	0.0	1.0	0.0	2.622617659	0.753192194	-1.130547846	2.78547316699	0.861637239733	-0.959647085055	255
19	0.25	0.0	0.0	4.91250094454	0.716644394616	-1.38069790377	5.07135915134	1.10262804013	-1.18012538077	256
19	0.25	0.25	0.0	4.36886411321	0.711326119593	-1.42550209662	4.51325832042	1.09051248577	-1.23322602866	257
19	0.25	0.5	0.0	3.77853876358	0.723309402565	-1.39872257606	3.93545064182	1.02584565474	-1.22527523961	258
19	0.25	0.75	0.0	3.18602826599	0.719825331951	-1.34702086385	3.35610025593	0.925549095729	-1.19828226366	259
19	0.25	1.0	0.0	2.63583599076	0.668104996168	-1.31705848172	2.79337130313	0.8065443574	-1.19425635087	260
19	0.5	0.0	0.0	4.88333668767	0.764609161363	-1.55306996672	5.03919600055	1.11207036149	-1.37434535115	261
19	0.5	0.25	0.0	4.3354656047	0.762700375151	-1.61065638222	4.47922717207	1.10424461008	-1.44706778105	262
19	0.5	0.5	0.0	3.74730836797	0.723143213665	-1.58569671307	3.90195465648	1.00893150093	-1.44931996762	263
19	0.5	0.75	0.0	3.15984097088	0.654216858314	-1.53060708379	3.32610805306	0.869723885568	-1.42763228891	264
19	0.5	1.0	0.0	2.61403940685	0.564200490504	-1.49780361891	2.77041696111	0.730214615497	-1.42853512295	265
19	0.75	0.0	0.0	4.84546536873	0.794859975429	-1.70224177431	5.00188209567	1.10254656467	-1.55015346081	266
19	0.75	0.25	0.0	4.29345563388	0.796524375881	-1.77049536642	4.44278037603	1.09733980661	-1.63938912727	267
19	0.75	0.5	0.0	3.71157851666	0.709042002082	-1.74999453857	3.86776309221	0.971355229477	-1.65369141418	268
19	0.75	0.75	0.0	3.1321610053	0.577519650496	-1.69449727805	3.29483000192	0.793056077603	-1.63926448815	269
19	0.75	1.0	0.0	2.58753008802	0.447064117588	-1.65776157215	2.74198086284	0.630905595336	-1.64231251581	270
19	1.0	0.0	0.0	4.812887759	0.753789834	-1.814444733	4.97513190533	1.02782643365	-1.69108377955	271
19	1.0	0.25	0.0	4.26295764124	0.748235480913	-1.88611640622	4.41830224996	1.01346398931	-1.78746069675	272
19	1.0	0.5	0.0	3.69790625865	0.63676182486	-1.86926191461	3.85269979653	0.8745827079	-1.81191424362	273
19	1.0	0.75	0.0	3.13377624024	0.475925044377	-1.81686531294	3.28788885371	0.682085400508	-1.80703602456	274
19	1.0	1.0	0.0	2.586610215	0.322281318	-1.781910656	2.7334337302	0.506874878229	-1.815417644	275
20	0.0	0.0	0.0	2.622617659	0.753192194	-1.130547846	2.78547316699	0.861637239733	-0.959647085055	276
20	0.0	0.25	0.0	2.06168864899	0.65207948613	-1.10451638412	2.20253916044	0.712734114641	-0.963169056239	277
20	0.0	0.5	0.0	1.47012230456	0.552543724143	-1.07707900891	1.60846388138	0.549915246953	-0.976293441406	278
20	0.0	0.75	0.0	0.862939690098	0.484764363335	-1.0676292465	0.998676997367	0.418992397384	-1.0001593493	279
20	0.0	1.0	0.0	0.25516187	0.478920859	-1.095560623	0.368608175935	0.36577732665	-1.03590588865	280
20	0.25	0.0	0.0	2.63583599076	0.668104996168	-1.31705848172	2.79337130313	0.8065443574	-1.19425635087	281
20	0.25	0.25	0.0	2.08050860556	0.555681441449	-1.30050839413	2.21596878062	0.649024169278	-1.21519253084	282
20	0.25	0.5	0.0	1.49036565396	0.426046519473	-1.27368495025	1.62199817601	0.464798361053	-1.23730580293	283
20	0.25	0.75	0.0	0.881735760186	0.321225433597	-1.25988567898	1.01520169679	0.305143614547	-1.26622221578	284
20	0.25	1.0	0.0	0.270947548451	0.283243387179	-1.2824081092	0.399321550444	0.221336611586	-1.30756781805	285
20	0.5	0.0	0.0	2.61403940685	0.564200490504	-1.49780361891	2.77041696111	0.730214615497	-1.42853512295	286
20	0.5	0.25	0.0	2.06323030901	0.436084839488	-1.4759734753	2.20026049227	0.562439283703	-1.44782673776	287
20	0.5	0.5	0.0	1.4790143892	0.284313545569	-1.43720697934	1.6106184281	0.357211108163	-1.4582178875	288
20	0.5	0.75	0.0	0.879363187425	0.15493636616	-1.40875062714	1.01134290044	0.173988986497	-1.47439559755	289
20	0.5	1.0	0.0	0.282248243705	0.0940030586728	-1.41785091485	0.412286041145	0.0722318163219	-1.51104689327	290
20	0.75	0.0	0.0	2.58753008802	0.447064117588	-1.65776157215	2.74198086284	0.630905595336	-1.64231251581	291
20	0.75	0.25	0.0	2.03570073004	0.303836785129	-1.63022322999	2.17492442336	0.454249872259	-1.65635054332	292
20	0.75	0.5	0.0	1.45671531822	0.139125889998	-1.58421676954	1.58881745473	0.236152837435	-1.65538885008	293
20	0.75	0.75	0.0	0.869198369319	-0.00453164009035	-1.54557515238	0.997187884135	0.0388025926853	-1.65888012675	294
20	0.75	1.0	0.0	0.291774400106	-0.0845988774195	-1.54013134007	0.41356363879	-0.0756127601719	-1.68627706399	295
20	1.0	0.0	0.0	2.586610215	0.322281318	-1.781910656	2.7334337302	0.506874878229	-1.815417644	296
20	1.0	0.25	0.0	2.02376683936	0.169484383255	-1.76256926056	2.15947070186	0.325726349293	-1.8360428139	297
20	1.0	0.5	0.0	1.44411524899	0.0022646403263	-1.73128599424	1.57108807297	0.110622898019	-1.84517784562	298
20	1.0	0.75	0.0	0.864617703375	-0.147607386266	-1.70171031606	0.982823923673	-0.0871414874381	-1.85387643552	299
20	1.0	1.0	0.0	0.302236462	-0.248361172	-1.687491685	0.40921633413	-0.216272818923	-1.87319227995	300
25	0.0	0.0	0.0	4.812887759	0.753789834	-1.814444733	4.97513190533	1.02782643365	-1.69108377955	301
25	0.0	0.25	0.0	4.26295764124	0.748235480913	-1.88611640622	4.41830224996	1.01346398931	-1.78746069675	302
25	0.0	0.5	0.0	3.69790625865	0.63676182486	-1.86926191461	3.85269979653	0.8745827079	-1.81191424362	303
25	0.0	0.75	0.0	3.13377624024	0.475925044377	-1.81686531294	3.28788885371	0.682085400508	-1.80703602456	304
25	0.0	1.0	0.0	2.586610215	0.322281318	-1.781910656	2.7334337302	0.506874878229	-1.815417644	305
25	0.25	0.0	0.0	4.78922048623	0.487774492566	-1.90860217742	4.96703298443	0.693778775959	-1.85611463154	306
25	0.25	0.25	0.0	4.25517052932	0.456945350037	-1.98284371099	4.42196662427	0.652013988878	-1.96001966413	307
25	0.25	0.5	0.0	3.72028578171	0.336936645588	-1.98243036841	3.87582153562	0.511840808658	-2.00615361269	308
25	0.25	0.75	0.0	3.18162083597	0.171014466924	-1.9533383995	3.32728631581	0.323875937071	-2.0275899297	309
25	0.25	1.0	0.0	2.63623028466	0.00244490174952	-1.94154405408	2.77504956212	0.138736075884	-2.05740206764	310
25	0.5	0.0	0.0	4.8056567289	0.136778437607	-1.85846750772	4.99503493362	0.265006224538	-1.87784340583	311
25	0.5	0.25	0.0	4.28739705167	0.088435718892	-1.94313772092	4.46897066733	0.206019423817	-1.99857539959	312
25	0.5	0.5	0.0	3.75585857358	-0.0438548876849	-1.97461694298	3.92714414327	0.0503402805143	-2.0743312418	313
25	0.5	0.75	0.0	3.2204694249	-0.220154193101	-1.98527665997	3.38155830224	-0.15132710953	-2.12812143741	314
25	0.5	1.0	0.0	2.69065773589	-0.400523008333	-2.00748835796	2.84421608505	-0.348278650473	-2.18295649134	315
25	0.75	0.0	0.0	4.83272654162	-0.230086253155	-1.73181099965	5.03439461506	-0.178740608505	-1.79648422291	316
25	0.75	0.25	0.0	4.32618034308	-0.299400579052	-1.82269414923	4.52493353866	-0.259245006732	-1.93110290662	317
25	0.75	0.5	0.0	3.79044208021	-0.450326402217	-1.87973939611	3.9829635599	-0.438215707281	-2.02861730664	318
25	0.75	0.75	0.0	3.25314613588	-0.639318120186	-1.92390887682	3.43744995261	-0.658090527334	-2.10592327627	319
25	0.75	1.0	0.0	2.74192689293	-0.822830130498	-1.97616472786	2.91735799064	-0.861307284079	-2.17991666884	320
25	1.0	0.0	0.0	4.840959979	-0.543707502	-1.596402929	5.0603688909	-0.557711111066	-1.65225120324	321
25	1.0	0.25	0.0	4.33806353837	-0.648670710326	-1.67720870919	4.55547439776	-0.678504603635	-1.78557718873	322
25	1.0	0.5	0.0	3.8098537476	-0.827191525266	-1.73171548565	4.01957572597	-0.882123985474	-1.88118198288	323
25	1.0	0.75	0.0	3.28247509778	-1.02821449882	-1.78046383254	3.48170640655	-1.11098110439	-1.95828817488	324
25	1.0	1.0	0.0	2.78207208	-1.200684183	-1.843994324	2.97089997055	-1.30748780817	-2.03611835391	325
26	0.0	0.0	0.0	2.586610215	0.322281318	-1.781910656	2.7334337302	0.506874878229	-1.815417644	326
26	0.0	0.25	0.0	2.02376683936	0.169484383255	-1.76256926056	2.15947070186	0.325726349293	-1.8360428139	327
26	0.0	0.5	0.0	1.44411524899	0.0022646403263	-1.73128599424	1.57108807297	0.110622898019	-1.84517784562	328
26	0.0	0.75	0.0	0.864617703375	-0.147607386266	-1.70171031606	0.982823923673	-0.0871414874381	-1.85387643552	329
26	0.0	1.0	0.0	0.302236462	-0.248361172	-1.687491685	0.40921633413	-0.216272818923	-1.87319227995	330
26	0.25	0.0	0.0	2.63623028466	0.00244490174952	-1.94154405408	2.77504956212	0.138736075884	-2.05740206764	331
26	0.25	0.25	0.0	2.05445520276	-0.163083182217	-1.95710080971	2.1858297017	-0.0478072994188	-2.10542658708	332
26	0.25	0.5	0.0	1.46607264556	-0.32570970453	-1.97203080236	1.58587897924	-0.243096384776	-2.15012057684	333
26	0.25	0.75	0.0	0.886654244923	-0.47364712305	-1.97975532288	0.991514124255	-0.424865845454	-2.18553269639	334
26	0.25	1.0	0.0	0.331771632707	-0.595107895636	-1.97369566211	0.419051866231	-0.570850346718	-2.20571160515	335
26	0.5	0.0	0.0	2.69065773589	-0.400523008333	-2.00748835796	2.84421608505	-0.348278650473	-2.18295649134	336
26	0.5	0.25	0.0	2.11186450162	-0.581720972325	-2.05576182506	2.25633057571	-0.545189149654	-2.25342919154	337
26	0.5	0.5	0.0	1.51729675971	-0.751580630534	-2.10603823119	1.6470934291	-0.740410477177	-2.32088156076	338
26	0.5	0.75	0.0	0.92894610386	-0.89978184425	-2.14740905339	1.03902666105	-0.917919990223	-2.37716980915	339
26	0.5	1.0	0.0	0.368804127754	-1.01600447476	-2.16896576868	0.454652287407	-1.06169504598	-2.41415014686	340
26	0.75	0.0	0.0	2.74192689293	-0.822830130498	-1.97616472786	2.91735799064	-0.861307284079	-2.17991666884	341
26	0.75	0.25	0.0	2.17135361979	-1.01201502649	-2.05324650984	2.3349027374	-1.06604041878	-2.26813510042	342
26	0.75	0.5	0.0	1.57030798487	-1.19377294793	-2.13259563197	1.71727115472	-1.27139116638	-2.3516491723	343
26	0.75	0.75	0.0	0.970169131664	-1.34702258685	-2.20123792499	1.09443029056	-1.45308395265	-2.42184473918	344
26	0.75	1.0	0.0	0.402316203674	-1.45068263526	-2.24619921965	0.496347192896	-1.58684320337	-2.47010765573	345
26	1.0	0.0	0.0	2.78207208	-1.200684183	-1.843994324	2.97089997055	-1.30748780817	-2.03611835391	346
26	1.0	0.25	0.0	2.20828144112	-1.37955138412	-1.94424906727	2.38547560027	-1.50998232417	-2.13762878681	347
26	1.0	0.5	0.0	1.59762671446	-1.57071146697	-2.05099035593	1.7589518883	-1.72611023958	-2.2366117864	348
26	1.0	0.75	0.0	0.988999179815	-1.73638038784	-2.13780835513	1.1267937693	-1.91713776364	-2.31261445188	349
26	1.0	1.0	0.0	0.421290117	-1.838774103	-2.17829323	0.524466177939	-2.04433110556	-2.34518388242	350
27	0.0	0.0	0.0	4.840959979	-0.543707502	-1.596402929	5.0603688909	-0.557711111066	-1.65225120324	351
27	0.0	0.25	0.0	4.33806353837	-0.648670710326	-1.67720870919	4.55547439776	-0.678504603635	-1.78557718873	352
27	0.0	0.5	0.0	3.8098537476	-0.827191525266	-1.73171548565	4.01957572597	-0.882123985474	-1.88118198288	353
27	0.0	0.75	0.0	3.28247509778	-1.02821449882	-1.78046383254	3.48170640655	-1.11098110439	-1.95828817488	354
27	0.0	1.0	0.0	2.78207208	-1.200684183	-1.843994324	2.97089997055	-1.30748780817	-2.03611835391	355
27	0.25	0.0	0.0	4.8768476605	-0.890526689871	-1.46209375522	5.10165766374	-0.940115175043	-1.43197629559	356
27	0.25	0.25	0.0	4.37083281151	-1.05216442793	-1.52726989143	4.59222256872	-1.12299159962	-1.54801467712	357
27	0.25	0.5	0.0	3.85447004711	-1.26864396333	-1.56170223087	4.06605645229	-1.36012453954	-1.62116721898	358
27	0.25	0.75	0.0	3.33705400455	-1.48552502785	-1.59058782671	3.53653864532	-1.6009149924	-1.67636589994	359
27	0.25	1.0	0.0	2.8278793211	-1.64836735327	-1.63912373208	3.01704847869	-1.79476395579	-1.73854269875	360
27	0.5	0.0	0.0	4.97172603701	-1.27041435154	-1.29754209628	5.17910412612	-1.32095131994	-1.13425525057	361
27	0.5	0.25	0.0	4.46066691047	-1.48464538493	-1.35968998205	4.66609205323	-1.55601928327	-1.2301026698	362
27	0.5	0.5	0.0	3.93857169032	-1.72440164568	-1.38993988419	4.1391457205	-1.81807952094	-1.2878411197	363
27	0.5	0.75	0.0	3.40997374478	-1.94883766126	-1.40699130055	3.60354112654	-2.07021526581	-1.32704199103	364
27	0.5	1.0	0.0	2.8794064421	-2.11710795911	-1.42954372896	3.06455426994	-2.27550975077	-1.36727667455	365
27	0.75	0.0	0.0	5.07041067177	-1.55593715418	-1.07697039444	5.25917030424	-1.59737308518	-0.772973235221	366
27	0.75	0.25	0.0	4.55578673109	-1.81599074522	-1.13130220304	4.74593440496	-1.87397818126	-0.838955160284	367
27	0.75	0.5	0.0	4.01844167966	-2.08022192526	-1.15664644927	4.20972938088	-2.16259092466	-0.877932931012	368
27	0.75	0.75	0.0	3.47031032123	-2.31962011732	-1.16237473969	3.66016101797	-2.43411860501	-0.899923489967	369
27	0.75	1.0	0.0	2.92332745955	-2.50517474439	-1.15785868086	3.1068351022	-2.65946851193	-0.914943779711	370
27	1.0	0.0	0.0	5.117717128	-1.619661765	-0.774601092	5.30831822426	-1.66653401018	-0.362015416595	371
27	1.0	0.25	0.0	4.60441316924	-1.91607767269	-0.798939776385	4.8006011776	-1.97325882025	-0.381686142049	372
27	1.0	0.5	0.0	4.05036301758	-2.22186215498	-0.802039929767	4.24869328369	-2.30026074573	-0.38817189888	373
27	1.0	0.75	0.0	3.48713973664	-2.49934011428	-0.789438629766	3.68384548735	-2.60786169041	-0.384617438576	374
27	1.0	1.0	0.0	2.94631639	-2.710836453	-0.766672954	3.13730873338	-2.85638355809	-0.374167512625	375
28	0.0	0.0	0.0	2.78207208	-1.200684183	-1.843994324	2.97089997055	-1.30748780817	-2.03611835391	376
28	0.0	0.25	0.0	2.20828144112	-1.37955138412	-1.94424906727	2.38547560027	-1.50998232417	-2.13762878681	377
28	0.0	0.5	0.0	1.59762671446	-1.57071146697	-2.05099035593	1.7589518883	-1.72611023958	-2.2366117864	378
28	0.0	0.75	0.0	0.988999179815	-1.73638038784	-2.13780835513	1.1267937693	-1.91713776364	-2.31261445188	379
28	0.0	1.0	0.0	0.421290117	-1.838774103	-2.17829323	0.524466177939	-2.04433110556	-2.34518388242	380
28	0.25	0.0	0.0	2.8278793211	-1.64836735327	-1.63912373208	3.01704847869	-1.79476395579	-1.73854269875	381
28	0.25	0.25	0.0	2.24574000484	-1.80586679998	-1.73362255193	2.4249075306	-1.98794579404	-1.83222771955	382
28	0.25	0.5	0.0	1.63328373578	-1.99084819562	-1.83968479413	1.79791475023	-2.20197810818	-1.92611825755	383
28	0.25	0.75	0.0	1.02678573461	-2.16069838994	-1.92000284739	1.16904157329	-2.39572355227	-1.99017714511	384
28	0.25	1.0	0.0	0.462521222019	-2.27280423272	-1.93726910046	0.571259435507	-2.52804478036	-1.9943672146	385
28	0.5	0.0	0.0	2.8794064421	-2.11710795911	-1.42954372896	3.06455426994	-2.27550975077	-1.36727667455	386
28	0.5	0.25	0.0	2.30300210502	-2.26594020788	-1.47991918805	2.47722323803	-2.4661073941	-1.42404917883	387
28	0.5	0.5	0.0	1.70288661555	-2.43165901858	-1.5394462001	1.86187297371	-2.66776339753	-1.47725806382	388
28	0.5	0.75	0.0	1.10554056673	-2.5857800527	-1.58355049111	1.24386581112	-2.85341190589	-1.50992176205	389
28	0.5	1.0	0.0	0.537444551639	-2.69981897175	-1.58765778707	0.648564084438	-2.99598706399	-1.50505870607	390
28	0.75	0.0	0.0	2.92332745955	-2.50517474439	-1.15785868086	3.1068351022	-2.65946851193	-0.914943779711	391
28	0.75	0.25	0.0	2.36070185245	-2.65031532489	-1.15891520504	2.53220460665	-2.84788749319	-0.929229546657	392
28	0.75	0.5	0.0	1.77012206556	-2.78666279127	-1.16583577135	1.9251443554	-3.02679570474	-0.938540379022	393
28	0.75	0.75	0.0	1.17551869826	-2.90726573446	-1.1718050928	1.31050003659	-3.18910131902	-0.942451501128	394
28	0.75	1.0	0.0	0.60082234994	-3.0051727454	-1.17000788241	0.713117338346	-3.32771250846	-0.940538137295	395
28	1.0	0.0	0.0	2.94631639	-2.710836453	-0.766672954	3.13730873338	-2.85638355809	-0.374167512625	396
28	1.0	0.25	0.0	2.3994733579	-2.8495358681	-0.746386832343	2.57963352056	-3.03670646015	-0.363905205049	397
28	1.0	0.5	0.0	1.7986767976	-2.9493783691	-0.734414705383	1.96204669199	-3.18240462692	-0.358474376989	398
28	1.0	0.75	0.0	1.18697515125	-3.02079579356	-0.728120458981	1.32817780349	-3.3016902862	-0.358369560784	399
28	1.0	1.0	0.0	0.607416861	-3.074219979	-0.724867979	0.721656410845	-3.40277566575	-0.364085288771	400
33	0.0	0.0	0.0	5.117717128	-1.619661765	-0.774601092	5.30831822426	-1.66653401018	-0.362015416595	401
33	0.0	0.25	0.0	4.60441316924	-1.91607767269	-0.798939776385	4.8006011776	-1.97325882025	-0.381686142049	402
33	0.0	0.5	0.0	4.05036301758	-2.22186215498	-0.802039929767	4.24869328369	-2.30026074573	-0.38817189888	403
33	0.0	0.75	0.0	3.48713973664	-2.49934011428	-0.789438629766	3.68384548735	-2.60786169041	-0.384617438576	404
33	0.0	1.0	0.0	2.94631639	-2.710836453	-0.766672954	3.13730873338	-2.85638355809	-0.374167512625	405
33	0.25	0.0	0.0	5.07198573821	-1.47691152034	-0.586547744624	5.27601172156	-1.52701757723	-0.0792393004815	406
33	0.25	0.25	0.0	4.5617306828	-1.76794682433	-0.578492274491	4.77471520729	-1.82656724323	-0.0552717460111	407
33	0.25	0.5	0.0	4.0109642017	-2.08579982666	-0.54017686164	4.22482860206	-2.16259847971	-0.0128536428207	408
33	0.25	0.75	0.0	3.45620896026	-2.38175593125	-0.487915524489	3.66578340675	-2.48514979969	0.0372873340463	409
33	0.25	1.0	0.0	2.93398762386	-2.60710054203	-0.438022281456	3.13701112225	-2.7442597162	0.0844235095465	410
33	0.5	0.0	0.0	4.9702758261	-1.22372174739	-0.539421346987	5.1825373796	-1.26175272505	0.0860430164794	411
33	0.5	0.25	0.0	4.45796898385	-1.46777879513	-0.514997064135	4.68306668261	-1.51646800055	0.141910151993	412
33	0.5	0.5	0.0	3.92902008863	-1.74994311453	-0.437628643024	4.15569350749	-1.81806699273	0.233872505555	413
33	0.5	0.75	0.0	3.400769279	-2.0248717174	-0.337934193367	3.62252958643	-2.11943762418	0.33882074243	414
33	0.5	1.0	0.0	2.89055669351	-2.24722161552	-0.246531824877	3.10568665162	-2.3734678175	0.433645527878	415
33	0.75	0.0	0.0	4.87406728169	-0.893069378736	-0.507598190357	5.09071347324	-0.924581599189	0.213554470881	416
33	0.75	0.25	0.0	4.34940697168	-1.0823761094	-0.475044841975	4.58509209977	-1.12505248162	0.297272046483	417
33	0.75	0.5	0.0	3.83949915644	-1.31819786245	-0.375704079665	4.07763309383	-1.38166292585	0.427278381296	418
33	0.75	0.75	0.0	3.33536981932	-1.5617824117	-0.245980681388	3.56847156852	-1.65086918513	0.574620686411	419
33	0.75	1.0	0.0	2.82804494365	-1.77437753101	-0.122279425109	3.05774263696	-1.88912751272	0.71034617292	420
33	1.0	0.0	0.0	4.844839995	-0.517931347	-0.365454566	5.06335827732	-0.5693463452	0.383017999316	421
33	1.0	0.25	0.0	4.29232354556	-0.678541291472	-0.325226304672	4.54022795503	-0.734412075861	0.498226431981	422
33	1.0	0.5	0.0	3.77736988319	-0.894469914241	-0.23571197731	4.02699245494	-0.968382920118	0.64263581945	423
33	1.0	0.75	0.0	3.27455970772	-1.12558295314	-0.118541033543	3.51799689515	-1.21958850377	0.799325065828	424
33	1.0	1.0	0.0	2.758473719	-1.331746146	0.004657077	3.00758639376	-1.4363584526	0.95137307522	425
34	0.0	0.0	0.0	2.94631639	-2.710836453	-0.766672954	3.13730873338	-2.85638355809	-0.374167512625	426
34	0.0	0.25	0.0	2.3994733579	-2.8495358681	-0.746386832343	2.57963352056	-3.03670646015	-0.363905205049	427
34	0.0	0.5	0.0	1.7986767976	-2.9493783691	-0.734414705383	1.96204669199	-3.18240462692	-0.358474376989	428
34	0.0	0.75	0.0	1.18697515125	-3.02079579356	-0.728120458981	1.32817780349	-3.3016902862	-0.358369560784	429
34	0.0	1.0	0.0	0.607416861	-3.074219979	-0.724867979	0.721656410845	-3.40277566575	-0.364085288771	430
34	0.25	0.0	0.0	2.93398762386	-2.60710054203	-0.438022281456	3.13701112225	-2.7442597162	0.0844235095465	431
34	0.25	0.25	0.0	2.38145596198	-2.75570587352	-0.379895152127	2.5745139477	-2.93441984807	0.13964528497	432
34	0.25	0.5	0.0	1.76179847277	-2.85427964213	-0.310468317669	1.93787312367	-3.07988138774	0.202400767683	433
34	0.25	0.75	0.0	1.13338430506	-2.9105696341	-0.246897977119	1.28387336905	-3.1838337602	0.255335725293	434
34	0.25	1.0	0.0	0.55458260765	-2.93232363568	-0.206340329516	0.669299402743	-3.24946639047	0.281095925412	435
34	0.5	0.0	0.0	2.89055669351	-2.24722161552	-0.246531824877	3.10568665162	-2.3734678175	0.433645527878	436
34	0.5	0.25	0.0	2.31028618431	-2.42740718586	-0.119392673779	2.51484336676	-2.59555715772	0.556737873526	437
34	0.5	0.5	0.0	1.68514276146	-2.56697853201	0.050071253123	1.87026638378	-2.78241301983	0.708144706797	438
34	0.5	0.75	0.0	1.06105080517	-2.65922301397	0.212935706736	1.21654880483	-2.91948786131	0.846912428982	439
34	0.5	1.0	0.0	0.48393469564	-2.69742799173	0.320276437963	0.598283732026	-2.99223413966	0.932087441369	440
34	0.75	0.0	0.0	2.82804494365	-1.77437753101	-0.122279425109	3.05774263696	-1.88912751272	0.71034617292	441
34	0.75	0.25	0.0	2.2152768159	-1.9813673544	0.0707207211762	2.43789858705	-2.1315491262	0.898985916198	442
34	0.75	0.5	0.0	1.59309229477	-2.159730169	0.337933553747	1.79412339181	-2.35317121918	1.13682814001	443
34	0.75	0.75	0.0	0.982702669623	-2.29356854752	0.601659212533	1.14913080507	-2.52704697338	1.36338073515	444
34	0.75	1.0	0.0	0.40531922981	-2.36698506267	0.784197837461	0.52563458065	-2.62622957054	1.51815159243	445
34	1.0	0.0	0.0	2.758473719	-1.331746146	0.004657077	3.00758639376	-1.4363584526	0.95137307522	446
34	1.0	0.25	0.0	2.12574064776	-1.53431392845	0.226045151217	2.3809564179	-1.65382649062	1.17800276856	447
34	1.0	0.5	0.0	1.51002970381	-1.70478968335	0.543848130958	1.74434106725	-1.85532768177	1.46652176696	448
34	1.0	0.75	0.0	0.911067916456	-1.84041884907	0.869551160221	1.10454606405	-2.02490548027	1.75176082866	449
34	1.0	1.0	0.0	0.328582315	-1.938446864	1.114639383	0.468377130569	-2.14660334035	1.96855071193	450
35	0.0	0.0	0.0	4.844839995	-0.517931347	-0.365454566	5.06335827732	-0.5693463452	0.383017999316	451
35	0.0	0.25	0.0	4.29232354556	-0.678541291472	-0.325226304672	4.54022795503	-0.734412075861	0.498226431981	452
35	0.0	0.5	0.0	3.77736988319	-0.894469914241	-0.23571197731	4.02699245494	-0.968382920118	0.64263581945	453
35	0.0	0.75	0.0	3.27455970772	-1.12558295314	-0.118541033543	3.51799689515	-1.21958850377	0.799325065828	454
35	0.0	1.0	0.0	2.758473719	-1.331746146	0.004657077	3.00758639376	-1.4363584526	0.95137307522	455
35	0.25	0.0	0.0	4.84069766032	-0.277924193679	-0.152693229998	5.05828155423	-0.320654539262	0.5900280111	456
35	0.25	0.25	0.0	4.27400782588	-0.398522351335	-0.10747935813	4.52361310633	-0.442490676225	0.717625996104	457
35	0.25	0.5	0.0	3.74004288801	-0.581267309036	-0.048105320643	3.99237697608	-0.639797345251	0.845126876944	458
35	0.25	0.75	0.0	3.22069932211	-0.783232390588	0.0250689310964	3.46804142101	-0.85493959683	0.973612689848	459
35	0.25	1.0	0.0	2.69787360356	-0.961490919797	0.111683445722	2.95407469865	-1.03028248145	1.10416547104	460
35	0.5	0.0	0.0	4.80437722628	-0.138153539213	0.0607602489703	5.01870366	-0.114162701266	0.807222492996	461
35	0.5	0.25	0.0	4.24586794031	-0.182632788965	0.0977958802063	4.4838312321	-0.16458784957	0.91394908569	462
35	0.5	0.5	0.0	3.69869638839	-0.296685373532	0.112518620652	3.94247544919	-0.293434257918	0.99203585816	463
35	0.5	0.75	0.0	3.1634432314	-0.437141185224	0.124695529839	3.40578169339	-0.444789813361	1.06015107416	464
35	0.5	1.0	0.0	2.6406891302	-0.560830116346	0.154093667298	2.8848953468	-0.562742402948	1.13696299745	465
35	0.75	0.0	0.0	4.7621414006	0.000272955109945	0.237647125953	4.97286978533	0.109508888339	0.973234651504	466
35	0.75	0.25	0.0	4.21506937293	0.0242820762513	0.248617767844	4.43803435495	0.123107554673	1.03539171745	467
35	0.75	0.5	0.0	3.66197904346	-0.0215435331153	0.206399584831	3.89064142588	0.0568363890425	1.04468035457	468
35	0.75	0.75	0.0	3.1152407454	-0.0988044452023	0.151221153573	3.34404418989	-0.0380136678755	1.03678666045	469
35	0.75	1.0	0.0	2.58722481199	-0.169101232222	0.123311050726	2.81159583879	-0.110151675403	1.04739673264	470
35	1.0	0.0	0.0	4.740252891	0.236247628	0.340708656	4.94902512091	0.409739949105	1.02669769312	471
35	1.0	0.25	0.0	4.1887776078	0.277376924925	0.303004662289	4.40337449749	0.444406687073	1.03014990811	472
35	1.0	0.5	0.0	3.63853951235	0.26333878683	0.19377731015	3.85022845774	0.397144642791	0.964377957668	473
35	1.0	0.75	0.0	3.08854117397	0.22028272132	0.075528193186	3.29565538815	0.316514325112	0.881365890377	474
35	1.0	1.0	0.0	2.537785162	0.174358236	0.010758905	2.74572367521	0.251076242885	0.833097754819	475
36	0.0	0.0	0.0	2.758473719	-1.331746146	0.004657077	3.00758639376	-1.4363584526	0.95137307522	476
36	0.0	0.25	0.0	2.12574064776	-1.53431392845	0.226045151217	2.3809564179	-1.65382649062	1.17800276856	477
36	0.0	0.5	0.0	1.51002970381	-1.70478968335	0.543848130958	1.74434106725	-1.85532768177	1.46652176696	478
36	0.0	0.75	0.0	0.911067916456	-1.84041884907	0.869551160221	1.10454606405	-2.02490548027	1.75176082866	479
36	0.0	1.0	0.0	0.328582315	-1.938446864	1.114639383	0.468377130569	-2.14660334035	1.96855071193	480
36	0.25	0.0	0.0	2.69787360356	-0.961490919797	0.111683445722	2.95407469865	-1.03028248145	1.10416547104	481
36	0.25	0.25	0.0	2.07693908178	-1.12996529211	0.303911471781	2.34446092142	-1.19457299155	1.31677526021	482
36	0.25	0.5	0.0	1.46852437125	-1.27217384238	0.597959866341	1.71777954858	-1.35261041627	1.59566284932	483
36	0.25	0.75	0.0	0.876730784267	-1.3916347112	0.909887588412	1.08614898065	-1.4943522134	1.87788423419	484
36	0.25	1.0	0.0	0.305659633167	-1.49186603918	1.155753597	0.461687618144	-1.60975584075	2.10049541069	485
36	0.5	0.0	0.0	2.6406891302	-0.560830116346	0.154093667298	2.8848953468	-0.562742402948	1.13696299745	486
36	0.5	0.25	0.0	2.05278202333	-0.693250359835	0.278501925922	2.29826769123	-0.687006326187	1.29108221832	487
36	0.5	0.5	0.0	1.45569220653	-0.837260306212	0.491891384772	1.68476048436	-0.838727103686	1.50734811997	488
36	0.5	0.75	0.0	0.875149499652	-0.969754522226	0.723268435084	1.07332248547	-0.980179267487	1.72728250299	489
36	0.5	1.0	0.0	0.336883722555	-1.06762757463	0.901639468093	0.492902453871	-1.07363734963	1.89240716794	490
36	0.75	0.0	0.0	2.58722481199	-0.169101232222	0.123311050726	2.81159583879	-0.110151675403	1.04739673264	491
36	0.75	0.25	0.0	2.02695743029	-0.266795309379	0.171659011719	2.2438145661	-0.207421939157	1.12628989388	492
36	0.75	0.5	0.0	1.44311826753	-0.40922925599	0.279951046531	1.64629493153	-0.360158491431	1.25749360169	493
36	0.75	0.75	0.0	0.874635650102	-0.549715248289	0.400950338043	1.05621731732	-0.504935596044	1.39353451029	494
36	0.75	1.0	0.0	0.360437904415	-0.641565462512	0.487420069136	0.510762105665	-0.578327516817	1.48693927392	495
36	1.0	0.0	0.0	2.537785162	0.174358236	0.010758905	2.74572367521	0.251076242885	0.833097754819	496
36	1.0	0.25	0.0	1.97315326056	0.106773681495	0.00522522725304	2.18253938477	0.167884724906	0.847764537893	497
36	1.0	0.5	0.0	1.40238761211	0.00273912715659	0.0164472118982	1.6033939471	0.0366146730951	0.902015317224	498
36	1.0	0.75	0.0	0.843500823105	-0.10645385551	0.0341899350942	1.02498421504	-0.0911701525722	0.970219131355	499
36	1.0	1.0	0.0	0.3145055	-0.189513695	0.048218473	0.464007041444	-0.163905992122	1.02674501883	500
41	0.0	0.0	0.0	4.740252891	0.236247628	0.340708656	4.94902512091	0.409739949105	1.02669769312	501
41	0.0	0.25	0.0	4.1887776078	0.277376924925	0.303004662289	4.40337449749	0.444406687073	1.03014990811	502
41	0.0	0.5	0.0	3.63853951235	0.26333878683	0.19377731015	3.85022845774	0.397144642791	0.964377957668	503
41	0.0	0.75	0.0	3.08854117397	0.22028272132	0.075528193186	3.29565538815	0.316514325112	0.881365890377	504
41	0.0	1.0	0.0	2.537785162	0.174358236	0.010758905	2.74572367521	0.251076242885	0.833097754819	505
41	0.25	0.0	0.0	4.76105862023	0.394528508945	0.322086409643	4.96148383252	0.603539496079	0.967906276252	506
41	0.25	0.25	0.0	4.19791606044	0.417993981068	0.274795573003	4.40507158121	0.61843403369	0.96050918251	507
41	0.25	0.5	0.0	3.63553968897	0.384799538246	0.161741584763	3.84356008737	0.538113429925	0.894975510587	508
41	0.25	0.75	0.0	3.07661062358	0.324802964129	0.0417820340389	3.28213180316	0.423728131083	0.814674850953	509
41	0.25	1.0	0.0	2.52380998206	0.267862042366	-0.0262254900506	2.72596918071	0.336428583461	0.762976794081	510
41	0.5	0.0	0.0	4.8097332522	0.502931577249	0.227133033186	4.9922017199	0.758780962268	0.842084961633	511
41	0.5	0.25	0.0	4.23745546164	0.524397714424	0.196001644966	4.42665975529	0.759927211665	0.844753738787	512
41	0.5	0.5	0.0	3.64526318706	0.494457387943	0.108893717138	3.84877548306	0.664699091132	0.802336768832	513
41	0.5	0.75	0.0	3.06072389494	0.435792502655	0.00988307712543	3.2710275955	0.533606882561	0.74390093118	514
41	0.5	1.0	0.0	2.51140505176	0.371084963411	-0.056956447647	2.70589478492	0.42716086784	0.698513105242	515
41	0.75	0.0	0.0	4.86023203806	0.594605876679	0.0957788603854	5.02489029997	0.893496894238	0.682382257814	516
41	0.75	0.25	0.0	4.28113731381	0.614852600942	0.0863704449481	4.45304294989	0.883684687051	0.701776281565	517
41	0.75	0.5	0.0	3.66153772073	0.597864493123	0.0354145899398	3.86109791838	0.784332677578	0.687387785918	518
41	0.75	0.75	0.0	3.05240054462	0.550078107474	-0.0327351181095	3.26852797002	0.646545753993	0.655681377979	519
41	0.75	1.0	0.0	2.50469307134	0.47792999825	-0.0937250926698	2.69480586936	0.521428804471	0.623121664855	520
41	1.0	0.0	0.0	4.886510229	0.702700451	-0.032045775	5.04326108966	1.02571983855	0.521946673342	521
41	1.0	0.25	0.0	4.30270311935	0.707623116574	-0.0343504602764	4.46912509517	1.00450492591	0.55046951547	522
41	1.0	0.5	0.0	3.67819100404	0.70057301099	-0.058514914165	3.87575066695	0.904445240429	0.551054615359	523
41	1.0	0.75	0.0	3.06316012922	0.664486549161	-0.0986389922211	3.28081813156	0.762939919827	0.536653438273	524
41	1.0	1.0	0.0	2.507796741	0.582300146	-0.14882255	2.70200781554	0.617388101803	0.520217449474	525
42	0.0	0.0	0.0	2.537785162	0.174358236	0.010758905	2.74572367521	0.251076242885	0.833097754819	526
42	0.0	0.25	0.0	1.97315326056	0.106773681495	0.00522522725304	2.18253938477	0.167884724906	0.847764537893	527
42	0.0	0.5	0.0	1.40238761211	0.00273912715659	0.0164472118982	1.6033939471	0.0366146730951	0.902015317224	528
42	0.0	0.75	0.0	0.843500823105	-0.10645385551	0.0341899350942	1.02498421504	-0.0911701525722	0.970219131355	529
42	0.0	1.0	0.0	0.3145055	-0.189513695	0.048218473	0.464007041444	-0.163905992122	1.02674501883	530
42	0.25	0.0	0.0	2.52380998206	0.267862042366	-0.0262254900506	2.72596918071	0.336428583461	0.762976794081	531
42	0.25	0.25	0.0	1.95962774629	0.198365791014	-0.0463230636432	2.15870875199	0.247055211398	0.764233893235	532
42	0.25	0.5	0.0	1.38363341077	0.100875921945	-0.060073157369	1.57574499392	0.11870511011	0.801659817378	533
42	0.25	0.75	0.0	0.816899604376	0.00527126478535	-0.0647836931716	0.993500735561	0.000710200155073	0.856830269877	534
42	0.25	1.0	0.0	0.280498955946	-0.0585693508386	-0.057762592995	0.428398806019	-0.0575975979073	0.9113209541	535
42	0.5	0.0	0.0	2.51140505176	0.371084963411	-0.056956447647	2.70589478492	0.42716086784	0.698513105242	536
42	0.5	0.25	0.0	1.95744235618	0.285144754724	-0.0953210693565	2.1312771186	0.318722942455	0.690736364633	537
42	0.5	0.5	0.0	1.36632620351	0.175040754454	-0.130812212157	1.53277867921	0.178983486069	0.716203184306	538
42	0.5	0.75	0.0	0.781231399093	0.0831989954176	-0.151076377663	0.941004675953	0.0661936242914	0.761143656609	539
42	0.5	1.0	0.0	0.245332748249	0.0520455104313	-0.143760067487	0.386560318031	0.0386044827317	0.811787873889	540
42	0.75	0.0	0.0	2.50469307134	0.47792999825	-0.0937250926698	2.69480586936	0.521428804471	0.623121664855	541
42	0.75	0.25	0.0	1.95923660607	0.375551941483	-0.149689893504	2.11217228893	0.393371848872	0.608129091725	542
42	0.75	0.5	0.0	1.35357266412	0.260122694923	-0.207174813115	1.49652374906	0.247893568237	0.615143489204	543
42	0.75	0.75	0.0	0.750615942556	0.175980440273	-0.246335096957	0.89252230935	0.141938153729	0.640658178801	544
42	0.75	1.0	0.0	0.213281138427	0.167463359236	-0.247325990486	0.344830029354	0.132449796512	0.681166482022	545
42	1.0	0.0	0.0	2.507796741	0.582300146	-0.14882255	2.70200781554	0.617388101803	0.520217449474	546
42	1.0	0.25	0.0	1.9576500118	0.478028720146	-0.217350639702	2.11332206732	0.481485861445	0.497269214146	547
42	1.0	0.5	0.0	1.34847946641	0.391010813591	-0.300565820888	1.48900894957	0.355879123877	0.467978803267	548
42	1.0	0.75	0.0	0.739172970066	0.33226670324	-0.37220682963	0.873079908887	0.264601822359	0.452872723704	549
42	1.0	1.0	0.0	0.188618388	0.312816666	-0.406012402	0.309546391863	0.231687890149	0.472477482322	550
43	0.0	0.0	0.0	4.886510229	0.702700451	-0.032045775	5.04326108966	1.02571983855	0.521946673342	551
43	0.0	0.25	0.0	4.30270311935	0.707623116574	-0.0343504602764	4.46912509517	1.00450492591	0.55046951547	552
43	0.0	0.5	0.0	3.67819100404	0.70057301099	-0.058514914165	3.87575066695	0.904445240429	0.551054615359	553
43	0.0	0.75	0.0	3.06316012922	0.664486549161	-0.0986389922211	3.28081813156	0.762939919827	0.536653438273	554
43	0.0	1.0	0.0	2.507796741	0.582300146	-0.14882255	2.70200781554	0.617388101803	0.520217449474	555
43	0.25	0.0	0.0	4.89277803882	0.815530781697	-0.145204011085	5.04840100664	1.14654934616	0.368810298146	556
43	0.25	0.25	0.0	4.3068851797	0.81179824691	-0.156136631901	4.4753708016	1.12591626456	0.387228763077	557
43	0.25	0.5	0.0	3.69451013752	0.820901948753	-0.177311902977	3.88745560126	1.03646047077	0.372989735788	558
43	0.25	0.75	0.0	3.08980738436	0.803581071153	-0.207377040063	3.29853760676	0.902039848753	0.350972810391	559
43	0.25	1.0	0.0	2.52693139228	0.720574798041	-0.244979258912	2.72249901926	0.746512282443	0.346057580999	560
43	0.5	0.0	0.0	4.89935609188	0.911301245467	-0.272578495014	5.05220401127	1.2506282053	0.193490626916	561
43	0.5	0.25	0.0	4.30914576869	0.908017545013	-0.288041179802	4.47876649074	1.23363582826	0.202510310199	562
43	0.5	0.5	0.0	3.70059856404	0.920195453968	-0.305866515379	3.88799451282	1.14189492788	0.183757856543	563
43	0.5	0.75	0.0	3.10509068787	0.910549875468	-0.325342853448	3.29982663904	1.0064318306	0.163377721093	564
43	0.5	1.0	0.0	2.55399835013	0.841795712651	-0.345758545711	2.73420143093	0.85827286284	0.167514358997	565
43	0.75	0.0	0.0	4.90296873275	0.975576584504	-0.405568074935	5.05312029348	1.32643414924	0.0109832902253	566
43	0.75	0.25	0.0	4.31040037004	0.978716895451	-0.425321068539	4.47984435803	1.31630087768	0.00975187751201	567
43	0.75	0.5	0.0	3.70464037373	0.990658379839	-0.441601607339	3.88655612711	1.2197872969	-0.00915150650208	568
43	0.75	0.75	0.0	3.11809769021	0.984434424231	-0.453146208866	3.2994454994	1.08149074414	-0.0247844005805	569
43	0.75	1.0	0.0	2.58318126592	0.933078415186	-0.458691390653	2.74470237358	0.946008556611	-0.0162043434867	570
43	1.0	0.0	0.0	4.900340306	0.993921541	-0.535571599	5.04960004316	1.36244491123	-0.163716081352	571
43	1.0	0.25	0.0	4.31156446749	1.00633218279	-0.563233262675	4.47913659889	1.36254867351	-0.17760881431	572
43	1.0	0.5	0.0	3.71481965671	1.02449557957	-0.581940034822	3.89232916961	1.269176263	-0.198248837474	573
43	1.0	0.75	0.0	3.13791604182	1.02427617957	-0.591396882808	3.31215445888	1.13259146813	-0.212166125591	574
43	1.0	1.0	0.0	2.608663791	0.981538431	-0.591308774	2.76158917025	1.00305807737	-0.205890653405	575
44	0.0	0.0	0.0	2.507796741	0.582300146	-0.14882255	2.70200781554	0.617388101803	0.520217449474	576
44	0.0	0.25	0.0	1.9576500118	0.478028720146	-0.217350639702	2.11332206732	0.481485861445	0.497269214146	577
44	0.0	0.5	0.0	1.34847946641	0.391010813591	-0.300565820888	1.48900894957	0.355879123877	0.467978803267	578
44	0.0	0.75	0.0	0.739172970066	0.33226670324	-0.37220682963	0.873079908887	0.264601822359	0.452872723704	579
44	0.0	1.0	0.0	0.188618388	0.312816666	-0.406012402	0.309546391863	0.231687890149	0.472477482322	580
44	0.25	0.0	0.0	2.52693139228	0.720574798041	-0.244979258912	2.72249901926	0.746512282443	0.346057580999	581
44	0.25	0.25	0.0	1.96556327317	0.633515902013	-0.306877095675	2.13308015984	0.618724440485	0.327277976158	582
44	0.25	0.5	0.0	1.3605332237	0.60140329101	-0.394728033599	1.50855278763	0.533599151903	0.274834376955	583
44	0.25	0.75	0.0	0.750133949739	0.585205631845	-0.482451309776	0.881607808647	0.468611202922	0.230735207432	584
44	0.25	1.0	0.0	0.172658157147	0.545891591334	-0.543966161297	0.284936128893	0.401235379768	0.236988891628	585
44	0.5	0.0	0.0	2.55399835013	0.841795712651	-0.345758545711	2.73420143093	0.85827286284	0.167514358997	586
44	0.5	0.25	0.0	1.99536942809	0.781354692481	-0.38188404387	2.15046717131	0.750645550977	0.165980134397	587
44	0.5	0.5	0.0	1.39039330227	0.786536389058	-0.438192302461	1.5276122778	0.69490115875	0.134240434563	588
44	0.5	0.75	0.0	0.77220573439	0.804277524401	-0.496982943957	0.895342154604	0.656920634265	0.108540523761	589
44	0.5	1.0	0.0	0.173942486185	0.78151482053	-0.540555590835	0.28336220592	0.602584925622	0.12512566626	590
44	0.75	0.0	0.0	2.58318126592	0.933078415186	-0.458691390653	2.74470237358	0.946008556611	-0.0162043434867	591
44	0.75	0.25	0.0	2.03002014717	0.897539727961	-0.469199738237	2.16541947519	0.859198987695	-0.00347424095941	592
44	0.75	0.5	0.0	1.42316542781	0.92656097138	-0.49118652615	1.54320945203	0.822914192189	-0.00815838546358	593
44	0.75	0.75	0.0	0.798299004935	0.968741470708	-0.515709588765	0.910096812132	0.805802715961	-0.00869569980952	594
44	0.75	1.0	0.0	0.19110277563	0.97268055121	-0.533826760455	0.298106063534	0.776513104881	0.0164748931924	595
44	1.0	0.0	0.0	2.608663791	0.981538431	-0.591308774	2.76158917025	1.00305807737	-0.205890653405	596
44	1.0	0.25	0.0	2.05246710102	0.958065644866	-0.595652432728	2.1778734449	0.926334545417	-0.197935079735	597
44	1.0	0.5	0.0	1.44395532604	1.00162790162	-0.613938603345	1.55236634224	0.900767299986	-0.206717444677	598
44	1.0	0.75	0.0	0.821324442291	1.05785656056	-0.638539100789	0.921685646607	0.891530047584	-0.215957835781	599
44	1.0	1.0	0.0	0.222770426	1.072382981	-0.66182574	0.322449142326	0.863796494714	-0.209376340599	600
49	0.0	0.0	0.0	6.540369552	-0.215200002	-0.541984	6.78142205385	-0.0406169516868	-0.207698061565	601
49	0.0	0.25	0.0	6.3764688322	0.286226336365	-0.506273205527	6.59936407663	0.556112397593	-0.160435676638	602
49	0.0	0.5	0.0	5.98929153054	0.666656089319	-0.49752337543	6.17427528222	0.975823635184	-0.147847316723	603
49	0.0	0.75	0.0	5.46764592811	0.908438182364	-0.509400757368	5.61980437095	1.23808004507	-0.154188834175	604
49	0.0	1.0	0.0	4.900340306	0.993921541	-0.535571599	5.04960004316	1.36244491123	-0.163716081352	605
49	0.25	0.0	0.0	6.54096064544	-0.215052222641	-0.556025482802	6.78188599475	-0.038920217174	-0.224134036142	606
49	0.25	0.25	0.0	6.37385668596	0.277075529203	-0.590157858656	6.5981573225	0.548208148835	-0.261373069454	607
49	0.25	0.5	0.0	5.98079871618	0.641411871401	-0.619205374278	6.17006536019	0.959730884096	-0.299732732666	608
49	0.25	0.75	0.0	5.45671809	0.868092735097	-0.649392823809	5.6148016804	1.21738824699	-0.335526865426	609
49	0.25	1.0	0.0	4.8965461613	0.947254051434	-0.686945001388	5.04955785567	1.3429204959	-0.365069307385	610
49	0.5	0.0	0.0	6.542261051	-0.217204876373	-0.569877523235	6.78290666473	-0.037665169566	-0.24325395848	611
49	0.5	0.25	0.0	6.3703026107	0.25011577749	-0.673654946832	6.59651866284	0.520101919403	-0.359440102077	612
49	0.5	0.5	0.0	5.96896923638	0.58840976023	-0.743824047263	6.16439512437	0.913244842401	-0.451242118179	613
49	0.5	0.75	0.0	5.4437430407	0.792410300427	-0.794919900266	5.61076594285	1.1591654978	-0.520004469499	614
49	0.5	1.0	0.0	4.90010613631	0.856850626663	-0.841477581574	5.05986101183	1.27526578396	-0.567071618753	615
49	0.75	0.0	0.0	6.54356145656	-0.221575591667	-0.5831970523	6.7839273347	-0.0386281835218	-0.26184136945	616
49	0.75	0.25	0.0	6.36725215455	0.214382290764	-0.756467089134	6.59611788482	0.479584028971	-0.453702480254	617
49	0.75	0.5	0.0	5.95892645159	0.528492787617	-0.872376290571	6.16233315232	0.853194557817	-0.600797815754	618
49	0.75	0.75	0.0	5.43413725239	0.713624353572	-0.950118563666	5.61168816301	1.08822622737	-0.706068838501	619
49	0.75	1.0	0.0	4.90843746166	0.762645443311	-1.00888781547	5.07329794271	1.19070186199	-0.772457011046	620
49	1.0	0.0	0.0	6.54415255	-0.228081997	-0.595641001	6.7843912756	-0.0435856337002	-0.276679809924	621
49	1.0	0.25	0.0	6.36615086565	0.178910278563	-0.838296904644	6.59862477561	0.434444797214	-0.543225909734	622
49	1.0	0.5	0.0	5.95579372225	0.482503985374	-1.00585900039	6.16894802162	0.796409078064	-0.746822167886	623
49	1.0	0.75	0.0	5.43331719722	0.663968369747	-1.11912539093	5.62155934557	1.02938486561	-0.892167164538	624
49	1.0	1.0	0.0	4.918957368	0.704572678	-1.198894179	5.08265707941	1.1204498166	-0.98395947985	625
50	0.0	0.0	0.0	6.54415255	-0.228081997	-0.595641001	6.7843912756	-0.0435856337002	-0.276679809924	626
50	0.0	0.25	0.0	6.36615086565	0.178910278563	-0.838296904644	6.59862477561	0.434444797214	-0.543225909734	627
50	0.0	0.5	0.0	5.95579372225	0.482503985374	-1.00585900039	6.16894802162	0.796409078064	-0.746822167886	628
50	0.0	0.75	0.0	5.43331719722	0.663968369747	-1.11912539093	5.62155934557	1.02938486561	-0.892167164538	629
50	0.0	1.0	0.0	4.918957368	0.704572678	-1.198894179	5.08265707941	1.1204498166	-0.98395947985	630
50	0.25	0.0	0.0	6.54861503656	-0.237266736608	-0.608147712495	6.78654042612	-0.0552559755838	-0.289479628259	631
50	0.25	0.25	0.0	6.37114217313	0.143977284877	-0.924574313356	6.60317978225	0.385304431176	-0.639595260746	632
50	0.25	0.5	0.0	5.96145772546	0.452945129234	-1.13734314037	6.1770934353	0.747336569606	-0.890684195586	633
50	0.25	0.75	0.0	5.43632341033	0.655284823475	-1.27865180127	5.62693526506	0.99754343937	-1.06383228489	634
50	0.25	1.0	0.0	4.91250094454	0.716644394616	-1.38069790377	5.07135915134	1.10262804013	-1.18012538077	635
50	0.5	0.0	0.0	6.558432507	-0.247404541577	-0.617805531567	6.79126855725	-0.0708621055578	-0.29978228238	636
50	0.5	0.25	0.0	6.38152117047	0.107602614106	-1.00410124115	6.60793072089	0.333860953383	-0.733789108939	637
50	0.5	0.5	0.0	5.97079217413	0.424907140868	-1.25890144922	6.18007616338	0.697405780731	-1.0309866939	638
50	0.5	0.75	0.0	5.43510938939	0.659059252142	-1.42696980725	5.61979966363	0.972549781698	-1.2312228403	639
50	0.5	1.0	0.0	4.88333668767	0.764609161363	-1.55306996672	5.03919600055	1.11207036149	-1.37434535115	640
50	0.75	0.0	0.0	6.56824997744	-0.259280075007	-0.625223085355	6.79599668838	-0.0882059639932	-0.307844671217	641
50	0.75	0.25	0.0	6.39124875888	0.0586617938419	-1.07235721975	6.61146580738	0.267768864668	-0.817063885093	642
50	0.75	0.5	0.0	5.97764378985	0.38100871172	-1.36453316717	6.17936723561	0.629482618344	-1.15779909461	643
50	0.75	0.75	0.0	5.42864576243	0.646746248843	-1.55630874592	5.60705474205	0.930040213017	-1.38413428983	644
50	0.75	1.0	0.0	4.84546536873	0.794859975429	-1.70224177431	5.00188209567	1.10254656467	-1.55015346081	645
50	1.0	0.0	0.0	6.572712464	-0.273678	-0.631009001	6.7981458389	-0.105089491261	-0.313923693702	646
50	1.0	0.25	0.0	6.39428583958	-0.0139696483214	-1.12482178085	6.61237325761	0.174682665863	-0.880676019992	647
50	1.0	0.5	0.0	5.97585929421	0.303868533236	-1.44823753443	6.17643768174	0.526432989347	-1.26119082949	648
50	1.0	0.75	0.0	5.41590315749	0.589800406675	-1.6588979543	5.59560270106	0.845651053754	-1.51236209255	649
50	1.0	1.0	0.0	4.812887759	0.753789834	-1.814444733	4.97513190533	1.02782643365	-1.69108377955	650
53	0.0	0.0	0.0	6.572712464	-0.273678	-0.631009001	6.7981458389	-0.105089491261	-0.313923693702	651
53	0.0	0.25	0.0	6.39428583958	-0.0139696483214	-1.12482178085	6.61237325761	0.174682665863	-0.880676019992	652
53	0.0	0.5	0.0	5.97585929421	0.303868533236	-1.44823753443	6.17643768174	0.526432989347	-1.26119082949	653
53	0.0	0.75	0.0	5.41590315749	0.589800406675	-1.6588979543	5.59560270106	0.845651053754	-1.51236209255	654
53	0.0	1.0	0.0	4.812887759	0.753789834	-1.814444733	4.97513190533	1.02782643365	-1.69108377955	655
53	0.25	0.0	0.0	6.56550890478	-0.296710726411	-0.635976792491	6.79292690657	-0.131904108133	-0.317925546802	656
53	0.25	0.25	0.0	6.3825037743	-0.159172796776	-1.16078954851	6.60431309484	-0.00530226908734	-0.927955278901	657
53	0.25	0.5	0.0	5.95464075963	0.0985469997891	-1.51626758898	6.16296848611	0.270049420074	-1.36394672871	658
53	0.25	0.75	0.0	5.38813971289	0.354759237998	-1.74975657744	5.58012960707	0.550845066155	-1.66147485875	659
53	0.25	1.0	0.0	4.78922048623	0.487774492566	-1.90860217742	4.96703298443	0.693778775959	-1.85611463154	660
53	0.5	0.0	0.0	6.5496610745	-0.317581662622	-0.634900552622	6.78144525545	-0.161095203356	-0.314724242472	661
53	0.5	0.25	0.0	6.36312026987	-0.30669473038	-1.1335187409	6.58947125865	-0.183127651697	-0.904371835158	662
53	0.5	0.5	0.0	5.93077103879	-0.146388362096	-1.47773049085	6.14453287593	-0.028834874069	-1.35150083265	663
53	0.5	0.75	0.0	5.37186573916	0.0419113809825	-1.70641901046	5.57144810251	0.165853095889	-1.67102132589	664
53	0.5	1.0	0.0	4.8056567289	0.136778437607	-1.85846750772	4.99503493362	0.265006224538	-1.87784340583	665
53	0.75	0.0	0.0	6.53381324422	-0.337163517771	-0.627599536192	6.76996360433	-0.188997217519	-0.305298161582	666
53	0.75	0.25	0.0	6.34546126175	-0.447021512175	-1.06433107874	6.57642010246	-0.346115927693	-0.829967329415	667
53	0.75	0.5	0.0	5.91221274094	-0.391643304183	-1.37654512401	6.13164552545	-0.320943737333	-1.25782423013	668
53	0.75	0.75	0.0	5.36449279612	-0.282255886831	-1.59033924124	5.57213774055	-0.227234134813	-1.58221461191	669
53	0.75	1.0	0.0	4.83272654162	-0.230086253155	-1.73181099965	5.03439461506	-0.178740608505	-1.79648422291	670
53	1.0	0.0	0.0	6.526609685	-0.356329001	-0.613892998	6.764744672	-0.211944591208	-0.290625684999	671
53	1.0	0.25	0.0	6.33885268542	-0.570639205202	-0.974548282705	6.57373197972	-0.481589542801	-0.724783402325	672
53	1.0	0.5	0.0	5.90692847535	-0.597923578235	-1.25663037243	6.13482110891	-0.55700101397	-1.11688801	673
53	1.0	0.75	0.0	5.36343244361	-0.5512552879	-1.46297125769	5.58477807437	-0.546325903722	-1.43626783473	674
53	1.0	1.0	0.0	4.840959979	-0.543707502	-1.596402929	5.0603688909	-0.557711111066	-1.65225120324	675
54	0.0	0.0	0.0	6.526609685	-0.356329001	-0.613892998	6.764744672	-0.211944591208	-0.290625684999	676
54	0.0	0.25	0.0	6.33885268542	-0.570639205202	-0.974548282705	6.57373197972	-0.481589542801	-0.724783402325	677
54	0.0	0.5	0.0	5.90692847535	-0.597923578235	-1.25663037243	6.13482110891	-0.55700101397	-1.11688801	678
54	0.0	0.75	0.0	5.36343244361	-0.5512552879	-1.46297125769	5.58477807437	-0.546325903722	-1.43626783473	679
54	0.0	1.0	0.0	4.840959979	-0.543707502	-1.596402929	5.0603688909	-0.557711111066	-1.65225120324	680
54	0.25	0.0	0.0	6.52575384813	-0.369242982347	-0.599479870232	6.76183886245	-0.22580653426	-0.27257243237	681
54	0.25	0.25	0.0	6.3444929245	-0.6671881324	-0.890871089164	6.57858605873	-0.581758659076	-0.617482136453	682
54	0.25	0.5	0.0	5.92611208518	-0.786967270094	-1.14201443053	6.155945835	-0.757500721809	-0.951500602379	683
54	0.25	0.75	0.0	5.39532558042	-0.828205190796	-1.33754396299	5.62120682531	-0.845972850964	-1.23590594911	684
54	0.25	1.0	0.0	4.8768476605	-0.890526689871	-1.46209375522	5.10165766374	-0.940115175043	-1.43197629559	685
54	0.5	0.0	0.0	6.523871007	-0.3785720605	-0.582545652599	6.75544608143	-0.237221128163	-0.247629940042	686
54	0.5	0.25	0.0	6.35386724921	-0.752696006947	-0.792113617562	6.58166272947	-0.667944406904	-0.488126567304	687
54	0.5	0.5	0.0	5.96197697363	-0.979532750909	-1.00207126142	6.18145671484	-0.951113568395	-0.744715300286	688
54	0.5	0.75	0.0	5.46299747224	-1.12884972243	-1.18101521178	5.67415989468	-1.14826905772	-0.974417680779	689
54	0.5	1.0	0.0	4.97172603701	-1.27041435154	-1.29754209628	5.17910412612	-1.32095131994	-1.13425525057	690
54	0.75	0.0	0.0	6.52198816588	-0.383949858653	-0.563974758167	6.7490533004	-0.244684442067	-0.221050770915	691
54	0.75	0.25	0.0	6.36201333342	-0.80767370979	-0.680490463633	6.58296882927	-0.722394278645	-0.342667335713	692
54	0.75	0.5	0.0	5.99486325738	-1.11567817702	-0.832698228203	6.20244389692	-1.08592827773	-0.50481700759	693
54	0.75	0.75	0.0	5.52838126206	-1.35081530895	-0.978793166824	5.72275291727	-1.36701251976	-0.663064177207	694
54	0.75	1.0	0.0	5.07041067177	-1.55593715418	-1.07697039444	5.25917030424	-1.59737308518	-0.772973235221	695
54	1.0	0.0	0.0	6.521132329	-0.38501	-0.5446516	6.74614749085	-0.246692545118	-0.198087487887	696
54	1.0	0.25	0.0	6.36396885104	-0.812632121876	-0.558216223111	6.58251119548	-0.727355766661	-0.187055082516	697
54	1.0	0.5	0.0	6.00511105312	-1.13546170476	-0.629792693994	6.20999752975	-1.11003357381	-0.240090628162	698
54	1.0	0.75	0.0	5.55341009289	-1.39172837651	-0.716285990879	5.74610152792	-1.41600123287	-0.313106585847	699
54	1.0	1.0	0.0	5.117717128	-1.619661765	-0.774601092	5.30831822426	-1.66653401018	-0.362015416595	700
57	0.0	0.0	0.0	6.521132329	-0.38501	-0.5446516	6.74614749085	-0.246692545118	-0.198087487887	701
57	0.0	0.25	0.0	6.36396885104	-0.812632121876	-0.558216223111	6.58251119548	-0.727355766661	-0.187055082516	702
57	0.0	0.5	0.0	6.00511105312	-1.13546170476	-0.629792693994	6.20999752975	-1.11003357381	-0.240090628162	703
57	0.0	0.75	0.0	5.55341009289	-1.39172837651	-0.716285990879	5.74610152792	-1.41600123287	-0.313106585847	704
57	0.0	1.0	0.0	5.117717128	-1.619661765	-0.774601092	5.30831822426	-1.66653401018	-0.362015416595	705
57	0.25	0.0	0.0	6.52048862259	-0.381732291189	-0.526259639341	6.74860377006	-0.243181173972	-0.178059771152	706
57	0.25	0.25	0.0	6.3559604784	-0.774058730018	-0.458866124377	6.57818234037	-0.686542221561	-0.0591198929724	707
57	0.25	0.5	0.0	5.98061969267	-1.05519872185	-0.484724343362	6.1910119818	-1.02924785628	-0.0396784541824	708
57	0.25	0.75	0.0	5.5130876508	-1.27340030564	-0.546422236657	5.71448950524	-1.29987925066	-0.0647225562097	709
57	0.25	1.0	0.0	5.07198573821	-1.47691152034	-0.586547744624	5.27601172156	-1.52701757723	-0.0792393004815	710
57	0.5	0.0	0.0	6.5190724685	-0.37453492969	-0.509023992051	6.75400758431	-0.235469755335	-0.157225460496	711
57	0.5	0.25	0.0	6.34248705641	-0.708586915484	-0.384885629179	6.57080997768	-0.614362181399	0.0390958811965	712
57	0.5	0.5	0.0	5.93827581127	-0.921178935227	-0.40629910331	6.15368894479	-0.884371022438	0.0969412112903	713
57	0.5	0.75	0.0	5.43726373414	-1.07274565663	-0.486674360545	5.64385968047	-1.08649997235	0.0885203247347	714
57	0.5	1.0	0.0	4.9702758261	-1.22372174739	-0.539421346987	5.1825373796	-1.26175272505	0.0860430164794	715
57	0.75	0.0	0.0	6.51765631441	-0.363839353346	-0.493711498486	6.75941139856	-0.224260121853	-0.138314303565	716
57	0.75	0.25	0.0	6.33230330896	-0.619937768003	-0.320985114563	6.56547332427	-0.515637378795	0.11929336285	717
57	0.75	0.5	0.0	5.90532002759	-0.740889441121	-0.34164095473	6.12208918709	-0.693152889856	0.203841999715	718
57	0.75	0.75	0.0	5.37360763144	-0.805623576698	-0.441803739743	5.58019167432	-0.81130238625	0.205279678551	719
57	0.75	1.0	0.0	4.87406728169	-0.893069378736	-0.507598190357	5.09071347324	-0.924581599189	0.213554470881	720
57	1.0	0.0	0.0	6.517012608	-0.350067	-0.481088999	6.76186767777	-0.210254106172	-0.124056048003	721
57	1.0	0.25	0.0	6.33416395991	-0.511832377307	-0.251874957572	6.56725159695	-0.395189546363	0.193173674848	722
57	1.0	0.5	0.0	5.90899296027	-0.521817335756	-0.237873878513	6.12027347712	-0.473343276098	0.31509754255	723
57	1.0	0.75	0.0	5.36978863123	-0.487893213078	-0.316571751447	5.56946510751	-0.509725480627	0.344213126805	724
57	1.0	1.0	0.0	4.844839995	-0.517931347	-0.365454566	5.06335827732	-0.5693463452	0.383017999316	725
58	0.0	0.0	0.0	6.517012608	-0.350067	-0.481088999	6.76186767777	-0.210254106172	-0.124056048003	726
58	0.0	0.25	0.0	6.33416395991	-0.511832377307	-0.251874957572	6.56725159695	-0.395189546363	0.193173674848	727
58	0.0	0.5	0.0	5.90899296027	-0.521817335756	-0.237873878513	6.12027347712	-0.473343276098	0.31509754255	728
58	0.0	0.75	0.0	5.36978863123	-0.487893213078	-0.316571751447	5.56946510751	-0.509725480627	0.344213126805	729
58	0.0	1.0	0.0	4.844839995	-0.517931347	-0.365454566	5.06335827732	-0.5693463452	0.383017999316	730
58	0.25	0.0	0.0	6.51897359066	-0.333726043788	-0.471780414133	6.76371575657	-0.18945515216	-0.114330810862	731
58	0.25	0.25	0.0	6.33878651091	-0.418637154232	-0.178718908415	6.57101787459	-0.286890117377	0.265500219307	732
58	0.25	0.5	0.0	5.91814203345	-0.369641421862	-0.107130343624	6.12725887076	-0.306655034114	0.44163648915	733
58	0.25	0.75	0.0	5.37834435201	-0.288737537928	-0.138095018055	5.57536975924	-0.300619856649	0.515878814477	734
58	0.25	1.0	0.0	4.84069766032	-0.277924193679	-0.152693229998	5.05828155423	-0.320654539262	0.5900280111	735
58	0.5	0.0	0.0	6.5232877525	-0.315961495675	-0.466328050957	6.76778152992	-0.161883008888	-0.107961812682	736
58	0.5	0.25	0.0	6.33796476822	-0.339741779556	-0.111815590267	6.5721890163	-0.191680599791	0.331328872781	737
58	0.5	0.5	0.0	5.90646474634	-0.277565101426	0.0222330912823	6.12105916688	-0.17610028856	0.575178190303	738
58	0.5	0.75	0.0	5.35364859599	-0.190134631304	0.0437732766939	5.55602103151	-0.141481260587	0.706253582752	739
58	0.5	1.0	0.0	4.80437722628	-0.138153539213	0.0607602489703	5.01870366	-0.114162701266	0.807222492996	740
58	0.75	0.0	0.0	6.52760191434	-0.297437199474	-0.464858412052	6.77184730328	-0.133551117527	-0.105575538774	741
58	0.75	0.25	0.0	6.33669849504	-0.252399899435	-0.0627764214045	6.57314444337	-0.0854954307487	0.378242351725	742
58	0.75	0.5	0.0	5.89315393116	-0.174548999058	0.129825529616	6.11380772813	-0.0271344714277	0.682272247653	743
58	0.75	0.75	0.0	5.32546823043	-0.0837146602436	0.200711894303	5.53374642098	0.0387831663102	0.862080797937	744
58	0.75	1.0	0.0	4.7621414006	0.000272955109945	0.237647125953	4.97286978533	0.109508888339	0.973234651504	745
58	1.0	0.0	0.0	6.529562897	-0.278816999	-0.467498	6.77369538208	-0.110472919253	-0.107798474448	746
58	1.0	0.25	0.0	6.33998745456	-0.13386516002	-0.0432128201019	6.57626357708	0.0557309526035	0.393823372594	747
58	1.0	0.5	0.0	5.8974024201	0.0104462606289	0.195256074784	6.1176379171	0.194786985292	0.729468262845	748
58	1.0	0.75	0.0	5.32357012259	0.138892208214	0.304399596278	5.53087342432	0.311266282797	0.930103826341	749
58	1.0	1.0	0.0	4.740252891	0.236247628	0.340708656	4.94902512091	0.409739949105	1.02669769312	750
61	0.0	0.0	0.0	6.529562897	-0.278816999	-0.467498	6.77369538208	-0.110472919253	-0.107798474448	751
61	0.0	0.25	0.0	6.33998745456	-0.13386516002	-0.0432128201019	6.57626357708	0.0557309526035	0.393823372594	752
61	0.0	0.5	0.0	5.8974024201	0.0104462606289	0.195256074784	6.1176379171	0.194786985292	0.729468262845	753
61	0.0	0.75	0.0	5.32357012259	0.138892208214	0.304399596278	5.53087342432	0.311266282797	0.930103826341	754
61	0.0	1.0	0.0	4.740252891	0.236247628	0.340708656	4.94902512091	0.409739949105	1.02669769312	755
61	0.25	0.0	0.0	6.53048733606	-0.266751074881	-0.47157782637	6.77476906158	-0.0968520112328	-0.11547723717	756
61	0.25	0.25	0.0	6.34439604296	-0.0523728239012	-0.0615789129058	6.57979904725	0.152038704926	0.371086551367	757
61	0.25	0.5	0.0	5.90928673665	0.142551193858	0.177944195793	6.12623716278	0.350222194592	0.696546302392	758
61	0.25	0.75	0.0	5.34242055109	0.298143973204	0.291122352413	5.54361992044	0.499966458174	0.886840161992	759
61	0.25	1.0	0.0	4.76105862023	0.394528508945	0.322086409643	4.96148383252	0.603539496079	0.967906276252	760
61	0.5	0.0	0.0	6.532521102	-0.255493331012	-0.477371929351	6.77713115649	-0.0821733027822	-0.129189000126	761
61	0.5	0.25	0.0	6.34876508267	0.0140614828672	-0.107000290619	6.58383197288	0.23031941757	0.318546137498	762
61	0.5	0.5	0.0	5.92112497733	0.240845188101	0.102995693784	6.13510812818	0.477198753328	0.608761515146	763
61	0.5	0.75	0.0	5.36848597188	0.409065860843	0.198934107254	5.56116343849	0.654630627293	0.772820125598	764
61	0.5	1.0	0.0	4.8097332522	0.502931577249	0.227133033186	4.9922017199	0.758780962268	0.842084961633	765
61	0.75	0.0	0.0	6.53455486794	-0.245219921888	-0.484772317407	6.7794932514	-0.0684789290753	-0.144507048156	766
61	0.75	0.25	0.0	6.35303814887	0.0738706722924	-0.166247043532	6.5876235311	0.300548708078	0.25008261053	767
61	0.75	0.5	0.0	5.9327940864	0.329243097066	0.00229490467567	6.14343445645	0.591026795341	0.492320290799	768
61	0.75	0.75	0.0	5.39484970723	0.507340462004	0.0724410362903	5.57862404142	0.792245976225	0.622866628084	769
61	0.75	1.0	0.0	4.86023203806	0.594605876679	0.0957788603854	5.02489029997	0.893496894238	0.682382257814	770
61	1.0	0.0	0.0	6.535479307	-0.236107002	-0.493670999	6.7805669309	-0.0578110252865	-0.157004666101	771
61	1.0	0.25	0.0	6.35715881673	0.135487656382	-0.226089261938	6.59043489899	0.372702193992	0.179576450007	772
61	1.0	0.5	0.0	5.9441710081	0.431659774461	-0.0922738356156	6.1503997907	0.707016454475	0.373429019045	773
61	1.0	0.75	0.0	5.41459507942	0.62865036756	-0.0437506849857	5.59112179219	0.929799691036	0.47180258037	774
61	1.0	1.0	0.0	4.886510229	0.702700451	-0.032045775	5.04326108966	1.02571983855	0.521946673342	775
62	0.0	0.0	0.0	6.535479307	-0.236107002	-0.493670999	6.7805669309	-0.0578110252865	-0.157004666101	776
62	0.0	0.25	0.0	6.35715881673	0.135487656382	-0.226089261938	6.59043489899	0.372702193992	0.179576450007	777
62	0.0	0.5	0.0	5.9441710081	0.431659774461	-0.0922738356156	6.1503997907	0.707016454475	0.373429019045	778
62	0.0	0.75	0.0	5.41459507942	0.62865036756	-0.0437506849857	5.59112179219	0.929799691036	0.47180258037	779
62	0.0	1.0	0.0	4.886510229	0.702700451	-0.032045775	5.04326108966	1.02571983855	0.521946673342	780
62	0.25	0.0	0.0	6.53624340778	-0.228076011564	-0.504383200983	6.78070054386	-0.0503601796004	-0.168088804719	781
62	0.25	0.25	0.0	6.36250388654	0.194869899028	-0.287212622036	6.59296521817	0.443705763656	0.106337767728	782
62	0.25	0.5	0.0	5.95776909166	0.531671994529	-0.179983827592	6.15750123518	0.814351296058	0.256835958681	783
62	0.25	0.75	0.0	5.4314051126	0.749501785299	-0.145159922369	5.60056202222	1.05186847207	0.329096543651	784
62	0.25	1.0	0.0	4.89277803882	0.815530781697	-0.145204011085	5.04840100664	1.14654934616	0.368810298146	785
62	0.5	0.0	0.0	6.5379244295	-0.221840367662	-0.516177410807	6.78099449238	-0.0454008541484	-0.18070127514	786
62	0.5	0.25	0.0	6.36933722971	0.241685334498	-0.355793708606	6.59602739091	0.500511026713	0.0229801445177	787
62	0.5	0.5	0.0	5.97395207532	0.606409146338	-0.281235786722	6.16582388843	0.898019189707	0.125853126013	788
62	0.5	0.75	0.0	5.45091101361	0.840293604461	-0.263248947933	5.61100806765	1.14782459564	0.168996882446	789
62	0.5	1.0	0.0	4.89935609188	0.911301245467	-0.272578495014	5.05220401127	1.2506282053	0.193490626916	790
62	0.75	0.0	0.0	6.53960545122	-0.217511290929	-0.528796664977	6.78128844089	-0.0423480958655	-0.194138789907	791
62	0.75	0.25	0.0	6.37490887026	0.273086600906	-0.429568557739	6.5985256121	0.539264424309	-0.0670823576091	792
62	0.75	0.5	0.0	5.98652465598	0.652520690923	-0.389319155253	6.17240336569	0.953387510917	-0.0116608440812	793
62	0.75	0.75	0.0	5.4655216597	0.895210758873	-0.388001360118	5.61868162003	1.21183835541	0.00380221656693	794
62	0.75	1.0	0.0	4.90296873275	0.975576584504	-0.405568074935	5.05312029348	1.32643414924	0.0109832902253	795
62	1.0	0.0	0.0	6.540369552	-0.215200002	-0.541984	6.78142205385	-0.0406169516868	-0.207698061565	796
62	1.0	0.25	0.0	6.3764688322	0.286226336365	-0.506273205527	6.59936407663	0.556112397593	-0.160435676638	797
62	1.0	0.5	0.0	5.98929153054	0.666656089319	-0.49752337543	6.17427528222	0.975823635184	-0.147847316723	798
62	1.0	0.75	0.0	5.46764592811	0.908438182364	-0.509400757368	5.61980437095	1.23808004507	-0.154188834175	799
62	1.0	1.0	0.0	4.900340306	0.993921541	-0.535571599	5.04960004316	1.36244491123	-0.163716081352	800
