Elem	xi[0]	xi[1]	xi[2]	Y[0]	Y[1]	Y[2]	y[0]	y[1]	y[2]	Index
1	0.0	0.0	0.0	0.222770426	1.072382981	-0.66182574	0.360139560227	1.35780168091	0.155987749272	1
1	0.0	0.25	0.0	-0.263642038515	1.09393155317	-0.693637292854	-0.149454388746	1.37109152766	0.190729543185	2
1	0.0	0.5	0.0	-0.762943407917	1.15449574035	-0.745052374172	-0.67963284272	1.42575698618	0.230280809623	3
1	0.0	0.75	0.0	-1.25933046411	1.18727563786	-0.799896454654	-1.21420998253	1.4597440503	0.291860118808	4
1	0.0	1.0	0.0	-1.736999989	1.125471341	-0.841995005	-1.736999989	1.41099871382	0.39268604096	5
1	0.25	0.0	0.0	0.24425979187	1.03026663541	-0.815826639729	0.378104102841	1.33121209088	-0.142511541369	6
1	0.25	0.25	0.0	-0.24187726772	1.05508216331	-0.864316051023	-0.126787930122	1.34503834088	-0.115459147182	7
1	0.25	0.5	0.0	-0.749372266097	1.123540167	-0.931101156799	-0.666701152378	1.40847334198	-0.0771413900293	8
1	0.25	0.75	0.0	-1.24952844742	1.17894116988	-1.00231652232	-1.2071500367	1.46526767967	-0.0289490340215	9
1	0.25	1.0	0.0	-1.71364905586	1.16458569535	-1.06409671285	-1.71364905586	1.45917193944	0.0277271567298	10
1	0.5	0.0	0.0	0.248240311106	0.876229472035	-0.89192759165	0.377671944878	1.20120144449	-0.396982337769	11
1	0.5	0.25	0.0	-0.23855683415	0.918577090691	-0.964500030289	-0.119560205413	1.22930196832	-0.38420026887	12
1	0.5	0.5	0.0	-0.739763298524	0.99893114314	-1.07408534037	-0.650407287881	1.30633268743	-0.374094000867	13
1	0.5	0.75	0.0	-1.23031027059	1.07276007906	-1.18668811235	-1.18291497492	1.38587213131	-0.35780847362	14
1	0.5	1.0	0.0	-1.68512893893	1.09553234812	-1.26831293665	-1.68512893893	1.42149882948	-0.326488626985	15
1	0.75	0.0	0.0	0.247583748788	0.671903532647	-0.961411338496	0.370364927986	1.02992080237	-0.633914736254	16
1	0.75	0.25	0.0	-0.242209668068	0.730848385131	-1.05143552606	-0.122684680531	1.06855790802	-0.633384028609	17
1	0.75	0.5	0.0	-0.732971952883	0.821741501306	-1.19730361297	-0.638449604115	1.15614559659	-0.651391007325	18
1	0.75	0.75	0.0	-1.20926966344	0.908265992012	-1.34620270793	-1.15631583303	1.25310048689	-0.665289656402	19
1	0.75	1.0	0.0	-1.65566935753	0.954104968089	-1.44531991963	-1.65566935753	1.31983919769	-0.652433959838	20
1	1.0	0.0	0.0	0.25516187	0.478920859	-1.095560623	0.367704893811	0.879521225185	-0.879798833149	21
1	1.0	0.25	0.0	-0.241364699737	0.538328096444	-1.18236883373	-0.131074821386	0.907481657998	-0.880900633133	22
1	1.0	0.5	0.0	-0.727853676862	0.633044074043	-1.32405466267	-0.638526455969	0.994722643544	-0.899846393836	23
1	1.0	0.75	0.0	-1.19400035581	0.72499253537	-1.47405179227	-1.14216364687	1.09849582806	-0.921964038779	24
1	1.0	1.0	0.0	-1.629500031	0.776097224	-1.585793905	-1.629500031	1.1760528578	-0.932581491482	25
2	0.0	0.0	0.0	0.25516187	0.478920859	-1.095560623	0.367704893811	0.879521225185	-0.879798833149	26
2	0.0	0.25	0.0	-0.241364699737	0.538328096444	-1.18236883373	-0.131074821386	0.907481657998	-0.880900633133	27
2	0.0	0.5	0.0	-0.727853676862	0.633044074043	-1.32405466267	-0.638526455969	0.994722643544	-0.899846393836	28
2	0.0	0.75	0.0	-1.19400035581	0.72499253537	-1.47405179227	-1.14216364687	1.09849582806	-0.921964038779	29
2	0.0	1.0	0.0	-1.629500031	0.776097224	-1.585793905	-1.629500031	1.1760528578	-0.932581491482	30
2	0.25	0.0	0.0	0.270947548451	0.283243387179	-1.2824081092	0.371584431131	0.723323622944	-1.14412375633	31
2	0.25	0.25	0.0	-0.224260605344	0.325895041168	-1.3546019816	-0.126720450871	0.726359942244	-1.14405140544	32
2	0.25	0.5	0.0	-0.708991319231	0.410215570384	-1.47012351322	-0.630541284974	0.798364953571	-1.15553829184	33
2	0.25	0.75	0.0	-1.16995577525	0.494673498046	-1.59674723991	-1.12466165767	0.894870652038	-1.17802817355	34
2	0.25	1.0	0.0	-1.59386515545	0.537737347375	-1.70224769755	-1.59386515545	0.971409032753	-1.21096480861	35
2	0.5	0.0	0.0	0.282248243705	0.0940030586728	-1.41785091485	0.377705652855	0.545585854691	-1.3474501864	36
2	0.5	0.25	0.0	-0.195649333111	0.117908303513	-1.48388614216	-0.0996334121031	0.533903545369	-1.35345058916	37
2	0.5	0.5	0.0	-0.673118862289	0.181818382189	-1.59489687788	-0.596161363226	0.585577277859	-1.3797375349	38
2	0.5	0.75	0.0	-1.13089426867	0.248154222446	-1.71002209218	-1.08760958879	0.66659185452	-1.41586693199	39
2	0.5	1.0	0.0	-1.54970947708	0.279336752027	-1.78840075525	-1.54970947708	0.74293207771	-1.45139468881	40
2	0.75	0.0	0.0	0.291774400106	-0.0845988774195	-1.54013134007	0.390241674028	0.358949566877	-1.52615108792	41
2	0.75	0.25	0.0	-0.164991060996	-0.0803714311764	-1.60075830059	-0.0619520833267	0.335480015808	-1.53788452456	42
2	0.75	0.5	0.0	-0.634614889911	-0.0381101051585	-1.71427138754	-0.550527116229	0.367547608406	-1.58304715584	43
2	0.75	0.75	0.0	-1.09098743889	0.00771288900016	-1.8251616927	-1.04327793755	0.431065139245	-1.63479020612	44
2	0.75	1.0	0.0	-1.50799906017	0.0226253396651	-1.87792030783	-1.50799906017	0.501945402895	-1.66626489977	45
2	1.0	0.0	0.0	0.302236462	-0.248361172	-1.687491685	0.413365609697	0.176056405957	-1.7165994255	46
2	1.0	0.25	0.0	-0.141745966961	-0.263683477554	-1.73575544211	-0.0258148427864	0.136456901995	-1.7261395519	47
2	1.0	0.5	0.0	-0.607857985972	-0.235532506278	-1.84414367312	-0.508778969487	0.155463937213	-1.77607018748	48
2	1.0	0.75	0.0	-1.06440688875	-0.204372321863	-1.95345138507	-1.00393720127	0.205696209947	-1.83410788798	49
2	1.0	1.0	0.0	-1.479699969	-0.210666988	-2.004473585	-1.479699969	0.259772418532	-1.86796920916	50
5	0.0	0.0	0.0	0.302236462	-0.248361172	-1.687491685	0.413365609697	0.176056405957	-1.7165994255	51
5	0.0	0.25	0.0	-0.141745966961	-0.263683477554	-1.73575544211	-0.0258148427864	0.136456901995	-1.7261395519	52
5	0.0	0.5	0.0	-0.607857985972	-0.235532506278	-1.84414367312	-0.508778969487	0.155463937213	-1.77607018748	53
5	0.0	0.75	0.0	-1.06440688875	-0.204372321863	-1.95345138507	-1.00393720127	0.205696209947	-1.83410788798	54
5	0.0	1.0	0.0	-1.479699969	-0.210666988	-2.004473585	-1.479699969	0.259772418532	-1.86796920916	55
5	0.25	0.0	0.0	0.331771632707	-0.595107895636	-1.97369566211	0.483204596298	-0.255944953201	-2.05625360904	56
5	0.25	0.25	0.0	-0.105919573707	-0.631708146684	-1.9949191489	0.0384043391489	-0.317995411601	-2.05257462018	57
5	0.25	0.5	0.0	-0.571300989191	-0.614318425798	-2.05975315743	-0.446291681401	-0.30618480825	-2.07400383008	58
5	0.25	0.75	0.0	-1.03116117452	-0.592823621652	-2.13442248726	-0.950112884796	-0.261829979793	-2.10649970385	59
5	0.25	1.0	0.0	-1.45228869048	-0.617108622919	-2.18515193794	-1.45228869048	-0.22624776287	-2.13602070661	60
5	0.5	0.0	0.0	0.368804127754	-1.01600447476	-2.16896576868	0.565261949822	-0.818882275716	-2.27269270083	61
5	0.5	0.25	0.0	-0.0658936142199	-1.05931576494	-2.17751006921	0.104504168278	-0.887430026503	-2.26665529675	62
5	0.5	0.5	0.0	-0.529564377015	-1.06265725707	-2.19038651101	-0.391904443161	-0.890861761876	-2.2619702894	63
5	0.5	0.75	0.0	-0.994361789618	-1.0585946236	-2.20557894609	-0.909155215818	-0.860220273805	-2.26123376333	64
5	0.5	1.0	0.0	-1.43243948102	-1.07969353692	-2.22107122648	-1.43243948102	-0.826548354259	-2.26704180313	65
5	0.75	0.0	0.0	0.402316203674	-1.45068263526	-2.24619921965	0.63546519815	-1.40438733924	-2.33073832469	66
5	0.75	0.25	0.0	-0.0319805418205	-1.49191099149	-2.24477958127	0.15395847627	-1.4704451581	-2.32408148184	67
5	0.75	0.5	0.0	-0.497869127505	-1.51331962033	-2.21169575999	-0.362640728729	-1.48998214213	-2.30086807868	68
5	0.75	0.75	0.0	-0.970180481467	-1.52536777956	-2.16858304708	-0.894989652775	-1.47896402036	-2.27261878947	69
5	0.75	1.0	0.0	-1.4237455318	-1.53851472696	-2.13707673379	-1.4237455318	-1.45335652182	-2.25085428848	70
5	1.0	0.0	0.0	0.421290117	-1.838774103	-2.17829323	0.669741869162	-1.90409192144	-2.19521210444	71
5	1.0	0.25	0.0	-0.0144928098293	-1.87489848553	-2.15797906329	0.16824109479	-1.96563902176	-2.18055307568	72
5	1.0	0.5	0.0	-0.491436218727	-1.89907613579	-2.09933293049	-0.375524012069	-1.99496116746	-2.15159571117	73
5	1.0	0.75	0.0	-0.97478899751	-1.9168255414	-2.02509707569	-0.921541654104	-2.00755056772	-2.11496350529	74
5	1.0	1.0	0.0	-1.429800034	-1.93366519	-1.958013743	-1.429800034	-2.01889943174	-2.07727995242	75
6	0.0	0.0	0.0	0.421290117	-1.838774103	-2.17829323	0.669741869162	-1.90409192144	-2.19521210444	76
6	0.0	0.25	0.0	-0.0144928098293	-1.87489848553	-2.15797906329	0.16824109479	-1.96563902176	-2.18055307568	77
6	0.0	0.5	0.0	-0.491436218727	-1.89907613579	-2.09933293049	-0.375524012069	-1.99496116746	-2.15159571117	78
6	0.0	0.75	0.0	-0.97478899751	-1.9168255414	-2.02509707569	-0.921541654104	-2.00755056772	-2.11496350529	79
6	0.0	1.0	0.0	-1.429800034	-1.93366519	-1.958013743	-1.429800034	-2.01889943174	-2.07727995242	80
6	0.25	0.0	0.0	0.462521222019	-2.27280423272	-1.93726910046	0.709968766346	-2.42019342878	-1.81060125896	81
6	0.25	0.25	0.0	0.0050297740887	-2.30944275679	-1.89916846804	0.178542022197	-2.48943733869	-1.79059722653	82
6	0.25	0.5	0.0	-0.498220124034	-2.3199240899	-1.83499622788	-0.398290655539	-2.52029135236	-1.77240956225	83
6	0.25	0.75	0.0	-1.00395231631	-2.32351603213	-1.76015510751	-0.965708475596	-2.54116273515	-1.74840537142	84
6	0.25	1.0	0.0	-1.46889064671	-2.33948638354	-1.69004783442	-1.46889064671	-2.58045875245	-1.71095175935	85
6	0.5	0.0	0.0	0.537444551639	-2.69981897175	-1.58765778707	0.78149553677	-2.91530682788	-1.27407215344	86
6	0.5	0.25	0.0	0.0355771216048	-2.74755605379	-1.54892336984	0.209552382378	-3.0120797126	-1.26096975607	87
6	0.5	0.5	0.0	-0.502089936029	-2.75621454391	-1.48344414101	-0.397729437116	-3.05875476857	-1.25462037416	88
6	0.5	0.75	0.0	-1.03897009318	-2.74993839029	-1.41447937526	-0.995391859301	-3.08267762642	-1.24153399037	89
6	0.5	1.0	0.0	-1.53847682177	-2.75287154106	-1.36528834728	-1.53847682177	-3.11119391679	-1.20822058731	90
6	0.75	0.0	0.0	0.60082234994	-3.0051727454	-1.17000788241	0.839401670774	-3.2717837467	-0.663390471636	91
6	0.75	0.25	0.0	0.0571214746113	-3.06145911964	-1.1385927334	0.232103649669	-3.39674173878	-0.661186223196	92
6	0.75	0.5	0.0	-0.51264998832	-3.08227208887	-1.07706439087	-0.398373822234	-3.47084470575	-0.664476652294	93
6	0.75	0.75	0.0	-1.07951576578	-3.08374658115	-1.01798318851	-1.0234388615	-3.50778725283	-0.659809326964	94
6	0.75	1.0	0.0	-1.61449958469	-3.08201752455	-0.993909459995	-1.61449958469	-3.52126398522	-0.633731815239	95
6	1.0	0.0	0.0	0.607416861	-3.074219979	-0.724867979	0.838766658697	-3.3719758132	-0.0563218972992	96
6	1.0	0.25	0.0	0.0496350750003	-3.12337269749	-0.699525523409	0.217027298404	-3.5065990125	-0.0607621868143	97
6	1.0	0.5	0.0	-0.539504614517	-3.17242131582	-0.64824469848	-0.424757276327	-3.61705445354	-0.0682269020079	98
6	1.0	0.75	0.0	-1.12526277178	-3.21259456999	-0.600579856811	-1.06269653847	-3.69218362566	-0.0686913460381	99
6	1.0	1.0	0.0	-1.672899961	-3.235121196	-0.586085351	-1.672899961	-3.72082801822	-0.052130822063	100
9	0.0	0.0	0.0	0.607416861	-3.074219979	-0.724867979	0.838766658697	-3.3719758132	-0.0563218972992	101
9	0.0	0.25	0.0	0.0496350750003	-3.12337269749	-0.699525523409	0.217027298404	-3.5065990125	-0.0607621868143	102
9	0.0	0.5	0.0	-0.539504614517	-3.17242131582	-0.64824469848	-0.424757276327	-3.61705445354	-0.0682269020079	103
9	0.0	0.75	0.0	-1.12526277178	-3.21259456999	-0.600579856811	-1.06269653847	-3.69218362566	-0.0686913460381	104
9	0.0	1.0	0.0	-1.672899961	-3.235121196	-0.586085351	-1.672899961	-3.72082801822	-0.052130822063	105
9	0.25	0.0	0.0	0.55458260765	-2.93232363568	-0.206340329516	0.777407075164	-3.22452681011	0.607943114153	106
9	0.25	0.25	0.0	0.00730500813185	-2.96171283714	-0.171951201355	0.159765312885	-3.34565883934	0.622291276707	107
9	0.25	0.5	0.0	-0.591461879077	-3.02116275897	-0.122157281416	-0.487837687788	-3.47799692062	0.642340166894	108
9	0.25	0.75	0.0	-1.19026460322	-3.08616337213	-0.0761568764557	-1.13158250416	-3.5897613487	0.663180248954	109
9	0.25	1.0	0.0	-1.73764971355	-3.1322046476	-0.053148293232	-1.73764971355	-3.64917241834	0.679901987128	110
9	0.5	0.0	0.0	0.48393469564	-2.69742799173	0.320276437963	0.697732358837	-2.93956049215	1.27342769166	111
9	0.5	0.25	0.0	-0.050243218319	-2.71285202885	0.369805625486	0.0890410526242	-3.04053947763	1.31975695924	112
9	0.5	0.5	0.0	-0.650881316545	-2.74096417562	0.41108081575	-0.56124150135	-3.15848081425	1.36839604287	113
9	0.5	0.75	0.0	-1.25891307184	-2.7725906874	0.442331434496	-1.21028820419	-3.26336473199	1.40777040597	114
9	0.5	1.0	0.0	-1.815271957	-2.7985578196	0.461786907464	-1.815271957	-3.32517146083	1.42630551198	115
9	0.75	0.0	0.0	0.40531922981	-2.36698506267	0.784197837461	0.607950498529	-2.53105390068	1.86482342972	116
9	0.75	0.25	0.0	-0.117734155056	-2.37832988475	0.853624370757	0.00862450641456	-2.61802218034	1.94946398318	117
9	0.75	0.5	0.0	-0.711592831593	-2.36310099213	0.882497720766	-0.63903181297	-2.70285221256	2.02330615353	118
9	0.75	0.75	0.0	-1.31945859156	-2.33915118712	0.890099763552	-1.28631790791	-2.7748360433	2.07583386648	119
9	0.75	1.0	0.0	-1.8845332267	-2.32433327205	0.895712375179	-1.8845332267	-2.8232657185	2.09653104771	120
9	1.0	0.0	0.0	0.328582315	-1.938446864	1.114639383	0.516269483055	-2.01298407709	2.30682192282	121
9	1.0	0.25	0.0	-0.189892352782	-1.95968601697	1.2073844481	-0.0777143369531	-2.10488820046	2.42924147089	122
9	1.0	0.5	0.0	-0.767426328894	-1.91884863487	1.22312156138	-0.715271718607	-2.1554571937	2.52043592649	123
9	1.0	0.75	0.0	-1.36015157631	-1.85311954258	1.20236279822	-1.34717588469	-2.1860175504	2.57812537193	124
9	1.0	1.0	0.0	-1.924200058	-1.799683565	1.185620234	-1.924200058	-2.21789576417	2.60002988956	125
10	0.0	0.0	0.0	0.328582315	-1.938446864	1.114639383	0.516269483055	-2.01298407709	2.30682192282	126
10	0.0	0.25	0.0	-0.189892352782	-1.95968601697	1.2073844481	-0.0777143369531	-2.10488820046	2.42924147089	127
10	0.0	0.5	0.0	-0.767426328894	-1.91884863487	1.22312156138	-0.715271718607	-2.1554571937	2.52043592649	128
10	0.0	0.75	0.0	-1.36015157631	-1.85311954258	1.20236279822	-1.34717588469	-2.1860175504	2.57812537193	129
10	0.0	1.0	0.0	-1.924200058	-1.799683565	1.185620234	-1.924200058	-2.21789576417	2.60002988956	130
10	0.25	0.0	0.0	0.305659633167	-1.49186603918	1.155753597	0.458434878768	-1.43540052379	2.42726800557	131
10	0.25	0.25	0.0	-0.207253742624	-1.51919523707	1.25503484788	-0.123266302547	-1.51489280921	2.55754930826	132
10	0.25	0.5	0.0	-0.777207663802	-1.47325913441	1.27342735837	-0.746317885754	-1.54845498616	2.65643461126	133
10	0.25	0.75	0.0	-1.36116687102	-1.39085835483	1.25125351148	-1.36062583263	-1.56209522517	2.72278210746	134
10	0.25	1.0	0.0	-1.91609610494	-1.30879352195	1.22883569021	-1.91609610494	-1.58182169679	2.75544998978	135
10	0.5	0.0	0.0	0.336883722555	-1.06762757463	0.901639468093	0.445024022045	-0.845028106416	2.21866589288	136
10	0.5	0.25	0.0	-0.166593251276	-1.07989769512	0.986724140183	-0.116178100751	-0.867132441232	2.33096529563	137
10	0.5	0.5	0.0	-0.743158047452	-1.01621472613	1.0338704782	-0.726785225583	-0.87140493477	2.44694821418	138
10	0.5	0.75	0.0	-1.3331264946	-0.911653221809	1.05285120612	-1.33194733745	-0.869540684722	2.5466505703	139
10	0.5	1.0	0.0	-1.87681442136	-0.801287736332	1.05343904795	-1.87681442136	-0.873234788775	2.61010828574	140
10	0.75	0.0	0.0	0.360437904415	-0.641565462512	0.487420069136	0.453610592428	-0.295847534732	1.8256003948	141
10	0.75	0.25	0.0	-0.140745792659	-0.640620030706	0.549783748976	-0.0956126208401	-0.266235954156	1.91891996354	142
10	0.75	0.5	0.0	-0.718444728179	-0.567049693916	0.627493630338	-0.695573339045	-0.234502765859	2.05268866663	143
10	0.75	0.75	0.0	-1.30461821222	-0.455905870997	0.694711855994	-1.29215112833	-0.211913003375	2.18747723792	144
10	0.75	1.0	0.0	-1.83122555484	-0.342239980802	0.725600568718	-1.83122555484	-0.209731700233	2.28385641123	145
10	1.0	0.0	0.0	0.3145055	-0.189513695	0.048218473	0.461768269458	0.158160481503	1.39265632141	146
10	1.0	0.25	0.0	-0.202546280691	-0.200188883405	0.0915450982424	-0.100732752093	0.183167794386	1.49084384256	147
10	1.0	0.5	0.0	-0.756234954319	-0.145098321691	0.177339524278	-0.691581827087	0.252055794261	1.63436789997	148
10	1.0	0.75	0.0	-1.30422978904	-0.0640180298825	0.264391434924	-1.27224793442	0.307228744567	1.78300858777	149
10	1.0	1.0	0.0	-1.804200053	0.003275972	0.311490514	-1.804200053	0.291090908742	1.89654600005	150
13	0.0	0.0	0.0	0.3145055	-0.189513695	0.048218473	0.461768269458	0.158160481503	1.39265632141	151
13	0.0	0.25	0.0	-0.202546280691	-0.200188883405	0.0915450982424	-0.100732752093	0.183167794386	1.49084384256	152
13	0.0	0.5	0.0	-0.756234954319	-0.145098321691	0.177339524278	-0.691581827087	0.252055794261	1.63436789997	153
13	0.0	0.75	0.0	-1.30422978904	-0.0640180298825	0.264391434924	-1.27224793442	0.307228744567	1.78300858777	154
13	0.0	1.0	0.0	-1.804200053	0.003275972	0.311490514	-1.804200053	0.291090908742	1.89654600005	155
13	0.25	0.0	0.0	0.280498955946	-0.0585693508386	-0.057762592995	0.471477817477	0.279274692588	1.30164680692	156
13	0.25	0.25	0.0	-0.233797956891	-0.0565317766466	-0.0269760613769	-0.0897422846177	0.308976192014	1.39191001382	157
13	0.25	0.5	0.0	-0.780484444921	0.00238107086213	0.0269356837339	-0.684826194002	0.399326492963	1.50383202709	158
13	0.25	0.75	0.0	-1.31773912336	0.0837752612521	0.0833627423284	-1.27056270387	0.482015227373	1.62040568858	159
13	0.25	1.0	0.0	-1.80374060741	0.153256864088	0.121695214398	-1.80374060741	0.488732027183	1.72462384017	160
13	0.5	0.0	0.0	0.245332748249	0.0520455104313	-0.143760067487	0.488088762035	0.400528624639	1.2457760738	161
13	0.5	0.25	0.0	-0.251980967645	0.0804373844779	-0.122376369213	-0.0581854359297	0.442394290482	1.32092347537	162
13	0.5	0.5	0.0	-0.798610918033	0.14275082213	-0.101177633144	-0.662880155608	0.53515458432	1.39015296358	163
13	0.5	0.75	0.0	-1.33655236985	0.229818646297	-0.078628345136	-1.26606275448	0.635573830404	1.46351456003	164
13	0.5	1.0	0.0	-1.80780059004	0.33247367989	-0.0531929910428	-1.80780059004	0.700416352983	1.5510582863	165
13	0.75	0.0	0.0	0.213281138427	0.167463359236	-0.247325990486	0.493267978551	0.526985546922	1.16717119988	166
13	0.75	0.25	0.0	-0.266195474309	0.215704242734	-0.234535286611	-0.0364583766819	0.574845140588	1.22827970119	167
13	0.75	0.5	0.0	-0.808751551173	0.287760112802	-0.233673033552	-0.641261740313	0.667219792497	1.26248118946	168
13	0.75	0.75	0.0	-1.34640788838	0.385808792964	-0.236826549267	-1.25491355969	0.780579171011	1.29609110068	169
13	0.75	1.0	0.0	-1.81118528215	0.512028106748	-0.236083151712	-1.81118528215	0.891392944495	1.35542487081	170
13	1.0	0.0	0.0	0.188618388	0.312816666	-0.406012402	0.468682342443	0.663708728699	1.00795926296	171
13	1.0	0.25	0.0	-0.285541638239	0.354254440887	-0.403332274918	-0.0549572775273	0.697751793134	1.06437416528	172
13	1.0	0.5	0.0	-0.809043521859	0.449158123569	-0.397223124686	-0.635488976527	0.803201841658	1.08996718474	173
13	1.0	0.75	0.0	-1.3330440388	0.563442368967	-0.406476591861	-1.2332805929	0.929705866546	1.10189120909	174
13	1.0	1.0	0.0	-1.808699965	0.663021832	-0.449884317	-1.808699965	1.02691086007	1.11729912609	175
14	0.0	0.0	0.0	0.188618388	0.312816666	-0.406012402	0.468682342443	0.663708728699	1.00795926296	176
14	0.0	0.25	0.0	-0.285541638239	0.354254440887	-0.403332274918	-0.0549572775273	0.697751793134	1.06437416528	177
14	0.0	0.5	0.0	-0.809043521859	0.449158123569	-0.397223124686	-0.635488976527	0.803201841658	1.08996718474	178
14	0.0	0.75	0.0	-1.3330440388	0.563442368967	-0.406476591861	-1.2332805929	0.929705866546	1.10189120909	179
14	0.0	1.0	0.0	-1.808699965	0.663021832	-0.449884317	-1.808699965	1.02691086007	1.11729912609	180
14	0.25	0.0	0.0	0.172658157147	0.545891591334	-0.543966161297	0.412400657824	0.866034408744	0.785934188952	181
14	0.25	0.25	0.0	-0.312350359883	0.550401312645	-0.549102998956	-0.117226696543	0.865600540903	0.847838991617	182
14	0.25	0.5	0.0	-0.814765507031	0.631396300842	-0.524901013171	-0.664708750363	0.95583220853	0.895841263489	183
14	0.25	0.75	0.0	-1.31601184115	0.724597412598	-0.515187764343	-1.22611474432	1.06154466669	0.93212777541	184
14	0.25	1.0	0.0	-1.79751391908	0.765725504587	-0.56379081287	-1.79751391908	1.10755317044	0.958885298221	185
14	0.5	0.0	0.0	0.173942486185	0.78151482053	-0.540555590835	0.367947383196	1.07718002083	0.625223907537	186
14	0.5	0.25	0.0	-0.315027428718	0.786803994737	-0.558244922153	-0.15743945895	1.07845646121	0.673860131569	187
14	0.5	0.5	0.0	-0.804874551423	0.857570420774	-0.569860254531	-0.683322079629	1.1532539376	0.703185845507	188
14	0.5	0.75	0.0	-1.29312277024	0.91924154321	-0.591822820644	-1.21988080807	1.22441214387	0.736788302383	189
14	0.5	1.0	0.0	-1.77729597349	0.897244806612	-0.640553853169	-1.77729597349	1.21477077386	0.798254755226	190
14	0.75	0.0	0.0	0.19110277563	0.97268055121	-0.533826760455	0.346725892638	1.2551132249	0.442888425411	191
14	0.75	0.25	0.0	-0.297486702383	0.991851177974	-0.562506776217	-0.170035408451	1.26929498111	0.476727132854	192
14	0.75	0.5	0.0	-0.785543052548	1.0558727963	-0.615458243339	-0.689054823892	1.33128840484	0.488999503363	193
14	0.75	0.75	0.0	-1.27176593994	1.09194440392	-0.674139728251	-1.21557911164	1.37243602832	0.521492510139	194
14	0.75	1.0	0.0	-1.75485502965	1.02726499858	-0.720009797384	-1.75485502965	1.32408038382	0.615993126381	195
14	1.0	0.0	0.0	0.222770426	1.072382981	-0.66182574	0.360139560227	1.35780168091	0.155987749272	196
14	1.0	0.25	0.0	-0.263642038515	1.09393155317	-0.693637292854	-0.149454388746	1.37109152766	0.190729543185	197
14	1.0	0.5	0.0	-0.762943407917	1.15449574035	-0.745052374172	-0.67963284272	1.42575698618	0.230280809623	198
14	1.0	0.75	0.0	-1.25933046411	1.18727563786	-0.799896454654	-1.21420998253	1.4597440503	0.291860118808	199
14	1.0	1.0	0.0	-1.736999989	1.125471341	-0.841995005	-1.736999989	1.41099871382	0.39268604096	200
17	0.0	0.0	0.0	4.900340306	0.993921541	-0.535571599	4.96959141342	1.75139767199	0.235587369496	201
17	0.0	0.25	0.0	4.31156446749	1.00633218279	-0.563233262675	4.40633906759	1.75602964278	0.18796014961	202
17	0.0	0.5	0.0	3.71481965671	1.02449557957	-0.581940034822	3.84175238722	1.69230112448	0.148268360903	203
17	0.0	0.75	0.0	3.13791604182	1.02427617957	-0.591396882808	3.29601596341	1.59108904526	0.125713224543	204
17	0.0	1.0	0.0	2.608663791	0.981538431	-0.591308774	2.78931438727	1.48327033326	0.129495961703	205
17	0.25	0.0	0.0	4.8965461613	0.947254051434	-0.686945001388	4.9829414039	1.7405844165	0.0110236953898	206
17	0.25	0.25	0.0	4.31818520341	0.966648660468	-0.720348331108	4.43064532757	1.75898236153	-0.0497910183072	207
17	0.25	0.5	0.0	3.72908101567	0.998733398842	-0.734613088239	3.87229629353	1.70718978647	-0.0816130540413	208
17	0.25	0.75	0.0	3.15376996963	1.01041106886	-0.735255725443	3.32125246274	1.61170324936	-0.0931334025578	209
17	0.25	1.0	0.0	2.61678843685	0.968584472831	-0.72779269538	2.79087199615	1.49901930828	-0.0930430546016	210
17	0.5	0.0	0.0	4.90010613631	0.856850626663	-0.841477581574	5.01806303185	1.68327837947	-0.203240935904	211
17	0.5	0.25	0.0	4.33427223551	0.876525500291	-0.877412887596	4.48396150139	1.70095574049	-0.281518966017	212
17	0.5	0.5	0.0	3.74351052865	0.921261160847	-0.887285610361	3.91903327729	1.66057497586	-0.315536666813	213
17	0.5	0.75	0.0	3.15868590368	0.946108535966	-0.879137266802	3.34511737759	1.57649442837	-0.323256101847	214
17	0.5	1.0	0.0	2.61066324852	0.906118553285	-0.861009373849	2.78405282036	1.46307244084	-0.322639334674	215
17	0.75	0.0	0.0	4.90843746166	0.762645443311	-1.00888781547	5.06532802838	1.60479101992	-0.411333994881	216
17	0.75	0.25	0.0	4.35449619646	0.776463698187	-1.04506310411	4.54500181217	1.61407106874	-0.505260327183	217
17	0.75	0.5	0.0	3.75956785513	0.827728365256	-1.04465690239	3.9704237279	1.58446275346	-0.541183529172	218
17	0.75	0.75	0.0	3.16372165125	0.861859213861	-1.02269058344	3.37356939699	1.51487769998	-0.545189789764	219
17	0.75	1.0	0.0	2.60702679843	0.824276013346	-0.994185520393	2.78641444089	1.40422753418	-0.543365297876	220
17	1.0	0.0	0.0	4.918957368	0.704572678	-1.198894179	5.11510812458	1.53043379687	-0.617382952035	221
17	1.0	0.25	0.0	4.37352771892	0.706964250081	-1.23393515263	4.59248048303	1.5304496354	-0.719051735468	222
17	1.0	0.5	0.0	3.77871265454	0.753784511739	-1.21142626553	4.01492803479	1.51085918011	-0.746234692875	223
17	1.0	0.75	0.0	3.17993501964	0.788153735527	-1.16556475192	3.41256720999	1.45626818188	-0.739469382746	224
17	1.0	1.0	0.0	2.622617659	0.753192194	-1.130547846	2.81551443875	1.35128239158	-0.739293363571	225
18	0.0	0.0	0.0	2.608663791	0.981538431	-0.591308774	2.78931438727	1.48327033326	0.129495961703	226
18	0.0	0.25	0.0	2.05246710102	0.958065644866	-0.595652432728	2.23991582828	1.41089591335	0.136746330299	227
18	0.0	0.5	0.0	1.44395532604	1.00162790162	-0.613938603345	1.62275762702	1.38494414554	0.130165800624	228
18	0.0	0.75	0.0	0.821324442291	1.05785656056	-0.638539100789	0.981584099116	1.3767883085	0.129873298381	229
18	0.0	1.0	0.0	0.222770426	1.072382981	-0.66182574	0.360139560227	1.35780168091	0.155987749272	230
18	0.25	0.0	0.0	2.61678843685	0.968584472831	-0.72779269538	2.79087199615	1.49901930828	-0.0930430546016	231
18	0.25	0.25	0.0	2.05307913412	0.935184473292	-0.728022807326	2.21967022814	1.41365468355	-0.103769401939	232
18	0.25	0.5	0.0	1.446729461	0.967572548459	-0.745793757835	1.60364697032	1.37451694512	-0.128887193429	233
18	0.25	0.75	0.0	0.83227711456	1.01588712646	-0.776572663204	0.978044252078	1.35567858392	-0.148450037198	234
18	0.25	1.0	0.0	0.24425979187	1.03026663541	-0.815826639729	0.378104102841	1.33121209088	-0.142511541369	235
18	0.5	0.0	0.0	2.61066324852	0.906118553285	-0.861009373849	2.78405282036	1.46307244084	-0.322639334674	236
18	0.5	0.25	0.0	2.04472051165	0.848419040769	-0.844223463489	2.19455533728	1.35273960413	-0.338841914715	237
18	0.5	0.5	0.0	1.44453201462	0.840595225377	-0.840020775976	1.58051560393	1.27519613897	-0.370773592198	238
18	0.5	0.75	0.0	0.83680340018	0.858060803626	-0.85404194185	0.966649259924	1.22612307565	-0.397223891693	239
18	0.5	1.0	0.0	0.248240311106	0.876229472035	-0.89192759165	0.377671944878	1.20120144449	-0.396982337769	240
18	0.75	0.0	0.0	2.60702679843	0.824276013346	-0.994185520393	2.78641444089	1.40422753418	-0.543365297876	241
18	0.75	0.25	0.0	2.04254057086	0.73998037061	-0.96335459212	2.18303270508	1.26874745489	-0.563764769226	242
18	0.75	0.5	0.0	1.44858796858	0.681863196047	-0.936991809194	1.56918846154	1.14823874692	-0.601197188525	243
18	0.75	0.75	0.0	0.843994018807	0.656859309958	-0.931032336393	0.959944829444	1.06214774963	-0.632351022094	244
18	0.75	1.0	0.0	0.247583748788	0.671903532647	-0.961411338496	0.370364927986	1.02992080237	-0.633914736254	245
18	1.0	0.0	0.0	2.622617659	0.753192194	-1.130547846	2.81551443875	1.35128239158	-0.739293363571	246
18	1.0	0.25	0.0	2.06168864899	0.65207948613	-1.10451638412	2.20356388095	1.20227501565	-0.773831526669	247
18	1.0	0.5	0.0	1.47012230456	0.552543724143	-1.07707900891	1.58549047683	1.05490178881	-0.825861775256	248
18	1.0	0.75	0.0	0.862939690098	0.484764363335	-1.0676292465	0.970476667429	0.937778571755	-0.869734185394	249
18	1.0	1.0	0.0	0.25516187	0.478920859	-1.095560623	0.367704893811	0.879521225185	-0.879798833149	250
19	0.0	0.0	0.0	4.918957368	0.704572678	-1.198894179	5.11510812458	1.53043379687	-0.617382952035	251
19	0.0	0.25	0.0	4.37352771892	0.706964250081	-1.23393515263	4.59248048303	1.5304496354	-0.719051735468	252
19	0.0	0.5	0.0	3.77871265454	0.753784511739	-1.21142626553	4.01492803479	1.51085918011	-0.746234692875	253
19	0.0	0.75	0.0	3.17993501964	0.788153735527	-1.16556475192	3.41256720999	1.45626818188	-0.739469382746	254
19	0.0	1.0	0.0	2.622617659	0.753192194	-1.130547846	2.81551443875	1.35128239158	-0.739293363571	255
19	0.25	0.0	0.0	4.91250094454	0.716644394616	-1.38069790377	5.13949674348	1.5058369531	-0.814316657993	256
19	0.25	0.25	0.0	4.36886411321	0.711326119593	-1.42550209662	4.61073738872	1.50354304048	-0.926258622007	257
19	0.25	0.5	0.0	3.77853876358	0.723309402565	-1.39872257606	4.03739832257	1.46848399006	-0.961379483468	258
19	0.25	0.75	0.0	3.18602826599	0.719825331951	-1.34702086385	3.44262364822	1.3959275475	-0.96443205708	259
19	0.25	1.0	0.0	2.63583599076	0.668104996168	-1.31705848172	2.84955746882	1.28114145848	-0.980169157547	260
19	0.5	0.0	0.0	4.88333668767	0.764609161363	-1.55306996672	5.13731746758	1.51227048143	-1.02358904418	261
19	0.5	0.25	0.0	4.3354656047	0.762700375151	-1.61065638222	4.60631567804	1.51511949927	-1.14256795297	262
19	0.5	0.5	0.0	3.74730836797	0.723143213665	-1.58569671307	4.02902077017	1.44270413026	-1.18462780508	263
19	0.5	0.75	0.0	3.15984097088	0.654216858314	-1.53060708379	3.43234854061	1.32233358592	-1.19489491805	264
19	0.5	1.0	0.0	2.61403940685	0.564200490504	-1.49780361891	2.843214786	1.18131707774	-1.21849560948	265
19	0.75	0.0	0.0	4.84546536873	0.794859975429	-1.70224177431	5.12317393889	1.49968444339	-1.22365699799	266
19	0.75	0.25	0.0	4.29345563388	0.796524375881	-1.77049536642	4.59134884793	1.50537225929	-1.34668149631	267
19	0.75	0.5	0.0	3.71157851666	0.709042002082	-1.74999453857	4.0107153994	1.39508849811	-1.39413531267	268
19	0.75	0.75	0.0	3.1321610053	0.577519650496	-1.69449727805	3.41202646166	1.22642773258	-1.40966063772	269
19	0.75	1.0	0.0	2.58753008802	0.447064117588	-1.65776157215	2.82603490306	1.0569845354	-1.43689966208	270
19	1.0	0.0	0.0	4.812887759	0.753789834	-1.814444733	5.11166979944	1.41802890054	-1.39297740684	271
19	1.0	0.25	0.0	4.26295764124	0.748235480913	-1.88611640622	4.57797039528	1.41449456806	-1.51730101995	272
19	1.0	0.5	0.0	3.69790625865	0.63676182486	-1.86926191461	4.00340223205	1.28720599098	-1.56805766124	273
19	1.0	0.75	0.0	3.13377624024	0.475925044377	-1.81686531294	3.41194198586	1.09915142292	-1.58753188813	274
19	1.0	1.0	0.0	2.586610215	0.322281318	-1.781910656	2.82756633277	0.913319117474	-1.61800825807	275
20	0.0	0.0	0.0	2.622617659	0.753192194	-1.130547846	2.81551443875	1.35128239158	-0.739293363571	276
20	0.0	0.25	0.0	2.06168864899	0.65207948613	-1.10451638412	2.20356388095	1.20227501565	-0.773831526669	277
20	0.0	0.5	0.0	1.47012230456	0.552543724143	-1.07707900891	1.58549047683	1.05490178881	-0.825861775256	278
20	0.0	0.75	0.0	0.862939690098	0.484764363335	-1.0676292465	0.970476667429	0.937778571755	-0.869734185394	279
20	0.0	1.0	0.0	0.25516187	0.478920859	-1.095560623	0.367704893811	0.879521225185	-0.879798833149	280
20	0.25	0.0	0.0	2.63583599076	0.668104996168	-1.31705848172	2.84955746882	1.28114145848	-0.980169157547	281
20	0.25	0.25	0.0	2.08050860556	0.555681441449	-1.30050839413	2.23427232514	1.12451417024	-1.02873600192	282
20	0.25	0.5	0.0	1.49036565396	0.426046519473	-1.27368495025	1.60759151634	0.959337091579	-1.08504169941	283
20	0.25	0.75	0.0	0.881735760186	0.321225433597	-1.25988567898	0.982400424361	0.815607737484	-1.12989977567	284
20	0.25	1.0	0.0	0.270947548451	0.283243387179	-1.2824081092	0.371584431131	0.723323622944	-1.14412375633	285
20	0.5	0.0	0.0	2.61403940685	0.564200490504	-1.49780361891	2.843214786	1.18131707774	-1.21849560948	286
20	0.5	0.25	0.0	2.06323030901	0.436084839488	-1.4759734753	2.23072772682	1.01215440574	-1.26681757718	287
20	0.5	0.5	0.0	1.4790143892	0.284313545569	-1.43720697934	1.59984484035	0.824126043384	-1.31130331333	288
20	0.5	0.75	0.0	0.879363187425	0.15493636616	-1.40875062714	0.974269643416	0.655760392449	-1.34162384178	289
20	0.5	1.0	0.0	0.282248243705	0.0940030586728	-1.41785091485	0.377705652855	0.545585854691	-1.3474501864	290
20	0.75	0.0	0.0	2.58753008802	0.447064117588	-1.65776157215	2.82603490306	1.0569845354	-1.43689966208	291
20	0.75	0.25	0.0	2.03570073004	0.303836785129	-1.63022322999	2.21715459384	0.874873128902	-1.48184984437	292
20	0.75	0.5	0.0	1.45671531822	0.139125889998	-1.58421676954	1.58597669673	0.668350206059	-1.51511951279	293
20	0.75	0.75	0.0	0.869198369319	-0.00453164009035	-1.54557515238	0.965879595523	0.481635705755	-1.53159211231	294
20	0.75	1.0	0.0	0.291774400106	-0.0845988774195	-1.54013134007	0.390241674028	0.358949566877	-1.52615108792	295
20	1.0	0.0	0.0	2.586610215	0.322281318	-1.781910656	2.82756633277	0.913319117474	-1.61800825807	296
20	1.0	0.25	0.0	2.02376683936	0.169484383255	-1.76256926056	2.21777743403	0.722347746515	-1.66760639542	297
20	1.0	0.5	0.0	1.44411524899	0.0022646403263	-1.73128599424	1.58971333335	0.511091141441	-1.70696319358	298
20	1.0	0.75	0.0	0.864617703375	-0.147607386266	-1.70171031606	0.977025551613	0.316632846505	-1.72649031584	299
20	1.0	1.0	0.0	0.302236462	-0.248361172	-1.687491685	0.413365609697	0.176056405957	-1.7165994255	300
25	0.0	0.0	0.0	4.812887759	0.753789834	-1.814444733	5.11166979944	1.41802890054	-1.39297740684	301
25	0.0	0.25	0.0	4.26295764124	0.748235480913	-1.88611640622	4.57797039528	1.41449456806	-1.51730101995	302
25	0.0	0.5	0.0	3.69790625865	0.63676182486	-1.86926191461	4.00340223205	1.28720599098	-1.56805766124	303
25	0.0	0.75	0.0	3.13377624024	0.475925044377	-1.81686531294	3.41194198586	1.09915142292	-1.58753188813	304
25	0.0	1.0	0.0	2.586610215	0.322281318	-1.781910656	2.82756633277	0.913319117474	-1.61800825807	305
25	0.25	0.0	0.0	4.78922048623	0.487774492566	-1.90860217742	5.1157601749	1.05463478638	-1.62110744545	306
25	0.25	0.25	0.0	4.25517052932	0.456945350037	-1.98284371099	4.58557330901	1.02093293631	-1.75025090875	307
25	0.25	0.5	0.0	3.72028578171	0.336936645588	-1.98243036841	4.03077884599	0.890004480268	-1.81438729335	308
25	0.25	0.75	0.0	3.18162083597	0.171014466924	-1.9533383995	3.46186057241	0.704747437331	-1.84978840172	309
25	0.25	1.0	0.0	2.63623028466	0.00244490174952	-1.94154405408	2.88930227488	0.508059826567	-1.89272603631	310
25	0.5	0.0	0.0	4.8056567289	0.136778437607	-1.85846750772	5.14502780768	0.590313074553	-1.69933051503	311
25	0.5	0.25	0.0	4.28739705167	0.088435718892	-1.94313772092	4.63259645215	0.533916118182	-1.84116778731	312
25	0.5	0.5	0.0	3.75585857358	-0.0438548876849	-1.97461694298	4.08702006086	0.384764584714	-1.933071083	313
25	0.5	0.75	0.0	3.2204694249	-0.220154193101	-1.98527665997	3.52951343945	0.184898766139	-1.99798962652	314
25	0.5	1.0	0.0	2.69065773589	-0.400523008333	-2.00748835796	2.98129139357	-0.0236410455504	-2.05887264232	315
25	0.75	0.0	0.0	4.83272654162	-0.230086253155	-1.73181099965	5.19116482721	0.119046429548	-1.65152938341	316
25	0.75	0.25	0.0	4.32618034308	-0.299400579052	-1.82269414923	4.69956840018	0.0371786847774	-1.80484058088	317
25	0.75	0.5	0.0	3.79044208021	-0.450326402217	-1.87973939611	4.16160883686	-0.139261903854	-1.91912554522	318
25	0.75	0.75	0.0	3.25314613588	-0.639318120186	-1.92390887682	3.61309906025	-0.360793308554	-2.00735599303	319
25	0.75	1.0	0.0	2.74192689293	-0.822830130498	-1.97616472786	3.08985199336	-0.577933501529	-2.08250364091	320
25	1.0	0.0	0.0	4.840959979	-0.543707502	-1.596402929	5.24586336291	-0.265182484161	-1.50158681842	321
25	1.0	0.25	0.0	4.33806353837	-0.648670710326	-1.67720870919	4.76701772861	-0.385544792812	-1.65605821468	322
25	1.0	0.5	0.0	3.8098537476	-0.827191525266	-1.73171548565	4.24402813419	-0.592823193608	-1.76756719507	323
25	1.0	0.75	0.0	3.28247509778	-1.02821449882	-1.78046383254	3.71081590811	-0.832727504645	-1.85310793175	324
25	1.0	1.0	0.0	2.78207208	-1.200684183	-1.843994324	3.20130237879	-1.05096754402	-1.92967459688	325
26	0.0	0.0	0.0	2.586610215	0.322281318	-1.781910656	2.82756633277	0.913319117474	-1.61800825807	326
26	0.0	0.25	0.0	2.02376683936	0.169484383255	-1.76256926056	2.21777743403	0.722347746515	-1.66760639542	327
26	0.0	0.5	0.0	1.44411524899	0.0022646403263	-1.73128599424	1.58971333335	0.511091141441	-1.70696319358	328
26	0.0	0.75	0.0	0.864617703375	-0.147607386266	-1.70171031606	0.977025551613	0.316632846505	-1.72649031584	329
26	0.0	1.0	0.0	0.302236462	-0.248361172	-1.687491685	0.413365609697	0.176056405957	-1.7165994255	330
26	0.25	0.0	0.0	2.63623028466	0.00244490174952	-1.94154405408	2.88930227488	0.508059826567	-1.89272603631	331
26	0.25	0.25	0.0	2.05445520276	-0.163083182217	-1.95710080971	2.28059499283	0.305422465728	-1.95805221197	332
26	0.25	0.5	0.0	1.46607264556	-0.32570970453	-1.97203080236	1.66079583598	0.100943131656	-2.01885529101	333
26	0.25	0.75	0.0	0.886654244923	-0.47364712305	-1.97975532288	1.05372547893	-0.0909790499028	-2.05747563589	334
26	0.25	1.0	0.0	0.331771632707	-0.595107895636	-1.97369566211	0.483204596298	-0.255944953201	-2.05625360904	335
26	0.5	0.0	0.0	2.69065773589	-0.400523008333	-2.00748835796	2.98129139357	-0.0236410455504	-2.05887264232	336
26	0.5	0.25	0.0	2.11186450162	-0.581720972325	-2.05576182506	2.38687443653	-0.241649831044	-2.13433490284	337
26	0.5	0.5	0.0	1.51729675971	-0.751580630534	-2.10603823119	1.77196220466	-0.45601146637	-2.20559575791	338
26	0.5	0.75	0.0	0.92894610386	-0.89978184425	-2.14740905339	1.15770720631	-0.652998198828	-2.2569500698	339
26	0.5	1.0	0.0	0.368804127754	-1.01600447476	-2.16896576868	0.565261949822	-0.818882275716	-2.27269270083	340
26	0.75	0.0	0.0	2.74192689293	-0.822830130498	-1.97616472786	3.08985199336	-0.577933501529	-2.08250364091	341
26	0.75	0.25	0.0	2.17135361979	-1.01201502649	-2.05324650984	2.50700165532	-0.808433757476	-2.16587237959	342
26	0.75	0.5	0.0	1.57030798487	-1.19377294793	-2.13259563197	1.88677895508	-1.03970595102	-2.24378990621	343
26	0.75	0.75	0.0	0.970169131664	-1.34702258685	-2.20123792499	1.25449607518	-1.24670537925	-2.30312297113	344
26	0.75	1.0	0.0	0.402316203674	-1.45068263526	-2.24619921965	0.63546519815	-1.40438733924	-2.33073832469	345
26	1.0	0.0	0.0	2.78207208	-1.200684183	-1.843994324	3.20130237879	-1.05096754402	-1.92967459688	346
26	1.0	0.25	0.0	2.20828144112	-1.37955138412	-1.94424906727	2.61136253942	-1.28449392724	-2.02208255375	347
26	1.0	0.5	0.0	1.59762671446	-1.57071146697	-2.05099035593	1.96881260296	-1.53007362069	-2.1100430479	348
26	1.0	0.75	0.0	0.988999179815	-1.73638038784	-2.13780835513	1.309617427	-1.74938137016	-2.17420369343	349
26	1.0	1.0	0.0	0.421290117	-1.838774103	-2.17829323	0.669741869162	-1.90409192144	-2.19521210444	350
27	0.0	0.0	0.0	4.840959979	-0.543707502	-1.596402929	5.24586336291	-0.265182484161	-1.50158681842	351
27	0.0	0.25	0.0	4.33806353837	-0.648670710326	-1.67720870919	4.76701772861	-0.385544792812	-1.65605821468	352
27	0.0	0.5	0.0	3.8098537476	-0.827191525266	-1.73171548565	4.24402813419	-0.592823193608	-1.76756719507	353
27	0.0	0.75	0.0	3.28247509778	-1.02821449882	-1.78046383254	3.71081590811	-0.832727504645	-1.85310793175	354
27	0.0	1.0	0.0	2.78207208	-1.200684183	-1.843994324	3.20130237879	-1.05096754402	-1.92967459688	355
27	0.25	0.0	0.0	4.8768476605	-0.890526689871	-1.46209375522	5.30871350578	-0.638373664133	-1.20882721181	356
27	0.25	0.25	0.0	4.37083281151	-1.05216442793	-1.52726989143	4.82817994027	-0.812949335857	-1.34738453389	357
27	0.25	0.5	0.0	3.85447004711	-1.26864396333	-1.56170223087	4.32072342499	-1.0600757423	-1.43222581324	358
27	0.25	0.75	0.0	3.33705400455	-1.48552502785	-1.59058782671	3.8027642704	-1.32507825883	-1.49315703628	359
27	0.25	1.0	0.0	2.8278793211	-1.64836735327	-1.63912373208	3.29072278692	-1.55328226085	-1.55998418944	360
27	0.5	0.0	0.0	4.97172603701	-1.27041435154	-1.29754209628	5.36779220788	-1.00671008725	-0.792705040286	361
27	0.5	0.25	0.0	4.46066691047	-1.48464538493	-1.35968998205	4.87651404566	-1.2254005805	-0.905960419818	362
27	0.5	0.5	0.0	3.93857169032	-1.72440164568	-1.38993988419	4.36572435091	-1.50072383623	-0.971893745775	363
27	0.5	0.75	0.0	3.40997374478	-1.94883766126	-1.40699130055	3.84393796931	-1.78690779423	-1.01973823462	364
27	0.5	1.0	0.0	2.8794064421	-2.11710795911	-1.42954372896	3.31966974654	-2.03818039429	-1.07872710282	365
27	0.75	0.0	0.0	5.07041067177	-1.55593715418	-1.07697039444	5.41275507091	-1.2553276981	-0.314980083528	366
27	0.75	0.25	0.0	4.55578673109	-1.81599074522	-1.13130220304	4.91599904252	-1.5110304926	-0.390279109386	367
27	0.75	0.5	0.0	4.01844167966	-2.08022192526	-1.15664644927	4.39288414737	-1.81536368701	-0.434393840106	368
27	0.75	0.75	0.0	3.47031032123	-2.31962011732	-1.16237473969	3.85679808334	-2.12879614863	-0.468689647312	369
27	0.75	1.0	0.0	2.92332745955	-2.50517474439	-1.15785868086	3.32112854833	-2.41179674478	-0.51453190263	370
27	1.0	0.0	0.0	5.117717128	-1.619661765	-0.774601092	5.43325769658	-1.26936244124	0.162587878775	371
27	1.0	0.25	0.0	4.60441316924	-1.91607767269	-0.798939776385	4.9506139286	-1.55797103805	0.141166160493	372
27	1.0	0.5	0.0	4.05036301758	-2.22186215498	-0.802039929767	4.41605604978	-1.90459150624	0.132451056345	373
27	1.0	0.75	0.0	3.48713973664	-2.49934011428	-0.789438629766	3.86380569095	-2.26132335981	0.124150605104	374
27	1.0	1.0	0.0	2.94631639	-2.710836453	-0.766672954	3.32808448297	-2.58026611276	0.103972845543	375
28	0.0	0.0	0.0	2.78207208	-1.200684183	-1.843994324	3.20130237879	-1.05096754402	-1.92967459688	376
28	0.0	0.25	0.0	2.20828144112	-1.37955138412	-1.94424906727	2.61136253942	-1.28449392724	-2.02208255375	377
28	0.0	0.5	0.0	1.59762671446	-1.57071146697	-2.05099035593	1.96881260296	-1.53007362069	-2.1100430479	378
28	0.0	0.75	0.0	0.988999179815	-1.73638038784	-2.13780835513	1.309617427	-1.74938137016	-2.17420369343	379
28	0.0	1.0	0.0	0.421290117	-1.838774103	-2.17829323	0.669741869162	-1.90409192144	-2.19521210444	380
28	0.25	0.0	0.0	2.8278793211	-1.64836735327	-1.63912373208	3.29072278692	-1.55328226085	-1.55998418944	381
28	0.25	0.25	0.0	2.24574000484	-1.80586679998	-1.73362255193	2.69052926505	-1.78462042882	-1.65474420477	382
28	0.25	0.5	0.0	1.63328373578	-1.99084819562	-1.83968479413	2.03249904425	-2.03161806852	-1.74498936298	383
28	0.25	0.75	0.0	1.02678573461	-2.16069838994	-1.92000284739	1.35839218964	-2.25617559637	-1.80538620181	384
28	0.25	1.0	0.0	0.462521222019	-2.27280423272	-1.93726910046	0.709968766346	-2.42019342878	-1.81060125896	385
28	0.5	0.0	0.0	2.8794064421	-2.11710795911	-1.42954372896	3.31966974654	-2.03818039429	-1.07872710282	386
28	0.5	0.25	0.0	2.30300210502	-2.26594020788	-1.47991918805	2.73162528999	-2.27522921148	-1.15876265444	387
28	0.5	0.5	0.0	1.70288661555	-2.43165901858	-1.5394462001	2.08901511031	-2.51660728628	-1.22945874038	388
28	0.5	0.75	0.0	1.10554056673	-2.5857800527	-1.58355049111	1.4271886963	-2.73805352349	-1.27362527019	389
28	0.5	1.0	0.0	0.537444551639	-2.69981897175	-1.58765778707	0.78149553677	-2.91530682788	-1.27407215344	390
28	0.75	0.0	0.0	2.92332745955	-2.50517474439	-1.15785868086	3.32112854833	-2.41179674478	-0.51453190263	391
28	0.75	0.25	0.0	2.36070185245	-2.65031532489	-1.15891520504	2.75315468869	-2.65730552656	-0.573346415929	392
28	0.75	0.5	0.0	1.77012206556	-2.78666279127	-1.16583577135	2.12938188415	-2.8859219935	-0.624484539509	393
28	0.75	0.75	0.0	1.17551869826	-2.90726573446	-1.1718050928	1.48105069231	-3.09247258656	-0.6578609869	394
28	0.75	1.0	0.0	0.60082234994	-3.0051727454	-1.17000788241	0.839401670774	-3.2717837467	-0.663390471636	395
28	1.0	0.0	0.0	2.94631639	-2.710836453	-0.766672954	3.32808448297	-2.58026611276	0.103972845543	396
28	1.0	0.25	0.0	2.3994733579	-2.8495358681	-0.746386832343	2.77362153559	-2.83183462538	0.0622959975919	397
28	1.0	0.5	0.0	1.7986767976	-2.9493783691	-0.734414705383	2.14462044878	-3.04044290968	0.00889988019902	398
28	1.0	0.75	0.0	1.18697515125	-3.02079579356	-0.728120458981	1.48502192301	-3.21689022064	-0.0370334402325	399
28	1.0	1.0	0.0	0.607416861	-3.074219979	-0.724867979	0.838766658697	-3.3719758132	-0.0563218972992	400
33	0.0	0.0	0.0	5.117717128	-1.619661765	-0.774601092	5.43325769658	-1.26936244124	0.162587878775	401
33	0.0	0.25	0.0	4.60441316924	-1.91607767269	-0.798939776385	4.9506139286	-1.55797103805	0.141166160493	402
33	0.0	0.5	0.0	4.05036301758	-2.22186215498	-0.802039929767	4.41605604978	-1.90459150624	0.132451056345	403
33	0.0	0.75	0.0	3.48713973664	-2.49934011428	-0.789438629766	3.86380569095	-2.26132335981	0.124150605104	404
33	0.0	1.0	0.0	2.94631639	-2.710836453	-0.766672954	3.32808448297	-2.58026611276	0.103972845543	405
33	0.25	0.0	0.0	5.07198573821	-1.47691152034	-0.586547744624	5.35753400717	-1.08334842449	0.441697124393	406
33	0.25	0.25	0.0	4.5617306828	-1.76794682433	-0.578492274491	4.8774612203	-1.36834118819	0.473646922995	407
33	0.25	0.5	0.0	4.0109642017	-2.08579982666	-0.54017686164	4.34907191656	-1.72727265774	0.519695624442	408
33	0.25	0.75	0.0	3.45620896026	-2.38175593125	-0.487915524489	3.81078024845	-2.10162106509	0.564093046007	409
33	0.25	1.0	0.0	2.93398762386	-2.60710054203	-0.438022281456	3.30100036846	-2.43286464216	0.591089004964	410
33	0.5	0.0	0.0	4.9702758261	-1.22372174739	-0.539421346987	5.19293411424	-0.805861845274	0.568455803099	411
33	0.5	0.25	0.0	4.45796898385	-1.46777879513	-0.514997064135	4.68565224176	-1.04546424403	0.641488958136	412
33	0.5	0.5	0.0	3.92902008863	-1.74994311453	-0.437628643024	4.17474270953	-1.36976522906	0.742613351946	413
33	0.5	0.75	0.0	3.400769279	-2.0248717174	-0.337934193367	3.67644609919	-1.71874071509	0.848221753028	414
33	0.5	1.0	0.0	2.89055669351	-2.24722161552	-0.246531824877	3.2070029924	-2.03236661684	0.934706929884	415
33	0.75	0.0	0.0	4.87406728169	-0.893069378736	-0.507598190357	5.04567081372	-0.49521612638	0.647215355104	416
33	0.75	0.25	0.0	4.34940697168	-1.0823761094	-0.475044841975	4.50216452217	-0.677596711792	0.743034277575	417
33	0.75	0.5	0.0	3.83949915644	-1.31819786245	-0.375704079665	3.99845243445	-0.949584738989	0.878346959542	418
33	0.75	0.75	0.0	3.33536981932	-1.5617824117	-0.245980681388	3.52756443777	-1.25413806848	1.02766578959	419
33	0.75	1.0	0.0	2.82804494365	-1.77437753101	-0.122279425109	3.08253041938	-1.53421456076	1.16550315629	420
33	1.0	0.0	0.0	4.844839995	-0.517931347	-0.365454566	5.02195690156	-0.209724690601	0.78232722062	421
33	1.0	0.25	0.0	4.29232354556	-0.678541291472	-0.325226304672	4.45397559072	-0.352995097716	0.876624892971	422
33	1.0	0.5	0.0	3.77736988319	-0.894469914241	-0.23571197731	3.92558509709	-0.58424670632	1.00403916792	423
33	1.0	0.75	0.0	3.27455970772	-1.12558295314	-0.118541033543	3.43089645879	-0.84926888389	1.1535542191	424
33	1.0	1.0	0.0	2.758473719	-1.331746146	0.004657077	2.96402071397	-1.0938509979	1.31415422015	425
34	0.0	0.0	0.0	2.94631639	-2.710836453	-0.766672954	3.32808448297	-2.58026611276	0.103972845543	426
34	0.0	0.25	0.0	2.3994733579	-2.8495358681	-0.746386832343	2.77362153559	-2.83183462538	0.0622959975919	427
34	0.0	0.5	0.0	1.7986767976	-2.9493783691	-0.734414705383	2.14462044878	-3.04044290968	0.00889988019902	428
34	0.0	0.75	0.0	1.18697515125	-3.02079579356	-0.728120458981	1.48502192301	-3.21689022064	-0.0370334402325	429
34	0.0	1.0	0.0	0.607416861	-3.074219979	-0.724867979	0.838766658697	-3.3719758132	-0.0563218972992	430
34	0.25	0.0	0.0	2.93398762386	-2.60710054203	-0.438022281456	3.30100036846	-2.43286464216	0.591089004964	431
34	0.25	0.25	0.0	2.38145596198	-2.75570587352	-0.379895152127	2.75162129786	-2.70012124709	0.601248024989	432
34	0.25	0.5	0.0	1.76179847277	-2.85427964213	-0.310468317669	2.11043990287	-2.91960422626	0.602103836475	433
34	0.25	0.75	0.0	1.13338430506	-2.9105696341	-0.246897977119	1.43364041735	-3.09363295536	0.601665759502	434
34	0.25	1.0	0.0	0.55458260765	-2.93232363568	-0.206340329516	0.777407075164	-3.22452681011	0.607943114153	435
34	0.5	0.0	0.0	2.89055669351	-2.24722161552	-0.246531824877	3.2070029924	-2.03236661684	0.934706929884	436
34	0.5	0.25	0.0	2.31028618431	-2.42740718586	-0.119392673779	2.66207033605	-2.32454827788	1.02495764282	437
34	0.5	0.5	0.0	1.68514276146	-2.56697853201	0.050071253123	2.03053050538	-2.58931793564	1.12045559723	438
34	0.5	0.75	0.0	1.06105080517	-2.65922301397	0.212935706736	1.35990925983	-2.80241040283	1.20775940841	439
34	0.5	1.0	0.0	0.48393469564	-2.69742799173	0.320276437963	0.697732358837	-2.93956049215	1.27342769166	440
34	0.75	0.0	0.0	2.82804494365	-1.77437753101	-0.122279425109	3.08253041938	-1.53421456076	1.16550315629	441
34	0.75	0.25	0.0	2.2152768159	-1.9813673544	0.0707207211762	2.53458616116	-1.83395574322	1.33887022299	442
34	0.75	0.5	0.0	1.59309229477	-2.159730169	0.337933553747	1.92201280709	-2.12736544269	1.53716899902	443
34	0.75	0.75	0.0	0.982702669623	-2.29356854752	0.601659212533	1.27105327895	-2.37340953618	1.72446492204	444
34	0.75	1.0	0.0	0.40531922981	-2.36698506267	0.784197837461	0.607950498529	-2.53105390068	1.86482342972	445
34	1.0	0.0	0.0	2.758473719	-1.331746146	0.004657077	2.96402071397	-1.0938509979	1.31415422015	446
34	1.0	0.25	0.0	2.12574064776	-1.53431392845	0.226045151217	2.39878628419	-1.35718366859	1.54843113739	447
34	1.0	0.5	0.0	1.51002970381	-1.70478968335	0.543848130958	1.80200735878	-1.61152815229	1.8254578784	448
34	1.0	0.75	0.0	0.911067916456	-1.84041884907	0.869551160221	1.17429730323	-1.83681732859	2.09499971595	449
34	1.0	1.0	0.0	0.328582315	-1.938446864	1.114639383	0.516269483055	-2.01298407709	2.30682192282	450
35	0.0	0.0	0.0	4.844839995	-0.517931347	-0.365454566	5.02195690156	-0.209724690601	0.78232722062	451
35	0.0	0.25	0.0	4.29232354556	-0.678541291472	-0.325226304672	4.45397559072	-0.352995097716	0.876624892971	452
35	0.0	0.5	0.0	3.77736988319	-0.894469914241	-0.23571197731	3.92558509709	-0.58424670632	1.00403916792	453
35	0.0	0.75	0.0	3.27455970772	-1.12558295314	-0.118541033543	3.43089645879	-0.84926888389	1.1535542191	454
35	0.0	1.0	0.0	2.758473719	-1.331746146	0.004657077	2.96402071397	-1.0938509979	1.31415422015	455
35	0.25	0.0	0.0	4.84069766032	-0.277924193679	-0.152693229998	5.04156376511	-0.0321741743199	0.964995878926	456
35	0.25	0.25	0.0	4.27400782588	-0.398522351335	-0.10747935813	4.47274991712	-0.137266743154	1.0463575498	457
35	0.25	0.5	0.0	3.74004288801	-0.581267309036	-0.048105320643	3.91519345747	-0.320355684888	1.14221666638	458
35	0.25	0.75	0.0	3.22069932211	-0.783232390588	0.0250689310964	3.37988596065	-0.533681471987	1.25690925562	459
35	0.25	1.0	0.0	2.69787360356	-0.961490919797	0.111683445722	2.87781900112	-0.729484576916	1.39477134444	460
35	0.5	0.0	0.0	4.80437722628	-0.138153539213	0.0607602489703	5.00117263674	0.12239964212	1.15430089788	461
35	0.5	0.25	0.0	4.24586794031	-0.182632788965	0.0977958802063	4.4431568694	0.0741211601168	1.21710577862	462
35	0.5	0.5	0.0	3.69869638839	-0.296685373532	0.112518620652	3.87694843825	-0.040618782135	1.27186036693	463
35	0.5	0.75	0.0	3.1634432314	-0.437141185224	0.124695529839	3.3244627186	-0.182565168644	1.33222023858	464
35	0.5	1.0	0.0	2.6406891302	-0.560830116346	0.154093667298	2.80761508578	-0.312462983418	1.41184096932	465
35	0.75	0.0	0.0	4.7621414006	0.000272955109945	0.237647125953	4.93625545486	0.322734365283	1.30906063735	466
35	0.75	0.25	0.0	4.21506937293	0.0242820762513	0.248617767844	4.38980360886	0.323313397062	1.3413294377	467
35	0.75	0.5	0.0	3.66197904346	-0.0215435331153	0.206399584831	3.82960523611	0.267923060677	1.3416548361	468
35	0.75	0.75	0.0	3.1152407454	-0.0988044452023	0.151221153573	3.27786313667	0.187882094779	1.33501138383	469
35	0.75	1.0	0.0	2.58722481199	-0.169101232222	0.123311050726	2.7567801106	0.114509238015	1.34637363213	470
35	1.0	0.0	0.0	4.740252891	0.236247628	0.340708656	4.8822841579	0.637567601733	1.38809345717	471
35	1.0	0.25	0.0	4.1887776078	0.277376924925	0.303004662289	4.33729729677	0.652454752645	1.37148838528	472
35	1.0	0.5	0.0	3.63853951235	0.26333878683	0.19377731015	3.79191904775	0.618228902287	1.30028464045	473
35	1.0	0.75	0.0	3.08854117397	0.22028272132	0.075528193186	3.25332361889	0.56146238692	1.22080690725	474
35	1.0	1.0	0.0	2.537785162	0.174358236	0.010758905	2.72868521823	0.508727542805	1.17937987026	475
36	0.0	0.0	0.0	2.758473719	-1.331746146	0.004657077	2.96402071397	-1.0938509979	1.31415422015	476
36	0.0	0.25	0.0	2.12574064776	-1.53431392845	0.226045151217	2.39878628419	-1.35718366859	1.54843113739	477
36	0.0	0.5	0.0	1.51002970381	-1.70478968335	0.543848130958	1.80200735878	-1.61152815229	1.8254578784	478
36	0.0	0.75	0.0	0.911067916456	-1.84041884907	0.869551160221	1.17429730323	-1.83681732859	2.09499971595	479
36	0.0	1.0	0.0	0.328582315	-1.938446864	1.114639383	0.516269483055	-2.01298407709	2.30682192282	480
36	0.25	0.0	0.0	2.69787360356	-0.961490919797	0.111683445722	2.87781900112	-0.729484576916	1.39477134444	481
36	0.25	0.25	0.0	2.07693908178	-1.12996529211	0.303911471781	2.30246704155	-0.929577010892	1.62552301336	482
36	0.25	0.5	0.0	1.46852437125	-1.27217384238	0.597959866341	1.70850858329	-1.11633031035	1.91407073893	483
36	0.25	0.75	0.0	0.876730784267	-1.3916347112	0.909887588412	1.09435930336	-1.2861397298	2.20109293254	484
36	0.25	1.0	0.0	0.305659633167	-1.49186603918	1.155753597	0.458434878768	-1.43540052379	2.42726800557	485
36	0.5	0.0	0.0	2.6406891302	-0.560830116346	0.154093667298	2.80761508578	-0.312462983418	1.41184096932	486
36	0.5	0.25	0.0	2.05278202333	-0.693250359835	0.278501925922	2.24240477336	-0.459461116498	1.57828117886	487
36	0.5	0.5	0.0	1.45569220653	-0.837260306212	0.491891384772	1.64833491278	-0.618554707758	1.80981106753	488
36	0.5	0.75	0.0	0.875149499652	-0.969754522226	0.723268435084	1.04325737277	-0.757743717597	2.04406213798	489
36	0.5	1.0	0.0	0.336883722555	-1.06762757463	0.901639468093	0.445024022045	-0.845028106416	2.21866589288	490
36	0.75	0.0	0.0	2.58722481199	-0.169101232222	0.123311050726	2.7567801106	0.114509238015	1.34637363213	491
36	0.75	0.25	0.0	2.02695743029	-0.266795309379	0.171659011719	2.20777298333	0.00943951499582	1.42814433905	492
36	0.75	0.5	0.0	1.44311826753	-0.40922925599	0.279951046531	1.61858611901	-0.134180415411	1.56949905944	493
36	0.75	0.75	0.0	0.874635650102	-0.549715248289	0.400950338043	1.02270387094	-0.256044712292	1.71909775685	494
36	0.75	1.0	0.0	0.360437904415	-0.641565462512	0.487420069136	0.453610592428	-0.295847534732	1.8256003948	495
36	1.0	0.0	0.0	2.537785162	0.174358236	0.010758905	2.72868521823	0.508727542805	1.17937987026	496
36	1.0	0.25	0.0	1.97315326056	0.106773681495	0.00522522725304	2.18774517516	0.433400383994	1.19655119908	497
36	1.0	0.5	0.0	1.40238761211	0.00273912715659	0.0164472118982	1.61636197372	0.320813495811	1.24995490991	498
36	1.0	0.75	0.0	0.843500823105	-0.10645385551	0.0341899350942	1.03441115734	0.214541865799	1.32139021371	499
36	1.0	1.0	0.0	0.3145055	-0.189513695	0.048218473	0.461768269458	0.158160481503	1.39265632141	500
41	0.0	0.0	0.0	4.740252891	0.236247628	0.340708656	4.8822841579	0.637567601733	1.38809345717	501
41	0.0	0.25	0.0	4.1887776078	0.277376924925	0.303004662289	4.33729729677	0.652454752645	1.37148838528	502
41	0.0	0.5	0.0	3.63853951235	0.26333878683	0.19377731015	3.79191904775	0.618228902287	1.30028464045	503
41	0.0	0.75	0.0	3.08854117397	0.22028272132	0.075528193186	3.25332361889	0.56146238692	1.22080690725	504
41	0.0	1.0	0.0	2.537785162	0.174358236	0.010758905	2.72868521823	0.508727542805	1.17937987026	505
41	0.25	0.0	0.0	4.76105862023	0.394528508945	0.322086409643	4.88397171706	0.857523068771	1.34531064439	506
41	0.25	0.25	0.0	4.19791606044	0.417993981068	0.274795573003	4.33206607558	0.854766556245	1.32042852495	507
41	0.25	0.5	0.0	3.63553968897	0.384799538246	0.161741584763	3.78194584347	0.784780913629	1.24708031159	508
41	0.25	0.75	0.0	3.07661062358	0.324802964129	0.0417820340389	3.2421732613	0.691262611281	1.16677816063	509
41	0.25	1.0	0.0	2.52380998206	0.267862042366	-0.0262254900506	2.72131056962	0.617908119557	1.12103422837	510
41	0.5	0.0	0.0	4.8097332522	0.502931577249	0.227133033186	4.91495182964	1.04139609298	1.2171667496	511
41	0.5	0.25	0.0	4.23745546164	0.524397714424	0.196001644966	4.3547149073	1.03284178383	1.20681337067	512
41	0.5	0.5	0.0	3.64526318706	0.494457387943	0.108893717138	3.78404451643	0.945481063125	1.1613241471	513
41	0.5	0.75	0.0	3.06072389494	0.435792502655	0.00988307712543	3.22809583886	0.829917675892	1.10548610561	514
41	0.5	1.0	0.0	2.51140505176	0.371084963411	-0.056956447647	2.7120240564	0.736755367162	1.06408627293	515
41	0.75	0.0	0.0	4.86023203806	0.594605876679	0.0957788603854	4.94682564718	1.19977040153	1.0543081084	516
41	0.75	0.25	0.0	4.28113731381	0.614852600942	0.0863704449481	4.37975153934	1.18894191916	1.06292899896	517
41	0.75	0.5	0.0	3.66153772073	0.597864493123	0.0354145899398	3.79201920431	1.09799777346	1.05088040392	518
41	0.75	0.75	0.0	3.05240054462	0.550078107474	-0.0327351181095	3.22169455817	0.97318860698	1.0258489086	519
41	0.75	1.0	0.0	2.50469307134	0.47792999825	-0.0937250926698	2.706843517	0.860765062281	0.995521098342	520
41	1.0	0.0	0.0	4.886510229	0.702700451	-0.032045775	4.95119432118	1.34322972159	0.907381056395	521
41	1.0	0.25	0.0	4.30270311935	0.707623116574	-0.0343504602764	4.3816837191	1.32532844598	0.921061486344	522
41	1.0	0.5	0.0	3.67819100404	0.70057301099	-0.058514914165	3.7996740448	1.2399994673	0.923613339033	523
41	1.0	0.75	0.0	3.06316012922	0.664486549161	-0.0986389922211	3.23357262584	1.11683643077	0.916784736055	524
41	1.0	1.0	0.0	2.507796741	0.582300146	-0.14882255	2.7117867898	0.985432981577	0.902323799007	525
42	0.0	0.0	0.0	2.537785162	0.174358236	0.010758905	2.72868521823	0.508727542805	1.17937987026	526
42	0.0	0.25	0.0	1.97315326056	0.106773681495	0.00522522725304	2.18774517516	0.433400383994	1.19655119908	527
42	0.0	0.5	0.0	1.40238761211	0.00273912715659	0.0164472118982	1.61636197372	0.320813495811	1.24995490991	528
42	0.0	0.75	0.0	0.843500823105	-0.10645385551	0.0341899350942	1.03441115734	0.214541865799	1.32139021371	529
42	0.0	1.0	0.0	0.3145055	-0.189513695	0.048218473	0.461768269458	0.158160481503	1.39265632141	530
42	0.25	0.0	0.0	2.52380998206	0.267862042366	-0.0262254900506	2.72131056962	0.617908119557	1.12103422837	531
42	0.25	0.25	0.0	1.95962774629	0.198365791014	-0.0463230636432	2.18801692716	0.541916207777	1.12627345202	532
42	0.25	0.5	0.0	1.38363341077	0.100875921945	-0.060073157369	1.62245456404	0.43583341314	1.1646239154	533
42	0.25	0.75	0.0	0.816899604376	0.00527126478535	-0.0647836931716	1.04386201567	0.33612961497	1.2263326799	534
42	0.25	1.0	0.0	0.280498955946	-0.0585693508386	-0.057762592995	0.471477817477	0.279274692588	1.30164680692	535
42	0.5	0.0	0.0	2.51140505176	0.371084963411	-0.056956447647	2.7120240564	0.736755367162	1.06408627293	536
42	0.5	0.25	0.0	1.95744235618	0.285144754724	-0.0953210693565	2.19325391621	0.646897279153	1.06114802673	537
42	0.5	0.5	0.0	1.36632620351	0.175040754454	-0.130812212157	1.62952969519	0.533710308964	1.097019299	538
42	0.5	0.75	0.0	0.781231399093	0.0831989954176	-0.151076377663	1.05106883118	0.437989182243	1.16184650846	539
42	0.5	1.0	0.0	0.245332748249	0.0520455104313	-0.143760067487	0.488088762035	0.400528624639	1.2457760738	540
42	0.75	0.0	0.0	2.50469307134	0.47792999825	-0.0937250926698	2.706843517	0.860765062281	0.995521098342	541
42	0.75	0.25	0.0	1.95923660607	0.375551941483	-0.149689893504	2.1974102563	0.754171616311	0.987635300326	542
42	0.75	0.5	0.0	1.35357266412	0.260122694923	-0.207174813115	1.63291030461	0.638280721068	1.01877917484	543
42	0.75	0.75	0.0	0.750615942556	0.175980440273	-0.246335096957	1.0519830745	0.550187117591	1.08120653649	544
42	0.75	1.0	0.0	0.213281138427	0.167463359236	-0.247325990486	0.493267978551	0.526985546922	1.16717119988	545
42	1.0	0.0	0.0	2.507796741	0.582300146	-0.14882255	2.7117867898	0.985432981577	0.902323799007	546
42	1.0	0.25	0.0	1.9576500118	0.478028720146	-0.217350639702	2.1944400614	0.869567237439	0.892195649951	547
42	1.0	0.5	0.0	1.34847946641	0.391010813591	-0.300565820888	1.62791932973	0.773381187238	0.901541657016	548
42	1.0	0.75	0.0	0.739172970066	0.33226670324	-0.37220682963	1.04255621626	0.702789970987	0.937687601064	549
42	1.0	1.0	0.0	0.188618388	0.312816666	-0.406012402	0.468682342443	0.663708728699	1.00795926296	550
43	0.0	0.0	0.0	4.886510229	0.702700451	-0.032045775	4.95119432118	1.34322972159	0.907381056395	551
43	0.0	0.25	0.0	4.30270311935	0.707623116574	-0.0343504602764	4.3816837191	1.32532844598	0.921061486344	552
43	0.0	0.5	0.0	3.67819100404	0.70057301099	-0.058514914165	3.7996740448	1.2399994673	0.923613339033	553
43	0.0	0.75	0.0	3.06316012922	0.664486549161	-0.0986389922211	3.23357262584	1.11683643077	0.916784736055	554
43	0.0	1.0	0.0	2.507796741	0.582300146	-0.14882255	2.7117867898	0.985432981577	0.902323799007	555
43	0.25	0.0	0.0	4.89277803882	0.815530781697	-0.145204011085	4.94448003742	1.47561923329	0.775144451409	556
43	0.25	0.25	0.0	4.3068851797	0.81179824691	-0.156136631901	4.37791823201	1.45834981077	0.771609383492	557
43	0.25	0.5	0.0	3.69451013752	0.820901948753	-0.177311902977	3.81208560014	1.39334414382	0.753547540129	558
43	0.25	0.75	0.0	3.08980738436	0.803581071153	-0.207377040063	3.25911988361	1.28835597792	0.736548710391	559
43	0.25	1.0	0.0	2.52693139228	0.720574798041	-0.244979258912	2.73115882423	1.15113905859	0.736202683351	560
43	0.5	0.0	0.0	4.89935609188	0.911301245467	-0.272578495014	4.95207341882	1.6025916264	0.610488165607	561
43	0.5	0.25	0.0	4.30914576869	0.908017545013	-0.288041179802	4.38587749989	1.58627330373	0.591274336496	562
43	0.5	0.5	0.0	3.70059856404	0.920195453968	-0.305866515379	3.81908159376	1.52192700917	0.560546219199	563
43	0.5	0.75	0.0	3.10509068787	0.910549875468	-0.325342853448	3.26900720062	1.42094717331	0.539610527772	564
43	0.5	1.0	0.0	2.55399835013	0.841795712651	-0.345758545711	2.75297582067	1.29472822672	0.549773976272	565
43	0.75	0.0	0.0	4.90296873275	0.975576584504	-0.405568074935	4.96382652446	1.70192505471	0.426329903474	566
43	0.75	0.25	0.0	4.31040037004	0.978716895451	-0.425321068539	4.3979037145	1.691399667	0.392557530241	567
43	0.75	0.5	0.0	3.70464037373	0.990658379839	-0.441601607339	3.82689339851	1.62262151789	0.355242213654	568
43	0.75	0.75	0.0	3.11809769021	0.984434424231	-0.453146208866	3.27678806464	1.52004615105	0.333491571417	569
43	0.75	1.0	0.0	2.58318126592	0.933078415186	-0.458691390653	2.77358020104	1.4081291102	0.346413221236	570
43	1.0	0.0	0.0	4.900340306	0.993921541	-0.535571599	4.96959141342	1.75139767199	0.235587369496	571
43	1.0	0.25	0.0	4.31156446749	1.00633218279	-0.563233262675	4.40633906759	1.75602964278	0.18796014961	572
43	1.0	0.5	0.0	3.71481965671	1.02449557957	-0.581940034822	3.84175238722	1.69230112448	0.148268360903	573
43	1.0	0.75	0.0	3.13791604182	1.02427617957	-0.591396882808	3.29601596341	1.59108904526	0.125713224543	574
43	1.0	1.0	0.0	2.608663791	0.981538431	-0.591308774	2.78931438727	1.48327033326	0.129495961703	575
44	0.0	0.0	0.0	2.507796741	0.582300146	-0.14882255	2.7117867898	0.985432981577	0.902323799007	576
44	0.0	0.25	0.0	1.9576500118	0.478028720146	-0.217350639702	2.1944400614	0.869567237439	0.892195649951	577
44	0.0	0.5	0.0	1.34847946641	0.391010813591	-0.300565820888	1.62791932973	0.773381187238	0.901541657016	578
44	0.0	0.75	0.0	0.739172970066	0.33226670324	-0.37220682963	1.04255621626	0.702789970987	0.937687601064	579
44	0.0	1.0	0.0	0.188618388	0.312816666	-0.406012402	0.468682342443	0.663708728699	1.00795926296	580
44	0.25	0.0	0.0	2.52693139228	0.720574798041	-0.244979258912	2.73115882423	1.15113905859	0.736202683351	581
44	0.25	0.25	0.0	1.96556327317	0.633515902013	-0.306877095675	2.19690387865	1.03803262078	0.736331205814	582
44	0.25	0.5	0.0	1.3605332237	0.60140329101	-0.394728033599	1.62077562567	0.974984423691	0.727225318687	583
44	0.25	0.75	0.0	0.750133949739	0.585205631845	-0.482451309776	1.02014943037	0.928737381591	0.735040990293	584
44	0.25	1.0	0.0	0.172658157147	0.545891591334	-0.543966161297	0.412400657824	0.866034408744	0.785934188952	585
44	0.5	0.0	0.0	2.55399835013	0.841795712651	-0.345758545711	2.75297582067	1.29472822672	0.549773976272	586
44	0.5	0.25	0.0	1.99536942809	0.781354692481	-0.38188404387	2.21711445314	1.19780574299	0.56584208616	587
44	0.5	0.5	0.0	1.39039330227	0.786536389058	-0.438192302461	1.62379	1.15368860715	0.565195803439	588
44	0.5	0.75	0.0	0.77220573439	0.804277524401	-0.496982943957	0.998801347831	1.12570422963	0.575701089951	589
44	0.5	1.0	0.0	0.173942486185	0.78151482053	-0.540555590835	0.367947383196	1.07718002083	0.625223907537	590
44	0.75	0.0	0.0	2.58318126592	0.933078415186	-0.458691390653	2.77358020104	1.4081291102	0.346413221236	591
44	0.75	0.25	0.0	2.03002014717	0.897539727961	-0.469199738237	2.23735677347	1.3287917814	0.369667418488	592
44	0.75	0.5	0.0	1.42316542781	0.92656097138	-0.49118652615	1.62757861352	1.29512982024	0.378495250881	593
44	0.75	0.75	0.0	0.798299004935	0.968741470708	-0.515709588765	0.984087670222	1.27971353273	0.395400869495	594
44	0.75	1.0	0.0	0.19110277563	0.97268055121	-0.533826760455	0.346725892638	1.2551132249	0.442888425411	595
44	1.0	0.0	0.0	2.608663791	0.981538431	-0.591308774	2.78931438727	1.48327033326	0.129495961703	596
44	1.0	0.25	0.0	2.05246710102	0.958065644866	-0.595652432728	2.23991582828	1.41089591335	0.136746330299	597
44	1.0	0.5	0.0	1.44395532604	1.00162790162	-0.613938603345	1.62275762702	1.38494414554	0.130165800624	598
44	1.0	0.75	0.0	0.821324442291	1.05785656056	-0.638539100789	0.981584099116	1.3767883085	0.129873298381	599
44	1.0	1.0	0.0	0.222770426	1.072382981	-0.66182574	0.360139560227	1.35780168091	0.155987749272	600
49	0.0	0.0	0.0	6.540369552	-0.215200002	-0.541984	6.64323222422	0.428605991871	0.19596223538	601
49	0.0	0.25	0.0	6.3764688322	0.286226336365	-0.506273205527	6.47048866126	0.995726671357	0.242395575083	602
49	0.0	0.5	0.0	5.98929153054	0.666656089319	-0.49752337543	6.06577232394	1.39444614089	0.267300071399	603
49	0.0	0.75	0.0	5.46764592811	0.908438182364	-0.509400757368	5.53137573406	1.64094345595	0.266441933235	604
49	0.0	1.0	0.0	4.900340306	0.993921541	-0.535571599	4.96959141342	1.75139767199	0.235587369496	605
49	0.25	0.0	0.0	6.54096064544	-0.215052222641	-0.556025482802	6.65182796027	0.428533073384	0.178934789352	606
49	0.25	0.25	0.0	6.37385668596	0.277075529203	-0.590157858656	6.47732831969	0.981332151211	0.128981597426	607
49	0.25	0.5	0.0	5.98079871618	0.641411871401	-0.619205374278	6.06990487538	1.37353796715	0.098988819399	608
49	0.25	0.75	0.0	5.45671809	0.868092735097	-0.649392823809	5.53622133443	1.62125417198	0.0669912528581	609
49	0.25	1.0	0.0	4.8965461613	0.947254051434	-0.686945001388	4.9829414039	1.7405844165	0.0110236953898	610
49	0.5	0.0	0.0	6.542261051	-0.217204876373	-0.569877523235	6.67073857958	0.425894884394	0.158513629824	611
49	0.5	0.25	0.0	6.3703026107	0.25011577749	-0.673654946832	6.49157764616	0.944263585992	0.0236063384587	612
49	0.5	0.5	0.0	5.96896923638	0.58840976023	-0.743824047263	6.07736339722	1.32418595524	-0.0584792679745	613
49	0.5	0.75	0.0	5.4437430407	0.792410300427	-0.794919900266	5.54666785252	1.56930866283	-0.12250706694	614
49	0.5	1.0	0.0	4.90010613631	0.856850626663	-0.841477581574	5.01806303185	1.68327837947	-0.203240935904	615
49	0.75	0.0	0.0	6.54356145656	-0.221575591667	-0.5831970523	6.68964919889	0.42103863384	0.138624981664	616
49	0.75	0.25	0.0	6.36725215455	0.214382290764	-0.756467089134	6.50847165241	0.894908660766	-0.0737217821434	617
49	0.75	0.5	0.0	5.95892645159	0.528492787617	-0.872376290571	6.09293244404	1.26073779393	-0.207725979916	618
49	0.75	0.75	0.0	5.43413725239	0.713624353572	-0.950118563666	5.56967132047	1.50265544357	-0.306044441036	619
49	0.75	1.0	0.0	4.90843746166	0.762645443311	-1.00888781547	5.06532802838	1.60479101992	-0.411333994881	620
49	1.0	0.0	0.0	6.54415255	-0.228081997	-0.595641001	6.69824493494	0.414311530662	0.123195069739	621
49	1.0	0.25	0.0	6.36615086565	0.178910278563	-0.838296904644	6.52324535021	0.843655060597	-0.162994344704	622
49	1.0	0.5	0.0	5.95579372225	0.482503985374	-1.00585900039	6.12139657048	1.197541172	-0.351373105622	623
49	1.0	0.75	0.0	5.43331719722	0.663968369747	-1.11912539093	5.61218777039	1.43884302928	-0.487612284303	624
49	1.0	1.0	0.0	4.918957368	0.704572678	-1.198894179	5.11510812458	1.53043379687	-0.617382952035	625
50	0.0	0.0	0.0	6.54415255	-0.228081997	-0.595641001	6.69824493494	0.414311530662	0.123195069739	626
50	0.0	0.25	0.0	6.36615086565	0.178910278563	-0.838296904644	6.52324535021	0.843655060597	-0.162994344704	627
50	0.0	0.5	0.0	5.95579372225	0.482503985374	-1.00585900039	6.12139657048	1.197541172	-0.351373105622	628
50	0.0	0.75	0.0	5.43331719722	0.663968369747	-1.11912539093	5.61218777039	1.43884302928	-0.487612284303	629
50	0.0	1.0	0.0	4.918957368	0.704572678	-1.198894179	5.11510812458	1.53043379687	-0.617382952035	630
50	0.25	0.0	0.0	6.54861503656	-0.237266736608	-0.608147712495	6.70870203099	0.401824295136	0.107991090967	631
50	0.25	0.25	0.0	6.37114217313	0.143977284877	-0.924574313356	6.54030272222	0.791931509125	-0.260636303094	632
50	0.25	0.5	0.0	5.96145772546	0.452945129234	-1.13734314037	6.15131659935	1.14231496616	-0.499916355539	633
50	0.25	0.75	0.0	5.43632341033	0.655284823475	-1.27865180127	5.64872187042	1.39845625218	-0.665819621971	634
50	0.25	1.0	0.0	4.91250094454	0.716644394616	-1.38069790377	5.13949674348	1.5058369531	-0.814316657993	635
50	0.5	0.0	0.0	6.558432507	-0.247404541577	-0.617805531567	6.73170764231	0.384420999147	0.0923992838847	636
50	0.5	0.25	0.0	6.38152117047	0.107602614106	-1.00410124115	6.56410779776	0.739029857141	-0.362132367853	637
50	0.5	0.5	0.0	5.97079217413	0.424907140868	-1.25890144922	6.17562342512	1.0883203902	-0.656100906606	638
50	0.5	0.75	0.0	5.43510938939	0.659059252142	-1.42696980725	5.66658361739	1.3676235983	-0.854816432129	639
50	0.5	1.0	0.0	4.88333668767	0.764609161363	-1.55306996672	5.13731746758	1.51227048143	-1.02358904418	640
50	0.75	0.0	0.0	6.56824997744	-0.259280075007	-0.625223085355	6.75471325363	0.365279974698	0.079047742086	641
50	0.75	0.25	0.0	6.39124875888	0.0586617938419	-1.07235721975	6.58586970118	0.670381321068	-0.458174277284	642
50	0.75	0.5	0.0	5.97764378985	0.38100871172	-1.36453316717	6.19346461685	1.01554025932	-0.806034789171	643
50	0.75	0.75	0.0	5.42864576243	0.646746248843	-1.55630874592	5.67379902222	1.31917017243	-1.03703022045	644
50	0.75	1.0	0.0	4.84546536873	0.794859975429	-1.70224177431	5.12317393889	1.49968444339	-1.22365699799	645
50	1.0	0.0	0.0	6.572712464	-0.273678	-0.631009001	6.76517034968	0.347579553787	0.070564559164	646
50	1.0	0.25	0.0	6.39428583958	-0.0139696483214	-1.12482178085	6.59679755681	0.571417117327	-0.539453769687	647
50	1.0	0.5	0.0	5.97585929421	0.303868533236	-1.44823753443	6.20398774359	0.903957388729	-0.93582603358	648
50	1.0	0.75	0.0	5.41590315749	0.589800406675	-1.6588979543	5.67839409586	1.22592107935	-1.1948884926	649
50	1.0	1.0	0.0	4.812887759	0.753789834	-1.814444733	5.11166979944	1.41802890054	-1.39297740684	650
53	0.0	0.0	0.0	6.572712464	-0.273678	-0.631009001	6.76517034968	0.347579553787	0.070564559164	651
53	0.0	0.25	0.0	6.39428583958	-0.0139696483214	-1.12482178085	6.59679755681	0.571417117327	-0.539453769687	652
53	0.0	0.5	0.0	5.97585929421	0.303868533236	-1.44823753443	6.20398774359	0.903957388729	-0.93582603358	653
53	0.0	0.75	0.0	5.41590315749	0.589800406675	-1.6588979543	5.67839409586	1.22592107935	-1.1948884926	654
53	0.0	1.0	0.0	4.812887759	0.753789834	-1.814444733	5.11166979944	1.41802890054	-1.39297740684	655
53	0.25	0.0	0.0	6.56550890478	-0.296710726411	-0.635976792491	6.76598597344	0.326854086145	0.0615200575693	656
53	0.25	0.25	0.0	6.3825037743	-0.159172796776	-1.16078954851	6.59859089874	0.373748155729	-0.604619271495	657
53	0.25	0.5	0.0	5.95464075963	0.0985469997891	-1.51626758898	6.20724986203	0.620686290788	-1.07559865943	658
53	0.25	0.75	0.0	5.38813971289	0.354759237998	-1.74975657744	5.68272043139	0.902653498584	-1.39867556462	659
53	0.25	1.0	0.0	4.78922048623	0.487774492566	-1.90860217742	5.1157601749	1.05463478638	-1.62110744545	660
53	0.5	0.0	0.0	6.5496610745	-0.317581662622	-0.634900552622	6.7677803457	0.311059119229	0.0536275352099	661
53	0.5	0.25	0.0	6.36312026987	-0.30669473038	-1.1335187409	6.59643438682	0.1782943218	-0.573305465847	662
53	0.5	0.5	0.0	5.93077103879	-0.146388362096	-1.47773049085	6.19951421594	0.292388006175	-1.07641774404	663
53	0.5	0.75	0.0	5.37186573916	0.0419113809825	-1.70641901046	5.68103897544	0.485630735909	-1.45274689518	664
53	0.5	1.0	0.0	4.8056567289	0.136778437607	-1.85846750772	5.14502780768	0.590313074553	-1.69933051503	665
53	0.75	0.0	0.0	6.53381324422	-0.337163517771	-0.627599536192	6.76957471797	0.296553233373	0.0519597894114	666
53	0.75	0.25	0.0	6.34546126175	-0.447021512175	-1.06433107874	6.59557033526	0.00969772736149	-0.471655649984	667
53	0.75	0.5	0.0	5.91221274094	-0.391643304183	-1.37654512401	6.19645754837	-0.0166419563156	-0.97009445071	668
53	0.75	0.75	0.0	5.36449279612	-0.282255886831	-1.59033924124	5.68930087359	0.0692392538955	-1.38337842458	669
53	0.75	1.0	0.0	4.83272654162	-0.230086253155	-1.73181099965	5.19116482721	0.119046429548	-1.65152938341	670
53	1.0	0.0	0.0	6.526609685	-0.356329001	-0.613892998	6.77039034173	0.279695008914	0.0615896174994	671
53	1.0	0.25	0.0	6.33885268542	-0.570639205202	-0.974548282705	6.60124105827	-0.107399515764	-0.325813121145	672
53	1.0	0.5	0.0	5.90692847535	-0.597923578235	-1.25663037243	6.21375660235	-0.242108087891	-0.78843994271	673
53	1.0	0.75	0.0	5.36343244361	-0.5512552879	-1.46297125769	5.72345727142	-0.252134484885	-1.21684609315	674
53	1.0	1.0	0.0	4.840959979	-0.543707502	-1.596402929	5.24586336291	-0.265182484161	-1.50158681842	675
54	0.0	0.0	0.0	6.526609685	-0.356329001	-0.613892998	6.77039034173	0.279695008914	0.0615896174994	676
54	0.0	0.25	0.0	6.33885268542	-0.570639205202	-0.974548282705	6.60124105827	-0.107399515764	-0.325813121145	677
54	0.0	0.5	0.0	5.90692847535	-0.597923578235	-1.25663037243	6.21375660235	-0.242108087891	-0.78843994271	678
54	0.0	0.75	0.0	5.36343244361	-0.5512552879	-1.46297125769	5.72345727142	-0.252134484885	-1.21684609315	679
54	0.0	1.0	0.0	4.840959979	-0.543707502	-1.596402929	5.24586336291	-0.265182484161	-1.50158681842	680
54	0.25	0.0	0.0	6.52575384813	-0.369242982347	-0.599479870232	6.76986148787	0.258820770976	0.084261772993	681
54	0.25	0.25	0.0	6.3444929245	-0.6671881324	-0.890871089164	6.61133993318	-0.181933409781	-0.186971155899	682
54	0.25	0.5	0.0	5.92611208518	-0.786967270094	-1.14201443053	6.2465045592	-0.419950587777	-0.568009960874	683
54	0.25	0.75	0.0	5.39532558042	-0.828205190796	-1.33754396299	5.77806065403	-0.542880695174	-0.946185145117	684
54	0.25	1.0	0.0	4.8768476605	-0.890526689871	-1.46209375522	5.30871350578	-0.638373664133	-1.20882721181	685
54	0.5	0.0	0.0	6.523871007	-0.3785720605	-0.582545652599	6.76869800939	0.231979128323	0.119365851621	686
54	0.5	0.25	0.0	6.35386724921	-0.752696006947	-0.792113617562	6.61776292529	-0.244643993031	-0.0352499497745	687
54	0.5	0.5	0.0	5.96197697363	-0.979532750909	-1.00207126142	6.27025703658	-0.588394042695	-0.30276571434	688
54	0.5	0.75	0.0	5.46299747224	-1.12884972243	-1.18101521178	5.8217451839	-0.831629810744	-0.587233418901	689
54	0.5	1.0	0.0	4.97172603701	-1.27041435154	-1.29754209628	5.36779220788	-1.00671008725	-0.792705040286	690
54	0.75	0.0	0.0	6.52198816588	-0.383949858653	-0.563974758167	6.7675345309	0.20908876567	0.156106607049	691
54	0.75	0.25	0.0	6.36201333342	-0.80767370979	-0.680490463633	6.61938461241	-0.280990318295	0.12513802753	692
54	0.75	0.5	0.0	5.99486325738	-1.11567817702	-0.832698228203	6.28000922915	-0.69522317343	-0.0134560104038	693
54	0.75	0.75	0.0	5.52838126206	-1.35081530895	-0.978793166824	5.84570163177	-1.02340417496	-0.185040412255	694
54	0.75	1.0	0.0	5.07041067177	-1.55593715418	-1.07697039444	5.41275507091	-1.2553276981	-0.314980083528	695
54	1.0	0.0	0.0	6.521132329	-0.38501	-0.5446516	6.76700567704	0.200068367733	0.183688792942	696
54	1.0	0.25	0.0	6.36396885104	-0.812632121876	-0.558216223111	6.61507957232	-0.276431438357	0.289980306316	697
54	1.0	0.5	0.0	6.00511105312	-1.13546170476	-0.629792693994	6.27075633153	-0.68822270077	0.279170343637	698
54	1.0	0.75	0.0	5.55341009289	-1.39172837651	-0.716285990879	5.84112076837	-1.02322613118	0.215344377068	699
54	1.0	1.0	0.0	5.117717128	-1.619661765	-0.774601092	5.43325769658	-1.26936244124	0.162587878775	700
57	0.0	0.0	0.0	6.521132329	-0.38501	-0.5446516	6.76700567704	0.200068367733	0.183688792942	701
57	0.0	0.25	0.0	6.36396885104	-0.812632121876	-0.558216223111	6.61507957232	-0.276431438357	0.289980306316	702
57	0.0	0.5	0.0	6.00511105312	-1.13546170476	-0.629792693994	6.27075633153	-0.68822270077	0.279170343637	703
57	0.0	0.75	0.0	5.55341009289	-1.39172837651	-0.716285990879	5.84112076837	-1.02322613118	0.215344377068	704
57	0.0	1.0	0.0	5.117717128	-1.619661765	-0.774601092	5.43325769658	-1.26936244124	0.162587878775	705
57	0.25	0.0	0.0	6.52048862259	-0.381732291189	-0.526259639341	6.76091796274	0.202290473915	0.207223524625	706
57	0.25	0.25	0.0	6.3559604784	-0.774058730018	-0.458866124377	6.5981775453	-0.232379798624	0.415776498807	707
57	0.25	0.5	0.0	5.98061969267	-1.05519872185	-0.484724343362	6.22957621491	-0.586496107183	0.471931111524	708
57	0.25	0.75	0.0	5.5130876508	-1.27340030564	-0.546422236657	5.77579976954	-0.867628849794	0.454350330733	709
57	0.25	1.0	0.0	5.07198573821	-1.47691152034	-0.586547744624	5.35753400717	-1.08334842449	0.441697124393	710
57	0.5	0.0	0.0	6.5190724685	-0.37453492969	-0.509023992051	6.74752499128	0.207165509631	0.235773268168	711
57	0.5	0.25	0.0	6.34248705641	-0.708586915484	-0.384885629179	6.57036775138	-0.15782126665	0.501819549312	712
57	0.5	0.5	0.0	5.93827581127	-0.921178935227	-0.40629910331	6.164720607	-0.435014538769	0.578474211198	713
57	0.5	0.75	0.0	5.43726373414	-1.07274565663	-0.486674360545	5.6618279355	-0.644374625415	0.566949035302	714
57	0.5	1.0	0.0	4.9702758261	-1.22372174739	-0.539421346987	5.19293411424	-0.805861845274	0.568455803099	715
57	0.75	0.0	0.0	6.51765631441	-0.363839353346	-0.493711498486	6.73413201981	0.215538760191	0.262399857987	716
57	0.75	0.25	0.0	6.33230330896	-0.619937768003	-0.320985114563	6.5465009814	-0.0608482750794	0.570444347433	717
57	0.75	0.5	0.0	5.90532002759	-0.740889441121	-0.34164095473	6.11198163064	-0.254525251497	0.656739683913	718
57	0.75	0.75	0.0	5.37360763144	-0.805623576698	-0.441803739743	5.56642217294	-0.390858943714	0.64206898171	719
57	0.75	1.0	0.0	4.87406728169	-0.893069378736	-0.507598190357	5.04567081372	-0.49521612638	0.647215355104	720
57	1.0	0.0	0.0	6.517012608	-0.350067	-0.481088999	6.72804430551	0.228255510908	0.280165128497	721
57	1.0	0.25	0.0	6.33416395991	-0.511832377307	-0.251874957572	6.54142802623	0.050446743439	0.643985782773	722
57	1.0	0.5	0.0	5.90899296027	-0.521817335756	-0.237873878513	6.10715140867	-0.0657755013373	0.764667570922	723
57	1.0	0.75	0.0	5.36978863123	-0.487893213078	-0.316571751447	5.55679938855	-0.144477290368	0.768638660888	724
57	1.0	1.0	0.0	4.844839995	-0.517931347	-0.365454566	5.02195690156	-0.209724690601	0.78232722062	725
58	0.0	0.0	0.0	6.517012608	-0.350067	-0.481088999	6.72804430551	0.228255510908	0.280165128497	726
58	0.0	0.25	0.0	6.33416395991	-0.511832377307	-0.251874957572	6.54142802623	0.050446743439	0.643985782773	727
58	0.0	0.5	0.0	5.90899296027	-0.521817335756	-0.237873878513	6.10715140867	-0.0657755013373	0.764667570922	728
58	0.0	0.75	0.0	5.36978863123	-0.487893213078	-0.316571751447	5.55679938855	-0.144477290368	0.768638660888	729
58	0.0	1.0	0.0	4.844839995	-0.517931347	-0.365454566	5.02195690156	-0.209724690601	0.78232722062	730
58	0.25	0.0	0.0	6.51897359066	-0.333726043788	-0.471780414133	6.71933262845	0.253054740453	0.291524338559	731
58	0.25	0.25	0.0	6.33878651091	-0.418637154232	-0.178718908415	6.53645239848	0.145063133072	0.719372745557	732
58	0.25	0.5	0.0	5.91814203345	-0.369641421862	-0.107130343624	6.1113615929	0.067177768863	0.893733270375	733
58	0.25	0.75	0.0	5.37834435201	-0.288737537928	-0.138095018055	5.57081408926	0.0109236617554	0.935357214376	734
58	0.25	1.0	0.0	4.84069766032	-0.277924193679	-0.152693229998	5.04156376511	-0.0321741743199	0.964995878926	735
58	0.5	0.0	0.0	6.5232877525	-0.315961495675	-0.466328050957	6.70016693892	0.289427489899	0.301488077163	736
58	0.5	0.25	0.0	6.33796476822	-0.339741779556	-0.111815590267	6.51536799943	0.226173283324	0.782161218369	737
58	0.5	0.5	0.0	5.90646474634	-0.277565101426	0.0222330912823	6.08640107087	0.171620367889	1.01532785232	738
58	0.5	0.75	0.0	5.35364859599	-0.190134631304	0.0437732766939	5.5395685008	0.134214051515	1.10477780387	739
58	0.5	1.0	0.0	4.80437722628	-0.138153539213	0.0607602489703	5.00117263674	0.12239964212	1.15430089788	740
58	0.75	0.0	0.0	6.52760191434	-0.297437199474	-0.464858412052	6.68100124939	0.326559987433	0.307469091495	741
58	0.75	0.25	0.0	6.33669849504	-0.252399899435	-0.0627764214045	6.49214219379	0.322473190248	0.825147086773	742
58	0.75	0.5	0.0	5.89315393116	-0.174548999058	0.129825529616	6.05373112937	0.308088772992	1.11131787328	743
58	0.75	0.75	0.0	5.32546823043	-0.0837146602436	0.200711894303	5.49276867633	0.301983557419	1.24596215536	744
58	0.75	1.0	0.0	4.7621414006	0.000272955109945	0.237647125953	4.93625545486	0.322734365283	1.30906063735	745
58	1.0	0.0	0.0	6.529562897	-0.278816999	-0.467498	6.67228957233	0.353638461241	0.306880128742	746
58	1.0	0.25	0.0	6.33998745456	-0.13386516002	-0.0432128201019	6.4807423463	0.4626588499	0.841126236335	747
58	1.0	0.5	0.0	5.8974024201	0.0104462606289	0.195256074784	6.03481305516	0.537119461421	1.16356988979	748
58	1.0	0.75	0.0	5.32357012259	0.138892208214	0.304399596278	5.46012066899	0.590821857976	1.32797199482	749
58	1.0	1.0	0.0	4.740252891	0.236247628	0.340708656	4.8822841579	0.637567601733	1.38809345717	750
61	0.0	0.0	0.0	6.529562897	-0.278816999	-0.467498	6.67228957233	0.353638461241	0.306880128742	751
61	0.0	0.25	0.0	6.33998745456	-0.13386516002	-0.0432128201019	6.4807423463	0.4626588499	0.841126236335	752
61	0.0	0.5	0.0	5.8974024201	0.0104462606289	0.195256074784	6.03481305516	0.537119461421	1.16356988979	753
61	0.0	0.75	0.0	5.32357012259	0.138892208214	0.304399596278	5.46012066899	0.590821857976	1.32797199482	754
61	0.0	1.0	0.0	4.740252891	0.236247628	0.340708656	4.8822841579	0.637567601733	1.38809345717	755
61	0.25	0.0	0.0	6.53048733606	-0.266751074881	-0.47157782637	6.66986468413	0.363579487752	0.292547960661	756
61	0.25	0.25	0.0	6.34439604296	-0.0523728239012	-0.0615789129058	6.47882573123	0.563605623118	0.816607879046	757
61	0.25	0.5	0.0	5.90928673665	0.142551193858	0.177944195793	6.0340983043	0.705062624642	1.13434608287	758
61	0.25	0.75	0.0	5.34242055109	0.298143973204	0.291122352413	5.46078082553	0.799263952976	1.29437589652	759
61	0.25	1.0	0.0	4.76105862023	0.394528508945	0.322086409643	4.88397171706	0.857523068771	1.34531064439	760
61	0.5	0.0	0.0	6.532521102	-0.255493331012	-0.477371929351	6.66452993009	0.370162456884	0.264198705917	761
61	0.5	0.25	0.0	6.34876508267	0.0140614828672	-0.107000290619	6.47532322971	0.648028935369	0.756769383385	762
61	0.5	0.5	0.0	5.92112497733	0.240845188101	0.102995693784	6.03636613506	0.844702775644	1.04153343239	763
61	0.5	0.75	0.0	5.36848597188	0.409065860843	0.198934107254	5.47409641281	0.971914865563	1.17587212908	764
61	0.5	1.0	0.0	4.8097332522	0.502931577249	0.227133033186	4.91495182964	1.04139609298	1.2171667496	765
61	0.75	0.0	0.0	6.53455486794	-0.245219921888	-0.484772317407	6.65919517605	0.375761091271	0.234243166098	766
61	0.75	0.25	0.0	6.35303814887	0.0738706722924	-0.166247043532	6.47204157578	0.722995625173	0.680182264209	767
61	0.75	0.5	0.0	5.9327940864	0.329243097066	0.00229490467567	6.03923215307	0.968497433866	0.920382220384	768
61	0.75	0.75	0.0	5.39484970723	0.507340462004	0.0724410362903	5.48831185963	1.12363339883	1.02252888499	769
61	0.75	1.0	0.0	4.86023203806	0.594605876679	0.0957788603854	4.94682564718	1.19977040153	1.0543081084	770
61	1.0	0.0	0.0	6.535479307	-0.236107002	-0.493670999	6.65677028785	0.382749113551	0.215092142794	771
61	1.0	0.25	0.0	6.35715881673	0.135487656382	-0.226089261938	6.4707875035	0.795572531053	0.605418036376	772
61	1.0	0.5	0.0	5.9441710081	0.431659774461	-0.0922738356156	6.040311964	1.08890411875	0.806142728905	773
61	1.0	0.75	0.0	5.41459507942	0.62865036756	-0.0437506849857	5.49167159477	1.26927835585	0.884414356778	774
61	1.0	1.0	0.0	4.886510229	0.702700451	-0.032045775	4.95119432118	1.34322972159	0.907381056395	775
62	0.0	0.0	0.0	6.535479307	-0.236107002	-0.493670999	6.65677028785	0.382749113551	0.215092142794	776
62	0.0	0.25	0.0	6.35715881673	0.135487656382	-0.226089261938	6.4707875035	0.795572531053	0.605418036376	777
62	0.0	0.5	0.0	5.9441710081	0.431659774461	-0.0922738356156	6.040311964	1.08890411875	0.806142728905	778
62	0.0	0.75	0.0	5.41459507942	0.62865036756	-0.0437506849857	5.49167159477	1.26927835585	0.884414356778	779
62	0.0	1.0	0.0	4.886510229	0.702700451	-0.032045775	4.95119432118	1.34322972159	0.907381056395	780
62	0.25	0.0	0.0	6.53624340778	-0.228076011564	-0.504383200983	6.65465496541	0.394678522475	0.208939799184	781
62	0.25	0.25	0.0	6.36250388654	0.194869899028	-0.287212622036	6.47068920953	0.868214817368	0.530332399127	782
62	0.25	0.5	0.0	5.95776909166	0.531671994529	-0.179983827592	6.04335156034	1.20312083309	0.696510291711	783
62	0.25	0.75	0.0	5.4314051126	0.749501785299	-0.145159922369	5.49412188169	1.40404087121	0.760454101088	784
62	0.25	1.0	0.0	4.89277803882	0.815530781697	-0.145204011085	4.94448003742	1.47561923329	0.775144451409	785
62	0.5	0.0	0.0	6.5379244295	-0.221840367662	-0.516177410807	6.65000125603	0.409490687049	0.20717727778	786
62	0.5	0.25	0.0	6.36933722971	0.241685334498	-0.355793708606	6.47016904477	0.932200458485	0.443586838462	787
62	0.5	0.5	0.0	5.97395207532	0.606409146338	-0.281235786722	6.05109557961	1.30120265638	0.56517463743	788
62	0.5	0.75	0.0	5.45091101361	0.840293604461	-0.263248947933	5.50699299336	1.52262410446	0.608591478529	789
62	0.5	1.0	0.0	4.89935609188	0.911301245467	-0.272578495014	4.95207341882	1.6025916264	0.610488165607	790
62	0.75	0.0	0.0	6.53960545122	-0.217511290929	-0.528796664977	6.64534754666	0.422396284455	0.20458971203	791
62	0.75	0.25	0.0	6.37490887026	0.273086600906	-0.429568557739	6.46988339881	0.977910670961	0.34700126143	792
62	0.75	0.5	0.0	5.98652465598	0.652520690923	-0.389319155253	6.05981288107	1.3695207164	0.419612364509	793
62	0.75	0.75	0.0	5.4655216597	0.895210758873	-0.388001360118	5.52212944057	1.60745073843	0.440147189209	794
62	0.75	1.0	0.0	4.90296873275	0.975576584504	-0.405568074935	4.96382652446	1.70192505471	0.426329903474	795
62	1.0	0.0	0.0	6.540369552	-0.215200002	-0.541984	6.64323222422	0.428605991871	0.19596223538	796
62	1.0	0.25	0.0	6.3764688322	0.286226336365	-0.506273205527	6.47048866126	0.995726671357	0.242395575083	797
62	1.0	0.5	0.0	5.98929153054	0.666656089319	-0.49752337543	6.06577232394	1.39444614089	0.267300071399	798
62	1.0	0.75	0.0	5.46764592811	0.908438182364	-0.509400757368	5.53137573406	1.64094345595	0.266441933235	799
62	1.0	1.0	0.0	4.900340306	0.993921541	-0.535571599	4.96959141342	1.75139767199	0.235587369496	800
