Elem	xi[0]	xi[1]	xi[2]	Y[0]	Y[1]	Y[2]	y[0]	y[1]	y[2]	Index
1	0.0	0.0	0.0	0.222770426	1.072382981	-0.66182574	0.271097556099	1.55565770216	0.128465004415	1
1	0.0	0.25	0.0	-0.263642038515	1.09393155317	-0.693637292854	-0.219941980379	1.57482370177	0.161529341731	2
1	0.0	0.5	0.0	-0.762943407917	1.15449574035	-0.745052374172	-0.727633401119	1.63962048462	0.203952216225	3
1	0.0	0.75	0.0	-1.25933046411	1.18727563786	-0.799896454654	-1.23798372952	1.66862957175	0.272356395896	4
1	0.0	1.0	0.0	-1.736999989	1.125471341	-0.841995005	-1.736999989	1.58043248423	0.383364648744	5
1	0.25	0.0	0.0	0.24425979187	1.03026663541	-0.815826639729	0.277799501058	1.5195715961	-0.131093027121	6
1	0.25	0.25	0.0	-0.24187726772	1.05508216331	-0.864316051023	-0.205677361461	1.54119084961	-0.104864039069	7
1	0.25	0.5	0.0	-0.749372266097	1.123540167	-0.931101156799	-0.715992353073	1.62060276976	-0.0650159410558	8
1	0.25	0.75	0.0	-1.24952844742	1.17894116988	-1.00231652232	-1.22727355685	1.68531230945	-0.0105840064056	9
1	0.25	1.0	0.0	-1.71364905586	1.16458569535	-1.06409671285	-1.71364905586	1.66282442157	0.0593964915554	10
1	0.5	0.0	0.0	0.248240311106	0.876229472035	-0.89192759165	0.281318544189	1.37222101457	-0.323356878389	11
1	0.5	0.25	0.0	-0.23855683415	0.918577090691	-0.964500030289	-0.198944555879	1.40887983206	-0.310540730286	12
1	0.5	0.5	0.0	-0.739763298524	0.99893114314	-1.07408534037	-0.705281289104	1.50235828751	-0.305536179315	13
1	0.5	0.75	0.0	-1.23031027059	1.07276007906	-1.18668811235	-1.20992997646	1.59364916317	-0.295283483434	14
1	0.5	1.0	0.0	-1.68512893893	1.09553234812	-1.26831293665	-1.68512893893	1.62374524134	-0.266722900598	15
1	0.75	0.0	0.0	0.247583748788	0.671903532647	-0.961411338496	0.283816456959	1.17734285767	-0.494713307502	16
1	0.75	0.25	0.0	-0.242209668068	0.730848385131	-1.05143552606	-0.199320706115	1.22405800822	-0.490966785465	17
1	0.75	0.5	0.0	-0.732971952883	0.821741501306	-1.19730361297	-0.700562034132	1.32582229194	-0.520194308967	18
1	0.75	0.75	0.0	-1.20926966344	0.908265992012	-1.34620270793	-1.19448557023	1.43423851694	-0.552685204717	19
1	0.75	1.0	0.0	-1.65566935753	0.954104968089	-1.44531991963	-1.65566935753	1.50090949135	-0.558728799425	20
1	1.0	0.0	0.0	0.25516187	0.478920859	-1.095560623	0.287455010836	0.998674025516	-0.691549072569	21
1	1.0	0.25	0.0	-0.241364699737	0.538328096444	-1.18236883373	-0.20638295465	1.03289273715	-0.681608258154	22
1	1.0	0.5	0.0	-0.727853676862	0.633044074043	-1.32405466267	-0.706896413078	1.13193003715	-0.711576140425	23
1	1.0	0.75	0.0	-1.19400035581	0.72499253537	-1.47405179227	-1.18947292001	1.24767875479	-0.753732339785	24
1	1.0	1.0	0.0	-1.629500031	0.776097224	-1.585793905	-1.629500031	1.33203171938	-0.780356476635	25
2	0.0	0.0	0.0	0.25516187	0.478920859	-1.095560623	0.287455010836	0.998674025516	-0.691549072569	26
2	0.0	0.25	0.0	-0.241364699737	0.538328096444	-1.18236883373	-0.20638295465	1.03289273715	-0.681608258154	27
2	0.0	0.5	0.0	-0.727853676862	0.633044074043	-1.32405466267	-0.706896413078	1.13193003715	-0.711576140425	28
2	0.0	0.75	0.0	-1.19400035581	0.72499253537	-1.47405179227	-1.18947292001	1.24767875479	-0.753732339785	29
2	0.0	1.0	0.0	-1.629500031	0.776097224	-1.585793905	-1.629500031	1.33203171938	-0.780356476635	30
2	0.25	0.0	0.0	0.270947548451	0.283243387179	-1.2824081092	0.296628221447	0.813305046447	-0.91485070788	31
2	0.25	0.25	0.0	-0.224260605344	0.325895041168	-1.3546019816	-0.199322069713	0.817987872312	-0.890832994031	32
2	0.25	0.5	0.0	-0.708991319231	0.410215570384	-1.47012351322	-0.701137900005	0.89865913212	-0.904346051462	33
2	0.25	0.75	0.0	-1.16995577525	0.494673498046	-1.59674723991	-1.17669401379	1.00911334682	-0.935319074623	34
2	0.25	1.0	0.0	-1.59386515545	0.537737347375	-1.70224769755	-1.59386515545	1.10314503737	-0.963681257963	35
2	0.5	0.0	0.0	0.282248243705	0.0940030586728	-1.41785091485	0.311047169619	0.618751619964	-1.07690452565	36
2	0.5	0.25	0.0	-0.195649333111	0.117908303513	-1.48388614216	-0.165024577639	0.603159070871	-1.04732339243	37
2	0.5	0.5	0.0	-0.673118862289	0.181818382189	-1.59489687788	-0.663096099955	0.659834313234	-1.06454154651	38
2	0.5	0.75	0.0	-1.13089426867	0.248154222446	-1.71002209218	-1.13928514916	0.755900808617	-1.09749866257	39
2	0.5	1.0	0.0	-1.54970947708	0.279336752027	-1.78840075525	-1.54970947708	0.858482018585	-1.11513441526	40
2	0.75	0.0	0.0	0.291774400106	-0.0845988774195	-1.54013134007	0.328574143802	0.426847812579	-1.21544371959	41
2	0.75	0.25	0.0	-0.164991060996	-0.0803714311764	-1.60075830059	-0.120414410994	0.396153355272	-1.18271386993	42
2	0.75	0.5	0.0	-0.634614889911	-0.0381101051585	-1.71427138754	-0.610014496681	0.43153934568	-1.20984214672	43
2	0.75	0.75	0.0	-1.09098743889	0.00771288900016	-1.8251616927	-1.08946356312	0.511837548898	-1.25195710354	44
2	0.75	1.0	0.0	-1.50799906017	0.0226253396651	-1.87792030783	-1.50799906017	0.615879730021	-1.26418729394	45
2	1.0	0.0	0.0	0.302236462	-0.248361172	-1.687491685	0.347071432448	0.2494276908	-1.36820148339	46
2	1.0	0.25	0.0	-0.141745966961	-0.263683477554	-1.73575544211	-0.082415502343	0.204717747955	-1.32863884309	47
2	1.0	0.5	0.0	-0.607857985972	-0.235532506278	-1.84414367312	-0.559136573934	0.229857994645	-1.35792737324	48
2	1.0	0.75	0.0	-1.06440688875	-0.204372321863	-1.95345138507	-1.0394464927	0.300719976382	-1.41038039746	49
2	1.0	1.0	0.0	-1.479699969	-0.210666988	-2.004473585	-1.479699969	0.393175238677	-1.4403112394	50
5	0.0	0.0	0.0	0.302236462	-0.248361172	-1.687491685	0.347071432448	0.2494276908	-1.36820148339	51
5	0.0	0.25	0.0	-0.141745966961	-0.263683477554	-1.73575544211	-0.082415502343	0.204717747955	-1.32863884309	52
5	0.0	0.5	0.0	-0.607857985972	-0.235532506278	-1.84414367312	-0.559136573934	0.229857994645	-1.35792737324	53
5	0.0	0.75	0.0	-1.06440688875	-0.204372321863	-1.95345138507	-1.0394464927	0.300719976382	-1.41038039746	54
5	0.0	1.0	0.0	-1.479699969	-0.210666988	-2.004473585	-1.479699969	0.393175238677	-1.4403112394	55
5	0.25	0.0	0.0	0.331771632707	-0.595107895636	-1.97369566211	0.407263946643	-0.128145824415	-1.64343062861	56
5	0.25	0.25	0.0	-0.105919573707	-0.631708146684	-1.9949191489	-0.0103225327944	-0.184510250039	-1.59551303888	57
5	0.25	0.5	0.0	-0.571300989191	-0.614318425798	-2.05975315743	-0.467701812789	-0.15818279134	-1.6040981191	58
5	0.25	0.75	0.0	-1.03116117452	-0.592823621652	-2.13442248726	-0.952486372349	-0.0869800945958	-1.64618103213	59
5	0.25	1.0	0.0	-1.45228869048	-0.617108622919	-2.18515193794	-1.45228869048	-0.00871880608789	-1.69875694085	60
5	0.5	0.0	0.0	0.368804127754	-1.01600447476	-2.16896576868	0.494171362981	-0.585830855959	-1.80781911114	61
5	0.5	0.25	0.0	-0.0658936142199	-1.05931576494	-2.17751006921	0.0769213375522	-0.638083354293	-1.77012749489	62
5	0.5	0.5	0.0	-0.529564377015	-1.06265725707	-2.19038651101	-0.372863121396	-0.620419734606	-1.76142086029	63
5	0.5	0.75	0.0	-0.994361789618	-1.0585946236	-2.20557894609	-0.870783049155	-0.559012220663	-1.77792166638	64
5	0.5	1.0	0.0	-1.43243948102	-1.07969353692	-2.22107122648	-1.43243948102	-0.480033036229	-1.81585237221	65
5	0.75	0.0	0.0	0.402316203674	-1.45068263526	-2.24619921965	0.569714358621	-1.04302463481	-1.83619061483	66
5	0.75	0.25	0.0	-0.0319805418205	-1.49191099149	-2.24477958127	0.141576488259	-1.08455982568	-1.80757157235	67
5	0.75	0.5	0.0	-0.497869127505	-1.51331962033	-2.21169575999	-0.316693774362	-1.07883253967	-1.7856484615	68
5	0.75	0.75	0.0	-0.970180481467	-1.52536777956	-2.16858304708	-0.830124943095	-1.03360702402	-1.78117725124	69
5	0.75	1.0	0.0	-1.4237455318	-1.53851472696	-2.13707673379	-1.4237455318	-0.956647525949	-1.80491391049	70
5	1.0	0.0	0.0	0.421290117	-1.838774103	-2.17829323	0.595813610719	-1.41912439193	-1.7033688235	71
5	1.0	0.25	0.0	-0.0144928098293	-1.87489848553	-2.15797906329	0.145903298887	-1.45249792508	-1.66293463249	72
5	1.0	0.5	0.0	-0.491436218727	-1.89907613579	-2.09933293049	-0.341267046293	-1.45540091106	-1.63253378743	73
5	1.0	0.75	0.0	-0.97478899751	-1.9168255414	-2.02509707569	-0.866300474146	-1.42899512685	-1.63152273772	74
5	1.0	1.0	0.0	-1.429800034	-1.93366519	-1.958013743	-1.429800034	-1.37444234945	-1.67925793274	75
6	0.0	0.0	0.0	0.421290117	-1.838774103	-2.17829323	0.595813610719	-1.41912439193	-1.7033688235	76
6	0.0	0.25	0.0	-0.0144928098293	-1.87489848553	-2.15797906329	0.145903298887	-1.45249792508	-1.66293463249	77
6	0.0	0.5	0.0	-0.491436218727	-1.89907613579	-2.09933293049	-0.341267046293	-1.45540091106	-1.63253378743	78
6	0.0	0.75	0.0	-0.97478899751	-1.9168255414	-2.02509707569	-0.866300474146	-1.42899512685	-1.63152273772	79
6	0.0	1.0	0.0	-1.429800034	-1.93366519	-1.958013743	-1.429800034	-1.37444234945	-1.67925793274	80
6	0.25	0.0	0.0	0.462521222019	-2.27280423272	-1.93726910046	0.61460296647	-1.82558669734	-1.39812029046	81
6	0.25	0.25	0.0	0.0050297740887	-2.30944275679	-1.89916846804	0.122090842707	-1.86775450779	-1.34399225773	82
6	0.25	0.5	0.0	-0.498220124034	-2.3199240899	-1.83499622788	-0.408333310264	-1.87823621377	-1.3171143911	83
6	0.25	0.75	0.0	-1.00395231631	-2.32351603213	-1.76015510751	-0.948162728162	-1.8654795303	-1.33298632973	84
6	0.25	1.0	0.0	-1.46889064671	-2.33948638354	-1.69004783442	-1.46889064671	-1.83793217237	-1.40710771281	85
6	0.5	0.0	0.0	0.537444551639	-2.69981897175	-1.58765778707	0.671187049672	-2.25483488675	-1.01539268424	86
6	0.5	0.25	0.0	0.0355771216048	-2.74755605379	-1.54892336984	0.122968566398	-2.32476897542	-0.971176158994	87
6	0.5	0.5	0.0	-0.502089936029	-2.75621454391	-1.48344414101	-0.447948754441	-2.35932359028	-0.953098339154	88
6	0.5	0.75	0.0	-1.03897009318	-2.74993839029	-1.41447937526	-1.01171414108	-2.36628598204	-0.966368184732	89
6	0.5	1.0	0.0	-1.53847682177	-2.75287154106	-1.36528834728	-1.53847682177	-2.35344340141	-1.01619465574	90
6	0.75	0.0	0.0	0.60082234994	-3.0051727454	-1.17000788241	0.726560476044	-2.59453972441	-0.583779123471	91
6	0.75	0.25	0.0	0.0571214746113	-3.06145911964	-1.1385927334	0.129496374566	-2.68893764756	-0.558962920805	92
6	0.75	0.5	0.0	-0.51264998832	-3.08227208887	-1.07706439087	-0.475894298575	-2.75725762476	-0.551308223667	93
6	0.75	0.75	0.0	-1.07951576578	-3.08374658115	-1.01798318851	-1.06532259959	-2.79549841365	-0.555260415853	94
6	0.75	1.0	0.0	-1.61449958469	-3.08201752455	-0.993909459995	-1.61449958469	-2.7996587719	-0.565264881159	95
6	1.0	0.0	0.0	0.607416861	-3.074219979	-0.724867979	0.741717861308	-2.73237197453	-0.131872726796	96
6	1.0	0.25	0.0	0.0496350750003	-3.12337269749	-0.699525523409	0.122634171815	-2.82565684382	-0.121829127697	97
6	1.0	0.5	0.0	-0.539504614517	-3.17242131582	-0.64824469848	-0.507950862415	-2.93063290138	-0.122566636698	98
6	1.0	0.75	0.0	-1.12526277178	-3.21259456999	-0.600579856811	-1.11735599036	-3.01720075667	-0.123255136227	99
6	1.0	1.0	0.0	-1.672899961	-3.235121196	-0.586085351	-1.672899961	-3.05526101915	-0.113064508713	100
9	0.0	0.0	0.0	0.607416861	-3.074219979	-0.724867979	0.741717861308	-2.73237197453	-0.131872726796	101
9	0.0	0.25	0.0	0.0496350750003	-3.12337269749	-0.699525523409	0.122634171815	-2.82565684382	-0.121829127697	102
9	0.0	0.5	0.0	-0.539504614517	-3.17242131582	-0.64824469848	-0.507950862415	-2.93063290138	-0.122566636698	103
9	0.0	0.75	0.0	-1.12526277178	-3.21259456999	-0.600579856811	-1.11735599036	-3.01720075667	-0.123255136227	104
9	0.0	1.0	0.0	-1.672899961	-3.235121196	-0.586085351	-1.672899961	-3.05526101915	-0.113064508713	105
9	0.25	0.0	0.0	0.55458260765	-2.93232363568	-0.206340329516	0.706790661949	-2.67994443685	0.400800089794	106
9	0.25	0.25	0.0	0.00730500813185	-2.96171283714	-0.171951201355	0.090470626335	-2.7496973597	0.416104288469	107
9	0.25	0.5	0.0	-0.591461879077	-3.02116275897	-0.122157281416	-0.556219547144	-2.86937220582	0.427593064603	108
9	0.25	0.75	0.0	-1.19026460322	-3.08616337213	-0.0761568764557	-1.18251470995	-2.99269455065	0.43525473733	109
9	0.25	1.0	0.0	-1.73764971355	-3.1322046476	-0.053148293232	-1.73764971355	-3.0733899696	0.439077625781	110
9	0.5	0.0	0.0	0.48393469564	-2.69742799173	0.320276437963	0.646818245601	-2.51944843891	0.960142339911	111
9	0.5	0.25	0.0	-0.050243218319	-2.71285202885	0.369805625486	0.0408589124407	-2.56865819567	0.989100888928	112
9	0.5	0.5	0.0	-0.650881316545	-2.74096417562	0.41108081575	-0.608420886529	-2.66243441	1.01111008224	113
9	0.5	0.75	0.0	-1.25891307184	-2.7725906874	0.442331434496	-1.24560367008	-2.77234082143	1.01771730343	114
9	0.5	1.0	0.0	-1.815271957	-2.7985578196	0.461786907464	-1.815271957	-2.86994116945	1.00046993609	115
9	0.75	0.0	0.0	0.40531922981	-2.36698506267	0.784197837461	0.569652531998	-2.24425477837	1.48445698876	116
9	0.75	0.25	0.0	-0.117734155056	-2.37832988475	0.853624370757	-0.0266903142725	-2.28559069576	1.53308887699	117
9	0.75	0.5	0.0	-0.711592831593	-2.36310099213	0.882497720766	-0.670506548432	-2.33880599549	1.56251510393	118
9	0.75	0.75	0.0	-1.31945859156	-2.33915118712	0.890099763552	-1.30778968205	-2.40901741447	1.56443691342	119
9	0.75	1.0	0.0	-1.8845332267	-2.32433327205	0.895712375179	-1.8845332267	-2.50134168959	1.53055554933	120
9	1.0	0.0	0.0	0.328582315	-1.938446864	1.114639383	0.483145440878	-1.84773425289	1.91204700154	121
9	1.0	0.25	0.0	-0.189892352782	-1.95968601697	1.2073844481	-0.112666398209	-1.90354620401	1.98399645597	122
9	1.0	0.5	0.0	-0.767426328894	-1.91884863487	1.22312156138	-0.748428200719	-1.92747344385	2.01633881738	123
9	1.0	0.75	0.0	-1.36015157631	-1.85311954258	1.20236279822	-1.37023955715	-1.95560217522	2.01571791864	124
9	1.0	1.0	0.0	-1.924200058	-1.799683565	1.185620234	-1.924200058	-2.0240186009	1.98877759262	125
10	0.0	0.0	0.0	0.328582315	-1.938446864	1.114639383	0.483145440878	-1.84773425289	1.91204700154	126
10	0.0	0.25	0.0	-0.189892352782	-1.95968601697	1.2073844481	-0.112666398209	-1.90354620401	1.98399645597	127
10	0.0	0.5	0.0	-0.767426328894	-1.91884863487	1.22312156138	-0.748428200719	-1.92747344385	2.01633881738	128
10	0.0	0.75	0.0	-1.36015157631	-1.85311954258	1.20236279822	-1.37023955715	-1.95560217522	2.01571791864	129
10	0.0	1.0	0.0	-1.924200058	-1.799683565	1.185620234	-1.924200058	-2.0240186009	1.98877759262	130
10	0.25	0.0	0.0	0.305659633167	-1.49186603918	1.155753597	0.447808375049	-1.35233055262	2.06394838254	131
10	0.25	0.25	0.0	-0.207253742624	-1.51919523707	1.25503484788	-0.141335231334	-1.40981257427	2.13799610918	132
10	0.25	0.5	0.0	-0.777207663802	-1.47325913441	1.27342735837	-0.770101680929	-1.42766429365	2.17260626724	133
10	0.25	0.75	0.0	-1.36116687102	-1.39085835483	1.25125351148	-1.38088922253	-1.43928939029	2.1831731135	134
10	0.25	1.0	0.0	-1.91609610494	-1.30879352195	1.22883569021	-1.91609610494	-1.47809154372	2.18509090476	135
10	0.5	0.0	0.0	0.336883722555	-1.06762757463	0.901639468093	0.47461949419	-0.798599924713	1.90847051346	136
10	0.5	0.25	0.0	-0.166593251276	-1.07989769512	0.986724140183	-0.0950865420806	-0.819763356986	1.96398015174	137
10	0.5	0.5	0.0	-0.743158047452	-1.01621472613	1.0338704782	-0.718381148888	-0.8225558447	2.01799895612	138
10	0.5	0.75	0.0	-1.3331264946	-0.911653221809	1.05285120612	-1.33303391304	-0.821640266359	2.06824315323	139
10	0.5	1.0	0.0	-1.87681442136	-0.801287736332	1.05343904795	-1.87681442136	-0.831679500469	2.11242896968	140
10	0.75	0.0	0.0	0.360437904415	-0.641565462512	0.487420069136	0.504143250437	-0.243457722472	1.57642684296	141
10	0.75	0.25	0.0	-0.140745792659	-0.640620030706	0.549783748976	-0.0505641361013	-0.232469901961	1.61219621124	142
10	0.75	0.5	0.0	-0.718444728179	-0.567049693916	0.627493630338	-0.665002056427	-0.216292222508	1.68931517082	143
10	0.75	0.75	0.0	-1.30461821222	-0.455905870997	0.694711855994	-1.27870952464	-0.204735782061	1.78230836904	144
10	0.75	1.0	0.0	-1.83122555484	-0.342239980802	0.725600568718	-1.83122555484	-0.207611678566	1.86570045325	145
10	1.0	0.0	0.0	0.3145055	-0.189513695	0.048218473	0.476944095927	0.256180700793	1.19863081969	146
10	1.0	0.25	0.0	-0.202546280691	-0.200188883405	0.0915450982424	-0.0844118190477	0.252996441002	1.23289191529	147
10	1.0	0.5	0.0	-0.756234954319	-0.145098321691	0.177339524278	-0.681699855373	0.286982447411	1.32335319809	148
10	1.0	0.75	0.0	-1.30422978904	-0.0640180298825	0.264391434924	-1.26995195328	0.309343083956	1.4367490921	149
10	1.0	1.0	0.0	-1.804200053	0.003275972	0.311490514	-1.804200053	0.271282714575	1.53981402134	150
13	0.0	0.0	0.0	0.3145055	-0.189513695	0.048218473	0.476944095927	0.256180700793	1.19863081969	151
13	0.0	0.25	0.0	-0.202546280691	-0.200188883405	0.0915450982424	-0.0844118190477	0.252996441002	1.23289191529	152
13	0.0	0.5	0.0	-0.756234954319	-0.145098321691	0.177339524278	-0.681699855373	0.286982447411	1.32335319809	153
13	0.0	0.75	0.0	-1.30422978904	-0.0640180298825	0.264391434924	-1.26995195328	0.309343083956	1.4367490921	154
13	0.0	1.0	0.0	-1.804200053	0.003275972	0.311490514	-1.804200053	0.271282714575	1.53981402134	155
13	0.25	0.0	0.0	0.280498955946	-0.0585693508386	-0.057762592995	0.462912941323	0.393100581754	1.11807091462	156
13	0.25	0.25	0.0	-0.233797956891	-0.0565317766466	-0.0269760613769	-0.0957431294776	0.394195677683	1.14788237007	157
13	0.25	0.5	0.0	-0.780484444921	0.00238107086213	0.0269356837339	-0.693591966829	0.447372561187	1.21107758242	158
13	0.25	0.75	0.0	-1.31773912336	0.0837752612521	0.0833627423284	-1.27985173729	0.492701209348	1.29705398865	159
13	0.25	1.0	0.0	-1.80374060741	0.153256864088	0.121695214398	-1.80374060741	0.470251599248	1.39520902574	160
13	0.5	0.0	0.0	0.245332748249	0.0520455104313	-0.143760067487	0.45622453821	0.523239470582	1.0657645278	161
13	0.5	0.25	0.0	-0.251980967645	0.0804373844779	-0.122376369213	-0.0850523782854	0.537030712256	1.09221423414	162
13	0.5	0.5	0.0	-0.798610918033	0.14275082213	-0.101177633144	-0.687271654182	0.596798650233	1.12069332843	163
13	0.5	0.75	0.0	-1.33655236985	0.229818646297	-0.078628345136	-1.28374911594	0.663247071835	1.1702098383	164
13	0.5	1.0	0.0	-1.80780059004	0.33247367989	-0.0531929910428	-1.80780059004	0.697079764384	1.2597717914	165
13	0.75	0.0	0.0	0.213281138427	0.167463359236	-0.247325990486	0.438539902892	0.654990260426	0.987302327752	166
13	0.75	0.25	0.0	-0.266195474309	0.215704242734	-0.234535286611	-0.080757626392	0.678315780212	1.01484006046	167
13	0.75	0.5	0.0	-0.808751551173	0.287760112802	-0.233673033552	-0.676416894134	0.746710799978	1.02100956038	168
13	0.75	0.75	0.0	-1.34640788838	0.385808792964	-0.236826549267	-1.27702905962	0.833669447633	1.04089307048	169
13	0.75	1.0	0.0	-1.81118528215	0.512028106748	-0.236083151712	-1.81118528215	0.912685851086	1.10957283372	170
13	1.0	0.0	0.0	0.188618388	0.312816666	-0.406012402	0.391520051677	0.796745844434	0.828274982964	171
13	1.0	0.25	0.0	-0.285541638239	0.354254440887	-0.403332274918	-0.111276934718	0.814865117038	0.86471240197	172
13	1.0	0.5	0.0	-0.809043521859	0.449158123569	-0.397223124686	-0.674705663388	0.908559095849	0.880835402549	173
13	1.0	0.75	0.0	-1.3330440388	0.563442368967	-0.406476591861	-1.25507653869	1.01665711296	0.893780114615	174
13	1.0	1.0	0.0	-1.808699965	0.663021832	-0.449884317	-1.808699965	1.07798850046	0.920682668083	175
14	0.0	0.0	0.0	0.188618388	0.312816666	-0.406012402	0.391520051677	0.796745844434	0.828274982964	176
14	0.0	0.25	0.0	-0.285541638239	0.354254440887	-0.403332274918	-0.111276934718	0.814865117038	0.86471240197	177
14	0.0	0.5	0.0	-0.809043521859	0.449158123569	-0.397223124686	-0.674705663388	0.908559095849	0.880835402549	178
14	0.0	0.75	0.0	-1.3330440388	0.563442368967	-0.406476591861	-1.25507653869	1.01665711296	0.893780114615	179
14	0.0	1.0	0.0	-1.808699965	0.663021832	-0.449884317	-1.808699965	1.07798850046	0.920682668083	180
14	0.25	0.0	0.0	0.172658157147	0.545891591334	-0.543966161297	0.321960440003	1.01458561501	0.626687257495	181
14	0.25	0.25	0.0	-0.312350359883	0.550401312645	-0.549102998956	-0.179135077633	1.00679500482	0.675396174494	182
14	0.25	0.5	0.0	-0.814765507031	0.631396300842	-0.524901013171	-0.705843595347	1.09096534685	0.72338760307	183
14	0.25	0.75	0.0	-1.31601184115	0.724597412598	-0.515187764343	-1.24851868516	1.17841064971	0.766835834814	184
14	0.25	1.0	0.0	-1.79751391908	0.765725504587	-0.56379081287	-1.79751391908	1.18044492202	0.801915161315	185
14	0.5	0.0	0.0	0.173942486185	0.78151482053	-0.540555590835	0.282856727398	1.24928778573	0.510976850476	186
14	0.5	0.25	0.0	-0.315027428718	0.786803994737	-0.558244922153	-0.217989904439	1.24946106479	0.552181853228	187
14	0.5	0.5	0.0	-0.804874551423	0.857570420774	-0.569860254531	-0.726222846705	1.32306615321	0.585192653941	188
14	0.5	0.75	0.0	-1.29312277024	0.91924154321	-0.591822820644	-1.24495417714	1.37617471819	0.626407651022	189
14	0.5	1.0	0.0	-1.77729597349	0.897244806612	-0.640553853169	-1.77729597349	1.3148584269	0.692225242876	190
14	0.75	0.0	0.0	0.19110277563	0.97268055121	-0.533826760455	0.267979053038	1.44744695023	0.378963015063	191
14	0.75	0.25	0.0	-0.297486702383	0.991851177974	-0.562506776217	-0.2306545078	1.46481879706	0.409437041273	192
14	0.75	0.5	0.0	-0.785543052548	1.0558727963	-0.615458243339	-0.734075440837	1.53067877809	0.425598282535	193
14	0.75	0.75	0.0	-1.27176593994	1.09194440392	-0.674139728251	-1.24217764761	1.55717309875	0.464309769346	194
14	0.75	1.0	0.0	-1.75485502965	1.02726499858	-0.720009797384	-1.75485502965	1.45644796451	0.562434532205	195
14	1.0	0.0	0.0	0.222770426	1.072382981	-0.66182574	0.271097556099	1.55565770216	0.128465004415	196
14	1.0	0.25	0.0	-0.263642038515	1.09393155317	-0.693637292854	-0.219941980379	1.57482370177	0.161529341731	197
14	1.0	0.5	0.0	-0.762943407917	1.15449574035	-0.745052374172	-0.727633401119	1.63962048462	0.203952216225	198
14	1.0	0.75	0.0	-1.25933046411	1.18727563786	-0.799896454654	-1.23798372952	1.66862957175	0.272356395896	199
14	1.0	1.0	0.0	-1.736999989	1.125471341	-0.841995005	-1.736999989	1.58043248423	0.383364648744	200
17	0.0	0.0	0.0	4.900340306	0.993921541	-0.535571599	5.0198623739	1.8562383289	0.236019649331	201
17	0.0	0.25	0.0	4.31156446749	1.00633218279	-0.563233262675	4.41117192245	1.85950623158	0.210333751803	202
17	0.0	0.5	0.0	3.71481965671	1.02449557957	-0.581940034822	3.80434455713	1.830868103	0.179432598882	203
17	0.0	0.75	0.0	3.13791604182	1.02427617957	-0.591396882808	3.22348151325	1.76918306802	0.154695937413	204
17	0.0	1.0	0.0	2.608663791	0.981538431	-0.591308774	2.69268402613	1.67331025156	0.14750351424	205
17	0.25	0.0	0.0	4.8965461613	0.947254051434	-0.686945001388	5.02168093104	1.84830837936	0.0179292865318	206
17	0.25	0.25	0.0	4.31818520341	0.966648660468	-0.720348331108	4.42458968777	1.86435365152	-0.0178884387804	207
17	0.25	0.5	0.0	3.72908101567	0.998733398842	-0.734613088239	3.82542928156	1.84579132353	-0.0411951996922	208
17	0.25	0.75	0.0	3.15376996963	1.01041106886	-0.735255725443	3.2423909946	1.78833636364	-0.0553538350276	209
17	0.25	1.0	0.0	2.61678843685	0.968584472831	-0.72779269538	2.69366610905	1.68770374006	-0.0637271836102	210
17	0.5	0.0	0.0	4.90010613631	0.856850626663	-0.841477581574	5.04099205148	1.79452569745	-0.198969339179	211
17	0.5	0.25	0.0	4.33427223551	0.876525500291	-0.877412887596	4.45771743808	1.81393729835	-0.245473083424	212
17	0.5	0.5	0.0	3.74351052865	0.921261160847	-0.887285610361	3.85566527998	1.80291184641	-0.264964627634	213
17	0.5	0.75	0.0	3.15868590368	0.946108535966	-0.879137266802	3.25782753964	1.75089299643	-0.270139285419	214
17	0.5	1.0	0.0	2.61066324852	0.906118553285	-0.861009373849	2.68719617953	1.64732440321	-0.273692370389	215
17	0.75	0.0	0.0	4.90843746166	0.762645443311	-1.00888781547	5.06808704919	1.71755441386	-0.415357907306	216
17	0.75	0.25	0.0	4.35449619646	0.776463698187	-1.04506310411	4.49646488248	1.73325061839	-0.470963702346	217
17	0.75	0.5	0.0	3.75956785513	0.827728365256	-1.04465690239	3.89012031229	1.72811542407	-0.483697759456	218
17	0.75	0.75	0.0	3.16372165125	0.861859213861	-1.02269058344	3.27831504652	1.68345984283	-0.476808835157	219
17	0.75	1.0	0.0	2.60702679843	0.824276013346	-0.994185520393	2.69031079307	1.58059488661	-0.47354568597	220
17	1.0	0.0	0.0	4.918957368	0.704572678	-1.198894179	5.09325723815	1.64005865932	-0.631918097354	221
17	1.0	0.25	0.0	4.37352771892	0.706964250081	-1.23393515263	4.52674173007	1.64728705794	-0.692903815765	222
17	1.0	0.5	0.0	3.77871265454	0.753784511739	-1.21142626553	3.9238621384	1.64728780893	-0.689216669669	223
17	1.0	0.75	0.0	3.17993501964	0.788153735527	-1.16556475192	3.31237741336	1.61264377925	-0.662510905633	224
17	1.0	1.0	0.0	2.622617659	0.753192194	-1.130547846	2.72004650516	1.51593783584	-0.654440770226	225
18	0.0	0.0	0.0	2.608663791	0.981538431	-0.591308774	2.69268402613	1.67331025156	0.14750351424	226
18	0.0	0.25	0.0	2.05246710102	0.958065644866	-0.595652432728	2.13074591127	1.5954293152	0.139990996347	227
18	0.0	0.5	0.0	1.44395532604	1.00162790162	-0.613938603345	1.51133223755	1.57400224057	0.120281602657	228
18	0.0	0.75	0.0	0.821324442291	1.05785656056	-0.638539100789	0.877197840612	1.57281603408	0.109423537303	229
18	0.0	1.0	0.0	0.222770426	1.072382981	-0.66182574	0.271097556099	1.55565770216	0.128465004415	230
18	0.25	0.0	0.0	2.61678843685	0.968584472831	-0.72779269538	2.69366610905	1.68770374006	-0.0637271836102	231
18	0.25	0.25	0.0	2.05307913412	0.935184473292	-0.728022807326	2.11289025958	1.5961132719	-0.0826034821644	232
18	0.25	0.5	0.0	1.446729461	0.967572548459	-0.745793757835	1.49098794761	1.55824019452	-0.112789762192	233
18	0.25	0.75	0.0	0.83227711456	1.01588712646	-0.776572663204	0.866458064365	1.54306585392	-0.135286213807	234
18	0.25	1.0	0.0	0.24425979187	1.03026663541	-0.815826639729	0.277799501058	1.5195715961	-0.131093027121	235
18	0.5	0.0	0.0	2.61066324852	0.906118553285	-0.861009373849	2.68719617953	1.64732440321	-0.273692370389	236
18	0.5	0.25	0.0	2.04472051165	0.848419040769	-0.844223463489	2.09391460157	1.52923768337	-0.290328365866	237
18	0.5	0.5	0.0	1.44453201462	0.840595225377	-0.840020775976	1.47571969993	1.44760764212	-0.314916555818	238
18	0.5	0.75	0.0	0.83680340018	0.858060803626	-0.85404194185	0.861793629257	1.39706013425	-0.331308780056	239
18	0.5	1.0	0.0	0.248240311106	0.876229472035	-0.89192759165	0.281318544189	1.37222101457	-0.323356878389	240
18	0.75	0.0	0.0	2.60702679843	0.824276013346	-0.994185520393	2.69031079307	1.58059488661	-0.47354568597	241
18	0.75	0.25	0.0	2.04254057086	0.73998037061	-0.96335459212	2.08941650079	1.43623147157	-0.487378240963	242
18	0.75	0.5	0.0	1.44858796858	0.681863196047	-0.936991809194	1.47503125845	1.30541324007	-0.505647143518	243
18	0.75	0.75	0.0	0.843994018807	0.656859309958	-0.931032336393	0.866662199388	1.21137282461	-0.513157222682	244
18	0.75	1.0	0.0	0.247583748788	0.671903532647	-0.961411338496	0.283816456959	1.17734285767	-0.494713307502	245
18	1.0	0.0	0.0	2.622617659	0.753192194	-1.130547846	2.72004650516	1.51593783584	-0.654440770226	246
18	1.0	0.25	0.0	2.06168864899	0.65207948613	-1.10451638412	2.11499352078	1.35852355843	-0.677947693663	247
18	1.0	0.5	0.0	1.47012230456	0.552543724143	-1.07707900891	1.49842638709	1.19496564506	-0.704529890591	248
18	1.0	0.75	0.0	0.862939690098	0.484764363335	-1.0676292465	0.884521438855	1.06257787451	-0.715344602922	249
18	1.0	1.0	0.0	0.25516187	0.478920859	-1.095560623	0.287455010836	0.998674025516	-0.691549072569	250
19	0.0	0.0	0.0	4.918957368	0.704572678	-1.198894179	5.09325723815	1.64005865932	-0.631918097354	251
19	0.0	0.25	0.0	4.37352771892	0.706964250081	-1.23393515263	4.52674173007	1.64728705794	-0.692903815765	252
19	0.0	0.5	0.0	3.77871265454	0.753784511739	-1.21142626553	3.9238621384	1.64728780893	-0.689216669669	253
19	0.0	0.75	0.0	3.17993501964	0.788153735527	-1.16556475192	3.31237741336	1.61264377925	-0.662510905633	254
19	0.0	1.0	0.0	2.622617659	0.753192194	-1.130547846	2.72004650516	1.51593783584	-0.654440770226	255
19	0.25	0.0	0.0	4.91250094454	0.716644394616	-1.38069790377	5.09614941249	1.60962177666	-0.832460182589	256
19	0.25	0.25	0.0	4.36886411321	0.711326119593	-1.42550209662	4.53462894951	1.61239434469	-0.906711412022	257
19	0.25	0.5	0.0	3.77853876358	0.723309402565	-1.39872257606	3.9431532903	1.59277838951	-0.906606279023	258
19	0.25	0.75	0.0	3.18602826599	0.719825331951	-1.34702086385	3.34340917176	1.537137308	-0.881905873206	259
19	0.25	1.0	0.0	2.63583599076	0.668104996168	-1.31705848172	2.75708333083	1.43183449704	-0.882371284186	260
19	0.5	0.0	0.0	4.88333668767	0.764609161363	-1.55306996672	5.07619337639	1.61087783784	-1.03663096103	261
19	0.5	0.25	0.0	4.3354656047	0.762700375151	-1.61065638222	4.52113938998	1.61906124117	-1.12347948626	262
19	0.5	0.5	0.0	3.74730836797	0.723143213665	-1.58569671307	3.93449446747	1.56180960147	-1.1287998993	263
19	0.5	0.75	0.0	3.15984097088	0.654216858314	-1.53060708379	3.33841189365	1.45756487687	-1.10570175744	264
19	0.5	1.0	0.0	2.61403940685	0.564200490504	-1.49780361891	2.75504495333	1.3247690255	-1.10729461799	265
19	0.75	0.0	0.0	4.84546536873	0.794859975429	-1.70224177431	5.04639926088	1.5953515968	-1.22693591403	266
19	0.75	0.25	0.0	4.29345563388	0.796524375881	-1.77049536642	4.49778353522	1.6076589613	-1.32269192101	267
19	0.75	0.5	0.0	3.71157851666	0.709042002082	-1.74999453857	3.91552340028	1.51339099067	-1.33349063486	268
19	0.75	0.75	0.0	3.1321610053	0.577519650496	-1.69449727805	3.32161869483	1.36055961192	-1.31207397306	269
19	0.75	1.0	0.0	2.58753008802	0.447064117588	-1.65776157215	2.73806925761	1.19717675209	-1.31118385305	270
19	1.0	0.0	0.0	4.812887759	0.753789834	-1.814444733	5.01977719701	1.51456780752	-1.38588052296	271
19	1.0	0.25	0.0	4.26295764124	0.748235480913	-1.88611640622	4.47607186898	1.518558719	-1.48383259879	272
19	1.0	0.5	0.0	3.69790625865	0.63676182486	-1.86926191461	3.9038778191	1.40653210296	-1.49837159009	273
19	1.0	0.75	0.0	3.13377624024	0.475925044377	-1.81686531294	3.31726269107	1.23275463923	-1.47919793478	274
19	1.0	1.0	0.0	2.586610215	0.322281318	-1.781910656	2.7302941286	1.05149300766	-1.47601207079	275
20	0.0	0.0	0.0	2.622617659	0.753192194	-1.130547846	2.72004650516	1.51593783584	-0.654440770226	276
20	0.0	0.25	0.0	2.06168864899	0.65207948613	-1.10451638412	2.11499352078	1.35852355843	-0.677947693663	277
20	0.0	0.5	0.0	1.47012230456	0.552543724143	-1.07707900891	1.49842638709	1.19496564506	-0.704529890591	278
20	0.0	0.75	0.0	0.862939690098	0.484764363335	-1.0676292465	0.884521438855	1.06257787451	-0.715344602922	279
20	0.0	1.0	0.0	0.25516187	0.478920859	-1.095560623	0.287455010836	0.998674025516	-0.691549072569	280
20	0.25	0.0	0.0	2.63583599076	0.668104996168	-1.31705848172	2.75708333083	1.43183449704	-0.882371284186	281
20	0.25	0.25	0.0	2.08050860556	0.555681441449	-1.30050839413	2.14972019573	1.26795320396	-0.91614101323	282
20	0.25	0.5	0.0	1.49036565396	0.426046519473	-1.27368495025	1.52514614184	1.08271917602	-0.944438330512	283
20	0.25	0.75	0.0	0.881735760186	0.321225433597	-1.25988567898	0.901426905107	0.917410445951	-0.949821980555	284
20	0.25	1.0	0.0	0.270947548451	0.283243387179	-1.2824081092	0.296628221447	0.813305046447	-0.91485070788	285
20	0.5	0.0	0.0	2.61403940685	0.564200490504	-1.49780361891	2.75504495333	1.3247690255	-1.10729461799	286
20	0.5	0.25	0.0	2.06323030901	0.436084839488	-1.4759734753	2.14769529382	1.14733772612	-1.13597393	287
20	0.5	0.5	0.0	1.4790143892	0.284313545569	-1.43720697934	1.52013899792	0.938293374293	-1.14853523121	288
20	0.5	0.75	0.0	0.879363187425	0.15493636616	-1.40875062714	0.899036233797	0.745982496685	-1.13287870273	289
20	0.5	1.0	0.0	0.282248243705	0.0940030586728	-1.41785091485	0.311047169619	0.618751619964	-1.07690452565	290
20	0.75	0.0	0.0	2.58753008802	0.447064117588	-1.65776157215	2.73806925761	1.19717675209	-1.31118385305	291
20	0.75	0.25	0.0	2.03570073004	0.303836785129	-1.63022322999	2.12957706036	1.00540875359	-1.33061922819	292
20	0.75	0.5	0.0	1.45671531822	0.139125889998	-1.58421676954	1.50291031055	0.778833217576	-1.32724720251	293
20	0.75	0.75	0.0	0.869198369319	-0.00453164009035	-1.54557515238	0.89144925582	0.568847213938	-1.29190846873	294
20	0.75	1.0	0.0	0.291774400106	-0.0845988774195	-1.54013134007	0.328574143802	0.426847812579	-1.21544371959	295
20	1.0	0.0	0.0	2.586610215	0.322281318	-1.781910656	2.7302941286	1.05149300766	-1.47601207079	296
20	1.0	0.25	0.0	2.02376683936	0.169484383255	-1.76256926056	2.11602374067	0.850897915038	-1.49324969202	297
20	1.0	0.5	0.0	1.44411524899	0.0022646403263	-1.73128599424	1.49296543499	0.621483683576	-1.4910008542	298
20	1.0	0.75	0.0	0.864617703375	-0.147607386266	-1.70171031606	0.892765802073	0.406557784941	-1.45430497783	299
20	1.0	1.0	0.0	0.302236462	-0.248361172	-1.687491685	0.347071432448	0.2494276908	-1.36820148339	300
25	0.0	0.0	0.0	4.812887759	0.753789834	-1.814444733	5.01977719701	1.51456780752	-1.38588052296	301
25	0.0	0.25	0.0	4.26295764124	0.748235480913	-1.88611640622	4.47607186898	1.518558719	-1.48383259879	302
25	0.0	0.5	0.0	3.69790625865	0.63676182486	-1.86926191461	3.9038778191	1.40653210296	-1.49837159009	303
25	0.0	0.75	0.0	3.13377624024	0.475925044377	-1.81686531294	3.31726269107	1.23275463923	-1.47919793478	304
25	0.0	1.0	0.0	2.586610215	0.322281318	-1.781910656	2.7302941286	1.05149300766	-1.47601207079	305
25	0.25	0.0	0.0	4.78922048623	0.487774492566	-1.90860217742	4.99919341589	1.17124161873	-1.59558262949	306
25	0.25	0.25	0.0	4.25517052932	0.456945350037	-1.98284371099	4.46476629686	1.1454362345	-1.69565643809	307
25	0.25	0.5	0.0	3.72028578171	0.336936645588	-1.98243036841	3.91025450441	1.02677598588	-1.72044797308	308
25	0.25	0.75	0.0	3.18162083597	0.171014466924	-1.9533383995	3.33960141196	0.853109716256	-1.71192601383	309
25	0.25	1.0	0.0	2.63623028466	0.00244490174952	-1.94154405408	2.75675039294	0.662286268993	-1.71205933969	310
25	0.5	0.0	0.0	4.8056567289	0.136778437607	-1.85846750772	5.016876744	0.74331620999	-1.65939021764	311
25	0.5	0.25	0.0	4.28739705167	0.088435718892	-1.94313772092	4.49435080629	0.696752494888	-1.77093201077	312
25	0.5	0.5	0.0	3.75585857358	-0.0438548876849	-1.97461694298	3.94196896828	0.562061044766	-1.81600296182	313
25	0.5	0.75	0.0	3.2204694249	-0.220154193101	-1.98527665997	3.37740105541	0.377619167405	-1.82770957795	314
25	0.5	1.0	0.0	2.69065773589	-0.400523008333	-2.00748835796	2.81831689313	0.181804170586	-1.83915836626	315
25	0.75	0.0	0.0	4.83272654162	-0.230086253155	-1.73181099965	5.06037319306	0.310061100819	-1.60315157214	316
25	0.75	0.25	0.0	4.32618034308	-0.299400579052	-1.82269414923	4.55050130212	0.244518750457	-1.72319563503	317
25	0.75	0.5	0.0	3.79044208021	-0.450326402217	-1.87973939611	4.00133206503	0.0913011484139	-1.78381138675	318
25	0.75	0.75	0.0	3.25314613588	-0.639318120186	-1.92390887682	3.44607072482	-0.103944180725	-1.81157847929	319
25	0.75	1.0	0.0	2.74192689293	-0.822830130498	-1.97616472786	2.91792252447	-0.295569712375	-1.83307656463	320
25	1.0	0.0	0.0	4.840959979	-0.543707502	-1.596402929	5.11722877475	-0.0492541892699	-1.45271497771	321
25	1.0	0.25	0.0	4.33806353837	-0.648670710326	-1.67720870919	4.61889368917	-0.139253748515	-1.56598362909	322
25	1.0	0.5	0.0	3.8098537476	-0.827191525266	-1.73171548565	4.090654649	-0.30658983437	-1.62264807829	323
25	1.0	0.75	0.0	3.28247509778	-1.02821449882	-1.78046383254	3.56101952358	-0.501807501533	-1.64856256999	324
25	1.0	1.0	0.0	2.78207208	-1.200684183	-1.843994324	3.05849618226	-0.675451804704	-1.66958134888	325
26	0.0	0.0	0.0	2.586610215	0.322281318	-1.781910656	2.7302941286	1.05149300766	-1.47601207079	326
26	0.0	0.25	0.0	2.02376683936	0.169484383255	-1.76256926056	2.11602374067	0.850897915038	-1.49324969202	327
26	0.0	0.5	0.0	1.44411524899	0.0022646403263	-1.73128599424	1.49296543499	0.621483683576	-1.4910008542	328
26	0.0	0.75	0.0	0.864617703375	-0.147607386266	-1.70171031606	0.892765802073	0.406557784941	-1.45430497783	329
26	0.0	1.0	0.0	0.302236462	-0.248361172	-1.687491685	0.347071432448	0.2494276908	-1.36820148339	330
26	0.25	0.0	0.0	2.63623028466	0.00244490174952	-1.94154405408	2.75675039294	0.662286268993	-1.71205933969	331
26	0.25	0.25	0.0	2.05445520276	-0.163083182217	-1.95710080971	2.14116492459	0.455820560997	-1.73271271037	332
26	0.25	0.5	0.0	1.46607264556	-0.32570970453	-1.97203080236	1.53197708919	0.241129571472	-1.74189603011	333
26	0.25	0.75	0.0	0.886654244923	-0.47364712305	-1.97975532288	0.947804294087	0.0394089073547	-1.71900382687	334
26	0.25	1.0	0.0	0.331771632707	-0.595107895636	-1.97369566211	0.407263946643	-0.128145824415	-1.64343062861	335
26	0.5	0.0	0.0	2.69065773589	-0.400523008333	-2.00748835796	2.81831689313	0.181804170586	-1.83915836626	336
26	0.5	0.25	0.0	2.11186450162	-0.581720972325	-2.05576182506	2.22220300756	-0.0292420445083	-1.86114398938	337
26	0.5	0.5	0.0	1.51729675971	-0.751580630534	-2.10603823119	1.62672803208	-0.241251508197	-1.87050722935	338
26	0.5	0.75	0.0	0.92894610386	-0.89978184425	-2.14740905339	1.04601110459	-0.433641889131	-1.85636122399	339
26	0.5	1.0	0.0	0.368804127754	-1.01600447476	-2.16896576868	0.494171362981	-0.585830855959	-1.80781911114	340
26	0.75	0.0	0.0	2.74192689293	-0.822830130498	-1.97616472786	2.91792252447	-0.295569712375	-1.83307656463	341
26	0.75	0.25	0.0	2.17135361979	-1.01201502649	-2.05324650984	2.33986859581	-0.505178430729	-1.85778745805	342
26	0.75	0.5	0.0	1.57030798487	-1.19377294793	-2.13259563197	1.74156247666	-0.722103434071	-1.86854167542	343
26	0.75	0.75	0.0	0.970169131664	-1.34702258685	-2.20123792499	1.14438433995	-0.912625307173	-1.86234184995	344
26	0.75	1.0	0.0	0.402316203674	-1.45068263526	-2.24619921965	0.569714358621	-1.04302463481	-1.83619061483	345
26	1.0	0.0	0.0	2.78207208	-1.200684183	-1.843994324	3.05849618226	-0.675451804704	-1.66958134888	346
26	1.0	0.25	0.0	2.20828144112	-1.37955138412	-1.94424906727	2.47489229558	-0.872877126915	-1.70188704543	347
26	1.0	0.5	0.0	1.59762671446	-1.57071146697	-2.05099035593	1.84082463593	-1.09787008479	-1.72770659186	348
26	1.0	0.75	0.0	0.988999179815	-1.73638038784	-2.13780835513	1.19992210656	-1.29757204943	-1.73291038546	349
26	1.0	1.0	0.0	0.421290117	-1.838774103	-2.17829323	0.595813610719	-1.41912439193	-1.7033688235	350
27	0.0	0.0	0.0	4.840959979	-0.543707502	-1.596402929	5.11722877475	-0.0492541892699	-1.45271497771	351
27	0.0	0.25	0.0	4.33806353837	-0.648670710326	-1.67720870919	4.61889368917	-0.139253748515	-1.56598362909	352
27	0.0	0.5	0.0	3.8098537476	-0.827191525266	-1.73171548565	4.090654649	-0.30658983437	-1.62264807829	353
27	0.0	0.75	0.0	3.28247509778	-1.02821449882	-1.78046383254	3.56101952358	-0.501807501533	-1.64856256999	354
27	0.0	1.0	0.0	2.78207208	-1.200684183	-1.843994324	3.05849618226	-0.675451804704	-1.66958134888	355
27	0.25	0.0	0.0	4.8768476605	-0.890526689871	-1.46209375522	5.18868421344	-0.419834130614	-1.18766618502	356
27	0.25	0.25	0.0	4.37083281151	-1.05216442793	-1.52726989143	4.69308448438	-0.547480084534	-1.27902031228	357
27	0.25	0.5	0.0	3.85447004711	-1.26864396333	-1.56170223087	4.18784306825	-0.738729865256	-1.31695164267	358
27	0.25	0.75	0.0	3.33705400455	-1.48552502785	-1.59058782671	3.68165794166	-0.943049807984	-1.32957492253	359
27	0.25	1.0	0.0	2.8278793211	-1.64836735327	-1.63912373208	3.18322708119	-1.10990624792	-1.3450048982	360
27	0.5	0.0	0.0	4.97172603701	-1.27041435154	-1.29754209628	5.26752286536	-0.806854580765	-0.829121598585	361
27	0.5	0.25	0.0	4.46066691047	-1.48464538493	-1.35968998205	4.76193210954	-0.9717284621	-0.899835208798	362
27	0.5	0.5	0.0	3.93857169032	-1.72440164568	-1.38993988419	4.24815145589	-1.19022139479	-0.931820543769	363
27	0.5	0.75	0.0	3.40997374478	-1.94883766126	-1.40699130055	3.72983698113	-1.41688266972	-0.946787005717	364
27	0.5	1.0	0.0	2.8794064421	-2.11710795911	-1.42954372896	3.21064476196	-1.6062615778	-0.96644399686	365
27	0.75	0.0	0.0	5.07041067177	-1.55593715418	-1.07697039444	5.34469798973	-1.09119943904	-0.414027400085	366
27	0.75	0.25	0.0	4.55578673109	-1.81599074522	-1.13130220304	4.8316364711	-1.29469256178	-0.459174516871	367
27	0.75	0.5	0.0	4.01844167966	-2.08022192526	-1.15664644927	4.29619752748	-1.54796187796	-0.48310240997	368
27	0.75	0.75	0.0	3.47031032123	-2.31962011732	-1.16237473969	3.75054135219	-1.80960877867	-0.499270035017	369
27	0.75	1.0	0.0	2.92332745955	-2.50517474439	-1.15785868086	3.20682813855	-2.038234655	-0.521136347648	370
27	1.0	0.0	0.0	5.117717128	-1.619661765	-0.774601092	5.41116284577	-1.15375260475	0.0206702288136	371
27	1.0	0.25	0.0	4.60441316924	-1.91607767269	-0.798939776385	4.90839747552	-1.39906606414	0.012215565265	372
27	1.0	0.5	0.0	4.05036301758	-2.22186215498	-0.802039929767	4.35659899856	-1.69884876976	0.0133551303353	373
27	1.0	0.75	0.0	3.48713973664	-2.49934011428	-0.789438629766	3.788755765	-2.00753082673	0.0139047741008	374
27	1.0	1.0	0.0	2.94631639	-2.710836453	-0.766672954	3.23785612495	-2.27954234018	0.00368034663798	375
28	0.0	0.0	0.0	2.78207208	-1.200684183	-1.843994324	3.05849618226	-0.675451804704	-1.66958134888	376
28	0.0	0.25	0.0	2.20828144112	-1.37955138412	-1.94424906727	2.47489229558	-0.872877126915	-1.70188704543	377
28	0.0	0.5	0.0	1.59762671446	-1.57071146697	-2.05099035593	1.84082463593	-1.09787008479	-1.72770659186	378
28	0.0	0.75	0.0	0.988999179815	-1.73638038784	-2.13780835513	1.19992210656	-1.29757204943	-1.73291038546	379
28	0.0	1.0	0.0	0.421290117	-1.838774103	-2.17829323	0.595813610719	-1.41912439193	-1.7033688235	380
28	0.25	0.0	0.0	2.8278793211	-1.64836735327	-1.63912373208	3.18322708119	-1.10990624792	-1.3450048982	381
28	0.25	0.25	0.0	2.24574000484	-1.80586679998	-1.73362255193	2.58610473278	-1.28884675123	-1.38474491409	382
28	0.25	0.5	0.0	1.63328373578	-1.99084819562	-1.83968479413	1.92034086609	-1.50283547593	-1.42668871025	383
28	0.25	0.75	0.0	1.02678573461	-2.16069838994	-1.92000284739	1.24386407827	-1.69927969898	-1.44106944846	384
28	0.25	1.0	0.0	0.462521222019	-2.27280423272	-1.93726910046	0.61460296647	-1.82558669734	-1.39812029046	385
28	0.5	0.0	0.0	2.8794064421	-2.11710795911	-1.42954372896	3.21064476196	-1.6062615778	-0.96644399686	386
28	0.5	0.25	0.0	2.30300210502	-2.26594020788	-1.47991918805	2.62243541571	-1.77890976311	-1.00413929288	387
28	0.5	0.5	0.0	1.70288661555	-2.43165901858	-1.5394462001	1.97359851699	-1.96079972404	-1.04081906181	388
28	0.5	0.75	0.0	1.10554056673	-2.5857800527	-1.58355049111	1.30842031268	-2.12756393909	-1.05254847011	389
28	0.5	1.0	0.0	0.537444551639	-2.69981897175	-1.58765778707	0.671187049672	-2.25483488675	-1.01539268424	390
28	0.75	0.0	0.0	2.92332745955	-2.50517474439	-1.15785868086	3.20682813855	-2.038234655	-0.521136347648	391
28	0.75	0.25	0.0	2.36070185245	-2.65031532489	-1.15891520504	2.63468304388	-2.21421532986	-0.554837571436	392
28	0.75	0.5	0.0	1.77012206556	-2.78666279127	-1.16583577135	2.01096604791	-2.35833645003	-0.587268236182	393
28	0.75	0.75	0.0	1.17551869826	-2.90726573446	-1.1718050928	1.36511318163	-2.48148294004	-0.602293650616	394
28	0.75	1.0	0.0	0.60082234994	-3.0051727454	-1.17000788241	0.726560476044	-2.59453972441	-0.583779123471	395
28	1.0	0.0	0.0	2.94631639	-2.710836453	-0.766672954	3.23785612495	-2.27954234018	0.00368034663798	396
28	1.0	0.25	0.0	2.3994733579	-2.8495358681	-0.746386832343	2.67364631681	-2.46591261882	-0.031607139412	397
28	1.0	0.5	0.0	1.7986767976	-2.9493783691	-0.734414705383	2.04281191812	-2.58201927481	-0.0832068230165	398
28	1.0	0.75	0.0	1.18697515125	-3.02079579356	-0.728120458981	1.38546505694	-2.66009487208	-0.125251190152	399
28	1.0	1.0	0.0	0.607416861	-3.074219979	-0.724867979	0.741717861308	-2.73237197453	-0.131872726796	400
33	0.0	0.0	0.0	5.117717128	-1.619661765	-0.774601092	5.41116284577	-1.15375260475	0.0206702288136	401
33	0.0	0.25	0.0	4.60441316924	-1.91607767269	-0.798939776385	4.90839747552	-1.39906606414	0.012215565265	402
33	0.0	0.5	0.0	4.05036301758	-2.22186215498	-0.802039929767	4.35659899856	-1.69884876976	0.0133551303353	403
33	0.0	0.75	0.0	3.48713973664	-2.49934011428	-0.789438629766	3.788755765	-2.00753082673	0.0139047741008	404
33	0.0	1.0	0.0	2.94631639	-2.710836453	-0.766672954	3.23785612495	-2.27954234018	0.00368034663798	405
33	0.25	0.0	0.0	5.07198573821	-1.47691152034	-0.586547744624	5.38319382405	-1.00252484597	0.296429671622	406
33	0.25	0.25	0.0	4.5617306828	-1.76794682433	-0.578492274491	4.88500188024	-1.25020535635	0.323894557757	407
33	0.25	0.5	0.0	4.0109642017	-2.08579982666	-0.54017686164	4.33866801994	-1.56779572856	0.364853855061	408
33	0.25	0.75	0.0	3.45620896026	-2.38175593125	-0.487915524489	3.78242940257	-1.89973605758	0.404417368239	409
33	0.25	1.0	0.0	2.93398762386	-2.60710054203	-0.438022281456	3.25452318754	-2.1904664384	0.427694901994	410
33	0.5	0.0	0.0	4.9702758261	-1.22372174739	-0.539421346987	5.26346296577	-0.742599264285	0.445825607923	411
33	0.5	0.25	0.0	4.45796898385	-1.46777879513	-0.514997064135	4.74724173158	-0.945518807884	0.500403476888	412
33	0.5	0.5	0.0	3.92902008863	-1.74994311453	-0.437628643024	4.21739669406	-1.23881700955	0.575156758696	413
33	0.5	0.75	0.0	3.400769279	-2.0248717174	-0.337934193367	3.69522118298	-1.55852313489	0.65361700817	414
33	0.5	1.0	0.0	2.89055669351	-2.24722161552	-0.246531824877	3.20200852811	-1.84066644948	0.719315780132	415
33	0.75	0.0	0.0	4.87406728169	-0.893069378736	-0.507598190357	5.14702343944	-0.439106557561	0.558930165172	416
33	0.75	0.25	0.0	4.34940697168	-1.0823761094	-0.475044841975	4.60539069391	-0.586355198064	0.634864522177	417
33	0.75	0.5	0.0	3.83949915644	-1.31819786245	-0.375704079665	4.08570872446	-0.837595477919	0.730913599211	418
33	0.75	0.75	0.0	3.33536981932	-1.5617824117	-0.245980681388	3.58885084855	-1.1260868899	0.834882925518	419
33	0.75	1.0	0.0	2.82804494365	-1.77437753101	-0.122279425109	3.11569038361	-1.38508892677	0.934578030339	420
33	1.0	0.0	0.0	4.844839995	-0.517931347	-0.365454566	5.12892841354	-0.157177423657	0.725815470823	421
33	1.0	0.25	0.0	4.29232354556	-0.678541291472	-0.325226304672	4.56972243159	-0.274063306217	0.820399893144	422
33	1.0	0.5	0.0	3.77736988319	-0.894469914241	-0.23571197731	4.03652781467	-0.489813998854	0.918774134578	423
33	1.0	0.75	0.0	3.27455970772	-1.12558295314	-0.118541033543	3.52503814156	-0.744622153879	1.0215943519	424
33	1.0	1.0	0.0	2.758473719	-1.331746146	0.004657077	3.03094699102	-0.978680423603	1.1295167019	425
34	0.0	0.0	0.0	2.94631639	-2.710836453	-0.766672954	3.23785612495	-2.27954234018	0.00368034663798	426
34	0.0	0.25	0.0	2.3994733579	-2.8495358681	-0.746386832343	2.67364631681	-2.46591261882	-0.031607139412	427
34	0.0	0.5	0.0	1.7986767976	-2.9493783691	-0.734414705383	2.04281191812	-2.58201927481	-0.0832068230165	428
34	0.0	0.75	0.0	1.18697515125	-3.02079579356	-0.728120458981	1.38546505694	-2.66009487208	-0.125251190152	429
34	0.0	1.0	0.0	0.607416861	-3.074219979	-0.724867979	0.741717861308	-2.73237197453	-0.131872726796	430
34	0.25	0.0	0.0	2.93398762386	-2.60710054203	-0.438022281456	3.25452318754	-2.1904664384	0.427694901994	431
34	0.25	0.25	0.0	2.38145596198	-2.75570587352	-0.379895152127	2.68941836749	-2.40351313142	0.427792323025	432
34	0.25	0.5	0.0	1.76179847277	-2.85427964213	-0.310468317669	2.03872863047	-2.54634232695	0.411761444167	433
34	0.25	0.75	0.0	1.13338430506	-2.9105696341	-0.246897977119	1.35900304059	-2.63360307782	0.396973591173	434
34	0.25	1.0	0.0	0.55458260765	-2.93232363568	-0.206340329516	0.706790661949	-2.67994443685	0.400800089794	435
34	0.5	0.0	0.0	2.89055669351	-2.24722161552	-0.246531824877	3.20200852811	-1.84066644948	0.719315780132	436
34	0.5	0.25	0.0	2.31028618431	-2.42740718586	-0.119392673779	2.63450823981	-2.08976504638	0.787151306865	437
34	0.5	0.5	0.0	1.68514276146	-2.56697853201	0.050071253123	1.98604650339	-2.30044772827	0.854913357394	438
34	0.5	0.75	0.0	1.06105080517	-2.65922301397	0.212935706736	1.30676820871	-2.45093526813	0.915083259237	439
34	0.5	1.0	0.0	0.48393469564	-2.69742799173	0.320276437963	0.646818245601	-2.51944843891	0.960142339911	440
34	0.75	0.0	0.0	2.82804494365	-1.77437753101	-0.122279425109	3.11569038361	-1.38508892677	0.934578030339	441
34	0.75	0.25	0.0	2.2152768159	-1.9813673544	0.0707207211762	2.53797845137	-1.65606735253	1.07143964438	442
34	0.75	0.5	0.0	1.59309229477	-2.159730169	0.337933553747	1.9012728174	-1.92120377261	1.23248500617	443
34	0.75	0.75	0.0	0.982702669623	-2.29356854752	0.601659212533	1.23526650363	-2.13307423268	1.38204661965	444
34	0.75	1.0	0.0	0.40531922981	-2.36698506267	0.784197837461	0.569652531998	-2.24425477837	1.48445698876	445
34	1.0	0.0	0.0	2.758473719	-1.331746146	0.004657077	3.03094699102	-0.978680423603	1.1295167019	446
34	1.0	0.25	0.0	2.12574064776	-1.53431392845	0.226045151217	2.42889151978	-1.23381903868	1.30562716784	447
34	1.0	0.5	0.0	1.51002970381	-1.70478968335	0.543848130958	1.80091485299	-1.48547875379	1.53071248	448
34	1.0	0.75	0.0	0.911067916456	-1.84041884907	0.869551160221	1.15100386768	-1.70100276113	1.75083247802	449
34	1.0	1.0	0.0	0.328582315	-1.938446864	1.114639383	0.483145440878	-1.84773425289	1.91204700154	450
35	0.0	0.0	0.0	4.844839995	-0.517931347	-0.365454566	5.12892841354	-0.157177423657	0.725815470823	451
35	0.0	0.25	0.0	4.29232354556	-0.678541291472	-0.325226304672	4.56972243159	-0.274063306217	0.820399893144	452
35	0.0	0.5	0.0	3.77736988319	-0.894469914241	-0.23571197731	4.03652781467	-0.489813998854	0.918774134578	453
35	0.0	0.75	0.0	3.27455970772	-1.12558295314	-0.118541033543	3.52503814156	-0.744622153879	1.0215943519	454
35	0.0	1.0	0.0	2.758473719	-1.331746146	0.004657077	3.03094699102	-0.978680423603	1.1295167019	455
35	0.25	0.0	0.0	4.84069766032	-0.277924193679	-0.152693229998	5.14250882865	0.0272896333734	0.937673078663	456
35	0.25	0.25	0.0	4.27400782588	-0.398522351335	-0.10747935813	4.58169802399	-0.0605332700326	1.03674102773	457
35	0.25	0.5	0.0	3.74004288801	-0.581267309036	-0.048105320643	4.02757899953	-0.230825102605	1.11923143402	458
35	0.25	0.75	0.0	3.22069932211	-0.783232390588	0.0250689310964	3.4865083151	-0.435317437524	1.1968261741	459
35	0.25	1.0	0.0	2.69787360356	-0.961490919797	0.111683445722	2.96484253051	-0.625741847971	1.28120712457	460
35	0.5	0.0	0.0	4.80437722628	-0.138153539213	0.0607602489703	5.09990165122	0.200076323405	1.16058390531	461
35	0.5	0.25	0.0	4.24586794031	-0.182632788965	0.0977958802063	4.54322568111	0.16618874382	1.24151567678	462
35	0.5	0.5	0.0	3.69869638839	-0.296685373532	0.112518620652	3.97838259567	0.0620715283765	1.28650761603	463
35	0.5	0.75	0.0	3.1634432314	-0.437141185224	0.124695529839	3.42335811208	-0.0718664991619	1.31709250725	464
35	0.5	1.0	0.0	2.6406891302	-0.560830116346	0.154093667298	2.89613794753	-0.195216515031	1.35480313463	465
35	0.75	0.0	0.0	4.7621414006	0.000272955109945	0.237647125953	5.03352384476	0.415982231507	1.33696400945	466
35	0.75	0.25	0.0	4.21506937293	0.0242820762513	0.248617767844	4.47825254422	0.434606883881	1.38182383546	467
35	0.75	0.5	0.0	3.66197904346	-0.0215435331153	0.206399584831	3.91108701605	0.393557072424	1.37302762095	468
35	0.75	0.75	0.0	3.1152407454	-0.0988044452023	0.151221153573	3.35284313386	0.325286238782	1.34386236053	469
35	0.75	1.0	0.0	2.58722481199	-0.169101232222	0.123311050726	2.82433677127	0.262247824601	1.32761504883	470
35	1.0	0.0	0.0	4.740252891	0.236247628	0.340708656	4.97579237277	0.729806942748	1.40922944976	471
35	1.0	0.25	0.0	4.1887776078	0.277376924925	0.303004662289	4.41072575458	0.773225298689	1.40476549895	472
35	1.0	0.5	0.0	3.63853951235	0.26333878683	0.19377731015	3.84784067365	0.768312707871	1.33121638912	473
35	1.0	0.75	0.0	3.08854117397	0.22028272132	0.075528193186	3.29221898182	0.735696353883	1.23860474314	474
35	1.0	1.0	0.0	2.537785162	0.174358236	0.010758905	2.74894253092	0.696003420311	1.1769531839	475
36	0.0	0.0	0.0	2.758473719	-1.331746146	0.004657077	3.03094699102	-0.978680423603	1.1295167019	476
36	0.0	0.25	0.0	2.12574064776	-1.53431392845	0.226045151217	2.42889151978	-1.23381903868	1.30562716784	477
36	0.0	0.5	0.0	1.51002970381	-1.70478968335	0.543848130958	1.80091485299	-1.48547875379	1.53071248	478
36	0.0	0.75	0.0	0.911067916456	-1.84041884907	0.869551160221	1.15100386768	-1.70100276113	1.75083247802	479
36	0.0	1.0	0.0	0.328582315	-1.938446864	1.114639383	0.483145440878	-1.84773425289	1.91204700154	480
36	0.25	0.0	0.0	2.69787360356	-0.961490919797	0.111683445722	2.96484253051	-0.625741847971	1.28120712457	481
36	0.25	0.25	0.0	2.07693908178	-1.12996529211	0.303911471781	2.35630170344	-0.832135033911	1.44334890822	482
36	0.25	0.5	0.0	1.46852437125	-1.27217384238	0.597959866341	1.73311377759	-1.03510892249	1.66781307174	483
36	0.25	0.75	0.0	0.876730784267	-1.3916347112	0.909887588412	1.09653168934	-1.21504644996	1.89465957616	484
36	0.25	1.0	0.0	0.305659633167	-1.49186603918	1.155753597	0.447808375049	-1.35233055262	2.06394838254	485
36	0.5	0.0	0.0	2.6406891302	-0.560830116346	0.154093667298	2.89613794753	-0.195216515031	1.35480313463	486
36	0.5	0.25	0.0	2.05278202333	-0.693250359835	0.278501925922	2.31172035779	-0.350470896616	1.46198307601	487
36	0.5	0.5	0.0	1.45569220653	-0.837260306212	0.491891384772	1.7001401944	-0.534978559117	1.62689715605	488
36	0.5	0.75	0.0	0.875149499652	-0.969754522226	0.723268435084	1.08117929424	-0.700451051995	1.79418107009	489
36	0.5	1.0	0.0	0.336883722555	-1.06762757463	0.901639468093	0.47461949419	-0.798599924713	1.90847051346	490
36	0.75	0.0	0.0	2.58722481199	-0.169101232222	0.123311050726	2.82433677127	0.262247824601	1.32761504883	491
36	0.75	0.25	0.0	2.02695743029	-0.266795309379	0.171659011719	2.2671023778	0.15151280824	1.36718086771	492
36	0.75	0.5	0.0	1.44311826753	-0.40922925599	0.279951046531	1.67238035764	-0.0192996527283	1.44908995913	493
36	0.75	0.75	0.0	0.874635650102	-0.549715248289	0.400950338043	1.07358816408	-0.1757647618	1.53246454394	494
36	0.75	1.0	0.0	0.360437904415	-0.641565462512	0.487420069136	0.504143250437	-0.243457722472	1.57642684296	495
36	1.0	0.0	0.0	2.537785162	0.174358236	0.010758905	2.74894253092	0.696003420311	1.1769531839	496
36	1.0	0.25	0.0	1.97315326056	0.106773681495	0.00522522725304	2.19440265846	0.6141555157	1.1645934798	497
36	1.0	0.5	0.0	1.40238761211	0.00273912715659	0.0164472118982	1.62022052151	0.477715807642	1.17551670715	498
36	1.0	0.75	0.0	0.843500823105	-0.10645385551	0.0341899350942	1.04239978053	0.340464226038	1.19257758182	499
36	1.0	1.0	0.0	0.3145055	-0.189513695	0.048218473	0.476944095927	0.256180700793	1.19863081969	500
41	0.0	0.0	0.0	4.740252891	0.236247628	0.340708656	4.97579237277	0.729806942748	1.40922944976	501
41	0.0	0.25	0.0	4.1887776078	0.277376924925	0.303004662289	4.41072575458	0.773225298689	1.40476549895	502
41	0.0	0.5	0.0	3.63853951235	0.26333878683	0.19377731015	3.84784067365	0.768312707871	1.33121638912	503
41	0.0	0.75	0.0	3.08854117397	0.22028272132	0.075528193186	3.29221898182	0.735696353883	1.23860474314	504
41	0.0	1.0	0.0	2.537785162	0.174358236	0.010758905	2.74894253092	0.696003420311	1.1769531839	505
41	0.25	0.0	0.0	4.76105862023	0.394528508945	0.322086409643	4.97448482074	0.945464711785	1.36051670269	506
41	0.25	0.25	0.0	4.19791606044	0.417993981068	0.274795573003	4.39711222766	0.970778100064	1.34879292113	507
41	0.25	0.5	0.0	3.63553968897	0.384799538246	0.161741584763	3.82675982235	0.935325173199	1.27503707368	508
41	0.25	0.75	0.0	3.07661062358	0.324802964129	0.0417820340389	3.26764839286	0.871699825652	1.18332656427	509
41	0.25	1.0	0.0	2.52380998206	0.267862042366	-0.0262254900506	2.72399872721	0.812495951883	1.11773879683	510
41	0.5	0.0	0.0	4.8097332522	0.502931577249	0.227133033186	5.00406060681	1.13221858785	1.23898910384	511
41	0.5	0.25	0.0	4.23745546164	0.524397714424	0.196001644966	4.41318652794	1.14308620571	1.24069465305	512
41	0.5	0.5	0.0	3.64526318706	0.494457387943	0.108893717138	3.81780657781	1.09094739577	1.1911814151	513
41	0.5	0.75	0.0	3.06072389494	0.435792502655	0.00988307712543	3.23886623489	1.00926657569	1.12025412796	514
41	0.5	1.0	0.0	2.51140505176	0.371084963411	-0.056956447647	2.69731097766	0.931508163138	1.05771752963	515
41	0.75	0.0	0.0	4.86023203806	0.594605876679	0.0957788603854	5.03661764132	1.29873381218	1.08342169703	516
41	0.75	0.25	0.0	4.28113731381	0.614852600942	0.0863704449481	4.43495828153	1.29670683706	1.10323670822	517
41	0.75	0.5	0.0	3.66153772073	0.597864493123	0.0354145899398	3.81589387603	1.23806988263	1.08377605948	518
41	0.75	0.75	0.0	3.05240054462	0.550078107474	-0.0327351181095	3.21690051454	1.14783635548	1.03995129608	519
41	0.75	1.0	0.0	2.50469307134	0.47792999825	-0.0937250926698	2.6754542868	1.05101966219	0.986673963285	520
41	1.0	0.0	0.0	4.886510229	0.702700451	-0.032045775	5.04425383464	1.45367562604	0.932589526116	521
41	1.0	0.25	0.0	4.30270311935	0.707623116574	-0.0343504602764	4.4384371146	1.43819721554	0.959185100147	522
41	1.0	0.5	0.0	3.67819100404	0.70057301099	-0.058514914165	3.81593465304	1.37958314084	0.95694765296	523
41	1.0	0.75	0.0	3.06316012922	0.664486549161	-0.0986389922211	3.2127792384	1.28684891653	0.932981930521	524
41	1.0	1.0	0.0	2.507796741	0.582300146	-0.14882255	2.66500365914	1.16901005716	0.894392678796	525
42	0.0	0.0	0.0	2.537785162	0.174358236	0.010758905	2.74894253092	0.696003420311	1.1769531839	526
42	0.0	0.25	0.0	1.97315326056	0.106773681495	0.00522522725304	2.19440265846	0.6141555157	1.1645934798	527
42	0.0	0.5	0.0	1.40238761211	0.00273912715659	0.0164472118982	1.62022052151	0.477715807642	1.17551670715	528
42	0.0	0.75	0.0	0.843500823105	-0.10645385551	0.0341899350942	1.04239978053	0.340464226038	1.19257758182	529
42	0.0	1.0	0.0	0.3145055	-0.189513695	0.048218473	0.476944095927	0.256180700793	1.19863081969	530
42	0.25	0.0	0.0	2.52380998206	0.267862042366	-0.0262254900506	2.72399872721	0.812495951883	1.11773879683	531
42	0.25	0.25	0.0	1.95962774629	0.198365791014	-0.0463230636432	2.17275910366	0.729682405244	1.09439649393	532
42	0.25	0.5	0.0	1.38363341077	0.100875921945	-0.060073157369	1.60238985585	0.602898229135	1.09339812824	533
42	0.25	0.75	0.0	0.816899604376	0.00527126478535	-0.0647836931716	1.02755359724	0.476064071868	1.10465312628	534
42	0.25	1.0	0.0	0.280498955946	-0.0585693508386	-0.057762592995	0.462912941323	0.393100581754	1.11807091462	535
42	0.5	0.0	0.0	2.51140505176	0.371084963411	-0.056956447647	2.69731097766	0.931508163138	1.05771752963	536
42	0.5	0.25	0.0	1.95744235618	0.285144754724	-0.0953210693565	2.15834686003	0.835743245531	1.02506814915	537
42	0.5	0.5	0.0	1.36632620351	0.175040754454	-0.130812212157	1.58755079912	0.706239063727	1.01937432469	538
42	0.5	0.75	0.0	0.781231399093	0.0831989954176	-0.151076377663	1.01136321762	0.587302258489	1.03486385224	539
42	0.5	1.0	0.0	0.245332748249	0.0520455104313	-0.143760067487	0.45622453821	0.523239470582	1.0657645278	540
42	0.75	0.0	0.0	2.50469307134	0.47792999825	-0.0937250926698	2.6754542868	1.05101966219	0.986673963285	541
42	0.75	0.25	0.0	1.95923660607	0.375551941483	-0.149689893504	2.14530258847	0.939717041717	0.946502869726	542
42	0.75	0.5	0.0	1.35357266412	0.260122694923	-0.207174813115	1.5697902969	0.811726735619	0.931947970711	543
42	0.75	0.75	0.0	0.750615942556	0.175980440273	-0.246335096957	0.987881404304	0.704375542367	0.944913159099	544
42	0.75	1.0	0.0	0.213281138427	0.167463359236	-0.247325990486	0.438539902892	0.654990260426	0.987302327752	545
42	1.0	0.0	0.0	2.507796741	0.582300146	-0.14882255	2.66500365914	1.16901005716	0.894392678796	546
42	1.0	0.25	0.0	1.9576500118	0.478028720146	-0.217350639702	2.1277629499	1.04898279896	0.848595079906	547
42	1.0	0.5	0.0	1.34847946641	0.391010813591	-0.300565820888	1.54319529475	0.943349669016	0.809621740477	548
42	1.0	0.75	0.0	0.739172970066	0.33226670324	-0.37220682963	0.951160919923	0.857480679966	0.79650444625	549
42	1.0	1.0	0.0	0.188618388	0.312816666	-0.406012402	0.391520051677	0.796745844434	0.828274982964	550
43	0.0	0.0	0.0	4.886510229	0.702700451	-0.032045775	5.04425383464	1.45367562604	0.932589526116	551
43	0.0	0.25	0.0	4.30270311935	0.707623116574	-0.0343504602764	4.4384371146	1.43819721554	0.959185100147	552
43	0.0	0.5	0.0	3.67819100404	0.70057301099	-0.058514914165	3.81593465304	1.37958314084	0.95694765296	553
43	0.0	0.75	0.0	3.06316012922	0.664486549161	-0.0986389922211	3.2127792384	1.28684891653	0.932981930521	554
43	0.0	1.0	0.0	2.507796741	0.582300146	-0.14882255	2.66500365914	1.16901005716	0.894392678796	555
43	0.25	0.0	0.0	4.89277803882	0.815530781697	-0.145204011085	5.03473619889	1.59137232086	0.787678279849	556
43	0.25	0.25	0.0	4.3068851797	0.81179824691	-0.156136631901	4.42830242381	1.57531575204	0.800898897581	557
43	0.25	0.5	0.0	3.69451013752	0.820901948753	-0.177311902977	3.81401789135	1.53440057787	0.785598092593	558
43	0.25	0.75	0.0	3.08980738436	0.803581071153	-0.207377040063	3.21772691392	1.45668136463	0.757968210892	559
43	0.25	1.0	0.0	2.52693139228	0.720574798041	-0.244979258912	2.6652738039	1.33021267859	0.734201598483	560
43	0.5	0.0	0.0	4.89935609188	0.911301245467	-0.272578495014	5.02976729034	1.71527090894	0.612151202565	561
43	0.5	0.25	0.0	4.30914576869	0.908017545013	-0.288041179802	4.41937771228	1.70032572095	0.612586058801	562
43	0.5	0.5	0.0	3.70059856404	0.920195453968	-0.305866515379	3.8045394665	1.66355966608	0.589966159073	563
43	0.5	0.75	0.0	3.10509068787	0.910549875468	-0.325342853448	3.21278167693	1.59298548435	0.56410573441	564
43	0.5	1.0	0.0	2.55399835013	0.841795712651	-0.345758545711	2.67163346747	1.47661591581	0.554819015841	565
43	0.75	0.0	0.0	4.90296873275	0.975576584504	-0.405568074935	5.02594378875	1.80901253129	0.42270081786	566
43	0.75	0.25	0.0	4.31040037004	0.978716895451	-0.425321068539	4.41316640387	1.79959869117	0.410359903608	567
43	0.75	0.5	0.0	3.70464037373	0.990658379839	-0.441601607339	3.79786111094	1.76355173221	0.383446208977	568
43	0.75	0.75	0.0	3.11809769021	0.984434424231	-0.453146208866	3.21051078939	1.69680485804	0.360109857707	569
43	0.75	1.0	0.0	2.58318126592	0.933078415186	-0.458691390653	2.68159831862	1.5952912723	0.358500973537	570
43	1.0	0.0	0.0	4.900340306	0.993921541	-0.535571599	5.0198623739	1.8562383289	0.236019649331	571
43	1.0	0.25	0.0	4.31156446749	1.00633218279	-0.563233262675	4.41117192245	1.85950623158	0.210333751803	572
43	1.0	0.5	0.0	3.71481965671	1.02449557957	-0.581940034822	3.80434455713	1.830868103	0.179432598882	573
43	1.0	0.75	0.0	3.13791604182	1.02427617957	-0.591396882808	3.22348151325	1.76918306802	0.154695937413	574
43	1.0	1.0	0.0	2.608663791	0.981538431	-0.591308774	2.69268402613	1.67331025156	0.14750351424	575
44	0.0	0.0	0.0	2.507796741	0.582300146	-0.14882255	2.66500365914	1.16901005716	0.894392678796	576
44	0.0	0.25	0.0	1.9576500118	0.478028720146	-0.217350639702	2.1277629499	1.04898279896	0.848595079906	577
44	0.0	0.5	0.0	1.34847946641	0.391010813591	-0.300565820888	1.54319529475	0.943349669016	0.809621740477	578
44	0.0	0.75	0.0	0.739172970066	0.33226670324	-0.37220682963	0.951160919923	0.857480679966	0.79650444625	579
44	0.0	1.0	0.0	0.188618388	0.312816666	-0.406012402	0.391520051677	0.796745844434	0.828274982964	580
44	0.25	0.0	0.0	2.52693139228	0.720574798041	-0.244979258912	2.6652738039	1.33021267859	0.734201598483	581
44	0.25	0.25	0.0	1.96556327317	0.633515902013	-0.306877095675	2.11375823499	1.21272337698	0.697986554305	582
44	0.25	0.5	0.0	1.3605332237	0.60140329101	-0.394728033599	1.51739408097	1.1439728334	0.644564681949	583
44	0.25	0.75	0.0	0.750133949739	0.585205631845	-0.482451309776	0.909141447437	1.08943544652	0.609082682613	584
44	0.25	1.0	0.0	0.172658157147	0.545891591334	-0.543966161297	0.321960440003	1.01458561501	0.626687257495	585
44	0.5	0.0	0.0	2.55399835013	0.841795712651	-0.345758545711	2.67163346747	1.47661591581	0.554819015841	586
44	0.5	0.25	0.0	1.99536942809	0.781354692481	-0.38188404387	2.12068749016	1.37483750073	0.540208675342	587
44	0.5	0.5	0.0	1.39039330227	0.786536389058	-0.438192302461	1.5158381919	1.33031575405	0.505887305983	588
44	0.5	0.75	0.0	0.77220573439	0.804277524401	-0.496982943957	0.891692346403	1.30211205573	0.485071250211	589
44	0.5	1.0	0.0	0.173942486185	0.78151482053	-0.540555590835	0.282856727398	1.24928778573	0.510976850476	590
44	0.75	0.0	0.0	2.58318126592	0.933078415186	-0.458691390653	2.68159831862	1.5952912723	0.358500973537	591
44	0.75	0.25	0.0	2.03002014717	0.897539727961	-0.469199738237	2.13190021555	1.51063590265	0.359472977771	592
44	0.75	0.5	0.0	1.42316542781	0.92656097138	-0.49118652615	1.51999508996	1.48083877507	0.346742112809	593
44	0.75	0.75	0.0	0.798299004935	0.968741470708	-0.515709588765	0.885486762301	1.47130681559	0.345006188592	594
44	0.75	1.0	0.0	0.19110277563	0.97268055121	-0.533826760455	0.267979053038	1.44744695023	0.378963015063	595
44	1.0	0.0	0.0	2.608663791	0.981538431	-0.591308774	2.69268402613	1.67331025156	0.14750351424	596
44	1.0	0.25	0.0	2.05246710102	0.958065644866	-0.595652432728	2.13074591127	1.5954293152	0.139990996347	597
44	1.0	0.5	0.0	1.44395532604	1.00162790162	-0.613938603345	1.51133223755	1.57400224057	0.120281602657	598
44	1.0	0.75	0.0	0.821324442291	1.05785656056	-0.638539100789	0.877197840612	1.57281603408	0.109423537303	599
44	1.0	1.0	0.0	0.222770426	1.072382981	-0.66182574	0.271097556099	1.55565770216	0.128465004415	600
49	0.0	0.0	0.0	6.540369552	-0.215200002	-0.541984	6.7499053918	0.452726637491	0.0828440431789	601
49	0.0	0.25	0.0	6.3764688322	0.286226336365	-0.506273205527	6.57670028623	1.0304952968	0.143511026285	602
49	0.0	0.5	0.0	5.98929153054	0.666656089319	-0.49752337543	6.1665145273	1.4670057934	0.198344589364	603
49	0.0	0.75	0.0	5.46764592811	0.908438182364	-0.509400757368	5.61551344614	1.74725463489	0.233721780889	604
49	0.0	1.0	0.0	4.900340306	0.993921541	-0.535571599	5.0198623739	1.8562383289	0.236019649331	605
49	0.25	0.0	0.0	6.54096064544	-0.215052222641	-0.556025482802	6.75244278233	0.451604129414	0.0656193805025	606
49	0.25	0.25	0.0	6.37385668596	0.277075529203	-0.590157858656	6.57642500661	1.02582028397	0.0341171466339	607
49	0.25	0.5	0.0	5.98079871618	0.641411871401	-0.619205374278	6.1613150625	1.45608093773	0.034240070269	608
49	0.25	0.75	0.0	5.45671809	0.868092735097	-0.649392823809	5.60907851548	1.73327924982	0.0381301255282	609
49	0.25	1.0	0.0	4.8965461613	0.947254051434	-0.686945001388	5.02168093104	1.84830837936	0.0179292865318	610
49	0.5	0.0	0.0	6.542261051	-0.217204876373	-0.569877523235	6.75802504149	0.446656843326	0.0447643443467	611
49	0.5	0.25	0.0	6.3703026107	0.25011577749	-0.673654946832	6.57851433916	0.99648685481	-0.0695218781246	612
49	0.5	0.5	0.0	5.96896923638	0.58840976023	-0.743824047263	6.15835402187	1.41218719139	-0.124590241305	613
49	0.5	0.75	0.0	5.4437430407	0.792410300427	-0.794919900266	5.60877096688	1.68208956746	-0.155914732541	614
49	0.5	1.0	0.0	4.90010613631	0.856850626663	-0.841477581574	5.04099205148	1.79452569745	-0.198969339179	615
49	0.75	0.0	0.0	6.54356145656	-0.221575591667	-0.5831970523	6.76360730064	0.439491495674	0.0244418195586	616
49	0.75	0.25	0.0	6.36725215455	0.214382290764	-0.756467089134	6.58215411801	0.952322677464	-0.167397335931	617
49	0.75	0.5	0.0	5.95892645159	0.528492787617	-0.872376290571	6.16022225931	1.35059917667	-0.278496283811	618
49	0.75	0.75	0.0	5.43413725239	0.713624353572	-0.950118563666	5.61610285841	1.61283756492	-0.348076111722	619
49	0.75	1.0	0.0	4.90843746166	0.762645443311	-1.00888781547	5.06808704919	1.71755441386	-0.415357907306	620
49	1.0	0.0	0.0	6.54415255	-0.228081997	-0.595641001	6.76614469117	0.431714802906	0.00881469098504	621
49	1.0	0.25	0.0	6.36615086565	0.178910278563	-0.838296904644	6.58653017728	0.903155420064	-0.259500514727	622
49	1.0	0.5	0.0	5.95579372225	0.482503985374	-1.00585900039	6.16951062874	1.28659151587	-0.427827995704	623
49	1.0	0.75	0.0	5.43331719722	0.663968369747	-1.11912539093	5.63258624816	1.54467521929	-0.538017330421	624
49	1.0	1.0	0.0	4.918957368	0.704572678	-1.198894179	5.09325723815	1.64005865932	-0.631918097354	625
50	0.0	0.0	0.0	6.54415255	-0.228081997	-0.595641001	6.76614469117	0.431714802906	0.00881469098504	626
50	0.0	0.25	0.0	6.36615086565	0.178910278563	-0.838296904644	6.58653017728	0.903155420064	-0.259500514727	627
50	0.0	0.5	0.0	5.95579372225	0.482503985374	-1.00585900039	6.16951062874	1.28659151587	-0.427827995704	628
50	0.0	0.75	0.0	5.43331719722	0.663968369747	-1.11912539093	5.63258624816	1.54467521929	-0.538017330421	629
50	0.0	1.0	0.0	4.918957368	0.704572678	-1.198894179	5.09325723815	1.64005865932	-0.631918097354	630
50	0.25	0.0	0.0	6.54861503656	-0.237266736608	-0.608147712495	6.76891906198	0.418655828284	-0.00649230789648	631
50	0.25	0.25	0.0	6.37114217313	0.143977284877	-0.924574313356	6.59157010666	0.852849118439	-0.361177227014	632
50	0.25	0.5	0.0	5.96145772546	0.452945129234	-1.13734314037	6.17903754272	1.23071110711	-0.57888770335	633
50	0.25	0.75	0.0	5.43632341033	0.655284823475	-1.27865180127	5.64325332604	1.50028694346	-0.716892450633	634
50	0.25	1.0	0.0	4.91250094454	0.716644394616	-1.38069790377	5.09614941249	1.60962177666	-0.832460182589	635
50	0.5	0.0	0.0	6.558432507	-0.247404541577	-0.617805531567	6.77502267776	0.399994706286	-0.0223107592188	636
50	0.5	0.25	0.0	6.38152117047	0.107602614106	-1.00410124115	6.59733490824	0.802863795455	-0.4654002069	637
50	0.5	0.5	0.0	5.97079217413	0.424907140868	-1.25890144922	6.18333406677	1.17761045228	-0.732762764464	638
50	0.5	0.75	0.0	5.43510938939	0.659059252142	-1.42696980725	5.64047020544	1.466270019	-0.898479369857	639
50	0.5	1.0	0.0	4.88333668767	0.764609161363	-1.55306996672	5.07619337639	1.61087783784	-1.03663096103	640
50	0.75	0.0	0.0	6.56824997744	-0.259280075007	-0.625223085355	6.78112629353	0.379595855826	-0.0358889452577	641
50	0.75	0.25	0.0	6.39124875888	0.0586617938419	-1.07235721975	6.60163267264	0.738682914898	-0.562435317839	642
50	0.75	0.5	0.0	5.97764378985	0.38100871172	-1.36453316717	6.18287849771	1.10765656262	-0.877991652674	643
50	0.75	0.75	0.0	5.42864576243	0.646746248843	-1.55630874592	5.62956646254	1.41653879219	-1.07025837599	644
50	0.75	1.0	0.0	4.84546536873	0.794859975429	-1.70224177431	5.04639926088	1.5953515968	-1.22693591403	645
50	1.0	0.0	0.0	6.572712464	-0.273678	-0.631009001	6.78390066434	0.36132369582	-0.044475148289	646
50	1.0	0.25	0.0	6.39428583958	-0.0139696483214	-1.12482178085	6.60227149044	0.645789940557	-0.642548423287	647
50	1.0	0.5	0.0	5.97585929421	0.303868533236	-1.44823753443	6.17814913241	1.00121644937	-1.00311284161	648
50	1.0	0.75	0.0	5.41590315749	0.589800406675	-1.6588979543	5.61587167351	1.32500760933	-1.21970975695	649
50	1.0	1.0	0.0	4.812887759	0.753789834	-1.814444733	5.01977719701	1.51456780752	-1.38588052296	650
53	0.0	0.0	0.0	6.572712464	-0.273678	-0.631009001	6.78390066434	0.36132369582	-0.044475148289	651
53	0.0	0.25	0.0	6.39428583958	-0.0139696483214	-1.12482178085	6.60227149044	0.645789940557	-0.642548423287	652
53	0.0	0.5	0.0	5.97585929421	0.303868533236	-1.44823753443	6.17814913241	1.00121644937	-1.00311284161	653
53	0.0	0.75	0.0	5.41590315749	0.589800406675	-1.6588979543	5.61587167351	1.32500760933	-1.21970975695	654
53	0.0	1.0	0.0	4.812887759	0.753789834	-1.814444733	5.01977719701	1.51456780752	-1.38588052296	655
53	0.25	0.0	0.0	6.56550890478	-0.296710726411	-0.635976792491	6.78373880816	0.339235561728	-0.0527392337629	656
53	0.25	0.25	0.0	6.3825037743	-0.159172796776	-1.16078954851	6.59704387724	0.457318428491	-0.705707299404	657
53	0.25	0.5	0.0	5.95464075963	0.0985469997891	-1.51626758898	6.16234311402	0.732526617308	-1.13573610391	658
53	0.25	0.75	0.0	5.38813971289	0.354759237998	-1.74975657744	5.59220384979	1.01909079258	-1.40997732227	659
53	0.25	1.0	0.0	4.78922048623	0.487774492566	-1.90860217742	4.99919341589	1.17124161873	-1.59558262949	660
53	0.5	0.0	0.0	6.5496610745	-0.317581662622	-0.634900552622	6.78338272458	0.320442728621	-0.0589148406567	661
53	0.5	0.25	0.0	6.36312026987	-0.30669473038	-1.1335187409	6.59190392886	0.266617010091	-0.676538287392	662
53	0.5	0.5	0.0	5.93077103879	-0.146388362096	-1.47773049085	6.14944957639	0.421634955692	-1.13227752522	663
53	0.5	0.75	0.0	5.37186573916	0.0419113809825	-1.70641901046	5.58233530287	0.6317751581	-1.45145426501	664
53	0.5	1.0	0.0	4.8056567289	0.136778437607	-1.85846750772	5.016876744	0.74331620999	-1.65939021764	665
53	0.75	0.0	0.0	6.53381324422	-0.337163517771	-0.627599536192	6.783026641	0.302938976574	-0.0588656709895	666
53	0.75	0.25	0.0	6.34546126175	-0.447021512175	-1.06433107874	6.59059052809	0.0957832982728	-0.581517324349	667
53	0.75	0.5	0.0	5.91221274094	-0.391643304183	-1.37654512401	6.14873789446	0.123457109125	-1.02877986994	668
53	0.75	0.75	0.0	5.36449279612	-0.282255886831	-1.59033924124	5.59336627211	0.242652384762	-1.37715679134	669
53	0.75	1.0	0.0	4.83272654162	-0.230086253155	-1.73181099965	5.06037319306	0.310061100819	-1.60315157214	670
53	1.0	0.0	0.0	6.526609685	-0.356329001	-0.613892998	6.78286478482	0.284718085665	-0.0484554267808	671
53	1.0	0.25	0.0	6.33885268542	-0.570639205202	-0.974548282705	6.59684255773	-0.0330850940455	-0.447120347376	672
53	1.0	0.5	0.0	5.90692847535	-0.597923578235	-1.25663037243	6.16947744314	-0.107091277793	-0.861285902454	673
53	1.0	0.75	0.0	5.36343244361	-0.5512552879	-1.46297125769	5.63239699688	-0.0686858485458	-1.22010110743	674
53	1.0	1.0	0.0	4.840959979	-0.543707502	-1.596402929	5.11722877475	-0.0492541892699	-1.45271497771	675
54	0.0	0.0	0.0	6.526609685	-0.356329001	-0.613892998	6.78286478482	0.284718085665	-0.0484554267808	676
54	0.0	0.25	0.0	6.33885268542	-0.570639205202	-0.974548282705	6.59684255773	-0.0330850940455	-0.447120347376	677
54	0.0	0.5	0.0	5.90692847535	-0.597923578235	-1.25663037243	6.16947744314	-0.107091277793	-0.861285902454	678
54	0.0	0.75	0.0	5.36343244361	-0.5512552879	-1.46297125769	5.63239699688	-0.0686858485458	-1.22010110743	679
54	0.0	1.0	0.0	4.840959979	-0.543707502	-1.596402929	5.11722877475	-0.0492541892699	-1.45271497771	680
54	0.25	0.0	0.0	6.52575384813	-0.369242982347	-0.599479870232	6.78841821584	0.26785054508	-0.0269360872617	681
54	0.25	0.25	0.0	6.3444929245	-0.6671881324	-0.890871089164	6.61297026358	-0.122760155342	-0.320666884901	682
54	0.25	0.5	0.0	5.92611208518	-0.786967270094	-1.14201443053	6.20837539197	-0.303444409139	-0.666523870401	683
54	0.25	0.75	0.0	5.39532558042	-0.828205190796	-1.33754396299	5.69386843169	-0.370402354751	-0.982769488769	684
54	0.25	1.0	0.0	4.8768476605	-0.890526689871	-1.46209375522	5.18868421344	-0.419834130614	-1.18766618502	685
54	0.5	0.0	0.0	6.523871007	-0.3785720605	-0.582545652599	6.80063576409	0.249823636606	0.00563179622272	686
54	0.5	0.25	0.0	6.35386724921	-0.752696006947	-0.792113617562	6.63276357392	-0.201508175512	-0.180287338084	687
54	0.5	0.5	0.0	5.96197697363	-0.979532750909	-1.00207126142	6.24601191697	-0.49760117933	-0.431247787218	688
54	0.5	0.75	0.0	5.46299747224	-1.12884972243	-1.18101521178	5.75329395891	-0.684151329523	-0.672456793333	689
54	0.5	1.0	0.0	4.97172603701	-1.27041435154	-1.29754209628	5.26752286536	-0.806854580765	-0.829121598585	690
54	0.75	0.0	0.0	6.52198816588	-0.383949858653	-0.563974758167	6.81285331234	0.235748008131	0.0398363565069	691
54	0.75	0.25	0.0	6.36201333342	-0.80767370979	-0.680490463633	6.64997065756	-0.251264490114	-0.0279622257768	692
54	0.75	0.5	0.0	5.99486325738	-1.11567817702	-0.832698228203	6.27659272528	-0.631027846318	-0.166968655098	693
54	0.75	0.75	0.0	5.52838126206	-1.35081530895	-0.978793166824	5.80430625587	-0.90914013709	-0.316038517765	694
54	0.75	1.0	0.0	5.07041067177	-1.55593715418	-1.07697039444	5.34469798973	-1.09119943904	-0.414027400085	695
54	1.0	0.0	0.0	6.521132329	-0.38501	-0.5446516	6.81840674336	0.230734307547	0.0662657264249	696
54	1.0	0.25	0.0	6.36396885104	-0.812632121876	-0.558216223111	6.65833968337	-0.253964434706	0.134327933165	697
54	1.0	0.5	0.0	6.00511105312	-1.13546170476	-0.629792693994	6.29432352403	-0.645190668054	0.114802523765	698
54	1.0	0.75	0.0	5.55341009289	-1.39172837651	-0.716285990879	5.84053799995	-0.944576141676	0.0596098412922	699
54	1.0	1.0	0.0	5.117717128	-1.619661765	-0.774601092	5.41116284577	-1.15375260475	0.0206702288136	700
57	0.0	0.0	0.0	6.521132329	-0.38501	-0.5446516	6.81840674336	0.230734307547	0.0662657264249	701
57	0.0	0.25	0.0	6.36396885104	-0.812632121876	-0.558216223111	6.65833968337	-0.253964434706	0.134327933165	702
57	0.0	0.5	0.0	6.00511105312	-1.13546170476	-0.629792693994	6.29432352403	-0.645190668054	0.114802523765	703
57	0.0	0.75	0.0	5.55341009289	-1.39172837651	-0.716285990879	5.84053799995	-0.944576141676	0.0596098412922	704
57	0.0	1.0	0.0	5.117717128	-1.619661765	-0.774601092	5.41116284577	-1.15375260475	0.0206702288136	705
57	0.25	0.0	0.0	6.52048862259	-0.381732291189	-0.526259639341	6.81956735492	0.229675431522	0.0882142311483	706
57	0.25	0.25	0.0	6.3559604784	-0.774058730018	-0.458866124377	6.65444498926	-0.211511942802	0.267240568515	707
57	0.25	0.5	0.0	5.98061969267	-1.05519872185	-0.484724343362	6.27912461389	-0.554912922814	0.318257154856	708
57	0.25	0.75	0.0	5.5130876508	-1.27340030564	-0.546422236657	5.81493222631	-0.814069795031	0.30630613946	709
57	0.25	1.0	0.0	5.07198573821	-1.47691152034	-0.586547744624	5.38319382405	-1.00252484597	0.296429671622	710
57	0.5	0.0	0.0	6.5190724685	-0.37453492969	-0.509023992051	6.82212070034	0.227332306383	0.11327427538	711
57	0.5	0.25	0.0	6.34248705641	-0.708586915484	-0.384885629179	6.64465322517	-0.137397498819	0.367061317584	712
57	0.5	0.5	0.0	5.93827581127	-0.921178935227	-0.40629910331	6.23815011719	-0.410180494077	0.448329594995	713
57	0.5	0.75	0.0	5.43726373414	-1.07274565663	-0.486674360545	5.73396786715	-0.606689981773	0.445208045735	714
57	0.5	1.0	0.0	4.9702758261	-1.22372174739	-0.539421346987	5.26346296577	-0.742599264285	0.445825607923	715
57	0.75	0.0	0.0	6.51765631441	-0.363839353346	-0.493711498486	6.82467404577	0.228487396088	0.136411165887	716
57	0.75	0.25	0.0	6.33230330896	-0.619937768003	-0.320985114563	6.63666490591	-0.0401682277171	0.447409317674	717
57	0.75	0.5	0.0	5.90532002759	-0.740889441121	-0.34164095473	6.20241626937	-0.231553190601	0.548560593051	718
57	0.75	0.75	0.0	5.37360763144	-0.805623576698	-0.441803739743	5.65988386945	-0.359816348553	0.549266904667	719
57	0.75	1.0	0.0	4.87406728169	-0.893069378736	-0.507598190357	5.14702343944	-0.439106557561	0.558930165172	720
57	1.0	0.0	0.0	6.517012608	-0.350067	-0.481088999	6.82583465733	0.237923164598	0.152590209437	721
57	1.0	0.25	0.0	6.33416395991	-0.511832377307	-0.251874957572	6.6381805463	0.0716287455438	0.521903706091	722
57	1.0	0.5	0.0	5.90899296027	-0.521817335756	-0.237873878513	6.20293930585	-0.0395908211433	0.662490897887	723
57	1.0	0.75	0.0	5.36978863123	-0.487893213078	-0.316571751447	5.65491918019	-0.110828542024	0.691434060806	724
57	1.0	1.0	0.0	4.844839995	-0.517931347	-0.365454566	5.12892841354	-0.157177423657	0.725815470823	725
58	0.0	0.0	0.0	6.517012608	-0.350067	-0.481088999	6.82583465733	0.237923164598	0.152590209437	726
58	0.0	0.25	0.0	6.33416395991	-0.511832377307	-0.251874957572	6.6381805463	0.0716287455438	0.521903706091	727
58	0.0	0.5	0.0	5.90899296027	-0.521817335756	-0.237873878513	6.20293930585	-0.0395908211433	0.662490897887	728
58	0.0	0.75	0.0	5.36978863123	-0.487893213078	-0.316571751447	5.65491918019	-0.110828542024	0.691434060806	729
58	0.0	1.0	0.0	4.844839995	-0.517931347	-0.365454566	5.12892841354	-0.157177423657	0.725815470823	730
58	0.25	0.0	0.0	6.51897359066	-0.333726043788	-0.471780414133	6.82171622896	0.263187293929	0.165474617016	731
58	0.25	0.25	0.0	6.33878651091	-0.418637154232	-0.178718908415	6.63730255257	0.166469249155	0.594591799981	732
58	0.25	0.5	0.0	5.91814203345	-0.369641421862	-0.107130343624	6.20953612487	0.0995971321319	0.794522184462	733
58	0.25	0.75	0.0	5.37834435201	-0.288737537928	-0.138095018055	5.66805789914	0.0555456808684	0.872978400631	734
58	0.25	1.0	0.0	4.84069766032	-0.277924193679	-0.152693229998	5.14250882865	0.0272896333734	0.937673078663	735
58	0.5	0.0	0.0	6.5232877525	-0.315961495675	-0.466328050957	6.81265568655	0.300582822904	0.178793790159	736
58	0.5	0.25	0.0	6.33796476822	-0.339741779556	-0.111815590267	6.625854603	0.248076449331	0.660785747557	737
58	0.5	0.5	0.0	5.90646474634	-0.277565101426	0.0222330912823	6.19240412325	0.211211402373	0.9302940458	738
58	0.5	0.75	0.0	5.35364859599	-0.190134631304	0.0437732766939	5.64089091632	0.193905440806	1.06949974501	739
58	0.5	1.0	0.0	4.80437722628	-0.138153539213	0.0607602489703	5.09990165122	0.200076323405	1.16058390531	740
58	0.75	0.0	0.0	6.52760191434	-0.297437199474	-0.464858412052	6.80359514414	0.338738099967	0.18813023903	741
58	0.75	0.25	0.0	6.33669849504	-0.252399899435	-0.0627764214045	6.6127162375	0.34459030643	0.708904645174	742
58	0.75	0.5	0.0	5.89315393116	-0.174548999058	0.129825529616	6.16882829593	0.351754767768	1.03972316907	743
58	0.75	0.75	0.0	5.32546823043	-0.0837146602436	0.200711894303	5.59980595363	0.37172192809	1.23195367055	744
58	0.75	1.0	0.0	4.7621414006	0.000272955109945	0.237647125953	5.03352384476	0.415982231507	1.33696400945	745
58	1.0	0.0	0.0	6.529562897	-0.278816999	-0.467498	6.79947671577	0.36628147356	0.189066473794	746
58	1.0	0.25	0.0	6.33998745456	-0.13386516002	-0.0432128201019	6.60676699599	0.484150780814	0.727367589186	747
58	1.0	0.5	0.0	5.8974024201	0.0104462606289	0.195256074784	6.15609363788	0.577730006507	1.09272624144	748
58	1.0	0.75	0.0	5.32357012259	0.138892208214	0.304399596278	5.57119073297	0.656466333023	1.31129575386	749
58	1.0	1.0	0.0	4.740252891	0.236247628	0.340708656	4.97579237277	0.729806942748	1.40922944976	750
61	0.0	0.0	0.0	6.529562897	-0.278816999	-0.467498	6.79947671577	0.36628147356	0.189066473794	751
61	0.0	0.25	0.0	6.33998745456	-0.13386516002	-0.0432128201019	6.60676699599	0.484150780814	0.727367589186	752
61	0.0	0.5	0.0	5.8974024201	0.0104462606289	0.195256074784	6.15609363788	0.577730006507	1.09272624144	753
61	0.0	0.75	0.0	5.32357012259	0.138892208214	0.304399596278	5.57119073297	0.656466333023	1.31129575386	754
61	0.0	1.0	0.0	4.740252891	0.236247628	0.340708656	4.97579237277	0.729806942748	1.40922944976	755
61	0.25	0.0	0.0	6.53048733606	-0.266751074881	-0.47157782637	6.79639304759	0.378995629972	0.177898531124	756
61	0.25	0.25	0.0	6.34439604296	-0.0523728239012	-0.0615789129058	6.60509340211	0.58436855751	0.703566464663	757
61	0.25	0.5	0.0	5.90928673665	0.142551193858	0.177944195793	6.15693021591	0.744345131883	1.06126792543	758
61	0.25	0.75	0.0	5.34242055109	0.298143973204	0.291122352413	5.57302138883	0.863264225754	1.27293923194	759
61	0.25	1.0	0.0	4.76105862023	0.394528508945	0.322086409643	4.97448482074	0.945464711785	1.36051670269	760
61	0.5	0.0	0.0	6.532521102	-0.255493331012	-0.477371929351	6.7896089776	0.391679484883	0.156510572285	761
61	0.5	0.25	0.0	6.34876508267	0.0140614828672	-0.107000290619	6.60091546372	0.668561748686	0.64538531349	762
61	0.5	0.5	0.0	5.92112497733	0.240845188101	0.102995693784	6.15981615738	0.888158547416	0.970518585583	763
61	0.5	0.75	0.0	5.36848597188	0.409065860843	0.198934107254	5.58722616844	1.04465059062	1.15926748391	764
61	0.5	1.0	0.0	4.8097332522	0.502931577249	0.227133033186	5.00406060681	1.13221858785	1.23898910384	765
61	0.75	0.0	0.0	6.53455486794	-0.245219921888	-0.484772317407	6.78282490762	0.403379005051	0.133516328371	766
61	0.75	0.25	0.0	6.35303814887	0.0738706722924	-0.166247043532	6.59656779776	0.744840745411	0.57078491345	767
61	0.75	0.5	0.0	5.9327940864	0.329243097066	0.00229490467567	6.16243271427	1.01957674178	0.851917225661	768
61	0.75	0.75	0.0	5.39484970723	0.507340462004	0.0724410362903	5.60194191089	1.21005257157	1.01132543139	769
61	0.75	1.0	0.0	4.86023203806	0.594605876679	0.0957788603854	5.03661764132	1.29873381218	1.08342169703	770
61	1.0	0.0	0.0	6.535479307	-0.236107002	-0.493670999	6.77974123944	0.413140157231	0.117529530478	771
61	1.0	0.25	0.0	6.35715881673	0.135487656382	-0.226089261938	6.59438502115	0.821315938749	0.497726042323	772
61	1.0	0.5	0.0	5.9441710081	0.431659774461	-0.0922738356156	6.16246113858	1.14900620365	0.73690284944	773
61	1.0	0.75	0.0	5.41459507942	0.62865036756	-0.0437506849857	5.60530545524	1.36889731254	0.870157995986	774
61	1.0	1.0	0.0	4.886510229	0.702700451	-0.032045775	5.04425383464	1.45367562604	0.932589526116	775
62	0.0	0.0	0.0	6.535479307	-0.236107002	-0.493670999	6.77974123944	0.413140157231	0.117529530478	776
62	0.0	0.25	0.0	6.35715881673	0.135487656382	-0.226089261938	6.59438502115	0.821315938749	0.497726042323	777
62	0.0	0.5	0.0	5.9441710081	0.431659774461	-0.0922738356156	6.16246113858	1.14900620365	0.73690284944	778
62	0.0	0.75	0.0	5.41459507942	0.62865036756	-0.0437506849857	5.60530545524	1.36889731254	0.870157995986	779
62	0.0	1.0	0.0	4.886510229	0.702700451	-0.032045775	5.04425383464	1.45367562604	0.932589526116	780
62	0.25	0.0	0.0	6.53624340778	-0.228076011564	-0.504383200983	6.77507938825	0.424089816458	0.10894662751	781
62	0.25	0.25	0.0	6.36250388654	0.194869899028	-0.287212622036	6.591722261	0.896666543052	0.424087259123	782
62	0.25	0.5	0.0	5.95776909166	0.531671994529	-0.179983827592	6.16288497108	1.26794912265	0.624359824952	783
62	0.25	0.75	0.0	5.4314051126	0.749501785299	-0.145159922369	5.60505909241	1.50912267524	0.736608705145	784
62	0.25	1.0	0.0	4.89277803882	0.815530781697	-0.145204011085	5.03473619889	1.59137232086	0.787678279849	785
62	0.5	0.0	0.0	6.5379244295	-0.221840367662	-0.516177410807	6.76482331562	0.436746531699	0.101836875522	786
62	0.5	0.25	0.0	6.36933722971	0.241685334498	-0.355793708606	6.58610520681	0.960337828226	0.338772502365	787
62	0.5	0.5	0.0	5.97395207532	0.606409146338	-0.281235786722	6.16579456339	1.36621990616	0.49117312112	788
62	0.5	0.75	0.0	5.45091101361	0.840293604461	-0.263248947933	5.61123428977	1.62699639117	0.576484198837	789
62	0.5	1.0	0.0	4.89935609188	0.911301245467	-0.272578495014	5.02976729034	1.71527090894	0.612151202565	790
62	0.75	0.0	0.0	6.53960545122	-0.217511290929	-0.528796664977	6.75456724299	0.447496679772	0.0939020791861	791
62	0.75	0.25	0.0	6.37490887026	0.273086600906	-0.429568557739	6.58020687605	1.00679300817	0.244380761576	792
62	0.75	0.5	0.0	5.98652465598	0.652520690923	-0.389319155253	6.16805079047	1.43538373586	0.346211716429	793
62	0.75	0.75	0.0	5.4655216597	0.895210758873	-0.388001360118	5.61699706759	1.71040989838	0.404087537329	794
62	0.75	1.0	0.0	4.90296873275	0.975576584504	-0.405568074935	5.02594378875	1.80901253129	0.42270081786	795
62	1.0	0.0	0.0	6.540369552	-0.215200002	-0.541984	6.7499053918	0.452726637491	0.0828440431789	796
62	1.0	0.25	0.0	6.3764688322	0.286226336365	-0.506273205527	6.57670028623	1.0304952968	0.143511026285	797
62	1.0	0.5	0.0	5.98929153054	0.666656089319	-0.49752337543	6.1665145273	1.4670057934	0.198344589364	798
62	1.0	0.75	0.0	5.46764592811	0.908438182364	-0.509400757368	5.61551344614	1.74725463489	0.233721780889	799
62	1.0	1.0	0.0	4.900340306	0.993921541	-0.535571599	5.0198623739	1.8562383289	0.236019649331	800
